--------------------
"Run name","output_runCNN_ADDtrs"
--------------------
"Average P@20 = ",.7833
"Average CR@20 = ",.4078
"Average F1@20 = ",.5265
--------------------
"Query Id ","Location name",P@5,P@10,P@20,P@30,P@40,P@50,CR@5,CR@10,CR@20,CR@30,CR@40,CR@50,F1@5,F1@10,F1@20,F1@30,F1@40,F1@50
1,"angel_of_the_north",1.0,1.0,1.0,1.0,1.0,1.0,.2,.28,.48,.52,.64,.64,.3333,.4375,.6486,.6842,.7805,.7805
2,"big_ben",1.0,1.0,.95,.9,.85,.84,.1818,.2727,.4091,.6364,.6818,.6818,.3077,.4286,.5719,.7456,.7567,.7527
3,"hearst_castle",1.0,1.0,.95,.9667,.95,.9,.2083,.3333,.5417,.7083,.7083,.7917,.3448,.5,.6899,.8176,.8116,.8424
4,"la_madeleine",.2,.1,.05,.3,.375,.48,.0714,.0714,.0714,.3571,.5714,.8571,.1053,.0833,.0588,.3261,.4528,.6154
5,"pont_alexandre_iii",1.0,1.0,.95,.9667,.975,.98,.2,.36,.44,.48,.52,.68,.3333,.5294,.6014,.6415,.6783,.8029
6,"neues_museum",.2,.4,.4,.4667,.6,.58,.04,.16,.28,.4,.52,.68,.0667,.2286,.3294,.4308,.5571,.626
7,"montezuma_castle",.6,.5,.55,.6,.6,.62,.25,.3333,.5833,.5833,.6667,.6667,.3529,.4,.5662,.5915,.6316,.6425
8,"cn_tower",1.0,1.0,.75,.7,.65,.66,.1667,.3333,.4167,.5417,.625,.6667,.2857,.5,.5357,.6107,.6373,.6633
9,"acropolis_athens",.4,.7,.85,.8333,.875,.84,.0952,.2381,.4286,.4762,.5714,.6667,.1538,.3553,.5698,.6061,.6914,.7434
10,"agra_fort",.8,.8,.9,.8667,.85,.88,.16,.24,.52,.64,.72,.76,.2667,.3692,.6592,.7363,.7796,.8156
11,"albert_memorial",.6,.6,.65,.7333,.75,.76,.0909,.1364,.4091,.5909,.6818,.7727,.1579,.2222,.5021,.6545,.7143,.7663
12,"altes_museum",.8,.6,.8,.7,.725,.76,.125,.2083,.4583,.5417,.6667,.75,.2162,.3093,.5828,.6107,.6946,.755
13,"amiens_cathedral",1.0,1.0,.95,.9333,.925,.94,.2,.28,.52,.68,.76,.84,.3333,.4375,.6721,.7868,.8344,.8872
14,"angkor_wat",.4,.6,.65,.6667,.7,.74,.08,.2,.32,.48,.56,.64,.1333,.3,.4289,.5581,.6222,.6864
15,"ara_pacis",.8,.7,.65,.7,.675,.66,.1818,.2273,.4091,.5,.7273,.7727,.2963,.3431,.5021,.5833,.7002,.7119
16,"arc_de_triomphe",1.0,.9,.85,.8,.8,.78,.1667,.2917,.5417,.5417,.625,.75,.2857,.4406,.6617,.646,.7018,.7647
17,"aztec_ruins",.0,.1,.15,.2667,.3,.28,.0,.04,.12,.24,.28,.32,.0,.0571,.1333,.2526,.2897,.2987
18,"berlin_cathedral",1.0,1.0,1.0,1.0,.975,.96,.2,.4,.52,.64,.72,.72,.3333,.5714,.6842,.7805,.8283,.8229
19,"bok_tower_gardens",1.0,.9,.9,.9333,.925,.92,.2,.36,.44,.6,.72,.8,.3333,.5143,.591,.7304,.8097,.8558
20,"brandenburg_gate",1.0,1.0,.95,.9667,.95,.9,.08,.28,.44,.56,.56,.6,.1481,.4375,.6014,.7092,.7046,.72
21,"cabrillo",.0,.1,.05,.0667,.05,.08,.0,.0769,.0769,.1538,.1538,.3077,.0,.087,.0606,.093,.0755,.127
22,"casa_batllo",1.0,1.0,1.0,1.0,1.0,1.0,.16,.24,.52,.64,.8,.88,.2759,.3871,.6842,.7805,.8889,.9362
23,"casa_rosada",1.0,1.0,1.0,1.0,.925,.88,.2,.32,.44,.64,.68,.76,.3333,.4848,.6111,.7805,.7838,.8156
24,"castillo_de_san_marcos",.6,.7,.65,.7,.725,.72,.12,.28,.36,.48,.56,.64,.2,.4,.4634,.5695,.6319,.6776
25,"chartres_cathedral",1.0,1.0,1.0,.9333,.95,.96,.12,.28,.56,.68,.76,.8,.2143,.4375,.7179,.7868,.8444,.8727
26,"chichen_itza",.8,.7,.8,.8667,.9,.9,.16,.24,.48,.56,.64,.76,.2667,.3574,.6,.6804,.7481,.8241
27,"christ_the_redeemer_rio",.4,.6,.75,.6333,.55,.52,.087,.1304,.3043,.3043,.4348,.4783,.1429,.2143,.433,.4111,.4857,.4983
28,"civic_center_san_francisco",.6,.7,.7,.6667,.675,.66,.12,.24,.4,.52,.6,.68,.2,.3574,.5091,.5843,.6353,.6699
29,"cologne_cathedral",1.0,1.0,1.0,1.0,.95,.96,.16,.32,.48,.6,.68,.72,.2759,.4848,.6486,.75,.7926,.8229
30,"colosseum",1.0,1.0,.95,.9667,.975,.98,.16,.28,.4,.48,.56,.64,.2759,.4375,.563,.6415,.7114,.7743
31,"doge_s_palace",.8,.9,.9,.8,.85,.86,.08,.28,.36,.4,.44,.44,.1455,.4271,.5143,.5333,.5798,.5822
32,"eiffel_tower",1.0,1.0,1.0,1.0,1.0,1.0,.2,.28,.36,.44,.52,.56,.3333,.4375,.5294,.6111,.6842,.7179
33,"golden_gate_bridge",.8,.7,.75,.7667,.75,.8,.1304,.2174,.4348,.4348,.5217,.6087,.2243,.3318,.5505,.5549,.6154,.6914
34,"grand_palais",1.0,1.0,.95,.9333,.95,.92,.1364,.2727,.3636,.5,.5909,.5909,.24,.4286,.526,.6512,.7286,.7196
35,"guggenheim_museum_bilbao",1.0,1.0,1.0,1.0,.975,.98,.12,.24,.28,.44,.6,.68,.2143,.3871,.4375,.6111,.7429,.8029
36,"hagia_sophia_istanbul",1.0,1.0,1.0,1.0,1.0,.96,.12,.24,.36,.44,.56,.6,.2143,.3871,.5294,.6111,.7179,.7385
37,"hoover_dam",1.0,1.0,.95,.9667,.95,.96,.16,.2,.36,.6,.6,.64,.2759,.3333,.5221,.7404,.7355,.768
38,"humayun_tomb",.6,.7,.75,.8,.825,.8,.12,.24,.48,.64,.76,.8,.2,.3574,.5854,.7111,.7912,.8
39,"iguazu_falls",.8,.9,.85,.8333,.8,.8,.16,.28,.4,.52,.56,.64,.2667,.4271,.544,.6404,.6588,.7111
40,"iolani_palace",.8,.9,.95,.9333,.75,.66,.12,.24,.36,.56,.6,.68,.2087,.3789,.5221,.7,.6667,.6699
41,"la_mezquita",.6,.7,.65,.6,.6,.54,.125,.2083,.25,.3333,.4583,.5,.2069,.3211,.3611,.4286,.5197,.5192
42,"la_rambla_barcelona",.8,.9,.8,.8667,.85,.88,.12,.16,.32,.44,.6,.64,.2087,.2717,.4571,.5837,.7034,.7411
43,"la_sainte_chapelle",.8,.9,.9,.9,.925,.92,.16,.36,.52,.64,.68,.76,.2667,.5143,.6592,.7481,.7838,.8324
44,"liberty_memorial",.6,.7,.85,.7667,.775,.78,.08,.16,.28,.44,.52,.6,.1412,.2605,.4212,.5591,.6224,.6783
45,"lincoln_home",1.0,.9,.9,.8,.725,.74,.2222,.3889,.5556,.6111,.6667,.7222,.3636,.5431,.687,.6929,.6946,.731
46,"machu_picchu",1.0,.9,.8,.7667,.8,.78,.16,.28,.32,.48,.56,.64,.2759,.4271,.4571,.5904,.6588,.7031
47,"marble_arch_london",.4,.5,.55,.5667,.475,.38,.1667,.4167,.5833,.6667,.75,.75,.2353,.4545,.5662,.6126,.5816,.5044
48,"milan_cathedral",1.0,1.0,.95,.9333,.9,.92,.2,.32,.4,.52,.64,.72,.3333,.4848,.563,.6679,.7481,.8078
49,"mole_antonelliana",.6,.8,.85,.9,.8,.7,.12,.2,.24,.32,.44,.52,.2,.32,.3743,.4721,.5677,.5967
50,"mont_saint_michel",.8,.9,.95,.9667,.975,.96,.16,.28,.4,.48,.52,.64,.2667,.4271,.563,.6415,.6783,.768
51,"moulin_rouge",.0,.0,.0,.0,.0,.02,.0,.0,.0,.0,.0,.125,.0,.0,.0,.0,.0,.0345
52,"nelson_s_column",1.0,1.0,.95,.9667,.925,.92,.2083,.2917,.4583,.5833,.625,.625,.3448,.4516,.6183,.7276,.746,.7443
53,"notre_dame_de_paris",.6,.8,.85,.9,.925,.9,.12,.32,.36,.52,.6,.68,.2,.4571,.5058,.6592,.7279,.7747
54,"obelisco",.2,.1,.15,.1667,.125,.14,.0909,.0909,.2727,.3636,.3636,.5455,.125,.0952,.1935,.2286,.186,.2228
55,"piccadilly_circus",1.0,.8,.8,.8,.725,.76,.1739,.2609,.3913,.4783,.5217,.6522,.2963,.3934,.5255,.5986,.6068,.702
56,"place_de_la_concorde",1.0,1.0,1.0,1.0,1.0,1.0,.2,.28,.4,.52,.68,.68,.3333,.4375,.5714,.6842,.8095,.8095
57,"place_de_la_republique",.0,.3,.25,.2667,.3,.24,.0,.375,.375,.625,.75,.75,.0,.3333,.3,.3738,.4286,.3636
58,"place_des_vosges",.6,.8,.65,.7667,.825,.86,.08,.2,.24,.4,.56,.68,.1412,.32,.3506,.5257,.6671,.7595
59,"pont_du_gard",.8,.8,.9,.8,.75,.7,.16,.24,.44,.52,.56,.64,.2667,.3692,.591,.6303,.6412,.6687
60,"pont_neuf",.4,.4,.65,.7,.725,.66,.04,.08,.44,.52,.64,.64,.0727,.1333,.5248,.5967,.6799,.6498
61,"ponte_vecchio",.8,.9,.9,.8667,.9,.88,.125,.2917,.4583,.5417,.5833,.5833,.2162,.4406,.6074,.6667,.7079,.7016
62,"puerta_de_alcala",.4,.6,.6,.6,.575,.54,.1053,.3158,.4737,.6842,.7368,.7368,.1667,.4138,.5294,.6393,.6459,.6232
63,"puerta_del_sol",.6,.8,.5,.4667,.425,.44,.15,.25,.3,.45,.5,.55,.24,.381,.375,.4582,.4595,.4889
64,"red_fort",1.0,1.0,1.0,1.0,1.0,1.0,.2,.36,.52,.6,.64,.68,.3333,.5294,.6842,.75,.7805,.8095
65,"reims_cathedral",1.0,1.0,1.0,.9667,.975,.94,.16,.32,.48,.48,.56,.6,.2759,.4848,.6486,.6415,.7114,.7325
66,"rialto_bridge",.4,.6,.8,.7667,.675,.7,.125,.25,.3125,.4375,.5625,.6875,.1905,.3529,.4494,.5571,.6136,.6937
67,"roman_forum_rome",.8,.8,.75,.7,.725,.74,.12,.2,.4,.52,.6,.72,.2087,.32,.5217,.5967,.6566,.7299
68,"sacre_coeur",.6,.6,.6,.6333,.6,.58,.125,.2083,.2917,.375,.4583,.5,.2069,.3093,.3925,.4711,.5197,.537
69,"sagrada_familia",.6,.8,.8,.8333,.875,.9,.12,.24,.36,.4,.52,.6,.2,.3692,.4966,.5405,.6523,.72
70,"santa_maria_novella",.8,.6,.5,.4667,.45,.46,.16,.2,.28,.4,.48,.48,.2667,.3,.359,.4308,.4645,.4698
71,"schonbrunn_palace",1.0,1.0,1.0,1.0,.975,.98,.16,.28,.48,.56,.56,.6,.2759,.4375,.6486,.7179,.7114,.7443
72,"seville_cathedral",.6,.7,.8,.8667,.9,.9,.12,.24,.44,.56,.64,.68,.2,.3574,.5677,.6804,.7481,.7747
73,"spanish_steps",.8,.9,.8,.7,.7,.7,.1364,.2273,.4091,.5,.6818,.7273,.233,.3629,.5414,.5833,.6908,.7134
74,"st__basil_cathedral",.8,.9,.95,.8667,.85,.86,.16,.28,.48,.56,.6,.6,.2667,.4271,.6378,.6804,.7034,.7068
75,"statue_of_liberty",1.0,1.0,.95,.9,.85,.8,.12,.24,.32,.44,.52,.56,.2143,.3871,.4787,.591,.6453,.6588
76,"stonehenge",.6,.6,.55,.5333,.55,.58,.1053,.2105,.3158,.3684,.5263,.5789,.1791,.3117,.4012,.4358,.5379,.5795
77,"summer_palace_beijing",1.0,.9,.95,.9333,.95,.96,.2,.2,.36,.4,.52,.6,.3333,.3273,.5221,.56,.6721,.7385
78,"sydney_opera_house",1.0,1.0,1.0,.9667,.975,.92,.2,.24,.36,.44,.48,.52,.3333,.3871,.5294,.6047,.6433,.6644
79,"teotihuacan",.6,.6,.7,.7,.65,.68,.12,.24,.48,.48,.52,.6,.2,.3429,.5695,.5695,.5778,.6375
80,"terracotta_army",.8,.7,.6,.6667,.6,.62,.2,.3,.45,.7,.7,.8,.32,.42,.5143,.6829,.6462,.6986
81,"the_blue_mosque",.8,.9,.9,.9333,.95,.94,.16,.24,.36,.6,.64,.68,.2667,.3789,.5143,.7304,.7648,.7891
82,"the_henry_ford",1.0,1.0,.9,.7667,.675,.64,.16,.24,.4,.48,.52,.52,.2759,.3871,.5538,.5904,.5874,.5738
83,"taj_mahal",1.0,.9,.85,.8667,.9,.92,.16,.32,.44,.52,.56,.64,.2759,.4721,.5798,.65,.6904,.7549
84,"tour_montparnasse",.6,.6,.5,.4667,.425,.48,.15,.25,.3,.35,.4,.55,.24,.3529,.375,.4,.4121,.5126
85,"tower_bridge_london",.8,.6,.65,.6333,.625,.6,.08,.12,.28,.48,.52,.56,.1455,.2,.3914,.5461,.5677,.5793
86,"trafalgar_square",.8,.6,.6,.5667,.575,.54,.1364,.1818,.3182,.4545,.5455,.5455,.233,.2791,.4158,.5045,.5598,.5427
87,"leaning_tower_of_pisa",.4,.3,.5,.4667,.55,.56,.08,.08,.24,.28,.44,.48,.1333,.1263,.3243,.35,.4889,.5169
88,"hermitage_museum_saint_petersburg",.8,.8,.85,.8333,.8,.84,.16,.24,.4,.44,.6,.68,.2667,.3692,.544,.5759,.6857,.7516
89,"jantar_mantar_jaipur",.8,.8,.85,.8333,.825,.82,.16,.28,.56,.68,.72,.76,.2667,.4148,.6752,.7489,.7689,.7889
90,"lake_titicaca_peru",.8,.6,.55,.6333,.65,.66,.125,.2083,.375,.5417,.625,.6667,.2162,.3093,.4459,.5839,.6373,.6633
91,"the_great_wall_of_china",.8,.8,.9,.8667,.875,.88,.12,.24,.44,.52,.6,.72,.2087,.3692,.591,.65,.7119,.792
92,"grande_arche_paris",.4,.6,.65,.6,.55,.64,.08,.16,.28,.36,.36,.4,.1333,.2526,.3914,.45,.4352,.4923
93,"el_angel_mexico",.8,.8,.7,.5333,.6,.6,.1429,.3333,.5714,.619,.8095,.8095,.2424,.4706,.6292,.573,.6892,.6892
94,"bibliotheque_nationale_de_france",.8,.7,.8,.7667,.8,.8,.16,.28,.44,.52,.6,.68,.2667,.4,.5677,.6197,.6857,.7351
95,"kronborg_castle",.8,.8,.7,.7333,.75,.78,.1667,.25,.4167,.5417,.5833,.6667,.2759,.381,.5224,.6231,.6562,.7189
96,"ajanta_caves",.8,.9,.9,.9,.9,.9,.1364,.3182,.5455,.6818,.7273,.7273,.233,.4701,.6792,.7759,.8045,.8045
97,"atomium",.8,.9,.95,.9667,.975,.96,.1429,.2857,.4286,.4286,.4762,.4762,.2424,.4337,.5907,.5939,.6399,.6366
98,"ellora_caves",.8,.9,.95,.9667,.95,.96,.1364,.3182,.4545,.4545,.5455,.5455,.233,.4701,.6149,.6183,.693,.6957
99,"potala_palace",1.0,1.0,.85,.8667,.9,.84,.0556,.2778,.3889,.5556,.6667,.6667,.1053,.4348,.5336,.6771,.766,.7434
100,"jokhang",.8,.8,.85,.8,.8,.8,.16,.24,.44,.52,.68,.76,.2667,.3692,.5798,.6303,.7351,.7795
101,"rila_monastery",.6,.7,.8,.8,.85,.84,.12,.28,.32,.4,.4,.48,.2,.4,.4571,.5333,.544,.6109
102,"louvre_pyramid",.8,.9,.9,.9,.9,.92,.1111,.3333,.4444,.4444,.6111,.7222,.1951,.4865,.595,.595,.7279,.8092
103,"brooklyn_bridge",.8,.9,.9,.8667,.825,.84,.0952,.1905,.381,.4286,.4286,.4762,.1702,.3144,.5353,.5735,.5641,.6078
104,"tower_of_london",.8,.6,.65,.6333,.65,.68,.0435,.1304,.2609,.3478,.3913,.6087,.0825,.2143,.3723,.449,.4885,.6424
105,"british_museum_london",1.0,1.0,.95,.9,.925,.92,.15,.15,.35,.45,.55,.6,.2609,.2609,.5115,.6,.6898,.7263
106,"buckingham_palace",.4,.5,.6,.4333,.425,.42,.1,.2,.25,.25,.35,.4,.16,.2857,.3529,.3171,.3839,.4098
107,"charles_bridge_prague",.6,.7,.65,.6667,.675,.62,.125,.2083,.2917,.375,.4583,.4583,.2069,.3211,.4027,.48,.546,.527
108,"champs_elysees_paris",.8,.5,.65,.6333,.6,.62,.2,.2667,.4,.5333,.6,.6667,.32,.3478,.4952,.579,.6,.6425
109,"chrysler_building",1.0,1.0,1.0,1.0,1.0,.98,.2143,.3571,.5,.7143,.7857,.7857,.3529,.5263,.6667,.8333,.88,.8722
110,"moma_new_york",.6,.7,.8,.8333,.825,.82,.1053,.2105,.4211,.4737,.5263,.5263,.1791,.3237,.5517,.604,.6426,.6411
111,"grand_central_terminal",1.0,1.0,1.0,.9667,.975,.98,.1429,.1429,.2857,.2857,.4762,.5238,.25,.25,.4444,.4411,.6399,.6827
112,"houses_of_parliament",1.0,1.0,.95,.9667,.925,.92,.1304,.2174,.3043,.3913,.4348,.5217,.2308,.3571,.461,.5571,.5915,.6659
113,"alexanderplatz_berlin",.2,.4,.5,.6333,.6,.62,.04,.12,.36,.44,.48,.6,.0667,.1846,.4186,.5193,.5333,.6098
114,"centre_pompidou",.8,.7,.65,.6667,.65,.66,.1667,.2778,.3889,.5556,.6111,.6111,.2759,.3977,.4866,.6061,.63,.6346
115,"sydney_harbour_bridge",1.0,1.0,1.0,1.0,1.0,1.0,.25,.375,.5,.625,.6875,.6875,.4,.5455,.6667,.7692,.8148,.8148
116,"pier_39",.6,.7,.85,.8667,.9,.88,.1429,.2857,.2857,.5238,.5714,.6667,.2308,.4058,.4277,.653,.699,.7586
117,"coit_tower",.2,.5,.6,.6,.55,.56,.0667,.3333,.4,.5333,.6,.6667,.1,.4,.48,.5647,.5739,.6087
118,"st_paul_s_cathedral_london",1.0,1.0,.95,.8333,.775,.76,.2353,.4118,.5882,.6471,.7059,.7059,.381,.5833,.7266,.7285,.7388,.7319
119,"cloud_gate",.8,.6,.8,.7333,.55,.58,.25,.3333,.4167,.4167,.4167,.4167,.381,.4286,.5479,.5314,.4741,.4849
120,"musee_d_orsay",.8,.9,.95,.9,.9,.92,.0952,.1905,.5238,.6667,.7143,.7619,.1702,.3144,.6753,.766,.7965,.8335
121,"pike_place_market",1.0,1.0,.9,.9,.875,.84,.1905,.2857,.381,.5714,.5714,.619,.32,.4444,.5353,.699,.6914,.7128
122,"royal_palace_madrid",1.0,.7,.75,.8333,.825,.86,.1364,.2273,.4091,.5909,.6364,.7273,.24,.3431,.5294,.6915,.7185,.7881
123,"sony_center_berlin",.8,.9,.95,.9,.925,.92,.0952,.2381,.3333,.3333,.4286,.4762,.1702,.3766,.4935,.4865,.5858,.6276
124,"red_square_moscow",.6,.8,.7,.6333,.7,.7,.0952,.2857,.4286,.5238,.619,.7143,.1644,.4211,.5316,.5734,.657,.7071
125,"prague_castle",1.0,1.0,.8,.8667,.875,.86,.16,.36,.48,.64,.72,.72,.2759,.5294,.6,.7363,.79,.7838
126,"musee_du_louvre",1.0,1.0,1.0,1.0,1.0,.98,.16,.32,.52,.64,.76,.76,.2759,.4848,.6842,.7805,.8636,.8561
127,"millennium_bridge_london",.6,.6,.75,.8,.8,.82,.12,.2,.36,.56,.6,.64,.2,.3,.4865,.6588,.6857,.7189
128,"casa_mila",1.0,.9,.9,.9333,.95,.94,.2,.32,.44,.56,.6,.68,.3333,.4721,.591,.7,.7355,.7891
129,"national_gallery_london",1.0,.9,.8,.7333,.675,.7,.2273,.3182,.5,.5455,.5455,.5909,.3704,.4701,.6154,.6256,.6034,.6408
130,"national_mall",.8,.9,.75,.7667,.725,.7,.16,.28,.4,.52,.64,.64,.2667,.4271,.5217,.6197,.6799,.6687
131,"london_city_hall",1.0,1.0,.95,.9667,.875,.86,.25,.4,.6,.65,.75,.8,.4,.5714,.7355,.7773,.8077,.8289
132,"holocaust_memorial",.6,.7,.75,.7667,.675,.6,.0625,.3125,.5625,.5625,.625,.625,.1132,.4321,.6429,.6489,.649,.6122
133,"columbus_circle",.8,.9,.7,.6,.6,.58,.16,.36,.4,.48,.6,.68,.2667,.5143,.5091,.5333,.6,.626
134,"siegessaeule",1.0,1.0,.75,.7667,.75,.74,.2,.28,.4,.52,.68,.76,.3333,.4375,.5217,.6197,.7133,.7499
135,"jardin_du_luxembourg",1.0,1.0,1.0,1.0,1.0,1.0,.16,.24,.44,.56,.64,.8,.2759,.3871,.6111,.7179,.7805,.8889
136,"merlion_singapore",.0,.2,.3,.3667,.425,.4,.0,.0909,.2273,.3182,.4091,.4545,.0,.125,.2586,.3407,.4169,.4255
137,"harrods_london",1.0,.9,.9,.9,.85,.86,.2,.32,.48,.6,.72,.72,.3333,.4721,.6261,.72,.7796,.7838
138,"metropolitan_museum_of_art_new_york",1.0,.9,.95,.9667,.975,.98,.16,.32,.48,.52,.64,.64,.2759,.4721,.6378,.6762,.7728,.7743
139,"new_york_stock_exchange",1.0,.9,.65,.6,.625,.58,.2,.3,.35,.5,.55,.6,.3333,.45,.455,.5455,.5851,.5898
140,"stephansdom_vienna",1.0,1.0,.95,.9667,.95,.96,.16,.36,.52,.64,.68,.72,.2759,.5294,.6721,.7701,.7926,.8229
141,"hms_belfast",1.0,.8,.9,.9333,.95,.94,.16,.24,.44,.56,.68,.72,.2759,.3692,.591,.7,.7926,.8154
142,"leicester_square",.8,.8,.8,.7,.725,.74,.16,.28,.36,.4,.56,.6,.2667,.4148,.4966,.5091,.6319,.6627
143,"ciudad_de_las_artes_y_las_ciencias",.6,.8,.9,.9333,.95,.94,.12,.28,.52,.56,.72,.8,.2,.4148,.6592,.7,.8192,.8644
144,"topkapi_palace",.6,.8,.85,.9,.925,.94,.12,.28,.44,.6,.64,.68,.2,.4148,.5798,.72,.7565,.7891
145,"royal_albert_hall",1.0,.9,.95,.8,.75,.8,.16,.24,.36,.44,.44,.44,.2759,.3789,.5221,.5677,.5546,.5677
146,"st_vitus_cathedral",1.0,.9,.9,.9333,.9,.9,.2,.28,.4,.52,.56,.6,.3333,.4271,.5538,.6679,.6904,.72
147,"castello_sforzesco",1.0,1.0,.95,.9333,.95,.92,.2,.28,.4,.48,.56,.64,.3333,.4375,.563,.634,.7046,.7549
148,"rijksmuseum_amsterdam",1.0,.9,.95,.9667,.975,.98,.12,.28,.48,.6,.68,.68,.2143,.4271,.6378,.7404,.8012,.8029
149,"dam_square",.6,.6,.75,.6,.6,.62,.08,.16,.32,.4,.48,.6,.1412,.2526,.4486,.48,.5333,.6098
150,"rathaus_vienna",.8,.8,.8,.8,.725,.68,.08,.16,.24,.4,.48,.56,.1455,.2667,.3692,.5333,.5776,.6142
151,"bath_abbey",1.0,1.0,1.0,1.0,.975,.98,.12,.32,.44,.52,.6,.64,.2143,.4848,.6111,.6842,.7429,.7743
152,"salisbury_cathedral",1.0,1.0,1.0,1.0,1.0,1.0,.16,.28,.4,.4,.56,.6,.2759,.4375,.5714,.5714,.7179,.75
153,"templo_de_debod",.4,.2,.35,.3,.325,.44,.0909,.0909,.2273,.2727,.3636,.4091,.1481,.125,.2756,.2857,.3432,.424
154,"Niagara_Falls",1.0,.7,.6,.5667,.625,.6,.2273,.2727,.4091,.4545,.6364,.6364,.3704,.3925,.4865,.5045,.6306,.6176
155,"Golden_Gate_Bridge_in_San_Francisco",1.0,1.0,1.0,1.0,.95,.96,.1364,.1818,.5455,.5909,.6364,.6818,.24,.3077,.7059,.7429,.7622,.7973
156,"Neuschwanstein_Castle",1.0,1.0,.95,.9333,.925,.94,.2,.32,.44,.52,.56,.68,.3333,.4848,.6014,.6679,.6976,.7891
157,"Christ_Church_Cathedral_Missouri",1.0,1.0,.95,.8667,.85,.84,.2,.28,.52,.6,.64,.72,.3333,.4375,.6721,.7091,.7302,.7754
158,"Mount_Rushmore_in_South_Dakota",.8,.9,.85,.8667,.9,.9,.12,.28,.4,.56,.6,.6,.2087,.4271,.544,.6804,.72,.72
159,"Puerta_de_Toledo",.2,.3,.15,.1,.075,.06,.5,1.0,1.0,1.0,1.0,1.0,.2857,.4615,.2609,.1818,.1395,.1132
160,"Urquhart_Castle",.8,.8,.9,.8667,.825,.84,.1667,.2917,.4583,.5417,.5833,.6667,.2759,.4275,.6074,.6667,.6834,.7434
161,"Gare_du_Nord_Paris",.6,.7,.8,.8667,.85,.8,.08,.2,.36,.4,.48,.56,.1412,.3111,.4966,.5474,.6135,.6588
162,"Newgrange_in_Ireland",.8,.7,.5,.6333,.675,.68,.125,.25,.3333,.4583,.5417,.5833,.2162,.3684,.4,.5318,.601,.628
163,"Windmills_at_Kinderdijk",1.0,.9,.85,.9,.85,.84,.2,.24,.36,.44,.52,.64,.3333,.3789,.5058,.591,.6453,.7265
164,"Conciergerie",.8,.9,.95,.9667,.975,.98,.12,.24,.44,.56,.68,.68,.2087,.3789,.6014,.7092,.8012,.8029
165,"Palazzo_Madama",1.0,.7,.65,.6,.6,.54,.1818,.2273,.3182,.5,.5909,.6364,.3077,.3431,.4272,.5455,.5954,.5842
166,"Split_Rock_Lighthouse",1.0,1.0,1.0,.9333,.875,.86,.16,.24,.32,.44,.48,.52,.2759,.3871,.4848,.5981,.6199,.6481
167,"The_Little_Mermaid_Denmark",1.0,1.0,.9,.8667,.825,.74,.2143,.2857,.6429,.7143,.7857,.7857,.3529,.4444,.75,.7831,.8049,.7622
168,"Great_Pyramid_of_Giza",.6,.6,.55,.4667,.5,.54,.2,.2,.3333,.4,.5333,.6,.3,.3,.4151,.4308,.5161,.5684
169,"Pitti_Palace",1.0,.9,.85,.8,.775,.76,.1818,.2727,.4545,.5909,.6364,.6818,.3077,.4186,.5923,.6797,.6989,.7188
170,"Georgia_State_Capitol",.8,.7,.45,.4,.375,.32,.2105,.2105,.2632,.2632,.2632,.2632,.3333,.3237,.3321,.3175,.3093,.2888
171,"Dome_des_Invalides",1.0,1.0,1.0,1.0,.975,.98,.16,.28,.44,.56,.64,.68,.2759,.4375,.6111,.7179,.7728,.8029
172,"Reggia_di_Caserta",.8,.9,.6,.5667,.475,.52,.16,.28,.36,.48,.48,.52,.2667,.4271,.45,.5197,.4775,.52
173,"The_Burj_al_Arab_Hotel",1.0,.8,.75,.7333,.725,.76,.16,.2,.4,.6,.68,.72,.2759,.32,.5217,.66,.7018,.7395
174,"Elephanta_Caves",1.0,1.0,.9,.9,.85,.86,.1667,.2917,.375,.4583,.5833,.6667,.2857,.4516,.5294,.6074,.6919,.7511
175,"Basilica_of_Santa_Croce",1.0,1.0,1.0,1.0,1.0,1.0,.12,.24,.44,.48,.56,.6,.2143,.3871,.6111,.6486,.7179,.75
176,"Aachen_Cathedral",.8,.8,.85,.9,.925,.94,.12,.16,.36,.52,.68,.72,.2087,.2667,.5058,.6592,.7838,.8154
177,"Monument_to_the_Great_Fire_of_London",.2,.5,.45,.5,.55,.56,.04,.2,.24,.36,.44,.52,.0667,.2857,.313,.4186,.4889,.5393
178,"Longmen_Grottoes",.8,.5,.7,.7667,.7,.68,.12,.16,.44,.6,.72,.84,.2087,.2424,.5404,.6732,.7099,.7516
179,"Louisiana_State_Capitol",.2,.2,.2,.2667,.375,.32,.04,.08,.16,.28,.48,.52,.0667,.1143,.1778,.2732,.4211,.3962
180,"The_Great_Sphinx_at_Giza",1.0,1.0,.85,.7667,.8,.76,.12,.28,.36,.48,.6,.68,.2143,.4375,.5058,.5904,.6857,.7178
181,"Teatro_Real_Madrid",.8,.9,.75,.7,.65,.64,.1304,.3478,.4783,.6087,.6957,.8261,.2243,.5017,.5841,.6512,.6721,.7212
182,"Palacio_de_la_Magdalena",.8,.9,.65,.6667,.675,.7,.16,.36,.4,.52,.56,.72,.2667,.5143,.4952,.5843,.6121,.7099
183,"Sowjetisches_Ehrenmal",.4,.6,.7,.6333,.6,.66,.08,.2,.44,.52,.64,.8,.1333,.3,.5404,.5711,.6194,.7233
184,"Cathedral_of_Trier",1.0,1.0,.95,.9333,.9,.88,.16,.32,.48,.52,.64,.76,.2759,.4848,.6378,.6679,.7481,.8156
185,"Saint_Mary_of_the_Flower",.2,.4,.3,.2667,.375,.34,.04,.16,.2,.28,.4,.44,.0667,.2286,.24,.2732,.3871,.3836
186,"Skellig_Michael",.6,.8,.7,.6333,.625,.66,.12,.32,.44,.56,.6,.64,.2,.4571,.5404,.5944,.6122,.6498
187,"Chicago_Board_of_Trade_Building",.8,.8,.9,.9333,.9,.9,.1818,.2727,.4091,.6364,.6818,.7727,.2963,.4068,.5625,.7568,.7759,.8315
188,"Pont_de_Normandie_France",1.0,1.0,.95,.9,.925,.9,.1053,.3684,.5263,.5789,.8421,.8947,.1905,.5385,.6774,.7046,.8816,.8974
189,"Palazzo_Rosso",.2,.1,.05,.0333,.075,.08,.0417,.0417,.0417,.0417,.0833,.125,.069,.0588,.0455,.037,.0789,.0976
190,"Piazza_Vittorio_Veneto",.6,.6,.55,.5333,.475,.4,.125,.25,.375,.625,.625,.625,.2069,.3529,.4459,.5755,.5398,.4878
191,"Sforza_Castle",1.0,1.0,.95,.9,.925,.94,.16,.28,.52,.64,.68,.72,.2759,.4375,.6721,.7481,.7838,.8154
192,"Torres_KIO",1.0,.9,.8,.8333,.85,.86,.2,.32,.4,.56,.64,.64,.3333,.4721,.5333,.6699,.7302,.7339
193,"Torre_Picasso",.8,.9,.9,.9333,.875,.82,.1667,.25,.4583,.625,.75,.7917,.2759,.3913,.6074,.7487,.8077,.8056
194,"The_Palace_of_Parliament_in_Bucharest",1.0,.9,.95,.9,.9,.86,.12,.24,.4,.44,.52,.6,.2143,.3789,.563,.591,.6592,.7068
195,"Ernest_Hemingway_House",.8,.9,.9,.8333,.775,.76,.12,.24,.36,.4,.52,.56,.2087,.3789,.5143,.5405,.6224,.6448
196,"Castel_dellOvo_Napoli",.8,.9,.9,.9,.825,.86,.16,.28,.48,.56,.68,.72,.2667,.4271,.6261,.6904,.7455,.7838
197,"Villa_Borghese_gardens",.8,.8,.9,.9333,.95,.96,.16,.2,.44,.68,.76,.84,.2667,.32,.591,.7868,.8444,.896
198,"Saint_Marks_Basilica",1.0,1.0,.95,.9667,.975,.96,.16,.24,.32,.44,.48,.52,.2759,.3871,.4787,.6047,.6433,.6746
199,"Mausoleum_of_the_First_Qin_Emperor",.8,.7,.7,.8,.85,.84,.16,.28,.32,.4,.52,.6,.2667,.4,.4392,.5333,.6453,.7
200,"Mausoleum_of_Hadrian",.8,.8,.8,.7333,.75,.74,.2222,.3889,.4444,.5,.7222,.7222,.3478,.5234,.5714,.5946,.7358,.731
201,"Piazza_de_Ferrari",1.0,1.0,1.0,.9667,.975,.94,.2632,.2632,.4211,.5263,.5789,.6316,.4167,.4167,.5926,.6816,.7265,.7555
202,"George_Washington_Carver",.6,.7,.7,.7,.675,.6,.125,.25,.5,.5,.5,.5,.2069,.3684,.5833,.5833,.5745,.5455
203,"Cathedral_of_Santiago_de_Compostela",1.0,1.0,.85,.7667,.75,.76,.1765,.3529,.4706,.5882,.6471,.6471,.3,.5217,.6058,.6657,.6947,.699
204,"Saint-Jacques_Tower",.8,.6,.75,.7667,.8,.78,.2308,.3077,.4615,.5385,.5385,.6154,.3582,.4068,.5714,.6326,.6437,.688
205,"Calakmul_Campeche_Mexico",1.0,.9,.9,.8333,.825,.78,.2857,.2857,.5714,.7143,.7857,.8571,.4444,.4337,.699,.7692,.8049,.8168
206,"Bran_Castle_in_Transylvania",1.0,.8,.8,.8333,.85,.86,.1579,.2105,.3158,.3684,.4211,.5263,.2727,.3333,.4528,.5109,.5631,.653
207,"Mosteiro_da_Batalha",1.0,1.0,1.0,1.0,1.0,1.0,.2105,.3684,.5789,.6842,.6842,.7368,.3478,.5385,.7333,.8125,.8125,.8485
208,"Wartburg_Castle",1.0,.9,.9,.9333,.9,.92,.15,.25,.5,.6,.7,.8,.2609,.3913,.6429,.7304,.7875,.8558
209,"Fujian_Tulou_Fujian_China",1.0,1.0,1.0,1.0,.975,.94,.2778,.3889,.5556,.6667,.7778,.8333,.4348,.56,.7143,.8,.8653,.8835
210,"Alabama_State_Capitol",.4,.5,.65,.6667,.625,.7,.0952,.2381,.4286,.619,.7143,.8571,.1538,.3226,.5166,.642,.6667,.7706
211,"Palazzo_dAccursio",1.0,.8,.85,.8,.625,.58,.2222,.3333,.4444,.4444,.5,.5,.3636,.4706,.5837,.5714,.5556,.537
212,"Casa_Grande_Ruins",.8,.9,.85,.7667,.75,.74,.2353,.4118,.4706,.4706,.4706,.5294,.3636,.565,.6058,.5832,.5783,.6172
213,"Stravinsky_Fountain",.8,.9,.9,.9,.875,.84,.2,.2667,.3333,.5333,.6,.6,.32,.4114,.4865,.6698,.7119,.7
214,"Angel_Falls_Venezuela",.6,.6,.75,.6333,.55,.58,.1765,.2353,.4706,.5882,.6471,.7059,.2727,.338,.5783,.61,.5946,.6368
215,"Statue_of_George_IV",.8,.6,.55,.5,.45,.38,.375,.5,.625,.625,.625,.625,.5106,.5455,.5851,.5556,.5233,.4726
216,"Palacio_Barolo",.8,.9,.9,.8667,.875,.88,.2353,.3529,.5294,.5294,.5882,.6471,.3636,.507,.6667,.6573,.7035,.7458
217,"Bridge_of_Remembrance_Christchurch_New_Zealand",.8,.8,.9,.9333,.925,.78,.25,.3333,.6667,.9167,1.0,1.0,.381,.4706,.766,.9249,.961,.8764
218,"John_A._Roebling_Suspension_Bridge",.2,.3,.25,.3667,.375,.4,.0667,.2,.2667,.6,.6667,.6667,.1,.24,.2581,.4552,.48,.5
219,"Blue_Dome_Santorini",1.0,1.0,.9,.9333,.95,.96,.3125,.4375,.5625,.625,.75,.75,.4762,.6087,.6923,.7487,.8382,.8421
220,"Fossar_de_les_Moreres",.8,.7,.4,.3667,.425,.4,.2857,.3571,.3571,.4286,.5,.5714,.4211,.473,.3774,.3952,.4595,.4706
221,"Luxor_Obelisk_France",.8,.9,.9,.8667,.85,.88,.25,.375,.5,.5,.5,.625,.381,.5294,.6429,.6341,.6296,.7309
222,"Valle_de_los_Caidos",.8,.9,.85,.8333,.875,.88,.2,.3,.55,.6,.7,.8,.32,.45,.6679,.6977,.7778,.8381
--------------------
"--","Avg.",P@5,P@10,P@20,P@30,P@40,P@50,CR@5,CR@10,CR@20,CR@30,CR@40,CR@50,F1@5,F1@10,F1@20,F1@30,F1@40,F1@50
,.,7802,.7901,.7833,.7755,.7672,.7623,.1502,.2629,.4078,.5103,.5892,.6458,.2471,.3861,.5265,.6038,.6543,.6858
