--------------------
"Run name","output_runTAMURAXBIndex"
--------------------
"Average P@20 = ",.7863
"Average CR@20 = ",.3974
"Average F1@20 = ",.5191
--------------------
"Query Id ","Location name",P@5,P@10,P@20,P@30,P@40,P@50,CR@5,CR@10,CR@20,CR@30,CR@40,CR@50,F1@5,F1@10,F1@20,F1@30,F1@40,F1@50
1,"angel_of_the_north",1.0,1.0,1.0,1.0,1.0,1.0,.2,.36,.52,.6,.64,.64,.3333,.5294,.6842,.75,.7805,.7805
2,"big_ben",1.0,1.0,.9,.9,.925,.92,.2273,.3182,.3182,.5909,.6364,.7273,.3704,.4828,.4701,.7134,.754,.8124
3,"hearst_castle",1.0,.9,.9,.8667,.9,.9,.2083,.3333,.5417,.6667,.7083,.75,.3448,.4865,.6763,.7536,.7927,.8182
4,"la_madeleine",.6,.5,.4,.3333,.25,.24,.2143,.2857,.3571,.4286,.4286,.4286,.3158,.3636,.3774,.375,.3158,.3077
5,"pont_alexandre_iii",.8,.9,.85,.9,.9,.92,.12,.24,.44,.52,.64,.76,.2087,.3789,.5798,.6592,.7481,.8324
6,"neues_museum",.0,.1,.4,.4,.45,.56,.0,.04,.24,.32,.44,.6,.0,.0571,.3,.3556,.4449,.5793
7,"montezuma_castle",.8,.8,.7,.6,.575,.54,.3333,.5833,.5833,.5833,.6667,.6667,.4706,.6747,.6364,.5915,.6174,.5967
8,"cn_tower",.4,.6,.6,.4667,.525,.58,.0833,.1667,.375,.375,.5,.5417,.1379,.2609,.4615,.4158,.5122,.5602
9,"acropolis_athens",1.0,1.0,.95,.9333,.925,.92,.1429,.2857,.4286,.5238,.5238,.5238,.25,.4444,.5907,.671,.6689,.6675
10,"agra_fort",.8,.8,.8,.8333,.875,.88,.16,.24,.48,.6,.68,.72,.2667,.3692,.6,.6977,.7653,.792
11,"albert_memorial",.6,.8,.9,.8667,.8,.8,.1364,.1364,.2273,.4091,.5,.6364,.2222,.233,.3629,.5558,.6154,.7089
12,"altes_museum",.6,.5,.55,.6667,.725,.76,.125,.1667,.2917,.5417,.5833,.7083,.2069,.25,.3812,.5977,.6465,.7333
13,"amiens_cathedral",1.0,1.0,.95,.8667,.9,.92,.16,.28,.48,.64,.72,.76,.2759,.4375,.6378,.7363,.8,.8324
14,"angkor_wat",.8,.8,.8,.8,.8,.8,.12,.24,.44,.56,.6,.64,.2087,.3692,.5677,.6588,.6857,.7111
15,"ara_pacis",.8,.8,.7,.6667,.7,.72,.1364,.3182,.3636,.5,.6364,.6818,.233,.4553,.4786,.5714,.6667,.7004
16,"arc_de_triomphe",.4,.6,.7,.6333,.7,.74,.0833,.1667,.3333,.375,.625,.7083,.1379,.2609,.4516,.4711,.6604,.7238
17,"aztec_ruins",.0,.0,.05,.0333,.05,.18,.0,.0,.04,.04,.08,.28,.0,.0,.0444,.0364,.0615,.2191
18,"berlin_cathedral",1.0,1.0,.95,.9667,.975,.98,.16,.32,.4,.48,.6,.68,.2759,.4848,.563,.6415,.7429,.8029
19,"bok_tower_gardens",1.0,.9,.9,.8,.8,.82,.2,.32,.48,.6,.6,.76,.3333,.4721,.6261,.6857,.6857,.7889
20,"brandenburg_gate",1.0,1.0,1.0,1.0,.925,.94,.2,.36,.48,.6,.64,.64,.3333,.5294,.6486,.75,.7565,.7615
21,"cabrillo",.4,.2,.15,.1333,.125,.16,.1538,.1538,.2308,.3077,.3846,.4615,.2222,.1739,.1818,.186,.1887,.2376
22,"casa_batllo",1.0,1.0,1.0,1.0,1.0,.98,.16,.28,.4,.52,.56,.68,.2759,.4375,.5714,.6842,.7179,.8029
23,"casa_rosada",1.0,.8,.85,.9,.9,.92,.12,.16,.4,.68,.68,.76,.2143,.2667,.544,.7747,.7747,.8324
24,"castillo_de_san_marcos",.6,.5,.7,.8,.625,.7,.12,.16,.44,.48,.52,.56,.2,.2424,.5404,.6,.5677,.6222
25,"chartres_cathedral",1.0,1.0,.95,.9667,.975,.98,.2,.28,.44,.56,.64,.84,.3333,.4375,.6014,.7092,.7728,.9046
26,"chichen_itza",1.0,.9,.9,.9333,.9,.9,.16,.24,.44,.68,.72,.76,.2759,.3789,.591,.7868,.8,.8241
27,"christ_the_redeemer_rio",.4,.5,.5,.5,.525,.5,.087,.1739,.2609,.4783,.5652,.6087,.1429,.2581,.3429,.4889,.5444,.549
28,"civic_center_san_francisco",.6,.8,.7,.7333,.725,.72,.12,.24,.36,.56,.64,.64,.2,.3692,.4755,.6351,.6799,.6776
29,"cologne_cathedral",.8,.9,.95,.9667,.925,.94,.12,.32,.52,.6,.64,.68,.2087,.4721,.6721,.7404,.7565,.7891
30,"colosseum",1.0,1.0,1.0,1.0,1.0,.96,.2,.32,.36,.48,.6,.64,.3333,.4848,.5294,.6486,.75,.768
31,"doge_s_palace",1.0,.8,.75,.8333,.85,.84,.12,.2,.36,.44,.44,.56,.2143,.32,.4865,.5759,.5798,.672
32,"eiffel_tower",1.0,1.0,1.0,1.0,1.0,.96,.12,.2,.28,.4,.44,.48,.2143,.3333,.4375,.5714,.6111,.64
33,"golden_gate_bridge",.6,.7,.65,.7667,.775,.78,.1304,.2609,.4348,.5217,.6087,.6087,.2143,.3801,.521,.6209,.6819,.6838
34,"grand_palais",1.0,.9,.9,.8333,.875,.86,.1818,.2273,.3636,.4545,.5909,.5909,.3077,.3629,.518,.5882,.7054,.7005
35,"guggenheim_museum_bilbao",1.0,1.0,1.0,1.0,1.0,1.0,.12,.16,.36,.44,.52,.6,.2143,.2759,.5294,.6111,.6842,.75
36,"hagia_sophia_istanbul",1.0,1.0,1.0,.9667,.95,.94,.16,.28,.48,.6,.64,.68,.2759,.4375,.6486,.7404,.7648,.7891
37,"hoover_dam",1.0,1.0,1.0,.9667,.95,.94,.2,.24,.4,.56,.68,.8,.3333,.3871,.5714,.7092,.7926,.8644
38,"humayun_tomb",1.0,.8,.75,.7667,.775,.8,.16,.24,.36,.56,.64,.72,.2759,.3692,.4865,.6472,.7011,.7579
39,"iguazu_falls",.4,.6,.75,.8,.8,.76,.04,.16,.4,.56,.68,.72,.0727,.2526,.5217,.6588,.7351,.7395
40,"iolani_palace",1.0,.8,.8,.7667,.725,.7,.2,.24,.36,.4,.48,.64,.3333,.3692,.4966,.5257,.5776,.6687
41,"la_mezquita",.6,.4,.55,.6333,.725,.68,.125,.1667,.375,.5,.5417,.625,.2069,.2353,.4459,.5588,.6201,.6513
42,"la_rambla_barcelona",.8,.9,.9,.9333,.925,.86,.08,.2,.32,.52,.6,.6,.1455,.3273,.4721,.6679,.7279,.7068
43,"la_sainte_chapelle",1.0,.8,.9,.9,.925,.94,.2,.28,.48,.6,.6,.76,.3333,.4148,.6261,.72,.7279,.8405
44,"liberty_memorial",.4,.6,.7,.6667,.65,.7,.08,.2,.36,.44,.52,.64,.1333,.3,.4755,.5301,.5778,.6687
45,"lincoln_home",1.0,1.0,.75,.7333,.65,.6,.2778,.3889,.3889,.4444,.4444,.5556,.4348,.56,.5122,.5535,.5279,.5769
46,"machu_picchu",1.0,.9,.8,.8,.75,.8,.2,.28,.4,.56,.64,.8,.3333,.4271,.5333,.6588,.6906,.8
47,"marble_arch_london",1.0,.8,.8,.6,.475,.4,.25,.25,.6667,.75,.8333,.8333,.4,.381,.7273,.6667,.6051,.5405
48,"milan_cathedral",.8,.9,.9,.9,.925,.9,.12,.32,.48,.56,.68,.72,.2087,.4721,.6261,.6904,.7838,.8
49,"mole_antonelliana",1.0,.9,.9,.8333,.775,.74,.16,.24,.4,.48,.56,.56,.2759,.3789,.5538,.6091,.6502,.6375
50,"mont_saint_michel",1.0,1.0,.9,.9,.925,.94,.16,.28,.4,.56,.6,.68,.2759,.4375,.5538,.6904,.7279,.7891
51,"moulin_rouge",.0,.1,.15,.1667,.175,.22,.0,.125,.25,.375,.625,.75,.0,.1111,.1875,.2308,.2734,.3402
52,"nelson_s_column",1.0,1.0,.95,.9333,.95,.9,.1667,.2083,.375,.4167,.5417,.625,.2857,.3448,.5377,.5761,.6899,.7377
53,"notre_dame_de_paris",.8,.9,.9,.8667,.85,.8,.16,.36,.52,.6,.64,.68,.2667,.5143,.6592,.7091,.7302,.7351
54,"obelisco",.2,.2,.1,.1333,.175,.22,.0909,.0909,.0909,.1818,.3636,.4545,.125,.125,.0952,.1538,.2363,.2965
55,"piccadilly_circus",1.0,.9,.8,.7667,.725,.7,.1304,.2609,.3478,.5217,.5217,.6087,.2308,.4045,.4848,.6209,.6068,.6512
56,"place_de_la_concorde",1.0,.9,.95,.9667,.975,.98,.12,.24,.44,.6,.6,.64,.2143,.3789,.6014,.7404,.7429,.7743
57,"place_de_la_republique",.4,.4,.25,.2,.225,.26,.25,.5,.5,.5,.75,.875,.3077,.4444,.3333,.2857,.3462,.4009
58,"place_des_vosges",1.0,.9,.85,.7667,.675,.66,.12,.16,.36,.48,.6,.68,.2143,.2717,.5058,.5904,.6353,.6699
59,"pont_du_gard",.6,.6,.75,.7667,.775,.78,.12,.16,.32,.36,.52,.64,.2,.2526,.4486,.4899,.6224,.7031
60,"pont_neuf",.8,.8,.85,.7667,.7,.68,.12,.24,.44,.56,.6,.64,.2087,.3692,.5798,.6472,.6462,.6594
61,"ponte_vecchio",1.0,1.0,.85,.7333,.725,.7,.0833,.25,.375,.4583,.5833,.7083,.1538,.4,.5204,.5641,.6465,.7041
62,"puerta_de_alcala",.6,.7,.55,.5,.5,.54,.1579,.3158,.4737,.5263,.5789,.6842,.25,.4352,.509,.5128,.5366,.6036
63,"puerta_del_sol",.6,.6,.6,.6333,.475,.4,.1,.2,.3,.4,.4,.4,.1714,.3,.4,.4903,.4343,.4
64,"red_fort",1.0,1.0,1.0,1.0,1.0,1.0,.16,.36,.52,.64,.68,.72,.2759,.5294,.6842,.7805,.8095,.8372
65,"reims_cathedral",1.0,1.0,1.0,.9667,.975,.96,.16,.32,.4,.48,.6,.68,.2759,.4848,.5714,.6415,.7429,.7961
66,"rialto_bridge",1.0,.9,.95,.8,.7,.66,.125,.25,.4375,.625,.75,.75,.2222,.3913,.5991,.7018,.7241,.7021
67,"roman_forum_rome",.4,.6,.7,.7333,.75,.72,.08,.2,.32,.48,.6,.64,.1333,.3,.4392,.5802,.6667,.6776
68,"sacre_coeur",.2,.4,.45,.4667,.525,.58,.0417,.125,.2083,.25,.4167,.5417,.069,.1905,.2848,.3256,.4646,.5602
69,"sagrada_familia",1.0,.9,.95,.9667,.95,.96,.16,.24,.4,.48,.52,.64,.2759,.3789,.563,.6415,.6721,.768
70,"santa_maria_novella",.8,.6,.65,.6667,.625,.56,.16,.16,.32,.4,.48,.52,.2667,.2526,.4289,.5,.543,.5393
71,"schonbrunn_palace",1.0,.9,.95,.9667,.975,.98,.16,.24,.4,.44,.52,.6,.2759,.3789,.563,.6047,.6783,.7443
72,"seville_cathedral",.6,.8,.85,.8667,.9,.92,.12,.24,.32,.48,.56,.56,.2,.3692,.465,.6178,.6904,.6962
73,"spanish_steps",1.0,.9,.8,.7,.725,.7,.1818,.2273,.3182,.4091,.6364,.6818,.3077,.3629,.4553,.5164,.6778,.6908
74,"st__basil_cathedral",1.0,1.0,.95,.9333,.925,.92,.2,.32,.56,.68,.68,.72,.3333,.4848,.7046,.7868,.7838,.8078
75,"statue_of_liberty",1.0,.9,.85,.7667,.725,.74,.12,.24,.32,.44,.52,.6,.2143,.3789,.465,.5591,.6056,.6627
76,"stonehenge",.6,.6,.65,.6333,.6,.62,.1053,.2632,.3158,.4211,.5263,.6842,.1791,.3659,.4251,.5058,.5607,.6505
77,"summer_palace_beijing",1.0,1.0,.95,.9333,.9,.9,.16,.32,.44,.52,.64,.68,.2759,.4848,.6014,.6679,.7481,.7747
78,"sydney_opera_house",1.0,1.0,.95,.9,.875,.88,.16,.28,.36,.36,.48,.52,.2759,.4375,.5221,.5143,.6199,.6537
79,"teotihuacan",.6,.6,.6,.6333,.7,.72,.12,.12,.28,.48,.6,.68,.2,.2,.3818,.5461,.6462,.6994
80,"terracotta_army",.4,.4,.45,.5,.575,.64,.1,.15,.3,.45,.65,.7,.16,.2182,.36,.4737,.6102,.6687
81,"the_blue_mosque",.8,.9,.85,.9,.925,.94,.12,.32,.44,.48,.56,.64,.2087,.4721,.5798,.6261,.6976,.7615
82,"the_henry_ford",1.0,.9,.9,.8,.75,.76,.16,.2,.36,.48,.56,.6,.2759,.3273,.5143,.6,.6412,.6706
83,"taj_mahal",1.0,.9,.9,.8667,.85,.84,.16,.28,.4,.52,.56,.68,.2759,.4271,.5538,.65,.6752,.7516
84,"tour_montparnasse",.6,.4,.3,.3333,.325,.36,.1,.15,.2,.35,.35,.45,.1714,.2182,.24,.3415,.337,.4
85,"tower_bridge_london",.8,.5,.55,.5667,.55,.58,.12,.16,.28,.4,.48,.48,.2087,.2424,.3711,.469,.5126,.5253
86,"trafalgar_square",.8,.6,.4,.4,.425,.46,.1818,.2273,.2273,.3636,.4091,.5,.2963,.3297,.2899,.381,.4169,.4792
87,"leaning_tower_of_pisa",.8,.7,.65,.6333,.575,.58,.12,.2,.4,.44,.52,.6,.2087,.3111,.4952,.5193,.5461,.5898
88,"hermitage_museum_saint_petersburg",1.0,1.0,.9,.7333,.775,.82,.12,.24,.32,.36,.48,.6,.2143,.3871,.4721,.4829,.5928,.693
89,"jantar_mantar_jaipur",.8,.8,.65,.6667,.65,.72,.16,.28,.44,.6,.64,.76,.2667,.4148,.5248,.6316,.645,.7395
90,"lake_titicaca_peru",.6,.6,.65,.7,.6,.6,.125,.25,.4583,.5833,.6667,.75,.2069,.3529,.5376,.6364,.6316,.6667
91,"the_great_wall_of_china",.8,.9,.85,.8,.75,.68,.12,.2,.36,.44,.52,.56,.2087,.3273,.5058,.5677,.6142,.6142
92,"grande_arche_paris",.2,.4,.55,.6333,.625,.64,.04,.16,.36,.44,.52,.6,.0667,.2286,.4352,.5193,.5677,.6194
93,"el_angel_mexico",.8,.9,.75,.6667,.6,.54,.1429,.3333,.4286,.5238,.619,.7143,.2424,.4865,.5455,.5867,.6094,.615
94,"bibliotheque_nationale_de_france",.6,.6,.6,.6667,.675,.74,.12,.24,.32,.52,.56,.64,.2,.3429,.4174,.5843,.6121,.6864
95,"kronborg_castle",.8,.8,.8,.8,.725,.76,.1667,.25,.4167,.4583,.5,.5833,.2759,.381,.5479,.5828,.5918,.66
96,"ajanta_caves",.8,.8,.8,.8333,.875,.86,.1364,.2273,.3182,.5455,.6364,.6818,.233,.354,.4553,.6593,.7368,.7606
97,"atomium",.8,.9,.9,.9,.85,.82,.1905,.2381,.4762,.5238,.5238,.5714,.3077,.3766,.6228,.6622,.6482,.6735
98,"ellora_caves",1.0,.9,.9,.9,.925,.94,.1364,.2273,.3636,.3636,.5,.5455,.24,.3629,.518,.518,.6491,.6903
99,"potala_palace",1.0,1.0,.9,.9,.925,.92,.1667,.3333,.4444,.6111,.7222,.7778,.2857,.5,.595,.7279,.8111,.8429
100,"jokhang",.6,.7,.8,.7667,.8,.78,.12,.24,.4,.52,.64,.68,.2,.3574,.5333,.6197,.7111,.7266
101,"rila_monastery",.8,.7,.85,.8333,.875,.9,.16,.24,.32,.36,.4,.52,.2667,.3574,.465,.5028,.549,.6592
102,"louvre_pyramid",.8,.9,.95,.9,.875,.8,.1667,.3333,.5,.6111,.7778,.8333,.2759,.4865,.6552,.7279,.8235,.8163
103,"brooklyn_bridge",.8,.9,.9,.8667,.875,.88,.0952,.2381,.3333,.4286,.5238,.619,.1702,.3766,.4865,.5735,.6553,.7268
104,"tower_of_london",.8,.8,.9,.8,.8,.8,.1304,.1304,.3478,.4783,.5652,.6522,.2243,.2243,.5017,.5986,.6624,.7186
105,"british_museum_london",1.0,1.0,1.0,.9667,.95,.94,.15,.2,.3,.4,.55,.65,.2609,.3333,.4615,.5659,.6967,.7686
106,"buckingham_palace",.2,.4,.65,.4333,.425,.4,.05,.2,.25,.25,.25,.3,.08,.2667,.3611,.3171,.3148,.3429
107,"charles_bridge_prague",1.0,.9,.9,.8,.675,.62,.125,.1667,.2917,.375,.4167,.5,.2222,.2812,.4406,.5106,.5153,.5536
108,"champs_elysees_paris",.6,.6,.65,.5667,.525,.5,.1333,.2,.4,.4667,.5333,.5333,.2182,.3,.4952,.5118,.5291,.5161
109,"chrysler_building",1.0,1.0,1.0,1.0,1.0,1.0,.1429,.2143,.5,.5714,.6429,.7857,.25,.3529,.6667,.7273,.7826,.88
110,"moma_new_york",.6,.7,.8,.7667,.825,.84,.1579,.3158,.4211,.4211,.5263,.5789,.25,.4352,.5517,.5436,.6426,.6855
111,"grand_central_terminal",1.0,1.0,.9,.9333,.9,.9,.1905,.2381,.2857,.4762,.5238,.5714,.32,.3846,.4337,.6306,.6622,.699
112,"houses_of_parliament",1.0,1.0,.9,.9,.925,.94,.1739,.1739,.3043,.3913,.4783,.4783,.2963,.2963,.4549,.5455,.6305,.634
113,"alexanderplatz_berlin",.4,.6,.55,.6333,.675,.64,.08,.16,.32,.44,.52,.6,.1333,.2526,.4046,.5193,.5874,.6194
114,"centre_pompidou",.8,.7,.7,.6333,.625,.66,.2222,.2778,.3889,.4444,.5556,.6111,.3478,.3977,.5,.5223,.5882,.6346
115,"sydney_harbour_bridge",1.0,1.0,1.0,1.0,1.0,1.0,.25,.375,.5,.625,.625,.6875,.4,.5455,.6667,.7692,.7692,.8148
116,"pier_39",1.0,1.0,1.0,.9,.9,.88,.1905,.2381,.381,.5714,.619,.6667,.32,.3846,.5517,.699,.7335,.7586
117,"coit_tower",.4,.7,.6,.6667,.65,.68,.1333,.2667,.4,.4667,.6,.6667,.2,.3862,.48,.549,.624,.6733
118,"st_paul_s_cathedral_london",1.0,.9,.9,.8333,.825,.8,.2353,.3529,.5294,.5882,.5882,.6471,.381,.507,.6667,.6897,.6868,.7154
119,"cloud_gate",.8,.8,.7,.7667,.825,.78,.1667,.25,.3333,.4167,.5,.5833,.2759,.381,.4516,.5399,.6226,.6675
120,"musee_d_orsay",1.0,1.0,1.0,1.0,.9,.92,.1905,.3333,.5238,.619,.619,.7619,.32,.5,.6875,.7647,.7335,.8335
121,"pike_place_market",1.0,1.0,.95,.8667,.875,.88,.2381,.3333,.4762,.4762,.5238,.619,.3846,.5,.6344,.6147,.6553,.7268
122,"royal_palace_madrid",1.0,.8,.8,.7333,.775,.8,.2273,.2727,.4091,.4091,.5,.5909,.3704,.4068,.5414,.5252,.6078,.6797
123,"sony_center_berlin",.8,.9,.9,.9333,.95,.96,.1429,.2857,.3333,.4286,.4762,.4762,.2424,.4337,.4865,.5874,.6344,.6366
124,"red_square_moscow",.8,.9,.7,.6333,.675,.7,.1429,.2381,.3333,.4286,.5714,.5714,.2424,.3766,.4516,.5112,.6189,.6292
125,"prague_castle",1.0,1.0,.95,.9333,.925,.9,.16,.2,.4,.56,.72,.76,.2759,.3333,.563,.7,.8097,.8241
126,"musee_du_louvre",1.0,1.0,1.0,1.0,1.0,.98,.2,.32,.4,.52,.6,.6,.3333,.4848,.5714,.6842,.75,.7443
127,"millennium_bridge_london",.8,.9,.85,.8,.8,.8,.16,.28,.4,.44,.48,.56,.2667,.4271,.544,.5677,.6,.6588
128,"casa_mila",1.0,.9,.95,.9667,.975,.96,.2,.32,.52,.56,.64,.68,.3333,.4721,.6721,.7092,.7728,.7961
129,"national_gallery_london",1.0,1.0,.8,.7,.6,.66,.2273,.3182,.4545,.5,.5455,.6364,.3704,.4828,.5797,.5833,.5714,.648
130,"national_mall",1.0,1.0,1.0,.9667,.925,.86,.2,.36,.52,.64,.76,.76,.3333,.5294,.6842,.7701,.8344,.8069
131,"london_city_hall",1.0,1.0,1.0,.9,.85,.84,.2,.35,.5,.6,.6,.6,.3333,.5185,.6667,.72,.7034,.7
132,"holocaust_memorial",.6,.6,.55,.5333,.525,.52,.1875,.25,.3125,.375,.5625,.625,.2857,.3529,.3986,.4404,.5431,.5677
133,"columbus_circle",.4,.5,.5,.5,.525,.5,.08,.16,.2,.36,.56,.6,.1333,.2424,.2857,.4186,.5419,.5455
134,"siegessaeule",.8,.9,.7,.5333,.475,.46,.12,.28,.36,.4,.44,.52,.2087,.4271,.4755,.4571,.4568,.4882
135,"jardin_du_luxembourg",1.0,1.0,1.0,1.0,1.0,.96,.16,.28,.32,.56,.64,.72,.2759,.4375,.4848,.7179,.7805,.8229
136,"merlion_singapore",.2,.1,.25,.2333,.25,.32,.0455,.0455,.1818,.2273,.3182,.5455,.0741,.0625,.2105,.2303,.28,.4034
137,"harrods_london",.6,.8,.9,.9,.9,.82,.08,.24,.36,.48,.64,.68,.1412,.3692,.5143,.6261,.7481,.7435
138,"metropolitan_museum_of_art_new_york",1.0,1.0,1.0,1.0,1.0,1.0,.12,.2,.44,.56,.6,.64,.2143,.3333,.6111,.7179,.75,.7805
139,"new_york_stock_exchange",.6,.7,.7,.7,.7,.66,.15,.25,.35,.4,.45,.5,.24,.3684,.4667,.5091,.5478,.569
140,"stephansdom_vienna",1.0,1.0,.95,.9667,.95,.96,.16,.28,.48,.64,.68,.72,.2759,.4375,.6378,.7701,.7926,.8229
141,"hms_belfast",1.0,.8,.9,.9333,.95,.96,.2,.28,.36,.44,.48,.6,.3333,.4148,.5143,.5981,.6378,.7385
142,"leicester_square",1.0,.8,.65,.7333,.675,.68,.16,.24,.28,.4,.4,.44,.2759,.3692,.3914,.5176,.5023,.5343
143,"ciudad_de_las_artes_y_las_ciencias",1.0,1.0,1.0,1.0,.975,.96,.16,.32,.48,.68,.68,.72,.2759,.4848,.6486,.8095,.8012,.8229
144,"topkapi_palace",1.0,1.0,1.0,1.0,1.0,.98,.12,.24,.44,.56,.68,.76,.2143,.3871,.6111,.7179,.8095,.8561
145,"royal_albert_hall",1.0,.9,.75,.7,.7,.58,.16,.2,.32,.44,.48,.52,.2759,.3273,.4486,.5404,.5695,.5484
146,"st_vitus_cathedral",1.0,.9,.95,.9667,.95,.96,.16,.2,.36,.52,.6,.6,.2759,.3273,.5221,.6762,.7355,.7385
147,"castello_sforzesco",1.0,.9,.95,.9,.875,.9,.16,.24,.32,.4,.48,.56,.2759,.3789,.4787,.5538,.6199,.6904
148,"rijksmuseum_amsterdam",1.0,.9,.95,.9667,.975,.98,.12,.24,.4,.52,.64,.64,.2143,.3789,.563,.6762,.7728,.7743
149,"dam_square",.8,.6,.7,.7667,.725,.72,.12,.2,.4,.44,.52,.52,.2087,.3,.5091,.5591,.6056,.6039
150,"rathaus_vienna",1.0,.9,.85,.8333,.8,.74,.12,.2,.32,.4,.48,.52,.2143,.3273,.465,.5405,.6,.6108
151,"bath_abbey",1.0,1.0,1.0,1.0,.975,.98,.2,.32,.44,.44,.52,.68,.3333,.4848,.6111,.6111,.6783,.8029
152,"salisbury_cathedral",1.0,1.0,1.0,1.0,.95,.94,.16,.24,.36,.52,.52,.56,.2759,.3871,.5294,.6842,.6721,.7019
153,"templo_de_debod",.0,.1,.25,.3333,.35,.4,.0,.0455,.1818,.3182,.4545,.5455,.0,.0625,.2105,.3256,.3955,.4615
154,"Niagara_Falls",.6,.6,.65,.6333,.625,.64,.1364,.1818,.3636,.4545,.5455,.6364,.2222,.2791,.4664,.5292,.5825,.6382
155,"Golden_Gate_Bridge_in_San_Francisco",1.0,1.0,.9,.9,.925,.94,.1364,.1818,.4091,.6364,.6818,.6818,.24,.3077,.5625,.7456,.785,.7904
156,"Neuschwanstein_Castle",1.0,1.0,.95,.9,.9,.9,.16,.2,.4,.6,.72,.72,.2759,.3333,.563,.72,.8,.8
157,"Christ_Church_Cathedral_Missouri",.8,.9,.95,.9333,.9,.92,.08,.2,.44,.52,.6,.72,.1455,.3273,.6014,.6679,.72,.8078
158,"Mount_Rushmore_in_South_Dakota",.8,.8,.85,.8333,.85,.82,.16,.2,.44,.52,.6,.64,.2667,.32,.5798,.6404,.7034,.7189
159,"Puerta_de_Toledo",.0,.0,.05,.0667,.075,.06,.0,.0,.5,1.0,1.0,1.0,.0,.0,.0909,.125,.1395,.1132
160,"Urquhart_Castle",1.0,.9,.8,.8667,.875,.82,.2083,.2917,.5,.625,.7083,.7083,.3448,.4406,.6154,.7263,.7829,.7601
161,"Gare_du_Nord_Paris",.8,.8,.85,.8,.7,.7,.16,.24,.32,.4,.4,.52,.2667,.3692,.465,.5333,.5091,.5967
162,"Newgrange_in_Ireland",.4,.5,.6,.7,.65,.62,.0833,.1667,.3333,.4583,.5,.5,.1379,.25,.4286,.554,.5652,.5536
163,"Windmills_at_Kinderdijk",.8,.9,.9,.9333,.95,.9,.08,.24,.4,.52,.56,.64,.1455,.3789,.5538,.6679,.7046,.7481
164,"Conciergerie",1.0,.9,.95,.9667,.975,.98,.2,.28,.44,.52,.64,.68,.3333,.4271,.6014,.6762,.7728,.8029
165,"Palazzo_Madama",.8,.8,.85,.8,.725,.7,.1818,.2727,.5,.6364,.6818,.6818,.2963,.4068,.6296,.7089,.7027,.6908
166,"Split_Rock_Lighthouse",1.0,.8,.8,.8,.85,.82,.12,.16,.28,.32,.36,.44,.2143,.2667,.4148,.4571,.5058,.5727
167,"The_Little_Mermaid_Denmark",.8,.8,.85,.8,.725,.64,.2857,.3571,.7143,.7143,.7857,.7857,.4211,.4938,.7763,.7547,.7541,.7054
168,"Great_Pyramid_of_Giza",.6,.6,.65,.7333,.725,.66,.2,.2667,.4667,.5333,.6,.7333,.3,.3692,.5433,.6175,.6566,.6947
169,"Pitti_Palace",.8,.9,.9,.9,.8,.74,.1364,.2727,.4545,.5455,.5909,.6364,.233,.4186,.604,.6792,.6797,.6843
170,"Georgia_State_Capitol",.8,.6,.55,.4,.375,.36,.1053,.2105,.2105,.2105,.2632,.2632,.186,.3117,.3045,.2759,.3093,.3041
171,"Dome_des_Invalides",1.0,1.0,.95,.9667,.975,.96,.16,.24,.36,.48,.56,.6,.2759,.3871,.5221,.6415,.7114,.7385
172,"Reggia_di_Caserta",.8,.6,.6,.6667,.65,.64,.16,.2,.44,.56,.64,.68,.2667,.3,.5077,.6087,.645,.6594
173,"The_Burj_al_Arab_Hotel",.6,.7,.8,.7333,.775,.8,.12,.28,.48,.6,.68,.72,.2,.4,.6,.66,.7244,.7579
174,"Elephanta_Caves",1.0,.9,.9,.9333,.875,.86,.2083,.3333,.4167,.5417,.5833,.5833,.3448,.4865,.5696,.6855,.7,.6952
175,"Basilica_of_Santa_Croce",1.0,1.0,1.0,1.0,.975,.98,.16,.28,.48,.6,.6,.64,.2759,.4375,.6486,.75,.7429,.7743
176,"Aachen_Cathedral",.8,.9,.95,.9333,.95,.94,.16,.28,.44,.56,.68,.68,.2667,.4271,.6014,.7,.7926,.7891
177,"Monument_to_the_Great_Fire_of_London",.8,.7,.8,.6667,.7,.7,.12,.24,.48,.52,.64,.68,.2087,.3574,.6,.5843,.6687,.6899
178,"Longmen_Grottoes",.8,.6,.6,.6,.6,.58,.16,.2,.36,.52,.64,.68,.2667,.3,.45,.5571,.6194,.626
179,"Louisiana_State_Capitol",.2,.1,.1,.1667,.2,.26,.04,.04,.08,.16,.24,.4,.0667,.0571,.0889,.1633,.2182,.3152
180,"The_Great_Sphinx_at_Giza",1.0,.9,.9,.8,.85,.82,.16,.28,.36,.44,.6,.6,.2759,.4271,.5143,.5677,.7034,.693
181,"Teatro_Real_Madrid",1.0,1.0,1.0,.8667,.825,.86,.2174,.3913,.6087,.7826,.8261,.913,.3571,.5625,.7568,.8225,.8255,.8857
182,"Palacio_de_la_Magdalena",.6,.6,.55,.7,.75,.78,.12,.2,.36,.56,.72,.76,.2,.3,.4352,.6222,.7347,.7699
183,"Sowjetisches_Ehrenmal",1.0,.6,.6,.5,.55,.62,.16,.2,.36,.48,.56,.6,.2759,.3,.45,.4898,.555,.6098
184,"Cathedral_of_Trier",1.0,1.0,.95,.9667,.925,.94,.16,.28,.4,.6,.68,.76,.2759,.4375,.563,.7404,.7838,.8405
185,"Saint_Mary_of_the_Flower",.2,.3,.2,.2667,.3,.32,.04,.08,.12,.24,.36,.44,.0667,.1263,.15,.2526,.3273,.3705
186,"Skellig_Michael",1.0,.8,.65,.7,.75,.7,.16,.28,.36,.52,.6,.6,.2759,.4148,.4634,.5967,.6667,.6462
187,"Chicago_Board_of_Trade_Building",1.0,1.0,.95,.9333,.825,.76,.2273,.3182,.4545,.5455,.6364,.6364,.3704,.4828,.6149,.6885,.7185,.6927
188,"Pont_de_Normandie_France",1.0,1.0,.95,.9667,.95,.96,.2105,.3684,.6316,.7368,.7895,.8421,.3478,.5385,.7587,.8363,.8623,.8972
189,"Palazzo_Rosso",.0,.0,.0,.0333,.025,.06,.0,.0,.0,.0417,.0417,.0833,.0,.0,.0,.037,.0312,.0698
190,"Piazza_Vittorio_Veneto",1.0,.8,.65,.6,.525,.44,.1875,.25,.5,.5625,.625,.625,.3158,.381,.5652,.5806,.5707,.5164
191,"Sforza_Castle",1.0,.9,.95,.9,.9,.92,.16,.28,.4,.56,.64,.72,.2759,.4271,.563,.6904,.7481,.8078
192,"Torres_KIO",1.0,.9,.95,.9,.9,.9,.16,.24,.4,.56,.56,.72,.2759,.3789,.563,.6904,.6904,.8
193,"Torre_Picasso",.8,.8,.85,.7667,.75,.78,.1667,.25,.4583,.5833,.6667,.75,.2759,.381,.5955,.6626,.7059,.7647
194,"The_Palace_of_Parliament_in_Bucharest",.8,.9,.95,.9667,.95,.9,.16,.28,.48,.56,.6,.68,.2667,.4271,.6378,.7092,.7355,.7747
195,"Ernest_Hemingway_House",.6,.8,.75,.7667,.825,.78,.12,.28,.44,.6,.76,.76,.2,.4148,.5546,.6732,.7912,.7699
196,"Castel_dellOvo_Napoli",.6,.7,.85,.9,.9,.88,.12,.28,.44,.64,.76,.76,.2,.4,.5798,.7481,.8241,.8156
197,"Villa_Borghese_gardens",1.0,1.0,1.0,1.0,1.0,1.0,.16,.32,.44,.6,.68,.72,.2759,.4848,.6111,.75,.8095,.8372
198,"Saint_Marks_Basilica",1.0,1.0,1.0,1.0,1.0,.96,.16,.28,.48,.52,.6,.6,.2759,.4375,.6486,.6842,.75,.7385
199,"Mausoleum_of_the_First_Qin_Emperor",.8,.8,.85,.8667,.9,.9,.16,.28,.4,.56,.6,.68,.2667,.4148,.544,.6804,.72,.7747
200,"Mausoleum_of_Hadrian",1.0,1.0,1.0,.8667,.725,.66,.2222,.2778,.5,.6667,.7222,.7778,.3636,.4348,.6667,.7536,.7236,.7141
201,"Piazza_de_Ferrari",1.0,1.0,.95,.9333,.925,.94,.1579,.3158,.4737,.5789,.5789,.5789,.2727,.48,.6322,.7146,.7122,.7166
202,"George_Washington_Carver",.4,.5,.7,.7667,.7,.72,.125,.25,.5,.5625,.5625,.5625,.1905,.3333,.5833,.6489,.6238,.6316
203,"Cathedral_of_Santiago_de_Compostela",.8,.7,.75,.7667,.8,.8,.1176,.2353,.5294,.5882,.8235,.9412,.2051,.3522,.6207,.6657,.8116,.8649
204,"Saint-Jacques_Tower",.6,.7,.8,.8,.8,.78,.2308,.3077,.4615,.4615,.4615,.6154,.3333,.4275,.5854,.5854,.5854,.688
205,"Calakmul_Campeche_Mexico",1.0,.9,.9,.9,.775,.72,.2143,.4286,.6429,.7857,.8571,.9286,.3529,.5806,.75,.839,.814,.8111
206,"Bran_Castle_in_Transylvania",1.0,1.0,.95,.9333,.925,.92,.1579,.3158,.4737,.6316,.6842,.6842,.2727,.48,.6322,.7534,.7866,.7848
207,"Mosteiro_da_Batalha",1.0,1.0,1.0,1.0,1.0,1.0,.2632,.4211,.5263,.5263,.5789,.6316,.4167,.5926,.6897,.6897,.7333,.7742
208,"Wartburg_Castle",1.0,1.0,.95,.9,.9,.92,.2,.3,.6,.75,.85,.85,.3333,.4615,.7355,.8182,.8743,.8836
209,"Fujian_Tulou_Fujian_China",1.0,.9,.95,.9333,.9,.92,.2222,.3889,.5,.5,.5556,.7222,.3636,.5431,.6552,.6512,.687,.8092
210,"Alabama_State_Capitol",.6,.7,.7,.7667,.825,.78,.1429,.3333,.5238,.6667,.7619,.8095,.2308,.4516,.5992,.7132,.7922,.7945
211,"Palazzo_dAccursio",.8,.9,.8,.7667,.725,.64,.1111,.3333,.4444,.5,.5,.5,.1951,.4865,.5714,.6053,.5918,.5614
212,"Casa_Grande_Ruins",.8,.8,.8,.8,.8,.8,.2353,.2941,.4118,.4706,.4706,.5882,.3636,.4301,.5437,.5926,.5926,.678
213,"Stravinsky_Fountain",1.0,1.0,1.0,.9667,.9,.88,.2,.4,.4667,.6,.6,.6,.3333,.5714,.6364,.7404,.72,.7135
214,"Angel_Falls_Venezuela",.8,.7,.75,.7,.625,.6,.2353,.3529,.4706,.6471,.7647,.7647,.3636,.4693,.5783,.6725,.6878,.6724
215,"Statue_of_George_IV",.8,.8,.55,.4667,.525,.46,.5,.5,.625,.625,.75,.875,.6154,.6154,.5851,.5344,.6176,.603
216,"Palacio_Barolo",1.0,1.0,.95,.9,.925,.9,.1765,.3529,.4706,.5882,.7059,.7059,.3,.5217,.6294,.7115,.8007,.7912
217,"Bridge_of_Remembrance_Christchurch_New_Zealand",.8,.7,.55,.6333,.6,.64,.3333,.4167,.5,.5833,.75,.9167,.4706,.5224,.5238,.6073,.6667,.7537
218,"John_A._Roebling_Suspension_Bridge",.0,.3,.45,.4667,.45,.5,.0,.2,.4,.6,.6667,.6667,.0,.24,.4235,.525,.5373,.5714
219,"Blue_Dome_Santorini",.8,.9,.9,.9333,.9,.92,.25,.375,.5,.6875,.6875,.75,.381,.5294,.6429,.7918,.7795,.8263
220,"Fossar_de_les_Moreres",.6,.6,.6,.5333,.5,.42,.1429,.2143,.3571,.5714,.7143,.7143,.2308,.3158,.4478,.5517,.5882,.529
221,"Luxor_Obelisk_France",.8,.8,.85,.8,.775,.78,.1875,.25,.375,.375,.4375,.5625,.3038,.381,.5204,.5106,.5593,.6536
222,"Valle_de_los_Caidos",1.0,1.0,.9,.8667,.85,.88,.2,.3,.45,.55,.6,.7,.3333,.4615,.6,.6729,.7034,.7797
--------------------
"--","Avg.",P@5,P@10,P@20,P@30,P@40,P@50,CR@5,CR@10,CR@20,CR@30,CR@40,CR@50,F1@5,F1@10,F1@20,F1@30,F1@40,F1@50
,.,8,.7905,.7863,.7736,.7637,.7597,.1519,.2517,.3974,.5054,.5821,.6443,.2519,.3765,.5191,.6003,.647,.6833
