--------------------
"Run name","output_runTAMURASumSquaredError"
--------------------
"Average P@20 = ",.7845
"Average CR@20 = ",.4007
"Average F1@20 = ",.5198
--------------------
"Query Id ","Location name",P@5,P@10,P@20,P@30,P@40,P@50,CR@5,CR@10,CR@20,CR@30,CR@40,CR@50,F1@5,F1@10,F1@20,F1@30,F1@40,F1@50
1,"angel_of_the_north",1.0,1.0,1.0,1.0,1.0,1.0,.2,.32,.44,.52,.56,.64,.3333,.4848,.6111,.6842,.7179,.7805
2,"big_ben",1.0,1.0,.9,.9,.925,.92,.2273,.3182,.3182,.5909,.6364,.7273,.3704,.4828,.4701,.7134,.754,.8124
3,"hearst_castle",1.0,.9,.9,.8667,.9,.9,.2083,.3333,.5417,.6667,.7083,.75,.3448,.4865,.6763,.7536,.7927,.8182
4,"la_madeleine",.6,.5,.4,.3333,.25,.24,.2143,.2857,.3571,.4286,.4286,.4286,.3158,.3636,.3774,.375,.3158,.3077
5,"pont_alexandre_iii",.8,.9,.85,.9,.9,.92,.12,.24,.44,.52,.64,.76,.2087,.3789,.5798,.6592,.7481,.8324
6,"neues_museum",.0,.0,.3,.4,.45,.5,.0,.0,.16,.32,.48,.52,.0,.0,.2087,.3556,.4645,.5098
7,"montezuma_castle",1.0,.9,.75,.7333,.55,.56,.3333,.5,.5833,.6667,.6667,.75,.5,.6429,.6562,.6984,.6027,.6412
8,"cn_tower",.4,.6,.6,.4667,.525,.58,.0833,.1667,.375,.375,.5,.5417,.1379,.2609,.4615,.4158,.5122,.5602
9,"acropolis_athens",1.0,1.0,.95,.9333,.925,.92,.1429,.2857,.4286,.5238,.5238,.5238,.25,.4444,.5907,.671,.6689,.6675
10,"agra_fort",.8,.8,.8,.8333,.875,.88,.16,.24,.48,.6,.68,.72,.2667,.3692,.6,.6977,.7653,.792
11,"albert_memorial",.6,.8,.9,.8667,.8,.8,.1364,.1364,.2273,.4091,.5,.6364,.2222,.233,.3629,.5558,.6154,.7089
12,"altes_museum",.6,.5,.55,.6667,.725,.76,.125,.1667,.2917,.5417,.5833,.7083,.2069,.25,.3812,.5977,.6465,.7333
13,"amiens_cathedral",1.0,.9,.9,.9333,.925,.92,.16,.24,.48,.56,.76,.8,.2759,.3789,.6261,.7,.8344,.8558
14,"angkor_wat",.8,.8,.8,.8,.8,.8,.12,.24,.44,.56,.6,.64,.2087,.3692,.5677,.6588,.6857,.7111
15,"ara_pacis",.8,.6,.75,.8,.725,.72,.1818,.2727,.5,.6364,.6364,.7273,.2963,.375,.6,.7089,.6778,.7236
16,"arc_de_triomphe",.8,.9,.9,.9333,.775,.76,.1667,.2083,.375,.4583,.5833,.625,.2759,.3383,.5294,.6148,.6656,.6859
17,"aztec_ruins",.2,.4,.3,.3,.25,.28,.04,.16,.24,.28,.28,.4,.0667,.2286,.2667,.2897,.2642,.3294
18,"berlin_cathedral",1.0,1.0,1.0,1.0,.95,.94,.16,.32,.4,.56,.64,.72,.2759,.4848,.5714,.7179,.7648,.8154
19,"bok_tower_gardens",1.0,.9,.9,.8,.8,.82,.2,.32,.48,.6,.6,.76,.3333,.4721,.6261,.6857,.6857,.7889
20,"brandenburg_gate",1.0,1.0,1.0,1.0,.925,.94,.2,.36,.48,.6,.64,.64,.3333,.5294,.6486,.75,.7565,.7615
21,"cabrillo",.4,.2,.15,.1667,.175,.16,.1538,.1538,.2308,.3077,.4615,.4615,.2222,.1739,.1818,.2162,.2538,.2376
22,"casa_batllo",1.0,1.0,1.0,1.0,1.0,.98,.16,.28,.4,.52,.56,.68,.2759,.4375,.5714,.6842,.7179,.8029
23,"casa_rosada",.8,.7,.85,.9,.925,.94,.12,.16,.4,.52,.6,.68,.2087,.2605,.544,.6592,.7279,.7891
24,"castillo_de_san_marcos",.6,.5,.7,.8,.625,.7,.12,.16,.44,.48,.52,.56,.2,.2424,.5404,.6,.5677,.6222
25,"chartres_cathedral",1.0,1.0,.95,.9667,.975,.98,.2,.28,.44,.56,.64,.84,.3333,.4375,.6014,.7092,.7728,.9046
26,"chichen_itza",.8,.8,.75,.8,.75,.78,.16,.28,.36,.56,.56,.6,.2667,.4148,.4865,.6588,.6412,.6783
27,"christ_the_redeemer_rio",.4,.4,.45,.5667,.55,.48,.087,.1304,.2609,.4783,.5217,.5217,.1429,.1967,.3303,.5187,.5355,.5
28,"civic_center_san_francisco",.6,.8,.7,.7333,.725,.72,.12,.24,.36,.56,.64,.64,.2,.3692,.4755,.6351,.6799,.6776
29,"cologne_cathedral",.8,.9,.95,.9667,.925,.94,.12,.32,.52,.6,.64,.68,.2087,.4721,.6721,.7404,.7565,.7891
30,"colosseum",1.0,1.0,1.0,1.0,1.0,.96,.2,.32,.36,.44,.56,.64,.3333,.4848,.5294,.6111,.7179,.768
31,"doge_s_palace",1.0,.8,.75,.8333,.85,.84,.12,.2,.36,.44,.44,.56,.2143,.32,.4865,.5759,.5798,.672
32,"eiffel_tower",1.0,1.0,1.0,.9667,.925,.94,.16,.2,.28,.32,.4,.48,.2759,.3333,.4375,.4808,.5585,.6355
33,"golden_gate_bridge",.8,.8,.8,.7667,.8,.8,.1304,.2609,.3913,.5217,.5217,.6087,.2243,.3934,.5255,.6209,.6316,.6914
34,"grand_palais",1.0,.8,.85,.8333,.875,.9,.1364,.1818,.4091,.4545,.5,.5455,.24,.2963,.5523,.5882,.6364,.6792
35,"guggenheim_museum_bilbao",1.0,1.0,1.0,1.0,1.0,1.0,.12,.16,.36,.44,.52,.6,.2143,.2759,.5294,.6111,.6842,.75
36,"hagia_sophia_istanbul",.8,.9,.95,.9667,.975,.96,.16,.24,.4,.48,.52,.6,.2667,.3789,.563,.6415,.6783,.7385
37,"hoover_dam",1.0,1.0,1.0,.9667,.95,.94,.2,.24,.4,.56,.68,.8,.3333,.3871,.5714,.7092,.7926,.8644
38,"humayun_tomb",1.0,.7,.75,.8,.8,.8,.16,.24,.36,.6,.72,.76,.2759,.3574,.4865,.6857,.7579,.7795
39,"iguazu_falls",.8,.8,.8,.8333,.8,.78,.12,.2,.4,.48,.68,.72,.2087,.32,.5333,.6091,.7351,.7488
40,"iolani_palace",.8,.7,.65,.6667,.675,.7,.12,.2,.32,.44,.48,.6,.2087,.3111,.4289,.5301,.561,.6462
41,"la_mezquita",.6,.4,.55,.6333,.725,.68,.125,.1667,.375,.5,.5417,.625,.2069,.2353,.4459,.5588,.6201,.6513
42,"la_rambla_barcelona",.8,.9,.95,.9333,.9,.88,.12,.24,.32,.44,.48,.6,.2087,.3789,.4787,.5981,.6261,.7135
43,"la_sainte_chapelle",1.0,.9,.85,.9,.925,.94,.16,.32,.44,.56,.68,.68,.2759,.4721,.5798,.6904,.7838,.7891
44,"liberty_memorial",.4,.6,.6,.6,.65,.66,.08,.2,.28,.32,.52,.64,.1333,.3,.3818,.4174,.5778,.6498
45,"lincoln_home",1.0,.9,.7,.7333,.675,.68,.2222,.3333,.4444,.5,.5556,.7778,.3636,.4865,.5437,.5946,.6095,.7256
46,"machu_picchu",.8,.9,.9,.8333,.775,.78,.16,.28,.48,.64,.76,.84,.2667,.4271,.6261,.724,.7674,.8089
47,"marble_arch_london",.8,.8,.75,.5333,.525,.44,.25,.4167,.6667,.6667,.75,.8333,.381,.5479,.7059,.5926,.6176,.5759
48,"milan_cathedral",1.0,1.0,1.0,.9,.875,.88,.16,.32,.44,.52,.64,.68,.2759,.4848,.6111,.6592,.7393,.7672
49,"mole_antonelliana",1.0,.9,.9,.8333,.775,.74,.16,.24,.4,.48,.56,.56,.2759,.3789,.5538,.6091,.6502,.6375
50,"mont_saint_michel",1.0,1.0,.95,.9333,.95,.94,.2,.28,.4,.56,.56,.68,.3333,.4375,.563,.7,.7046,.7891
51,"moulin_rouge",.0,.1,.2,.2333,.275,.22,.0,.125,.375,.625,.75,.75,.0,.1111,.2609,.3398,.4024,.3402
52,"nelson_s_column",1.0,1.0,.95,.9667,.95,.92,.125,.2083,.375,.4583,.5417,.625,.2222,.3448,.5377,.6218,.6899,.7443
53,"notre_dame_de_paris",.8,.7,.75,.8,.85,.88,.16,.28,.4,.48,.56,.68,.2667,.4,.5217,.6,.6752,.7672
54,"obelisco",.2,.2,.1,.1333,.175,.22,.0909,.0909,.0909,.1818,.3636,.4545,.125,.125,.0952,.1538,.2363,.2965
55,"piccadilly_circus",.8,.7,.75,.7,.725,.76,.1304,.1739,.3478,.4783,.5652,.6522,.2243,.2786,.4752,.5683,.6352,.702
56,"place_de_la_concorde",1.0,.9,.95,.9667,.975,.98,.12,.24,.44,.6,.6,.64,.2143,.3789,.6014,.7404,.7429,.7743
57,"place_de_la_republique",.4,.3,.25,.2333,.225,.22,.25,.375,.5,.75,.75,.75,.3077,.3333,.3333,.3559,.3462,.3402
58,"place_des_vosges",.8,.7,.7,.7,.675,.7,.08,.12,.16,.4,.48,.68,.1455,.2049,.2605,.5091,.561,.6899
59,"pont_du_gard",.8,.7,.75,.8333,.825,.82,.12,.16,.36,.48,.52,.56,.2087,.2605,.4865,.6091,.6379,.6655
60,"pont_neuf",.8,.7,.8,.7333,.65,.64,.12,.2,.4,.48,.6,.64,.2087,.3111,.5333,.5802,.624,.64
61,"ponte_vecchio",1.0,1.0,.85,.7333,.725,.7,.0833,.25,.375,.4583,.5833,.7083,.1538,.4,.5204,.5641,.6465,.7041
62,"puerta_de_alcala",.6,.7,.55,.5,.5,.54,.1579,.3158,.4737,.5263,.5789,.6842,.25,.4352,.509,.5128,.5366,.6036
63,"puerta_del_sol",.6,.6,.6,.6333,.475,.4,.1,.2,.3,.4,.4,.4,.1714,.3,.4,.4903,.4343,.4
64,"red_fort",1.0,1.0,1.0,1.0,1.0,1.0,.16,.36,.52,.64,.68,.72,.2759,.5294,.6842,.7805,.8095,.8372
65,"reims_cathedral",1.0,1.0,1.0,.9667,.975,.96,.16,.32,.4,.48,.6,.68,.2759,.4848,.5714,.6415,.7429,.7961
66,"rialto_bridge",1.0,1.0,1.0,.7667,.75,.72,.1875,.3125,.5,.5,.75,.75,.3158,.4762,.6667,.6053,.75,.7347
67,"roman_forum_rome",.4,.6,.7,.7333,.75,.72,.08,.2,.32,.48,.6,.64,.1333,.3,.4392,.5802,.6667,.6776
68,"sacre_coeur",.8,.7,.65,.6333,.65,.62,.1667,.25,.375,.4167,.4583,.5,.2759,.3684,.4756,.5026,.5376,.5536
69,"sagrada_familia",1.0,.9,.95,.9667,.95,.96,.16,.24,.4,.48,.52,.64,.2759,.3789,.563,.6415,.6721,.768
70,"santa_maria_novella",1.0,.6,.3,.5333,.65,.62,.16,.2,.2,.36,.44,.48,.2759,.3,.24,.4299,.5248,.5411
71,"schonbrunn_palace",1.0,.9,.95,.9667,.975,.98,.16,.24,.4,.44,.52,.6,.2759,.3789,.563,.6047,.6783,.7443
72,"seville_cathedral",.6,.8,.9,.9,.9,.92,.12,.2,.36,.48,.52,.64,.2,.32,.5143,.6261,.6592,.7549
73,"spanish_steps",1.0,.9,.8,.7,.725,.7,.1818,.2273,.3182,.4091,.6364,.6818,.3077,.3629,.4553,.5164,.6778,.6908
74,"st__basil_cathedral",1.0,1.0,1.0,.9667,.95,.88,.2,.32,.56,.64,.72,.72,.3333,.4848,.7179,.7701,.8192,.792
75,"statue_of_liberty",.8,.7,.8,.8,.775,.74,.12,.16,.24,.36,.44,.52,.2087,.2605,.3692,.4966,.5613,.6108
76,"stonehenge",.8,.9,.75,.5333,.55,.56,.1053,.2105,.3684,.4211,.5263,.5789,.186,.3412,.4941,.4706,.5379,.5693
77,"summer_palace_beijing",1.0,1.0,.95,.9,.875,.88,.16,.28,.4,.52,.56,.76,.2759,.4375,.563,.6592,.6829,.8156
78,"sydney_opera_house",1.0,1.0,.9,.9,.9,.86,.16,.24,.36,.44,.48,.52,.2759,.3871,.5143,.591,.6261,.6481
79,"teotihuacan",.8,.8,.7,.5333,.6,.6,.12,.28,.36,.4,.48,.6,.2087,.4148,.4755,.4571,.5333,.6
80,"terracotta_army",.4,.4,.45,.5,.575,.64,.1,.15,.3,.45,.65,.7,.16,.2182,.36,.4737,.6102,.6687
81,"the_blue_mosque",.8,.9,.85,.9,.925,.94,.12,.24,.36,.48,.64,.72,.2087,.3789,.5058,.6261,.7565,.8154
82,"the_henry_ford",1.0,.9,.9,.8,.75,.76,.16,.2,.36,.48,.56,.6,.2759,.3273,.5143,.6,.6412,.6706
83,"taj_mahal",1.0,.9,.9,.8667,.85,.84,.16,.28,.4,.52,.56,.68,.2759,.4271,.5538,.65,.6752,.7516
84,"tour_montparnasse",.4,.4,.35,.3667,.35,.34,.1,.15,.25,.4,.5,.5,.16,.2182,.2917,.3826,.4118,.4048
85,"tower_bridge_london",.6,.6,.55,.5667,.55,.56,.08,.16,.28,.4,.52,.64,.1412,.2526,.3711,.469,.5346,.5973
86,"trafalgar_square",.8,.6,.4,.4,.425,.46,.1818,.2273,.2273,.3636,.4091,.5,.2963,.3297,.2899,.381,.4169,.4792
87,"leaning_tower_of_pisa",.8,.7,.65,.6333,.575,.58,.12,.2,.4,.44,.52,.6,.2087,.3111,.4952,.5193,.5461,.5898
88,"hermitage_museum_saint_petersburg",1.0,1.0,.9,.7333,.775,.82,.12,.24,.32,.36,.48,.6,.2143,.3871,.4721,.4829,.5928,.693
89,"jantar_mantar_jaipur",.8,.8,.65,.6667,.65,.72,.16,.28,.44,.6,.64,.76,.2667,.4148,.5248,.6316,.645,.7395
90,"lake_titicaca_peru",.6,.6,.65,.7,.6,.6,.125,.25,.4583,.5833,.6667,.75,.2069,.3529,.5376,.6364,.6316,.6667
91,"the_great_wall_of_china",.8,.7,.85,.8667,.775,.76,.08,.2,.36,.48,.52,.56,.1455,.3111,.5058,.6178,.6224,.6448
92,"grande_arche_paris",.2,.4,.55,.6333,.625,.64,.04,.16,.36,.44,.52,.6,.0667,.2286,.4352,.5193,.5677,.6194
93,"el_angel_mexico",.8,.7,.65,.6,.6,.56,.1429,.2857,.3333,.4286,.619,.6667,.2424,.4058,.4407,.5,.6094,.6087
94,"bibliotheque_nationale_de_france",.6,.6,.6,.6667,.675,.74,.12,.24,.32,.52,.56,.64,.2,.3429,.4174,.5843,.6121,.6864
95,"kronborg_castle",1.0,.9,.75,.7,.75,.76,.2083,.3333,.4167,.4167,.5,.5833,.3448,.4865,.5357,.5224,.6,.66
96,"ajanta_caves",.8,.8,.8,.8333,.875,.86,.1364,.2273,.3182,.5455,.6364,.6818,.233,.354,.4553,.6593,.7368,.7606
97,"atomium",.8,.9,.9,.9,.85,.82,.1905,.2381,.4762,.5238,.5238,.5714,.3077,.3766,.6228,.6622,.6482,.6735
98,"ellora_caves",1.0,.9,.9,.9333,.95,.94,.1364,.2273,.3636,.4091,.5,.5,.24,.3629,.518,.5688,.6552,.6528
99,"potala_palace",1.0,.9,.9,.9333,.95,.94,.1667,.2778,.4444,.5556,.6667,.6667,.2857,.4245,.595,.6965,.7835,.7801
100,"jokhang",.6,.7,.8,.7667,.8,.78,.12,.24,.4,.52,.64,.68,.2,.3574,.5333,.6197,.7111,.7266
101,"rila_monastery",.8,.7,.85,.8333,.875,.9,.16,.24,.32,.36,.4,.52,.2667,.3574,.465,.5028,.549,.6592
102,"louvre_pyramid",.8,.9,.95,.9,.875,.8,.1667,.3333,.5,.6111,.7778,.8333,.2759,.4865,.6552,.7279,.8235,.8163
103,"brooklyn_bridge",.8,.9,.9,.8667,.875,.88,.0952,.2381,.3333,.4286,.5238,.619,.1702,.3766,.4865,.5735,.6553,.7268
104,"tower_of_london",.8,.8,.9,.8,.8,.8,.1304,.1304,.3478,.4783,.5652,.6522,.2243,.2243,.5017,.5986,.6624,.7186
105,"british_museum_london",1.0,1.0,1.0,.9667,.95,.94,.15,.2,.3,.4,.55,.65,.2609,.3333,.4615,.5659,.6967,.7686
106,"buckingham_palace",.2,.4,.65,.4333,.425,.4,.05,.2,.25,.25,.25,.3,.08,.2667,.3611,.3171,.3148,.3429
107,"charles_bridge_prague",1.0,.9,.7,.7,.65,.58,.1667,.2083,.2083,.2917,.375,.375,.2857,.3383,.3211,.4118,.4756,.4555
108,"champs_elysees_paris",.6,.6,.65,.5667,.525,.5,.1333,.2,.4,.4667,.5333,.5333,.2182,.3,.4952,.5118,.5291,.5161
109,"chrysler_building",1.0,1.0,1.0,1.0,1.0,1.0,.1429,.2143,.5,.5714,.6429,.7857,.25,.3529,.6667,.7273,.7826,.88
110,"moma_new_york",.6,.7,.8,.7667,.825,.84,.1579,.3158,.4211,.4211,.5263,.5789,.25,.4352,.5517,.5436,.6426,.6855
111,"grand_central_terminal",1.0,1.0,.9,.8667,.825,.84,.0952,.1905,.3333,.381,.4286,.4286,.1739,.32,.4865,.5293,.5641,.5676
112,"houses_of_parliament",1.0,1.0,.9,.9,.925,.94,.1739,.1739,.3913,.4783,.4783,.4783,.2963,.2963,.5455,.6246,.6305,.634
113,"alexanderplatz_berlin",.4,.6,.6,.6667,.625,.64,.08,.2,.32,.44,.52,.6,.1333,.3,.4174,.5301,.5677,.6194
114,"centre_pompidou",.8,.7,.7,.6333,.625,.66,.2222,.2778,.3889,.4444,.5556,.6111,.3478,.3977,.5,.5223,.5882,.6346
115,"sydney_harbour_bridge",1.0,1.0,1.0,1.0,1.0,1.0,.25,.375,.5,.625,.625,.6875,.4,.5455,.6667,.7692,.7692,.8148
116,"pier_39",1.0,1.0,1.0,.9,.9,.88,.1905,.2381,.381,.5714,.619,.6667,.32,.3846,.5517,.699,.7335,.7586
117,"coit_tower",.6,.7,.65,.7333,.625,.58,.1333,.3333,.4667,.6667,.6667,.6667,.2182,.4516,.5433,.6984,.6452,.6203
118,"st_paul_s_cathedral_london",1.0,.9,.9,.8333,.825,.8,.2353,.3529,.5294,.5882,.5882,.6471,.381,.507,.6667,.6897,.6868,.7154
119,"cloud_gate",.6,.6,.75,.8333,.85,.72,.25,.3333,.5,.5833,.6667,.6667,.3529,.4286,.6,.6863,.7473,.6923
120,"musee_d_orsay",1.0,1.0,1.0,1.0,.9,.92,.1905,.3333,.5238,.619,.619,.7619,.32,.5,.6875,.7647,.7335,.8335
121,"pike_place_market",1.0,1.0,.95,.8667,.9,.9,.1905,.3333,.4286,.4762,.5238,.619,.32,.5,.5907,.6147,.6622,.7335
122,"royal_palace_madrid",.6,.3,.6,.7,.775,.78,.1364,.1364,.3182,.4545,.5455,.5455,.2222,.1875,.4158,.5512,.6403,.642
123,"sony_center_berlin",.8,.9,.95,.9333,.95,.94,.1429,.2381,.3333,.4762,.5238,.5714,.2424,.3766,.4935,.6306,.6753,.7108
124,"red_square_moscow",.8,.9,.7,.6333,.675,.7,.1429,.2381,.3333,.4286,.5714,.5714,.2424,.3766,.4516,.5112,.6189,.6292
125,"prague_castle",1.0,1.0,.95,.9333,.925,.9,.16,.2,.4,.56,.72,.76,.2759,.3333,.563,.7,.8097,.8241
126,"musee_du_louvre",1.0,1.0,1.0,.9667,.975,.98,.16,.24,.44,.48,.6,.68,.2759,.3871,.6111,.6415,.7429,.8029
127,"millennium_bridge_london",1.0,1.0,.8,.8,.775,.82,.2,.36,.48,.48,.52,.56,.3333,.5294,.6,.6,.6224,.6655
128,"casa_mila",1.0,1.0,1.0,1.0,.975,.96,.2,.32,.4,.48,.56,.64,.3333,.4848,.5714,.6486,.7114,.768
129,"national_gallery_london",1.0,1.0,.8,.7,.6,.66,.2273,.3182,.4545,.5,.5455,.6364,.3704,.4828,.5797,.5833,.5714,.648
130,"national_mall",1.0,1.0,1.0,.9667,.925,.86,.2,.36,.52,.64,.76,.76,.3333,.5294,.6842,.7701,.8344,.8069
131,"london_city_hall",1.0,1.0,1.0,.9,.85,.84,.2,.35,.5,.6,.6,.6,.3333,.5185,.6667,.72,.7034,.7
132,"holocaust_memorial",.6,.7,.65,.5667,.575,.52,.1875,.25,.3125,.5,.625,.6875,.2857,.3684,.4221,.5312,.599,.5921
133,"columbus_circle",.4,.5,.5,.5,.525,.5,.08,.16,.2,.36,.56,.6,.1333,.2424,.2857,.4186,.5419,.5455
134,"siegessaeule",.8,.9,.7,.5333,.475,.46,.12,.28,.36,.4,.44,.52,.2087,.4271,.4755,.4571,.4568,.4882
135,"jardin_du_luxembourg",1.0,1.0,.9,.9333,.95,.96,.12,.28,.44,.56,.68,.68,.2143,.4375,.591,.7,.7926,.7961
136,"merlion_singapore",.2,.1,.25,.2333,.25,.32,.0455,.0455,.1818,.2273,.3182,.5455,.0741,.0625,.2105,.2303,.28,.4034
137,"harrods_london",.6,.8,.9,.9,.9,.82,.08,.24,.36,.48,.64,.68,.1412,.3692,.5143,.6261,.7481,.7435
138,"metropolitan_museum_of_art_new_york",1.0,1.0,1.0,1.0,1.0,.98,.2,.36,.48,.56,.6,.6,.3333,.5294,.6486,.7179,.75,.7443
139,"new_york_stock_exchange",.8,.8,.75,.7,.7,.66,.2,.25,.35,.4,.45,.5,.32,.381,.4773,.5091,.5478,.569
140,"stephansdom_vienna",1.0,1.0,.95,.9667,.95,.96,.16,.28,.48,.64,.68,.72,.2759,.4375,.6378,.7701,.7926,.8229
141,"hms_belfast",1.0,.8,.9,.9333,.95,.96,.2,.28,.36,.44,.48,.6,.3333,.4148,.5143,.5981,.6378,.7385
142,"leicester_square",.8,.7,.8,.7333,.775,.74,.16,.2,.32,.36,.52,.6,.2667,.3111,.4571,.4829,.6224,.6627
143,"ciudad_de_las_artes_y_las_ciencias",1.0,1.0,1.0,.9667,.975,.96,.16,.28,.48,.64,.64,.72,.2759,.4375,.6486,.7701,.7728,.8229
144,"topkapi_palace",1.0,1.0,1.0,1.0,1.0,.98,.12,.24,.44,.56,.68,.76,.2143,.3871,.6111,.7179,.8095,.8561
145,"royal_albert_hall",1.0,.9,.75,.7,.7,.58,.16,.2,.32,.44,.48,.52,.2759,.3273,.4486,.5404,.5695,.5484
146,"st_vitus_cathedral",1.0,.9,.95,.9667,.95,.96,.16,.2,.36,.52,.6,.6,.2759,.3273,.5221,.6762,.7355,.7385
147,"castello_sforzesco",.8,.9,.95,.9667,.9,.86,.12,.24,.32,.4,.44,.48,.2087,.3789,.4787,.5659,.591,.6161
148,"rijksmuseum_amsterdam",1.0,1.0,1.0,1.0,1.0,1.0,.12,.2,.4,.48,.56,.72,.2143,.3333,.5714,.6486,.7179,.8372
149,"dam_square",.8,.6,.7,.7667,.725,.72,.12,.2,.4,.44,.52,.52,.2087,.3,.5091,.5591,.6056,.6039
150,"rathaus_vienna",1.0,.8,.8,.8,.775,.76,.12,.24,.36,.48,.52,.56,.2143,.3692,.4966,.6,.6224,.6448
151,"bath_abbey",1.0,1.0,1.0,1.0,1.0,.96,.2,.32,.4,.56,.68,.72,.3333,.4848,.5714,.7179,.8095,.8229
152,"salisbury_cathedral",1.0,1.0,1.0,1.0,.95,.94,.16,.24,.36,.52,.52,.56,.2759,.3871,.5294,.6842,.6721,.7019
153,"templo_de_debod",.0,.3,.4,.4667,.425,.4,.0,.1364,.2727,.4091,.4545,.5455,.0,.1875,.3243,.436,.4393,.4615
154,"Niagara_Falls",.2,.6,.65,.6333,.625,.66,.0455,.2273,.4091,.4545,.5455,.5455,.0741,.3297,.5021,.5292,.5825,.5973
155,"Golden_Gate_Bridge_in_San_Francisco",1.0,1.0,.9,.9,.925,.94,.1364,.1818,.4091,.6364,.6818,.6818,.24,.3077,.5625,.7456,.785,.7904
156,"Neuschwanstein_Castle",1.0,1.0,.95,.9,.9,.9,.16,.2,.4,.6,.72,.72,.2759,.3333,.563,.72,.8,.8
157,"Christ_Church_Cathedral_Missouri",.8,.9,.95,.9333,.9,.92,.08,.2,.44,.52,.6,.72,.1455,.3273,.6014,.6679,.72,.8078
158,"Mount_Rushmore_in_South_Dakota",1.0,.9,.85,.8667,.85,.82,.16,.24,.44,.56,.6,.64,.2759,.3789,.5798,.6804,.7034,.7189
159,"Puerta_de_Toledo",.2,.3,.15,.1,.075,.06,.5,1.0,1.0,1.0,1.0,1.0,.2857,.4615,.2609,.1818,.1395,.1132
160,"Urquhart_Castle",.8,.8,.85,.8667,.8,.8,.1667,.2917,.5,.5833,.625,.7083,.2759,.4275,.6296,.6973,.7018,.7514
161,"Gare_du_Nord_Paris",.8,.7,.6,.6667,.75,.8,.12,.24,.32,.36,.36,.36,.2087,.3574,.4174,.4675,.4865,.4966
162,"Newgrange_in_Ireland",.4,.5,.6,.7,.65,.62,.0833,.1667,.3333,.4583,.5,.5,.1379,.25,.4286,.554,.5652,.5536
163,"Windmills_at_Kinderdijk",.8,.9,.9,.9333,.95,.9,.08,.24,.4,.52,.56,.64,.1455,.3789,.5538,.6679,.7046,.7481
164,"Conciergerie",1.0,.9,.95,.9667,.975,.96,.2,.32,.36,.56,.68,.76,.3333,.4721,.5221,.7092,.8012,.8484
165,"Palazzo_Madama",.8,.8,.85,.8,.725,.7,.1818,.2727,.5,.6364,.6818,.6818,.2963,.4068,.6296,.7089,.7027,.6908
166,"Split_Rock_Lighthouse",.8,.7,.75,.8,.775,.8,.12,.2,.28,.36,.36,.44,.2087,.3111,.4078,.4966,.4916,.5677
167,"The_Little_Mermaid_Denmark",.8,.8,.85,.8,.725,.64,.2857,.3571,.7143,.7143,.7857,.7857,.4211,.4938,.7763,.7547,.7541,.7054
168,"Great_Pyramid_of_Giza",.8,.7,.65,.6333,.6,.62,.2,.4,.5333,.6,.6667,.8,.32,.5091,.5859,.6162,.6316,.6986
169,"Pitti_Palace",.8,.9,.9,.9,.8,.74,.1364,.2727,.4545,.5455,.5909,.6364,.233,.4186,.604,.6792,.6797,.6843
170,"Georgia_State_Capitol",.8,.7,.6,.5,.45,.4,.1053,.2105,.2105,.2632,.2632,.3158,.186,.3237,.3117,.3448,.3321,.3529
171,"Dome_des_Invalides",1.0,1.0,1.0,1.0,1.0,.98,.16,.28,.44,.48,.68,.72,.2759,.4375,.6111,.6486,.8095,.8301
172,"Reggia_di_Caserta",.8,.6,.6,.6667,.65,.64,.16,.2,.44,.56,.64,.68,.2667,.3,.5077,.6087,.645,.6594
173,"The_Burj_al_Arab_Hotel",.6,.7,.8,.7333,.775,.8,.12,.28,.48,.6,.68,.72,.2,.4,.6,.66,.7244,.7579
174,"Elephanta_Caves",1.0,.9,.9,.9333,.925,.94,.1667,.2917,.4583,.5417,.5417,.7083,.2857,.4406,.6074,.6855,.6832,.8079
175,"Basilica_of_Santa_Croce",1.0,1.0,1.0,1.0,1.0,1.0,.16,.28,.44,.6,.6,.6,.2759,.4375,.6111,.75,.75,.75
176,"Aachen_Cathedral",.8,.9,.95,.9333,.95,.94,.16,.28,.44,.56,.68,.68,.2667,.4271,.6014,.7,.7926,.7891
177,"Monument_to_the_Great_Fire_of_London",.8,.7,.8,.6667,.7,.7,.12,.24,.48,.52,.64,.68,.2087,.3574,.6,.5843,.6687,.6899
178,"Longmen_Grottoes",.6,.5,.6,.6,.6,.62,.12,.2,.36,.52,.64,.8,.2,.2857,.45,.5571,.6194,.6986
179,"Louisiana_State_Capitol",.2,.1,.2,.2,.3,.28,.04,.04,.12,.16,.4,.44,.0667,.0571,.15,.1778,.3429,.3422
180,"The_Great_Sphinx_at_Giza",1.0,.9,.85,.8667,.825,.86,.16,.24,.32,.48,.52,.64,.2759,.3789,.465,.6178,.6379,.7339
181,"Teatro_Real_Madrid",1.0,1.0,1.0,.8667,.825,.86,.2174,.3913,.6087,.7826,.8261,.913,.3571,.5625,.7568,.8225,.8255,.8857
182,"Palacio_de_la_Magdalena",.6,.6,.55,.7,.75,.78,.12,.2,.36,.56,.72,.76,.2,.3,.4352,.6222,.7347,.7699
183,"Sowjetisches_Ehrenmal",.8,.4,.45,.5333,.625,.64,.12,.12,.28,.4,.52,.56,.2087,.1846,.3452,.4571,.5677,.5973
184,"Cathedral_of_Trier",1.0,1.0,1.0,1.0,1.0,.94,.2,.36,.48,.6,.72,.8,.3333,.5294,.6486,.75,.8372,.8644
185,"Saint_Mary_of_the_Flower",.4,.3,.3,.3667,.4,.38,.04,.08,.16,.32,.36,.4,.0727,.1263,.2087,.3417,.3789,.3897
186,"Skellig_Michael",1.0,1.0,.75,.7667,.75,.7,.16,.28,.36,.56,.64,.68,.2759,.4375,.4865,.6472,.6906,.6899
187,"Chicago_Board_of_Trade_Building",1.0,1.0,.85,.7667,.725,.72,.2273,.3636,.4545,.5,.5909,.6818,.3704,.5333,.5923,.6053,.6511,.7004
188,"Pont_de_Normandie_France",1.0,1.0,.95,.9667,.95,.96,.2105,.3684,.6316,.7368,.7895,.8421,.3478,.5385,.7587,.8363,.8623,.8972
189,"Palazzo_Rosso",.0,.0,.05,.0333,.05,.06,.0,.0,.0417,.0417,.0833,.125,.0,.0,.0455,.037,.0625,.0811
190,"Piazza_Vittorio_Veneto",.8,.8,.7,.6333,.525,.44,.125,.3125,.4375,.5625,.625,.625,.2162,.4494,.5385,.5958,.5707,.5164
191,"Sforza_Castle",1.0,.9,.95,.9,.9,.92,.16,.28,.4,.56,.64,.72,.2759,.4271,.563,.6904,.7481,.8078
192,"Torres_KIO",1.0,1.0,.9,.8667,.9,.9,.16,.32,.48,.52,.56,.64,.2759,.4848,.6261,.65,.6904,.7481
193,"Torre_Picasso",.8,.8,.85,.7667,.75,.78,.1667,.25,.4583,.5833,.6667,.75,.2759,.381,.5955,.6626,.7059,.7647
194,"The_Palace_of_Parliament_in_Bucharest",.8,.9,.95,.9667,.95,.9,.16,.28,.48,.56,.64,.68,.2667,.4271,.6378,.7092,.7648,.7747
195,"Ernest_Hemingway_House",.6,.7,.7,.7667,.8,.82,.12,.28,.4,.56,.68,.72,.2,.4,.5091,.6472,.7351,.7668
196,"Castel_dellOvo_Napoli",.6,.7,.85,.9,.9,.88,.12,.28,.44,.64,.76,.76,.2,.4,.5798,.7481,.8241,.8156
197,"Villa_Borghese_gardens",1.0,1.0,1.0,1.0,1.0,1.0,.16,.32,.48,.56,.64,.72,.2759,.4848,.6486,.7179,.7805,.8372
198,"Saint_Marks_Basilica",1.0,1.0,1.0,1.0,1.0,1.0,.2,.28,.48,.48,.48,.48,.3333,.4375,.6486,.6486,.6486,.6486
199,"Mausoleum_of_the_First_Qin_Emperor",.8,.9,.85,.8667,.9,.86,.16,.32,.48,.52,.68,.72,.2667,.4721,.6135,.65,.7747,.7838
200,"Mausoleum_of_Hadrian",.6,.8,.65,.7333,.75,.62,.1667,.4444,.5,.5,.6111,.6111,.2609,.5714,.5652,.5946,.6735,.6155
201,"Piazza_de_Ferrari",1.0,1.0,.95,.9333,.925,.94,.1579,.3158,.4737,.5789,.5789,.5789,.2727,.48,.6322,.7146,.7122,.7166
202,"George_Washington_Carver",.6,.6,.7,.7,.775,.78,.125,.25,.4375,.5,.5625,.5625,.2069,.3529,.5385,.5833,.6519,.6536
203,"Cathedral_of_Santiago_de_Compostela",.8,.7,.7,.7667,.775,.82,.1765,.2941,.4706,.6471,.7647,.8824,.2892,.4142,.5628,.7018,.7698,.85
204,"Saint-Jacques_Tower",.8,.9,.85,.8333,.8,.74,.3077,.3846,.3846,.3846,.4615,.5385,.4444,.5389,.5296,.5263,.5854,.6233
205,"Calakmul_Campeche_Mexico",1.0,.9,.95,.9,.875,.84,.2143,.2857,.5,.7143,.7857,.7857,.3529,.4337,.6552,.7965,.828,.812
206,"Bran_Castle_in_Transylvania",1.0,1.0,.95,.9333,.925,.92,.1579,.3158,.4737,.6316,.6842,.6842,.2727,.48,.6322,.7534,.7866,.7848
207,"Mosteiro_da_Batalha",1.0,1.0,1.0,1.0,1.0,1.0,.2632,.3158,.4737,.5789,.7368,.7368,.4167,.48,.6429,.7333,.8485,.8485
208,"Wartburg_Castle",1.0,1.0,.95,.9,.9,.92,.2,.3,.6,.75,.85,.85,.3333,.4615,.7355,.8182,.8743,.8836
209,"Fujian_Tulou_Fujian_China",1.0,.9,.95,.9333,.9,.92,.2222,.3889,.5,.5,.5556,.7222,.3636,.5431,.6552,.6512,.687,.8092
210,"Alabama_State_Capitol",.6,.7,.7,.7667,.825,.78,.1429,.3333,.5238,.6667,.7619,.8095,.2308,.4516,.5992,.7132,.7922,.7945
211,"Palazzo_dAccursio",.8,.8,.8,.7,.625,.62,.1667,.2778,.5,.5,.5,.5556,.2759,.4124,.6154,.5833,.5556,.586
212,"Casa_Grande_Ruins",1.0,1.0,.85,.8,.8,.84,.2353,.2941,.4118,.4706,.4706,.5294,.381,.4545,.5548,.5926,.5926,.6495
213,"Stravinsky_Fountain",1.0,1.0,1.0,.9667,.9,.88,.2,.4,.4667,.6,.6,.6,.3333,.5714,.6364,.7404,.72,.7135
214,"Angel_Falls_Venezuela",.8,.7,.7,.6333,.6,.54,.2353,.3529,.5294,.5882,.6471,.6471,.3636,.4693,.6029,.61,.6226,.5887
215,"Statue_of_George_IV",.8,.8,.5,.5,.5,.44,.5,.5,.5,.5,.75,.875,.6154,.6154,.5,.5,.6,.5856
216,"Palacio_Barolo",1.0,1.0,.95,.9,.925,.9,.1765,.3529,.4706,.5882,.7059,.7059,.3,.5217,.6294,.7115,.8007,.7912
217,"Bridge_of_Remembrance_Christchurch_New_Zealand",1.0,.8,.65,.6667,.6,.58,.3333,.5,.5833,.6667,.8333,.8333,.5,.6154,.6149,.6667,.6977,.684
218,"John_A._Roebling_Suspension_Bridge",.6,.4,.4,.4,.475,.42,.2,.2667,.4667,.6,.6667,.6667,.3,.32,.4308,.48,.5547,.5153
219,"Blue_Dome_Santorini",.8,.9,.9,.9333,.9,.92,.25,.375,.5,.6875,.6875,.75,.381,.5294,.6429,.7918,.7795,.8263
220,"Fossar_de_les_Moreres",.8,.5,.45,.4667,.45,.48,.1429,.1429,.2857,.5,.6429,.7857,.2424,.2222,.3495,.4828,.5294,.5959
221,"Luxor_Obelisk_France",.8,.8,.85,.8,.775,.78,.1875,.25,.375,.375,.4375,.5625,.3038,.381,.5204,.5106,.5593,.6536
222,"Valle_de_los_Caidos",1.0,1.0,.9,.8667,.85,.88,.2,.3,.45,.55,.6,.7,.3333,.4615,.6,.6729,.7034,.7797
--------------------
"--","Avg.",P@5,P@10,P@20,P@30,P@40,P@50,CR@5,CR@10,CR@20,CR@30,CR@40,CR@50,F1@5,F1@10,F1@20,F1@30,F1@40,F1@50
,.,8054,.7914,.7845,.7757,.7673,.7611,.1551,.2582,.4007,.5055,.5817,.6422,.2549,.3808,.5198,.6003,.6478,.6822
