--------------------
"Run name","output_runLUMXBIndex"
--------------------
"Average P@20 = ",.7655
"Average CR@20 = ",.413
"Average F1@20 = ",.528
--------------------
"Query Id ","Location name",P@5,P@10,P@20,P@30,P@40,P@50,CR@5,CR@10,CR@20,CR@30,CR@40,CR@50,F1@5,F1@10,F1@20,F1@30,F1@40,F1@50
1,"angel_of_the_north",1.0,1.0,1.0,1.0,1.0,1.0,.2,.32,.48,.52,.56,.6,.3333,.4848,.6486,.6842,.7179,.75
2,"big_ben",.8,.8,.85,.7333,.725,.72,.1364,.1364,.3182,.4091,.5,.5455,.233,.233,.463,.5252,.5918,.6207
3,"hearst_castle",1.0,.9,.9,.8667,.9,.9,.2083,.3333,.5,.6667,.75,.8333,.3448,.4865,.6429,.7536,.8182,.8654
4,"la_madeleine",.2,.1,.15,.2667,.4,.44,.0714,.0714,.2143,.3571,.5714,.6429,.1053,.0833,.1765,.3053,.4706,.5224
5,"pont_alexandre_iii",1.0,1.0,.95,.9,.875,.88,.16,.32,.48,.6,.68,.8,.2759,.4848,.6378,.72,.7653,.8381
6,"neues_museum",.4,.5,.7,.7,.625,.5,.08,.2,.36,.56,.6,.6,.1333,.2857,.4755,.6222,.6122,.5455
7,"montezuma_castle",1.0,.9,.95,.7333,.55,.52,.3333,.4167,.6667,.6667,.6667,.75,.5,.5696,.7835,.6984,.6027,.6142
8,"cn_tower",.6,.6,.6,.6333,.7,.72,.125,.1667,.3333,.4583,.625,.7083,.2069,.2609,.4286,.5318,.6604,.7141
9,"acropolis_athens",1.0,.9,.85,.8,.825,.84,.1429,.2381,.3333,.4762,.5238,.5238,.25,.3766,.4789,.597,.6408,.6453
10,"agra_fort",.6,.7,.8,.8667,.85,.86,.12,.2,.32,.44,.56,.64,.2,.3111,.4571,.5837,.6752,.7339
11,"albert_memorial",.8,.8,.75,.8,.775,.82,.1818,.2727,.4091,.6364,.6364,.6818,.2963,.4068,.5294,.7089,.6989,.7446
12,"altes_museum",.4,.6,.65,.7667,.75,.74,.0833,.25,.4167,.5417,.625,.7083,.1379,.3529,.5078,.6348,.6818,.7238
13,"amiens_cathedral",.8,.9,.95,.9667,.925,.94,.16,.32,.56,.64,.72,.76,.2667,.4721,.7046,.7701,.8097,.8405
14,"angkor_wat",.4,.5,.65,.6333,.7,.74,.04,.12,.28,.4,.52,.68,.0727,.1935,.3914,.4903,.5967,.7087
15,"ara_pacis",1.0,.8,.75,.7,.725,.74,.1818,.2727,.4091,.4545,.5455,.6364,.3077,.4068,.5294,.5512,.6225,.6843
16,"arc_de_triomphe",1.0,.8,.7,.8,.725,.74,.2083,.2917,.4583,.7083,.75,.7917,.3448,.4275,.554,.7514,.7373,.765
17,"aztec_ruins",.0,.0,.2,.2333,.3,.3,.0,.0,.16,.28,.4,.48,.0,.0,.1778,.2545,.3429,.3692
18,"berlin_cathedral",1.0,1.0,.95,.9333,.925,.94,.2,.36,.48,.64,.72,.72,.3333,.5294,.6378,.7593,.8097,.8154
19,"bok_tower_gardens",1.0,.9,.9,.9,.925,.9,.16,.24,.52,.64,.8,.84,.2759,.3789,.6592,.7481,.858,.869
20,"brandenburg_gate",1.0,.9,.95,.9667,.95,.94,.2,.24,.44,.56,.64,.68,.3333,.3789,.6014,.7092,.7648,.7891
21,"cabrillo",.2,.1,.1,.1,.1,.1,.0769,.0769,.1538,.2308,.3077,.3077,.1111,.087,.1212,.1395,.1509,.1509
22,"casa_batllo",1.0,1.0,.95,.9667,.975,.98,.12,.28,.52,.68,.68,.76,.2143,.4375,.6721,.7984,.8012,.8561
23,"casa_rosada",.8,.9,.95,.9333,.9,.88,.12,.24,.44,.56,.72,.76,.2087,.3789,.6014,.7,.8,.8156
24,"castillo_de_san_marcos",.6,.6,.65,.7667,.825,.84,.08,.16,.32,.48,.56,.68,.1412,.2526,.4289,.5904,.6671,.7516
25,"chartres_cathedral",1.0,1.0,1.0,1.0,1.0,.96,.16,.24,.44,.56,.64,.76,.2759,.3871,.6111,.7179,.7805,.8484
26,"chichen_itza",.8,.8,.9,.9333,.95,.94,.16,.24,.4,.64,.76,.76,.2667,.3692,.5538,.7593,.8444,.8405
27,"christ_the_redeemer_rio",.6,.6,.6,.7,.675,.64,.1304,.2174,.3478,.6087,.7391,.7826,.2143,.3191,.4404,.6512,.7056,.7042
28,"civic_center_san_francisco",.8,.8,.65,.6333,.625,.54,.16,.28,.36,.48,.56,.56,.2667,.4148,.4634,.5461,.5907,.5498
29,"cologne_cathedral",1.0,1.0,1.0,1.0,1.0,.98,.16,.28,.48,.56,.68,.68,.2759,.4375,.6486,.7179,.8095,.8029
30,"colosseum",1.0,1.0,.95,.9333,.825,.78,.2,.36,.6,.64,.68,.76,.3333,.5294,.7355,.7593,.7455,.7699
31,"doge_s_palace",.6,.8,.9,.9333,.925,.8,.08,.24,.4,.48,.52,.56,.1412,.3692,.5538,.634,.6657,.6588
32,"eiffel_tower",.8,.9,.95,.9667,.975,.98,.12,.24,.32,.36,.48,.56,.2087,.3789,.4787,.5246,.6433,.7127
33,"golden_gate_bridge",1.0,.7,.6,.6333,.675,.68,.1304,.1739,.2174,.3478,.4348,.5217,.2308,.2786,.3191,.449,.5289,.5904
34,"grand_palais",.8,.9,.9,.9333,.9,.92,.1364,.2727,.4091,.5455,.6364,.6818,.233,.4186,.5625,.6885,.7456,.7832
35,"guggenheim_museum_bilbao",1.0,1.0,.95,.9333,.95,.94,.16,.28,.48,.56,.64,.68,.2759,.4375,.6378,.7,.7648,.7891
36,"hagia_sophia_istanbul",1.0,1.0,.95,.9667,.975,.98,.08,.24,.32,.48,.52,.56,.1481,.3871,.4787,.6415,.6783,.7127
37,"hoover_dam",1.0,1.0,.9,.9333,.875,.88,.16,.24,.44,.6,.72,.76,.2759,.3871,.591,.7304,.79,.8156
38,"humayun_tomb",.8,.9,.9,.9333,.875,.86,.12,.24,.4,.6,.68,.76,.2087,.3789,.5538,.7304,.7653,.8069
39,"iguazu_falls",.6,.7,.7,.7667,.825,.82,.08,.16,.4,.48,.68,.8,.1412,.2605,.5091,.5904,.7455,.8099
40,"iolani_palace",1.0,.9,.8,.8333,.85,.82,.2,.24,.32,.44,.6,.72,.3333,.3789,.4571,.5759,.7034,.7668
41,"la_mezquita",.6,.7,.65,.6,.575,.56,.125,.2917,.375,.5,.625,.6667,.2069,.4118,.4756,.5455,.599,.6087
42,"la_rambla_barcelona",1.0,1.0,.9,.8667,.875,.86,.12,.28,.4,.48,.6,.6,.2143,.4375,.5538,.6178,.7119,.7068
43,"la_sainte_chapelle",1.0,1.0,.95,.9,.9,.9,.2,.32,.56,.64,.76,.8,.3333,.4848,.7046,.7481,.8241,.8471
44,"liberty_memorial",.8,.9,.9,.9333,.875,.76,.08,.24,.44,.64,.64,.64,.1455,.3789,.591,.7593,.7393,.6949
45,"lincoln_home",.8,.6,.75,.7333,.7,.64,.2222,.3333,.5556,.6667,.7778,.8333,.3478,.4286,.6383,.6984,.7368,.724
46,"machu_picchu",1.0,1.0,.75,.7667,.825,.82,.2,.36,.44,.52,.52,.56,.3333,.5294,.5546,.6197,.6379,.6655
47,"marble_arch_london",.6,.7,.45,.4333,.325,.34,.1667,.25,.4167,.6667,.6667,.75,.2609,.3684,.4327,.5253,.437,.4679
48,"milan_cathedral",1.0,.8,.85,.9,.9,.9,.2,.24,.44,.56,.72,.76,.3333,.3692,.5798,.6904,.8,.8241
49,"mole_antonelliana",.8,.7,.75,.7,.725,.7,.16,.2,.32,.44,.48,.56,.2667,.3111,.4486,.5404,.5776,.6222
50,"mont_saint_michel",1.0,1.0,.95,.9667,.9,.92,.16,.28,.4,.56,.6,.6,.2759,.4375,.563,.7092,.72,.7263
51,"moulin_rouge",.0,.0,.05,.0333,.1,.08,.0,.0,.125,.125,.25,.25,.0,.0,.0714,.0526,.1429,.1212
52,"nelson_s_column",1.0,.9,.95,.9667,.975,.98,.1667,.2917,.4583,.625,.75,.7917,.2857,.4406,.6183,.7592,.8478,.8758
53,"notre_dame_de_paris",.8,.8,.9,.9,.875,.86,.16,.32,.44,.48,.56,.64,.2667,.4571,.591,.6261,.6829,.7339
54,"obelisco",.2,.1,.15,.1333,.125,.14,.0909,.0909,.1818,.2727,.2727,.3636,.125,.0952,.1644,.1791,.1714,.2022
55,"piccadilly_circus",.8,.8,.85,.7667,.725,.72,.1739,.3043,.4348,.5652,.6522,.6957,.2857,.4409,.5753,.6507,.6867,.7076
56,"place_de_la_concorde",1.0,1.0,1.0,1.0,1.0,.96,.12,.2,.48,.64,.68,.72,.2143,.3333,.6486,.7805,.8095,.8229
57,"place_de_la_republique",.2,.1,.1,.1333,.1,.14,.125,.125,.25,.375,.375,.625,.1538,.1111,.1429,.1967,.1579,.2288
58,"place_des_vosges",.8,.8,.7,.7,.725,.72,.16,.24,.4,.56,.64,.68,.2667,.3692,.5091,.6222,.6799,.6994
59,"pont_du_gard",1.0,.7,.75,.6667,.625,.64,.16,.2,.36,.4,.4,.44,.2759,.3111,.4865,.5,.4878,.5215
60,"pont_neuf",.8,.7,.7,.6333,.625,.58,.16,.28,.4,.44,.64,.68,.2667,.4,.5091,.5193,.6324,.626
61,"ponte_vecchio",.8,.9,.75,.6667,.675,.68,.125,.1667,.3333,.4167,.5417,.5833,.2162,.2812,.4615,.5128,.601,.628
62,"puerta_de_alcala",.4,.3,.35,.4333,.525,.56,.1053,.1579,.2632,.5263,.5789,.5789,.1667,.2069,.3004,.4753,.5507,.5693
63,"puerta_del_sol",.8,.7,.5,.4667,.4,.38,.15,.25,.35,.4,.45,.55,.2526,.3684,.4118,.4308,.4235,.4495
64,"red_fort",1.0,1.0,1.0,1.0,1.0,1.0,.2,.28,.48,.6,.68,.72,.3333,.4375,.6486,.75,.8095,.8372
65,"reims_cathedral",1.0,.9,.9,.9333,.925,.86,.2,.28,.52,.6,.64,.68,.3333,.4271,.6592,.7304,.7565,.7595
66,"rialto_bridge",.6,.6,.55,.5,.525,.58,.125,.25,.375,.375,.375,.5625,.2069,.3529,.4459,.4286,.4375,.5711
67,"roman_forum_rome",.8,.7,.8,.8,.775,.82,.16,.28,.4,.4,.48,.56,.2667,.4,.5333,.5333,.5928,.6655
68,"sacre_coeur",.4,.4,.5,.5333,.525,.52,.0833,.1667,.375,.5833,.6667,.6667,.1379,.2353,.4286,.5572,.5874,.5843
69,"sagrada_familia",1.0,1.0,1.0,.9667,.95,.94,.2,.32,.48,.6,.72,.76,.3333,.4848,.6486,.7404,.8192,.8405
70,"santa_maria_novella",.6,.6,.45,.4667,.425,.4,.12,.2,.24,.32,.4,.52,.2,.3,.313,.3797,.4121,.4522
71,"schonbrunn_palace",1.0,1.0,.95,.9667,.975,.96,.16,.24,.44,.56,.64,.76,.2759,.3871,.6014,.7092,.7728,.8484
72,"seville_cathedral",.6,.8,.85,.9,.9,.92,.12,.28,.48,.64,.68,.72,.2,.4148,.6135,.7481,.7747,.8078
73,"spanish_steps",.6,.6,.65,.6,.625,.64,.0455,.1364,.2727,.4091,.5,.6364,.0845,.2222,.3842,.4865,.5556,.6382
74,"st__basil_cathedral",.8,.9,.85,.8667,.85,.84,.16,.28,.48,.56,.72,.8,.2667,.4271,.6135,.6804,.7796,.8195
75,"statue_of_liberty",1.0,.9,.95,.9,.9,.9,.2,.36,.52,.6,.6,.6,.3333,.5143,.6721,.72,.72,.72
76,"stonehenge",1.0,.7,.6,.5333,.525,.52,.2105,.2105,.3684,.4211,.4737,.5263,.3478,.3237,.4565,.4706,.498,.5231
77,"summer_palace_beijing",1.0,1.0,1.0,.9667,.9,.88,.12,.28,.48,.64,.72,.76,.2143,.4375,.6486,.7701,.8,.8156
78,"sydney_opera_house",1.0,.8,.9,.9333,.925,.9,.2,.32,.52,.6,.64,.68,.3333,.4571,.6592,.7304,.7565,.7747
79,"teotihuacan",.8,.7,.7,.7333,.75,.76,.12,.24,.4,.48,.6,.6,.2087,.3574,.5091,.5802,.6667,.6706
80,"terracotta_army",.6,.6,.6,.7,.75,.66,.15,.3,.55,.65,.7,.7,.24,.4,.5739,.6741,.7241,.6794
81,"the_blue_mosque",.8,.7,.85,.9,.9,.92,.16,.24,.4,.52,.64,.68,.2667,.3574,.544,.6592,.7481,.782
82,"the_henry_ford",.8,.8,.7,.6333,.575,.6,.16,.24,.44,.52,.56,.64,.2667,.3692,.5404,.5711,.5674,.6194
83,"taj_mahal",1.0,.9,.95,.8667,.9,.84,.16,.28,.56,.56,.68,.76,.2759,.4271,.7046,.6804,.7747,.798
84,"tour_montparnasse",.8,.5,.55,.5,.45,.48,.2,.25,.35,.35,.4,.6,.32,.3333,.4278,.4118,.4235,.5333
85,"tower_bridge_london",.6,.7,.7,.7,.725,.66,.12,.24,.32,.52,.56,.56,.2,.3574,.4392,.5967,.6319,.6059
86,"trafalgar_square",.4,.5,.5,.5333,.525,.48,.0909,.1818,.2727,.3636,.4091,.4545,.1481,.2667,.3529,.4324,.4599,.4669
87,"leaning_tower_of_pisa",.6,.5,.55,.5667,.625,.64,.12,.2,.36,.44,.52,.56,.2,.2857,.4352,.4954,.5677,.5973
88,"hermitage_museum_saint_petersburg",1.0,1.0,.95,.8667,.85,.88,.12,.2,.36,.52,.64,.64,.2143,.3333,.5221,.65,.7302,.7411
89,"jantar_mantar_jaipur",1.0,.9,.85,.8667,.875,.84,.2,.28,.4,.52,.72,.84,.3333,.4271,.544,.65,.79,.84
90,"lake_titicaca_peru",.4,.6,.7,.7,.625,.58,.0833,.2083,.4583,.5833,.625,.7083,.1379,.3093,.554,.6364,.625,.6378
91,"the_great_wall_of_china",.8,.8,.9,.9,.9,.88,.16,.24,.44,.48,.6,.72,.2667,.3692,.591,.6261,.72,.792
92,"grande_arche_paris",.8,.7,.7,.7333,.65,.7,.12,.2,.36,.48,.56,.56,.2087,.3111,.4755,.5802,.6017,.6222
93,"el_angel_mexico",.6,.6,.7,.7,.625,.6,.1429,.2381,.4286,.5238,.5714,.6667,.2308,.3409,.5316,.5992,.597,.6316
94,"bibliotheque_nationale_de_france",.6,.7,.75,.8333,.775,.78,.12,.2,.4,.56,.6,.68,.2,.3111,.5217,.6699,.6764,.7266
95,"kronborg_castle",.6,.7,.65,.7,.75,.78,.125,.25,.375,.4583,.5417,.5833,.2069,.3684,.4756,.554,.629,.6675
96,"ajanta_caves",1.0,.9,.9,.9333,.9,.9,.1818,.2727,.4545,.6364,.6818,.7273,.3077,.4186,.604,.7568,.7759,.8045
97,"atomium",.8,.9,.85,.8667,.875,.86,.1429,.2857,.4762,.5714,.619,.7619,.2424,.4337,.6104,.6887,.7251,.808
98,"ellora_caves",1.0,1.0,1.0,1.0,.95,.96,.1818,.2727,.5455,.6364,.6364,.6818,.3077,.4286,.7059,.7778,.7622,.7973
99,"potala_palace",1.0,.9,.75,.8,.8,.78,.2778,.2778,.5,.6667,.7778,.7778,.4348,.4245,.6,.7273,.7887,.7789
100,"jokhang",.6,.7,.75,.7667,.825,.84,.12,.2,.4,.52,.68,.76,.2,.3111,.5217,.6197,.7455,.798
101,"rila_monastery",.8,.9,.8,.8,.8,.82,.12,.24,.4,.4,.4,.52,.2087,.3789,.5333,.5333,.5333,.6364
102,"louvre_pyramid",.8,.9,.95,.8333,.775,.78,.1667,.2222,.4444,.5,.5,.6111,.2759,.3564,.6056,.625,.6078,.6853
103,"brooklyn_bridge",1.0,1.0,.9,.9,.875,.84,.1429,.2857,.4286,.4762,.5238,.619,.25,.4444,.5806,.6228,.6553,.7128
104,"tower_of_london",.8,.9,.85,.8333,.85,.82,.087,.1739,.3478,.3478,.4783,.5652,.1569,.2915,.4936,.4908,.6121,.6692
105,"british_museum_london",1.0,.9,.9,.9,.925,.94,.15,.3,.45,.6,.7,.75,.2609,.45,.6,.72,.7969,.8343
106,"buckingham_palace",.2,.3,.3,.3667,.4,.4,.05,.1,.25,.3,.35,.4,.08,.15,.2727,.33,.3733,.4
107,"charles_bridge_prague",1.0,.8,.75,.7667,.675,.7,.1667,.2083,.4167,.5,.5,.5417,.2857,.3306,.5357,.6053,.5745,.6107
108,"champs_elysees_paris",.4,.4,.5,.5,.5,.54,.1333,.2667,.3333,.4,.5333,.5333,.2,.32,.4,.4444,.5161,.5366
109,"chrysler_building",1.0,1.0,1.0,1.0,.975,.98,.2143,.3571,.5,.6429,.6429,.7857,.3529,.5263,.6667,.7826,.7748,.8722
110,"moma_new_york",1.0,1.0,.95,.9,.875,.86,.2632,.3158,.4737,.5789,.6316,.6842,.4167,.48,.6322,.7046,.7336,.7621
111,"grand_central_terminal",1.0,1.0,1.0,1.0,1.0,1.0,.1905,.2857,.381,.381,.381,.4286,.32,.4444,.5517,.5517,.5517,.6
112,"houses_of_parliament",1.0,1.0,.95,.8667,.9,.9,.1304,.2174,.3478,.3913,.5652,.6087,.2308,.3571,.5092,.5392,.6944,.7262
113,"alexanderplatz_berlin",.2,.5,.55,.5,.55,.56,.04,.2,.4,.52,.56,.64,.0667,.2857,.4632,.5098,.555,.5973
114,"centre_pompidou",1.0,1.0,.9,.8667,.8,.76,.2222,.3889,.5556,.6667,.7778,.8333,.3636,.56,.687,.7536,.7887,.795
115,"sydney_harbour_bridge",1.0,1.0,1.0,1.0,1.0,.98,.1875,.25,.375,.5625,.75,.75,.3158,.4,.5455,.72,.8571,.8497
116,"pier_39",.8,.9,.95,.8667,.8,.82,.1905,.2381,.3333,.4286,.5714,.6667,.3077,.3766,.4935,.5735,.6667,.7354
117,"coit_tower",.8,.8,.6,.6333,.5,.5,.2,.4,.4667,.5333,.6,.6,.32,.5333,.525,.579,.5455,.5455
118,"st_paul_s_cathedral_london",1.0,.8,.8,.8,.725,.7,.2941,.3529,.5294,.5882,.6471,.7059,.4545,.4898,.6372,.678,.6838,.7029
119,"cloud_gate",.6,.5,.7,.6333,.7,.72,.25,.25,.3333,.5833,.5833,.6667,.3529,.3333,.4516,.6073,.6364,.6923
120,"musee_d_orsay",1.0,1.0,.95,.9667,.95,.94,.0952,.1905,.3333,.4286,.5714,.6667,.1739,.32,.4935,.5939,.7136,.7801
121,"pike_place_market",1.0,1.0,.85,.9,.875,.84,.1429,.2857,.381,.619,.619,.7143,.25,.4444,.5261,.7335,.7251,.7721
122,"royal_palace_madrid",1.0,1.0,.95,.9333,.925,.92,.1818,.3182,.4545,.5,.6364,.6818,.3077,.4828,.6149,.6512,.754,.7832
123,"sony_center_berlin",1.0,.9,.8,.8333,.85,.84,.1429,.2857,.4286,.5238,.619,.619,.25,.4337,.5581,.6433,.7164,.7128
124,"red_square_moscow",.8,.8,.7,.7,.725,.66,.1429,.2381,.4286,.5714,.619,.6667,.2424,.367,.5316,.6292,.6678,.6633
125,"prague_castle",1.0,1.0,.9,.8667,.85,.84,.16,.32,.44,.52,.64,.68,.2759,.4848,.591,.65,.7302,.7516
126,"musee_du_louvre",1.0,1.0,1.0,1.0,.975,.98,.16,.28,.44,.52,.52,.6,.2759,.4375,.6111,.6842,.6783,.7443
127,"millennium_bridge_london",.6,.8,.85,.8667,.825,.78,.12,.28,.4,.48,.56,.68,.2,.4148,.544,.6178,.6671,.7266
128,"casa_mila",1.0,1.0,1.0,.9667,.95,.94,.12,.32,.44,.48,.56,.68,.2143,.4848,.6111,.6415,.7046,.7891
129,"national_gallery_london",1.0,.7,.6,.6,.6,.54,.1818,.2727,.3182,.5,.5909,.6364,.3077,.3925,.4158,.5455,.5954,.5842
130,"national_mall",1.0,1.0,.9,.8667,.825,.76,.16,.28,.48,.6,.76,.76,.2759,.4375,.6261,.7091,.7912,.76
131,"london_city_hall",1.0,1.0,.9,.8,.75,.7,.2,.3,.45,.6,.6,.6,.3333,.4615,.6,.6857,.6667,.6462
132,"holocaust_memorial",.6,.8,.65,.5667,.525,.52,.125,.25,.375,.4375,.625,.75,.2069,.381,.4756,.4938,.5707,.6142
133,"columbus_circle",.4,.4,.5,.4333,.45,.48,.08,.16,.4,.48,.52,.6,.1333,.2286,.4444,.4555,.4825,.5333
134,"siegessaeule",.8,.8,.8,.8,.825,.76,.12,.2,.36,.48,.6,.76,.2087,.32,.4966,.6,.6947,.76
135,"jardin_du_luxembourg",1.0,.9,.9,.9333,.95,.94,.16,.32,.52,.68,.8,.8,.2759,.4721,.6592,.7868,.8686,.8644
136,"merlion_singapore",.0,.4,.35,.4667,.5,.56,.0,.1364,.2727,.4091,.5,.5455,.0,.2034,.3066,.436,.5,.5526
137,"harrods_london",.8,.7,.8,.7667,.75,.8,.16,.28,.48,.56,.6,.72,.2667,.4,.6,.6472,.6667,.7579
138,"metropolitan_museum_of_art_new_york",1.0,.8,.85,.9,.9,.9,.16,.24,.44,.48,.56,.64,.2759,.3692,.5798,.6261,.6904,.7481
139,"new_york_stock_exchange",.8,.6,.7,.6333,.525,.54,.2,.3,.4,.4,.45,.55,.32,.4,.5091,.4903,.4846,.545
140,"stephansdom_vienna",1.0,1.0,1.0,1.0,.975,.94,.2,.32,.44,.6,.72,.72,.3333,.4848,.6111,.75,.8283,.8154
141,"hms_belfast",1.0,.9,.85,.9,.9,.9,.16,.32,.48,.56,.64,.68,.2759,.4721,.6135,.6904,.7481,.7747
142,"leicester_square",.8,.9,.9,.8667,.875,.88,.16,.2,.32,.48,.56,.64,.2667,.3273,.4721,.6178,.6829,.7411
143,"ciudad_de_las_artes_y_las_ciencias",1.0,1.0,.85,.9,.9,.92,.16,.32,.52,.64,.72,.72,.2759,.4848,.6453,.7481,.8,.8078
144,"topkapi_palace",1.0,1.0,1.0,1.0,1.0,.96,.16,.32,.44,.64,.76,.76,.2759,.4848,.6111,.7805,.8636,.8484
145,"royal_albert_hall",.8,.6,.55,.6333,.6,.68,.12,.16,.2,.36,.44,.48,.2087,.2526,.2933,.4591,.5077,.5628
146,"st_vitus_cathedral",.8,.9,.95,.9333,.95,.96,.16,.28,.36,.4,.52,.6,.2667,.4271,.5221,.56,.6721,.7385
147,"castello_sforzesco",1.0,.9,.9,.9,.9,.9,.16,.24,.36,.4,.52,.6,.2759,.3789,.5143,.5538,.6592,.72
148,"rijksmuseum_amsterdam",1.0,1.0,1.0,1.0,1.0,1.0,.16,.24,.32,.44,.6,.64,.2759,.3871,.4848,.6111,.75,.7805
149,"dam_square",1.0,.9,.75,.6667,.65,.7,.16,.32,.4,.44,.52,.56,.2759,.4721,.5217,.5301,.5778,.6222
150,"rathaus_vienna",.8,.7,.65,.5667,.575,.58,.12,.12,.2,.28,.4,.48,.2087,.2049,.3059,.3748,.4718,.5253
151,"bath_abbey",.8,.9,.9,.9,.9,.92,.12,.28,.52,.6,.64,.72,.2087,.4271,.6592,.72,.7481,.8078
152,"salisbury_cathedral",1.0,1.0,1.0,.9667,.975,.96,.12,.24,.44,.52,.68,.72,.2143,.3871,.6111,.6762,.8012,.8229
153,"templo_de_debod",.2,.4,.4,.4333,.425,.4,.0455,.1364,.2273,.4091,.5,.5455,.0741,.2034,.2899,.4209,.4595,.4615
154,"Niagara_Falls",.6,.5,.5,.5333,.575,.56,.0909,.1818,.3182,.5455,.6364,.6818,.1579,.2667,.3889,.5393,.6041,.6149
155,"Golden_Gate_Bridge_in_San_Francisco",.8,.8,.9,.9333,.925,.94,.1364,.2727,.4545,.5455,.6364,.6818,.233,.4068,.604,.6885,.754,.7904
156,"Neuschwanstein_Castle",1.0,1.0,1.0,1.0,1.0,1.0,.16,.32,.48,.68,.72,.72,.2759,.4848,.6486,.8095,.8372,.8372
157,"Christ_Church_Cathedral_Missouri",1.0,1.0,.95,.9333,.95,.96,.16,.32,.36,.48,.6,.6,.2759,.4848,.5221,.634,.7355,.7385
158,"Mount_Rushmore_in_South_Dakota",1.0,.9,.95,.9,.925,.92,.16,.28,.48,.56,.56,.64,.2759,.4271,.6378,.6904,.6976,.7549
159,"Puerta_de_Toledo",.2,.1,.1,.0667,.05,.06,.5,.5,.5,.5,.5,1.0,.2857,.1667,.1667,.1176,.0909,.1132
160,"Urquhart_Castle",1.0,.8,.8,.8333,.775,.82,.1667,.2083,.375,.5,.5833,.6667,.2857,.3306,.5106,.625,.6656,.7354
161,"Gare_du_Nord_Paris",.8,.7,.7,.7,.65,.66,.08,.2,.36,.48,.56,.64,.1455,.3111,.4755,.5695,.6017,.6498
162,"Newgrange_in_Ireland",.6,.7,.7,.7,.675,.72,.0833,.2083,.3333,.4167,.4583,.5417,.1463,.3211,.4516,.5224,.546,.6182
163,"Windmills_at_Kinderdijk",1.0,.9,.9,.9,.875,.86,.16,.2,.36,.44,.56,.6,.2759,.3273,.5143,.591,.6829,.7068
164,"Conciergerie",1.0,1.0,.95,.9,.9,.92,.12,.2,.44,.48,.52,.64,.2143,.3333,.6014,.6261,.6592,.7549
165,"Palazzo_Madama",.6,.7,.7,.7333,.725,.7,.1364,.2727,.4545,.5909,.6364,.6818,.2222,.3925,.5512,.6545,.6778,.6908
166,"Split_Rock_Lighthouse",.8,.9,.7,.7,.75,.7,.16,.24,.28,.28,.4,.48,.2667,.3789,.4,.4,.5217,.5695
167,"The_Little_Mermaid_Denmark",.6,.7,.65,.6667,.6,.6,.2143,.3571,.4286,.6429,.7143,.8571,.3158,.473,.5166,.6545,.6522,.7059
168,"Great_Pyramid_of_Giza",1.0,.8,.55,.6667,.65,.66,.2667,.4,.4667,.7333,.7333,.7333,.4211,.5333,.5049,.6984,.6892,.6947
169,"Pitti_Palace",.8,.8,.7,.7,.75,.7,.1818,.2273,.3636,.4091,.4545,.5,.2963,.354,.4786,.5164,.566,.5833
170,"Georgia_State_Capitol",.6,.5,.45,.4667,.475,.38,.1579,.2105,.2105,.2632,.2632,.2632,.25,.2963,.2869,.3365,.3387,.311
171,"Dome_des_Invalides",1.0,1.0,1.0,1.0,1.0,.98,.12,.28,.44,.52,.56,.56,.2143,.4375,.6111,.6842,.7179,.7127
172,"Reggia_di_Caserta",.8,.9,.85,.8333,.75,.72,.16,.36,.52,.6,.64,.72,.2667,.5143,.6453,.6977,.6906,.72
173,"The_Burj_al_Arab_Hotel",.8,.5,.6,.6333,.625,.66,.16,.16,.32,.36,.44,.56,.2667,.2424,.4174,.4591,.5164,.6059
174,"Elephanta_Caves",1.0,1.0,.95,.8667,.825,.78,.2083,.3333,.5,.5833,.625,.6667,.3448,.5,.6552,.6973,.7112,.7189
175,"Basilica_of_Santa_Croce",1.0,1.0,1.0,1.0,1.0,.98,.2,.28,.4,.52,.56,.6,.3333,.4375,.5714,.6842,.7179,.7443
176,"Aachen_Cathedral",.8,.9,.9,.9,.9,.86,.12,.28,.48,.56,.64,.68,.2087,.4271,.6261,.6904,.7481,.7595
177,"Monument_to_the_Great_Fire_of_London",1.0,.7,.6,.5667,.55,.6,.2,.24,.4,.6,.64,.72,.3333,.3574,.48,.5829,.5916,.6545
178,"Longmen_Grottoes",.8,.7,.6,.6333,.625,.68,.12,.24,.4,.56,.6,.72,.2087,.3574,.48,.5944,.6122,.6994
179,"Louisiana_State_Capitol",.4,.3,.4,.4,.375,.34,.08,.12,.28,.4,.48,.52,.1333,.1714,.3294,.4,.4211,.4112
180,"The_Great_Sphinx_at_Giza",.8,.8,.85,.8,.8,.82,.16,.24,.36,.44,.52,.64,.2667,.3692,.5058,.5677,.6303,.7189
181,"Teatro_Real_Madrid",1.0,.9,.85,.7333,.7,.7,.1739,.3043,.4783,.5652,.6957,.8261,.2963,.4549,.6121,.6384,.6978,.7578
182,"Palacio_de_la_Magdalena",.8,.7,.8,.7667,.675,.66,.16,.24,.44,.52,.6,.72,.2667,.3574,.5677,.6197,.6353,.6887
183,"Sowjetisches_Ehrenmal",.4,.5,.5,.6,.675,.66,.08,.2,.32,.52,.64,.72,.1333,.2857,.3902,.5571,.657,.6887
184,"Cathedral_of_Trier",.8,.9,.9,.8,.825,.86,.12,.28,.52,.64,.8,.84,.2087,.4271,.6592,.7111,.8123,.8499
185,"Saint_Mary_of_the_Flower",.2,.2,.3,.3,.275,.32,.04,.08,.16,.16,.16,.2,.0667,.1143,.2087,.2087,.2023,.2462
186,"Skellig_Michael",.6,.8,.7,.7,.75,.74,.12,.28,.4,.56,.56,.64,.2,.4148,.5091,.6222,.6412,.6864
187,"Chicago_Board_of_Trade_Building",.8,.7,.7,.7333,.75,.74,.1364,.2727,.3636,.5,.6364,.6818,.233,.3925,.4786,.5946,.6885,.7097
188,"Pont_de_Normandie_France",1.0,.9,.85,.8333,.8,.78,.1579,.3684,.5789,.7895,.8947,1.0,.2727,.5228,.6888,.8108,.8447,.8764
189,"Palazzo_Rosso",.0,.0,.0,.0,.0,.0,.0,.0,.0,.0,.0,.0,.0,.0,.0,.0,.0,.0
190,"Piazza_Vittorio_Veneto",.4,.4,.5,.5,.5,.48,.125,.1875,.375,.625,.6875,.75,.1905,.2553,.4286,.5556,.5789,.5854
191,"Sforza_Castle",1.0,1.0,1.0,.9333,.925,.92,.2,.36,.48,.56,.64,.68,.3333,.5294,.6486,.7,.7565,.782
192,"Torres_KIO",1.0,1.0,.95,.9333,.875,.82,.2,.32,.44,.56,.68,.72,.3333,.4848,.6014,.7,.7653,.7668
193,"Torre_Picasso",.6,.6,.75,.8333,.875,.82,.125,.1667,.375,.5417,.5833,.6667,.2069,.2609,.5,.6566,.7,.7354
194,"The_Palace_of_Parliament_in_Bucharest",.8,.8,.9,.9,.825,.82,.16,.24,.48,.6,.64,.72,.2667,.3692,.6261,.72,.7208,.7668
195,"Ernest_Hemingway_House",1.0,.8,.7,.7,.775,.8,.16,.24,.44,.56,.68,.72,.2759,.3692,.5404,.6222,.7244,.7579
196,"Castel_dellOvo_Napoli",.8,.9,.95,.9333,.875,.8,.16,.28,.48,.64,.72,.76,.2667,.4271,.6378,.7593,.79,.7795
197,"Villa_Borghese_gardens",1.0,1.0,1.0,1.0,1.0,.96,.2,.36,.56,.6,.68,.76,.3333,.5294,.7179,.75,.8095,.8484
198,"Saint_Marks_Basilica",1.0,1.0,.95,.9,.9,.92,.2,.32,.4,.52,.56,.64,.3333,.4848,.563,.6592,.6904,.7549
199,"Mausoleum_of_the_First_Qin_Emperor",.8,.8,.7,.7667,.825,.8,.12,.24,.44,.56,.64,.68,.2087,.3692,.5404,.6472,.7208,.7351
200,"Mausoleum_of_Hadrian",.4,.4,.6,.6333,.7,.74,.0556,.1111,.3333,.5,.6111,.7222,.0976,.1739,.4286,.5588,.6525,.731
201,"Piazza_de_Ferrari",1.0,1.0,1.0,.9667,.95,.94,.1579,.3158,.4737,.5789,.5789,.5789,.2727,.48,.6429,.7242,.7194,.7166
202,"George_Washington_Carver",.2,.3,.35,.4333,.475,.44,.0625,.1875,.25,.5,.625,.625,.0952,.2308,.2917,.4643,.5398,.5164
203,"Cathedral_of_Santiago_de_Compostela",.6,.8,.9,.8333,.825,.82,.1765,.2941,.5882,.6471,.6471,.7059,.2727,.4301,.7115,.7285,.7253,.7587
204,"Saint-Jacques_Tower",.6,.7,.7,.7,.725,.76,.2308,.4615,.4615,.6154,.6154,.6923,.3333,.5563,.5563,.655,.6657,.7246
205,"Calakmul_Campeche_Mexico",.6,.8,.75,.6667,.7,.68,.1429,.3571,.4286,.6429,.7143,.8571,.2308,.4938,.5455,.6545,.7071,.7584
206,"Bran_Castle_in_Transylvania",.8,.9,.95,.9,.9,.9,.1053,.3158,.4737,.4737,.6316,.7368,.186,.4675,.6322,.6207,.7423,.8103
207,"Mosteiro_da_Batalha",1.0,1.0,1.0,1.0,1.0,1.0,.2105,.4211,.6316,.6316,.6316,.6316,.3478,.5926,.7742,.7742,.7742,.7742
208,"Wartburg_Castle",1.0,1.0,.95,.9333,.95,.92,.15,.4,.6,.7,.85,.85,.2609,.5714,.7355,.8,.8972,.8836
209,"Fujian_Tulou_Fujian_China",1.0,1.0,1.0,.9667,.9,.9,.2222,.3889,.4444,.5556,.5556,.7778,.3636,.56,.6154,.7056,.687,.8344
210,"Alabama_State_Capitol",1.0,1.0,.9,.8667,.8,.76,.1905,.4286,.6667,.7619,.7619,.8095,.32,.6,.766,.8109,.7805,.784
211,"Palazzo_dAccursio",1.0,.9,.85,.7,.675,.7,.2222,.2778,.4444,.4444,.5556,.5556,.3636,.4245,.5837,.5437,.6095,.6195
212,"Casa_Grande_Ruins",.6,.7,.8,.8667,.85,.82,.1176,.2353,.4706,.5294,.6471,.6471,.1967,.3522,.5926,.6573,.7348,.7233
213,"Stravinsky_Fountain",1.0,1.0,1.0,.9333,.9,.84,.2667,.3333,.3333,.4667,.5333,.5333,.4211,.5,.5,.6222,.6698,.6524
214,"Angel_Falls_Venezuela",.8,.7,.55,.5667,.525,.52,.1765,.2941,.4118,.5294,.7059,.8235,.2892,.4142,.4709,.5474,.6022,.6375
215,"Statue_of_George_IV",.2,.4,.45,.4,.375,.3,.125,.5,.5,.5,.5,.5,.1538,.4444,.4737,.4444,.4286,.375
216,"Palacio_Barolo",.8,.8,.8,.7667,.825,.86,.2353,.4118,.5294,.5882,.6471,.7059,.3636,.5437,.6372,.6657,.7253,.7754
217,"Bridge_of_Remembrance_Christchurch_New_Zealand",.8,.7,.55,.5,.475,.5,.25,.4167,.6667,.6667,.6667,.6667,.381,.5224,.6027,.5714,.5547,.5714
218,"John_A._Roebling_Suspension_Bridge",.2,.3,.3,.3333,.4,.38,.0667,.2,.3333,.4667,.7333,.7333,.1,.24,.3158,.3889,.5176,.5006
219,"Blue_Dome_Santorini",1.0,1.0,.7,.7333,.7,.68,.3125,.5625,.6875,.6875,.75,.75,.4762,.72,.6937,.7097,.7241,.7133
220,"Fossar_de_les_Moreres",1.0,.9,.65,.6,.5,.48,.3571,.5,.7143,.7857,.7857,.7857,.5263,.6429,.6806,.6804,.6111,.5959
221,"Luxor_Obelisk_France",.8,.6,.65,.7667,.75,.76,.1875,.3125,.4375,.5,.5625,.625,.3038,.411,.523,.6053,.6429,.6859
222,"Valle_de_los_Caidos",1.0,.9,.95,.9,.9,.9,.2,.35,.65,.65,.8,.8,.3333,.504,.7719,.7548,.8471,.8471
--------------------
"--","Avg.",P@5,P@10,P@20,P@30,P@40,P@50,CR@5,CR@10,CR@20,CR@30,CR@40,CR@50,F1@5,F1@10,F1@20,F1@30,F1@40,F1@50
,.,7892,.7757,.7655,.7622,.7538,.7468,.1525,.2605,.413,.5204,.5981,.659,.251,.3829,.528,.6082,.656,.6871
