--------------------
"Run name","output_runACCSumSquaredError"
--------------------
"Average P@20 = ",.7705
"Average CR@20 = ",.3963
"Average F1@20 = ",.5134
--------------------
"Query Id ","Location name",P@5,P@10,P@20,P@30,P@40,P@50,CR@5,CR@10,CR@20,CR@30,CR@40,CR@50,F1@5,F1@10,F1@20,F1@30,F1@40,F1@50
1,"angel_of_the_north",1.0,1.0,1.0,1.0,1.0,1.0,.2,.28,.4,.52,.6,.68,.3333,.4375,.5714,.6842,.75,.8095
2,"big_ben",1.0,.8,.9,.9,.85,.78,.2273,.3182,.3636,.4091,.5455,.5909,.3704,.4553,.518,.5625,.6645,.6724
3,"hearst_castle",1.0,1.0,1.0,.9667,.9,.92,.2083,.375,.625,.75,.7917,.875,.3448,.5455,.7692,.8447,.8424,.8969
4,"la_madeleine",.0,.1,.05,.3,.375,.48,.0,.0714,.0714,.3571,.5,.7857,.0,.0833,.0588,.3261,.4286,.5959
5,"pont_alexandre_iii",1.0,1.0,1.0,.9667,.975,.98,.16,.32,.44,.56,.6,.68,.2759,.4848,.6111,.7092,.7429,.8029
6,"neues_museum",.0,.3,.35,.4333,.425,.48,.0,.12,.2,.44,.52,.64,.0,.1714,.2545,.4366,.4677,.5486
7,"montezuma_castle",.6,.7,.65,.6,.55,.52,.25,.4167,.5,.5833,.6667,.75,.3529,.5224,.5652,.5915,.6027,.6142
8,"cn_tower",.8,.8,.8,.7,.675,.66,.1667,.25,.4583,.5833,.6667,.7083,.2759,.381,.5828,.6364,.6708,.6833
9,"acropolis_athens",.6,.6,.7,.7333,.8,.82,.1429,.2381,.381,.4286,.4762,.5238,.2308,.3409,.4934,.541,.597,.6393
10,"agra_fort",.8,.7,.75,.8,.85,.84,.16,.28,.44,.6,.68,.72,.2667,.4,.5546,.6857,.7556,.7754
11,"albert_memorial",.4,.5,.6,.7,.75,.8,.0455,.1364,.2727,.4091,.5909,.6364,.0816,.2143,.375,.5164,.661,.7089
12,"altes_museum",.6,.5,.7,.6667,.55,.5,.125,.1667,.3333,.5,.5417,.5833,.2069,.25,.4516,.5714,.5458,.5385
13,"amiens_cathedral",1.0,1.0,1.0,.9667,.975,.98,.12,.28,.48,.64,.76,.8,.2143,.4375,.6486,.7701,.8542,.8809
14,"angkor_wat",.8,.9,.8,.8333,.775,.72,.08,.2,.32,.6,.68,.68,.1455,.3273,.4571,.6977,.7244,.6994
15,"ara_pacis",1.0,.9,.75,.7,.675,.7,.2273,.3636,.4091,.5909,.6364,.6818,.3704,.518,.5294,.6408,.6551,.6908
16,"arc_de_triomphe",.6,.8,.85,.7667,.775,.78,.125,.2917,.5,.5417,.5833,.5833,.2069,.4275,.6296,.6348,.6656,.6675
17,"aztec_ruins",.0,.2,.1,.1667,.225,.22,.0,.08,.08,.2,.28,.28,.0,.1143,.0889,.1818,.2495,.2464
18,"berlin_cathedral",1.0,.9,.9,.9333,.9,.92,.16,.32,.52,.68,.76,.8,.2759,.4721,.6592,.7868,.8241,.8558
19,"bok_tower_gardens",1.0,.9,.9,.8,.825,.86,.16,.24,.48,.6,.76,.8,.2759,.3789,.6261,.6857,.7912,.8289
20,"brandenburg_gate",1.0,1.0,.95,.9667,.975,.9,.16,.16,.28,.44,.56,.64,.2759,.2759,.4325,.6047,.7114,.7481
21,"cabrillo",.2,.2,.15,.2,.15,.14,.0769,.1538,.2308,.3846,.3846,.4615,.1111,.1739,.1818,.2632,.2158,.2148
22,"casa_batllo",1.0,1.0,1.0,.9667,.975,.96,.16,.36,.56,.68,.72,.72,.2759,.5294,.7179,.7984,.8283,.8229
23,"casa_rosada",.8,.8,.75,.8,.85,.88,.16,.24,.4,.48,.68,.76,.2667,.3692,.5217,.6,.7556,.8156
24,"castillo_de_san_marcos",.6,.7,.7,.8,.8,.78,.12,.28,.4,.48,.56,.68,.2,.4,.5091,.6,.6588,.7266
25,"chartres_cathedral",1.0,1.0,1.0,.9667,.975,.94,.2,.32,.44,.56,.6,.76,.3333,.4848,.6111,.7092,.7429,.8405
26,"chichen_itza",.6,.8,.8,.8,.8,.8,.12,.28,.36,.56,.68,.72,.2,.4148,.4966,.6588,.7351,.7579
27,"christ_the_redeemer_rio",.6,.5,.4,.5,.575,.58,.1304,.1739,.1739,.3478,.4348,.4783,.2143,.2581,.2424,.4103,.4952,.5242
28,"civic_center_san_francisco",.8,.7,.6,.5333,.475,.46,.16,.24,.36,.4,.44,.52,.2667,.3574,.45,.4571,.4568,.4882
29,"cologne_cathedral",1.0,1.0,.95,.9667,.975,.98,.16,.32,.56,.68,.76,.76,.2759,.4848,.7046,.7984,.8542,.8561
30,"colosseum",1.0,1.0,.95,.9667,.975,.98,.16,.32,.4,.56,.6,.6,.2759,.4848,.563,.7092,.7429,.7443
31,"doge_s_palace",.6,.6,.6,.7333,.775,.78,.12,.2,.28,.32,.44,.48,.2,.3,.3818,.4456,.5613,.5943
32,"eiffel_tower",1.0,1.0,1.0,1.0,.95,.92,.16,.2,.36,.56,.6,.68,.2759,.3333,.5294,.7179,.7355,.782
33,"golden_gate_bridge",.8,.8,.85,.8333,.875,.84,.1739,.3043,.4348,.4783,.5217,.5652,.2857,.4409,.5753,.6077,.6537,.6757
34,"grand_palais",1.0,1.0,.95,.9333,.9,.92,.1818,.3636,.4545,.6364,.6364,.6364,.3077,.5333,.6149,.7568,.7456,.7523
35,"guggenheim_museum_bilbao",1.0,1.0,.95,.9667,.975,.98,.2,.32,.44,.48,.6,.68,.3333,.4848,.6014,.6415,.7429,.8029
36,"hagia_sophia_istanbul",1.0,1.0,1.0,1.0,1.0,1.0,.2,.36,.52,.64,.68,.76,.3333,.5294,.6842,.7805,.8095,.8636
37,"hoover_dam",.8,.9,.95,.9667,.925,.92,.12,.28,.48,.52,.52,.6,.2087,.4271,.6378,.6762,.6657,.7263
38,"humayun_tomb",.8,.7,.75,.7333,.725,.72,.12,.2,.36,.44,.64,.72,.2087,.3111,.4865,.55,.6799,.72
39,"iguazu_falls",.6,.6,.7,.8,.825,.8,.12,.2,.44,.6,.64,.68,.2,.3,.5404,.6857,.7208,.7351
40,"iolani_palace",1.0,.8,.7,.6667,.75,.76,.16,.24,.36,.48,.64,.8,.2759,.3692,.4755,.5581,.6906,.7795
41,"la_mezquita",.6,.7,.65,.5667,.55,.52,.125,.25,.375,.4167,.5417,.625,.2069,.3684,.4756,.4802,.5458,.5677
42,"la_rambla_barcelona",.8,.9,.95,.9333,.925,.92,.16,.24,.48,.56,.6,.68,.2667,.3789,.6378,.7,.7279,.782
43,"la_sainte_chapelle",1.0,1.0,.9,.8667,.9,.92,.2,.4,.52,.6,.68,.72,.3333,.5714,.6592,.7091,.7747,.8078
44,"liberty_memorial",.8,.7,.65,.6667,.675,.66,.08,.16,.28,.4,.44,.52,.1455,.2605,.3914,.5,.5327,.5817
45,"lincoln_home",1.0,.8,.7,.6667,.65,.66,.2778,.3333,.5,.6667,.6667,.7222,.4348,.4706,.5833,.6667,.6582,.6897
46,"machu_picchu",1.0,.9,.9,.8333,.825,.8,.2,.32,.44,.6,.64,.68,.3333,.4721,.591,.6977,.7208,.7351
47,"marble_arch_london",.8,.6,.55,.5333,.525,.42,.3333,.3333,.5833,.6667,.8333,.8333,.4706,.4286,.5662,.5926,.6442,.5585
48,"milan_cathedral",1.0,.9,.75,.8333,.875,.9,.2,.28,.48,.6,.68,.72,.3333,.4271,.5854,.6977,.7653,.8
49,"mole_antonelliana",1.0,.9,.75,.7667,.775,.74,.16,.28,.36,.44,.48,.6,.2759,.4271,.4865,.5591,.5928,.6627
50,"mont_saint_michel",1.0,1.0,1.0,1.0,.975,.98,.16,.24,.4,.44,.48,.6,.2759,.3871,.5714,.6111,.6433,.7443
51,"moulin_rouge",.0,.0,.0,.0,.0,.06,.0,.0,.0,.0,.0,.375,.0,.0,.0,.0,.0,.1034
52,"nelson_s_column",1.0,.9,.95,.9667,.95,.94,.2083,.2917,.4167,.5833,.625,.75,.3448,.4406,.5793,.7276,.754,.8343
53,"notre_dame_de_paris",1.0,.9,.85,.8667,.875,.9,.16,.24,.44,.48,.56,.64,.2759,.3789,.5798,.6178,.6829,.7481
54,"obelisco",.2,.1,.15,.1333,.1,.1,.0909,.0909,.1818,.2727,.2727,.3636,.125,.0952,.1644,.1791,.1463,.1569
55,"piccadilly_circus",1.0,.9,.9,.8333,.825,.76,.1739,.2609,.4348,.5217,.6522,.6957,.2963,.4045,.5863,.6417,.7285,.7264
56,"place_de_la_concorde",1.0,1.0,.95,.9667,.975,.98,.16,.28,.36,.56,.6,.68,.2759,.4375,.5221,.7092,.7429,.8029
57,"place_de_la_republique",.2,.2,.25,.2333,.275,.22,.125,.25,.5,.625,.75,.75,.1538,.2222,.3333,.3398,.4024,.3402
58,"place_des_vosges",.8,.9,.7,.5667,.525,.52,.16,.24,.36,.4,.48,.52,.2667,.3789,.4755,.469,.5015,.52
59,"pont_du_gard",.6,.8,.85,.8667,.85,.84,.08,.24,.44,.52,.6,.64,.1412,.3692,.5798,.65,.7034,.7265
60,"pont_neuf",.8,.6,.6,.6667,.7,.74,.16,.2,.32,.44,.64,.68,.2667,.3,.4174,.5301,.6687,.7087
61,"ponte_vecchio",.8,.8,.85,.7333,.775,.76,.1667,.25,.375,.5,.625,.6667,.2759,.381,.5204,.5946,.692,.7103
62,"puerta_de_alcala",.2,.5,.65,.5333,.475,.44,.0526,.1579,.4211,.5263,.5263,.5263,.0833,.24,.5111,.5298,.4993,.4793
63,"puerta_del_sol",.8,.8,.75,.6667,.575,.52,.2,.25,.35,.55,.55,.6,.32,.381,.4773,.6027,.5622,.5571
64,"red_fort",1.0,1.0,1.0,1.0,1.0,1.0,.2,.36,.52,.64,.72,.76,.3333,.5294,.6842,.7805,.8372,.8636
65,"reims_cathedral",1.0,1.0,.95,.9,.9,.9,.2,.36,.52,.56,.68,.68,.3333,.5294,.6721,.6904,.7747,.7747
66,"rialto_bridge",.8,.8,.65,.6333,.65,.64,.1875,.3125,.375,.5,.6875,.75,.3038,.4494,.4756,.5588,.6682,.6906
67,"roman_forum_rome",.6,.8,.65,.6667,.575,.62,.12,.16,.24,.36,.48,.52,.2,.2667,.3506,.4675,.5232,.5656
68,"sacre_coeur",.2,.2,.5,.5333,.575,.6,.0417,.0833,.2083,.2917,.3333,.4167,.069,.1176,.2941,.3771,.422,.4918
69,"sagrada_familia",1.0,.9,.9,.9,.875,.88,.2,.32,.48,.52,.64,.68,.3333,.4721,.6261,.6592,.7393,.7672
70,"santa_maria_novella",.8,.6,.55,.5,.5,.5,.16,.24,.28,.4,.4,.44,.2667,.3429,.3711,.4444,.4444,.4681
71,"schonbrunn_palace",1.0,1.0,1.0,.9333,.95,.96,.12,.28,.48,.64,.72,.76,.2143,.4375,.6486,.7593,.8192,.8484
72,"seville_cathedral",.8,.7,.8,.8667,.875,.9,.16,.2,.36,.52,.6,.64,.2667,.3111,.4966,.65,.7119,.7481
73,"spanish_steps",.6,.7,.8,.6667,.7,.68,.1364,.2273,.4091,.4545,.5909,.6364,.2222,.3431,.5414,.5405,.6408,.6575
74,"st__basil_cathedral",1.0,1.0,.9,.9,.925,.92,.16,.32,.48,.52,.68,.76,.2759,.4848,.6261,.6592,.7838,.8324
75,"statue_of_liberty",1.0,1.0,.9,.8667,.825,.8,.16,.32,.4,.52,.56,.6,.2759,.4848,.5538,.65,.6671,.6857
76,"stonehenge",.4,.4,.5,.4667,.45,.42,.1053,.1053,.1579,.3158,.4211,.5263,.1667,.1667,.24,.3767,.435,.4672
77,"summer_palace_beijing",1.0,.9,.9,.9,.9,.92,.2,.28,.48,.6,.68,.68,.3333,.4271,.6261,.72,.7747,.782
78,"sydney_opera_house",1.0,1.0,1.0,.9667,.975,.92,.2,.28,.48,.52,.56,.6,.3333,.4375,.6486,.6762,.7114,.7263
79,"teotihuacan",.8,.7,.7,.6,.625,.6,.16,.24,.4,.44,.48,.52,.2667,.3574,.5091,.5077,.543,.5571
80,"terracotta_army",.6,.5,.5,.4333,.45,.5,.15,.2,.35,.4,.5,.65,.24,.2857,.4118,.416,.4737,.5652
81,"the_blue_mosque",.8,.8,.9,.9333,.925,.94,.16,.28,.44,.56,.6,.72,.2667,.4148,.591,.7,.7279,.8154
82,"the_henry_ford",.4,.7,.7,.7,.725,.74,.08,.2,.32,.44,.56,.68,.1333,.3111,.4392,.5404,.6319,.7087
83,"taj_mahal",1.0,1.0,1.0,.9,.925,.86,.16,.2,.44,.48,.6,.64,.2759,.3333,.6111,.6261,.7279,.7339
84,"tour_montparnasse",.4,.4,.4,.3667,.4,.38,.1,.2,.35,.4,.55,.6,.16,.2667,.3733,.3826,.4632,.4653
85,"tower_bridge_london",.6,.6,.65,.6333,.625,.64,.12,.24,.36,.48,.52,.56,.2,.3429,.4634,.5461,.5677,.5973
86,"trafalgar_square",.4,.4,.5,.4333,.525,.48,.0909,.1364,.1818,.2273,.3636,.4091,.1481,.2034,.2667,.2982,.4297,.4417
87,"leaning_tower_of_pisa",.4,.5,.55,.5667,.55,.6,.08,.16,.28,.48,.52,.56,.1333,.2424,.3711,.5197,.5346,.5793
88,"hermitage_museum_saint_petersburg",.6,.7,.75,.8,.75,.74,.12,.24,.4,.48,.52,.6,.2,.3574,.5217,.6,.6142,.6627
89,"jantar_mantar_jaipur",1.0,.7,.7,.8,.85,.86,.16,.24,.44,.56,.68,.76,.2759,.3574,.5404,.6588,.7556,.8069
90,"lake_titicaca_peru",.8,.6,.5,.6333,.55,.56,.1667,.25,.3333,.5,.5417,.6667,.2759,.3529,.4,.5588,.5458,.6087
91,"the_great_wall_of_china",.8,.8,.75,.7,.75,.74,.16,.32,.48,.52,.56,.56,.2667,.4571,.5854,.5967,.6412,.6375
92,"grande_arche_paris",.6,.7,.7,.7333,.7,.68,.08,.16,.28,.36,.44,.52,.1412,.2605,.4,.4829,.5404,.5893
93,"el_angel_mexico",1.0,.8,.5,.5,.45,.46,.1905,.3333,.381,.5238,.6667,.6667,.32,.4706,.4324,.5116,.5373,.5444
94,"bibliotheque_nationale_de_france",.8,.7,.75,.7333,.725,.74,.12,.16,.24,.32,.4,.44,.2087,.2605,.3636,.4456,.5156,.5519
95,"kronborg_castle",.6,.6,.65,.6667,.725,.74,.125,.1667,.4167,.5,.5417,.6667,.2069,.2609,.5078,.5714,.6201,.7014
96,"ajanta_caves",.8,.9,.9,.9,.9,.9,.1818,.3636,.4545,.5,.5455,.6364,.2963,.518,.604,.6429,.6792,.7456
97,"atomium",.8,.9,.95,.9333,.95,.92,.1429,.2857,.381,.4762,.5238,.5238,.2424,.4337,.5438,.6306,.6753,.6675
98,"ellora_caves",1.0,1.0,1.0,.9667,.925,.94,.1818,.2727,.4545,.5,.5909,.6364,.3077,.4286,.625,.6591,.7211,.7589
99,"potala_palace",1.0,1.0,.9,.9333,.925,.84,.1111,.3333,.5556,.6111,.6667,.7222,.2,.5,.687,.7386,.7749,.7767
100,"jokhang",.8,.7,.8,.8,.825,.84,.08,.16,.32,.52,.56,.68,.1455,.2605,.4571,.6303,.6671,.7516
101,"rila_monastery",.8,.8,.65,.7,.775,.82,.12,.24,.32,.4,.44,.52,.2087,.3692,.4289,.5091,.5613,.6364
102,"louvre_pyramid",1.0,1.0,1.0,.9667,.925,.92,.2222,.3889,.4444,.5,.5,.5556,.3636,.56,.6154,.6591,.6491,.6928
103,"brooklyn_bridge",.8,.8,.7,.8,.7,.76,.1429,.1905,.2381,.381,.4286,.5714,.2424,.3077,.3553,.5161,.5316,.6524
104,"tower_of_london",.8,.7,.75,.7667,.775,.76,.087,.1739,.2609,.4348,.4348,.5217,.1569,.2786,.3871,.5549,.5571,.6187
105,"british_museum_london",1.0,1.0,.95,.9,.925,.94,.15,.2,.35,.5,.55,.65,.2609,.3333,.5115,.6429,.6898,.7686
106,"buckingham_palace",.6,.7,.5,.4333,.425,.42,.1,.2,.25,.35,.35,.4,.1714,.3111,.3333,.3872,.3839,.4098
107,"charles_bridge_prague",.6,.6,.75,.8333,.75,.66,.0833,.125,.2917,.3333,.375,.4167,.1463,.2069,.42,.4762,.5,.5108
108,"champs_elysees_paris",.6,.4,.45,.4667,.525,.56,.1333,.1333,.3333,.3333,.3333,.5333,.2182,.2,.383,.3889,.4078,.5463
109,"chrysler_building",1.0,1.0,1.0,1.0,.975,.98,.2143,.3571,.5,.7143,.7857,.8571,.3529,.5263,.6667,.8333,.8702,.9145
110,"moma_new_york",.4,.6,.8,.8667,.9,.9,.1053,.2105,.2632,.4211,.5263,.5789,.1667,.3117,.396,.5668,.6642,.7046
111,"grand_central_terminal",1.0,1.0,1.0,.9667,.975,.98,.1905,.2857,.4286,.4286,.5238,.7143,.32,.4444,.6,.5939,.6815,.8263
112,"houses_of_parliament",1.0,.9,.95,.9667,.925,.94,.2174,.2609,.4783,.5652,.5652,.5652,.3571,.4045,.6362,.7133,.7017,.706
113,"alexanderplatz_berlin",.4,.5,.6,.6333,.575,.6,.08,.16,.24,.4,.44,.56,.1333,.2424,.3429,.4903,.4985,.5793
114,"centre_pompidou",.8,.7,.7,.6,.7,.64,.1667,.2778,.4444,.5,.6111,.6111,.2759,.3977,.5437,.5455,.6525,.6252
115,"sydney_harbour_bridge",1.0,1.0,1.0,1.0,1.0,.98,.25,.4375,.625,.75,.75,.75,.4,.6087,.7692,.8571,.8571,.8497
116,"pier_39",1.0,1.0,1.0,.9333,.925,.88,.1905,.2857,.4286,.5714,.619,.6667,.32,.4444,.6,.7089,.7417,.7586
117,"coit_tower",.6,.7,.75,.7667,.725,.7,.2,.3333,.3333,.3333,.4667,.4667,.3,.4516,.4615,.4646,.5678,.56
118,"st_paul_s_cathedral_london",.8,.8,.8,.8,.75,.76,.2353,.2941,.5882,.6471,.6471,.7647,.3636,.4301,.678,.7154,.6947,.7623
119,"cloud_gate",.8,.5,.5,.6,.6,.5,.1667,.1667,.3333,.4167,.4167,.4167,.2759,.25,.4,.4918,.4918,.4545
120,"musee_d_orsay",1.0,1.0,.9,.9333,.925,.92,.1429,.2857,.381,.5238,.5714,.6667,.25,.4444,.5353,.671,.7064,.7731
121,"pike_place_market",.8,.8,.8,.7333,.75,.78,.1429,.2381,.4286,.5238,.5238,.5238,.2424,.367,.5581,.6111,.6168,.6267
122,"royal_palace_madrid",.6,.7,.75,.7333,.8,.84,.1364,.2727,.3636,.5455,.5909,.6364,.2222,.3925,.4898,.6256,.6797,.7241
123,"sony_center_berlin",.8,.9,.9,.8667,.875,.88,.0952,.2381,.4286,.4762,.4762,.5238,.1702,.3766,.5806,.6147,.6167,.6567
124,"red_square_moscow",.8,.9,.8,.7,.675,.7,.1429,.381,.4286,.5238,.619,.619,.2424,.5353,.5581,.5992,.6458,.657
125,"prague_castle",.8,.9,.85,.8667,.9,.9,.12,.24,.36,.52,.56,.68,.2087,.3789,.5058,.65,.6904,.7747
126,"musee_du_louvre",1.0,1.0,1.0,.9667,.95,.96,.16,.32,.48,.6,.68,.72,.2759,.4848,.6486,.7404,.7926,.8229
127,"millennium_bridge_london",.8,.8,.8,.7667,.775,.8,.16,.28,.4,.48,.48,.56,.2667,.4148,.5333,.5904,.5928,.6588
128,"casa_mila",.8,.9,.9,.9333,.925,.92,.16,.24,.36,.48,.52,.56,.2667,.3789,.5143,.634,.6657,.6962
129,"national_gallery_london",1.0,.9,.8,.7333,.675,.62,.1818,.3182,.4091,.5455,.5909,.5909,.3077,.4701,.5414,.6256,.6302,.6051
130,"national_mall",1.0,.7,.8,.8667,.9,.86,.2,.28,.44,.56,.64,.68,.3333,.4,.5677,.6804,.7481,.7595
131,"london_city_hall",.8,.9,.95,.9333,.9,.8,.2,.35,.45,.65,.65,.65,.32,.504,.6107,.7663,.7548,.7172
132,"holocaust_memorial",.2,.4,.6,.7333,.65,.56,.0625,.25,.375,.625,.625,.625,.0952,.3077,.4615,.6748,.6373,.5907
133,"columbus_circle",.4,.6,.55,.6,.575,.58,.08,.24,.36,.44,.56,.64,.1333,.3429,.4352,.5077,.5674,.6085
134,"siegessaeule",1.0,.8,.6,.6667,.575,.58,.12,.2,.36,.52,.52,.56,.2143,.32,.45,.5843,.5461,.5698
135,"jardin_du_luxembourg",1.0,.9,.95,.9667,.975,.98,.16,.28,.44,.6,.72,.8,.2759,.4271,.6014,.7404,.8283,.8809
136,"merlion_singapore",.2,.2,.2,.2333,.25,.2,.0455,.0909,.1818,.3182,.4091,.4091,.0741,.125,.1905,.2692,.3103,.2687
137,"harrods_london",.8,.9,.85,.8667,.875,.88,.16,.28,.52,.56,.56,.6,.2667,.4271,.6453,.6804,.6829,.7135
138,"metropolitan_museum_of_art_new_york",1.0,1.0,.95,.9667,.975,.98,.2,.28,.36,.48,.64,.72,.3333,.4375,.5221,.6415,.7728,.8301
139,"new_york_stock_exchange",.6,.6,.7,.7,.775,.66,.15,.25,.4,.45,.45,.5,.24,.3529,.5091,.5478,.5694,.569
140,"stephansdom_vienna",1.0,1.0,.95,.9667,.975,.98,.16,.28,.44,.6,.6,.68,.2759,.4375,.6014,.7404,.7429,.8029
141,"hms_belfast",1.0,1.0,.95,.9667,.975,.98,.2,.32,.44,.6,.64,.64,.3333,.4848,.6014,.7404,.7728,.7743
142,"leicester_square",1.0,.9,.9,.8333,.825,.82,.2,.28,.36,.52,.52,.6,.3333,.4271,.5143,.6404,.6379,.693
143,"ciudad_de_las_artes_y_las_ciencias",1.0,.8,.9,.9,.925,.94,.2,.32,.36,.56,.64,.76,.3333,.4571,.5143,.6904,.7565,.8405
144,"topkapi_palace",1.0,1.0,1.0,1.0,1.0,.94,.2,.36,.44,.56,.72,.72,.3333,.5294,.6111,.7179,.8372,.8154
145,"royal_albert_hall",.6,.6,.6,.6333,.55,.52,.12,.24,.36,.44,.48,.52,.2,.3429,.45,.5193,.5126,.52
146,"st_vitus_cathedral",1.0,.9,.95,.9667,.925,.94,.2,.28,.44,.48,.6,.6,.3333,.4271,.6014,.6415,.7279,.7325
147,"castello_sforzesco",1.0,1.0,.9,.8667,.9,.9,.16,.24,.36,.44,.52,.56,.2759,.3871,.5143,.5837,.6592,.6904
148,"rijksmuseum_amsterdam",1.0,1.0,1.0,1.0,1.0,.98,.2,.28,.36,.44,.48,.56,.3333,.4375,.5294,.6111,.6486,.7127
149,"dam_square",.8,.9,.8,.6667,.55,.6,.16,.28,.36,.4,.44,.52,.2667,.4271,.4966,.5,.4889,.5571
150,"rathaus_vienna",.8,.9,.95,.8667,.85,.7,.16,.16,.16,.16,.32,.36,.2667,.2717,.2739,.2701,.465,.4755
151,"bath_abbey",1.0,1.0,.95,.9667,.975,.98,.2,.32,.52,.76,.84,.84,.3333,.4848,.6721,.851,.9025,.9046
152,"salisbury_cathedral",1.0,1.0,1.0,1.0,1.0,.98,.16,.24,.44,.48,.56,.6,.2759,.3871,.6111,.6486,.7179,.7443
153,"templo_de_debod",.2,.4,.55,.4333,.4,.44,.0455,.1364,.3636,.3636,.4091,.5,.0741,.2034,.4378,.3954,.4045,.4681
154,"Niagara_Falls",.6,.6,.55,.6,.625,.62,.0909,.1364,.2273,.4545,.5455,.5909,.1579,.2222,.3216,.5172,.5825,.6051
155,"Golden_Gate_Bridge_in_San_Francisco",1.0,1.0,.9,.9333,.95,.96,.0455,.1364,.2727,.4091,.6818,.7727,.087,.24,.4186,.5688,.7939,.8562
156,"Neuschwanstein_Castle",1.0,1.0,1.0,1.0,1.0,.98,.2,.28,.44,.6,.64,.68,.3333,.4375,.6111,.75,.7805,.8029
157,"Christ_Church_Cathedral_Missouri",.8,.9,.9,.9333,.95,.96,.12,.24,.4,.52,.56,.56,.2087,.3789,.5538,.6679,.7046,.7074
158,"Mount_Rushmore_in_South_Dakota",.8,.9,.9,.9333,.95,.96,.12,.24,.44,.52,.52,.64,.2087,.3789,.591,.6679,.6721,.768
159,"Puerta_de_Toledo",.4,.3,.15,.1,.075,.06,1.0,1.0,1.0,1.0,1.0,1.0,.5714,.4615,.2609,.1818,.1395,.1132
160,"Urquhart_Castle",1.0,.8,.75,.7333,.775,.78,.2083,.2917,.4167,.5,.5833,.6667,.3448,.4275,.5357,.5946,.6656,.7189
161,"Gare_du_Nord_Paris",.8,.7,.85,.8333,.85,.82,.16,.2,.36,.44,.48,.52,.2667,.3111,.5058,.5759,.6135,.6364
162,"Newgrange_in_Ireland",.6,.5,.55,.6,.625,.66,.125,.1667,.25,.375,.4583,.5417,.2069,.25,.3438,.4615,.5288,.595
163,"Windmills_at_Kinderdijk",1.0,.9,.9,.9,.825,.84,.16,.24,.36,.4,.52,.56,.2759,.3789,.5143,.5538,.6379,.672
164,"Conciergerie",1.0,.9,.95,.9667,.975,.98,.2,.32,.52,.64,.68,.72,.3333,.4721,.6721,.7701,.8012,.8301
165,"Palazzo_Madama",1.0,.8,.65,.5667,.525,.54,.2273,.3182,.4545,.5,.5455,.5909,.3704,.4553,.535,.5312,.535,.5643
166,"Split_Rock_Lighthouse",1.0,1.0,1.0,.8667,.825,.86,.12,.28,.32,.32,.32,.36,.2143,.4375,.4848,.4674,.4611,.5075
167,"The_Little_Mermaid_Denmark",.8,.6,.65,.6333,.6,.66,.2857,.3571,.4286,.5,.6429,.8571,.4211,.4478,.5166,.5588,.6207,.7458
168,"Great_Pyramid_of_Giza",.6,.5,.65,.6,.65,.66,.1333,.2,.4667,.6,.7333,.8,.2182,.2857,.5433,.6,.6892,.7233
169,"Pitti_Palace",.6,.7,.6,.6333,.625,.66,.1364,.2727,.4091,.5,.5909,.5909,.2222,.3925,.4865,.5588,.6075,.6235
170,"Georgia_State_Capitol",.8,.8,.75,.6333,.5,.4,.1579,.2632,.3158,.3158,.3158,.3158,.2637,.396,.4444,.4214,.3871,.3529
171,"Dome_des_Invalides",1.0,1.0,1.0,1.0,1.0,.98,.16,.28,.4,.44,.52,.6,.2759,.4375,.5714,.6111,.6842,.7443
172,"Reggia_di_Caserta",1.0,.9,.55,.5667,.55,.56,.16,.32,.36,.48,.56,.68,.2759,.4721,.4352,.5197,.555,.6142
173,"The_Burj_al_Arab_Hotel",.8,.8,.7,.8,.825,.8,.16,.28,.36,.44,.56,.6,.2667,.4148,.4755,.5677,.6671,.6857
174,"Elephanta_Caves",1.0,1.0,.95,.9,.9,.92,.1667,.3333,.4167,.5,.5417,.7083,.2857,.5,.5793,.6429,.6763,.8004
175,"Basilica_of_Santa_Croce",1.0,1.0,1.0,1.0,.975,.98,.16,.24,.4,.6,.64,.68,.2759,.3871,.5714,.75,.7728,.8029
176,"Aachen_Cathedral",1.0,1.0,.95,.9,.925,.94,.16,.28,.48,.56,.68,.76,.2759,.4375,.6378,.6904,.7838,.8405
177,"Monument_to_the_Great_Fire_of_London",.8,.6,.5,.5333,.55,.5,.16,.24,.32,.44,.6,.64,.2667,.3429,.3902,.4822,.5739,.5614
178,"Longmen_Grottoes",.8,.4,.65,.6333,.675,.68,.12,.12,.4,.52,.64,.8,.2087,.1846,.4952,.5711,.657,.7351
179,"Louisiana_State_Capitol",.6,.4,.35,.2667,.325,.28,.12,.16,.2,.24,.32,.36,.2,.2286,.2545,.2526,.3225,.315
180,"The_Great_Sphinx_at_Giza",1.0,.8,.75,.7333,.7,.72,.16,.28,.48,.52,.56,.72,.2759,.4148,.5854,.6085,.6222,.72
181,"Teatro_Real_Madrid",1.0,.8,.85,.9,.825,.8,.1739,.2609,.4348,.6522,.7391,.8261,.2963,.3934,.5753,.7563,.7797,.8128
182,"Palacio_de_la_Magdalena",.8,.7,.7,.8,.775,.8,.16,.28,.4,.48,.52,.68,.2667,.4,.5091,.6,.6224,.7351
183,"Sowjetisches_Ehrenmal",1.0,.5,.5,.5333,.525,.54,.2,.2,.32,.48,.6,.6,.3333,.2857,.3902,.5053,.56,.5684
184,"Cathedral_of_Trier",1.0,1.0,1.0,.9,.875,.88,.2,.32,.4,.52,.68,.84,.3333,.4848,.5714,.6592,.7653,.8595
185,"Saint_Mary_of_the_Flower",.2,.6,.5,.5,.475,.48,.04,.24,.28,.36,.36,.44,.0667,.3429,.359,.4186,.4096,.4591
186,"Skellig_Michael",.8,.8,.85,.9,.775,.74,.16,.28,.52,.6,.6,.64,.2667,.4148,.6453,.72,.6764,.6864
187,"Chicago_Board_of_Trade_Building",1.0,1.0,.85,.8667,.85,.88,.1818,.3182,.4091,.5909,.5909,.6818,.3077,.4828,.5523,.7027,.6972,.7683
188,"Pont_de_Normandie_France",1.0,.8,.75,.7667,.775,.8,.2105,.3158,.4737,.7368,.7368,.7895,.3478,.4528,.5806,.7515,.7554,.7947
189,"Palazzo_Rosso",.0,.1,.05,.0333,.05,.06,.0,.0417,.0417,.0417,.0417,.0833,.0,.0588,.0455,.037,.0455,.0698
190,"Piazza_Vittorio_Veneto",.8,.5,.45,.3667,.425,.42,.125,.1875,.3125,.375,.625,.625,.2162,.2727,.3689,.3708,.506,.5024
191,"Sforza_Castle",1.0,1.0,1.0,.9667,.95,.94,.16,.32,.44,.6,.64,.68,.2759,.4848,.6111,.7404,.7648,.7891
192,"Torres_KIO",1.0,.9,.95,.9333,.925,.86,.2,.32,.6,.64,.68,.72,.3333,.4721,.7355,.7593,.7838,.7838
193,"Torre_Picasso",1.0,.9,.8,.7333,.75,.76,.1667,.3333,.375,.5,.5833,.6667,.2857,.4865,.5106,.5946,.6562,.7103
194,"The_Palace_of_Parliament_in_Bucharest",.8,.9,.95,.9,.9,.92,.16,.28,.4,.48,.56,.6,.2667,.4271,.563,.6261,.6904,.7263
195,"Ernest_Hemingway_House",.8,.9,.75,.7,.7,.72,.16,.32,.36,.52,.6,.6,.2667,.4721,.4865,.5967,.6462,.6545
196,"Castel_dellOvo_Napoli",.8,.8,.85,.8,.825,.84,.16,.28,.4,.56,.64,.68,.2667,.4148,.544,.6588,.7208,.7516
197,"Villa_Borghese_gardens",1.0,1.0,1.0,1.0,1.0,1.0,.16,.32,.6,.76,.88,.88,.2759,.4848,.75,.8636,.9362,.9362
198,"Saint_Marks_Basilica",1.0,1.0,1.0,1.0,1.0,1.0,.16,.24,.4,.4,.4,.4,.2759,.3871,.5714,.5714,.5714,.5714
199,"Mausoleum_of_the_First_Qin_Emperor",.8,.9,.9,.9333,.925,.94,.12,.2,.36,.48,.64,.64,.2087,.3273,.5143,.634,.7565,.7615
200,"Mausoleum_of_Hadrian",1.0,1.0,.9,.9,.875,.9,.1667,.3333,.5,.5,.5,.6111,.2857,.5,.6429,.6429,.6364,.7279
201,"Piazza_de_Ferrari",1.0,1.0,1.0,.9667,.975,.94,.1053,.2632,.3684,.4737,.5263,.5263,.1905,.4167,.5385,.6358,.6836,.6748
202,"George_Washington_Carver",.6,.7,.45,.5,.55,.62,.125,.25,.25,.375,.5625,.625,.2069,.3684,.3214,.4286,.5562,.6225
203,"Cathedral_of_Santiago_de_Compostela",1.0,1.0,.9,.9,.9,.82,.1176,.2941,.5294,.6471,.7647,.7647,.2105,.4545,.6667,.7529,.8269,.7914
204,"Saint-Jacques_Tower",1.0,1.0,.85,.8,.775,.76,.1538,.2308,.3077,.3846,.4615,.5385,.2667,.375,.4518,.5195,.5785,.6303
205,"Calakmul_Campeche_Mexico",1.0,1.0,.85,.8667,.875,.88,.2143,.4286,.5714,.5714,.7143,.7143,.3529,.6,.6834,.6887,.7865,.7885
206,"Bran_Castle_in_Transylvania",1.0,.9,.9,.8667,.9,.9,.1579,.2632,.2632,.4211,.5263,.7368,.2727,.4072,.4072,.5668,.6642,.8103
207,"Mosteiro_da_Batalha",1.0,1.0,1.0,1.0,1.0,1.0,.2632,.4211,.6842,.7368,.7368,.7895,.4167,.5926,.8125,.8485,.8485,.8824
208,"Wartburg_Castle",1.0,1.0,1.0,.9667,.975,.92,.2,.4,.55,.65,.7,.75,.3333,.5714,.7097,.7773,.8149,.8263
209,"Fujian_Tulou_Fujian_China",1.0,1.0,1.0,1.0,.95,.96,.1667,.3333,.5556,.6667,.7778,.8333,.2857,.5,.7143,.8,.8553,.8922
210,"Alabama_State_Capitol",.8,.7,.6,.6333,.6,.62,.1905,.3333,.4762,.5714,.6667,.7143,.3077,.4516,.531,.6008,.6316,.6638
211,"Palazzo_dAccursio",1.0,1.0,1.0,.8667,.9,.82,.1667,.2222,.2778,.3889,.5556,.5556,.2857,.3636,.4348,.5369,.687,.6624
212,"Casa_Grande_Ruins",1.0,.8,.75,.7333,.75,.74,.2353,.2941,.4706,.4706,.5882,.6471,.381,.4301,.5783,.5733,.6593,.6904
213,"Stravinsky_Fountain",1.0,1.0,.95,.9667,.875,.9,.2,.2667,.4,.4,.4667,.6667,.3333,.4211,.563,.5659,.6087,.766
214,"Angel_Falls_Venezuela",.8,.8,.65,.7,.6,.52,.1765,.2353,.4118,.4706,.5882,.5882,.2892,.3636,.5042,.5628,.5941,.552
215,"Statue_of_George_IV",.8,.6,.7,.5333,.425,.38,.5,.5,.625,.625,.625,.625,.6154,.5455,.6604,.5755,.506,.4726
216,"Palacio_Barolo",1.0,.9,.8,.8333,.85,.88,.1765,.2353,.2941,.4706,.5882,.6471,.3,.3731,.4301,.6015,.6953,.7458
217,"Bridge_of_Remembrance_Christchurch_New_Zealand",1.0,1.0,1.0,.9,.775,.76,.1667,.4167,.75,.8333,.9167,.9167,.2857,.5882,.8571,.8654,.8399,.831
218,"John_A._Roebling_Suspension_Bridge",.4,.3,.45,.4667,.55,.48,.1333,.2,.3333,.6,.6667,.6667,.2,.24,.383,.525,.6027,.5581
219,"Blue_Dome_Santorini",.8,.8,.85,.8,.825,.84,.25,.3125,.5,.5,.625,.75,.381,.4494,.6296,.6154,.7112,.7925
220,"Fossar_de_les_Moreres",.4,.6,.45,.5333,.525,.48,.1429,.3571,.4286,.6429,.7857,.7857,.2105,.4478,.439,.583,.6294,.5959
221,"Luxor_Obelisk_France",.8,.9,.85,.9,.825,.82,.1875,.3125,.3125,.4375,.5,.5,.3038,.4639,.457,.5888,.6226,.6212
222,"Valle_de_los_Caidos",1.0,1.0,.95,.9667,.925,.92,.25,.35,.5,.6,.7,.8,.4,.5185,.6552,.7404,.7969,.8558
--------------------
"--","Avg.",P@5,P@10,P@20,P@30,P@40,P@50,CR@5,CR@10,CR@20,CR@30,CR@40,CR@50,F1@5,F1@10,F1@20,F1@30,F1@40,F1@50
,.,8009,.7838,.7705,.7652,.7602,.7543,.1587,.2631,.3963,.5022,.5748,.6349,.2583,.3864,.5134,.5948,.6418,.6755
