--------------------
"Run name","output_runCEDDSilhouette"
--------------------
"Average P@20 = ",.7836
"Average CR@20 = ",.4021
"Average F1@20 = ",.5212
--------------------
"Query Id ","Location name",P@5,P@10,P@20,P@30,P@40,P@50,CR@5,CR@10,CR@20,CR@30,CR@40,CR@50,F1@5,F1@10,F1@20,F1@30,F1@40,F1@50
1,"angel_of_the_north",1.0,1.0,1.0,1.0,1.0,1.0,.16,.24,.36,.52,.68,.68,.2759,.3871,.5294,.6842,.8095,.8095
2,"big_ben",1.0,1.0,.95,.9,.925,.82,.2273,.2273,.4091,.4545,.5,.5909,.3704,.3704,.5719,.604,.6491,.6869
3,"hearst_castle",1.0,.9,.95,.9333,.8,.82,.2083,.3333,.5833,.7083,.75,.7917,.3448,.4865,.7228,.8054,.7742,.8056
4,"la_madeleine",.2,.2,.45,.4333,.375,.32,.0714,.1429,.5,.6429,.7143,.7143,.1053,.1667,.4737,.5177,.4918,.442
5,"pont_alexandre_iii",1.0,.9,.95,.9667,.975,.98,.2,.28,.4,.6,.68,.76,.3333,.4271,.563,.7404,.8012,.8561
6,"neues_museum",.2,.1,.25,.5,.625,.7,.04,.04,.12,.36,.6,.68,.0667,.0571,.1622,.4186,.6122,.6899
7,"montezuma_castle",.8,.8,.5,.6333,.625,.66,.3333,.4167,.5,.5833,.5833,.75,.4706,.5479,.5,.6073,.6034,.7021
8,"cn_tower",.4,.4,.7,.7,.7,.68,.0833,.1667,.4167,.5833,.6667,.75,.1379,.2353,.5224,.6364,.6829,.7133
9,"acropolis_athens",.8,.9,.95,.8667,.875,.86,.0952,.2381,.4762,.4762,.5238,.5238,.1702,.3766,.6344,.6147,.6553,.6511
10,"agra_fort",.8,.9,.9,.9333,.925,.94,.16,.32,.48,.56,.68,.76,.2667,.4721,.6261,.7,.7838,.8405
11,"albert_memorial",.6,.8,.65,.7667,.825,.82,.0909,.1364,.3182,.4545,.5909,.7727,.1579,.233,.4272,.5707,.6886,.7957
12,"altes_museum",.8,.8,.55,.6,.675,.72,.1667,.25,.375,.5833,.7083,.7917,.2759,.381,.4459,.5915,.6913,.7541
13,"amiens_cathedral",1.0,1.0,1.0,1.0,.975,.98,.16,.32,.52,.64,.72,.84,.2759,.4848,.6842,.7805,.8283,.9046
14,"angkor_wat",1.0,.8,.75,.8333,.875,.88,.16,.24,.4,.6,.72,.76,.2759,.3692,.5217,.6977,.79,.8156
15,"ara_pacis",1.0,.9,.65,.7,.625,.68,.2273,.3636,.4545,.6364,.6818,.6818,.3704,.518,.535,.6667,.6522,.6809
16,"arc_de_triomphe",.8,.9,.75,.7667,.7,.68,.125,.25,.375,.5,.5417,.625,.2162,.3913,.5,.6053,.6107,.6513
17,"aztec_ruins",.0,.0,.25,.2,.25,.36,.0,.0,.2,.2,.36,.48,.0,.0,.2222,.2,.2951,.4114
18,"berlin_cathedral",1.0,.9,.95,.9667,.9,.9,.16,.24,.4,.52,.56,.64,.2759,.3789,.563,.6762,.6904,.7481
19,"bok_tower_gardens",1.0,.7,.85,.8667,.9,.92,.2,.24,.4,.56,.56,.64,.3333,.3574,.544,.6804,.6904,.7549
20,"brandenburg_gate",1.0,1.0,1.0,1.0,.975,.92,.16,.2,.32,.48,.6,.68,.2759,.3333,.4848,.6486,.7429,.782
21,"cabrillo",.2,.3,.2,.1333,.125,.12,.0769,.2308,.3077,.3077,.3846,.4615,.1111,.2609,.2424,.186,.1887,.1905
22,"casa_batllo",1.0,1.0,1.0,1.0,.925,.94,.12,.2,.4,.56,.6,.68,.2143,.3333,.5714,.7179,.7279,.7891
23,"casa_rosada",.8,.9,.95,.9333,.925,.9,.16,.2,.48,.56,.6,.68,.2667,.3273,.6378,.7,.7279,.7747
24,"castillo_de_san_marcos",.8,.6,.65,.7,.7,.76,.12,.16,.32,.48,.6,.68,.2087,.2526,.4289,.5695,.6462,.7178
25,"chartres_cathedral",1.0,1.0,.95,.9,.925,.92,.2,.24,.48,.64,.72,.76,.3333,.3871,.6378,.7481,.8097,.8324
26,"chichen_itza",.8,.9,.85,.9,.9,.9,.16,.28,.4,.48,.6,.76,.2667,.4271,.544,.6261,.72,.8241
27,"christ_the_redeemer_rio",.6,.8,.65,.6,.575,.58,.1304,.2609,.3913,.4783,.5652,.6087,.2143,.3934,.4885,.5323,.5701,.594
28,"civic_center_san_francisco",1.0,.9,.9,.8667,.75,.6,.2,.28,.4,.48,.52,.52,.3333,.4271,.5538,.6178,.6142,.5571
29,"cologne_cathedral",1.0,1.0,1.0,1.0,1.0,.98,.12,.28,.36,.48,.56,.68,.2143,.4375,.5294,.6486,.7179,.8029
30,"colosseum",1.0,1.0,1.0,1.0,.825,.86,.16,.28,.52,.6,.6,.68,.2759,.4375,.6842,.75,.6947,.7595
31,"doge_s_palace",1.0,1.0,.75,.8,.85,.86,.16,.28,.36,.48,.52,.52,.2759,.4375,.4865,.6,.6453,.6481
32,"eiffel_tower",.8,.9,.95,.9333,.9,.88,.12,.24,.4,.44,.52,.68,.2087,.3789,.563,.5981,.6592,.7672
33,"golden_gate_bridge",.8,.8,.8,.8,.65,.7,.1739,.2609,.3913,.5217,.5217,.5652,.2857,.3934,.5255,.6316,.5788,.6254
34,"grand_palais",1.0,.9,.9,.9333,.925,.94,.0909,.2273,.3636,.4091,.5,.5909,.1667,.3629,.518,.5688,.6491,.7257
35,"guggenheim_museum_bilbao",1.0,1.0,1.0,.9667,.975,.96,.12,.24,.44,.48,.52,.68,.2143,.3871,.6111,.6415,.6783,.7961
36,"hagia_sophia_istanbul",1.0,1.0,1.0,.9,.925,.92,.2,.28,.48,.64,.68,.76,.3333,.4375,.6486,.7481,.7838,.8324
37,"hoover_dam",1.0,.9,.85,.9,.9,.92,.12,.28,.48,.6,.72,.76,.2143,.4271,.6135,.72,.8,.8324
38,"humayun_tomb",1.0,.8,.7,.7667,.775,.78,.16,.24,.44,.52,.68,.72,.2759,.3692,.5404,.6197,.7244,.7488
39,"iguazu_falls",.6,.8,.85,.7667,.8,.8,.08,.24,.52,.56,.68,.76,.1412,.3692,.6453,.6472,.7351,.7795
40,"iolani_palace",1.0,1.0,.75,.6667,.7,.68,.2,.28,.44,.48,.52,.64,.3333,.4375,.5546,.5581,.5967,.6594
41,"la_mezquita",.8,.8,.75,.6667,.575,.56,.1667,.3333,.5,.5417,.5833,.75,.2759,.4706,.6,.5977,.5791,.6412
42,"la_rambla_barcelona",1.0,1.0,.95,.9667,.95,.92,.16,.24,.36,.36,.4,.48,.2759,.3871,.5221,.5246,.563,.6309
43,"la_sainte_chapelle",1.0,.9,.95,.9667,.95,.96,.2,.36,.6,.64,.68,.76,.3333,.5143,.7355,.7701,.7926,.8484
44,"liberty_memorial",.8,.4,.7,.7333,.625,.66,.08,.08,.36,.52,.52,.64,.1455,.1333,.4755,.6085,.5677,.6498
45,"lincoln_home",.8,.8,.85,.8667,.85,.68,.2222,.2778,.5556,.6667,.7222,.7222,.3478,.4124,.6719,.7536,.7809,.7005
46,"machu_picchu",1.0,.7,.65,.7,.75,.78,.2,.28,.44,.6,.72,.76,.3333,.4,.5248,.6462,.7347,.7699
47,"marble_arch_london",.6,.5,.4,.2667,.275,.22,.25,.25,.3333,.3333,.4167,.4167,.3529,.3333,.3636,.2963,.3313,.288
48,"milan_cathedral",1.0,1.0,.75,.8333,.875,.9,.2,.32,.48,.64,.76,.76,.3333,.4848,.5854,.724,.8135,.8241
49,"mole_antonelliana",1.0,.9,.8,.7333,.775,.7,.16,.2,.36,.4,.52,.6,.2759,.3273,.4966,.5176,.6224,.6462
50,"mont_saint_michel",1.0,1.0,1.0,.9333,.95,.92,.16,.36,.48,.52,.68,.72,.2759,.5294,.6486,.6679,.7926,.8078
51,"moulin_rouge",.0,.0,.0,.2667,.225,.2,.0,.0,.0,.625,.625,.75,.0,.0,.0,.3738,.3309,.3158
52,"nelson_s_column",.8,.9,.95,.9667,.975,.94,.125,.25,.4583,.5833,.7083,.7917,.2162,.3913,.6183,.7276,.8205,.8595
53,"notre_dame_de_paris",1.0,1.0,1.0,.9333,.875,.82,.2,.28,.52,.6,.68,.72,.3333,.4375,.6842,.7304,.7653,.7668
54,"obelisco",.6,.3,.15,.1,.075,.16,.1818,.1818,.1818,.1818,.1818,.4545,.2791,.2264,.1644,.129,.1062,.2367
55,"piccadilly_circus",1.0,.9,.75,.7333,.775,.7,.1739,.3043,.3913,.4783,.6087,.6957,.2963,.4549,.5143,.5789,.6819,.6978
56,"place_de_la_concorde",1.0,1.0,.95,.9667,.95,.96,.12,.24,.44,.56,.6,.68,.2143,.3871,.6014,.7092,.7355,.7961
57,"place_de_la_republique",.4,.4,.3,.2,.225,.18,.25,.5,.625,.625,.75,.75,.3077,.4444,.4054,.303,.3462,.2903
58,"place_des_vosges",.8,.7,.85,.8,.75,.74,.12,.12,.44,.52,.68,.72,.2087,.2049,.5798,.6303,.7133,.7299
59,"pont_du_gard",.8,.9,.95,.8,.7,.72,.16,.28,.44,.48,.56,.64,.2667,.4271,.6014,.6,.6222,.6776
60,"pont_neuf",1.0,.9,.8,.5667,.625,.6,.08,.2,.4,.4,.52,.56,.1481,.3273,.5333,.469,.5677,.5793
61,"ponte_vecchio",.8,.9,.9,.7333,.625,.62,.1667,.2917,.4583,.5,.5417,.625,.2759,.4406,.6074,.5946,.5804,.6225
62,"puerta_de_alcala",.2,.2,.45,.5667,.6,.6,.0526,.1053,.2105,.4211,.5263,.6842,.0833,.1379,.2869,.4831,.5607,.6393
63,"puerta_del_sol",.6,.5,.4,.3333,.275,.26,.15,.2,.3,.35,.4,.45,.24,.2857,.3429,.3415,.3259,.3296
64,"red_fort",1.0,1.0,1.0,.9667,.975,.98,.2,.32,.6,.64,.72,.72,.3333,.4848,.75,.7701,.8283,.8301
65,"reims_cathedral",1.0,1.0,1.0,1.0,1.0,.92,.16,.24,.36,.48,.56,.64,.2759,.3871,.5294,.6486,.7179,.7549
66,"rialto_bridge",1.0,1.0,.65,.6,.475,.4,.25,.3125,.4375,.625,.625,.625,.4,.4762,.523,.6122,.5398,.4878
67,"roman_forum_rome",.8,.8,.7,.6667,.575,.64,.16,.28,.36,.44,.44,.6,.2667,.4148,.4755,.5301,.4985,.6194
68,"sacre_coeur",.2,.5,.6,.6667,.6,.56,.0417,.1667,.2917,.5,.5417,.5417,.069,.25,.3925,.5714,.5693,.5507
69,"sagrada_familia",.8,.9,.95,.9333,.925,.94,.12,.2,.36,.48,.56,.6,.2087,.3273,.5221,.634,.6976,.7325
70,"santa_maria_novella",.8,.4,.65,.6,.575,.6,.16,.16,.32,.44,.48,.64,.2667,.2286,.4289,.5077,.5232,.6194
71,"schonbrunn_palace",1.0,1.0,1.0,1.0,1.0,1.0,.16,.36,.48,.56,.72,.76,.2759,.5294,.6486,.7179,.8372,.8636
72,"seville_cathedral",.6,.7,.8,.8667,.9,.92,.12,.24,.36,.52,.64,.68,.2,.3574,.4966,.65,.7481,.782
73,"spanish_steps",1.0,.8,.75,.7667,.725,.7,.1818,.2727,.4091,.5455,.5909,.6364,.3077,.4068,.5294,.6374,.6511,.6667
74,"st__basil_cathedral",1.0,1.0,.85,.8667,.8,.84,.2,.32,.44,.56,.6,.64,.3333,.4848,.5798,.6804,.6857,.7265
75,"statue_of_liberty",1.0,1.0,.8,.8,.85,.8,.16,.28,.4,.48,.56,.6,.2759,.4375,.5333,.6,.6752,.6857
76,"stonehenge",1.0,.8,.7,.4667,.525,.52,.2632,.2632,.3684,.3684,.3684,.4211,.4167,.396,.4828,.4118,.433,.4653
77,"summer_palace_beijing",1.0,1.0,.95,.9,.85,.82,.12,.32,.4,.56,.64,.64,.2143,.4848,.563,.6904,.7302,.7189
78,"sydney_opera_house",1.0,.9,.95,.9,.925,.92,.16,.28,.36,.52,.6,.6,.2759,.4271,.5221,.6592,.7279,.7263
79,"teotihuacan",1.0,.8,.7,.7667,.75,.78,.16,.24,.44,.56,.64,.68,.2759,.3692,.5404,.6472,.6906,.7266
80,"terracotta_army",.8,.9,.45,.4667,.525,.58,.15,.3,.3,.35,.55,.7,.2526,.45,.36,.4,.5372,.6344
81,"the_blue_mosque",.8,.8,.85,.9,.925,.94,.16,.24,.36,.52,.52,.64,.2667,.3692,.5058,.6592,.6657,.7615
82,"the_henry_ford",1.0,.9,.65,.7,.7,.72,.16,.24,.28,.44,.6,.72,.2759,.3789,.3914,.5404,.6462,.72
83,"taj_mahal",1.0,.8,.9,.9,.9,.9,.12,.24,.28,.48,.56,.68,.2143,.3692,.4271,.6261,.6904,.7747
84,"tour_montparnasse",.8,.8,.65,.4333,.4,.36,.2,.3,.45,.45,.5,.5,.32,.4364,.5318,.4415,.4444,.4186
85,"tower_bridge_london",1.0,.9,.75,.6333,.6,.6,.08,.24,.44,.48,.64,.68,.1481,.3789,.5546,.5461,.6194,.6375
86,"trafalgar_square",.8,.6,.55,.5667,.525,.56,.1818,.2273,.3636,.4545,.5,.5455,.2963,.3297,.4378,.5045,.5122,.5526
87,"leaning_tower_of_pisa",.6,.5,.45,.5,.625,.7,.12,.16,.24,.4,.52,.72,.2,.2424,.313,.4444,.5677,.7099
88,"hermitage_museum_saint_petersburg",1.0,.9,.8,.8667,.9,.9,.2,.2,.32,.52,.68,.76,.3333,.3273,.4571,.65,.7747,.8241
89,"jantar_mantar_jaipur",.8,.6,.8,.7333,.725,.74,.16,.24,.44,.56,.72,.76,.2667,.3429,.5677,.6351,.7225,.7499
90,"lake_titicaca_peru",.8,.7,.4,.4333,.45,.48,.125,.2083,.25,.3333,.4583,.625,.2162,.3211,.3077,.3768,.4541,.543
91,"the_great_wall_of_china",1.0,.9,.9,.9,.825,.8,.16,.24,.44,.52,.52,.68,.2759,.3789,.591,.6592,.6379,.7351
92,"grande_arche_paris",.6,.7,.6,.7333,.675,.7,.08,.2,.24,.36,.52,.6,.1412,.3111,.3429,.4829,.5874,.6462
93,"el_angel_mexico",.8,.8,.6,.6,.575,.46,.1905,.2381,.3333,.5714,.619,.619,.3077,.367,.4286,.5854,.5962,.5278
94,"bibliotheque_nationale_de_france",.4,.5,.65,.6333,.725,.74,.08,.08,.24,.32,.56,.72,.1333,.1379,.3506,.4252,.6319,.7299
95,"kronborg_castle",.6,.7,.7,.7,.775,.76,.125,.25,.4167,.5,.5417,.5417,.2069,.3684,.5224,.5833,.6377,.6325
96,"ajanta_caves",1.0,.9,.95,.9667,.925,.9,.1818,.2727,.5,.5,.5909,.6364,.3077,.4186,.6552,.6591,.7211,.7456
97,"atomium",.8,.9,.95,.9333,.95,.92,.1905,.2857,.3333,.381,.4762,.4762,.3077,.4337,.4935,.5411,.6344,.6276
98,"ellora_caves",1.0,1.0,.95,.9333,.925,.94,.1364,.2273,.4545,.5,.5455,.5909,.24,.3704,.6149,.6512,.6862,.7257
99,"potala_palace",.8,.9,.9,.8,.7,.7,.1111,.1667,.2778,.3333,.4444,.5,.1951,.2812,.4245,.4706,.5437,.5833
100,"jokhang",.8,.9,.85,.8667,.875,.84,.16,.24,.44,.56,.68,.8,.2667,.3789,.5798,.6804,.7653,.8195
101,"rila_monastery",.6,.7,.85,.9,.925,.88,.12,.24,.4,.44,.48,.48,.2,.3574,.544,.591,.632,.6212
102,"louvre_pyramid",1.0,1.0,.95,.9333,.95,.9,.1111,.3889,.4444,.5556,.5556,.6111,.2,.56,.6056,.6965,.7011,.7279
103,"brooklyn_bridge",1.0,1.0,.95,.9333,.925,.92,.1429,.2857,.3333,.4286,.5714,.6667,.25,.4444,.4935,.5874,.7064,.7731
104,"tower_of_london",.6,.7,.75,.7667,.75,.78,.0435,.1739,.2174,.4783,.5217,.6087,.0811,.2786,.3371,.5891,.6154,.6838
105,"british_museum_london",1.0,1.0,1.0,.9667,.975,.96,.1,.2,.45,.55,.55,.65,.1818,.3333,.6207,.7011,.7033,.7752
106,"buckingham_palace",.8,.7,.4,.4,.325,.32,.2,.2,.2,.25,.25,.3,.32,.3111,.2667,.3077,.2826,.3097
107,"charles_bridge_prague",1.0,1.0,.65,.5667,.5,.5,.125,.2083,.25,.3333,.375,.4583,.2222,.3448,.3611,.4198,.4286,.4783
108,"champs_elysees_paris",.6,.4,.6,.6,.575,.5,.2,.2667,.4,.4667,.7333,.7333,.3,.32,.48,.525,.6446,.5946
109,"chrysler_building",1.0,1.0,1.0,1.0,.95,.96,.1429,.3571,.5714,.7857,.8571,.9286,.25,.5263,.7273,.88,.9012,.944
110,"moma_new_york",.8,.9,.95,.9,.85,.88,.2105,.2105,.4737,.5263,.6316,.7368,.3333,.3412,.6322,.6642,.7247,.8021
111,"grand_central_terminal",1.0,1.0,1.0,.9667,.975,.94,.1429,.1905,.2381,.3333,.4762,.5238,.25,.32,.3846,.4957,.6399,.6727
112,"houses_of_parliament",1.0,1.0,1.0,1.0,.925,.9,.2174,.3043,.3478,.4348,.4783,.5652,.3571,.4667,.5161,.6061,.6305,.6944
113,"alexanderplatz_berlin",.0,.3,.6,.6333,.725,.74,.0,.12,.36,.56,.6,.64,.0,.1714,.45,.5944,.6566,.6864
114,"centre_pompidou",1.0,.8,.7,.6667,.675,.68,.2778,.2778,.3889,.4444,.6667,.7222,.4348,.4124,.5,.5333,.6708,.7005
115,"sydney_harbour_bridge",1.0,1.0,1.0,1.0,.975,.98,.1875,.375,.5,.625,.625,.625,.3158,.5455,.6667,.7692,.7617,.7632
116,"pier_39",1.0,1.0,1.0,.8667,.875,.9,.1905,.2381,.4762,.5714,.619,.7143,.32,.3846,.6452,.6887,.7251,.7965
117,"coit_tower",.6,.7,.45,.5667,.575,.64,.1333,.2,.2,.3333,.4667,.5333,.2182,.3111,.2769,.4198,.5152,.5818
118,"st_paul_s_cathedral_london",1.0,1.0,.9,.8333,.825,.76,.2353,.2941,.5882,.7647,.7647,.8235,.381,.4545,.7115,.7975,.7937,.7905
119,"cloud_gate",.4,.7,.5,.6333,.65,.7,.1667,.25,.3333,.5,.5,.5,.2353,.3684,.4,.5588,.5652,.5833
120,"musee_d_orsay",1.0,.9,.95,.9333,.925,.92,.1429,.2381,.4286,.5238,.619,.7143,.25,.3766,.5907,.671,.7417,.8042
121,"pike_place_market",1.0,.9,.85,.8,.775,.82,.1905,.3333,.4762,.5238,.5714,.619,.32,.4865,.6104,.6331,.6578,.7055
122,"royal_palace_madrid",.8,.9,.8,.8,.85,.82,.1818,.3182,.4091,.5909,.7273,.7273,.2963,.4701,.5414,.6797,.7839,.7709
123,"sony_center_berlin",.8,.9,.95,.9667,.975,.92,.1429,.2381,.381,.4286,.4286,.4762,.2424,.3766,.5438,.5939,.5954,.6276
124,"red_square_moscow",.8,.6,.6,.6667,.625,.62,.1429,.1905,.2857,.4762,.5714,.619,.2424,.2892,.3871,.5556,.597,.6195
125,"prague_castle",1.0,.9,.9,.8667,.8,.82,.16,.32,.52,.52,.64,.72,.2759,.4721,.6592,.65,.7111,.7668
126,"musee_du_louvre",1.0,1.0,1.0,1.0,1.0,.98,.2,.28,.44,.64,.72,.76,.3333,.4375,.6111,.7805,.8372,.8561
127,"millennium_bridge_london",.8,.7,.75,.7667,.8,.74,.16,.24,.44,.44,.52,.52,.2667,.3574,.5546,.5591,.6303,.6108
128,"casa_mila",1.0,1.0,.95,.9,.925,.94,.2,.28,.48,.56,.68,.72,.3333,.4375,.6378,.6904,.7838,.8154
129,"national_gallery_london",1.0,1.0,.65,.7333,.725,.64,.1818,.3182,.3636,.5455,.5909,.5909,.3077,.4828,.4664,.6256,.6511,.6145
130,"national_mall",1.0,1.0,.9,.9,.9,.86,.2,.36,.44,.64,.8,.84,.3333,.5294,.591,.7481,.8471,.8499
131,"london_city_hall",1.0,1.0,1.0,.9333,.85,.7,.25,.4,.5,.65,.75,.75,.4,.5714,.6667,.7663,.7969,.7241
132,"holocaust_memorial",.6,.8,.7,.6,.55,.44,.125,.3125,.5,.5625,.75,.75,.2069,.4494,.5833,.5806,.6346,.5546
133,"columbus_circle",.4,.7,.65,.5667,.525,.5,.08,.24,.44,.44,.52,.64,.1333,.3574,.5248,.4954,.5225,.5614
134,"siegessaeule",1.0,1.0,.8,.7333,.55,.5,.16,.32,.44,.52,.52,.6,.2759,.4848,.5677,.6085,.5346,.5455
135,"jardin_du_luxembourg",1.0,1.0,1.0,1.0,.975,.96,.2,.32,.48,.64,.72,.8,.3333,.4848,.6486,.7805,.8283,.8727
136,"merlion_singapore",.0,.1,.25,.3333,.4,.52,.0,.0455,.2273,.3182,.5,.6818,.0,.0625,.2381,.3256,.4444,.59
137,"harrods_london",1.0,1.0,.85,.8667,.85,.88,.16,.32,.44,.56,.64,.76,.2759,.4848,.5798,.6804,.7302,.8156
138,"metropolitan_museum_of_art_new_york",1.0,1.0,.95,.9667,.975,.98,.16,.32,.48,.56,.68,.72,.2759,.4848,.6378,.7092,.8012,.8301
139,"new_york_stock_exchange",.8,.9,.8,.6667,.55,.56,.15,.25,.25,.35,.4,.45,.2526,.3913,.381,.459,.4632,.499
140,"stephansdom_vienna",1.0,1.0,1.0,1.0,1.0,.98,.16,.28,.4,.56,.6,.64,.2759,.4375,.5714,.7179,.75,.7743
141,"hms_belfast",1.0,1.0,1.0,.9,.925,.92,.12,.32,.48,.56,.68,.72,.2143,.4848,.6486,.6904,.7838,.8078
142,"leicester_square",.8,.9,.8,.7333,.75,.72,.08,.16,.28,.44,.48,.56,.1455,.2717,.4148,.55,.5854,.63
143,"ciudad_de_las_artes_y_las_ciencias",1.0,.9,.95,.9667,.975,.98,.16,.28,.48,.52,.64,.68,.2759,.4271,.6378,.6762,.7728,.8029
144,"topkapi_palace",1.0,.9,.95,.9,.925,.92,.2,.28,.48,.52,.64,.72,.3333,.4271,.6378,.6592,.7565,.8078
145,"royal_albert_hall",1.0,.9,.75,.7333,.6,.62,.16,.28,.36,.4,.44,.6,.2759,.4271,.4865,.5176,.5077,.6098
146,"st_vitus_cathedral",1.0,1.0,1.0,.9667,.925,.94,.16,.28,.48,.56,.64,.68,.2759,.4375,.6486,.7092,.7565,.7891
147,"castello_sforzesco",.8,.8,.85,.9,.9,.92,.08,.2,.36,.48,.52,.52,.1455,.32,.5058,.6261,.6592,.6644
148,"rijksmuseum_amsterdam",1.0,1.0,1.0,1.0,1.0,1.0,.16,.16,.36,.44,.56,.72,.2759,.2759,.5294,.6111,.7179,.8372
149,"dam_square",.8,.9,.8,.6667,.525,.58,.08,.16,.24,.32,.32,.48,.1455,.2717,.3692,.4324,.3976,.5253
150,"rathaus_vienna",.8,.9,.85,.6667,.6,.6,.12,.12,.2,.28,.4,.52,.2087,.2118,.3238,.3944,.48,.5571
151,"bath_abbey",1.0,1.0,1.0,1.0,1.0,.94,.16,.28,.48,.56,.68,.76,.2759,.4375,.6486,.7179,.8095,.8405
152,"salisbury_cathedral",1.0,1.0,1.0,1.0,1.0,.96,.16,.24,.36,.44,.44,.52,.2759,.3871,.5294,.6111,.6111,.6746
153,"templo_de_debod",.2,.3,.25,.4667,.45,.5,.0455,.0909,.1364,.2727,.3182,.4091,.0741,.1395,.1765,.3443,.3728,.45
154,"Niagara_Falls",.8,.6,.65,.5667,.65,.66,.1364,.1818,.3182,.4091,.5909,.6818,.233,.2791,.4272,.4752,.619,.6707
155,"Golden_Gate_Bridge_in_San_Francisco",1.0,.9,.95,.9667,.975,.98,.1364,.1364,.3636,.5455,.6818,.6818,.24,.2368,.526,.6974,.8025,.8042
156,"Neuschwanstein_Castle",1.0,1.0,1.0,.9667,.975,.96,.2,.28,.48,.64,.72,.72,.3333,.4375,.6486,.7701,.8283,.8229
157,"Christ_Church_Cathedral_Missouri",1.0,1.0,1.0,1.0,.925,.78,.16,.32,.48,.52,.52,.52,.2759,.4848,.6486,.6842,.6657,.624
158,"Mount_Rushmore_in_South_Dakota",.8,.9,.95,.9667,.975,.9,.16,.2,.36,.56,.64,.64,.2667,.3273,.5221,.7092,.7728,.7481
159,"Puerta_de_Toledo",.2,.1,.05,.0333,.025,.02,.5,.5,.5,.5,.5,.5,.2857,.1667,.0909,.0625,.0476,.0385
160,"Urquhart_Castle",1.0,.8,.75,.8333,.85,.86,.1667,.2917,.5833,.6667,.7083,.7917,.2857,.4275,.6562,.7407,.7727,.8244
161,"Gare_du_Nord_Paris",.8,.8,.85,.8333,.75,.68,.12,.2,.28,.36,.44,.48,.2087,.32,.4212,.5028,.5546,.5628
162,"Newgrange_in_Ireland",.6,.7,.7,.6333,.6,.66,.0833,.2083,.2917,.4167,.4167,.4583,.1463,.3211,.4118,.5026,.4918,.541
163,"Windmills_at_Kinderdijk",1.0,.9,.85,.8667,.875,.9,.16,.32,.4,.48,.52,.64,.2759,.4721,.544,.6178,.6523,.7481
164,"Conciergerie",1.0,1.0,1.0,1.0,.975,.94,.16,.28,.52,.68,.8,.8,.2759,.4375,.6842,.8095,.8789,.8644
165,"Palazzo_Madama",1.0,.8,.75,.7333,.675,.66,.1818,.2273,.3636,.4545,.4545,.6364,.3077,.354,.4898,.5612,.5433,.648
166,"Split_Rock_Lighthouse",.8,.9,.85,.8,.825,.8,.12,.2,.32,.4,.52,.56,.2087,.3273,.465,.5333,.6379,.6588
167,"The_Little_Mermaid_Denmark",1.0,1.0,1.0,.8333,.725,.58,.2857,.4286,.7143,.7143,.7143,.7143,.4444,.6,.8333,.7692,.7196,.6402
168,"Great_Pyramid_of_Giza",.4,.5,.5,.5,.525,.54,.1333,.3333,.4667,.6667,.7333,.8667,.2,.4,.4828,.5714,.6119,.6654
169,"Pitti_Palace",.8,.8,.9,.7333,.675,.58,.1818,.3182,.4091,.4545,.5,.5455,.2963,.4553,.5625,.5612,.5745,.5622
170,"Georgia_State_Capitol",.8,.9,.5,.3333,.25,.2,.1579,.2632,.2632,.2632,.2632,.2632,.2637,.4072,.3448,.2941,.2564,.2273
171,"Dome_des_Invalides",1.0,1.0,1.0,1.0,1.0,1.0,.16,.28,.44,.44,.56,.64,.2759,.4375,.6111,.6111,.7179,.7805
172,"Reggia_di_Caserta",.8,.5,.4,.5333,.475,.56,.16,.2,.24,.48,.56,.68,.2667,.2857,.3,.5053,.514,.6142
173,"The_Burj_al_Arab_Hotel",.8,.7,.8,.7667,.8,.84,.16,.24,.36,.48,.52,.64,.2667,.3574,.4966,.5904,.6303,.7265
174,"Elephanta_Caves",1.0,1.0,1.0,1.0,.95,.86,.125,.2917,.4583,.625,.6667,.7083,.2222,.4516,.6286,.7692,.7835,.7768
175,"Basilica_of_Santa_Croce",1.0,1.0,1.0,1.0,1.0,1.0,.12,.16,.36,.4,.4,.48,.2143,.2759,.5294,.5714,.5714,.6486
176,"Aachen_Cathedral",1.0,.9,.95,.9667,.975,.96,.16,.2,.48,.52,.68,.68,.2759,.3273,.6378,.6762,.8012,.7961
177,"Monument_to_the_Great_Fire_of_London",1.0,.7,.45,.5667,.6,.62,.2,.28,.32,.48,.64,.68,.3333,.4,.374,.5197,.6194,.6486
178,"Longmen_Grottoes",.8,.8,.55,.6333,.625,.64,.16,.32,.36,.56,.64,.72,.2667,.4571,.4352,.5944,.6324,.6776
179,"Louisiana_State_Capitol",.6,.5,.35,.3,.4,.46,.12,.16,.24,.28,.56,.68,.2,.2424,.2847,.2897,.4667,.5488
180,"The_Great_Sphinx_at_Giza",1.0,.9,.85,.8667,.9,.92,.2,.24,.48,.6,.68,.72,.3333,.3789,.6135,.7091,.7747,.8078
181,"Teatro_Real_Madrid",1.0,1.0,.85,.6,.6,.64,.2174,.3913,.5652,.5652,.6957,.8261,.3571,.5625,.679,.5821,.6443,.7212
182,"Palacio_de_la_Magdalena",.6,.8,.8,.8,.75,.72,.12,.28,.36,.48,.56,.64,.2,.4148,.4966,.6,.6412,.6776
183,"Sowjetisches_Ehrenmal",.4,.4,.6,.7333,.725,.72,.08,.16,.36,.48,.56,.68,.1333,.2286,.45,.5802,.6319,.6994
184,"Cathedral_of_Trier",1.0,1.0,1.0,.7667,.825,.82,.16,.28,.48,.56,.68,.8,.2759,.4375,.6486,.6472,.7455,.8099
185,"Saint_Mary_of_the_Flower",.0,.0,.05,.1,.275,.36,.0,.0,.04,.12,.32,.36,.0,.0,.0444,.1091,.2958,.36
186,"Skellig_Michael",.8,.7,.75,.6667,.65,.66,.16,.24,.44,.48,.52,.56,.2667,.3574,.5546,.5581,.5778,.6059
187,"Chicago_Board_of_Trade_Building",1.0,1.0,.95,.7667,.575,.6,.1818,.3182,.5,.5455,.5455,.6818,.3077,.4828,.6552,.6374,.5598,.6383
188,"Pont_de_Normandie_France",1.0,1.0,.95,.9667,.825,.74,.2632,.4737,.6316,.7368,.7368,.7368,.4167,.6429,.7587,.8363,.7784,.7384
189,"Palazzo_Rosso",.2,.1,.1,.1,.125,.1,.0417,.0417,.0833,.125,.2083,.2083,.069,.0588,.0909,.1111,.1562,.1351
190,"Piazza_Vittorio_Veneto",.8,.7,.35,.3,.425,.4,.1875,.375,.375,.4375,.75,.8125,.3038,.4884,.3621,.3559,.5426,.5361
191,"Sforza_Castle",1.0,1.0,.95,.9667,.95,.94,.2,.28,.36,.44,.56,.6,.3333,.4375,.5221,.6047,.7046,.7325
192,"Torres_KIO",.8,.8,.9,.9,.8,.76,.12,.24,.36,.52,.6,.68,.2087,.3692,.5143,.6592,.6857,.7178
193,"Torre_Picasso",1.0,1.0,.9,.7333,.725,.78,.1667,.2917,.4583,.5417,.5833,.75,.2857,.4516,.6074,.6231,.6465,.7647
194,"The_Palace_of_Parliament_in_Bucharest",.8,.9,.9,.9333,.925,.88,.16,.2,.36,.52,.64,.68,.2667,.3273,.5143,.6679,.7565,.7672
195,"Ernest_Hemingway_House",1.0,1.0,.9,.7333,.725,.74,.12,.2,.4,.44,.52,.64,.2143,.3333,.5538,.55,.6056,.6864
196,"Castel_dellOvo_Napoli",.8,.9,.9,.9,.875,.86,.16,.28,.52,.64,.68,.72,.2667,.4271,.6592,.7481,.7653,.7838
197,"Villa_Borghese_gardens",1.0,1.0,1.0,1.0,.975,.98,.2,.32,.52,.56,.6,.68,.3333,.4848,.6842,.7179,.7429,.8029
198,"Saint_Marks_Basilica",1.0,1.0,1.0,1.0,1.0,.9,.12,.24,.32,.36,.48,.52,.2143,.3871,.4848,.5294,.6486,.6592
199,"Mausoleum_of_the_First_Qin_Emperor",.8,.9,.7,.8,.775,.8,.12,.24,.32,.48,.48,.6,.2087,.3789,.4392,.6,.5928,.6857
200,"Mausoleum_of_Hadrian",1.0,.8,.85,.7667,.6,.48,.1111,.2222,.3889,.5,.5,.5,.2,.3478,.5336,.6053,.5455,.4898
201,"Piazza_de_Ferrari",1.0,1.0,.95,.9333,.9,.92,.2105,.3158,.4211,.5263,.6316,.6316,.3478,.48,.5835,.6731,.7423,.749
202,"George_Washington_Carver",.4,.7,.7,.6,.575,.58,.125,.25,.5,.5,.625,.6875,.1905,.3684,.5833,.5455,.599,.6292
203,"Cathedral_of_Santiago_de_Compostela",1.0,1.0,.9,.8667,.85,.76,.1765,.1765,.4706,.5882,.5882,.7059,.3,.3,.618,.7008,.6953,.7319
204,"Saint-Jacques_Tower",1.0,.9,.85,.7667,.8,.8,.2308,.2308,.2308,.3846,.7692,.9231,.375,.3673,.363,.5122,.7843,.8571
205,"Calakmul_Campeche_Mexico",.8,.9,.9,.8667,.775,.76,.2143,.3571,.5,.5714,.6429,.8571,.338,.5114,.6429,.6887,.7028,.8057
206,"Bran_Castle_in_Transylvania",1.0,1.0,.9,.9,.9,.86,.2632,.3158,.4211,.5263,.6842,.7368,.4167,.48,.5737,.6642,.7774,.7937
207,"Mosteiro_da_Batalha",1.0,1.0,1.0,1.0,1.0,1.0,.2105,.3158,.5263,.6842,.7368,.7368,.3478,.48,.6897,.8125,.8485,.8485
208,"Wartburg_Castle",1.0,.9,.9,.9333,.95,.92,.2,.35,.55,.7,.75,.75,.3333,.504,.6828,.8,.8382,.8263
209,"Fujian_Tulou_Fujian_China",1.0,1.0,1.0,.9667,.975,.94,.2222,.2778,.5556,.7222,.7778,.9444,.3636,.4348,.7143,.8268,.8653,.9422
210,"Alabama_State_Capitol",.6,.6,.8,.7667,.775,.78,.1429,.2857,.5714,.7143,.7619,.7619,.2308,.3871,.6667,.7395,.7684,.7708
211,"Palazzo_dAccursio",1.0,1.0,.9,.8,.75,.62,.1667,.2778,.3889,.5,.5556,.5556,.2857,.4348,.5431,.6154,.6383,.586
212,"Casa_Grande_Ruins",.6,.7,.75,.8,.825,.8,.1176,.2353,.2941,.4118,.4118,.4118,.1967,.3522,.4225,.5437,.5493,.5437
213,"Stravinsky_Fountain",1.0,1.0,1.0,.9333,.775,.74,.2,.3333,.4667,.5333,.5333,.5333,.3333,.5,.6364,.6788,.6318,.6199
214,"Angel_Falls_Venezuela",.4,.5,.45,.5333,.525,.48,.1176,.1176,.2941,.5882,.7059,.7647,.1818,.1905,.3557,.5594,.6022,.5898
215,"Statue_of_George_IV",1.0,.7,.55,.5,.375,.3,.5,.5,.625,.875,.875,.875,.6667,.5833,.5851,.6364,.525,.4468
216,"Palacio_Barolo",.8,.8,.9,.9333,.95,.94,.1765,.2353,.4118,.4706,.7059,.7647,.2892,.3636,.565,.6257,.8099,.8433
217,"Bridge_of_Remembrance_Christchurch_New_Zealand",.8,.9,.95,.7667,.675,.54,.25,.4167,.8333,.9167,.9167,.9167,.381,.5696,.8879,.835,.7775,.6796
218,"John_A._Roebling_Suspension_Bridge",.2,.5,.4,.5,.525,.54,.0667,.2667,.4,.6,.6,.6667,.1,.3478,.4,.5455,.56,.5967
219,"Blue_Dome_Santorini",1.0,.9,.95,.9667,.925,.9,.25,.4375,.5625,.75,.75,.75,.4,.5888,.7066,.8447,.8284,.8182
220,"Fossar_de_les_Moreres",.6,.7,.45,.4333,.325,.26,.2143,.4286,.5,.5714,.5714,.5714,.3158,.5316,.4737,.4929,.4143,.3574
221,"Luxor_Obelisk_France",.8,.8,.8,.8,.825,.86,.125,.25,.3125,.4375,.5625,.625,.2162,.381,.4494,.5657,.6689,.7239
222,"Valle_de_los_Caidos",1.0,.8,.9,.9,.9,.92,.25,.35,.55,.65,.7,.8,.4,.487,.6828,.7548,.7875,.8558
--------------------
"--","Avg.",P@5,P@10,P@20,P@30,P@40,P@50,CR@5,CR@10,CR@20,CR@30,CR@40,CR@50,F1@5,F1@10,F1@20,F1@30,F1@40,F1@50
,.,8288,.8144,.7836,.7698,.7545,.7442,.158,.2556,.4021,.5081,.5882,.6546,.2601,.3815,.5212,.5997,.6471,.6813
