--------------------
"Run name","output_runPHOGXBIndex"
--------------------
"Average P@20 = ",.7833
"Average CR@20 = ",.4085
"Average F1@20 = ",.525
--------------------
"Query Id ","Location name",P@5,P@10,P@20,P@30,P@40,P@50,CR@5,CR@10,CR@20,CR@30,CR@40,CR@50,F1@5,F1@10,F1@20,F1@30,F1@40,F1@50
1,"angel_of_the_north",1.0,1.0,1.0,1.0,.975,.96,.16,.32,.52,.64,.72,.76,.2759,.4848,.6842,.7805,.8283,.8484
2,"big_ben",1.0,1.0,.95,.8,.775,.78,.1818,.2273,.4091,.4545,.5455,.5909,.3077,.3704,.5719,.5797,.6403,.6724
3,"hearst_castle",1.0,.9,.9,.8667,.875,.86,.2083,.3333,.5417,.75,.8333,.875,.3448,.4865,.6763,.8041,.8537,.8674
4,"la_madeleine",.4,.4,.45,.4,.4,.44,.1429,.2857,.5,.5714,.7143,.7143,.2105,.3333,.4737,.4706,.5128,.5446
5,"pont_alexandre_iii",1.0,1.0,1.0,.9667,.975,.98,.2,.32,.44,.56,.64,.76,.3333,.4848,.6111,.7092,.7728,.8561
6,"neues_museum",.2,.1,.2,.3333,.375,.48,.04,.04,.16,.28,.36,.48,.0667,.0571,.1778,.3043,.3673,.48
7,"montezuma_castle",.8,.8,.55,.5333,.525,.48,.25,.3333,.5,.5833,.6667,.6667,.381,.4706,.5238,.5572,.5874,.5581
8,"cn_tower",.8,.8,.8,.7667,.775,.74,.1667,.25,.4167,.5417,.5833,.625,.2759,.381,.5479,.6348,.6656,.6777
9,"acropolis_athens",1.0,1.0,.85,.7667,.8,.8,.1905,.3333,.381,.4762,.5238,.5714,.32,.5,.5261,.5875,.6331,.6667
10,"agra_fort",.8,.8,.9,.8333,.825,.86,.16,.28,.52,.6,.68,.76,.2667,.4148,.6592,.6977,.7455,.8069
11,"albert_memorial",.8,.7,.7,.7667,.775,.78,.1364,.1818,.2727,.4091,.5,.6364,.233,.2887,.3925,.5335,.6078,.7009
12,"altes_museum",.4,.5,.5,.6333,.675,.64,.0833,.2083,.375,.5,.625,.7083,.1379,.2941,.4286,.5588,.649,.6724
13,"amiens_cathedral",1.0,1.0,.95,.9333,.95,.96,.16,.28,.56,.72,.8,.8,.2759,.4375,.7046,.8129,.8686,.8727
14,"angkor_wat",.6,.8,.8,.8667,.775,.78,.12,.24,.4,.56,.6,.6,.2,.3692,.5333,.6804,.6764,.6783
15,"ara_pacis",1.0,.8,.7,.7333,.725,.76,.2273,.3636,.5455,.5909,.6364,.7273,.3704,.5,.6131,.6545,.6778,.7433
16,"arc_de_triomphe",.8,.9,.75,.6333,.675,.7,.1667,.3333,.4167,.5,.6667,.7083,.2759,.4865,.5357,.5588,.6708,.7041
17,"aztec_ruins",.0,.2,.25,.3333,.325,.32,.0,.08,.2,.32,.32,.36,.0,.1143,.2222,.3265,.3225,.3388
18,"berlin_cathedral",1.0,.9,.95,.9667,.9,.92,.16,.32,.52,.6,.6,.68,.2759,.4721,.6721,.7404,.72,.782
19,"bok_tower_gardens",.8,.8,.85,.8667,.9,.86,.16,.28,.4,.52,.64,.68,.2667,.4148,.544,.65,.7481,.7595
20,"brandenburg_gate",1.0,1.0,.95,.9667,.95,.96,.16,.32,.4,.52,.52,.56,.2759,.4848,.563,.6762,.6721,.7074
21,"cabrillo",.0,.1,.15,.1667,.15,.14,.0,.0769,.2308,.3077,.3846,.3846,.0,.087,.1818,.2162,.2158,.2053
22,"casa_batllo",1.0,1.0,.95,.9667,.975,.98,.16,.28,.36,.6,.68,.8,.2759,.4375,.5221,.7404,.8012,.8809
23,"casa_rosada",.8,.9,.95,.9667,.95,.94,.12,.32,.4,.48,.6,.72,.2087,.4721,.563,.6415,.7355,.8154
24,"castillo_de_san_marcos",.8,.6,.7,.6667,.7,.72,.12,.2,.4,.52,.6,.68,.2087,.3,.5091,.5843,.6462,.6994
25,"chartres_cathedral",1.0,1.0,.85,.9,.9,.92,.16,.28,.44,.6,.72,.76,.2759,.4375,.5798,.72,.8,.8324
26,"chichen_itza",1.0,.9,.9,.8667,.85,.86,.2,.24,.52,.56,.68,.72,.3333,.3789,.6592,.6804,.7556,.7838
27,"christ_the_redeemer_rio",.4,.5,.55,.5333,.55,.52,.087,.1304,.3478,.4348,.5652,.6087,.1429,.2069,.4262,.479,.5575,.5609
28,"civic_center_san_francisco",.6,.8,.75,.7,.675,.7,.12,.28,.48,.52,.6,.68,.2,.4148,.5854,.5967,.6353,.6899
29,"cologne_cathedral",.8,.9,.95,.9667,.975,.94,.12,.2,.48,.56,.6,.68,.2087,.3273,.6378,.7092,.7429,.7891
30,"colosseum",1.0,1.0,1.0,.9667,.95,.96,.16,.24,.44,.48,.56,.6,.2759,.3871,.6111,.6415,.7046,.7385
31,"doge_s_palace",1.0,.8,.7,.7667,.775,.82,.16,.28,.44,.52,.52,.56,.2759,.4148,.5404,.6197,.6224,.6655
32,"eiffel_tower",1.0,1.0,1.0,.9667,.95,.94,.12,.2,.32,.36,.56,.6,.2143,.3333,.4848,.5246,.7046,.7325
33,"golden_gate_bridge",.8,.9,.85,.8,.825,.82,.1739,.3043,.4348,.5217,.6087,.6957,.2857,.4549,.5753,.6316,.7005,.7527
34,"grand_palais",1.0,.9,.9,.8667,.9,.92,.2273,.3636,.5455,.5909,.6818,.6818,.3704,.518,.6792,.7027,.7759,.7832
35,"guggenheim_museum_bilbao",1.0,1.0,1.0,.9667,.975,.98,.12,.24,.48,.52,.6,.68,.2143,.3871,.6486,.6762,.7429,.8029
36,"hagia_sophia_istanbul",1.0,1.0,1.0,.9667,.95,.96,.16,.24,.4,.56,.6,.68,.2759,.3871,.5714,.7092,.7355,.7961
37,"hoover_dam",1.0,.9,.95,.9667,.95,.94,.16,.24,.44,.6,.64,.64,.2759,.3789,.6014,.7404,.7648,.7615
38,"humayun_tomb",.8,.7,.75,.7667,.8,.8,.16,.24,.4,.44,.56,.6,.2667,.3574,.5217,.5591,.6588,.6857
39,"iguazu_falls",.6,.6,.75,.7333,.775,.74,.08,.12,.28,.44,.56,.64,.1412,.2,.4078,.55,.6502,.6864
40,"iolani_palace",1.0,1.0,.8,.8,.775,.8,.2,.32,.36,.48,.6,.84,.3333,.4848,.4966,.6,.6764,.8195
41,"la_mezquita",.8,.9,.9,.8,.8,.76,.1667,.2917,.5,.625,.625,.625,.2759,.4406,.6429,.7018,.7018,.6859
42,"la_rambla_barcelona",1.0,1.0,1.0,.9667,.95,.96,.16,.2,.28,.36,.4,.56,.2759,.3333,.4375,.5246,.563,.7074
43,"la_sainte_chapelle",1.0,1.0,1.0,.9333,.95,.96,.2,.32,.52,.6,.72,.84,.3333,.4848,.6842,.7304,.8192,.896
44,"liberty_memorial",.8,.9,.85,.7333,.75,.74,.08,.2,.32,.44,.48,.56,.1455,.3273,.465,.55,.5854,.6375
45,"lincoln_home",.8,.9,.85,.7667,.8,.76,.2222,.3333,.3889,.5,.7222,.7222,.3478,.4865,.5336,.6053,.7591,.7406
46,"machu_picchu",.8,.8,.8,.8,.8,.82,.16,.28,.48,.68,.72,.76,.2667,.4148,.6,.7351,.7579,.7889
47,"marble_arch_london",.4,.5,.5,.4333,.375,.36,.1667,.4167,.5,.5833,.5833,.75,.2353,.4545,.5,.4973,.4565,.4865
48,"milan_cathedral",.8,.9,.85,.8667,.9,.9,.16,.24,.32,.52,.72,.76,.2667,.3789,.465,.65,.8,.8241
49,"mole_antonelliana",.8,.9,.6,.6,.6,.6,.16,.28,.32,.36,.4,.44,.2667,.4271,.4174,.45,.48,.5077
50,"mont_saint_michel",1.0,1.0,.95,.9,.925,.94,.2,.32,.44,.52,.6,.68,.3333,.4848,.6014,.6592,.7279,.7891
51,"moulin_rouge",.0,.1,.15,.1667,.15,.16,.0,.125,.25,.25,.375,.5,.0,.1111,.1875,.2,.2143,.2424
52,"nelson_s_column",1.0,.9,.95,.9333,.95,.96,.1667,.2083,.375,.5,.5833,.6667,.2857,.3383,.5377,.6512,.7228,.7869
53,"notre_dame_de_paris",.8,.9,.85,.8667,.85,.88,.16,.28,.36,.44,.56,.64,.2667,.4271,.5058,.5837,.6752,.7411
54,"obelisco",.0,.1,.1,.1667,.175,.16,.0,.0909,.1818,.2727,.4545,.4545,.0,.0952,.129,.2069,.2527,.2367
55,"piccadilly_circus",.8,.8,.85,.8333,.825,.84,.1304,.2174,.4348,.5652,.6087,.6087,.2243,.3419,.5753,.6736,.7005,.7059
56,"place_de_la_concorde",1.0,1.0,1.0,1.0,.975,.98,.16,.28,.4,.52,.6,.68,.2759,.4375,.5714,.6842,.7429,.8029
57,"place_de_la_republique",.4,.2,.15,.2,.2,.2,.25,.25,.375,.5,.75,.75,.3077,.2222,.2143,.2857,.3158,.3158
58,"place_des_vosges",.6,.8,.65,.7,.75,.78,.04,.16,.28,.44,.52,.72,.075,.2667,.3914,.5404,.6142,.7488
59,"pont_du_gard",.8,.8,.75,.7,.775,.78,.16,.28,.4,.48,.56,.64,.2667,.4148,.5217,.5695,.6502,.7031
60,"pont_neuf",1.0,.9,.9,.8333,.75,.74,.16,.24,.4,.44,.6,.68,.2759,.3789,.5538,.5759,.6667,.7087
61,"ponte_vecchio",1.0,.9,.8,.8333,.875,.82,.2083,.3333,.4583,.5833,.625,.625,.3448,.4865,.5828,.6863,.7292,.7093
62,"puerta_de_alcala",.4,.5,.45,.5667,.6,.52,.1053,.1053,.2105,.4737,.6316,.6316,.1667,.1739,.2869,.516,.6154,.5704
63,"puerta_del_sol",.4,.6,.6,.4667,.45,.42,.1,.3,.3,.3,.35,.45,.16,.4,.4,.3652,.3937,.4345
64,"red_fort",1.0,1.0,1.0,1.0,1.0,1.0,.2,.32,.4,.6,.68,.76,.3333,.4848,.5714,.75,.8095,.8636
65,"reims_cathedral",1.0,1.0,1.0,1.0,.975,.98,.16,.16,.44,.52,.68,.72,.2759,.2759,.6111,.6842,.8012,.8301
66,"rialto_bridge",.8,.8,.8,.6333,.55,.52,.1875,.375,.5625,.625,.625,.625,.3038,.5106,.6606,.6291,.5851,.5677
67,"roman_forum_rome",1.0,.9,.7,.7333,.75,.76,.2,.32,.44,.52,.64,.76,.3333,.4721,.5404,.6085,.6906,.76
68,"sacre_coeur",.4,.5,.55,.5,.6,.56,.0833,.125,.3333,.375,.4167,.5417,.1379,.2,.4151,.4286,.4918,.5507
69,"sagrada_familia",.8,.9,.95,.9667,.975,.94,.16,.28,.36,.48,.56,.64,.2667,.4271,.5221,.6415,.7114,.7615
70,"santa_maria_novella",.8,.6,.6,.4667,.5,.46,.16,.24,.36,.36,.48,.52,.2667,.3429,.45,.4065,.4898,.4882
71,"schonbrunn_palace",1.0,1.0,1.0,.9667,.95,.96,.2,.36,.48,.6,.72,.72,.3333,.5294,.6486,.7404,.8192,.8229
72,"seville_cathedral",1.0,.9,.85,.9,.9,.9,.16,.28,.48,.6,.64,.68,.2759,.4271,.6135,.72,.7481,.7747
73,"spanish_steps",.8,.7,.75,.7667,.7,.7,.1818,.1818,.3182,.4545,.6364,.7727,.2963,.2887,.4468,.5707,.6667,.7346
74,"st__basil_cathedral",.8,.9,.95,.9333,.9,.92,.16,.28,.48,.56,.6,.64,.2667,.4271,.6378,.7,.72,.7549
75,"statue_of_liberty",.6,.8,.75,.8333,.825,.84,.12,.28,.36,.44,.56,.72,.2,.4148,.4865,.5759,.6671,.7754
76,"stonehenge",.6,.6,.5,.5667,.6,.56,.1053,.2105,.2632,.4211,.5263,.5789,.1791,.3117,.3448,.4831,.5607,.5693
77,"summer_palace_beijing",1.0,1.0,1.0,.9667,.95,.9,.16,.2,.36,.56,.64,.64,.2759,.3333,.5294,.7092,.7648,.7481
78,"sydney_opera_house",1.0,1.0,.95,.9667,.95,.96,.2,.36,.52,.56,.64,.76,.3333,.5294,.6721,.7092,.7648,.8484
79,"teotihuacan",1.0,.9,.9,.9,.8,.74,.16,.32,.52,.6,.6,.68,.2759,.4721,.6592,.72,.6857,.7087
80,"terracotta_army",.4,.5,.5,.6333,.55,.56,.1,.25,.25,.5,.55,.7,.16,.3333,.3333,.5588,.55,.6222
81,"the_blue_mosque",.8,.9,.95,.9333,.95,.96,.12,.24,.44,.6,.64,.68,.2087,.3789,.6014,.7304,.7648,.7961
82,"the_henry_ford",1.0,1.0,.9,.7667,.725,.74,.16,.28,.44,.48,.52,.64,.2759,.4375,.591,.5904,.6056,.6864
83,"taj_mahal",1.0,.9,.9,.9333,.9,.9,.16,.28,.4,.52,.6,.68,.2759,.4271,.5538,.6679,.72,.7747
84,"tour_montparnasse",.8,.8,.6,.5333,.475,.48,.2,.35,.4,.4,.4,.5,.32,.487,.48,.4571,.4343,.4898
85,"tower_bridge_london",.8,.8,.65,.5667,.55,.6,.16,.24,.4,.52,.56,.6,.2667,.3692,.4952,.5423,.555,.6
86,"trafalgar_square",.2,.5,.35,.4,.4,.44,.0455,.2273,.2727,.3182,.3182,.3636,.0741,.3125,.3066,.3544,.3544,.3982
87,"leaning_tower_of_pisa",.6,.6,.6,.6333,.625,.64,.12,.2,.36,.48,.6,.64,.2,.3,.45,.5461,.6122,.64
88,"hermitage_museum_saint_petersburg",1.0,1.0,1.0,.9667,.9,.88,.16,.24,.36,.56,.6,.72,.2759,.3871,.5294,.7092,.72,.792
89,"jantar_mantar_jaipur",1.0,.9,.8,.8,.775,.74,.2,.32,.52,.68,.72,.76,.3333,.4721,.6303,.7351,.7465,.7499
90,"lake_titicaca_peru",.6,.5,.5,.5,.45,.48,.125,.1667,.3333,.5,.5417,.625,.2069,.25,.4,.5,.4916,.543
91,"the_great_wall_of_china",.6,.8,.85,.9,.825,.86,.08,.2,.36,.44,.56,.64,.1412,.32,.5058,.591,.6671,.7339
92,"grande_arche_paris",.8,.7,.65,.6333,.575,.58,.12,.2,.28,.4,.48,.52,.2087,.3111,.3914,.4903,.5232,.5484
93,"el_angel_mexico",1.0,.7,.6,.6,.6,.6,.1905,.2381,.3333,.4762,.6667,.6667,.32,.3553,.4286,.531,.6316,.6316
94,"bibliotheque_nationale_de_france",.2,.3,.6,.6667,.65,.72,.04,.12,.24,.44,.48,.52,.0667,.1714,.3429,.5301,.5522,.6039
95,"kronborg_castle",.8,.9,.85,.8,.8,.84,.1667,.3333,.4583,.5417,.5417,.5417,.2759,.4865,.5955,.646,.646,.6586
96,"ajanta_caves",.6,.7,.8,.8333,.85,.88,.1364,.1818,.3636,.5455,.6364,.6818,.2222,.2887,.5,.6593,.7278,.7683
97,"atomium",.8,.9,.95,.9667,.95,.92,.1429,.2857,.4286,.4286,.5238,.5238,.2424,.4337,.5907,.5939,.6753,.6675
98,"ellora_caves",1.0,1.0,.95,.9667,.95,.96,.2273,.3182,.4545,.4545,.5,.5455,.3704,.4828,.6149,.6183,.6552,.6957
99,"potala_palace",1.0,.9,.85,.8333,.8,.8,.2222,.2778,.3889,.5,.6111,.6667,.3636,.4245,.5336,.625,.6929,.7273
100,"jokhang",.8,.8,.9,.8333,.85,.8,.16,.32,.48,.6,.64,.68,.2667,.4571,.6261,.6977,.7302,.7351
101,"rila_monastery",.8,.9,.85,.8333,.85,.86,.16,.28,.32,.36,.4,.44,.2667,.4271,.465,.5028,.544,.5822
102,"louvre_pyramid",1.0,1.0,.95,.9667,.95,.92,.2222,.3889,.4444,.6111,.6667,.7778,.3636,.56,.6056,.7488,.7835,.8429
103,"brooklyn_bridge",.8,.8,.85,.8,.8,.8,.1905,.2857,.4286,.5238,.5714,.619,.3077,.4211,.5698,.6331,.6667,.698
104,"tower_of_london",.6,.7,.65,.7667,.75,.72,.087,.1739,.2174,.4348,.5217,.5652,.1519,.2786,.3258,.5549,.6154,.6333
105,"british_museum_london",1.0,1.0,1.0,1.0,1.0,.98,.2,.3,.35,.45,.5,.55,.3333,.4615,.5185,.6207,.6667,.7046
106,"buckingham_palace",.4,.5,.5,.4,.425,.42,.05,.15,.25,.3,.4,.5,.0889,.2308,.3333,.3429,.4121,.4565
107,"charles_bridge_prague",1.0,.8,.7,.6,.6,.62,.1667,.2083,.2917,.2917,.4167,.5417,.2857,.3306,.4118,.3925,.4918,.5782
108,"champs_elysees_paris",.8,.9,.65,.6,.575,.56,.2,.4,.4667,.5333,.6,.6667,.32,.5538,.5433,.5647,.5872,.6087
109,"chrysler_building",1.0,1.0,1.0,1.0,1.0,.98,.2143,.4286,.6429,.7857,.7857,.7857,.3529,.6,.7826,.88,.88,.8722
110,"moma_new_york",.4,.7,.85,.8667,.875,.86,.0526,.2632,.4211,.4737,.4737,.6316,.093,.3825,.5631,.6126,.6146,.7283
111,"grand_central_terminal",1.0,1.0,.95,.9333,.95,.9,.0952,.2381,.3333,.5238,.5714,.619,.1739,.3846,.4935,.671,.7136,.7335
112,"houses_of_parliament",1.0,1.0,1.0,1.0,1.0,1.0,.1304,.2174,.3478,.3913,.3913,.3913,.2308,.3571,.5161,.5625,.5625,.5625
113,"alexanderplatz_berlin",.4,.4,.5,.6,.625,.66,.08,.16,.32,.44,.44,.48,.1333,.2286,.3902,.5077,.5164,.5558
114,"centre_pompidou",.6,.5,.7,.8,.775,.74,.1667,.2222,.3333,.5556,.6111,.7222,.2609,.3077,.4516,.6557,.6834,.731
115,"sydney_harbour_bridge",1.0,1.0,1.0,1.0,1.0,1.0,.25,.4375,.4375,.5625,.625,.75,.4,.6087,.6087,.72,.7692,.8571
116,"pier_39",1.0,1.0,.9,.8667,.875,.88,.1905,.381,.4286,.5238,.5714,.6667,.32,.5517,.5806,.653,.6914,.7586
117,"coit_tower",.8,.7,.75,.7,.725,.74,.1333,.2667,.4,.6,.6,.6667,.2286,.3862,.5217,.6462,.6566,.7014
118,"st_paul_s_cathedral_london",1.0,.9,.8,.8,.775,.8,.1765,.3529,.5882,.7059,.7647,.8235,.3,.507,.678,.75,.7698,.8116
119,"cloud_gate",1.0,.9,.85,.7667,.775,.74,.25,.3333,.4167,.4167,.5,.5833,.4,.4865,.5592,.5399,.6078,.6524
120,"musee_d_orsay",1.0,1.0,1.0,.9333,.925,.92,.1429,.2857,.3333,.4286,.4762,.4762,.25,.4444,.5,.5874,.6287,.6276
121,"pike_place_market",1.0,1.0,1.0,.8333,.85,.88,.2381,.3333,.4762,.4762,.5714,.619,.3846,.5,.6452,.6061,.6834,.7268
122,"royal_palace_madrid",.6,.5,.65,.7,.775,.76,.1364,.2273,.4091,.5,.6364,.6364,.2222,.3125,.5021,.5833,.6989,.6927
123,"sony_center_berlin",.8,.9,.9,.9333,.9,.92,.1905,.2857,.381,.381,.4286,.4286,.3077,.4337,.5353,.5411,.5806,.5847
124,"red_square_moscow",.6,.6,.55,.6,.6,.62,.1429,.1429,.1905,.381,.5238,.5238,.2308,.2308,.283,.466,.5593,.5679
125,"prague_castle",1.0,1.0,.9,.8667,.9,.9,.2,.4,.48,.52,.64,.72,.3333,.5714,.6261,.65,.7481,.8
126,"musee_du_louvre",1.0,1.0,.95,.9667,.975,.98,.16,.2,.4,.56,.68,.72,.2759,.3333,.563,.7092,.8012,.8301
127,"millennium_bridge_london",.8,.9,.9,.8333,.85,.84,.16,.28,.48,.48,.56,.6,.2667,.4271,.6261,.6091,.6752,.7
128,"casa_mila",1.0,.8,.9,.9333,.95,.96,.16,.24,.36,.48,.56,.68,.2759,.3692,.5143,.634,.7046,.7961
129,"national_gallery_london",.8,.8,.7,.7,.65,.64,.1818,.2727,.3182,.4545,.5455,.6364,.2963,.4068,.4375,.5512,.5932,.6382
130,"national_mall",1.0,1.0,.95,.9333,.9,.84,.2,.4,.52,.6,.68,.76,.3333,.5714,.6721,.7304,.7747,.798
131,"london_city_hall",.8,.9,.85,.8333,.875,.82,.1,.35,.45,.6,.7,.75,.1778,.504,.5885,.6977,.7778,.7834
132,"holocaust_memorial",.8,.9,.65,.6,.6,.6,.1875,.1875,.25,.5625,.75,.75,.3038,.3103,.3611,.5806,.6667,.6667
133,"columbus_circle",1.0,.9,.8,.7667,.65,.54,.2,.28,.48,.6,.64,.64,.3333,.4271,.6,.6732,.645,.5858
134,"siegessaeule",.8,.6,.6,.6333,.55,.52,.12,.2,.32,.48,.48,.6,.2087,.3,.4174,.5461,.5126,.5571
135,"jardin_du_luxembourg",.8,.9,.95,.9333,.925,.88,.12,.28,.44,.52,.6,.72,.2087,.4271,.6014,.6679,.7279,.792
136,"merlion_singapore",.0,.0,.1,.1667,.225,.26,.0,.0,.0909,.2273,.3636,.5,.0,.0,.0952,.1923,.278,.3421
137,"harrods_london",.8,.8,.85,.8333,.85,.88,.16,.24,.48,.56,.64,.64,.2667,.3692,.6135,.6699,.7302,.7411
138,"metropolitan_museum_of_art_new_york",1.0,1.0,.9,.9333,.925,.92,.16,.28,.4,.56,.68,.72,.2759,.4375,.5538,.7,.7838,.8078
139,"new_york_stock_exchange",.4,.5,.65,.6,.65,.64,.05,.2,.45,.45,.5,.6,.0889,.2857,.5318,.5143,.5652,.6194
140,"stephansdom_vienna",1.0,1.0,1.0,1.0,1.0,.98,.16,.32,.48,.52,.64,.68,.2759,.4848,.6486,.6842,.7805,.8029
141,"hms_belfast",1.0,1.0,1.0,1.0,1.0,.98,.12,.24,.48,.52,.64,.68,.2143,.3871,.6486,.6842,.7805,.8029
142,"leicester_square",1.0,.9,.75,.7,.775,.78,.12,.2,.36,.44,.52,.52,.2143,.3273,.4865,.5404,.6224,.624
143,"ciudad_de_las_artes_y_las_ciencias",1.0,1.0,1.0,.9667,.95,.92,.16,.28,.48,.64,.68,.76,.2759,.4375,.6486,.7701,.7926,.8324
144,"topkapi_palace",1.0,1.0,.95,.9333,.95,.96,.16,.36,.48,.6,.68,.76,.2759,.5294,.6378,.7304,.7926,.8484
145,"royal_albert_hall",.8,.8,.5,.6,.575,.58,.08,.24,.28,.4,.48,.48,.1455,.3692,.359,.48,.5232,.5253
146,"st_vitus_cathedral",.8,.9,.9,.9333,.95,.94,.16,.28,.44,.52,.64,.64,.2667,.4271,.591,.6679,.7648,.7615
147,"castello_sforzesco",1.0,1.0,.85,.8667,.9,.88,.12,.28,.32,.48,.48,.52,.2143,.4375,.465,.6178,.6261,.6537
148,"rijksmuseum_amsterdam",1.0,1.0,1.0,1.0,1.0,1.0,.08,.2,.32,.52,.6,.64,.1481,.3333,.4848,.6842,.75,.7805
149,"dam_square",.8,.8,.7,.7,.675,.64,.16,.24,.4,.48,.48,.52,.2667,.3692,.5091,.5695,.561,.5738
150,"rathaus_vienna",.6,.8,.8,.7,.625,.62,.12,.24,.36,.44,.44,.44,.2,.3692,.4966,.5404,.5164,.5147
151,"bath_abbey",1.0,1.0,1.0,.9667,.975,.96,.16,.28,.32,.4,.64,.68,.2759,.4375,.4848,.5659,.7728,.7961
152,"salisbury_cathedral",1.0,1.0,1.0,1.0,1.0,1.0,.16,.24,.24,.32,.44,.44,.2759,.3871,.3871,.4848,.6111,.6111
153,"templo_de_debod",.4,.5,.55,.6333,.55,.48,.0909,.2273,.3182,.4091,.4091,.4545,.1481,.3125,.4031,.4971,.4692,.4669
154,"Niagara_Falls",.6,.5,.65,.7,.7,.68,.1364,.1818,.3182,.5455,.5909,.5909,.2222,.2667,.4272,.6131,.6408,.6323
155,"Golden_Gate_Bridge_in_San_Francisco",.8,.8,.9,.9333,.95,.96,.1364,.2273,.4545,.5909,.7727,.7727,.233,.354,.604,.7237,.8522,.8562
156,"Neuschwanstein_Castle",1.0,.9,.95,.9667,.925,.92,.12,.24,.44,.56,.56,.64,.2143,.3789,.6014,.7092,.6976,.7549
157,"Christ_Church_Cathedral_Missouri",1.0,1.0,1.0,.9,.875,.84,.16,.28,.44,.56,.68,.68,.2759,.4375,.6111,.6904,.7653,.7516
158,"Mount_Rushmore_in_South_Dakota",1.0,1.0,1.0,.9667,.975,.96,.16,.28,.48,.6,.68,.72,.2759,.4375,.6486,.7404,.8012,.8229
159,"Puerta_de_Toledo",.0,.0,.1,.1,.075,.06,.0,.0,1.0,1.0,1.0,1.0,.0,.0,.1818,.1818,.1395,.1132
160,"Urquhart_Castle",1.0,.9,.75,.8,.8,.8,.1667,.2083,.4167,.5833,.7083,.7917,.2857,.3383,.5357,.6747,.7514,.7958
161,"Gare_du_Nord_Paris",.8,.9,.95,.9333,.85,.86,.12,.24,.36,.48,.52,.56,.2087,.3789,.5221,.634,.6453,.6783
162,"Newgrange_in_Ireland",.8,.6,.6,.6,.65,.68,.125,.2083,.2917,.375,.5,.5833,.2162,.3093,.3925,.4615,.5652,.628
163,"Windmills_at_Kinderdijk",.8,.9,.9,.9333,.925,.92,.12,.28,.44,.48,.56,.6,.2087,.4271,.591,.634,.6976,.7263
164,"Conciergerie",.8,.9,.95,.9667,.95,.96,.16,.28,.44,.52,.56,.68,.2667,.4271,.6014,.6762,.7046,.7961
165,"Palazzo_Madama",.8,.6,.7,.6,.575,.58,.1818,.2727,.5455,.5909,.6364,.6818,.2963,.375,.6131,.5954,.6041,.6268
166,"Split_Rock_Lighthouse",1.0,1.0,.9,.9,.875,.84,.16,.24,.36,.44,.48,.6,.2759,.3871,.5143,.591,.6199,.7
167,"The_Little_Mermaid_Denmark",1.0,1.0,.85,.8,.775,.76,.2143,.3571,.5714,.7857,.8571,.8571,.3529,.5263,.6834,.7928,.814,.8057
168,"Great_Pyramid_of_Giza",.6,.7,.6,.7,.625,.62,.2,.4,.5333,.6,.6,.7333,.3,.5091,.5647,.6462,.6122,.6719
169,"Pitti_Palace",.2,.4,.6,.6,.65,.64,.0455,.1818,.3636,.5,.5455,.6364,.0741,.25,.4528,.5455,.5932,.6382
170,"Georgia_State_Capitol",.8,.7,.6,.4667,.425,.38,.1579,.2105,.2632,.2632,.2632,.2632,.2637,.3237,.3659,.3365,.325,.311
171,"Dome_des_Invalides",.8,.9,.85,.9,.925,.94,.16,.24,.32,.52,.6,.68,.2667,.3789,.465,.6592,.7279,.7891
172,"Reggia_di_Caserta",.6,.6,.55,.5333,.6,.56,.12,.24,.36,.44,.56,.64,.2,.3429,.4352,.4822,.5793,.5973
173,"The_Burj_al_Arab_Hotel",.8,.8,.85,.8333,.85,.82,.16,.28,.4,.48,.56,.56,.2667,.4148,.544,.6091,.6752,.6655
174,"Elephanta_Caves",.8,.8,.9,.9,.875,.86,.125,.25,.5,.625,.625,.6667,.2162,.381,.6429,.7377,.7292,.7511
175,"Basilica_of_Santa_Croce",1.0,1.0,1.0,1.0,1.0,1.0,.16,.24,.44,.56,.6,.72,.2759,.3871,.6111,.7179,.75,.8372
176,"Aachen_Cathedral",1.0,.9,.95,.9,.9,.9,.2,.24,.44,.48,.56,.6,.3333,.3789,.6014,.6261,.6904,.72
177,"Monument_to_the_Great_Fire_of_London",.2,.4,.45,.5667,.575,.58,.04,.16,.36,.48,.6,.64,.0667,.2286,.4,.5197,.5872,.6085
178,"Longmen_Grottoes",.2,.4,.5,.5333,.575,.56,.04,.12,.28,.48,.6,.68,.0667,.1846,.359,.5053,.5872,.6142
179,"Louisiana_State_Capitol",.6,.3,.35,.3,.35,.3,.08,.08,.24,.32,.36,.36,.1412,.1263,.2847,.3097,.3549,.3273
180,"The_Great_Sphinx_at_Giza",.8,.8,.85,.8333,.875,.86,.16,.24,.44,.52,.64,.72,.2667,.3692,.5798,.6404,.7393,.7838
181,"Teatro_Real_Madrid",1.0,.9,.85,.8,.65,.6,.2174,.3913,.4783,.6957,.6957,.6957,.3571,.5455,.6121,.7442,.6721,.6443
182,"Palacio_de_la_Magdalena",.8,.7,.7,.8,.8,.74,.16,.24,.36,.56,.68,.72,.2667,.3574,.4755,.6588,.7351,.7299
183,"Sowjetisches_Ehrenmal",.6,.6,.7,.7,.75,.72,.12,.16,.36,.56,.64,.72,.2,.2526,.4755,.6222,.6906,.72
184,"Cathedral_of_Trier",1.0,.9,.95,.9667,.875,.88,.16,.24,.44,.64,.76,.8,.2759,.3789,.6014,.7701,.8135,.8381
185,"Saint_Mary_of_the_Flower",.2,.1,.45,.3667,.475,.48,.04,.04,.16,.16,.28,.44,.0667,.0571,.2361,.2228,.3523,.4591
186,"Skellig_Michael",.8,.7,.8,.7,.7,.72,.16,.28,.56,.6,.64,.72,.2667,.4,.6588,.6462,.6687,.72
187,"Chicago_Board_of_Trade_Building",1.0,.9,.85,.7667,.65,.62,.2273,.3182,.4545,.5455,.6364,.6364,.3704,.4701,.5923,.6374,.6431,.6281
188,"Pont_de_Normandie_France",1.0,.9,.85,.8333,.775,.74,.2632,.3158,.5789,.7368,.7895,.8421,.4167,.4675,.6888,.7821,.7822,.7878
189,"Palazzo_Rosso",.0,.1,.1,.1667,.125,.12,.0,.0417,.0833,.125,.125,.125,.0,.0588,.0909,.1429,.125,.1224
190,"Piazza_Vittorio_Veneto",1.0,.6,.5,.4,.5,.46,.25,.3125,.4375,.5,.6875,.75,.4,.411,.4667,.4444,.5789,.5702
191,"Sforza_Castle",1.0,1.0,.95,.9667,.975,.96,.2,.24,.32,.6,.68,.68,.3333,.3871,.4787,.7404,.8012,.7961
192,"Torres_KIO",1.0,1.0,.85,.8,.8,.82,.16,.24,.36,.48,.6,.64,.2759,.3871,.5058,.6,.6857,.7189
193,"Torre_Picasso",1.0,.9,.75,.7333,.675,.7,.2083,.3333,.4583,.5833,.625,.6667,.3448,.4865,.569,.6498,.649,.6829
194,"The_Palace_of_Parliament_in_Bucharest",.6,.8,.85,.9,.9,.88,.12,.28,.4,.48,.52,.56,.2,.4148,.544,.6261,.6592,.6844
195,"Ernest_Hemingway_House",.6,.8,.85,.8667,.85,.8,.12,.2,.32,.48,.56,.56,.2,.32,.465,.6178,.6752,.6588
196,"Castel_dellOvo_Napoli",1.0,1.0,.85,.8667,.85,.84,.2,.36,.52,.68,.72,.72,.3333,.5294,.6453,.7621,.7796,.7754
197,"Villa_Borghese_gardens",1.0,1.0,1.0,.9667,.975,.98,.12,.28,.48,.72,.76,.76,.2143,.4375,.6486,.8253,.8542,.8561
198,"Saint_Marks_Basilica",1.0,1.0,1.0,1.0,.975,.98,.16,.32,.36,.48,.52,.6,.2759,.4848,.5294,.6486,.6783,.7443
199,"Mausoleum_of_the_First_Qin_Emperor",1.0,.9,.9,.8333,.8,.82,.16,.28,.36,.48,.52,.6,.2759,.4271,.5143,.6091,.6303,.693
200,"Mausoleum_of_Hadrian",.8,.7,.75,.7333,.7,.72,.1111,.2222,.3889,.5556,.6111,.7222,.1951,.3373,.5122,.6322,.6525,.7211
201,"Piazza_de_Ferrari",1.0,1.0,1.0,1.0,.925,.94,.1579,.2105,.4211,.4211,.4737,.5263,.2727,.3478,.5926,.5926,.6265,.6748
202,"George_Washington_Carver",.4,.6,.7,.6333,.625,.6,.125,.3125,.5,.5,.625,.625,.1905,.411,.5833,.5588,.625,.6122
203,"Cathedral_of_Santiago_de_Compostela",1.0,.9,.95,.8333,.875,.88,.1176,.2353,.5882,.7059,.8824,.8824,.2105,.3731,.7266,.7643,.8787,.8812
204,"Saint-Jacques_Tower",.8,.9,.85,.9,.825,.78,.1538,.3077,.3846,.5385,.6154,.6923,.2581,.4586,.5296,.6738,.7049,.7335
205,"Calakmul_Campeche_Mexico",1.0,1.0,.9,.9,.8,.82,.2143,.4286,.6429,.7857,.8571,.8571,.3529,.6,.75,.839,.8276,.8382
206,"Bran_Castle_in_Transylvania",.8,.9,.9,.9,.9,.86,.1579,.3158,.5263,.6842,.7368,.7368,.2637,.4675,.6642,.7774,.8103,.7937
207,"Mosteiro_da_Batalha",1.0,1.0,1.0,1.0,1.0,1.0,.2105,.3158,.5789,.5789,.6842,.6842,.3478,.48,.7333,.7333,.8125,.8125
208,"Wartburg_Castle",1.0,1.0,1.0,.9333,.95,.92,.2,.3,.5,.6,.65,.8,.3333,.4615,.6667,.7304,.7719,.8558
209,"Fujian_Tulou_Fujian_China",1.0,1.0,1.0,1.0,.975,.96,.2222,.3889,.5556,.6667,.6667,.7222,.3636,.56,.7143,.8,.7919,.8243
210,"Alabama_State_Capitol",.8,.6,.65,.7,.675,.72,.1905,.2381,.4762,.6667,.6667,.8571,.3077,.3409,.5497,.6829,.6708,.7826
211,"Palazzo_dAccursio",1.0,.9,.8,.8667,.75,.74,.1111,.2222,.3333,.4444,.4444,.5,.2,.3564,.4706,.5876,.5581,.5968
212,"Casa_Grande_Ruins",.6,.7,.85,.8667,.9,.88,.1176,.2941,.3529,.4706,.5294,.5294,.1967,.4142,.4988,.61,.6667,.6611
213,"Stravinsky_Fountain",1.0,.9,.9,.8667,.825,.82,.2667,.3333,.4,.4667,.5333,.6,.4211,.4865,.5538,.6067,.6479,.693
214,"Angel_Falls_Venezuela",.6,.5,.55,.4667,.475,.54,.0588,.1765,.4118,.4706,.6471,.7647,.1071,.2609,.4709,.4686,.5478,.633
215,"Statue_of_George_IV",.8,.7,.45,.3667,.325,.3,.25,.375,.5,.625,.75,.75,.381,.4884,.4737,.4622,.4535,.4286
216,"Palacio_Barolo",.6,.8,.9,.8667,.85,.86,.1765,.2941,.4706,.4706,.5882,.7647,.2727,.4301,.618,.61,.6953,.8096
217,"Bridge_of_Remembrance_Christchurch_New_Zealand",1.0,1.0,.9,.7667,.675,.6,.4167,.6667,.9167,1.0,1.0,1.0,.5882,.8,.9083,.8679,.806,.75
218,"John_A._Roebling_Suspension_Bridge",.4,.5,.55,.4667,.45,.42,.1333,.3333,.6667,.7333,.7333,.7333,.2,.4,.6027,.5704,.5577,.5341
219,"Blue_Dome_Santorini",1.0,.8,.8,.8,.8,.78,.3125,.375,.5,.75,.875,.875,.4762,.5106,.6154,.7742,.8358,.8248
220,"Fossar_de_les_Moreres",1.0,.8,.65,.6,.55,.48,.2143,.3571,.5714,.5714,.7857,.7857,.3529,.4938,.6082,.5854,.6471,.5959
221,"Luxor_Obelisk_France",1.0,.9,.75,.7667,.775,.78,.1875,.25,.375,.4375,.4375,.5,.3158,.3913,.5,.5571,.5593,.6094
222,"Valle_de_los_Caidos",1.0,1.0,.95,.9667,.95,.92,.2,.3,.4,.6,.7,.85,.3333,.4615,.563,.7404,.8061,.8836
--------------------
"--","Avg.",P@5,P@10,P@20,P@30,P@40,P@50,CR@5,CR@10,CR@20,CR@30,CR@40,CR@50,F1@5,F1@10,F1@20,F1@30,F1@40,F1@50
,.,7964,.7964,.7833,.7737,.7663,.7605,.1517,.261,.4085,.5163,.5928,.6499,.2524,.388,.525,.607,.6542,.6861
