--------------------
"Run name","output_runJACKARDXBIndex"
--------------------
"Average P@20 = ",.7572
"Average CR@20 = ",.3734
"Average F1@20 = ",.4891
--------------------
"Query Id ","Location name",P@5,P@10,P@20,P@30,P@40,P@50,CR@5,CR@10,CR@20,CR@30,CR@40,CR@50,F1@5,F1@10,F1@20,F1@30,F1@40,F1@50
1,"angel_of_the_north",1.0,1.0,1.0,.9667,.95,.96,.16,.32,.36,.44,.56,.68,.2759,.4848,.5294,.6047,.7046,.7961
2,"big_ben",.6,.5,.55,.5333,.525,.48,.1364,.2273,.3636,.3636,.3636,.4545,.2222,.3125,.4378,.4324,.4297,.4669
3,"hearst_castle",1.0,1.0,.95,.9333,.95,.94,.2083,.3333,.5833,.6667,.7083,.75,.3448,.5,.7228,.7778,.8116,.8343
4,"la_madeleine",.0,.0,.0,.1,.275,.34,.0,.0,.0,.1429,.4286,.5714,.0,.0,.0,.1176,.335,.4263
5,"pont_alexandre_iii",1.0,.9,.95,.9333,.9,.84,.16,.24,.44,.6,.68,.72,.2759,.3789,.6014,.7304,.7747,.7754
6,"neues_museum",.0,.0,.0,.0333,.225,.38,.0,.0,.0,.04,.2,.44,.0,.0,.0,.0364,.2118,.4078
7,"montezuma_castle",.6,.7,.7,.7667,.775,.74,.25,.5,.75,.8333,.8333,.9167,.3529,.5833,.7241,.7986,.8031,.8189
8,"cn_tower",.6,.6,.55,.6333,.7,.74,.0833,.1667,.2917,.375,.5833,.625,.1463,.2609,.3812,.4711,.6364,.6777
9,"acropolis_athens",.8,.6,.5,.6,.6,.66,.1905,.2381,.3333,.4286,.4762,.5714,.3077,.3409,.4,.5,.531,.6125
10,"agra_fort",1.0,1.0,.95,.9,.925,.94,.2,.4,.64,.72,.76,.76,.3333,.5714,.7648,.8,.8344,.8405
11,"albert_memorial",.4,.4,.5,.5,.55,.6,.0909,.1818,.3182,.3636,.4091,.4545,.1481,.25,.3889,.4211,.4692,.5172
12,"altes_museum",1.0,1.0,1.0,.9667,.8,.68,.0833,.2083,.375,.5833,.6667,.7083,.1538,.3448,.5455,.7276,.7273,.6939
13,"amiens_cathedral",1.0,.9,.95,.9333,.925,.94,.16,.28,.44,.6,.68,.76,.2759,.4271,.6014,.7304,.7838,.8405
14,"angkor_wat",1.0,1.0,.95,.6667,.675,.74,.16,.28,.52,.52,.56,.68,.2759,.4375,.6721,.5843,.6121,.7087
15,"ara_pacis",.4,.7,.85,.9,.85,.74,.0909,.2727,.5,.6818,.8182,.8182,.1481,.3925,.6296,.7759,.8338,.7771
16,"arc_de_triomphe",.8,.7,.6,.6333,.625,.62,.125,.2083,.3333,.5,.5,.5833,.2162,.3211,.4286,.5588,.5556,.6011
17,"aztec_ruins",.4,.3,.35,.4,.4,.4,.08,.12,.24,.4,.52,.52,.1333,.1714,.2847,.4,.4522,.4522
18,"berlin_cathedral",1.0,1.0,1.0,.9667,.975,.98,.16,.28,.48,.56,.6,.64,.2759,.4375,.6486,.7092,.7429,.7743
19,"bok_tower_gardens",1.0,.9,.75,.8,.85,.86,.2,.32,.48,.64,.68,.72,.3333,.4721,.5854,.7111,.7556,.7838
20,"brandenburg_gate",1.0,1.0,1.0,1.0,.95,.96,.08,.16,.32,.44,.44,.52,.1481,.2759,.4848,.6111,.6014,.6746
21,"cabrillo",.0,.0,.15,.1333,.125,.1,.0,.0,.2308,.3077,.3077,.3077,.0,.0,.1818,.186,.1778,.1509
22,"casa_batllo",1.0,1.0,1.0,1.0,1.0,1.0,.2,.4,.52,.6,.68,.76,.3333,.5714,.6842,.75,.8095,.8636
23,"casa_rosada",1.0,1.0,.95,.9667,.9,.86,.2,.24,.44,.48,.68,.72,.3333,.3871,.6014,.6415,.7747,.7838
24,"castillo_de_san_marcos",.4,.5,.45,.5667,.675,.74,.08,.16,.24,.44,.64,.72,.1333,.2424,.313,.4954,.657,.7299
25,"chartres_cathedral",.8,.9,.95,.9667,.95,.94,.12,.24,.36,.6,.68,.76,.2087,.3789,.5221,.7404,.7926,.8405
26,"chichen_itza",.6,.7,.75,.8,.8,.82,.12,.2,.32,.4,.44,.6,.2,.3111,.4486,.5333,.5677,.693
27,"christ_the_redeemer_rio",.2,.4,.45,.5333,.55,.52,.0435,.1304,.2609,.3913,.4783,.5217,.0714,.1967,.3303,.4514,.5116,.5209
28,"civic_center_san_francisco",.4,.4,.35,.4,.5,.6,.08,.16,.24,.36,.52,.6,.1333,.2286,.2847,.3789,.5098,.6
29,"cologne_cathedral",1.0,1.0,1.0,1.0,.975,.98,.16,.24,.36,.44,.52,.6,.2759,.3871,.5294,.6111,.6783,.7443
30,"colosseum",1.0,1.0,1.0,1.0,.875,.88,.2,.28,.4,.48,.56,.6,.3333,.4375,.5714,.6486,.6829,.7135
31,"doge_s_palace",.8,.8,.75,.7,.725,.68,.12,.2,.24,.32,.4,.4,.2087,.32,.3636,.4392,.5156,.5037
32,"eiffel_tower",.8,.8,.85,.8667,.875,.9,.16,.24,.32,.44,.48,.52,.2667,.3692,.465,.5837,.6199,.6592
33,"golden_gate_bridge",.8,.9,.85,.7667,.725,.64,.1304,.2609,.4348,.4783,.4783,.5217,.2243,.4045,.5753,.5891,.5763,.5749
34,"grand_palais",1.0,1.0,1.0,.9667,.95,.92,.1818,.2727,.5,.5909,.7273,.7727,.3077,.4286,.6667,.7335,.8238,.84
35,"guggenheim_museum_bilbao",1.0,1.0,1.0,1.0,1.0,.96,.16,.28,.36,.4,.56,.64,.2759,.4375,.5294,.5714,.7179,.768
36,"hagia_sophia_istanbul",1.0,1.0,.95,.9667,.975,.98,.16,.28,.4,.44,.48,.6,.2759,.4375,.563,.6047,.6433,.7443
37,"hoover_dam",1.0,.9,.85,.8333,.875,.88,.16,.2,.24,.44,.56,.6,.2759,.3273,.3743,.5759,.6829,.7135
38,"humayun_tomb",1.0,.7,.6,.6667,.675,.72,.12,.16,.28,.44,.64,.64,.2143,.2605,.3818,.5301,.657,.6776
39,"iguazu_falls",.4,.7,.8,.8,.75,.8,.08,.2,.36,.48,.6,.68,.1333,.3111,.4966,.6,.6667,.7351
40,"iolani_palace",.6,.5,.5,.5333,.6,.64,.08,.16,.16,.24,.44,.6,.1412,.2424,.2424,.331,.5077,.6194
41,"la_mezquita",.4,.3,.45,.4667,.45,.5,.0833,.125,.3333,.4167,.4583,.5,.1379,.1765,.383,.4403,.4541,.5
42,"la_rambla_barcelona",.8,.8,.85,.8333,.875,.86,.16,.24,.44,.6,.76,.76,.2667,.3692,.5798,.6977,.8135,.8069
43,"la_sainte_chapelle",1.0,1.0,1.0,.9333,.95,.96,.2,.36,.52,.6,.68,.8,.3333,.5294,.6842,.7304,.7926,.8727
44,"liberty_memorial",.4,.6,.75,.8,.8,.78,.08,.2,.32,.48,.64,.68,.1333,.3,.4486,.6,.7111,.7266
45,"lincoln_home",.4,.3,.4,.4333,.45,.46,.1111,.1667,.2778,.3333,.3333,.5,.1739,.2143,.3279,.3768,.383,.4792
46,"machu_picchu",1.0,1.0,.7,.6667,.675,.68,.16,.28,.4,.44,.48,.6,.2759,.4375,.5091,.5301,.561,.6375
47,"marble_arch_london",.8,.8,.65,.5,.5,.44,.25,.5,.5833,.6667,.8333,.8333,.381,.6154,.6149,.5714,.625,.5759
48,"milan_cathedral",1.0,1.0,.95,.9667,.95,.92,.2,.32,.52,.6,.68,.72,.3333,.4848,.6721,.7404,.7926,.8078
49,"mole_antonelliana",.6,.7,.85,.8667,.85,.78,.12,.12,.32,.36,.4,.44,.2,.2049,.465,.5087,.544,.5626
50,"mont_saint_michel",1.0,1.0,1.0,1.0,1.0,1.0,.12,.32,.48,.48,.52,.56,.2143,.4848,.6486,.6486,.6842,.7179
51,"moulin_rouge",.2,.3,.4,.3667,.35,.28,.125,.375,.5,.75,.875,.875,.1538,.3333,.4444,.4925,.5,.4242
52,"nelson_s_column",1.0,.8,.9,.9333,.9,.92,.125,.1667,.3333,.4583,.5,.625,.2222,.2759,.4865,.6148,.6429,.7443
53,"notre_dame_de_paris",.8,.9,.9,.9333,.95,.92,.16,.24,.28,.48,.6,.68,.2667,.3789,.4271,.634,.7355,.782
54,"obelisco",.2,.1,.1,.0667,.05,.08,.0909,.0909,.0909,.0909,.0909,.2727,.125,.0952,.0952,.0769,.0645,.1237
55,"piccadilly_circus",.8,.8,.75,.7667,.825,.76,.1304,.1739,.2609,.4783,.6957,.6957,.2243,.2857,.3871,.5891,.7548,.7264
56,"place_de_la_concorde",1.0,1.0,1.0,1.0,1.0,1.0,.12,.24,.36,.52,.6,.64,.2143,.3871,.5294,.6842,.75,.7805
57,"place_de_la_republique",.2,.3,.3,.3333,.25,.2,.125,.25,.5,.75,.75,.75,.1538,.2727,.375,.4615,.375,.3158
58,"place_des_vosges",.8,.7,.7,.8,.8,.72,.16,.24,.4,.64,.72,.8,.2667,.3574,.5091,.7111,.7579,.7579
59,"pont_du_gard",1.0,.9,.7,.7,.6,.66,.16,.28,.32,.44,.52,.52,.2759,.4271,.4392,.5404,.5571,.5817
60,"pont_neuf",1.0,.8,.75,.6667,.675,.68,.16,.24,.4,.48,.56,.68,.2759,.3692,.5217,.5581,.6121,.68
61,"ponte_vecchio",1.0,1.0,.95,.9,.925,.86,.0833,.2083,.3333,.4583,.5417,.5833,.1538,.3448,.4935,.6074,.6832,.6952
62,"puerta_de_alcala",.6,.6,.55,.5667,.625,.7,.1053,.2105,.3158,.4737,.5789,.5789,.1791,.3117,.4012,.516,.6011,.6337
63,"puerta_del_sol",1.0,.6,.55,.5,.45,.42,.15,.15,.3,.4,.4,.5,.2609,.24,.3882,.4444,.4235,.4565
64,"red_fort",.8,.9,.95,.9667,.975,.98,.12,.28,.4,.6,.68,.76,.2087,.4271,.563,.7404,.8012,.8561
65,"reims_cathedral",1.0,1.0,1.0,1.0,1.0,1.0,.16,.2,.4,.48,.52,.56,.2759,.3333,.5714,.6486,.6842,.7179
66,"rialto_bridge",1.0,.7,.6,.6,.55,.58,.3125,.4375,.625,.75,.75,.75,.4762,.5385,.6122,.6667,.6346,.6541
67,"roman_forum_rome",.4,.7,.7,.6333,.7,.72,.08,.24,.32,.48,.52,.68,.1333,.3574,.4392,.5461,.5967,.6994
68,"sacre_coeur",.2,.1,.35,.4667,.5,.56,.0417,.0417,.125,.25,.3333,.375,.069,.0588,.1842,.3256,.4,.4492
69,"sagrada_familia",1.0,1.0,.95,.9667,.975,.96,.12,.2,.28,.4,.44,.56,.2143,.3333,.4325,.5659,.6064,.7074
70,"santa_maria_novella",.8,.8,.65,.5333,.475,.42,.16,.24,.24,.28,.36,.4,.2667,.3692,.3506,.3672,.4096,.4098
71,"schonbrunn_palace",1.0,1.0,1.0,1.0,1.0,.98,.16,.24,.4,.52,.56,.6,.2759,.3871,.5714,.6842,.7179,.7443
72,"seville_cathedral",.8,.8,.85,.8667,.9,.9,.16,.24,.4,.52,.64,.68,.2667,.3692,.544,.65,.7481,.7747
73,"spanish_steps",1.0,.8,.8,.7,.7,.66,.1364,.1818,.3182,.5,.6818,.7273,.24,.2963,.4553,.5833,.6908,.692
74,"st__basil_cathedral",1.0,1.0,.95,.9,.9,.88,.16,.32,.44,.52,.56,.56,.2759,.4848,.6014,.6592,.6904,.6844
75,"statue_of_liberty",.6,.7,.7,.7333,.725,.78,.08,.16,.28,.4,.44,.52,.1412,.2605,.4,.5176,.5476,.624
76,"stonehenge",.6,.7,.8,.8,.775,.76,.1053,.1579,.3158,.4737,.5263,.5789,.1791,.2577,.4528,.595,.6269,.6572
77,"summer_palace_beijing",1.0,1.0,.95,.9333,.95,.96,.12,.24,.4,.4,.52,.64,.2143,.3871,.563,.56,.6721,.768
78,"sydney_opera_house",.8,.7,.8,.8667,.875,.9,.08,.2,.4,.4,.48,.52,.1455,.3111,.5333,.5474,.6199,.6592
79,"teotihuacan",.6,.7,.55,.5667,.625,.62,.12,.24,.28,.44,.56,.64,.2,.3574,.3711,.4954,.5907,.6298
80,"terracotta_army",.4,.3,.4,.4,.425,.42,.1,.15,.3,.4,.55,.6,.16,.2,.3429,.4,.4795,.4941
81,"the_blue_mosque",1.0,.9,.8,.8667,.9,.9,.16,.28,.48,.52,.6,.6,.2759,.4271,.6,.65,.72,.72
82,"the_henry_ford",1.0,.9,.85,.7333,.675,.6,.16,.24,.4,.44,.48,.48,.2759,.3789,.544,.55,.561,.5333
83,"taj_mahal",1.0,.9,.9,.9333,.925,.9,.2,.32,.56,.6,.72,.76,.3333,.4721,.6904,.7304,.8097,.8241
84,"tour_montparnasse",.4,.7,.75,.7,.675,.58,.1,.15,.35,.4,.55,.55,.16,.2471,.4773,.5091,.6061,.5646
85,"tower_bridge_london",.6,.6,.65,.5667,.5,.4,.08,.16,.2,.32,.4,.4,.1412,.2526,.3059,.409,.4444,.4
86,"trafalgar_square",.4,.4,.3,.3333,.35,.36,.0909,.1818,.2273,.3182,.3182,.4545,.1481,.25,.2586,.3256,.3333,.4018
87,"leaning_tower_of_pisa",.6,.6,.55,.5,.6,.62,.12,.16,.32,.36,.56,.56,.2,.2526,.4046,.4186,.5793,.5885
88,"hermitage_museum_saint_petersburg",1.0,1.0,1.0,1.0,.95,.88,.12,.16,.32,.48,.6,.64,.2143,.2759,.4848,.6486,.7355,.7411
89,"jantar_mantar_jaipur",1.0,.7,.7,.6667,.675,.74,.12,.2,.44,.56,.68,.72,.2143,.3111,.5404,.6087,.6775,.7299
90,"lake_titicaca_peru",.8,.7,.6,.6,.6,.54,.1667,.2917,.375,.5417,.5833,.625,.2759,.4118,.4615,.5693,.5915,.5794
91,"the_great_wall_of_china",.8,.9,.95,.8667,.85,.88,.12,.2,.32,.4,.48,.56,.2087,.3273,.4787,.5474,.6135,.6844
92,"grande_arche_paris",.0,.5,.55,.5667,.6,.64,.0,.2,.32,.44,.44,.52,.0,.2857,.4046,.4954,.5077,.5738
93,"el_angel_mexico",1.0,1.0,.8,.7667,.625,.62,.1905,.2381,.381,.5714,.619,.6667,.32,.3846,.5161,.6548,.622,.6425
94,"bibliotheque_nationale_de_france",.8,.5,.45,.5333,.65,.68,.12,.12,.12,.2,.28,.4,.2087,.1935,.1895,.2909,.3914,.5037
95,"kronborg_castle",.8,.9,.9,.9,.9,.9,.125,.2917,.375,.5,.5833,.5833,.2162,.4406,.5294,.6429,.7079,.7079
96,"ajanta_caves",.8,.9,.85,.8667,.9,.92,.1818,.2273,.3636,.4545,.5455,.6364,.2963,.3629,.5094,.5963,.6792,.7523
97,"atomium",.8,.9,.95,.9667,.95,.96,.1905,.3333,.4286,.4286,.4286,.4762,.3077,.4865,.5907,.5939,.5907,.6366
98,"ellora_caves",1.0,1.0,1.0,1.0,1.0,1.0,.1818,.2273,.3182,.3636,.4091,.4091,.3077,.3704,.4828,.5333,.5806,.5806
99,"potala_palace",1.0,.9,.95,.9333,.925,.88,.1667,.2222,.3889,.5,.5556,.5556,.2857,.3564,.5519,.6512,.6942,.6811
100,"jokhang",1.0,.9,.8,.8333,.825,.86,.12,.16,.2,.36,.56,.6,.2143,.2717,.32,.5028,.6671,.7068
101,"rila_monastery",.8,.7,.85,.8333,.825,.86,.12,.12,.24,.32,.36,.4,.2087,.2049,.3743,.4624,.5013,.546
102,"louvre_pyramid",1.0,1.0,1.0,.9333,.95,.92,.1667,.2778,.3889,.5,.6111,.6667,.2857,.4348,.56,.6512,.7438,.7731
103,"brooklyn_bridge",1.0,1.0,1.0,.9,.875,.84,.2381,.2857,.4762,.5714,.6667,.7143,.3846,.4444,.6452,.699,.7568,.7721
104,"tower_of_london",.6,.6,.75,.7667,.75,.74,.087,.087,.3043,.3478,.3478,.5217,.1519,.1519,.433,.4785,.4752,.612
105,"british_museum_london",1.0,1.0,1.0,.9667,.975,.98,.15,.15,.35,.45,.5,.5,.2609,.2609,.5185,.6141,.661,.6622
106,"buckingham_palace",.2,.4,.45,.4,.4,.38,.05,.2,.25,.25,.3,.35,.08,.2667,.3214,.3077,.3429,.3644
107,"charles_bridge_prague",1.0,1.0,.8,.7,.7,.68,.1667,.1667,.25,.2917,.375,.4167,.2857,.2857,.381,.4118,.4884,.5167
108,"champs_elysees_paris",.6,.5,.55,.5,.5,.54,.2,.3333,.3333,.3333,.3333,.3333,.3,.4,.4151,.4,.4,.4122
109,"chrysler_building",1.0,.8,.8,.8333,.8,.8,.1429,.2857,.5,.5,.5,.5,.25,.4211,.6154,.625,.6154,.6154
110,"moma_new_york",.6,.8,.85,.9,.9,.9,.1053,.2105,.3158,.4211,.5263,.5789,.1791,.3333,.4605,.5737,.6642,.7046
111,"grand_central_terminal",.8,.9,.95,.9333,.95,.94,.1905,.3333,.4286,.5238,.619,.619,.3077,.4865,.5907,.671,.7496,.7465
112,"houses_of_parliament",.6,.5,.55,.7,.775,.82,.087,.1304,.2174,.2609,.3478,.3913,.1519,.2069,.3116,.3801,.4802,.5298
113,"alexanderplatz_berlin",.2,.3,.25,.5,.6,.6,.04,.12,.2,.4,.48,.52,.0667,.1714,.2222,.4444,.5333,.5571
114,"centre_pompidou",.8,.7,.65,.6333,.65,.64,.2222,.2778,.4444,.5556,.7222,.7778,.3478,.3977,.5279,.5919,.6842,.7022
115,"sydney_harbour_bridge",1.0,1.0,1.0,1.0,.95,.96,.1875,.3125,.3125,.375,.4375,.5625,.3158,.4762,.4762,.5455,.5991,.7094
116,"pier_39",.6,.7,.7,.7667,.8,.82,.1429,.3333,.5238,.619,.7143,.7143,.2308,.4516,.5992,.685,.7547,.7635
117,"coit_tower",.8,.8,.7,.5333,.5,.58,.2,.2667,.3333,.4667,.4667,.5333,.32,.4,.4516,.4978,.4828,.5557
118,"st_paul_s_cathedral_london",1.0,1.0,.9,.8667,.875,.86,.2353,.3529,.4706,.5294,.7059,.8235,.381,.5217,.618,.6573,.7814,.8414
119,"cloud_gate",1.0,.8,.75,.8333,.85,.88,.3333,.5,.5833,.75,.75,.75,.5,.6154,.6562,.7895,.7969,.8098
120,"musee_d_orsay",1.0,1.0,1.0,.9333,.9,.9,.1429,.2381,.381,.4762,.5238,.6667,.25,.3846,.5517,.6306,.6622,.766
121,"pike_place_market",1.0,1.0,.95,.9,.875,.9,.1905,.2381,.3333,.5238,.5238,.5238,.32,.3846,.4935,.6622,.6553,.6622
122,"royal_palace_madrid",.2,.3,.65,.7,.75,.68,.0455,.1364,.3182,.4091,.4545,.5,.0741,.1875,.4272,.5164,.566,.5763
123,"sony_center_berlin",.6,.8,.85,.8,.825,.78,.0952,.1905,.2857,.3333,.5238,.5714,.1644,.3077,.4277,.4706,.6408,.6596
124,"red_square_moscow",.6,.8,.65,.6,.55,.6,.0952,.1905,.3333,.381,.4762,.619,.1644,.3077,.4407,.466,.5104,.6094
125,"prague_castle",.8,.7,.75,.8,.75,.76,.12,.24,.4,.6,.68,.84,.2087,.3574,.5217,.6857,.7133,.798
126,"musee_du_louvre",1.0,1.0,.95,.9667,.975,.98,.16,.24,.4,.48,.52,.64,.2759,.3871,.563,.6415,.6783,.7743
127,"millennium_bridge_london",1.0,1.0,.85,.8,.8,.8,.2,.24,.4,.44,.48,.6,.3333,.3871,.544,.5677,.6,.6857
128,"casa_mila",1.0,.8,.9,.9333,.95,.96,.2,.32,.52,.6,.64,.68,.3333,.4571,.6592,.7304,.7648,.7961
129,"national_gallery_london",.6,.5,.5,.5,.425,.34,.1364,.1818,.2727,.3636,.4091,.4091,.2222,.2667,.3529,.4211,.4169,.3714
130,"national_mall",.8,.7,.85,.8333,.75,.72,.16,.28,.44,.6,.6,.68,.2667,.4,.5798,.6977,.6667,.6994
131,"london_city_hall",.4,.6,.65,.7667,.8,.8,.1,.3,.5,.55,.55,.6,.16,.4,.5652,.6405,.6519,.6857
132,"holocaust_memorial",.4,.4,.7,.5667,.65,.6,.125,.125,.4375,.4375,.5625,.5625,.1905,.1905,.5385,.4938,.6031,.5806
133,"columbus_circle",.4,.7,.75,.7667,.7,.6,.08,.24,.4,.6,.68,.68,.1333,.3574,.5217,.6732,.6899,.6375
134,"siegessaeule",1.0,1.0,.95,.9,.825,.76,.2,.32,.48,.64,.72,.72,.3333,.4848,.6378,.7481,.7689,.7395
135,"jardin_du_luxembourg",.8,.8,.9,.9,.925,.92,.12,.2,.36,.56,.68,.72,.2087,.32,.5143,.6904,.7838,.8078
136,"merlion_singapore",.4,.5,.5,.5,.525,.52,.0909,.1818,.3182,.4091,.5,.5909,.1481,.2667,.3889,.45,.5122,.5532
137,"harrods_london",.8,.9,.95,.9667,.975,.92,.16,.28,.44,.56,.64,.64,.2667,.4271,.6014,.7092,.7728,.7549
138,"metropolitan_museum_of_art_new_york",.8,.8,.9,.9333,.85,.84,.16,.28,.48,.56,.64,.64,.2667,.4148,.6261,.7,.7302,.7265
139,"new_york_stock_exchange",.6,.5,.45,.5333,.475,.5,.15,.25,.3,.45,.5,.55,.24,.3333,.36,.4881,.4872,.5238
140,"stephansdom_vienna",1.0,1.0,.95,.9333,.95,.92,.12,.24,.4,.52,.64,.68,.2143,.3871,.563,.6679,.7648,.782
141,"hms_belfast",1.0,1.0,.85,.8667,.85,.86,.2,.24,.28,.36,.4,.52,.3333,.3871,.4212,.5087,.544,.6481
142,"leicester_square",.8,.7,.75,.7,.725,.74,.16,.28,.4,.4,.44,.48,.2667,.4,.5217,.5091,.5476,.5823
143,"ciudad_de_las_artes_y_las_ciencias",1.0,1.0,.9,.9333,.925,.88,.16,.32,.48,.56,.6,.6,.2759,.4848,.6261,.7,.7279,.7135
144,"topkapi_palace",1.0,1.0,1.0,.9667,.975,.96,.2,.28,.4,.56,.68,.72,.3333,.4375,.5714,.7092,.8012,.8229
145,"royal_albert_hall",1.0,1.0,1.0,.8667,.775,.82,.16,.24,.36,.44,.48,.48,.2759,.3871,.5294,.5837,.5928,.6055
146,"st_vitus_cathedral",.8,.9,.95,.9667,.975,.96,.16,.28,.36,.52,.52,.6,.2667,.4271,.5221,.6762,.6783,.7385
147,"castello_sforzesco",.8,.8,.85,.8667,.9,.9,.12,.2,.32,.44,.52,.56,.2087,.32,.465,.5837,.6592,.6904
148,"rijksmuseum_amsterdam",1.0,1.0,1.0,1.0,1.0,1.0,.2,.28,.4,.44,.48,.52,.3333,.4375,.5714,.6111,.6486,.6842
149,"dam_square",.6,.5,.45,.4667,.55,.6,.12,.16,.24,.32,.36,.36,.2,.2424,.313,.3797,.4352,.45
150,"rathaus_vienna",1.0,1.0,.85,.7667,.7,.7,.16,.24,.28,.32,.32,.4,.2759,.3871,.4212,.4515,.4392,.5091
151,"bath_abbey",1.0,1.0,1.0,.9667,.975,.98,.2,.32,.36,.52,.56,.64,.3333,.4848,.5294,.6762,.7114,.7743
152,"salisbury_cathedral",.8,.9,.95,.9667,.975,.98,.16,.32,.4,.56,.6,.64,.2667,.4721,.563,.7092,.7429,.7743
153,"templo_de_debod",.0,.0,.25,.2333,.25,.38,.0,.0,.1364,.1818,.2273,.3182,.0,.0,.1765,.2044,.2381,.3464
154,"Niagara_Falls",.6,.5,.6,.5333,.525,.56,.0909,.1818,.3636,.3636,.3636,.4545,.1579,.2667,.4528,.4324,.4297,.5018
155,"Golden_Gate_Bridge_in_San_Francisco",1.0,1.0,.9,.9333,.925,.94,.1818,.2273,.3182,.5455,.5455,.6364,.3077,.3704,.4701,.6885,.6862,.7589
156,"Neuschwanstein_Castle",1.0,.9,.95,.9667,.95,.96,.16,.32,.52,.56,.64,.68,.2759,.4721,.6721,.7092,.7648,.7961
157,"Christ_Church_Cathedral_Missouri",1.0,1.0,1.0,1.0,1.0,1.0,.12,.32,.52,.6,.6,.64,.2143,.4848,.6842,.75,.75,.7805
158,"Mount_Rushmore_in_South_Dakota",1.0,.9,.9,.9333,.9,.92,.12,.2,.32,.4,.52,.72,.2143,.3273,.4721,.56,.6592,.8078
159,"Puerta_de_Toledo",.0,.1,.05,.0667,.075,.06,.0,.5,.5,1.0,1.0,1.0,.0,.1667,.0909,.125,.1395,.1132
160,"Urquhart_Castle",1.0,1.0,.95,.9,.925,.92,.2083,.3333,.5,.625,.6667,.7083,.3448,.5,.6552,.7377,.7749,.8004
161,"Gare_du_Nord_Paris",1.0,.9,.85,.8,.8,.76,.2,.32,.52,.56,.72,.72,.3333,.4721,.6453,.6588,.7579,.7395
162,"Newgrange_in_Ireland",.2,.4,.6,.7333,.65,.64,.0417,.125,.2917,.4583,.5417,.5833,.069,.1905,.3925,.5641,.5909,.6104
163,"Windmills_at_Kinderdijk",.8,.7,.7,.8,.8,.84,.16,.24,.44,.56,.64,.72,.2667,.3574,.5404,.6588,.7111,.7754
164,"Conciergerie",1.0,.9,.95,.9667,.975,.96,.16,.28,.32,.52,.56,.68,.2759,.4271,.4787,.6762,.7114,.7961
165,"Palazzo_Madama",1.0,1.0,.8,.7333,.65,.62,.1818,.3182,.4545,.5909,.6364,.6364,.3077,.4828,.5797,.6545,.6431,.6281
166,"Split_Rock_Lighthouse",1.0,1.0,.95,.8667,.8,.82,.16,.24,.32,.44,.52,.52,.2759,.3871,.4787,.5837,.6303,.6364
167,"The_Little_Mermaid_Denmark",1.0,1.0,.9,.7,.575,.46,.2857,.4286,.7143,.7143,.7143,.7143,.4444,.6,.7965,.7071,.6371,.5596
168,"Great_Pyramid_of_Giza",.8,.8,.75,.7,.65,.72,.2,.2667,.6,.6667,.7333,.8,.32,.4,.6667,.6829,.6892,.7579
169,"Pitti_Palace",.6,.7,.85,.8333,.875,.9,.1364,.2273,.3182,.4091,.5455,.5909,.2222,.3431,.463,.5488,.672,.7134
170,"Georgia_State_Capitol",1.0,.9,.5,.3333,.25,.2,.1579,.3158,.3158,.3158,.3158,.3158,.2727,.4675,.3871,.3243,.2791,.2449
171,"Dome_des_Invalides",1.0,1.0,1.0,1.0,1.0,.98,.16,.28,.4,.56,.64,.64,.2759,.4375,.5714,.7179,.7805,.7743
172,"Reggia_di_Caserta",1.0,1.0,1.0,.9667,.8,.8,.2,.32,.52,.6,.64,.64,.3333,.4848,.6842,.7404,.7111,.7111
173,"The_Burj_al_Arab_Hotel",.8,.9,.85,.8667,.875,.9,.08,.2,.36,.48,.56,.56,.1455,.3273,.5058,.6178,.6829,.6904
174,"Elephanta_Caves",1.0,1.0,1.0,1.0,.975,.98,.1667,.25,.4167,.4583,.625,.7083,.2857,.4,.5882,.6286,.7617,.8223
175,"Basilica_of_Santa_Croce",1.0,.9,.95,.9333,.95,.96,.16,.32,.52,.6,.64,.76,.2759,.4721,.6721,.7304,.7648,.8484
176,"Aachen_Cathedral",.6,.8,.85,.8333,.875,.9,.12,.2,.36,.44,.56,.56,.2,.32,.5058,.5759,.6829,.6904
177,"Monument_to_the_Great_Fire_of_London",1.0,.8,.75,.6667,.675,.62,.2,.28,.32,.4,.56,.6,.3333,.4148,.4486,.5,.6121,.6098
178,"Longmen_Grottoes",.4,.4,.55,.6333,.675,.62,.08,.16,.32,.44,.6,.68,.1333,.2286,.4046,.5193,.6353,.6486
179,"Louisiana_State_Capitol",.6,.7,.5,.4667,.45,.44,.12,.28,.32,.44,.52,.6,.2,.4,.3902,.4529,.4825,.5077
180,"The_Great_Sphinx_at_Giza",1.0,1.0,1.0,.9,.875,.88,.2,.32,.44,.48,.52,.6,.3333,.4848,.6111,.6261,.6523,.7135
181,"Teatro_Real_Madrid",1.0,1.0,1.0,1.0,.875,.72,.1739,.3043,.5217,.6957,.7826,.7826,.2963,.4667,.6857,.8205,.8262,.75
182,"Palacio_de_la_Magdalena",.6,.5,.55,.6333,.675,.72,.12,.2,.32,.44,.48,.56,.2,.2857,.4046,.5193,.561,.63
183,"Sowjetisches_Ehrenmal",.4,.3,.15,.2,.275,.36,.08,.12,.12,.16,.32,.44,.1333,.1714,.1333,.1778,.2958,.396
184,"Cathedral_of_Trier",.8,.7,.85,.9,.925,.88,.12,.24,.56,.76,.88,.88,.2087,.3574,.6752,.8241,.9019,.88
185,"Saint_Mary_of_the_Flower",.2,.1,.15,.2667,.325,.38,.04,.04,.12,.28,.4,.44,.0667,.0571,.1333,.2732,.3586,.4078
186,"Skellig_Michael",1.0,.8,.8,.7667,.8,.78,.2,.28,.36,.44,.52,.56,.3333,.4148,.4966,.5591,.6303,.6519
187,"Chicago_Board_of_Trade_Building",1.0,1.0,.95,.9667,.975,.94,.2273,.3182,.4545,.6364,.6818,.7273,.3704,.4828,.6149,.7675,.8025,.8201
188,"Pont_de_Normandie_France",1.0,.9,.95,.9667,.95,.96,.1579,.2632,.5263,.6842,.6842,.8421,.2727,.4072,.6774,.8013,.7955,.8972
189,"Palazzo_Rosso",.0,.0,.0,.0,.075,.08,.0,.0,.0,.0,.0833,.125,.0,.0,.0,.0,.0789,.0976
190,"Piazza_Vittorio_Veneto",.0,.1,.4,.3667,.45,.42,.0,.0625,.3125,.375,.75,.75,.0,.0769,.3509,.3708,.5625,.5385
191,"Sforza_Castle",.8,.9,.9,.9,.925,.94,.16,.28,.44,.56,.68,.72,.2667,.4271,.591,.6904,.7838,.8154
192,"Torres_KIO",1.0,1.0,1.0,.9333,.95,.94,.12,.2,.4,.48,.52,.6,.2143,.3333,.5714,.634,.6721,.7325
193,"Torre_Picasso",1.0,.9,.9,.9333,.95,.94,.1667,.25,.4583,.5417,.5417,.625,.2857,.3913,.6074,.6855,.6899,.7508
194,"The_Palace_of_Parliament_in_Bucharest",1.0,1.0,.95,.9667,.975,.98,.12,.2,.28,.48,.56,.68,.2143,.3333,.4325,.6415,.7114,.8029
195,"Ernest_Hemingway_House",.2,.4,.4,.5,.6,.66,.04,.16,.24,.4,.6,.6,.0667,.2286,.3,.4444,.6,.6286
196,"Castel_dellOvo_Napoli",.8,.7,.85,.9,.9,.9,.16,.28,.52,.64,.64,.64,.2667,.4,.6453,.7481,.7481,.7481
197,"Villa_Borghese_gardens",.8,.8,.9,.9333,.95,.96,.12,.24,.4,.64,.72,.76,.2087,.3692,.5538,.7593,.8192,.8484
198,"Saint_Marks_Basilica",.8,.8,.85,.9,.875,.9,.16,.2,.36,.48,.6,.6,.2667,.32,.5058,.6261,.7119,.72
199,"Mausoleum_of_the_First_Qin_Emperor",.8,.9,.95,.9333,.95,.94,.16,.28,.48,.56,.6,.6,.2667,.4271,.6378,.7,.7355,.7325
200,"Mausoleum_of_Hadrian",.6,.5,.5,.4667,.475,.52,.0556,.1111,.2778,.4444,.4444,.5,.1017,.1818,.3571,.4553,.4592,.5098
201,"Piazza_de_Ferrari",1.0,1.0,1.0,1.0,.975,.94,.1053,.2632,.4211,.4211,.5263,.5263,.1905,.4167,.5926,.5926,.6836,.6748
202,"George_Washington_Carver",.0,.2,.45,.4333,.525,.62,.0,.125,.1875,.3125,.4375,.625,.0,.1538,.2647,.3631,.4773,.6225
203,"Cathedral_of_Santiago_de_Compostela",.8,.7,.65,.7,.75,.76,.1765,.2353,.4706,.6471,.7059,.8235,.2892,.3522,.5459,.6725,.7273,.7905
204,"Saint-Jacques_Tower",.8,.9,.95,.9333,.875,.8,.1538,.3077,.3846,.4615,.5385,.6154,.2581,.4586,.5476,.6176,.6667,.6957
205,"Calakmul_Campeche_Mexico",.8,.8,.85,.8667,.85,.86,.2143,.2857,.3571,.4286,.5,.5714,.338,.4211,.503,.5735,.6296,.6866
206,"Bran_Castle_in_Transylvania",1.0,1.0,.85,.9,.9,.9,.1579,.3158,.3684,.3684,.4737,.6316,.2727,.48,.514,.5228,.6207,.7423
207,"Mosteiro_da_Batalha",1.0,1.0,1.0,1.0,1.0,1.0,.2105,.4211,.5263,.5263,.6842,.7368,.3478,.5926,.6897,.6897,.8125,.8485
208,"Wartburg_Castle",1.0,1.0,.95,.8667,.875,.88,.15,.3,.45,.5,.6,.7,.2609,.4615,.6107,.6341,.7119,.7797
209,"Fujian_Tulou_Fujian_China",1.0,1.0,1.0,1.0,1.0,.98,.1111,.3333,.3889,.6111,.6667,.7222,.2,.5,.56,.7586,.8,.8316
210,"Alabama_State_Capitol",.6,.4,.6,.7,.775,.76,.1429,.1905,.4286,.5714,.7619,.8095,.2308,.2581,.5,.6292,.7684,.784
211,"Palazzo_dAccursio",.4,.5,.5,.5,.5,.58,.0556,.1667,.2778,.2778,.3333,.3889,.0976,.25,.3571,.3571,.4,.4656
212,"Casa_Grande_Ruins",.8,.8,.8,.6667,.625,.66,.1176,.2353,.3529,.3529,.4118,.4706,.2051,.3636,.4898,.4615,.4965,.5494
213,"Stravinsky_Fountain",1.0,1.0,.95,.8333,.775,.74,.3333,.4,.5333,.5333,.5333,.5333,.5,.5714,.6831,.6504,.6318,.6199
214,"Angel_Falls_Venezuela",.6,.6,.65,.6,.525,.56,.1176,.2353,.4118,.5882,.5882,.6471,.1967,.338,.5042,.5941,.5548,.6004
215,"Statue_of_George_IV",.2,.3,.3,.3,.275,.22,.125,.375,.5,.5,.5,.5,.1538,.3333,.375,.375,.3548,.3056
216,"Palacio_Barolo",1.0,.9,.85,.8667,.9,.92,.1765,.2941,.2941,.5294,.5882,.6471,.3,.4433,.437,.6573,.7115,.7598
217,"Bridge_of_Remembrance_Christchurch_New_Zealand",.6,.5,.5,.5,.5,.5,.1667,.3333,.3333,.5833,.75,.9167,.2609,.4,.4,.5385,.6,.6471
218,"John_A._Roebling_Suspension_Bridge",.0,.2,.3,.3667,.375,.42,.0,.1333,.3333,.5333,.6667,.7333,.0,.16,.3158,.4346,.48,.5341
219,"Blue_Dome_Santorini",1.0,1.0,.95,.9667,.9,.92,.1875,.4375,.5625,.75,.8125,.875,.3158,.6087,.7066,.8447,.854,.8969
220,"Fossar_de_les_Moreres",1.0,.9,.95,.7667,.625,.54,.2143,.2857,.6429,.7143,.7143,.7143,.3529,.4337,.7668,.7395,.6667,.615
221,"Luxor_Obelisk_France",1.0,1.0,.85,.7333,.675,.7,.1875,.25,.375,.375,.4375,.4375,.3158,.4,.5204,.4962,.5309,.5385
222,"Valle_de_los_Caidos",1.0,.9,.9,.9333,.95,.96,.25,.3,.45,.5,.65,.75,.4,.45,.6,.6512,.7719,.8421
--------------------
"--","Avg.",P@5,P@10,P@20,P@30,P@40,P@50,CR@5,CR@10,CR@20,CR@30,CR@40,CR@50,F1@5,F1@10,F1@20,F1@30,F1@40,F1@50
,.,7595,.755,.7572,.7533,.7517,.7496,.1396,.2396,.3734,.4785,.5561,.6122,.2332,.3554,.4891,.5712,.624,.658
