--------------------
"Run name","output_runGABORSilhouette"
--------------------
"Average P@20 = ",.7822
"Average CR@20 = ",.3981
"Average F1@20 = ",.517
--------------------
"Query Id ","Location name",P@5,P@10,P@20,P@30,P@40,P@50,CR@5,CR@10,CR@20,CR@30,CR@40,CR@50,F1@5,F1@10,F1@20,F1@30,F1@40,F1@50
1,"angel_of_the_north",1.0,1.0,1.0,1.0,.95,.96,.16,.24,.4,.52,.6,.6,.2759,.3871,.5714,.6842,.7355,.7385
2,"big_ben",.8,.9,.95,.9,.925,.8,.1818,.2273,.4091,.4545,.5455,.5909,.2963,.3629,.5719,.604,.6862,.6797
3,"hearst_castle",.8,.8,.9,.9333,.925,.92,.1667,.2917,.5417,.7083,.7917,.7917,.2759,.4275,.6763,.8054,.8532,.851
4,"la_madeleine",.0,.2,.45,.4,.35,.32,.0,.1429,.4286,.5714,.6429,.6429,.0,.1667,.439,.4706,.4532,.4273
5,"pont_alexandre_iii",1.0,.9,.95,.9667,.975,.94,.2,.28,.36,.6,.68,.8,.3333,.4271,.5221,.7404,.8012,.8644
6,"neues_museum",.0,.0,.25,.5,.625,.7,.0,.0,.12,.44,.6,.72,.0,.0,.1622,.4681,.6122,.7099
7,"montezuma_castle",.8,.8,.5,.6,.625,.64,.25,.3333,.4167,.5833,.75,.8333,.381,.4706,.4545,.5915,.6818,.724
8,"cn_tower",.4,.4,.7,.7,.7,.64,.0833,.1667,.4167,.5833,.6667,.75,.1379,.2353,.5224,.6364,.6829,.6906
9,"acropolis_athens",.8,.9,.9,.9,.9,.84,.1429,.2857,.4286,.5238,.5714,.5714,.2424,.4337,.5806,.6622,.699,.6802
10,"agra_fort",.6,.8,.85,.8667,.875,.86,.12,.28,.44,.56,.76,.8,.2,.4148,.5798,.6804,.8135,.8289
11,"albert_memorial",.8,.9,.65,.7667,.825,.82,.1364,.1364,.2727,.3636,.5,.6818,.233,.2368,.3842,.4933,.6226,.7446
12,"altes_museum",.8,.8,.5,.5,.6,.66,.1667,.25,.3333,.375,.4583,.5417,.2759,.381,.4,.4286,.5197,.595
13,"amiens_cathedral",1.0,1.0,1.0,1.0,.95,.96,.16,.32,.52,.64,.72,.84,.2759,.4848,.6842,.7805,.8192,.896
14,"angkor_wat",1.0,.8,.7,.8,.85,.86,.16,.28,.36,.6,.72,.76,.2759,.4148,.4755,.6857,.7796,.8069
15,"ara_pacis",.8,.8,.6,.6667,.6,.64,.1818,.3182,.4091,.6364,.6818,.6818,.2963,.4553,.4865,.6512,.6383,.6602
16,"arc_de_triomphe",1.0,.9,.8,.8,.675,.66,.1667,.2917,.5,.625,.625,.75,.2857,.4406,.6154,.7018,.649,.7021
17,"aztec_ruins",.0,.0,.3,.2333,.275,.38,.0,.0,.24,.24,.32,.44,.0,.0,.2667,.2366,.2958,.4078
18,"berlin_cathedral",1.0,.9,.95,.9667,.9,.9,.16,.24,.36,.48,.56,.64,.2759,.3789,.5221,.6415,.6904,.7481
19,"bok_tower_gardens",.8,.6,.8,.8333,.825,.86,.16,.2,.4,.52,.56,.56,.2667,.3,.5333,.6404,.6671,.6783
20,"brandenburg_gate",1.0,1.0,.95,.9667,.95,.94,.16,.2,.32,.48,.52,.64,.2759,.3333,.4787,.6415,.6721,.7615
21,"cabrillo",.2,.3,.2,.2,.175,.16,.0769,.2308,.3077,.4615,.5385,.5385,.1111,.2609,.2424,.2791,.2642,.2467
22,"casa_batllo",1.0,1.0,1.0,1.0,.95,.96,.16,.24,.44,.6,.64,.76,.2759,.3871,.6111,.75,.7648,.8484
23,"casa_rosada",.8,.9,.95,.9333,.95,.92,.16,.2,.48,.56,.6,.72,.2667,.3273,.6378,.7,.7355,.8078
24,"castillo_de_san_marcos",.8,.6,.65,.7,.7,.76,.08,.12,.28,.48,.6,.76,.1455,.2,.3914,.5695,.6462,.76
25,"chartres_cathedral",.8,.9,.9,.9,.925,.92,.16,.24,.48,.68,.72,.8,.2667,.3789,.6261,.7747,.8097,.8558
26,"chichen_itza",.8,.9,.85,.9,.925,.92,.16,.28,.4,.52,.64,.76,.2667,.4271,.544,.6592,.7565,.8324
27,"christ_the_redeemer_rio",.6,.8,.45,.3667,.4,.44,.087,.2174,.2609,.3043,.4348,.5652,.1519,.3419,.3303,.3326,.4167,.4948
28,"civic_center_san_francisco",1.0,.9,.85,.8333,.7,.56,.2,.28,.4,.48,.52,.52,.3333,.4271,.544,.6091,.5967,.5393
29,"cologne_cathedral",1.0,1.0,1.0,1.0,1.0,.98,.12,.28,.36,.48,.56,.68,.2143,.4375,.5294,.6486,.7179,.8029
30,"colosseum",1.0,1.0,1.0,.9667,.825,.86,.16,.32,.48,.56,.56,.68,.2759,.4848,.6486,.7092,.6671,.7595
31,"doge_s_palace",1.0,1.0,.75,.8,.825,.86,.12,.24,.32,.44,.52,.52,.2143,.3871,.4486,.5677,.6379,.6481
32,"eiffel_tower",1.0,1.0,1.0,1.0,1.0,.9,.16,.28,.4,.52,.52,.52,.2759,.4375,.5714,.6842,.6842,.6592
33,"golden_gate_bridge",.8,.8,.8,.8667,.75,.78,.1739,.2609,.3913,.5217,.5652,.6087,.2857,.3934,.5255,.6514,.6446,.6838
34,"grand_palais",.8,.9,.9,.9,.9,.92,.0909,.2273,.4545,.5,.5455,.5909,.1633,.3629,.604,.6429,.6792,.7196
35,"guggenheim_museum_bilbao",1.0,1.0,1.0,.9667,.975,.98,.12,.24,.44,.48,.56,.68,.2143,.3871,.6111,.6415,.7114,.8029
36,"hagia_sophia_istanbul",1.0,1.0,1.0,.9667,.975,.96,.2,.32,.48,.6,.64,.72,.3333,.4848,.6486,.7404,.7728,.8229
37,"hoover_dam",1.0,.9,.85,.9,.9,.92,.12,.28,.44,.6,.72,.76,.2143,.4271,.5798,.72,.8,.8324
38,"humayun_tomb",1.0,.8,.85,.9,.875,.86,.16,.24,.52,.68,.76,.8,.2759,.3692,.6453,.7747,.8135,.8289
39,"iguazu_falls",.6,.8,.85,.7,.675,.7,.04,.2,.4,.44,.48,.68,.075,.32,.544,.5404,.561,.6899
40,"iolani_palace",1.0,1.0,.8,.7,.725,.68,.2,.28,.44,.56,.68,.72,.3333,.4375,.5677,.6222,.7018,.6994
41,"la_mezquita",.8,.9,.85,.7667,.675,.62,.125,.3333,.375,.4167,.5417,.625,.2162,.4865,.5204,.5399,.601,.6225
42,"la_rambla_barcelona",1.0,1.0,.9,.9333,.95,.92,.16,.24,.32,.48,.52,.56,.2759,.3871,.4721,.634,.6721,.6962
43,"la_sainte_chapelle",1.0,.9,.95,.9667,.95,.96,.2,.36,.6,.6,.8,.88,.3333,.5143,.7355,.7404,.8686,.9183
44,"liberty_memorial",.6,.3,.65,.7,.625,.66,.04,.04,.28,.44,.44,.56,.075,.0706,.3914,.5404,.5164,.6059
45,"lincoln_home",1.0,.9,.9,.9,.875,.7,.1667,.2778,.5556,.6667,.7222,.7222,.2857,.4245,.687,.766,.7913,.7109
46,"machu_picchu",1.0,.7,.65,.7,.75,.78,.2,.28,.44,.56,.68,.76,.3333,.4,.5248,.6222,.7133,.7699
47,"marble_arch_london",.6,.5,.4,.3,.3,.26,.25,.25,.3333,.3333,.4167,.5,.3529,.3333,.3636,.3158,.3488,.3421
48,"milan_cathedral",1.0,.9,.75,.8333,.875,.9,.2,.28,.48,.6,.68,.72,.3333,.4271,.5854,.6977,.7653,.8
49,"mole_antonelliana",.8,.8,.75,.7,.75,.66,.12,.16,.32,.4,.48,.52,.2087,.2667,.4486,.5091,.5854,.5817
50,"mont_saint_michel",1.0,1.0,1.0,.9667,.95,.94,.16,.32,.4,.6,.8,.8,.2759,.4848,.5714,.7404,.8686,.8644
51,"moulin_rouge",.0,.0,.0,.1333,.125,.12,.0,.0,.0,.375,.5,.625,.0,.0,.0,.1967,.2,.2013
52,"nelson_s_column",.8,.9,.95,.9667,.95,.92,.125,.25,.4167,.5417,.6667,.7917,.2162,.3913,.5793,.6943,.7835,.851
53,"notre_dame_de_paris",1.0,1.0,1.0,.9667,.875,.86,.2,.28,.44,.56,.6,.68,.3333,.4375,.6111,.7092,.7119,.7595
54,"obelisco",.4,.2,.1,.0667,.1,.26,.0909,.0909,.0909,.0909,.1818,.6364,.1481,.125,.0952,.0769,.129,.3692
55,"piccadilly_circus",1.0,.9,.75,.7333,.775,.72,.2174,.3478,.4348,.5217,.5652,.6522,.3571,.5017,.5505,.6097,.6537,.6844
56,"place_de_la_concorde",1.0,1.0,1.0,1.0,.975,.98,.08,.2,.4,.52,.56,.72,.1481,.3333,.5714,.6842,.7114,.8301
57,"place_de_la_republique",.2,.3,.25,.2,.175,.14,.125,.375,.5,.625,.625,.625,.1538,.3333,.3333,.303,.2734,.2288
58,"place_des_vosges",.6,.6,.8,.7667,.725,.72,.08,.08,.4,.52,.68,.72,.1412,.1412,.5333,.6197,.7018,.72
59,"pont_du_gard",.8,.9,.95,.7333,.675,.72,.12,.28,.44,.48,.6,.64,.2087,.4271,.6014,.5802,.6353,.6776
60,"pont_neuf",1.0,.9,.95,.7,.75,.66,.08,.2,.48,.48,.56,.6,.1481,.3273,.6378,.5695,.6412,.6286
61,"ponte_vecchio",.8,.9,.9,.8,.725,.68,.1667,.25,.5417,.5417,.625,.7083,.2759,.3913,.6763,.646,.6713,.6939
62,"puerta_de_alcala",.2,.2,.55,.6333,.65,.64,.0526,.1053,.3158,.5263,.6316,.7368,.0833,.1379,.4012,.5749,.6407,.685
63,"puerta_del_sol",.8,.6,.45,.3667,.3,.24,.2,.25,.35,.4,.4,.4,.32,.3529,.3937,.3826,.3429,.3
64,"red_fort",1.0,1.0,1.0,.9667,.975,.98,.2,.32,.56,.6,.68,.72,.3333,.4848,.7179,.7404,.8012,.8301
65,"reims_cathedral",1.0,1.0,1.0,1.0,1.0,.94,.16,.24,.32,.44,.52,.64,.2759,.3871,.4848,.6111,.6842,.7615
66,"rialto_bridge",.8,.9,.8,.7667,.65,.52,.1875,.3125,.5,.625,.6875,.6875,.3038,.4639,.6154,.6886,.6682,.5921
67,"roman_forum_rome",.8,.8,.75,.6667,.575,.64,.12,.24,.36,.48,.52,.64,.2087,.3692,.4865,.5581,.5461,.64
68,"sacre_coeur",.4,.6,.65,.6667,.625,.56,.0833,.1667,.2917,.5,.5833,.5833,.1379,.2609,.4027,.5714,.6034,.5714
69,"sagrada_familia",.8,.9,.95,.9333,.95,.94,.16,.24,.4,.48,.6,.72,.2667,.3789,.563,.634,.7355,.8154
70,"santa_maria_novella",.8,.4,.65,.6,.575,.6,.16,.16,.32,.44,.48,.64,.2667,.2286,.4289,.5077,.5232,.6194
71,"schonbrunn_palace",1.0,1.0,.95,.9667,.975,.98,.2,.36,.4,.48,.6,.64,.3333,.5294,.563,.6415,.7429,.7743
72,"seville_cathedral",.6,.7,.85,.9,.925,.94,.12,.28,.36,.44,.6,.64,.2,.4,.5058,.591,.7279,.7615
73,"spanish_steps",.8,.7,.6,.7,.675,.66,.1364,.1818,.3636,.5455,.5455,.5909,.233,.2887,.4528,.6131,.6034,.6235
74,"st__basil_cathedral",1.0,1.0,.85,.8667,.825,.86,.2,.32,.44,.56,.6,.72,.3333,.4848,.5798,.6804,.6947,.7838
75,"statue_of_liberty",.8,.9,.8,.8,.85,.8,.12,.24,.44,.56,.6,.64,.2087,.3789,.5677,.6588,.7034,.7111
76,"stonehenge",.8,.6,.65,.4333,.475,.48,.1579,.1579,.3158,.3158,.3684,.4737,.2637,.25,.4251,.3653,.415,.4768
77,"summer_palace_beijing",1.0,1.0,1.0,.9333,.875,.78,.12,.28,.48,.56,.64,.68,.2143,.4375,.6486,.7,.7393,.7266
78,"sydney_opera_house",1.0,.9,.95,.8,.85,.88,.16,.28,.36,.44,.52,.52,.2759,.4271,.5221,.5677,.6453,.6537
79,"teotihuacan",1.0,.8,.7,.7667,.775,.8,.16,.24,.4,.6,.68,.72,.2759,.3692,.5091,.6732,.7244,.7579
80,"terracotta_army",1.0,1.0,.5,.5,.55,.6,.2,.35,.35,.4,.55,.7,.3333,.5185,.4118,.4444,.55,.6462
81,"the_blue_mosque",.8,.9,.95,.9333,.95,.96,.12,.2,.32,.56,.6,.64,.2087,.3273,.4787,.7,.7355,.768
82,"the_henry_ford",1.0,1.0,.6,.6,.675,.7,.16,.24,.28,.36,.48,.64,.2759,.3871,.3818,.45,.561,.6687
83,"taj_mahal",.8,.7,.85,.8667,.875,.88,.12,.24,.28,.48,.6,.68,.2087,.3574,.4212,.6178,.7119,.7672
84,"tour_montparnasse",.8,.9,.65,.4333,.4,.36,.15,.3,.4,.4,.45,.5,.2526,.45,.4952,.416,.4235,.4186
85,"tower_bridge_london",1.0,.9,.75,.6333,.6,.56,.08,.24,.44,.48,.52,.56,.1481,.3789,.5546,.5461,.5571,.56
86,"trafalgar_square",.8,.6,.45,.4,.45,.44,.1364,.2273,.2727,.2727,.3182,.3636,.233,.3297,.3396,.3243,.3728,.3982
87,"leaning_tower_of_pisa",.6,.5,.45,.5333,.65,.72,.12,.16,.32,.48,.56,.68,.2,.2424,.374,.5053,.6017,.6994
88,"hermitage_museum_saint_petersburg",1.0,.9,.75,.8333,.875,.88,.16,.24,.44,.56,.68,.8,.2759,.3789,.5546,.6699,.7653,.8381
89,"jantar_mantar_jaipur",.6,.5,.75,.7333,.725,.74,.12,.2,.4,.56,.72,.76,.2,.2857,.5217,.6351,.7225,.7499
90,"lake_titicaca_peru",.8,.7,.65,.6667,.625,.6,.125,.2083,.4167,.5417,.625,.7083,.2162,.3211,.5078,.5977,.625,.6497
91,"the_great_wall_of_china",1.0,.9,.9,.9,.775,.78,.2,.28,.48,.56,.6,.68,.3333,.4271,.6261,.6904,.6764,.7266
92,"grande_arche_paris",.4,.6,.55,.7,.65,.68,.08,.2,.24,.36,.48,.52,.1333,.3,.3342,.4755,.5522,.5893
93,"el_angel_mexico",.8,.8,.6,.6,.575,.48,.1905,.2381,.3333,.5714,.619,.6667,.3077,.367,.4286,.5854,.5962,.5581
94,"bibliotheque_nationale_de_france",.4,.5,.65,.6333,.7,.72,.08,.08,.24,.32,.48,.64,.1333,.1379,.3506,.4252,.5695,.6776
95,"kronborg_castle",.4,.6,.6,.6333,.725,.72,.0833,.2083,.375,.5833,.625,.625,.1379,.3093,.4615,.6073,.6713,.6691
96,"ajanta_caves",.8,.8,.9,.9333,.95,.92,.1364,.2273,.5,.5909,.6818,.6818,.233,.354,.6429,.7237,.7939,.7832
97,"atomium",.8,.9,.95,.9333,.95,.9,.1429,.2857,.3333,.381,.4762,.5714,.2424,.4337,.4935,.5411,.6344,.699
98,"ellora_caves",1.0,1.0,.95,.9333,.925,.94,.1364,.2273,.4545,.5,.5455,.6364,.24,.3704,.6149,.6512,.6862,.7589
99,"potala_palace",.8,.9,.9,.8,.75,.76,.1667,.2222,.2778,.3889,.5,.7778,.2759,.3564,.4245,.5234,.6,.7688
100,"jokhang",.8,.8,.8,.8333,.825,.78,.16,.32,.44,.56,.64,.68,.2667,.4571,.5677,.6699,.7208,.7266
101,"rila_monastery",.6,.7,.85,.9,.925,.92,.12,.24,.4,.44,.48,.48,.2,.3574,.544,.591,.632,.6309
102,"louvre_pyramid",1.0,1.0,.95,.9333,.95,.9,.0556,.3333,.3889,.5,.5,.5556,.1053,.5,.5519,.6512,.6552,.687
103,"brooklyn_bridge",1.0,1.0,.85,.9,.9,.9,.0952,.2381,.3333,.4762,.5714,.6667,.1739,.3846,.4789,.6228,.699,.766
104,"tower_of_london",.8,.8,.8,.8,.7,.74,.0435,.1739,.2174,.4783,.5652,.6522,.0825,.2857,.3419,.5986,.6254,.6933
105,"british_museum_london",1.0,1.0,1.0,.9333,.925,.92,.1,.2,.4,.55,.6,.65,.1818,.3333,.5714,.6921,.7279,.7618
106,"buckingham_palace",.8,.7,.4,.4,.4,.42,.2,.2,.2,.25,.3,.4,.32,.3111,.2667,.3077,.3429,.4098
107,"charles_bridge_prague",.8,.9,.6,.5333,.475,.46,.125,.2083,.25,.3333,.375,.4583,.2162,.3383,.3529,.4103,.4191,.4592
108,"champs_elysees_paris",.4,.3,.55,.6,.55,.48,.1333,.2,.4,.4667,.6,.6,.2,.24,.4632,.525,.5739,.5333
109,"chrysler_building",1.0,1.0,1.0,1.0,.975,.98,.1429,.2857,.5714,.7857,.8571,.8571,.25,.4444,.7273,.88,.9123,.9145
110,"moma_new_york",.8,.9,.95,.9,.85,.86,.1579,.2105,.4737,.5263,.6316,.6842,.2637,.3412,.6322,.6642,.7247,.7621
111,"grand_central_terminal",1.0,1.0,1.0,.9667,.975,.94,.0952,.1429,.2381,.3333,.4286,.4286,.1739,.25,.3846,.4957,.5954,.5887
112,"houses_of_parliament",1.0,1.0,1.0,1.0,.9,.88,.2174,.2609,.3478,.4783,.5217,.5652,.3571,.4138,.5161,.6471,.6606,.6883
113,"alexanderplatz_berlin",.2,.3,.6,.5667,.65,.62,.04,.08,.36,.4,.48,.52,.0667,.1263,.45,.469,.5522,.5656
114,"centre_pompidou",1.0,.8,.75,.7,.7,.7,.2222,.2222,.3333,.4444,.6667,.7222,.3636,.3478,.4615,.5437,.6829,.7109
115,"sydney_harbour_bridge",1.0,1.0,1.0,1.0,.975,.98,.1875,.375,.5,.5,.625,.625,.3158,.5455,.6667,.6667,.7617,.7632
116,"pier_39",1.0,.9,.95,.9,.9,.88,.1905,.2381,.4762,.619,.6667,.6667,.32,.3766,.6344,.7335,.766,.7586
117,"coit_tower",.6,.7,.6,.6667,.65,.7,.2,.2,.3333,.4,.4667,.5333,.3,.3111,.4286,.5,.5433,.6054
118,"st_paul_s_cathedral_london",1.0,1.0,.9,.8667,.825,.78,.2353,.3529,.5294,.6471,.6471,.7647,.381,.5217,.6667,.7409,.7253,.7723
119,"cloud_gate",.4,.7,.5,.6333,.65,.68,.1667,.25,.3333,.5,.5,.6667,.2353,.3684,.4,.5588,.5652,.6733
120,"musee_d_orsay",1.0,.9,.85,.8667,.875,.88,.1429,.1905,.3333,.381,.5714,.619,.25,.3144,.4789,.5293,.6914,.7268
121,"pike_place_market",1.0,.9,.95,.8333,.8,.84,.1905,.2857,.381,.381,.4762,.5714,.32,.4337,.5438,.5229,.597,.6802
122,"royal_palace_madrid",.8,.9,.85,.8333,.875,.84,.1364,.2273,.2727,.5455,.7273,.7273,.233,.3629,.413,.6593,.7943,.7796
123,"sony_center_berlin",.8,.9,.9,.8667,.9,.86,.1429,.2381,.2857,.3333,.4286,.5238,.2424,.3766,.4337,.4815,.5806,.6511
124,"red_square_moscow",.8,.6,.65,.7667,.725,.72,.0952,.1429,.3333,.5238,.619,.619,.1702,.2308,.4407,.6224,.6678,.6657
125,"prague_castle",1.0,.9,.9,.8333,.8,.8,.16,.32,.48,.56,.68,.76,.2759,.4721,.6261,.6699,.7351,.7795
126,"musee_du_louvre",1.0,1.0,1.0,1.0,1.0,1.0,.2,.24,.48,.52,.56,.64,.3333,.3871,.6486,.6842,.7179,.7805
127,"millennium_bridge_london",.8,.7,.75,.7667,.8,.8,.16,.24,.44,.44,.48,.56,.2667,.3574,.5546,.5591,.6,.6588
128,"casa_mila",.8,.9,.95,.9,.925,.94,.16,.24,.48,.48,.6,.64,.2667,.3789,.6378,.6261,.7279,.7615
129,"national_gallery_london",1.0,1.0,.65,.7333,.725,.64,.1818,.3182,.3636,.5455,.6364,.6364,.3077,.4828,.4664,.6256,.6778,.6382
130,"national_mall",.8,.9,.85,.7667,.775,.74,.16,.32,.4,.52,.64,.72,.2667,.4721,.544,.6197,.7011,.7299
131,"london_city_hall",.8,.9,.95,.9333,.85,.74,.2,.35,.45,.55,.6,.65,.32,.504,.6107,.6921,.7034,.6921
132,"holocaust_memorial",.6,.8,.7,.6333,.6,.48,.125,.3125,.5,.5625,.625,.625,.2069,.4494,.5833,.5958,.6122,.543
133,"columbus_circle",.6,.7,.7,.5667,.525,.54,.12,.24,.48,.52,.52,.56,.2,.3574,.5695,.5423,.5225,.5498
134,"siegessaeule",1.0,1.0,.8,.7,.525,.48,.16,.24,.44,.52,.52,.52,.2759,.3871,.5677,.5967,.5225,.4992
135,"jardin_du_luxembourg",1.0,1.0,1.0,1.0,.975,.92,.2,.36,.48,.64,.76,.84,.3333,.5294,.6486,.7805,.8542,.8782
136,"merlion_singapore",.2,.2,.3,.3667,.45,.5,.0455,.0909,.2727,.3636,.5455,.6364,.0741,.125,.2857,.3651,.4932,.56
137,"harrods_london",1.0,1.0,.85,.8667,.9,.92,.16,.32,.44,.56,.64,.72,.2759,.4848,.5798,.6804,.7481,.8078
138,"metropolitan_museum_of_art_new_york",1.0,1.0,.95,.9667,.975,.98,.16,.28,.44,.56,.64,.72,.2759,.4375,.6014,.7092,.7728,.8301
139,"new_york_stock_exchange",1.0,1.0,.85,.6667,.55,.58,.2,.3,.35,.4,.45,.55,.3333,.4615,.4958,.5,.495,.5646
140,"stephansdom_vienna",1.0,1.0,1.0,.9667,.975,.96,.16,.28,.4,.56,.6,.6,.2759,.4375,.5714,.7092,.7429,.7385
141,"hms_belfast",1.0,1.0,1.0,.9667,.975,.98,.12,.32,.44,.48,.64,.8,.2143,.4848,.6111,.6415,.7728,.8809
142,"leicester_square",1.0,1.0,.8,.7333,.75,.72,.12,.2,.28,.44,.48,.56,.2143,.3333,.4148,.55,.5854,.63
143,"ciudad_de_las_artes_y_las_ciencias",1.0,.9,.95,.9667,.95,.96,.12,.24,.44,.48,.56,.68,.2143,.3789,.6014,.6415,.7046,.7961
144,"topkapi_palace",1.0,.9,.95,.9333,.95,.96,.2,.28,.4,.6,.76,.8,.3333,.4271,.563,.7304,.8444,.8727
145,"royal_albert_hall",1.0,.9,.75,.7333,.6,.6,.16,.28,.36,.4,.44,.56,.2759,.4271,.4865,.5176,.5077,.5793
146,"st_vitus_cathedral",1.0,1.0,1.0,1.0,.95,.96,.2,.32,.48,.52,.6,.64,.3333,.4848,.6486,.6842,.7355,.768
147,"castello_sforzesco",.8,.8,.85,.8667,.875,.9,.08,.2,.44,.48,.56,.6,.1455,.32,.5798,.6178,.6829,.72
148,"rijksmuseum_amsterdam",1.0,1.0,1.0,1.0,1.0,1.0,.16,.16,.36,.48,.6,.8,.2759,.2759,.5294,.6486,.75,.8889
149,"dam_square",1.0,.9,.85,.7,.6,.64,.12,.28,.32,.44,.44,.6,.2143,.4271,.465,.5404,.5077,.6194
150,"rathaus_vienna",1.0,1.0,.9,.7,.625,.62,.16,.16,.24,.32,.44,.56,.2759,.2759,.3789,.4392,.5164,.5885
151,"bath_abbey",1.0,1.0,.95,.9667,.95,.9,.16,.28,.4,.52,.52,.64,.2759,.4375,.563,.6762,.6721,.7481
152,"salisbury_cathedral",1.0,1.0,1.0,1.0,1.0,.96,.16,.24,.36,.44,.44,.52,.2759,.3871,.5294,.6111,.6111,.6746
153,"templo_de_debod",.4,.5,.35,.5667,.5,.54,.0455,.1818,.2273,.3636,.4091,.5,.0816,.2667,.2756,.443,.45,.5192
154,"Niagara_Falls",.8,.6,.7,.6,.675,.68,.1364,.2273,.3636,.4091,.5909,.6818,.233,.3297,.4786,.4865,.6302,.6809
155,"Golden_Gate_Bridge_in_San_Francisco",.8,.9,.9,.9333,.95,.94,.1364,.2273,.4091,.6364,.7273,.7727,.233,.3629,.5625,.7568,.8238,.8482
156,"Neuschwanstein_Castle",1.0,1.0,.95,.9333,.925,.92,.12,.32,.52,.52,.64,.64,.2143,.4848,.6721,.6679,.7565,.7549
157,"Christ_Church_Cathedral_Missouri",.8,.9,.95,.9667,.9,.76,.12,.28,.44,.52,.52,.52,.2087,.4271,.6014,.6762,.6592,.6175
158,"Mount_Rushmore_in_South_Dakota",.8,.9,.95,.9667,.9,.88,.16,.2,.36,.56,.6,.64,.2667,.3273,.5221,.7092,.72,.7411
159,"Puerta_de_Toledo",.2,.1,.05,.0333,.025,.02,.5,.5,.5,.5,.5,.5,.2857,.1667,.0909,.0625,.0476,.0385
160,"Urquhart_Castle",1.0,.8,.75,.8333,.8,.82,.1667,.2917,.5833,.6667,.7083,.75,.2857,.4275,.6562,.7407,.7514,.7834
161,"Gare_du_Nord_Paris",.8,.8,.85,.8333,.75,.7,.12,.24,.28,.36,.44,.48,.2087,.3692,.4212,.5028,.5546,.5695
162,"Newgrange_in_Ireland",.6,.7,.75,.6667,.675,.72,.125,.25,.2917,.375,.5,.5,.2069,.3684,.42,.48,.5745,.5902
163,"Windmills_at_Kinderdijk",1.0,1.0,.9,.8667,.825,.86,.16,.32,.48,.52,.56,.64,.2759,.4848,.6261,.65,.6671,.7339
164,"Conciergerie",1.0,1.0,1.0,1.0,.975,.94,.16,.24,.44,.64,.72,.72,.2759,.3871,.6111,.7805,.8283,.8154
165,"Palazzo_Madama",.8,.7,.7,.7,.6,.6,.1818,.2273,.3636,.4545,.4545,.6364,.2963,.3431,.4786,.5512,.5172,.6176
166,"Split_Rock_Lighthouse",1.0,1.0,.85,.8,.825,.82,.16,.2,.32,.4,.52,.56,.2759,.3333,.465,.5333,.6379,.6655
167,"The_Little_Mermaid_Denmark",.8,.9,.95,.8,.7,.56,.2143,.3571,.6429,.7143,.7143,.7143,.338,.5114,.7668,.7547,.7071,.6278
168,"Great_Pyramid_of_Giza",.4,.5,.55,.5333,.55,.56,.1333,.3333,.4667,.5333,.5333,.6667,.2,.4,.5049,.5333,.5415,.6087
169,"Pitti_Palace",.6,.7,.85,.7,.65,.58,.1364,.3182,.4091,.4545,.5,.5909,.2222,.4375,.5523,.5512,.5652,.5854
170,"Georgia_State_Capitol",.8,.9,.5,.3333,.25,.2,.1579,.2632,.2632,.2632,.2632,.2632,.2637,.4072,.3448,.2941,.2564,.2273
171,"Dome_des_Invalides",1.0,1.0,1.0,1.0,1.0,1.0,.16,.28,.44,.48,.68,.72,.2759,.4375,.6111,.6486,.8095,.8372
172,"Reggia_di_Caserta",.8,.5,.4,.5,.475,.56,.16,.2,.24,.44,.48,.64,.2667,.2857,.3,.4681,.4775,.5973
173,"The_Burj_al_Arab_Hotel",.6,.6,.8,.7667,.8,.84,.12,.2,.32,.4,.48,.56,.2,.3,.4571,.5257,.6,.672
174,"Elephanta_Caves",.8,.9,.95,.9333,.875,.84,.125,.2917,.4583,.5833,.625,.7083,.2162,.4406,.6183,.7179,.7292,.7686
175,"Basilica_of_Santa_Croce",1.0,1.0,1.0,1.0,1.0,1.0,.08,.16,.52,.6,.64,.68,.1481,.2759,.6842,.75,.7805,.8095
176,"Aachen_Cathedral",1.0,.9,.95,.9667,.975,.96,.16,.2,.44,.48,.64,.68,.2759,.3273,.6014,.6415,.7728,.7961
177,"Monument_to_the_Great_Fire_of_London",1.0,.7,.45,.5667,.6,.6,.2,.28,.32,.44,.6,.64,.3333,.4,.374,.4954,.6,.6194
178,"Longmen_Grottoes",.6,.8,.6,.6,.55,.58,.12,.28,.44,.6,.68,.76,.2,.4148,.5077,.6,.6081,.6579
179,"Louisiana_State_Capitol",.4,.4,.3,.3,.4,.44,.08,.12,.2,.24,.52,.64,.1333,.1846,.24,.2667,.4522,.5215
180,"The_Great_Sphinx_at_Giza",.8,.8,.8,.8333,.875,.9,.16,.2,.44,.56,.64,.72,.2667,.32,.5677,.6699,.7393,.8
181,"Teatro_Real_Madrid",1.0,1.0,.85,.6,.6,.62,.2174,.3478,.5217,.5652,.6957,.7391,.3571,.5161,.6466,.5821,.6443,.6743
182,"Palacio_de_la_Magdalena",.8,.9,.9,.7667,.725,.72,.16,.32,.4,.52,.6,.68,.2667,.4721,.5538,.6197,.6566,.6994
183,"Sowjetisches_Ehrenmal",.6,.5,.65,.7,.725,.7,.12,.2,.4,.56,.76,.84,.2,.2857,.4952,.6222,.7421,.7636
184,"Cathedral_of_Trier",1.0,1.0,1.0,.9333,.95,.92,.16,.28,.6,.72,.84,.88,.2759,.4375,.75,.8129,.8916,.8996
185,"Saint_Mary_of_the_Flower",.2,.1,.1,.1333,.325,.36,.04,.04,.08,.16,.32,.36,.0667,.0571,.0889,.1455,.3225,.36
186,"Skellig_Michael",.8,.8,.7,.6333,.625,.64,.16,.28,.44,.56,.6,.6,.2667,.4148,.5404,.5944,.6122,.6194
187,"Chicago_Board_of_Trade_Building",.8,.9,.9,.7333,.55,.58,.1818,.3182,.4091,.5,.5,.6364,.2963,.4701,.5625,.5946,.5238,.6069
188,"Pont_de_Normandie_France",1.0,1.0,.95,.9333,.9,.78,.2632,.4737,.5789,.6842,.8947,.8947,.4167,.6429,.7194,.7896,.8974,.8334
189,"Palazzo_Rosso",.0,.0,.05,.1,.125,.1,.0,.0,.0417,.125,.2083,.2083,.0,.0,.0455,.1111,.1562,.1351
190,"Piazza_Vittorio_Veneto",.8,.7,.35,.3333,.4,.38,.1875,.375,.375,.375,.625,.75,.3038,.4884,.3621,.3529,.4878,.5044
191,"Sforza_Castle",1.0,1.0,.95,.9667,.95,.94,.2,.28,.36,.48,.6,.64,.3333,.4375,.5221,.6415,.7355,.7615
192,"Torres_KIO",1.0,.9,.9,.9,.8,.78,.12,.24,.44,.52,.64,.72,.2143,.3789,.591,.6592,.7111,.7488
193,"Torre_Picasso",1.0,1.0,.75,.6,.675,.72,.125,.2917,.375,.375,.4167,.5417,.2222,.4516,.5,.4615,.5153,.6182
194,"The_Palace_of_Parliament_in_Bucharest",1.0,1.0,1.0,1.0,1.0,.92,.16,.2,.28,.48,.64,.68,.2759,.3333,.4375,.6486,.7805,.782
195,"Ernest_Hemingway_House",1.0,1.0,.95,.8333,.825,.84,.16,.2,.32,.44,.56,.68,.2759,.3333,.4787,.5759,.6671,.7516
196,"Castel_dellOvo_Napoli",.6,.8,.9,.8667,.85,.84,.12,.28,.48,.68,.8,.8,.2,.4148,.6261,.7621,.8242,.8195
197,"Villa_Borghese_gardens",1.0,1.0,1.0,1.0,.975,.98,.2,.28,.48,.56,.6,.68,.3333,.4375,.6486,.7179,.7429,.8029
198,"Saint_Marks_Basilica",1.0,1.0,1.0,1.0,1.0,.9,.16,.24,.24,.28,.4,.48,.2759,.3871,.3871,.4375,.5714,.6261
199,"Mausoleum_of_the_First_Qin_Emperor",.8,.9,.75,.8333,.825,.8,.16,.32,.44,.6,.6,.68,.2667,.4721,.5546,.6977,.6947,.7351
200,"Mausoleum_of_Hadrian",.8,.7,.85,.7667,.65,.52,.1111,.2222,.4444,.5556,.5556,.5556,.1951,.3373,.5837,.6443,.5991,.5372
201,"Piazza_de_Ferrari",1.0,1.0,1.0,.9667,.9,.9,.1579,.2632,.4211,.4737,.5789,.6316,.2727,.4167,.5926,.6358,.7046,.7423
202,"George_Washington_Carver",.4,.7,.65,.5667,.55,.58,.125,.1875,.4375,.5,.5625,.6875,.1905,.2958,.523,.5312,.5562,.6292
203,"Cathedral_of_Santiago_de_Compostela",1.0,1.0,.85,.8667,.85,.76,.1765,.3529,.6471,.7647,.7647,.8824,.3,.5217,.7348,.8125,.8051,.8166
204,"Saint-Jacques_Tower",1.0,1.0,.85,.8,.725,.72,.2308,.3077,.3846,.4615,.6154,.6923,.375,.4706,.5296,.5854,.6657,.7059
205,"Calakmul_Campeche_Mexico",1.0,1.0,.95,.8667,.8,.78,.2857,.4286,.6429,.7857,.8571,.9286,.4444,.6,.7668,.8242,.8276,.8478
206,"Bran_Castle_in_Transylvania",1.0,1.0,.9,.9,.8,.78,.2632,.3158,.3684,.4737,.6316,.7368,.4167,.48,.5228,.6207,.7059,.7578
207,"Mosteiro_da_Batalha",1.0,1.0,1.0,1.0,1.0,1.0,.2105,.3158,.5263,.6316,.7368,.7368,.3478,.48,.6897,.7742,.8485,.8485
208,"Wartburg_Castle",1.0,.9,.85,.9,.875,.84,.2,.35,.55,.75,.8,.85,.3333,.504,.6679,.8182,.8358,.845
209,"Fujian_Tulou_Fujian_China",1.0,1.0,1.0,1.0,1.0,.96,.1667,.2222,.5,.6111,.6111,.8889,.2857,.3636,.6667,.7586,.7586,.9231
210,"Alabama_State_Capitol",.4,.6,.75,.7667,.8,.76,.0952,.2857,.5238,.6667,.7619,.7619,.1538,.3871,.6168,.7132,.7805,.761
211,"Palazzo_dAccursio",.8,.9,.8,.7333,.65,.58,.1667,.2222,.2778,.4444,.5556,.6111,.2759,.3564,.4124,.5535,.5991,.5951
212,"Casa_Grande_Ruins",.6,.7,.8,.8,.775,.74,.1176,.2353,.2941,.4118,.4706,.4706,.1967,.3522,.4301,.5437,.5856,.5753
213,"Stravinsky_Fountain",1.0,1.0,1.0,.9667,.775,.8,.2667,.4,.5333,.5333,.5333,.5333,.4211,.5714,.6957,.6874,.6318,.64
214,"Angel_Falls_Venezuela",.4,.5,.45,.5333,.525,.48,.1176,.1176,.2941,.5882,.6471,.7059,.1818,.1905,.3557,.5594,.5797,.5714
215,"Statue_of_George_IV",.8,.6,.5,.5,.375,.3,.5,.5,.75,.875,.875,.875,.6154,.5455,.6,.6364,.525,.4468
216,"Palacio_Barolo",.6,.8,.9,.9333,.95,.94,.1765,.2941,.4118,.4118,.5294,.5882,.2727,.4301,.565,.5714,.6799,.7236
217,"Bridge_of_Remembrance_Christchurch_New_Zealand",.8,.9,.9,.7,.625,.5,.25,.4167,.8333,.9167,.9167,.9167,.381,.5696,.8654,.7938,.7432,.6471
218,"John_A._Roebling_Suspension_Bridge",.2,.3,.4,.5,.5,.52,.0667,.1333,.4,.5333,.6667,.8,.1,.1846,.4,.5161,.5714,.6303
219,"Blue_Dome_Santorini",1.0,.9,.95,.9667,.875,.86,.3125,.5,.625,.75,.8125,.8125,.4762,.6429,.754,.8447,.8426,.8356
220,"Fossar_de_les_Moreres",.6,.7,.55,.4,.3,.24,.2143,.4286,.5714,.5714,.5714,.5714,.3158,.5316,.5605,.4706,.3934,.338
221,"Luxor_Obelisk_France",1.0,.7,.7,.6667,.725,.74,.1875,.25,.3125,.375,.375,.4375,.3158,.3684,.4321,.48,.4943,.5499
222,"Valle_de_los_Caidos",1.0,.8,.9,.9,.875,.9,.25,.3,.4,.6,.65,.8,.4,.4364,.5538,.72,.7459,.8471
--------------------
"--","Avg.",P@5,P@10,P@20,P@30,P@40,P@50,CR@5,CR@10,CR@20,CR@30,CR@40,CR@50,F1@5,F1@10,F1@20,F1@30,F1@40,F1@50
,.,809,.8054,.7822,.7677,.7527,.7411,.1512,.2511,.3981,.5045,.585,.6538,.2494,.3754,.517,.5967,.645,.6801
