--------------------
"Run name","output_runCEDDSumSquaredError"
--------------------
"Average P@20 = ",.8065
"Average CR@20 = ",.3696
"Average F1@20 = ",.4947
--------------------
"Query Id ","Location name",P@5,P@10,P@20,P@30,P@40,P@50,CR@5,CR@10,CR@20,CR@30,CR@40,CR@50,F1@5,F1@10,F1@20,F1@30,F1@40,F1@50
1,"angel_of_the_north",1.0,1.0,1.0,1.0,1.0,1.0,.16,.28,.36,.48,.56,.6,.2759,.4375,.5294,.6486,.7179,.75
2,"big_ben",1.0,1.0,1.0,.9333,.925,.9,.2273,.3182,.3182,.4545,.5,.5455,.3704,.4828,.4828,.6114,.6491,.6792
3,"hearst_castle",1.0,1.0,.9,.9333,.925,.94,.2083,.3333,.5417,.7083,.75,.7917,.3448,.5,.6763,.8054,.8284,.8595
4,"la_madeleine",.0,.0,.15,.3333,.45,.44,.0,.0,.2143,.4286,.6429,.7143,.0,.0,.1765,.375,.5294,.5446
5,"pont_alexandre_iii",1.0,1.0,.95,.9667,.975,.98,.2,.32,.32,.36,.48,.68,.3333,.4848,.4787,.5246,.6433,.8029
6,"neues_museum",.0,.0,.0,.1,.25,.4,.0,.0,.0,.08,.24,.44,.0,.0,.0,.0889,.2449,.419
7,"montezuma_castle",1.0,.9,.65,.4333,.475,.56,.3333,.5,.5,.5,.5833,.75,.5,.6429,.5652,.4643,.5236,.6412
8,"cn_tower",.4,.3,.6,.6667,.625,.66,.0833,.125,.375,.5,.5417,.6667,.1379,.1765,.4615,.5714,.5804,.6633
9,"acropolis_athens",.8,.7,.85,.8667,.875,.84,.0952,.2381,.381,.5238,.5714,.5714,.1702,.3553,.5261,.653,.6914,.6802
10,"agra_fort",.8,.9,.85,.8667,.875,.88,.16,.24,.32,.48,.64,.72,.2667,.3789,.465,.6178,.7393,.792
11,"albert_memorial",.6,.8,.9,.9,.75,.7,.0909,.1818,.2727,.4545,.5,.5455,.1579,.2963,.4186,.604,.6,.6131
12,"altes_museum",1.0,1.0,.85,.6667,.5,.48,.1667,.25,.4167,.5,.5,.5833,.2857,.4,.5592,.5714,.5,.5266
13,"amiens_cathedral",1.0,1.0,.95,.9667,.95,.94,.16,.24,.6,.64,.72,.8,.2759,.3871,.7355,.7701,.8192,.8644
14,"angkor_wat",1.0,.9,.65,.6,.675,.74,.12,.2,.32,.4,.56,.56,.2143,.3273,.4289,.48,.6121,.6375
15,"ara_pacis",1.0,1.0,.75,.6,.65,.68,.2273,.3636,.4545,.5,.6364,.7273,.3704,.5333,.566,.5455,.6431,.7028
16,"arc_de_triomphe",1.0,1.0,.95,.9,.8,.78,.125,.1667,.375,.4583,.5833,.6667,.2222,.2857,.5377,.6074,.6747,.7189
17,"aztec_ruins",.0,.0,.0,.1,.325,.26,.0,.0,.0,.08,.32,.32,.0,.0,.0,.0889,.3225,.2869
18,"berlin_cathedral",1.0,1.0,.95,.9667,.95,.94,.2,.32,.48,.56,.6,.64,.3333,.4848,.6378,.7092,.7355,.7615
19,"bok_tower_gardens",1.0,.9,.75,.8,.85,.86,.2,.32,.48,.64,.68,.72,.3333,.4721,.5854,.7111,.7556,.7838
20,"brandenburg_gate",1.0,1.0,1.0,1.0,1.0,.96,.12,.24,.32,.4,.44,.48,.2143,.3871,.4848,.5714,.6111,.64
21,"cabrillo",.0,.0,.15,.1667,.15,.14,.0,.0,.2308,.3846,.3846,.4615,.0,.0,.1818,.2326,.2158,.2148
22,"casa_batllo",1.0,1.0,1.0,1.0,1.0,1.0,.2,.24,.36,.52,.76,.84,.3333,.3871,.5294,.6842,.8636,.913
23,"casa_rosada",.8,.7,.85,.9,.9,.92,.08,.12,.32,.48,.72,.8,.1455,.2049,.465,.6261,.8,.8558
24,"castillo_de_san_marcos",1.0,.9,.55,.5667,.65,.6,.16,.24,.28,.36,.48,.56,.2759,.3789,.3711,.4403,.5522,.5793
25,"chartres_cathedral",1.0,1.0,1.0,.9667,.975,.94,.12,.2,.44,.68,.72,.76,.2143,.3333,.6111,.7984,.8283,.8405
26,"chichen_itza",.8,.8,.75,.7667,.825,.86,.16,.2,.36,.52,.64,.72,.2667,.32,.4865,.6197,.7208,.7838
27,"christ_the_redeemer_rio",.4,.6,.7,.6,.55,.5,.087,.1739,.2609,.3043,.4348,.5217,.1429,.2697,.3801,.4038,.4857,.5106
28,"civic_center_san_francisco",.8,.7,.85,.8,.825,.78,.16,.28,.44,.48,.6,.6,.2667,.4,.5798,.6,.6947,.6783
29,"cologne_cathedral",1.0,1.0,1.0,.9667,.975,.96,.12,.24,.4,.44,.52,.6,.2143,.3871,.5714,.6047,.6783,.7385
30,"colosseum",1.0,1.0,1.0,1.0,1.0,.98,.12,.16,.4,.48,.6,.6,.2143,.2759,.5714,.6486,.75,.7443
31,"doge_s_palace",1.0,1.0,1.0,.8,.725,.78,.12,.2,.32,.44,.48,.48,.2143,.3333,.4848,.5677,.5776,.5943
32,"eiffel_tower",1.0,1.0,1.0,1.0,1.0,.98,.12,.2,.24,.36,.44,.56,.2143,.3333,.3871,.5294,.6111,.7127
33,"golden_gate_bridge",1.0,.8,.9,.9,.8,.8,.1739,.2174,.3478,.4783,.5217,.5217,.2963,.3419,.5017,.6246,.6316,.6316
34,"grand_palais",1.0,.9,.85,.8667,.9,.9,.0455,.1364,.3636,.4091,.5,.5455,.087,.2368,.5094,.5558,.6429,.6792
35,"guggenheim_museum_bilbao",1.0,1.0,1.0,1.0,.975,.98,.12,.2,.36,.48,.56,.64,.2143,.3333,.5294,.6486,.7114,.7743
36,"hagia_sophia_istanbul",1.0,1.0,1.0,1.0,.975,.96,.16,.2,.32,.52,.56,.64,.2759,.3333,.4848,.6842,.7114,.768
37,"hoover_dam",1.0,1.0,.95,.9667,.925,.92,.16,.2,.36,.48,.52,.56,.2759,.3333,.5221,.6415,.6657,.6962
38,"humayun_tomb",.8,.6,.55,.6667,.65,.72,.08,.16,.28,.48,.6,.64,.1455,.2526,.3711,.5581,.624,.6776
39,"iguazu_falls",.4,.7,.8,.8333,.875,.82,.04,.16,.36,.48,.6,.6,.0727,.2605,.4966,.6091,.7119,.693
40,"iolani_palace",1.0,1.0,1.0,.9,.85,.74,.12,.16,.4,.56,.64,.68,.2143,.2759,.5714,.6904,.7302,.7087
41,"la_mezquita",.6,.8,.85,.8333,.775,.7,.125,.2917,.4583,.5,.5417,.5833,.2069,.4275,.5955,.625,.6377,.6364
42,"la_rambla_barcelona",.8,.9,.95,.9667,.925,.92,.16,.24,.36,.48,.56,.56,.2667,.3789,.5221,.6415,.6976,.6962
43,"la_sainte_chapelle",1.0,.9,.95,.9333,.925,.94,.16,.28,.48,.56,.68,.68,.2759,.4271,.6378,.7,.7838,.7891
44,"liberty_memorial",.8,.6,.55,.6,.675,.64,.04,.12,.24,.36,.44,.44,.0762,.2,.3342,.45,.5327,.5215
45,"lincoln_home",1.0,.9,.95,.9333,.95,.94,.2778,.3333,.5,.6667,.7778,.8333,.4348,.4865,.6552,.7778,.8553,.8835
46,"machu_picchu",1.0,1.0,.7,.6667,.675,.68,.16,.28,.4,.44,.48,.6,.2759,.4375,.5091,.5301,.561,.6375
47,"marble_arch_london",.8,.7,.7,.6,.475,.38,.25,.4167,.5833,.6667,.75,.75,.381,.5224,.6364,.6316,.5816,.5044
48,"milan_cathedral",1.0,1.0,.95,.9333,.9,.9,.12,.28,.4,.48,.64,.76,.2143,.4375,.563,.634,.7481,.8241
49,"mole_antonelliana",1.0,1.0,.85,.9,.75,.7,.12,.2,.2,.36,.4,.48,.2143,.3333,.3238,.5143,.5217,.5695
50,"mont_saint_michel",1.0,1.0,1.0,1.0,.975,.98,.12,.2,.4,.44,.48,.6,.2143,.3333,.5714,.6111,.6433,.7443
51,"moulin_rouge",.0,.0,.0,.0,.0,.1,.0,.0,.0,.0,.0,.375,.0,.0,.0,.0,.0,.1579
52,"nelson_s_column",.8,.9,.95,.9667,.975,.98,.0417,.1667,.2917,.4583,.5417,.5833,.0792,.2812,.4463,.6218,.6964,.7313
53,"notre_dame_de_paris",.8,.9,.9,.9333,.9,.9,.16,.24,.4,.52,.64,.68,.2667,.3789,.5538,.6679,.7481,.7747
54,"obelisco",.4,.2,.1,.1,.1,.12,.0909,.0909,.0909,.1818,.2727,.3636,.1481,.125,.0952,.129,.1463,.1805
55,"piccadilly_circus",1.0,.9,.9,.8,.75,.76,.1304,.1739,.4348,.4783,.4783,.6087,.2308,.2915,.5863,.5986,.5841,.676
56,"place_de_la_concorde",1.0,1.0,1.0,.9667,.975,.98,.16,.24,.36,.36,.44,.6,.2759,.3871,.5294,.5246,.6064,.7443
57,"place_de_la_republique",.6,.4,.35,.3,.25,.22,.25,.25,.625,.75,.75,.75,.3529,.3077,.4487,.4286,.375,.3402
58,"place_des_vosges",1.0,.7,.75,.8333,.875,.9,.08,.12,.24,.4,.52,.68,.1481,.2049,.3636,.5405,.6523,.7747
59,"pont_du_gard",.8,.8,.9,.9,.925,.78,.12,.16,.36,.44,.6,.6,.2087,.2667,.5143,.591,.7279,.6783
60,"pont_neuf",1.0,1.0,.9,.8667,.875,.74,.12,.24,.4,.56,.64,.64,.2143,.3871,.5538,.6804,.7393,.6864
61,"ponte_vecchio",1.0,.9,.95,.9,.925,.86,.125,.1667,.3333,.4583,.5417,.5833,.2222,.2812,.4935,.6074,.6832,.6952
62,"puerta_de_alcala",.2,.2,.35,.4667,.55,.6,.0526,.1053,.3158,.3158,.4737,.6316,.0833,.1379,.332,.3767,.509,.6154
63,"puerta_del_sol",.8,.7,.7,.5333,.5,.4,.1,.2,.35,.35,.4,.4,.1778,.3111,.4667,.4226,.4444,.4
64,"red_fort",1.0,1.0,1.0,1.0,1.0,1.0,.16,.32,.4,.6,.72,.76,.2759,.4848,.5714,.75,.8372,.8636
65,"reims_cathedral",1.0,1.0,1.0,1.0,1.0,1.0,.16,.2,.4,.48,.52,.56,.2759,.3333,.5714,.6486,.6842,.7179
66,"rialto_bridge",1.0,1.0,.95,.7667,.75,.7,.125,.25,.4375,.4375,.6875,.6875,.2222,.4,.5991,.5571,.7174,.6937
67,"roman_forum_rome",.6,.7,.75,.7333,.725,.66,.12,.16,.32,.48,.52,.56,.2,.2605,.4486,.5802,.6056,.6059
68,"sacre_coeur",.2,.4,.55,.5667,.625,.62,.0417,.0833,.2083,.2917,.375,.4583,.069,.1379,.3022,.3851,.4688,.527
69,"sagrada_familia",1.0,.9,.95,.9333,.925,.92,.16,.28,.4,.48,.6,.6,.2759,.4271,.563,.634,.7279,.7263
70,"santa_maria_novella",.8,.5,.3,.5333,.625,.62,.12,.16,.2,.36,.44,.48,.2087,.2424,.24,.4299,.5164,.5411
71,"schonbrunn_palace",1.0,1.0,1.0,.9667,.975,.98,.12,.24,.48,.48,.52,.56,.2143,.3871,.6486,.6415,.6783,.7127
72,"seville_cathedral",.6,.7,.8,.8667,.875,.9,.12,.24,.4,.48,.56,.64,.2,.3574,.5333,.6178,.6829,.7481
73,"spanish_steps",1.0,.9,.85,.7333,.675,.62,.0909,.1818,.4091,.5,.5455,.5909,.1667,.3025,.5523,.5946,.6034,.6051
74,"st__basil_cathedral",1.0,1.0,.95,.8667,.825,.86,.16,.32,.48,.52,.56,.68,.2759,.4848,.6378,.65,.6671,.7595
75,"statue_of_liberty",1.0,1.0,.95,.9,.8,.8,.12,.16,.32,.44,.48,.56,.2143,.2759,.4787,.591,.6,.6588
76,"stonehenge",.8,.7,.7,.7,.625,.58,.1579,.2105,.3684,.4737,.5789,.5789,.2637,.3237,.4828,.565,.6011,.5795
77,"summer_palace_beijing",1.0,1.0,1.0,.9667,.975,.96,.12,.24,.36,.44,.56,.6,.2143,.3871,.5294,.6047,.7114,.7385
78,"sydney_opera_house",1.0,1.0,.95,.9667,.925,.9,.12,.24,.36,.52,.52,.6,.2143,.3871,.5221,.6762,.6657,.72
79,"teotihuacan",.8,.7,.65,.5667,.6,.6,.16,.2,.4,.44,.52,.64,.2667,.3111,.4952,.4954,.5571,.6194
80,"terracotta_army",.8,.9,.8,.5333,.4,.38,.2,.4,.5,.5,.5,.5,.32,.5538,.6154,.5161,.4444,.4318
81,"the_blue_mosque",.6,.8,.85,.8667,.9,.9,.08,.16,.28,.4,.52,.6,.1412,.2667,.4212,.5474,.6592,.72
82,"the_henry_ford",1.0,.9,.8,.8333,.75,.7,.12,.24,.32,.44,.52,.64,.2143,.3789,.4571,.5759,.6142,.6687
83,"taj_mahal",1.0,.9,.9,.8667,.9,.9,.16,.24,.36,.48,.52,.6,.2759,.3789,.5143,.6178,.6592,.72
84,"tour_montparnasse",.8,.7,.65,.6,.55,.46,.2,.3,.4,.45,.6,.6,.32,.42,.4952,.5143,.5739,.5208
85,"tower_bridge_london",1.0,1.0,.75,.6333,.65,.62,.16,.2,.36,.44,.52,.52,.2759,.3333,.4865,.5193,.5778,.5656
86,"trafalgar_square",.6,.4,.45,.4,.375,.46,.1364,.1818,.2727,.2727,.3182,.4545,.2222,.25,.3396,.3243,.3443,.4573
87,"leaning_tower_of_pisa",.6,.5,.5,.4,.45,.46,.12,.16,.28,.32,.4,.44,.2,.2424,.359,.3556,.4235,.4498
88,"hermitage_museum_saint_petersburg",1.0,1.0,.9,.7,.775,.82,.12,.24,.32,.36,.48,.6,.2143,.3871,.4721,.4755,.5928,.693
89,"jantar_mantar_jaipur",.6,.8,.75,.8333,.875,.88,.08,.28,.48,.56,.64,.76,.1412,.4148,.5854,.6699,.7393,.8156
90,"lake_titicaca_peru",.4,.5,.55,.5,.475,.48,.0417,.1667,.2917,.375,.5,.5417,.0755,.25,.3812,.4286,.4872,.509
91,"the_great_wall_of_china",.8,.9,.75,.8333,.85,.88,.12,.2,.36,.44,.52,.6,.2087,.3273,.4865,.5759,.6453,.7135
92,"grande_arche_paris",.8,.8,.7,.6333,.675,.66,.12,.2,.28,.36,.44,.6,.2087,.32,.4,.4591,.5327,.6286
93,"el_angel_mexico",1.0,1.0,.8,.7,.65,.64,.1905,.2857,.381,.5238,.619,.7143,.32,.4444,.5161,.5992,.6341,.6751
94,"bibliotheque_nationale_de_france",.4,.6,.75,.7667,.725,.7,.08,.12,.2,.32,.4,.48,.1333,.2,.3158,.4515,.5156,.5695
95,"kronborg_castle",.6,.5,.7,.7333,.65,.64,.125,.2083,.375,.5417,.5417,.5833,.2069,.2941,.4884,.6231,.5909,.6104
96,"ajanta_caves",.8,.7,.8,.8667,.9,.92,.1364,.2273,.4091,.5,.5909,.6364,.233,.3431,.5414,.6341,.7134,.7523
97,"atomium",.8,.9,.95,.9667,.975,.96,.1429,.381,.381,.4286,.4286,.4286,.2424,.5353,.5438,.5939,.5954,.5926
98,"ellora_caves",1.0,1.0,1.0,.9667,.95,.94,.1818,.2273,.3182,.4091,.5455,.5909,.3077,.3704,.4828,.5749,.693,.7257
99,"potala_palace",.8,.9,.9,.8333,.85,.84,.2222,.2222,.3889,.4444,.5556,.6667,.3478,.3564,.5431,.5797,.6719,.7434
100,"jokhang",.8,.7,.75,.8333,.825,.84,.12,.16,.32,.52,.56,.68,.2087,.2605,.4486,.6404,.6671,.7516
101,"rila_monastery",.4,.7,.75,.8333,.875,.9,.08,.2,.28,.4,.48,.48,.1333,.3111,.4078,.5405,.6199,.6261
102,"louvre_pyramid",1.0,1.0,1.0,.9333,.95,.92,.1111,.2222,.4444,.5556,.6111,.6667,.2,.3636,.6154,.6965,.7438,.7731
103,"brooklyn_bridge",1.0,1.0,.9,.9,.85,.84,.0952,.2857,.381,.4286,.5238,.5714,.1739,.4444,.5353,.5806,.6482,.6802
104,"tower_of_london",.6,.7,.7,.7333,.775,.8,.087,.1304,.2609,.3043,.5217,.6087,.1519,.2199,.3801,.4302,.6236,.6914
105,"british_museum_london",1.0,1.0,1.0,.9667,.975,.98,.15,.2,.25,.45,.5,.6,.2609,.3333,.4,.6141,.661,.7443
106,"buckingham_palace",.6,.7,.6,.4667,.45,.42,.15,.2,.2,.25,.35,.4,.24,.3111,.3,.3256,.3937,.4098
107,"charles_bridge_prague",1.0,1.0,.85,.7333,.7,.62,.0833,.2083,.2917,.2917,.375,.4583,.1538,.3448,.4343,.4173,.4884,.527
108,"champs_elysees_paris",.6,.6,.65,.6,.6,.66,.1333,.2,.2667,.4,.5333,.5333,.2182,.3,.3782,.48,.5647,.5899
109,"chrysler_building",1.0,1.0,1.0,1.0,.975,.98,.2143,.2857,.5,.5714,.7143,.8571,.3529,.4444,.6667,.7273,.8245,.9145
110,"moma_new_york",.6,.7,.85,.9,.925,.9,.1053,.1579,.2632,.4211,.5789,.5789,.1791,.2577,.4019,.5737,.7122,.7046
111,"grand_central_terminal",1.0,1.0,1.0,1.0,1.0,1.0,.1905,.2381,.2381,.2857,.4762,.5714,.32,.3846,.3846,.4444,.6452,.7273
112,"houses_of_parliament",1.0,1.0,1.0,1.0,1.0,.98,.1304,.2174,.3478,.4348,.5217,.5652,.2308,.3571,.5161,.6061,.6857,.7169
113,"alexanderplatz_berlin",.0,.0,.35,.5667,.6,.6,.0,.0,.16,.36,.4,.44,.0,.0,.2196,.4403,.48,.5077
114,"centre_pompidou",.8,.7,.7,.5667,.625,.64,.2222,.3333,.3889,.4444,.5556,.7222,.3478,.4516,.5,.4982,.5882,.6786
115,"sydney_harbour_bridge",1.0,1.0,1.0,1.0,1.0,1.0,.25,.375,.5,.5625,.6875,.6875,.4,.5455,.6667,.72,.8148,.8148
116,"pier_39",1.0,1.0,.95,.9667,.975,.94,.1905,.2381,.4286,.5714,.5714,.7143,.32,.3846,.5907,.7183,.7206,.8117
117,"coit_tower",.6,.8,.65,.5333,.5,.58,.1333,.2,.2667,.4,.4,.4667,.2182,.32,.3782,.4571,.4444,.5172
118,"st_paul_s_cathedral_london",1.0,1.0,1.0,1.0,.9,.86,.2353,.2941,.4706,.6471,.6471,.8235,.381,.4545,.64,.7857,.7529,.8414
119,"cloud_gate",.8,.7,.6,.6667,.575,.52,.1667,.25,.3333,.4167,.5,.5,.2759,.3684,.4286,.5128,.5349,.5098
120,"musee_d_orsay",1.0,1.0,.85,.8667,.9,.92,.0952,.1429,.2857,.4286,.5714,.619,.1739,.25,.4277,.5735,.699,.7401
121,"pike_place_market",1.0,.9,.9,.8667,.875,.86,.1905,.2381,.4286,.4762,.5238,.5238,.32,.3766,.5806,.6147,.6553,.6511
122,"royal_palace_madrid",.6,.8,.9,.8667,.775,.78,.1364,.2273,.4091,.4091,.4545,.5455,.2222,.354,.5625,.5558,.573,.642
123,"sony_center_berlin",.8,.9,.95,.9667,.925,.94,.1429,.1429,.381,.4762,.5238,.5238,.2424,.2466,.5438,.6381,.6689,.6727
124,"red_square_moscow",.8,.8,.7,.6333,.675,.7,.1429,.1905,.3333,.381,.4762,.619,.2424,.3077,.4516,.4757,.5584,.657
125,"prague_castle",1.0,1.0,.9,.9,.875,.86,.16,.32,.48,.56,.6,.6,.2759,.4848,.6261,.6904,.7119,.7068
126,"musee_du_louvre",1.0,.9,.95,.9667,.975,.98,.12,.24,.32,.48,.56,.68,.2143,.3789,.4787,.6415,.7114,.8029
127,"millennium_bridge_london",.6,.6,.7,.7667,.775,.78,.12,.24,.32,.4,.4,.52,.2,.3429,.4392,.5257,.5277,.624
128,"casa_mila",1.0,1.0,1.0,1.0,.95,.9,.2,.32,.36,.52,.6,.68,.3333,.4848,.5294,.6842,.7355,.7747
129,"national_gallery_london",1.0,1.0,.85,.5667,.625,.68,.1818,.2727,.4091,.4091,.5,.6364,.3077,.4286,.5523,.4752,.5556,.6575
130,"national_mall",1.0,1.0,1.0,.9667,.95,.92,.12,.28,.6,.64,.68,.76,.2143,.4375,.75,.7701,.7926,.8324
131,"london_city_hall",1.0,1.0,1.0,1.0,.95,.86,.2,.4,.55,.6,.6,.6,.3333,.5714,.7097,.75,.7355,.7068
132,"holocaust_memorial",.8,.9,.8,.6667,.65,.6,.1875,.375,.4375,.5,.625,.625,.3038,.5294,.5657,.5714,.6373,.6122
133,"columbus_circle",.6,.7,.8,.7333,.625,.58,.12,.24,.52,.68,.68,.68,.2,.3574,.6303,.7057,.6513,.626
134,"siegessaeule",1.0,1.0,1.0,1.0,.775,.68,.16,.2,.48,.64,.68,.72,.2759,.3333,.6486,.7805,.7244,.6994
135,"jardin_du_luxembourg",1.0,1.0,1.0,1.0,1.0,1.0,.12,.28,.44,.56,.68,.8,.2143,.4375,.6111,.7179,.8095,.8889
136,"merlion_singapore",.0,.2,.1,.1667,.2,.18,.0,.0909,.0909,.2273,.3182,.3636,.0,.125,.0952,.1923,.2456,.2408
137,"harrods_london",1.0,.9,.9,.9,.875,.78,.16,.28,.44,.52,.6,.6,.2759,.4271,.591,.6592,.7119,.6783
138,"metropolitan_museum_of_art_new_york",1.0,1.0,1.0,.9667,.925,.94,.12,.28,.36,.48,.48,.6,.2143,.4375,.5294,.6415,.632,.7325
139,"new_york_stock_exchange",.8,.9,.9,.9333,.75,.66,.2,.25,.4,.4,.4,.5,.32,.3913,.5538,.56,.5217,.569
140,"stephansdom_vienna",1.0,1.0,1.0,1.0,1.0,1.0,.12,.28,.48,.56,.6,.68,.2143,.4375,.6486,.7179,.75,.8095
141,"hms_belfast",1.0,1.0,1.0,.9667,.975,.94,.12,.16,.32,.4,.44,.56,.2143,.2759,.4848,.5659,.6064,.7019
142,"leicester_square",1.0,1.0,.9,.8,.8,.8,.12,.16,.24,.32,.44,.48,.2143,.2759,.3789,.4571,.5677,.6
143,"ciudad_de_las_artes_y_las_ciencias",1.0,.9,.9,.9,.925,.92,.16,.28,.36,.48,.6,.6,.2759,.4271,.5143,.6261,.7279,.7263
144,"topkapi_palace",1.0,1.0,.95,.9667,.975,.96,.2,.28,.44,.48,.56,.64,.3333,.4375,.6014,.6415,.7114,.768
145,"royal_albert_hall",1.0,1.0,.95,.7333,.775,.74,.12,.16,.4,.4,.44,.44,.2143,.2759,.563,.5176,.5613,.5519
146,"st_vitus_cathedral",.8,.9,.95,.9667,.975,.96,.16,.28,.32,.52,.52,.6,.2667,.4271,.4787,.6762,.6783,.7385
147,"castello_sforzesco",1.0,1.0,.9,.8667,.9,.9,.12,.24,.32,.4,.52,.52,.2143,.3871,.4721,.5474,.6592,.6592
148,"rijksmuseum_amsterdam",1.0,1.0,1.0,1.0,1.0,1.0,.12,.12,.16,.36,.44,.6,.2143,.2143,.2759,.5294,.6111,.75
149,"dam_square",1.0,.9,.65,.6,.6,.56,.16,.28,.28,.36,.48,.52,.2759,.4271,.3914,.45,.5333,.5393
150,"rathaus_vienna",1.0,1.0,1.0,.9,.85,.7,.16,.16,.16,.2,.32,.36,.2759,.2759,.2759,.3273,.465,.4755
151,"bath_abbey",1.0,1.0,.95,.9667,.975,.98,.2,.28,.4,.52,.6,.72,.3333,.4375,.563,.6762,.7429,.8301
152,"salisbury_cathedral",1.0,1.0,1.0,1.0,1.0,1.0,.16,.2,.28,.28,.48,.52,.2759,.3333,.4375,.4375,.6486,.6842
153,"templo_de_debod",.0,.3,.35,.2333,.325,.46,.0,.0909,.1818,.1818,.3182,.3182,.0,.1395,.2393,.2044,.3216,.3762
154,"Niagara_Falls",.4,.5,.6,.6,.625,.62,.0909,.1818,.3182,.4091,.5455,.6364,.1481,.2667,.4158,.4865,.5825,.6281
155,"Golden_Gate_Bridge_in_San_Francisco",1.0,1.0,.9,.9,.925,.94,.1818,.2273,.4091,.5,.5909,.6364,.3077,.3704,.5625,.6429,.7211,.7589
156,"Neuschwanstein_Castle",1.0,1.0,1.0,1.0,.975,.98,.12,.24,.44,.6,.68,.68,.2143,.3871,.6111,.75,.8012,.8029
157,"Christ_Church_Cathedral_Missouri",1.0,1.0,1.0,1.0,1.0,.98,.16,.36,.52,.56,.56,.6,.2759,.5294,.6842,.7179,.7179,.7443
158,"Mount_Rushmore_in_South_Dakota",.8,.9,.9,.9333,.95,.96,.12,.2,.28,.4,.56,.64,.2087,.3273,.4271,.56,.7046,.768
159,"Puerta_de_Toledo",.6,.3,.15,.1,.075,.06,1.0,1.0,1.0,1.0,1.0,1.0,.75,.4615,.2609,.1818,.1395,.1132
160,"Urquhart_Castle",1.0,.9,.85,.7667,.75,.78,.2083,.2917,.4167,.4167,.5,.6667,.3448,.4406,.5592,.5399,.6,.7189
161,"Gare_du_Nord_Paris",.8,.7,.7,.7667,.775,.78,.16,.24,.28,.32,.4,.44,.2667,.3574,.4,.4515,.5277,.5626
162,"Newgrange_in_Ireland",.8,.7,.7,.7333,.725,.66,.125,.2083,.375,.4167,.5,.5417,.2162,.3211,.4884,.5314,.5918,.595
163,"Windmills_at_Kinderdijk",1.0,1.0,.95,.8333,.85,.84,.16,.24,.36,.4,.52,.56,.2759,.3871,.5221,.5405,.6453,.672
164,"Conciergerie",.8,.9,.95,.9667,.975,.98,.08,.24,.44,.56,.72,.76,.1455,.3789,.6014,.7092,.8283,.8561
165,"Palazzo_Madama",1.0,1.0,.85,.8667,.75,.74,.2273,.4091,.5455,.5909,.5909,.6818,.3704,.5806,.6645,.7027,.661,.7097
166,"Split_Rock_Lighthouse",1.0,1.0,.95,.9667,.925,.92,.12,.2,.28,.4,.44,.56,.2143,.3333,.4325,.5659,.5963,.6962
167,"The_Little_Mermaid_Denmark",1.0,1.0,.95,.9333,.95,.92,.2857,.2857,.5,.7143,.8571,.9286,.4444,.4444,.6552,.8092,.9012,.9243
168,"Great_Pyramid_of_Giza",.6,.6,.65,.5667,.65,.66,.2,.2667,.5333,.6,.7333,.7333,.3,.3692,.5859,.5829,.6892,.6947
169,"Pitti_Palace",.8,.9,.8,.8333,.825,.8,.1364,.2727,.4091,.4545,.5,.5909,.233,.4186,.5414,.5882,.6226,.6797
170,"Georgia_State_Capitol",1.0,1.0,.8,.6,.45,.38,.2105,.2632,.2632,.2632,.2632,.2632,.3478,.4167,.396,.3659,.3321,.311
171,"Dome_des_Invalides",1.0,1.0,1.0,.9667,.975,.98,.16,.24,.4,.4,.44,.44,.2759,.3871,.5714,.5659,.6064,.6073
172,"Reggia_di_Caserta",1.0,.7,.55,.6,.475,.52,.16,.24,.36,.48,.52,.52,.2759,.3574,.4352,.5333,.4965,.52
173,"The_Burj_al_Arab_Hotel",.8,.7,.75,.8333,.875,.82,.12,.2,.4,.44,.48,.48,.2087,.3111,.5217,.5759,.6199,.6055
174,"Elephanta_Caves",1.0,1.0,1.0,1.0,.95,.92,.1667,.2917,.375,.5417,.5417,.6667,.2857,.4516,.5455,.7027,.6899,.7731
175,"Basilica_of_Santa_Croce",1.0,1.0,1.0,1.0,1.0,1.0,.12,.16,.2,.52,.64,.64,.2143,.2759,.3333,.6842,.7805,.7805
176,"Aachen_Cathedral",1.0,1.0,.95,.8667,.9,.92,.2,.24,.36,.44,.56,.56,.3333,.3871,.5221,.5837,.6904,.6962
177,"Monument_to_the_Great_Fire_of_London",1.0,.7,.6,.5,.425,.48,.2,.2,.28,.36,.4,.52,.3333,.3111,.3818,.4186,.4121,.4992
178,"Longmen_Grottoes",.8,.7,.6,.5333,.575,.56,.12,.24,.4,.48,.6,.68,.2087,.3574,.48,.5053,.5872,.6142
179,"Louisiana_State_Capitol",.2,.4,.25,.2,.2,.26,.04,.12,.16,.2,.24,.36,.0667,.1846,.1951,.2,.2182,.3019
180,"The_Great_Sphinx_at_Giza",1.0,1.0,.85,.8667,.85,.88,.12,.2,.28,.36,.56,.64,.2143,.3333,.4212,.5087,.6752,.7411
181,"Teatro_Real_Madrid",1.0,1.0,1.0,1.0,.825,.68,.1739,.3478,.5652,.7391,.7826,.7826,.2963,.5161,.7222,.85,.8032,.7277
182,"Palacio_de_la_Magdalena",.4,.7,.8,.8333,.825,.84,.08,.28,.4,.52,.64,.76,.1333,.4,.5333,.6404,.7208,.798
183,"Sowjetisches_Ehrenmal",.6,.4,.5,.6333,.675,.7,.12,.16,.28,.48,.6,.68,.2,.2286,.359,.5461,.6353,.6899
184,"Cathedral_of_Trier",1.0,1.0,1.0,1.0,.975,.88,.2,.28,.48,.6,.76,.84,.3333,.4375,.6486,.75,.8542,.8595
185,"Saint_Mary_of_the_Flower",.2,.1,.1,.1333,.15,.2,.04,.04,.04,.12,.2,.36,.0667,.0571,.0571,.1263,.1714,.2571
186,"Skellig_Michael",.4,.7,.75,.7,.675,.7,.08,.28,.48,.56,.64,.68,.1333,.4,.5854,.6222,.657,.6899
187,"Chicago_Board_of_Trade_Building",1.0,.9,.95,.9333,.775,.76,.1818,.2727,.4091,.5,.5909,.6364,.3077,.4186,.5719,.6512,.6705,.6927
188,"Pont_de_Normandie_France",1.0,1.0,1.0,1.0,.975,.96,.1579,.3684,.4737,.7368,.7895,.7895,.2727,.5385,.6429,.8485,.8725,.8664
189,"Palazzo_Rosso",.0,.0,.0,.0667,.075,.12,.0,.0,.0,.0833,.0833,.125,.0,.0,.0,.0741,.0789,.1224
190,"Piazza_Vittorio_Veneto",1.0,1.0,.75,.5333,.45,.44,.1875,.3125,.5,.5,.5,.625,.3158,.4762,.6,.5161,.4737,.5164
191,"Sforza_Castle",1.0,1.0,.95,.9333,.95,.96,.16,.32,.44,.56,.68,.72,.2759,.4848,.6014,.7,.7926,.8229
192,"Torres_KIO",1.0,1.0,.9,.9333,.925,.94,.16,.28,.4,.44,.52,.56,.2759,.4375,.5538,.5981,.6657,.7019
193,"Torre_Picasso",1.0,1.0,1.0,.9667,.775,.66,.1667,.2917,.5,.5833,.6667,.6667,.2857,.4516,.6667,.7276,.7168,.6633
194,"The_Palace_of_Parliament_in_Bucharest",1.0,.9,.95,.9667,.95,.96,.16,.2,.24,.24,.44,.64,.2759,.3273,.3832,.3845,.6014,.768
195,"Ernest_Hemingway_House",.8,.9,.85,.9,.825,.76,.16,.28,.44,.56,.6,.64,.2667,.4271,.5798,.6904,.6947,.6949
196,"Castel_dellOvo_Napoli",.8,.9,.85,.8667,.9,.92,.16,.28,.44,.56,.68,.76,.2667,.4271,.5798,.6804,.7747,.8324
197,"Villa_Borghese_gardens",1.0,1.0,1.0,1.0,1.0,1.0,.2,.28,.48,.68,.72,.84,.3333,.4375,.6486,.8095,.8372,.913
198,"Saint_Marks_Basilica",1.0,1.0,1.0,1.0,1.0,1.0,.12,.24,.4,.4,.4,.4,.2143,.3871,.5714,.5714,.5714,.5714
199,"Mausoleum_of_the_First_Qin_Emperor",.8,.9,.95,.8,.825,.8,.16,.32,.44,.48,.52,.6,.2667,.4721,.6014,.6,.6379,.6857
200,"Mausoleum_of_Hadrian",1.0,1.0,.9,.9,.875,.9,.1111,.2778,.4444,.5,.5556,.6111,.2,.4348,.595,.6429,.6796,.7279
201,"Piazza_de_Ferrari",1.0,1.0,1.0,.9667,.95,.94,.1579,.2632,.3684,.4737,.5263,.5263,.2727,.4167,.5385,.6358,.6774,.6748
202,"George_Washington_Carver",.6,.7,.7,.7,.625,.6,.125,.3125,.4375,.4375,.4375,.5,.2069,.4321,.5385,.5385,.5147,.5455
203,"Cathedral_of_Santiago_de_Compostela",.8,.9,.95,.9333,.85,.84,.1765,.2941,.4118,.6471,.7647,.8235,.2892,.4433,.5745,.7643,.8051,.8317
204,"Saint-Jacques_Tower",.8,.9,.8,.7,.75,.78,.2308,.3077,.3077,.3077,.5385,.6923,.3582,.4586,.4444,.4275,.6269,.7335
205,"Calakmul_Campeche_Mexico",1.0,1.0,.9,.9,.9,.88,.2143,.2857,.3571,.5,.6429,.7143,.3529,.4444,.5114,.6429,.75,.7885
206,"Bran_Castle_in_Transylvania",1.0,.9,.9,.8667,.875,.9,.1579,.2632,.3684,.4211,.5263,.6316,.2727,.4072,.5228,.5668,.6573,.7423
207,"Mosteiro_da_Batalha",1.0,1.0,1.0,1.0,1.0,1.0,.2632,.3158,.5789,.6316,.6316,.6842,.4167,.48,.7333,.7742,.7742,.8125
208,"Wartburg_Castle",1.0,1.0,.95,.9333,.9,.92,.15,.3,.5,.6,.65,.75,.2609,.4615,.6552,.7304,.7548,.8263
209,"Fujian_Tulou_Fujian_China",1.0,1.0,1.0,1.0,1.0,1.0,.1667,.3333,.3889,.5556,.6667,.7222,.2857,.5,.56,.7143,.8,.8387
210,"Alabama_State_Capitol",.6,.4,.6,.6667,.75,.76,.1429,.1905,.5238,.6667,.7619,.8095,.2308,.2581,.5593,.6667,.7559,.784
211,"Palazzo_dAccursio",1.0,1.0,.95,.9333,.875,.82,.1667,.2222,.3333,.3889,.4444,.6111,.2857,.3636,.4935,.549,.5895,.7003
212,"Casa_Grande_Ruins",.8,.8,.85,.8333,.85,.86,.2353,.2941,.4118,.4706,.4706,.5294,.3636,.4301,.5548,.6015,.6058,.6554
213,"Stravinsky_Fountain",1.0,1.0,1.0,1.0,1.0,.94,.1333,.2667,.4,.5333,.6,.6,.2353,.4211,.5714,.6957,.75,.7325
214,"Angel_Falls_Venezuela",.8,.8,.6,.5667,.525,.56,.1765,.3529,.4118,.5882,.5882,.6471,.2892,.4898,.4884,.5772,.5548,.6004
215,"Statue_of_George_IV",1.0,.9,.6,.6,.525,.48,.5,.5,.5,.75,.75,.875,.6667,.6429,.5455,.6667,.6176,.6199
216,"Palacio_Barolo",.8,.7,.8,.8667,.9,.92,.2353,.2353,.4118,.4706,.5882,.5882,.3636,.3522,.5437,.61,.7115,.7176
217,"Bridge_of_Remembrance_Christchurch_New_Zealand",1.0,1.0,1.0,1.0,.925,.8,.3333,.3333,.75,.9167,1.0,1.0,.5,.5,.8571,.9565,.961,.8889
218,"John_A._Roebling_Suspension_Bridge",.4,.2,.3,.4,.45,.46,.1333,.1333,.2667,.5333,.7333,.8,.2,.16,.2824,.4571,.5577,.5841
219,"Blue_Dome_Santorini",1.0,.9,.9,.9333,.95,.96,.3125,.375,.5,.5625,.6875,.75,.4762,.5294,.6429,.7019,.7977,.8421
220,"Fossar_de_les_Moreres",.8,.8,.65,.6333,.525,.46,.2143,.2857,.5714,.6429,.7143,.7143,.338,.4211,.6082,.6381,.6052,.5596
221,"Luxor_Obelisk_France",.8,.9,.9,.7333,.75,.74,.1875,.3125,.375,.375,.375,.375,.3038,.4639,.5294,.4962,.5,.4978
222,"Valle_de_los_Caidos",.8,.9,.85,.9,.9,.9,.15,.35,.45,.5,.65,.65,.2526,.504,.5885,.6429,.7548,.7548
--------------------
"--","Avg.",P@5,P@10,P@20,P@30,P@40,P@50,CR@5,CR@10,CR@20,CR@30,CR@40,CR@50,F1@5,F1@10,F1@20,F1@30,F1@40,F1@50
,.,8297,.8252,.8065,.7904,.7794,.7695,.1485,.2366,.3696,.4653,.5474,.6106,.2451,.3593,.4947,.5723,.6291,.6656
