--------------------
"Run name","output_runJACKARDDunnIndex"
--------------------
"Average P@20 = ",.7331
"Average CR@20 = ",.4166
"Average F1@20 = ",.5203
--------------------
"Query Id ","Location name",P@5,P@10,P@20,P@30,P@40,P@50,CR@5,CR@10,CR@20,CR@30,CR@40,CR@50,F1@5,F1@10,F1@20,F1@30,F1@40,F1@50
1,"angel_of_the_north",1.0,1.0,.95,.9667,.925,.94,.16,.24,.48,.6,.68,.68,.2759,.3871,.6378,.7404,.7838,.7891
2,"big_ben",.4,.7,.7,.7667,.75,.76,.0909,.2727,.3636,.5,.5455,.6818,.1481,.3925,.4786,.6053,.6316,.7188
3,"hearst_castle",1.0,1.0,.95,.9667,.925,.94,.2083,.2917,.5,.625,.6667,.8333,.3448,.4516,.6552,.7592,.7749,.8835
4,"la_madeleine",.4,.3,.2,.2667,.275,.28,.1429,.1429,.1429,.2857,.5,.5714,.2105,.1935,.1667,.2759,.3548,.3758
5,"pont_alexandre_iii",.8,.9,.9,.9333,.875,.84,.16,.24,.44,.56,.76,.84,.2667,.3789,.591,.7,.8135,.84
6,"neues_museum",.4,.5,.6,.6333,.625,.62,.08,.2,.36,.56,.64,.76,.1333,.2857,.45,.5944,.6324,.6829
7,"montezuma_castle",.6,.8,.75,.7667,.775,.78,.1667,.4167,.6667,.75,.8333,.8333,.2609,.5479,.7059,.7582,.8031,.8058
8,"cn_tower",1.0,1.0,.85,.8333,.725,.62,.2083,.2917,.375,.5,.5833,.5833,.3448,.4516,.5204,.625,.6465,.6011
9,"acropolis_athens",.8,.7,.6,.6667,.675,.64,.1905,.2857,.4286,.5238,.5714,.619,.3077,.4058,.5,.5867,.6189,.6293
10,"agra_fort",1.0,.8,.8,.8333,.85,.84,.2,.28,.44,.56,.72,.72,.3333,.4148,.5677,.6699,.7796,.7754
11,"albert_memorial",.4,.4,.5,.5333,.55,.62,.0909,.1818,.3182,.3636,.4091,.4545,.1481,.25,.3889,.4324,.4692,.5245
12,"altes_museum",.8,.8,.8,.8333,.825,.8,.1667,.3333,.5,.5833,.625,.625,.2759,.4706,.6154,.6863,.7112,.7018
13,"amiens_cathedral",1.0,1.0,.9,.9,.925,.94,.2,.32,.48,.56,.6,.76,.3333,.4848,.6261,.6904,.7279,.8405
14,"angkor_wat",.8,.8,.8,.7333,.775,.76,.12,.28,.4,.52,.6,.72,.2087,.4148,.5333,.6085,.6764,.7395
15,"ara_pacis",.4,.5,.55,.5667,.6,.62,.0909,.2273,.4545,.5455,.5909,.6364,.1481,.3125,.4977,.5559,.5954,.6281
16,"arc_de_triomphe",.8,.7,.6,.5667,.6,.58,.125,.1667,.3333,.375,.5,.5417,.2162,.2692,.4286,.4513,.5455,.5602
17,"aztec_ruins",.2,.2,.4,.4,.4,.4,.04,.04,.24,.36,.44,.44,.0667,.0667,.3,.3789,.419,.419
18,"berlin_cathedral",1.0,1.0,.9,.9333,.95,.96,.16,.32,.48,.56,.68,.76,.2759,.4848,.6261,.7,.7926,.8484
19,"bok_tower_gardens",.8,.9,.9,.9,.9,.9,.16,.36,.48,.56,.72,.8,.2667,.5143,.6261,.6904,.8,.8471
20,"brandenburg_gate",1.0,.9,.95,.9,.9,.9,.2,.32,.48,.52,.64,.64,.3333,.4721,.6378,.6592,.7481,.7481
21,"cabrillo",.0,.0,.2,.2,.175,.22,.0,.0,.2308,.3846,.4615,.6154,.0,.0,.2143,.2632,.2538,.3241
22,"casa_batllo",1.0,1.0,1.0,1.0,1.0,1.0,.2,.4,.52,.6,.68,.76,.3333,.5714,.6842,.75,.8095,.8636
23,"casa_rosada",1.0,1.0,.95,.9333,.9,.88,.2,.24,.48,.56,.64,.68,.3333,.3871,.6378,.7,.7481,.7672
24,"castillo_de_san_marcos",.8,.8,.75,.7333,.7,.74,.16,.28,.48,.56,.6,.72,.2667,.4148,.5854,.6351,.6462,.7299
25,"chartres_cathedral",1.0,.9,.95,.8667,.9,.92,.2,.24,.4,.44,.64,.72,.3333,.3789,.563,.5837,.7481,.8078
26,"chichen_itza",1.0,.9,.85,.8333,.825,.82,.2,.36,.44,.52,.6,.68,.3333,.5143,.5798,.6404,.6947,.7435
27,"christ_the_redeemer_rio",.4,.3,.35,.4,.375,.4,.0435,.0435,.1739,.2174,.2609,.3043,.0784,.0759,.2324,.2817,.3077,.3457
28,"civic_center_san_francisco",.2,.5,.5,.5,.525,.52,.04,.12,.28,.36,.48,.56,.0667,.1935,.359,.4186,.5015,.5393
29,"cologne_cathedral",1.0,.9,.85,.8667,.9,.9,.16,.28,.44,.6,.64,.68,.2759,.4271,.5798,.7091,.7481,.7747
30,"colosseum",1.0,.9,.9,.9,.875,.86,.16,.24,.32,.52,.56,.64,.2759,.3789,.4721,.6592,.6829,.7339
31,"doge_s_palace",.8,.8,.75,.7667,.775,.8,.08,.16,.32,.44,.48,.56,.1455,.2667,.4486,.5591,.5928,.6588
32,"eiffel_tower",1.0,1.0,.8,.8,.8,.78,.16,.28,.44,.52,.6,.68,.2759,.4375,.5677,.6303,.6857,.7266
33,"golden_gate_bridge",1.0,.9,.85,.8333,.825,.86,.2174,.3043,.4348,.5652,.6087,.6087,.3571,.4549,.5753,.6736,.7005,.7128
34,"grand_palais",1.0,1.0,.95,.9667,.95,.94,.2273,.3636,.5909,.7273,.7273,.8182,.3704,.5333,.7286,.8301,.8238,.8749
35,"guggenheim_museum_bilbao",1.0,.9,.85,.8,.85,.86,.12,.24,.4,.44,.56,.64,.2143,.3789,.544,.5677,.6752,.7339
36,"hagia_sophia_istanbul",1.0,1.0,1.0,1.0,1.0,.98,.16,.28,.52,.6,.68,.68,.2759,.4375,.6842,.75,.8095,.8029
37,"hoover_dam",1.0,1.0,.95,.9667,.95,.94,.2,.32,.52,.64,.72,.8,.3333,.4848,.6721,.7701,.8192,.8644
38,"humayun_tomb",.4,.6,.8,.8,.825,.82,.08,.2,.4,.48,.64,.68,.1333,.3,.5333,.6,.7208,.7435
39,"iguazu_falls",.8,.8,.8,.7333,.775,.8,.16,.32,.44,.48,.6,.68,.2667,.4571,.5677,.5802,.6764,.7351
40,"iolani_palace",.8,.8,.7,.6333,.625,.64,.16,.32,.52,.56,.68,.68,.2667,.4571,.5967,.5944,.6513,.6594
41,"la_mezquita",.6,.3,.3,.2333,.25,.3,.125,.125,.25,.2917,.375,.4583,.2069,.1765,.2727,.2593,.3,.3626
42,"la_rambla_barcelona",.8,.8,.8,.8,.8,.8,.16,.24,.4,.52,.6,.68,.2667,.3692,.5333,.6303,.6857,.7351
43,"la_sainte_chapelle",1.0,1.0,1.0,.9333,.95,.96,.2,.36,.52,.6,.68,.8,.3333,.5294,.6842,.7304,.7926,.8727
44,"liberty_memorial",.6,.8,.85,.8333,.8,.8,.12,.24,.4,.48,.52,.64,.2,.3692,.544,.6091,.6303,.7111
45,"lincoln_home",.2,.3,.2,.2,.25,.24,.0556,.1667,.2222,.3333,.3889,.4444,.087,.2143,.2105,.25,.3043,.3117
46,"machu_picchu",1.0,1.0,.95,.9667,.975,.96,.2,.28,.52,.64,.72,.8,.3333,.4375,.6721,.7701,.8283,.8727
47,"marble_arch_london",.4,.4,.4,.4,.35,.3,.1667,.3333,.5,.75,.75,.75,.2353,.3636,.4444,.5217,.4773,.4286
48,"milan_cathedral",1.0,.9,.9,.9,.9,.9,.16,.24,.44,.52,.6,.64,.2759,.3789,.591,.6592,.72,.7481
49,"mole_antonelliana",.6,.7,.75,.7333,.75,.72,.12,.24,.44,.56,.6,.68,.2,.3574,.5546,.6351,.6667,.6994
50,"mont_saint_michel",1.0,1.0,.9,.9,.925,.94,.16,.32,.52,.6,.68,.76,.2759,.4848,.6592,.72,.7838,.8405
51,"moulin_rouge",.0,.2,.15,.2,.2,.22,.0,.25,.375,.625,.75,.75,.0,.2222,.2143,.303,.3158,.3402
52,"nelson_s_column",1.0,.8,.9,.9333,.9,.92,.125,.1667,.3333,.4583,.5,.625,.2222,.2759,.4865,.6148,.6429,.7443
53,"notre_dame_de_paris",1.0,1.0,.9,.8667,.85,.86,.16,.28,.44,.48,.56,.68,.2759,.4375,.591,.6178,.6752,.7595
54,"obelisco",.4,.2,.15,.1333,.15,.18,.1818,.1818,.1818,.2727,.3636,.4545,.25,.1905,.1644,.1791,.2124,.2579
55,"piccadilly_circus",1.0,.9,.8,.7333,.75,.7,.2174,.3478,.4348,.5652,.6087,.6957,.3571,.5017,.5634,.6384,.672,.6978
56,"place_de_la_concorde",1.0,1.0,1.0,1.0,1.0,1.0,.12,.32,.44,.56,.6,.68,.2143,.4848,.6111,.7179,.75,.8095
57,"place_de_la_republique",.2,.2,.2,.1667,.2,.2,.125,.25,.375,.375,.5,.5,.1538,.2222,.2609,.2308,.2857,.2857
58,"place_des_vosges",1.0,.9,.9,.8667,.825,.86,.2,.36,.48,.56,.56,.64,.3333,.5143,.6261,.6804,.6671,.7339
59,"pont_du_gard",.8,.7,.55,.6667,.65,.64,.12,.24,.32,.36,.4,.44,.2087,.3574,.4046,.4675,.4952,.5215
60,"pont_neuf",.8,.7,.75,.7,.65,.6,.16,.2,.48,.52,.6,.68,.2667,.3111,.5854,.5967,.624,.6375
61,"ponte_vecchio",.6,.8,.75,.6667,.7,.72,.0833,.25,.4583,.5,.5833,.625,.1463,.381,.569,.5714,.6364,.6691
62,"puerta_de_alcala",.4,.5,.5,.4667,.5,.52,.1053,.2632,.3684,.3684,.5789,.6842,.1667,.3448,.4242,.4118,.5366,.5909
63,"puerta_del_sol",.4,.5,.7,.6,.625,.64,.1,.25,.55,.6,.8,.8,.16,.3333,.616,.6,.7018,.7111
64,"red_fort",1.0,1.0,1.0,1.0,.975,.98,.2,.36,.52,.6,.64,.64,.3333,.5294,.6842,.75,.7728,.7743
65,"reims_cathedral",1.0,1.0,1.0,.9667,.975,.92,.2,.32,.48,.56,.56,.6,.3333,.4848,.6486,.7092,.7114,.7263
66,"rialto_bridge",.6,.8,.5,.4667,.5,.5,.1875,.4375,.5,.625,.75,.8125,.2857,.5657,.5,.5344,.6,.619
67,"roman_forum_rome",.8,.8,.85,.9,.9,.9,.16,.24,.4,.48,.52,.52,.2667,.3692,.544,.6261,.6592,.6592
68,"sacre_coeur",.6,.6,.5,.5,.45,.5,.0833,.1667,.2917,.375,.375,.4583,.1463,.2609,.3684,.4286,.4091,.4783
69,"sagrada_familia",1.0,1.0,.9,.9333,.9,.9,.2,.36,.44,.56,.6,.64,.3333,.5294,.591,.7,.72,.7481
70,"santa_maria_novella",.6,.6,.65,.6667,.65,.66,.12,.2,.44,.48,.52,.6,.2,.3,.5248,.5581,.5778,.6286
71,"schonbrunn_palace",1.0,1.0,1.0,1.0,.975,.94,.16,.24,.36,.6,.64,.72,.2759,.3871,.5294,.75,.7728,.8154
72,"seville_cathedral",.8,.9,.95,.9667,.95,.94,.12,.24,.44,.56,.72,.72,.2087,.3789,.6014,.7092,.8192,.8154
73,"spanish_steps",.8,.8,.55,.6333,.65,.66,.1818,.2727,.3636,.4545,.5,.6364,.2963,.4068,.4378,.5292,.5652,.648
74,"st__basil_cathedral",1.0,.9,.85,.8333,.8,.78,.16,.32,.48,.56,.6,.68,.2759,.4721,.6135,.6699,.6857,.7266
75,"statue_of_liberty",1.0,1.0,.75,.8,.775,.8,.16,.32,.4,.48,.56,.68,.2759,.4848,.5217,.6,.6502,.7351
76,"stonehenge",.6,.8,.85,.8,.725,.72,.1053,.2105,.4211,.4211,.4211,.4211,.1791,.3333,.5631,.5517,.5327,.5314
77,"summer_palace_beijing",.8,.8,.9,.8667,.825,.8,.12,.24,.4,.56,.6,.72,.2087,.3692,.5538,.6804,.6947,.7579
78,"sydney_opera_house",.8,.6,.8,.7667,.775,.78,.12,.16,.36,.48,.56,.6,.2087,.2526,.4966,.5904,.6502,.6783
79,"teotihuacan",1.0,1.0,.85,.8333,.775,.76,.16,.32,.4,.52,.56,.6,.2759,.4848,.544,.6404,.6502,.6706
80,"terracotta_army",.8,.7,.55,.5667,.525,.52,.2,.3,.4,.4,.5,.65,.32,.42,.4632,.469,.5122,.5778
81,"the_blue_mosque",1.0,1.0,.95,.9333,.9,.9,.2,.32,.52,.52,.6,.6,.3333,.4848,.6721,.6679,.72,.72
82,"the_henry_ford",.8,.8,.7,.7,.675,.7,.12,.24,.4,.52,.6,.68,.2087,.3692,.5091,.5967,.6353,.6899
83,"taj_mahal",1.0,1.0,.95,.9,.875,.88,.2,.4,.6,.68,.8,.84,.3333,.5714,.7355,.7747,.8358,.8595
84,"tour_montparnasse",.6,.4,.4,.4,.425,.44,.15,.2,.35,.4,.55,.65,.24,.2667,.3733,.4,.4795,.5248
85,"tower_bridge_london",.6,.7,.65,.7,.65,.7,.12,.24,.32,.48,.48,.56,.2,.3574,.4289,.5695,.5522,.6222
86,"trafalgar_square",.6,.6,.5,.5,.55,.56,.1364,.2273,.3182,.4091,.4545,.5,.2222,.3297,.3889,.45,.4977,.5283
87,"leaning_tower_of_pisa",.4,.5,.5,.5333,.475,.48,.08,.2,.32,.4,.4,.48,.1333,.2857,.3902,.4571,.4343,.48
88,"hermitage_museum_saint_petersburg",1.0,1.0,1.0,1.0,.95,.88,.12,.16,.32,.48,.6,.64,.2143,.2759,.4848,.6486,.7355,.7411
89,"jantar_mantar_jaipur",1.0,1.0,.95,.9333,.9,.9,.16,.32,.48,.56,.6,.64,.2759,.4848,.6378,.7,.72,.7481
90,"lake_titicaca_peru",.8,.7,.65,.6,.575,.56,.1667,.2917,.4167,.4583,.5417,.5417,.2759,.4118,.5078,.5197,.5578,.5507
91,"the_great_wall_of_china",.8,.9,.7,.7667,.8,.82,.16,.36,.48,.52,.6,.64,.2667,.5143,.5695,.6197,.6857,.7189
92,"grande_arche_paris",.2,.5,.55,.6,.6,.66,.04,.2,.24,.4,.44,.52,.0667,.2857,.3342,.48,.5077,.5817
93,"el_angel_mexico",1.0,1.0,.8,.7667,.625,.62,.1905,.2381,.381,.5714,.619,.6667,.32,.3846,.5161,.6548,.622,.6425
94,"bibliotheque_nationale_de_france",.8,.5,.45,.5333,.65,.68,.12,.12,.12,.2,.28,.4,.2087,.1935,.1895,.2909,.3914,.5037
95,"kronborg_castle",.6,.8,.9,.8667,.875,.88,.0833,.25,.4583,.5417,.5833,.625,.1463,.381,.6074,.6667,.7,.7309
96,"ajanta_caves",1.0,1.0,.95,.9667,.925,.92,.2273,.4091,.7273,.7273,.8182,.8636,.3704,.5806,.8238,.8301,.8683,.8909
97,"atomium",1.0,.9,.9,.8667,.85,.86,.0952,.1905,.381,.5238,.619,.6667,.1739,.3144,.5353,.653,.7164,.7511
98,"ellora_caves",.8,.9,.95,.9667,.975,.98,.1364,.2273,.3636,.4091,.4545,.5455,.233,.3629,.526,.5749,.62,.7008
99,"potala_palace",1.0,1.0,.9,.7667,.775,.74,.2222,.3889,.5556,.6111,.6111,.6111,.3636,.56,.687,.6801,.6834,.6694
100,"jokhang",1.0,.7,.7,.8,.775,.8,.16,.24,.4,.6,.72,.72,.2759,.3574,.5091,.6857,.7465,.7579
101,"rila_monastery",.8,.8,.75,.7667,.8,.78,.12,.24,.36,.36,.44,.48,.2087,.3692,.4865,.4899,.5677,.5943
102,"louvre_pyramid",1.0,.9,.85,.8333,.85,.88,.2222,.2778,.4444,.5556,.6111,.6667,.3636,.4245,.5837,.6667,.711,.7586
103,"brooklyn_bridge",.8,.8,.85,.8667,.775,.8,.1429,.2857,.381,.5238,.5714,.7143,.2424,.4211,.5261,.653,.6578,.7547
104,"tower_of_london",.6,.6,.6,.5,.525,.54,.1304,.2174,.3478,.3913,.4783,.6087,.2143,.3191,.4404,.439,.5005,.5723
105,"british_museum_london",1.0,1.0,1.0,.9333,.95,.96,.2,.35,.45,.45,.5,.5,.3333,.5185,.6207,.6072,.6552,.6575
106,"buckingham_palace",.2,.4,.45,.4,.4,.38,.05,.2,.25,.25,.3,.35,.08,.2667,.3214,.3077,.3429,.3644
107,"charles_bridge_prague",.6,.7,.7,.7,.675,.72,.125,.2083,.2917,.4583,.5417,.5417,.2069,.3211,.4118,.554,.601,.6182
108,"champs_elysees_paris",.6,.6,.6,.5333,.5,.5,.2,.2667,.6,.6,.6,.6,.3,.3692,.6,.5647,.5455,.5455
109,"chrysler_building",1.0,1.0,.9,.9,.875,.88,.2143,.2857,.4286,.5714,.5714,.6429,.3529,.4444,.5806,.699,.6914,.743
110,"moma_new_york",.8,.9,.85,.8333,.825,.8,.2105,.3158,.3684,.4211,.4737,.5789,.3333,.4675,.514,.5594,.6018,.6718
111,"grand_central_terminal",1.0,.8,.9,.9333,.925,.94,.1429,.2381,.4286,.5238,.619,.7143,.25,.367,.5806,.671,.7417,.8117
112,"houses_of_parliament",.8,.7,.8,.8,.75,.76,.1304,.2609,.3478,.3913,.3913,.4348,.2243,.3801,.4848,.5255,.5143,.5531
113,"alexanderplatz_berlin",.8,.8,.75,.7667,.775,.74,.16,.24,.36,.44,.48,.48,.2667,.3692,.4865,.5591,.5928,.5823
114,"centre_pompidou",.6,.5,.5,.5667,.575,.56,.1111,.2222,.2778,.3889,.3889,.3889,.1875,.3077,.3571,.4612,.464,.459
115,"sydney_harbour_bridge",1.0,1.0,.9,.8667,.875,.88,.1875,.375,.5625,.6875,.75,.8125,.3158,.5455,.6923,.7668,.8077,.8449
116,"pier_39",.6,.8,.7,.7333,.775,.78,.1429,.381,.4762,.5238,.7143,.7143,.2308,.5161,.5668,.6111,.7434,.7457
117,"coit_tower",.2,.4,.6,.5667,.55,.54,.0667,.2,.3333,.6,.6,.6667,.1,.2667,.4286,.5829,.5739,.5967
118,"st_paul_s_cathedral_london",.8,.7,.65,.6667,.65,.62,.2353,.3529,.4118,.5294,.5882,.5882,.3636,.4693,.5042,.5902,.6176,.6037
119,"cloud_gate",.6,.7,.8,.8333,.8,.82,.1667,.25,.5,.6667,.75,.75,.2609,.3684,.6154,.7407,.7742,.7834
120,"musee_d_orsay",1.0,1.0,.95,.9333,.925,.94,.1429,.2381,.381,.5238,.5714,.6667,.25,.3846,.5438,.671,.7064,.7801
121,"pike_place_market",.8,.8,.8,.8,.7,.74,.1905,.381,.619,.619,.6667,.6667,.3077,.5161,.698,.698,.6829,.7014
122,"royal_palace_madrid",1.0,.8,.7,.7,.7,.7,.2273,.3182,.4545,.5455,.5909,.5909,.3704,.4553,.5512,.6131,.6408,.6408
123,"sony_center_berlin",.8,.9,.85,.9,.85,.88,.1429,.1905,.381,.5238,.5238,.619,.2424,.3144,.5261,.6622,.6482,.7268
124,"red_square_moscow",.6,.6,.65,.6667,.725,.72,.1429,.1905,.2857,.3333,.5714,.7143,.2308,.2892,.3969,.4444,.6391,.7171
125,"prague_castle",.8,.8,.9,.9333,.925,.9,.16,.28,.52,.56,.68,.72,.2667,.4148,.6592,.7,.7838,.8
126,"musee_du_louvre",1.0,.9,.95,.9667,.975,.98,.16,.28,.44,.6,.64,.64,.2759,.4271,.6014,.7404,.7728,.7743
127,"millennium_bridge_london",1.0,1.0,.9,.8,.75,.68,.16,.36,.48,.48,.6,.6,.2759,.5294,.6261,.6,.6667,.6375
128,"casa_mila",1.0,1.0,1.0,.9667,.975,.96,.2,.36,.48,.56,.72,.8,.3333,.5294,.6486,.7092,.8283,.8727
129,"national_gallery_london",.6,.6,.6,.6,.6,.64,.1364,.2727,.4545,.5455,.5909,.5909,.2222,.375,.5172,.5714,.5954,.6145
130,"national_mall",.8,.7,.8,.7333,.775,.76,.16,.28,.52,.64,.76,.8,.2667,.4,.6303,.6835,.7674,.7795
131,"london_city_hall",.4,.5,.5,.6,.575,.6,.1,.2,.4,.7,.7,.75,.16,.2857,.4444,.6462,.6314,.6667
132,"holocaust_memorial",.6,.5,.35,.4,.4,.42,.1875,.25,.25,.375,.4375,.4375,.2857,.3333,.2917,.3871,.4179,.4286
133,"columbus_circle",1.0,.7,.65,.6333,.575,.58,.2,.28,.48,.52,.6,.68,.3333,.4,.5522,.5711,.5872,.626
134,"siegessaeule",.6,.6,.7,.6333,.6,.6,.12,.2,.36,.44,.56,.68,.2,.3,.4755,.5193,.5793,.6375
135,"jardin_du_luxembourg",.8,.9,.9,.9333,.95,.94,.12,.24,.48,.64,.76,.8,.2087,.3789,.6261,.7593,.8444,.8644
136,"merlion_singapore",.4,.5,.5,.5667,.55,.52,.0909,.1818,.3636,.5,.5909,.6818,.1481,.2667,.4211,.5312,.5697,.59
137,"harrods_london",.8,.6,.65,.6667,.7,.7,.16,.24,.4,.52,.56,.6,.2667,.3429,.4952,.5843,.6222,.6462
138,"metropolitan_museum_of_art_new_york",.8,.8,.9,.9333,.85,.84,.16,.28,.48,.56,.64,.64,.2667,.4148,.6261,.7,.7302,.7265
139,"new_york_stock_exchange",1.0,.8,.5,.5667,.525,.52,.25,.35,.4,.5,.55,.65,.4,.487,.4444,.5312,.5372,.5778
140,"stephansdom_vienna",1.0,.9,.9,.9,.875,.86,.2,.24,.36,.4,.48,.56,.3333,.3789,.5143,.5538,.6199,.6783
141,"hms_belfast",1.0,1.0,.9,.9,.875,.88,.16,.28,.4,.48,.52,.6,.2759,.4375,.5538,.6261,.6523,.7135
142,"leicester_square",1.0,.8,.8,.7667,.75,.76,.16,.28,.44,.52,.52,.52,.2759,.4148,.5677,.6197,.6142,.6175
143,"ciudad_de_las_artes_y_las_ciencias",1.0,1.0,1.0,.9667,.975,.98,.12,.32,.52,.6,.64,.68,.2143,.4848,.6842,.7404,.7728,.8029
144,"topkapi_palace",1.0,1.0,.95,.9667,.95,.94,.2,.28,.44,.52,.68,.76,.3333,.4375,.6014,.6762,.7926,.8405
145,"royal_albert_hall",.8,.7,.65,.6333,.675,.68,.16,.28,.44,.44,.44,.56,.2667,.4,.5248,.5193,.5327,.6142
146,"st_vitus_cathedral",.8,.9,.85,.8667,.9,.92,.16,.28,.4,.6,.64,.68,.2667,.4271,.544,.7091,.7481,.782
147,"castello_sforzesco",.8,.9,.9,.9333,.925,.94,.16,.32,.56,.68,.72,.8,.2667,.4721,.6904,.7868,.8097,.8644
148,"rijksmuseum_amsterdam",1.0,1.0,1.0,1.0,1.0,1.0,.2,.36,.52,.56,.64,.64,.3333,.5294,.6842,.7179,.7805,.7805
149,"dam_square",.6,.4,.5,.5667,.55,.6,.12,.16,.36,.48,.52,.64,.2,.2286,.4186,.5197,.5346,.6194
150,"rathaus_vienna",.6,.5,.7,.6333,.625,.62,.12,.2,.48,.52,.6,.6,.2,.2857,.5695,.5711,.6122,.6098
151,"bath_abbey",1.0,.8,.9,.8667,.875,.88,.16,.2,.32,.52,.6,.72,.2759,.32,.4721,.65,.7119,.792
152,"salisbury_cathedral",.8,.9,.95,.9667,.975,.98,.16,.32,.48,.6,.72,.72,.2667,.4721,.6378,.7404,.8283,.8301
153,"templo_de_debod",.2,.3,.3,.3333,.375,.36,.0455,.1364,.2273,.2727,.3636,.4091,.0741,.1875,.2586,.3,.3692,.383
154,"Niagara_Falls",.8,.6,.5,.5333,.55,.52,.1364,.1364,.2273,.3636,.4545,.5455,.233,.2222,.3125,.4324,.4977,.5324
155,"Golden_Gate_Bridge_in_San_Francisco",1.0,1.0,.95,.9667,.95,.96,.1818,.3636,.5909,.8182,.8636,.8636,.3077,.5333,.7286,.8862,.9048,.9093
156,"Neuschwanstein_Castle",1.0,1.0,.95,.9667,.975,.96,.2,.32,.4,.48,.64,.64,.3333,.4848,.563,.6415,.7728,.768
157,"Christ_Church_Cathedral_Missouri",.8,.9,.85,.8667,.9,.9,.12,.28,.48,.52,.52,.64,.2087,.4271,.6135,.65,.6592,.7481
158,"Mount_Rushmore_in_South_Dakota",.8,.8,.85,.9,.9,.88,.16,.28,.44,.6,.6,.64,.2667,.4148,.5798,.72,.72,.7411
159,"Puerta_de_Toledo",.2,.1,.1,.1,.075,.06,.5,.5,1.0,1.0,1.0,1.0,.2857,.1667,.1818,.1818,.1395,.1132
160,"Urquhart_Castle",1.0,.9,.9,.9333,.925,.94,.1667,.25,.4167,.5,.5833,.7083,.2857,.3913,.5696,.6512,.7155,.8079
161,"Gare_du_Nord_Paris",.8,.9,.8,.8,.8,.78,.16,.32,.44,.64,.68,.72,.2667,.4721,.5677,.7111,.7351,.7488
162,"Newgrange_in_Ireland",.2,.3,.5,.6,.625,.7,.0417,.0833,.25,.375,.5,.625,.069,.1304,.3333,.4615,.5556,.6604
163,"Windmills_at_Kinderdijk",.8,.7,.8,.8,.825,.84,.16,.28,.4,.56,.6,.64,.2667,.4,.5333,.6588,.6947,.7265
164,"Conciergerie",1.0,1.0,.95,.9667,.975,.98,.16,.32,.48,.64,.72,.8,.2759,.4848,.6378,.7701,.8283,.8809
165,"Palazzo_Madama",.6,.5,.5,.4333,.45,.44,.1364,.2273,.4091,.4545,.5909,.6364,.2222,.3125,.45,.4437,.5109,.5203
166,"Split_Rock_Lighthouse",1.0,.8,.9,.8667,.85,.84,.12,.2,.32,.4,.44,.52,.2143,.32,.4721,.5474,.5798,.6424
167,"The_Little_Mermaid_Denmark",.6,.7,.7,.7667,.725,.72,.2143,.5,.7143,.7143,.8571,.9286,.3158,.5833,.7071,.7395,.7856,.8111
168,"Great_Pyramid_of_Giza",.8,.6,.7,.7,.7,.72,.2,.2667,.5333,.6667,.6667,.7333,.32,.3692,.6054,.6829,.6829,.7266
169,"Pitti_Palace",.4,.7,.75,.8,.775,.76,.0909,.1364,.2273,.3636,.4545,.5,.1481,.2283,.3488,.5,.573,.6032
170,"Georgia_State_Capitol",.8,.9,.85,.7667,.7,.58,.2105,.2632,.3158,.3158,.3684,.3684,.3333,.4072,.4605,.4473,.4828,.4506
171,"Dome_des_Invalides",1.0,1.0,1.0,1.0,1.0,1.0,.2,.36,.48,.6,.6,.64,.3333,.5294,.6486,.75,.75,.7805
172,"Reggia_di_Caserta",1.0,.9,.85,.9,.9,.92,.2,.32,.48,.6,.68,.68,.3333,.4721,.6135,.72,.7747,.782
173,"The_Burj_al_Arab_Hotel",.6,.7,.7,.7333,.75,.76,.12,.2,.32,.48,.52,.56,.2,.3111,.4392,.5802,.6142,.6448
174,"Elephanta_Caves",.6,.8,.65,.6333,.65,.66,.125,.2917,.4167,.4167,.4583,.5,.2069,.4275,.5078,.5026,.5376,.569
175,"Basilica_of_Santa_Croce",1.0,.9,.95,.9667,.95,.96,.2,.36,.56,.64,.76,.76,.3333,.5143,.7046,.7701,.8444,.8484
176,"Aachen_Cathedral",1.0,1.0,.9,.8333,.875,.88,.2,.4,.52,.56,.64,.76,.3333,.5714,.6592,.6699,.7393,.8156
177,"Monument_to_the_Great_Fire_of_London",.6,.8,.75,.7667,.775,.74,.08,.28,.44,.68,.72,.76,.1412,.4148,.5546,.7207,.7465,.7499
178,"Longmen_Grottoes",.0,.4,.4,.4333,.5,.54,.0,.16,.32,.36,.52,.64,.0,.2286,.3556,.3933,.5098,.5858
179,"Louisiana_State_Capitol",.8,.7,.5,.5333,.525,.52,.16,.28,.32,.48,.6,.64,.2667,.4,.3902,.5053,.56,.5738
180,"The_Great_Sphinx_at_Giza",.6,.7,.8,.8333,.825,.86,.12,.24,.44,.52,.64,.68,.2,.3574,.5677,.6404,.7208,.7595
181,"Teatro_Real_Madrid",.8,.8,.75,.7333,.75,.78,.1739,.2609,.3043,.3913,.4783,.6522,.2857,.3934,.433,.5103,.5841,.7104
182,"Palacio_de_la_Magdalena",.8,.7,.55,.5333,.525,.54,.16,.28,.36,.52,.6,.68,.2667,.4,.4352,.5266,.56,.602
183,"Sowjetisches_Ehrenmal",.2,.4,.35,.3,.325,.36,.04,.16,.28,.28,.36,.44,.0667,.2286,.3111,.2897,.3416,.396
184,"Cathedral_of_Trier",.8,.7,.75,.8,.8,.78,.16,.28,.48,.6,.64,.8,.2667,.4,.5854,.6857,.7111,.7899
185,"Saint_Mary_of_the_Flower",.8,.4,.35,.2667,.275,.26,.16,.16,.16,.16,.2,.2,.2667,.2286,.2196,.2,.2316,.2261
186,"Skellig_Michael",1.0,.9,.8,.8,.8,.82,.2,.32,.4,.48,.52,.6,.3333,.4721,.5333,.6,.6303,.693
187,"Chicago_Board_of_Trade_Building",.8,.9,.85,.8,.8,.78,.1818,.3636,.5,.5909,.5909,.6364,.2963,.518,.6296,.6797,.6797,.7009
188,"Pont_de_Normandie_France",.6,.5,.55,.5667,.6,.6,.1579,.2105,.3684,.5263,.5789,.6842,.25,.2963,.4413,.5457,.5893,.6393
189,"Palazzo_Rosso",.0,.0,.0,.0,.0,.0,.0,.0,.0,.0,.0,.0,.0,.0,.0,.0,.0,.0
190,"Piazza_Vittorio_Veneto",.4,.3,.4,.4667,.425,.4,.125,.125,.3125,.5,.5,.5625,.1905,.1765,.3509,.4828,.4595,.4675
191,"Sforza_Castle",1.0,1.0,.9,.9333,.95,.96,.12,.32,.36,.48,.6,.64,.2143,.4848,.5143,.634,.7355,.768
192,"Torres_KIO",.4,.6,.7,.7,.7,.72,.08,.16,.32,.44,.44,.48,.1333,.2526,.4392,.5404,.5404,.576
193,"Torre_Picasso",.8,.8,.75,.7333,.75,.72,.1667,.25,.4583,.5417,.5833,.5833,.2759,.381,.569,.6231,.6562,.6445
194,"The_Palace_of_Parliament_in_Bucharest",.8,.8,.75,.8,.825,.84,.16,.2,.28,.4,.48,.56,.2667,.32,.4078,.5333,.6069,.672
195,"Ernest_Hemingway_House",1.0,.9,.65,.6667,.675,.68,.08,.16,.28,.36,.48,.6,.1481,.2717,.3914,.4675,.561,.6375
196,"Castel_dellOvo_Napoli",.4,.7,.75,.7667,.775,.78,.08,.28,.44,.56,.64,.72,.1333,.4,.5546,.6472,.7011,.7488
197,"Villa_Borghese_gardens",1.0,.9,.9,.9333,.925,.94,.2,.28,.4,.52,.64,.72,.3333,.4271,.5538,.6679,.7565,.8154
198,"Saint_Marks_Basilica",.6,.8,.85,.8,.775,.78,.12,.24,.36,.48,.64,.8,.2,.3692,.5058,.6,.7011,.7899
199,"Mausoleum_of_the_First_Qin_Emperor",1.0,.9,.9,.9,.875,.88,.2,.28,.48,.6,.6,.64,.3333,.4271,.6261,.72,.7119,.7411
200,"Mausoleum_of_Hadrian",.6,.6,.7,.6,.625,.62,.1667,.2778,.5556,.6111,.6111,.6667,.2609,.3797,.6195,.6055,.618,.6425
201,"Piazza_de_Ferrari",1.0,1.0,.9,.9,.925,.9,.1579,.3158,.4211,.4211,.5263,.5263,.2727,.48,.5737,.5737,.6709,.6642
202,"George_Washington_Carver",.4,.3,.35,.3667,.325,.34,.125,.1875,.3125,.4375,.4375,.4375,.1905,.2308,.3302,.399,.373,.3826
203,"Cathedral_of_Santiago_de_Compostela",.8,.7,.65,.6667,.65,.66,.1176,.2941,.5294,.5882,.6471,.7059,.2051,.4142,.5835,.625,.6485,.6822
204,"Saint-Jacques_Tower",1.0,.9,.6,.6,.575,.62,.1538,.3846,.4615,.6154,.6923,.8462,.2667,.5389,.5217,.6076,.6282,.7156
205,"Calakmul_Campeche_Mexico",.8,.8,.6,.6333,.65,.68,.2857,.4286,.5,.7857,.8571,.9286,.4211,.5581,.5455,.7013,.7393,.7851
206,"Bran_Castle_in_Transylvania",1.0,.9,.8,.8,.825,.86,.1579,.2632,.4211,.5263,.6316,.6316,.2727,.4072,.5517,.6349,.7154,.7283
207,"Mosteiro_da_Batalha",1.0,1.0,1.0,1.0,1.0,1.0,.1579,.3158,.4737,.6842,.6842,.7895,.2727,.48,.6429,.8125,.8125,.8824
208,"Wartburg_Castle",1.0,.9,.95,.9333,.925,.88,.2,.25,.5,.6,.7,.7,.3333,.3913,.6552,.7304,.7969,.7797
209,"Fujian_Tulou_Fujian_China",.8,.8,.9,.8333,.85,.82,.1667,.2222,.5,.6111,.6667,.7778,.2759,.3478,.6429,.7051,.7473,.7983
210,"Alabama_State_Capitol",.6,.5,.45,.4667,.45,.48,.1429,.1905,.2381,.381,.381,.5714,.2308,.2759,.3114,.4195,.4126,.5217
211,"Palazzo_dAccursio",.2,.5,.6,.5333,.525,.5,.0556,.2222,.3889,.5,.5556,.6111,.087,.3077,.4719,.5161,.5398,.55
212,"Casa_Grande_Ruins",.8,.9,.7,.6667,.675,.68,.1176,.3529,.4118,.4706,.5294,.5294,.2051,.507,.5185,.5517,.5934,.5953
213,"Stravinsky_Fountain",1.0,.8,.85,.8,.75,.78,.2667,.3333,.4,.4667,.5333,.5333,.4211,.4706,.544,.5895,.6234,.6335
214,"Angel_Falls_Venezuela",.4,.5,.4,.4333,.45,.5,.0588,.2353,.2941,.3529,.4706,.5882,.1026,.32,.339,.389,.4601,.5405
215,"Statue_of_George_IV",.6,.5,.45,.4,.475,.44,.25,.5,.5,.5,.75,.875,.3529,.5,.4737,.4444,.5816,.5856
216,"Palacio_Barolo",1.0,.9,.9,.9,.9,.84,.2353,.4706,.5882,.7647,.8824,.8824,.381,.618,.7115,.8269,.8911,.8607
217,"Bridge_of_Remembrance_Christchurch_New_Zealand",.2,.3,.6,.5,.475,.46,.0833,.25,.4167,.5833,.5833,.6667,.1176,.2727,.4918,.5385,.5236,.5444
218,"John_A._Roebling_Suspension_Bridge",.0,.2,.35,.3667,.375,.46,.0,.1333,.4667,.6,.6667,.8,.0,.16,.4,.4552,.48,.5841
219,"Blue_Dome_Santorini",.6,.8,.8,.8333,.85,.84,.1875,.375,.5,.6875,.8125,.8125,.2857,.5106,.6154,.7534,.8308,.826
220,"Fossar_de_les_Moreres",.4,.7,.7,.6667,.65,.66,.1429,.4286,.6429,.6429,.7143,.7143,.2105,.5316,.6702,.6545,.6806,.6861
221,"Luxor_Obelisk_France",1.0,1.0,.75,.7333,.775,.74,.1875,.3125,.3125,.375,.4375,.5625,.3158,.4762,.4412,.4962,.5593,.6392
222,"Valle_de_los_Caidos",1.0,.9,.85,.9,.925,.94,.25,.35,.55,.6,.75,.8,.4,.504,.6679,.72,.8284,.8644
--------------------
"--","Avg.",P@5,P@10,P@20,P@30,P@40,P@50,CR@5,CR@10,CR@20,CR@30,CR@40,CR@50,F1@5,F1@10,F1@20,F1@30,F1@40,F1@50
,.,7532,.7505,.7331,.7324,.7284,.73,.1508,.267,.4166,.5139,.5857,.6451,.2471,.3865,.5203,.5918,.636,.6714
