--------------------
"Run name","output_runACCDtrs"
--------------------
"Average P@20 = ",.7788
"Average CR@20 = ",.4221
"Average F1@20 = ",.5355
--------------------
"Query Id ","Location name",P@5,P@10,P@20,P@30,P@40,P@50,CR@5,CR@10,CR@20,CR@30,CR@40,CR@50,F1@5,F1@10,F1@20,F1@30,F1@40,F1@50
1,"angel_of_the_north",1.0,1.0,1.0,1.0,1.0,1.0,.16,.24,.48,.56,.64,.68,.2759,.3871,.6486,.7179,.7805,.8095
2,"big_ben",.8,.9,.8,.8333,.8,.7,.1818,.3636,.4091,.5,.5455,.5909,.2963,.518,.5414,.625,.6486,.6408
3,"hearst_castle",1.0,1.0,1.0,.9333,.95,.96,.1667,.2917,.5833,.75,.8333,.875,.2857,.4516,.7368,.8317,.8879,.9155
4,"la_madeleine",.4,.5,.35,.3333,.35,.38,.1429,.2857,.2857,.2857,.4286,.7143,.2105,.3636,.3146,.3077,.3853,.4961
5,"pont_alexandre_iii",1.0,1.0,1.0,1.0,.975,.96,.2,.32,.36,.64,.72,.76,.3333,.4848,.5294,.7805,.8283,.8484
6,"neues_museum",.0,.2,.4,.5,.525,.52,.0,.08,.32,.48,.48,.52,.0,.1143,.3556,.4898,.5015,.52
7,"montezuma_castle",.4,.6,.7,.6667,.65,.64,.1667,.3333,.5833,.5833,.5833,.75,.2353,.4286,.6364,.6222,.6149,.6906
8,"cn_tower",.8,.9,.75,.8,.75,.7,.125,.25,.375,.625,.7083,.7083,.2162,.3913,.5,.7018,.7286,.7041
9,"acropolis_athens",.8,.8,.9,.9,.875,.86,.1429,.2381,.4286,.4762,.5238,.5238,.2424,.367,.5806,.6228,.6553,.6511
10,"agra_fort",1.0,.8,.9,.9333,.925,.92,.16,.28,.52,.68,.72,.84,.2759,.4148,.6592,.7868,.8097,.8782
11,"albert_memorial",.6,.5,.7,.7,.775,.78,.0455,.0909,.2727,.3636,.5,.5455,.0845,.1538,.3925,.4786,.6078,.642
12,"altes_museum",.6,.7,.75,.6333,.65,.68,.125,.2917,.4583,.5833,.625,.6667,.2069,.4118,.569,.6073,.6373,.6733
13,"amiens_cathedral",1.0,1.0,1.0,1.0,1.0,1.0,.16,.36,.44,.56,.76,.76,.2759,.5294,.6111,.7179,.8636,.8636
14,"angkor_wat",.8,.7,.7,.7667,.8,.8,.16,.2,.4,.64,.72,.84,.2667,.3111,.5091,.6976,.7579,.8195
15,"ara_pacis",.6,.5,.65,.7,.65,.7,.1364,.2273,.4545,.6364,.7273,.7273,.2222,.3125,.535,.6667,.6865,.7134
16,"arc_de_triomphe",.8,.8,.9,.8333,.75,.74,.125,.2917,.4583,.5,.5833,.625,.2162,.4275,.6074,.625,.6562,.6777
17,"aztec_ruins",.2,.3,.15,.2333,.275,.26,.04,.12,.12,.28,.36,.36,.0667,.1714,.1333,.2545,.3118,.3019
18,"berlin_cathedral",1.0,1.0,.95,.9333,.9,.92,.2,.36,.52,.6,.72,.8,.3333,.5294,.6721,.7304,.8,.8558
19,"bok_tower_gardens",.8,.9,.9,.9333,.9,.92,.16,.32,.52,.56,.64,.72,.2667,.4721,.6592,.7,.7481,.8078
20,"brandenburg_gate",1.0,1.0,.9,.9333,.95,.94,.16,.32,.44,.64,.68,.68,.2759,.4848,.591,.7593,.7926,.7891
21,"cabrillo",.4,.3,.2,.1333,.1,.1,.1538,.2308,.3077,.3077,.3077,.3077,.2222,.2609,.2424,.186,.1509,.1509
22,"casa_batllo",1.0,1.0,1.0,1.0,1.0,.98,.16,.28,.44,.64,.72,.8,.2759,.4375,.6111,.7805,.8372,.8809
23,"casa_rosada",1.0,1.0,.9,.9,.875,.86,.2,.32,.48,.68,.72,.8,.3333,.4848,.6261,.7747,.79,.8289
24,"castillo_de_san_marcos",.8,.7,.75,.7333,.725,.76,.16,.28,.44,.52,.56,.64,.2667,.4,.5546,.6085,.6319,.6949
25,"chartres_cathedral",1.0,1.0,1.0,1.0,.975,.96,.16,.28,.48,.64,.68,.76,.2759,.4375,.6486,.7805,.8012,.8484
26,"chichen_itza",.8,.7,.8,.8667,.825,.82,.16,.2,.44,.6,.64,.72,.2667,.3111,.5677,.7091,.7208,.7668
27,"christ_the_redeemer_rio",.8,.7,.7,.6333,.675,.64,.1304,.2174,.3478,.4783,.6522,.6522,.2243,.3318,.4647,.545,.6634,.646
28,"civic_center_san_francisco",1.0,.8,.65,.5667,.525,.54,.16,.24,.32,.36,.4,.44,.2759,.3692,.4289,.4403,.4541,.4849
29,"cologne_cathedral",1.0,1.0,.95,.9333,.925,.94,.16,.36,.52,.6,.72,.8,.2759,.5294,.6721,.7304,.8097,.8644
30,"colosseum",1.0,1.0,1.0,.9667,.9,.92,.2,.36,.52,.56,.6,.68,.3333,.5294,.6842,.7092,.72,.782
31,"doge_s_palace",.8,.9,.85,.8333,.775,.8,.16,.2,.4,.48,.48,.52,.2667,.3273,.544,.6091,.5928,.6303
32,"eiffel_tower",1.0,1.0,1.0,1.0,.975,.94,.2,.2,.4,.52,.52,.56,.3333,.3333,.5714,.6842,.6783,.7019
33,"golden_gate_bridge",.8,.7,.6,.7333,.725,.72,.087,.2174,.3478,.4348,.4783,.5217,.1569,.3318,.4404,.5459,.5763,.605
34,"grand_palais",1.0,1.0,.95,.9667,.95,.96,.1818,.2727,.4545,.5455,.6364,.7727,.3077,.4286,.6149,.6974,.7622,.8562
35,"guggenheim_museum_bilbao",1.0,1.0,.95,.9667,.975,.96,.2,.32,.48,.52,.64,.68,.3333,.4848,.6378,.6762,.7728,.7961
36,"hagia_sophia_istanbul",1.0,1.0,.95,.9667,.95,.94,.16,.28,.4,.56,.6,.72,.2759,.4375,.563,.7092,.7355,.8154
37,"hoover_dam",1.0,1.0,.95,.9333,.9,.92,.16,.24,.4,.52,.64,.68,.2759,.3871,.563,.6679,.7481,.782
38,"humayun_tomb",.6,.5,.75,.7667,.775,.8,.08,.16,.48,.6,.76,.76,.1412,.2424,.5854,.6732,.7674,.7795
39,"iguazu_falls",.6,.7,.75,.7333,.7,.68,.12,.2,.48,.56,.72,.72,.2,.3111,.5854,.6351,.7099,.6994
40,"iolani_palace",1.0,1.0,.9,.8333,.75,.78,.16,.32,.48,.6,.64,.72,.2759,.4848,.6261,.6977,.6906,.7488
41,"la_mezquita",.8,.8,.65,.5667,.5,.48,.1667,.25,.4167,.4583,.5,.5833,.2759,.381,.5078,.5068,.5,.5266
42,"la_rambla_barcelona",1.0,1.0,1.0,.9667,.925,.94,.12,.2,.4,.44,.52,.6,.2143,.3333,.5714,.6047,.6657,.7325
43,"la_sainte_chapelle",1.0,1.0,1.0,.9333,.95,.96,.16,.36,.6,.64,.68,.8,.2759,.5294,.75,.7593,.7926,.8727
44,"liberty_memorial",.6,.8,.7,.7,.7,.7,.08,.08,.24,.48,.6,.6,.1412,.1455,.3574,.5695,.6462,.6462
45,"lincoln_home",1.0,.9,.85,.7333,.725,.64,.2222,.3333,.5,.5556,.7222,.7778,.3636,.4865,.6296,.6322,.7236,.7022
46,"machu_picchu",1.0,.8,.8,.8333,.85,.74,.2,.32,.44,.6,.72,.72,.3333,.4571,.5677,.6977,.7796,.7299
47,"marble_arch_london",.8,.7,.55,.5,.45,.4,.3333,.5,.6667,.75,.75,.8333,.4706,.5833,.6027,.6,.5625,.5405
48,"milan_cathedral",1.0,1.0,1.0,.9333,.9,.92,.2,.32,.44,.56,.64,.84,.3333,.4848,.6111,.7,.7481,.8782
49,"mole_antonelliana",.8,.6,.75,.7333,.675,.66,.16,.2,.4,.44,.56,.64,.2667,.3,.5217,.55,.6121,.6498
50,"mont_saint_michel",1.0,1.0,1.0,.9667,.9,.88,.16,.24,.48,.52,.64,.72,.2759,.3871,.6486,.6762,.7481,.792
51,"moulin_rouge",.2,.1,.05,.0333,.075,.08,.125,.125,.125,.125,.375,.375,.1538,.1111,.0714,.0526,.125,.1319
52,"nelson_s_column",1.0,.9,.9,.9333,.925,.88,.1667,.3333,.5417,.5833,.625,.7083,.2857,.4865,.6763,.7179,.746,.7849
53,"notre_dame_de_paris",1.0,1.0,.95,.9,.875,.86,.2,.28,.36,.48,.64,.72,.3333,.4375,.5221,.6261,.7393,.7838
54,"obelisco",.0,.1,.2,.1667,.175,.18,.0,.0909,.2727,.3636,.5455,.5455,.0,.0952,.2308,.2286,.265,.2707
55,"piccadilly_circus",.8,.8,.75,.8,.775,.72,.1304,.2174,.3913,.5652,.6087,.6957,.2243,.3419,.5143,.6624,.6819,.7076
56,"place_de_la_concorde",.8,.9,.95,.9667,.95,.96,.16,.2,.32,.44,.52,.6,.2667,.3273,.4787,.6047,.6721,.7385
57,"place_de_la_republique",.2,.3,.3,.2667,.225,.18,.125,.375,.625,.75,.75,.75,.1538,.3333,.4054,.3934,.3462,.2903
58,"place_des_vosges",.8,.8,.65,.5333,.575,.52,.12,.16,.32,.4,.48,.56,.2087,.2667,.4289,.4571,.5232,.5393
59,"pont_du_gard",.8,.7,.65,.5667,.65,.7,.16,.28,.44,.48,.6,.64,.2667,.4,.5248,.5197,.624,.6687
60,"pont_neuf",.8,.8,.75,.7,.75,.72,.12,.24,.4,.56,.64,.72,.2087,.3692,.5217,.6222,.6906,.72
61,"ponte_vecchio",.8,.8,.8,.8,.75,.76,.125,.2917,.375,.5,.6667,.75,.2162,.4275,.5106,.6154,.7059,.755
62,"puerta_de_alcala",.4,.4,.55,.5333,.525,.54,.1053,.2105,.3684,.4211,.5263,.6316,.1667,.2759,.4413,.4706,.5257,.5822
63,"puerta_del_sol",1.0,.8,.65,.6,.575,.54,.25,.35,.45,.55,.55,.55,.4,.487,.5318,.5739,.5622,.545
64,"red_fort",1.0,1.0,1.0,1.0,1.0,1.0,.2,.36,.48,.6,.6,.6,.3333,.5294,.6486,.75,.75,.75
65,"reims_cathedral",1.0,1.0,.95,.9667,.95,.9,.2,.32,.48,.56,.6,.64,.3333,.4848,.6378,.7092,.7355,.7481
66,"rialto_bridge",1.0,.8,.65,.6,.55,.56,.25,.375,.5,.5,.5,.625,.4,.5106,.5652,.5455,.5238,.5907
67,"roman_forum_rome",.6,.8,.8,.8,.8,.78,.12,.24,.4,.52,.68,.72,.2,.3692,.5333,.6303,.7351,.7488
68,"sacre_coeur",.6,.5,.65,.6667,.6,.6,.0833,.125,.3333,.4167,.5,.5417,.1463,.2,.4407,.5128,.5455,.5693
69,"sagrada_familia",1.0,.9,.85,.8667,.85,.86,.2,.32,.48,.48,.48,.56,.3333,.4721,.6135,.6178,.6135,.6783
70,"santa_maria_novella",.6,.7,.6,.5333,.55,.54,.12,.28,.4,.44,.48,.48,.2,.4,.48,.4822,.5126,.5082
71,"schonbrunn_palace",1.0,1.0,.95,.9667,.975,.98,.2,.36,.56,.72,.76,.76,.3333,.5294,.7046,.8253,.8542,.8561
72,"seville_cathedral",.8,.8,.9,.8667,.875,.9,.16,.28,.44,.52,.52,.52,.2667,.4148,.591,.65,.6523,.6592
73,"spanish_steps",1.0,.8,.65,.6333,.7,.66,.2273,.2727,.3636,.4545,.5909,.6818,.3704,.4068,.4664,.5292,.6408,.6707
74,"st__basil_cathedral",1.0,1.0,1.0,.9333,.925,.88,.2,.28,.48,.6,.64,.68,.3333,.4375,.6486,.7304,.7565,.7672
75,"statue_of_liberty",.8,.8,.9,.8333,.8,.82,.16,.28,.44,.48,.56,.56,.2667,.4148,.591,.6091,.6588,.6655
76,"stonehenge",.8,.8,.6,.5333,.425,.42,.1579,.2105,.2105,.3158,.3684,.4737,.2637,.3333,.3117,.3967,.3947,.4452
77,"summer_palace_beijing",.8,.9,.95,.9,.875,.86,.12,.28,.48,.6,.68,.72,.2087,.4271,.6378,.72,.7653,.7838
78,"sydney_opera_house",1.0,1.0,.9,.9,.9,.92,.2,.28,.48,.6,.64,.68,.3333,.4375,.6261,.72,.7481,.782
79,"teotihuacan",1.0,.7,.8,.8333,.725,.74,.2,.28,.4,.52,.56,.64,.3333,.4,.5333,.6404,.6319,.6864
80,"terracotta_army",.8,.6,.5,.5,.475,.48,.2,.3,.35,.45,.55,.6,.32,.4,.4118,.4737,.5098,.5333
81,"the_blue_mosque",.6,.8,.9,.9,.925,.94,.08,.24,.44,.56,.68,.68,.1412,.3692,.591,.6904,.7838,.7891
82,"the_henry_ford",1.0,.9,.8,.8333,.825,.86,.2,.32,.48,.6,.68,.68,.3333,.4721,.6,.6977,.7455,.7595
83,"taj_mahal",.8,.9,.9,.9333,.95,.96,.16,.28,.4,.56,.6,.6,.2667,.4271,.5538,.7,.7355,.7385
84,"tour_montparnasse",.8,.5,.4,.3,.375,.34,.15,.2,.35,.4,.6,.65,.2526,.2857,.3733,.3429,.4615,.4465
85,"tower_bridge_london",.6,.6,.6,.6333,.575,.52,.12,.2,.36,.52,.52,.52,.2,.3,.45,.5711,.5461,.52
86,"trafalgar_square",.4,.5,.55,.5333,.5,.52,.0909,.1818,.3182,.4091,.5,.5909,.1481,.2667,.4031,.463,.5,.5532
87,"leaning_tower_of_pisa",.6,.4,.6,.6,.675,.64,.12,.16,.32,.4,.64,.64,.2,.2286,.4174,.48,.657,.64
88,"hermitage_museum_saint_petersburg",.8,.8,.8,.8,.8,.82,.12,.2,.32,.44,.6,.76,.2087,.32,.4571,.5677,.6857,.7889
89,"jantar_mantar_jaipur",.8,.7,.75,.7333,.775,.76,.16,.24,.36,.44,.64,.68,.2667,.3574,.4865,.55,.7011,.7178
90,"lake_titicaca_peru",.6,.6,.55,.5667,.575,.56,.125,.25,.4167,.5,.5417,.6667,.2069,.3529,.4741,.5312,.5578,.6087
91,"the_great_wall_of_china",1.0,1.0,.95,.8,.85,.84,.2,.36,.48,.6,.6,.72,.3333,.5294,.6378,.6857,.7034,.7754
92,"grande_arche_paris",.6,.7,.65,.7,.7,.7,.12,.16,.28,.44,.52,.56,.2,.2605,.3914,.5404,.5967,.6222
93,"el_angel_mexico",.6,.7,.55,.5667,.55,.5,.1429,.2857,.4286,.5238,.6667,.7143,.2308,.4058,.4818,.5444,.6027,.5882
94,"bibliotheque_nationale_de_france",.6,.7,.6,.6667,.75,.68,.12,.2,.24,.4,.4,.48,.2,.3111,.3429,.5,.5217,.5628
95,"kronborg_castle",.2,.4,.65,.6,.7,.72,.0417,.125,.375,.4583,.5833,.5833,.069,.1905,.4756,.5197,.6364,.6445
96,"ajanta_caves",.8,.9,.9,.9,.9,.9,.1818,.3182,.4545,.5,.5909,.5909,.2963,.4701,.604,.6429,.7134,.7134
97,"atomium",1.0,1.0,.95,.9,.925,.88,.1429,.3333,.4286,.4286,.5238,.5238,.25,.5,.5907,.5806,.6689,.6567
98,"ellora_caves",1.0,1.0,1.0,.9667,.95,.94,.1818,.2727,.5,.5455,.5909,.6818,.3077,.4286,.6667,.6974,.7286,.7904
99,"potala_palace",1.0,.9,.75,.8,.825,.82,.2222,.4444,.4444,.5556,.7222,.8333,.3636,.595,.5581,.6557,.7702,.8266
100,"jokhang",1.0,.9,.9,.8333,.825,.78,.16,.28,.48,.64,.72,.76,.2759,.4271,.6261,.724,.7689,.7699
101,"rila_monastery",1.0,.9,.95,.9333,.875,.88,.08,.16,.32,.44,.48,.56,.1481,.2717,.4787,.5981,.6199,.6844
102,"louvre_pyramid",1.0,1.0,.95,.9,.875,.88,.2222,.3889,.5,.5556,.6111,.6667,.3636,.56,.6552,.687,.7196,.7586
103,"brooklyn_bridge",.8,.7,.75,.6333,.725,.72,.0952,.1905,.3333,.381,.5238,.5714,.1702,.2995,.4615,.4757,.6082,.6372
104,"tower_of_london",1.0,.9,.8,.7333,.725,.68,.1739,.2174,.3478,.4783,.6957,.6957,.2963,.3502,.4848,.5789,.71,.6877
105,"british_museum_london",1.0,1.0,1.0,1.0,1.0,1.0,.2,.2,.35,.5,.6,.6,.3333,.3333,.5185,.6667,.75,.75
106,"buckingham_palace",.8,.7,.45,.4333,.4,.36,.15,.15,.2,.25,.25,.35,.2526,.2471,.2769,.3171,.3077,.3549
107,"charles_bridge_prague",1.0,.7,.65,.6667,.675,.7,.125,.125,.2083,.4167,.4167,.5417,.2222,.2121,.3155,.5128,.5153,.6107
108,"champs_elysees_paris",.8,.6,.6,.5667,.55,.52,.2,.2,.4,.4,.5333,.5333,.32,.3,.48,.469,.5415,.5266
109,"chrysler_building",1.0,1.0,1.0,1.0,.975,.98,.2143,.3571,.5,.7143,.8571,.8571,.3529,.5263,.6667,.8333,.9123,.9145
110,"moma_new_york",.6,.8,.8,.7667,.825,.82,.1579,.2632,.5263,.5789,.6316,.6316,.25,.396,.6349,.6597,.7154,.7136
111,"grand_central_terminal",1.0,1.0,1.0,.9667,.975,.98,.1429,.2381,.3333,.381,.4762,.5238,.25,.3846,.5,.5465,.6399,.6827
112,"houses_of_parliament",.8,.9,.9,.9,.925,.94,.1739,.3043,.4348,.5217,.6087,.6087,.2857,.4549,.5863,.6606,.7342,.7389
113,"alexanderplatz_berlin",.4,.5,.7,.6333,.675,.64,.08,.16,.44,.52,.52,.52,.1333,.2424,.5404,.5711,.5874,.5738
114,"centre_pompidou",.8,.6,.65,.6,.575,.62,.1667,.2222,.5,.6111,.7778,.7778,.2759,.3243,.5652,.6055,.6612,.69
115,"sydney_harbour_bridge",1.0,1.0,1.0,1.0,1.0,1.0,.25,.375,.5,.625,.6875,.75,.4,.5455,.6667,.7692,.8148,.8571
116,"pier_39",1.0,.9,.95,.9667,.925,.88,.1905,.2381,.381,.5714,.7619,.8095,.32,.3766,.5438,.7183,.8356,.8433
117,"coit_tower",1.0,.8,.8,.7333,.7,.66,.2,.2,.4,.4,.4667,.5333,.3333,.32,.5333,.5176,.56,.5899
118,"st_paul_s_cathedral_london",1.0,.8,.75,.7,.675,.7,.2353,.4118,.5294,.5882,.7059,.7059,.381,.5437,.6207,.6393,.6901,.7029
119,"cloud_gate",.8,.9,.9,.7333,.7,.7,.25,.3333,.5,.5833,.5833,.5833,.381,.4865,.6429,.6498,.6364,.6364
120,"musee_d_orsay",1.0,1.0,.95,.9667,.925,.94,.1429,.2857,.4762,.5714,.6667,.7619,.25,.4444,.6344,.7183,.7749,.8416
121,"pike_place_market",1.0,.9,.9,.8333,.8,.82,.2381,.2857,.4286,.4762,.4762,.5714,.3846,.4337,.5806,.6061,.597,.6735
122,"royal_palace_madrid",.8,.8,.9,.8667,.875,.82,.1364,.3182,.5455,.6364,.6364,.7727,.233,.4553,.6792,.7339,.7368,.7957
123,"sony_center_berlin",1.0,.9,.95,.9667,.925,.94,.1905,.2381,.4286,.4762,.4762,.4762,.32,.3766,.5907,.6381,.6287,.6321
124,"red_square_moscow",.8,.9,.85,.9,.875,.78,.1429,.2857,.4762,.6667,.7143,.7619,.2424,.4337,.6104,.766,.7865,.7708
125,"prague_castle",1.0,.8,.85,.8333,.85,.86,.12,.24,.36,.48,.64,.72,.2143,.3692,.5058,.6091,.7302,.7838
126,"musee_du_louvre",1.0,1.0,1.0,1.0,1.0,1.0,.16,.32,.48,.56,.64,.68,.2759,.4848,.6486,.7179,.7805,.8095
127,"millennium_bridge_london",.8,.9,.85,.7333,.8,.8,.16,.24,.36,.44,.48,.52,.2667,.3789,.5058,.55,.6,.6303
128,"casa_mila",.8,.9,.9,.9,.925,.94,.12,.32,.48,.6,.64,.64,.2087,.4721,.6261,.72,.7565,.7615
129,"national_gallery_london",.8,.6,.7,.7,.625,.64,.1818,.2727,.4091,.5,.5455,.6364,.2963,.375,.5164,.5833,.5825,.6382
130,"national_mall",1.0,.7,.7,.7,.625,.66,.2,.24,.4,.56,.64,.68,.3333,.3574,.5091,.6222,.6324,.6699
131,"london_city_hall",1.0,.9,.65,.6667,.65,.66,.25,.3,.45,.55,.55,.65,.4,.45,.5318,.6027,.5958,.655
132,"holocaust_memorial",.6,.7,.7,.6333,.625,.64,.1875,.3125,.5,.5,.5625,.5625,.2857,.4321,.5833,.5588,.5921,.5988
133,"columbus_circle",.8,.7,.65,.5,.575,.54,.16,.2,.44,.52,.68,.68,.2667,.3111,.5248,.5098,.6231,.602
134,"siegessaeule",.8,.9,.65,.6,.675,.6,.12,.24,.36,.48,.56,.6,.2087,.3789,.4634,.5333,.6121,.6
135,"jardin_du_luxembourg",1.0,.9,.85,.8667,.9,.9,.2,.28,.48,.72,.72,.84,.3333,.4271,.6135,.7866,.8,.869
136,"merlion_singapore",.2,.3,.4,.4667,.5,.5,.0455,.1364,.2727,.5,.6364,.6364,.0741,.1875,.3243,.4828,.56,.56
137,"harrods_london",1.0,.9,.9,.8333,.85,.86,.2,.32,.52,.6,.64,.68,.3333,.4721,.6592,.6977,.7302,.7595
138,"metropolitan_museum_of_art_new_york",1.0,1.0,.95,.9667,.975,.98,.2,.24,.4,.48,.56,.64,.3333,.3871,.563,.6415,.7114,.7743
139,"new_york_stock_exchange",.2,.6,.55,.5667,.6,.64,.05,.25,.35,.35,.55,.65,.08,.3529,.4278,.4327,.5739,.645
140,"stephansdom_vienna",1.0,.9,.95,.9667,.975,.98,.16,.24,.4,.6,.72,.72,.2759,.3789,.563,.7404,.8283,.8301
141,"hms_belfast",1.0,1.0,1.0,1.0,.975,.98,.08,.2,.4,.56,.6,.6,.1481,.3333,.5714,.7179,.7429,.7443
142,"leicester_square",1.0,.8,.8,.8,.75,.74,.16,.28,.36,.44,.6,.6,.2759,.4148,.4966,.5677,.6667,.6627
143,"ciudad_de_las_artes_y_las_ciencias",1.0,1.0,1.0,.9333,.925,.94,.2,.36,.52,.6,.64,.64,.3333,.5294,.6842,.7304,.7565,.7615
144,"topkapi_palace",1.0,1.0,1.0,.9667,.975,.94,.16,.36,.44,.52,.64,.68,.2759,.5294,.6111,.6762,.7728,.7891
145,"royal_albert_hall",.8,.6,.6,.6,.6,.52,.12,.16,.36,.4,.44,.48,.2087,.2526,.45,.48,.5077,.4992
146,"st_vitus_cathedral",.6,.6,.8,.8,.85,.88,.12,.2,.4,.52,.6,.64,.2,.3,.5333,.6303,.7034,.7411
147,"castello_sforzesco",1.0,1.0,.9,.9,.9,.92,.12,.28,.44,.52,.64,.64,.2143,.4375,.591,.6592,.7481,.7549
148,"rijksmuseum_amsterdam",1.0,1.0,1.0,1.0,1.0,1.0,.16,.16,.32,.44,.56,.64,.2759,.2759,.4848,.6111,.7179,.7805
149,"dam_square",1.0,.9,.75,.5667,.625,.58,.16,.2,.28,.36,.44,.52,.2759,.3273,.4078,.4403,.5164,.5484
150,"rathaus_vienna",.4,.7,.75,.7,.75,.7,.04,.16,.2,.32,.4,.48,.0727,.2605,.3158,.4392,.5217,.5695
151,"bath_abbey",1.0,1.0,.9,.9,.925,.92,.16,.28,.4,.52,.68,.76,.2759,.4375,.5538,.6592,.7838,.8324
152,"salisbury_cathedral",1.0,1.0,1.0,1.0,.975,.94,.16,.24,.44,.44,.56,.56,.2759,.3871,.6111,.6111,.7114,.7019
153,"templo_de_debod",.2,.2,.35,.4,.35,.36,.0455,.0909,.2273,.3182,.3636,.4091,.0741,.125,.2756,.3544,.3567,.383
154,"Niagara_Falls",.2,.4,.55,.5667,.525,.52,.0455,.1818,.3182,.4091,.5,.5455,.0741,.25,.4031,.4752,.5122,.5324
155,"Golden_Gate_Bridge_in_San_Francisco",1.0,1.0,1.0,.9667,.95,.96,.0909,.1364,.3182,.4545,.5455,.5909,.1667,.24,.4828,.6183,.693,.7315
156,"Neuschwanstein_Castle",1.0,1.0,1.0,.9667,.975,.98,.2,.32,.52,.68,.76,.8,.3333,.4848,.6842,.7984,.8542,.8809
157,"Christ_Church_Cathedral_Missouri",1.0,1.0,.9,.9,.9,.86,.2,.36,.56,.6,.68,.68,.3333,.5294,.6904,.72,.7747,.7595
158,"Mount_Rushmore_in_South_Dakota",1.0,.9,.95,.9333,.95,.92,.2,.28,.44,.44,.48,.56,.3333,.4271,.6014,.5981,.6378,.6962
159,"Puerta_de_Toledo",.2,.2,.1,.0667,.05,.04,.5,1.0,1.0,1.0,1.0,1.0,.2857,.3333,.1818,.125,.0952,.0769
160,"Urquhart_Castle",1.0,.8,.85,.8333,.85,.82,.2083,.25,.4583,.625,.7083,.75,.3448,.381,.5955,.7143,.7727,.7834
161,"Gare_du_Nord_Paris",.6,.7,.7,.7667,.75,.78,.08,.24,.28,.36,.48,.56,.1412,.3574,.4,.4899,.5854,.6519
162,"Newgrange_in_Ireland",.6,.7,.65,.6667,.65,.62,.125,.2083,.375,.5,.5417,.5417,.2069,.3211,.4756,.5714,.5909,.5782
163,"Windmills_at_Kinderdijk",1.0,1.0,1.0,.9667,.925,.94,.16,.28,.4,.44,.6,.68,.2759,.4375,.5714,.6047,.7279,.7891
164,"Conciergerie",1.0,1.0,1.0,.9667,.95,.96,.2,.28,.4,.48,.6,.64,.3333,.4375,.5714,.6415,.7355,.768
165,"Palazzo_Madama",1.0,.8,.65,.6,.6,.54,.2273,.3636,.5,.5455,.5909,.6364,.3704,.5,.5652,.5714,.5954,.5842
166,"Split_Rock_Lighthouse",.8,.9,.85,.9,.875,.86,.16,.24,.32,.48,.6,.64,.2667,.3789,.465,.6261,.7119,.7339
167,"The_Little_Mermaid_Denmark",.8,.8,.75,.6667,.675,.62,.2143,.4286,.5714,.7143,.8571,.8571,.338,.5581,.6486,.6897,.7552,.7195
168,"Great_Pyramid_of_Giza",.6,.7,.65,.6667,.625,.62,.2,.3333,.4667,.5333,.6,.6,.3,.4516,.5433,.5926,.6122,.6098
169,"Pitti_Palace",.6,.7,.65,.6,.55,.58,.0909,.2273,.4091,.5455,.5455,.5455,.1579,.3431,.5021,.5714,.5477,.5622
170,"Georgia_State_Capitol",.6,.6,.55,.5333,.45,.4,.1579,.2105,.2632,.2632,.2632,.2632,.25,.3117,.356,.3524,.3321,.3175
171,"Dome_des_Invalides",1.0,1.0,.95,.9667,.975,.98,.16,.28,.32,.44,.44,.48,.2759,.4375,.4787,.6047,.6064,.6444
172,"Reggia_di_Caserta",.4,.6,.6,.6,.6,.56,.08,.24,.4,.56,.6,.64,.1333,.3429,.48,.5793,.6,.5973
173,"The_Burj_al_Arab_Hotel",1.0,1.0,.8,.7667,.8,.82,.16,.24,.36,.48,.52,.64,.2759,.3871,.4966,.5904,.6303,.7189
174,"Elephanta_Caves",1.0,1.0,.9,.9,.825,.8,.1667,.3333,.4583,.5417,.625,.6667,.2857,.5,.6074,.6763,.7112,.7273
175,"Basilica_of_Santa_Croce",1.0,1.0,1.0,1.0,1.0,1.0,.2,.28,.4,.56,.64,.76,.3333,.4375,.5714,.7179,.7805,.8636
176,"Aachen_Cathedral",1.0,.9,.95,.9333,.95,.96,.16,.2,.36,.44,.56,.76,.2759,.3273,.5221,.5981,.7046,.8484
177,"Monument_to_the_Great_Fire_of_London",.8,.9,.65,.6667,.7,.64,.12,.28,.44,.44,.6,.68,.2087,.4271,.5248,.5301,.6462,.6594
178,"Longmen_Grottoes",.6,.7,.55,.6333,.6,.64,.08,.16,.28,.48,.56,.72,.1412,.2605,.3711,.5461,.5793,.6776
179,"Louisiana_State_Capitol",.4,.4,.35,.3,.275,.3,.08,.12,.16,.24,.24,.32,.1333,.1846,.2196,.2667,.2563,.3097
180,"The_Great_Sphinx_at_Giza",1.0,.9,.85,.8,.825,.84,.2,.32,.48,.56,.68,.72,.3333,.4721,.6135,.6588,.7455,.7754
181,"Teatro_Real_Madrid",1.0,.9,.85,.8,.775,.78,.2174,.3478,.5217,.5652,.6957,.7391,.3571,.5017,.6466,.6624,.7332,.759
182,"Palacio_de_la_Magdalena",.8,.7,.65,.6667,.65,.64,.12,.24,.36,.44,.56,.68,.2087,.3574,.4634,.5301,.6017,.6594
183,"Sowjetisches_Ehrenmal",.8,.7,.7,.6667,.625,.6,.16,.2,.44,.56,.68,.72,.2667,.3111,.5404,.6087,.6513,.6545
184,"Cathedral_of_Trier",1.0,1.0,1.0,.9333,.9,.84,.2,.32,.44,.6,.76,.84,.3333,.4848,.6111,.7304,.8241,.84
185,"Saint_Mary_of_the_Flower",.0,.1,.3,.4,.375,.4,.0,.04,.2,.36,.4,.4,.0,.0571,.24,.3789,.3871,.4
186,"Skellig_Michael",1.0,.7,.75,.8,.8,.8,.2,.24,.48,.6,.64,.68,.3333,.3574,.5854,.6857,.7111,.7351
187,"Chicago_Board_of_Trade_Building",1.0,1.0,1.0,.8333,.8,.78,.2273,.3636,.5,.5909,.6364,.6364,.3704,.5333,.6667,.6915,.7089,.7009
188,"Pont_de_Normandie_France",1.0,1.0,.75,.7333,.75,.76,.2105,.2632,.5263,.6842,.7368,.7895,.3478,.4167,.6186,.7079,.7434,.7745
189,"Palazzo_Rosso",.0,.0,.0,.0667,.05,.06,.0,.0,.0,.0417,.0417,.0833,.0,.0,.0,.0513,.0455,.0698
190,"Piazza_Vittorio_Veneto",.6,.4,.4,.3,.275,.3,.125,.1875,.375,.375,.4375,.5,.2069,.2553,.3871,.3333,.3377,.375
191,"Sforza_Castle",1.0,.8,.9,.9333,.925,.9,.2,.32,.48,.6,.68,.68,.3333,.4571,.6261,.7304,.7838,.7747
192,"Torres_KIO",.6,.8,.85,.8667,.825,.8,.12,.2,.36,.6,.68,.76,.2,.32,.5058,.7091,.7455,.7795
193,"Torre_Picasso",1.0,1.0,.85,.8667,.825,.84,.2083,.2917,.4583,.5,.5833,.7083,.3448,.4516,.5955,.6341,.6834,.7686
194,"The_Palace_of_Parliament_in_Bucharest",1.0,1.0,.95,.9,.9,.92,.16,.32,.52,.6,.68,.72,.2759,.4848,.6721,.72,.7747,.8078
195,"Ernest_Hemingway_House",.8,.8,.8,.8333,.75,.7,.12,.2,.4,.52,.56,.6,.2087,.32,.5333,.6404,.6412,.6462
196,"Castel_dellOvo_Napoli",1.0,.9,.9,.8333,.825,.84,.2,.28,.48,.56,.68,.72,.3333,.4271,.6261,.6699,.7455,.7754
197,"Villa_Borghese_gardens",1.0,1.0,1.0,.9333,.95,.96,.16,.36,.56,.64,.76,.92,.2759,.5294,.7179,.7593,.8444,.9396
198,"Saint_Marks_Basilica",1.0,.9,.9,.9333,.925,.92,.2,.28,.4,.48,.52,.56,.3333,.4271,.5538,.634,.6657,.6962
199,"Mausoleum_of_the_First_Qin_Emperor",.8,.9,.9,.9,.9,.9,.16,.28,.4,.48,.56,.72,.2667,.4271,.5538,.6261,.6904,.8
200,"Mausoleum_of_Hadrian",1.0,.9,.8,.7,.675,.66,.2778,.3889,.5,.5,.6111,.7222,.4348,.5431,.6154,.5833,.6415,.6897
201,"Piazza_de_Ferrari",1.0,1.0,.95,.9667,.925,.9,.2105,.3158,.4211,.4211,.4737,.5263,.3478,.48,.5835,.5866,.6265,.6642
202,"George_Washington_Carver",.4,.6,.65,.6333,.6,.62,.125,.3125,.5625,.5625,.5625,.625,.1905,.411,.6031,.5958,.5806,.6225
203,"Cathedral_of_Santiago_de_Compostela",1.0,1.0,.9,.9,.875,.84,.2353,.3529,.5294,.7647,.8235,.8235,.381,.5217,.6667,.8269,.8485,.8317
204,"Saint-Jacques_Tower",.6,.8,.75,.8,.725,.7,.0769,.1538,.3077,.3077,.4615,.5385,.1364,.2581,.4364,.4444,.564,.6087
205,"Calakmul_Campeche_Mexico",1.0,1.0,.95,.9,.875,.84,.2143,.4286,.5714,.6429,.7143,.7857,.3529,.6,.7136,.75,.7865,.812
206,"Bran_Castle_in_Transylvania",1.0,1.0,.95,.9,.9,.86,.1579,.3158,.4737,.5789,.6316,.7368,.2727,.48,.6322,.7046,.7423,.7937
207,"Mosteiro_da_Batalha",1.0,1.0,1.0,1.0,1.0,1.0,.2632,.5263,.6316,.7368,.7368,.7895,.4167,.6897,.7742,.8485,.8485,.8824
208,"Wartburg_Castle",1.0,.9,.95,.9333,.925,.92,.2,.35,.65,.7,.75,.8,.3333,.504,.7719,.8,.8284,.8558
209,"Fujian_Tulou_Fujian_China",1.0,1.0,1.0,1.0,.975,.96,.2222,.3333,.5,.7222,.7222,.7222,.3636,.5,.6667,.8387,.8298,.8243
210,"Alabama_State_Capitol",.6,.8,.75,.6333,.625,.6,.1429,.381,.619,.7143,.8095,.8571,.2308,.5161,.6783,.6714,.7054,.7059
211,"Palazzo_dAccursio",.4,.5,.6,.6333,.55,.56,.1111,.1667,.3889,.5,.5,.5556,.1739,.25,.4719,.5588,.5238,.5578
212,"Casa_Grande_Ruins",.8,.8,.8,.7667,.775,.8,.1765,.2941,.4118,.5294,.5294,.5294,.2892,.4301,.5437,.6263,.6291,.6372
213,"Stravinsky_Fountain",1.0,1.0,.8,.8667,.85,.88,.2,.2667,.2667,.4,.4667,.4667,.3333,.4211,.4,.5474,.6025,.6099
214,"Angel_Falls_Venezuela",.8,.5,.55,.6333,.6,.54,.1765,.1765,.4118,.5882,.7059,.7059,.2892,.2609,.4709,.61,.6486,.6119
215,"Statue_of_George_IV",.4,.3,.35,.3333,.325,.3,.25,.375,.75,.75,.875,1.0,.3077,.3333,.4773,.4615,.474,.4615
216,"Palacio_Barolo",1.0,.9,.9,.9,.9,.9,.2941,.2941,.4706,.4706,.6471,.7647,.4545,.4433,.618,.618,.7529,.8269
217,"Bridge_of_Remembrance_Christchurch_New_Zealand",.6,.7,.7,.7,.6,.58,.25,.5,.6667,.8333,.8333,.9167,.3529,.5833,.6829,.7609,.6977,.7105
218,"John_A._Roebling_Suspension_Bridge",.6,.7,.55,.5,.5,.5,.1333,.4,.5333,.6667,.7333,.7333,.2182,.5091,.5415,.5714,.5946,.5946
219,"Blue_Dome_Santorini",1.0,1.0,.9,.9,.925,.9,.1875,.25,.4375,.625,.75,.875,.3158,.4,.5888,.7377,.8284,.8873
220,"Fossar_de_les_Moreres",.4,.3,.4,.4,.425,.4,.1429,.1429,.2857,.3571,.5,.5,.2105,.1935,.3333,.3774,.4595,.4444
221,"Luxor_Obelisk_France",1.0,.9,.85,.8333,.825,.8,.0625,.25,.375,.4375,.5,.5,.1176,.3913,.5204,.5738,.6226,.6154
222,"Valle_de_los_Caidos",.8,.9,.9,.9333,.925,.92,.2,.35,.5,.7,.75,.75,.32,.504,.6429,.8,.8284,.8263
--------------------
"--","Avg.",P@5,P@10,P@20,P@30,P@40,P@50,CR@5,CR@10,CR@20,CR@30,CR@40,CR@50,F1@5,F1@10,F1@20,F1@30,F1@40,F1@50
,.,8099,.795,.7788,.764,.7551,.7468,.1597,.2676,.4221,.522,.6008,.6532,.2622,.3906,.5355,.6076,.6554,.6822
