--------------------
"Run name","output_runSCHDunnIndex"
--------------------
"Average P@20 = ",.7847
"Average CR@20 = ",.3955
"Average F1@20 = ",.5144
--------------------
"Query Id ","Location name",P@5,P@10,P@20,P@30,P@40,P@50,CR@5,CR@10,CR@20,CR@30,CR@40,CR@50,F1@5,F1@10,F1@20,F1@30,F1@40,F1@50
1,"angel_of_the_north",1.0,1.0,1.0,1.0,1.0,1.0,.16,.24,.36,.48,.6,.68,.2759,.3871,.5294,.6486,.75,.8095
2,"big_ben",.8,.7,.85,.8667,.9,.84,.1818,.3182,.4545,.5909,.6364,.6818,.2963,.4375,.5923,.7027,.7456,.7527
3,"hearst_castle",1.0,1.0,1.0,1.0,.975,.96,.1667,.375,.5833,.7083,.7083,.75,.2857,.5455,.7368,.8293,.8205,.8421
4,"la_madeleine",.0,.0,.0,.2333,.35,.46,.0,.0,.0,.2857,.5,.7857,.0,.0,.0,.2569,.4118,.5803
5,"pont_alexandre_iii",1.0,1.0,1.0,1.0,1.0,.98,.2,.32,.56,.6,.76,.8,.3333,.4848,.7179,.75,.8636,.8809
6,"neues_museum",.2,.5,.65,.5,.625,.7,.04,.2,.36,.36,.48,.64,.0667,.2857,.4634,.4186,.543,.6687
7,"montezuma_castle",1.0,1.0,.85,.6667,.5,.54,.25,.5,.5833,.5833,.5833,.6667,.4,.6667,.6919,.6222,.5385,.5967
8,"cn_tower",.6,.7,.7,.7,.675,.64,.125,.25,.4167,.5417,.7083,.7083,.2069,.3684,.5224,.6107,.6913,.6724
9,"acropolis_athens",.8,.9,.85,.9,.9,.88,.1429,.2381,.381,.5238,.5238,.5714,.2424,.3766,.5261,.6622,.6622,.6929
10,"agra_fort",.8,.8,.8,.8667,.85,.88,.16,.24,.44,.48,.6,.68,.2667,.3692,.5677,.6178,.7034,.7672
11,"albert_memorial",.6,.8,.9,.7,.675,.72,.1364,.1818,.1818,.3182,.4545,.5,.2222,.2963,.3025,.4375,.5433,.5902
12,"altes_museum",.6,.8,.9,.7,.6,.5,.0833,.2083,.4583,.5,.5833,.5833,.1463,.3306,.6074,.5833,.5915,.5385
13,"amiens_cathedral",.8,.9,.9,.9333,.95,.96,.12,.28,.48,.68,.76,.8,.2087,.4271,.6261,.7868,.8444,.8727
14,"angkor_wat",.6,.7,.7,.7667,.825,.8,.12,.28,.44,.52,.64,.76,.2,.4,.5404,.6197,.7208,.7795
15,"ara_pacis",.0,.2,.5,.5,.525,.58,.0,.0909,.4091,.5455,.6364,.6818,.0,.125,.45,.5217,.5753,.6268
16,"arc_de_triomphe",1.0,.6,.75,.7,.675,.62,.1667,.1667,.375,.4583,.5833,.6667,.2857,.2609,.5,.554,.6258,.6425
17,"aztec_ruins",.0,.0,.0,.1,.3,.26,.0,.0,.0,.08,.32,.32,.0,.0,.0,.0889,.3097,.2869
18,"berlin_cathedral",1.0,1.0,1.0,.9,.925,.94,.16,.32,.48,.56,.68,.68,.2759,.4848,.6486,.6904,.7838,.7891
19,"bok_tower_gardens",.8,.8,.9,.9,.925,.92,.16,.32,.56,.64,.68,.72,.2667,.4571,.6904,.7481,.7838,.8078
20,"brandenburg_gate",1.0,1.0,1.0,1.0,1.0,.92,.2,.28,.4,.48,.6,.64,.3333,.4375,.5714,.6486,.75,.7549
21,"cabrillo",.0,.2,.25,.2,.15,.12,.0,.1538,.3846,.3846,.3846,.3846,.0,.1739,.303,.2632,.2158,.1829
22,"casa_batllo",1.0,1.0,1.0,1.0,1.0,.98,.16,.2,.36,.56,.76,.84,.2759,.3333,.5294,.7179,.8636,.9046
23,"casa_rosada",1.0,.8,.85,.9,.925,.94,.16,.28,.36,.56,.6,.64,.2759,.4148,.5058,.6904,.7279,.7615
24,"castillo_de_san_marcos",.6,.7,.8,.8333,.85,.84,.12,.24,.32,.44,.6,.6,.2,.3574,.4571,.5759,.7034,.7
25,"chartres_cathedral",1.0,1.0,.95,.9,.925,.9,.16,.24,.52,.64,.68,.8,.2759,.3871,.6721,.7481,.7838,.8471
26,"chichen_itza",1.0,.8,.75,.7667,.8,.84,.16,.16,.28,.36,.44,.6,.2759,.2667,.4078,.4899,.5677,.7
27,"christ_the_redeemer_rio",.6,.6,.6,.6,.55,.58,.087,.2174,.3478,.4348,.4348,.5217,.1519,.3191,.4404,.5042,.4857,.5493
28,"civic_center_san_francisco",.8,.8,.8,.8333,.875,.82,.16,.24,.44,.6,.6,.64,.2667,.3692,.5677,.6977,.7119,.7189
29,"cologne_cathedral",1.0,1.0,.95,.9333,.925,.92,.16,.24,.32,.4,.52,.6,.2759,.3871,.4787,.56,.6657,.7263
30,"colosseum",1.0,1.0,1.0,1.0,1.0,1.0,.2,.24,.36,.52,.64,.64,.3333,.3871,.5294,.6842,.7805,.7805
31,"doge_s_palace",.8,.9,.95,.9,.725,.78,.12,.24,.32,.44,.48,.48,.2087,.3789,.4787,.591,.5776,.5943
32,"eiffel_tower",.8,.9,.95,.9667,.975,.92,.12,.24,.4,.56,.56,.64,.2087,.3789,.563,.7092,.7114,.7549
33,"golden_gate_bridge",1.0,.9,.9,.8333,.825,.82,.1739,.2174,.3913,.4783,.5217,.5652,.2963,.3502,.5455,.6077,.6392,.6692
34,"grand_palais",1.0,1.0,1.0,.9667,.975,.96,.1818,.3636,.5455,.6364,.6364,.7273,.3077,.5333,.7059,.7675,.7701,.8276
35,"guggenheim_museum_bilbao",1.0,1.0,1.0,1.0,1.0,.98,.16,.28,.44,.52,.64,.72,.2759,.4375,.6111,.6842,.7805,.8301
36,"hagia_sophia_istanbul",1.0,1.0,1.0,1.0,1.0,1.0,.2,.32,.44,.48,.56,.72,.3333,.4848,.6111,.6486,.7179,.8372
37,"hoover_dam",1.0,1.0,.95,.9333,.95,.92,.2,.32,.44,.56,.68,.72,.3333,.4848,.6014,.7,.7926,.8078
38,"humayun_tomb",.8,.7,.55,.6667,.675,.72,.12,.2,.28,.48,.6,.6,.2087,.3111,.3711,.5581,.6353,.6545
39,"iguazu_falls",.4,.7,.85,.9,.875,.9,.08,.16,.36,.52,.64,.72,.1333,.2605,.5058,.6592,.7393,.8
40,"iolani_palace",1.0,.9,.95,.8667,.85,.82,.16,.24,.44,.52,.68,.76,.2759,.3789,.6014,.65,.7556,.7889
41,"la_mezquita",.6,.8,.8,.7667,.8,.7,.125,.25,.4583,.5,.5417,.5833,.2069,.381,.5828,.6053,.646,.6364
42,"la_rambla_barcelona",.8,.9,.95,.9667,.9,.92,.16,.24,.36,.44,.52,.56,.2667,.3789,.5221,.6047,.6592,.6962
43,"la_sainte_chapelle",1.0,1.0,.95,.9667,.95,.96,.2,.36,.52,.56,.64,.88,.3333,.5294,.6721,.7092,.7648,.9183
44,"liberty_memorial",.6,.5,.45,.5333,.575,.66,.04,.08,.16,.36,.44,.52,.075,.1379,.2361,.4299,.4985,.5817
45,"lincoln_home",1.0,1.0,.85,.8333,.875,.86,.2778,.2778,.3333,.6111,.7222,.7778,.4348,.4348,.4789,.7051,.7913,.8168
46,"machu_picchu",1.0,1.0,.65,.6667,.675,.68,.16,.28,.36,.44,.52,.6,.2759,.4375,.4634,.5301,.5874,.6375
47,"marble_arch_london",.8,.8,.6,.5667,.475,.4,.3333,.4167,.5833,.6667,.75,.8333,.4706,.5479,.5915,.6126,.5816,.5405
48,"milan_cathedral",1.0,1.0,1.0,.9,.875,.88,.12,.16,.32,.44,.6,.64,.2143,.2759,.4848,.591,.7119,.7411
49,"mole_antonelliana",.8,.9,.75,.7,.725,.68,.12,.24,.32,.4,.52,.56,.2087,.3789,.4486,.5091,.6056,.6142
50,"mont_saint_michel",1.0,1.0,1.0,1.0,1.0,.98,.16,.28,.4,.48,.48,.6,.2759,.4375,.5714,.6486,.6486,.7443
51,"moulin_rouge",.4,.3,.15,.1333,.175,.16,.25,.25,.25,.375,.625,.75,.3077,.2727,.1875,.1967,.2734,.2637
52,"nelson_s_column",1.0,.9,.95,.9667,.975,.98,.0833,.2083,.4167,.5417,.625,.6667,.1538,.3383,.5793,.6943,.7617,.7935
53,"notre_dame_de_paris",.8,.9,.9,.9333,.95,.92,.12,.28,.4,.56,.68,.68,.2087,.4271,.5538,.7,.7926,.782
54,"obelisco",.2,.2,.15,.1333,.1,.08,.0909,.1818,.1818,.2727,.2727,.2727,.125,.1905,.1644,.1791,.1463,.1237
55,"piccadilly_circus",.2,.6,.65,.7,.75,.7,.0435,.2174,.3913,.5217,.6087,.6957,.0714,.3191,.4885,.5979,.672,.6978
56,"place_de_la_concorde",1.0,1.0,1.0,1.0,.975,.98,.16,.28,.44,.56,.56,.72,.2759,.4375,.6111,.7179,.7114,.8301
57,"place_de_la_republique",.2,.4,.35,.3333,.25,.2,.125,.375,.625,.75,.75,.75,.1538,.3871,.4487,.4615,.375,.3158
58,"place_des_vosges",.8,.9,.75,.7,.775,.82,.08,.16,.32,.32,.52,.6,.1455,.2717,.4486,.4392,.6224,.693
59,"pont_du_gard",.8,.8,.85,.7667,.775,.78,.12,.24,.44,.52,.56,.6,.2087,.3692,.5798,.6197,.6502,.6783
60,"pont_neuf",1.0,.8,.8,.8,.825,.74,.16,.24,.36,.52,.6,.64,.2759,.3692,.4966,.6303,.6947,.6864
61,"ponte_vecchio",.8,.8,.8,.8333,.775,.72,.1667,.25,.375,.5,.5833,.6667,.2759,.381,.5106,.625,.6656,.6923
62,"puerta_de_alcala",.8,.8,.65,.5,.625,.62,.1579,.2105,.4211,.4211,.6316,.6316,.2637,.3333,.5111,.4571,.6283,.6257
63,"puerta_del_sol",.8,.6,.75,.5667,.55,.46,.1,.2,.45,.45,.5,.5,.1778,.3,.5625,.5016,.5238,.4792
64,"red_fort",1.0,1.0,1.0,1.0,1.0,1.0,.16,.32,.48,.6,.68,.76,.2759,.4848,.6486,.75,.8095,.8636
65,"reims_cathedral",1.0,1.0,1.0,1.0,1.0,1.0,.2,.24,.4,.48,.52,.56,.3333,.3871,.5714,.6486,.6842,.7179
66,"rialto_bridge",1.0,.9,.8,.7333,.625,.62,.1875,.3125,.375,.375,.4375,.6875,.3158,.4639,.5106,.4962,.5147,.652
67,"roman_forum_rome",.4,.6,.75,.7667,.75,.68,.08,.2,.4,.52,.64,.72,.1333,.3,.5217,.6197,.6906,.6994
68,"sacre_coeur",.2,.5,.6,.6,.575,.58,.0417,.1667,.375,.5,.5417,.5833,.069,.25,.4615,.5455,.5578,.5817
69,"sagrada_familia",1.0,1.0,.95,.9,.9,.92,.2,.32,.44,.52,.6,.64,.3333,.4848,.6014,.6592,.72,.7549
70,"santa_maria_novella",1.0,.7,.4,.4667,.6,.58,.2,.24,.28,.4,.48,.52,.3333,.3574,.3294,.4308,.5333,.5484
71,"schonbrunn_palace",1.0,1.0,1.0,.9667,.975,.98,.16,.28,.52,.52,.56,.56,.2759,.4375,.6842,.6762,.7114,.7127
72,"seville_cathedral",1.0,1.0,.9,.9,.9,.92,.2,.28,.52,.6,.68,.72,.3333,.4375,.6592,.72,.7747,.8078
73,"spanish_steps",.6,.7,.75,.6667,.7,.68,.0909,.1818,.3636,.4091,.5909,.6364,.1579,.2887,.4898,.507,.6408,.6575
74,"st__basil_cathedral",.6,.8,.9,.8,.85,.84,.12,.28,.44,.48,.52,.52,.2,.4148,.591,.6,.6453,.6424
75,"statue_of_liberty",1.0,1.0,.95,.9,.875,.82,.08,.2,.36,.4,.56,.6,.1481,.3333,.5221,.5538,.6829,.693
76,"stonehenge",.8,.7,.65,.7,.6,.52,.1053,.2105,.3158,.5263,.5263,.5789,.186,.3237,.4251,.6009,.5607,.5479
77,"summer_palace_beijing",1.0,.8,.8,.8333,.825,.72,.2,.2,.48,.56,.6,.64,.3333,.32,.6,.6699,.6947,.6776
78,"sydney_opera_house",1.0,1.0,.95,.9667,.975,.92,.12,.24,.4,.48,.52,.6,.2143,.3871,.563,.6415,.6783,.7263
79,"teotihuacan",.8,.8,.55,.5667,.6,.62,.12,.24,.32,.48,.52,.6,.2087,.3692,.4046,.5197,.5571,.6098
80,"terracotta_army",.4,.6,.7,.6,.45,.4,.1,.3,.55,.6,.6,.6,.16,.4,.616,.6,.5143,.48
81,"the_blue_mosque",.6,.8,.9,.9333,.925,.92,.12,.28,.44,.48,.56,.6,.2,.4148,.591,.634,.6976,.7263
82,"the_henry_ford",.8,.6,.55,.6,.675,.6,.08,.12,.28,.44,.56,.6,.1455,.2,.3711,.5077,.6121,.6
83,"taj_mahal",.8,.8,.8,.8333,.875,.9,.16,.24,.4,.48,.52,.68,.2667,.3692,.5333,.6091,.6523,.7747
84,"tour_montparnasse",.4,.4,.45,.5333,.55,.52,.1,.15,.3,.45,.6,.6,.16,.2182,.36,.4881,.5739,.5571
85,"tower_bridge_london",1.0,.9,.75,.7333,.625,.6,.16,.24,.36,.52,.6,.6,.2759,.3789,.4865,.6085,.6122,.6
86,"trafalgar_square",.4,.5,.45,.4333,.425,.44,.0909,.1818,.2273,.3182,.4545,.4545,.1481,.2667,.302,.3669,.4393,.4472
87,"leaning_tower_of_pisa",.6,.5,.45,.4667,.425,.44,.12,.2,.24,.4,.44,.44,.2,.2857,.313,.4308,.4324,.44
88,"hermitage_museum_saint_petersburg",1.0,1.0,.95,.8,.775,.82,.12,.24,.32,.44,.52,.56,.2143,.3871,.4787,.5677,.6224,.6655
89,"jantar_mantar_jaipur",1.0,.8,.75,.8333,.875,.88,.12,.24,.48,.6,.68,.76,.2143,.3692,.5854,.6977,.7653,.8156
90,"lake_titicaca_peru",.4,.6,.6,.5667,.55,.52,.0417,.2083,.375,.4583,.625,.6667,.0755,.3093,.4615,.5068,.5851,.5843
91,"the_great_wall_of_china",.8,.8,.65,.7333,.75,.8,.16,.2,.32,.48,.52,.6,.2667,.32,.4289,.5802,.6142,.6857
92,"grande_arche_paris",.4,.7,.7,.6333,.575,.66,.08,.2,.28,.32,.32,.4,.1333,.3111,.4,.4252,.4112,.4981
93,"el_angel_mexico",1.0,1.0,.9,.7667,.675,.64,.1905,.4286,.619,.6667,.8095,.8095,.32,.6,.7335,.7132,.7362,.7148
94,"bibliotheque_nationale_de_france",.6,.6,.7,.7333,.725,.68,.12,.16,.2,.32,.4,.48,.2,.2526,.3111,.4456,.5156,.5628
95,"kronborg_castle",.8,.6,.65,.7667,.8,.8,.1667,.2083,.375,.4583,.5417,.625,.2759,.3093,.4756,.5737,.646,.7018
96,"ajanta_caves",.6,.8,.85,.8667,.875,.88,.1364,.3182,.5455,.5909,.6364,.6364,.2222,.4553,.6645,.7027,.7368,.7386
97,"atomium",.8,.9,.9,.9333,.95,.96,.0952,.2857,.4762,.5714,.619,.619,.1702,.4337,.6228,.7089,.7496,.7527
98,"ellora_caves",1.0,1.0,1.0,.9667,.975,.96,.1364,.2727,.4091,.5909,.6364,.6818,.24,.4286,.5806,.7335,.7701,.7973
99,"potala_palace",.8,.9,.95,.9,.925,.88,.1111,.2778,.3333,.4444,.5,.5556,.1951,.4245,.4935,.595,.6491,.6811
100,"jokhang",.8,.7,.75,.8,.85,.82,.12,.24,.32,.52,.6,.68,.2087,.3574,.4486,.6303,.7034,.7435
101,"rila_monastery",.6,.5,.65,.7,.775,.82,.12,.16,.24,.28,.36,.44,.2,.2424,.3506,.4,.4916,.5727
102,"louvre_pyramid",1.0,1.0,.95,.9,.925,.92,.0556,.2778,.3889,.5556,.6111,.6667,.1053,.4348,.5519,.687,.736,.7731
103,"brooklyn_bridge",1.0,1.0,.95,.8667,.85,.86,.0952,.1905,.3333,.381,.4762,.5238,.1739,.32,.4935,.5293,.6104,.6511
104,"tower_of_london",1.0,.8,.7,.7,.75,.7,.087,.087,.3043,.3478,.4783,.5217,.16,.1569,.4242,.4647,.5841,.5979
105,"british_museum_london",1.0,.9,.95,.9667,.975,.98,.1,.15,.35,.45,.5,.6,.1818,.2571,.5115,.6141,.661,.7443
106,"buckingham_palace",.6,.8,.65,.5667,.525,.48,.15,.2,.25,.35,.4,.45,.24,.32,.3611,.4327,.4541,.4645
107,"charles_bridge_prague",.8,.9,.95,.8,.7,.58,.0833,.125,.2917,.3333,.375,.375,.1509,.2195,.4463,.4706,.4884,.4555
108,"champs_elysees_paris",.8,.7,.45,.5333,.5,.44,.2667,.3333,.3333,.4667,.6,.6,.4,.4516,.383,.4978,.5455,.5077
109,"chrysler_building",1.0,1.0,1.0,1.0,.975,.96,.2143,.5,.6429,.7143,.7857,.9286,.3529,.6667,.7826,.8333,.8702,.944
110,"moma_new_york",.6,.8,.85,.9,.925,.92,.1579,.2632,.3158,.5263,.6316,.7895,.25,.396,.4605,.6642,.7506,.8498
111,"grand_central_terminal",.8,.9,.95,.9667,.95,.94,.1429,.2381,.2857,.381,.4762,.5238,.2424,.3766,.4393,.5465,.6344,.6727
112,"houses_of_parliament",1.0,1.0,1.0,1.0,1.0,1.0,.1739,.2609,.3478,.3913,.4348,.4783,.2963,.4138,.5161,.5625,.6061,.6471
113,"alexanderplatz_berlin",.2,.3,.35,.5667,.65,.62,.04,.08,.12,.32,.4,.44,.0667,.1263,.1787,.409,.4952,.5147
114,"centre_pompidou",.8,.7,.8,.8,.725,.78,.2222,.3889,.5556,.6667,.7222,.7222,.3478,.5,.6557,.7273,.7236,.75
115,"sydney_harbour_bridge",1.0,1.0,1.0,1.0,1.0,1.0,.3125,.5,.5625,.5625,.5625,.625,.4762,.6667,.72,.72,.72,.7692
116,"pier_39",1.0,1.0,.95,.9667,.975,.9,.2381,.2381,.381,.5238,.619,.6667,.3846,.3846,.5438,.6794,.7573,.766
117,"coit_tower",.4,.6,.6,.5667,.55,.56,.1333,.2667,.2667,.3333,.4,.4667,.2,.3692,.3692,.4198,.4632,.5091
118,"st_paul_s_cathedral_london",.8,.8,.7,.7333,.775,.76,.2353,.3529,.4706,.5882,.6471,.6471,.3636,.4898,.5628,.6528,.7053,.699
119,"cloud_gate",.8,.7,.7,.7,.625,.58,.1667,.25,.3333,.4167,.4167,.4167,.2759,.3684,.4516,.5224,.5,.4849
120,"musee_d_orsay",1.0,.9,.95,.9,.925,.94,.2381,.3333,.4762,.5714,.619,.7143,.3846,.4865,.6344,.699,.7417,.8117
121,"pike_place_market",.6,.7,.75,.8,.8,.84,.1429,.2857,.4762,.4762,.4762,.5238,.2308,.4058,.5825,.597,.597,.6453
122,"royal_palace_madrid",.6,.8,.85,.8333,.8,.78,.0909,.2727,.3636,.4545,.4545,.5909,.1579,.4068,.5094,.5882,.5797,.6724
123,"sony_center_berlin",1.0,1.0,.95,.8667,.85,.86,.1905,.2381,.3333,.4286,.4286,.5238,.32,.3846,.4935,.5735,.5698,.6511
124,"red_square_moscow",.6,.6,.65,.6,.6,.66,.0952,.2381,.3333,.4286,.5238,.5714,.1644,.3409,.4407,.5,.5593,.6125
125,"prague_castle",1.0,1.0,.85,.8333,.85,.86,.16,.28,.36,.44,.6,.72,.2759,.4375,.5058,.5759,.7034,.7838
126,"musee_du_louvre",1.0,1.0,.95,.9667,.975,.98,.16,.32,.4,.56,.64,.8,.2759,.4848,.563,.7092,.7728,.8809
127,"millennium_bridge_london",1.0,.8,.75,.7667,.7,.76,.2,.28,.36,.48,.48,.52,.3333,.4148,.4865,.5904,.5695,.6175
128,"casa_mila",1.0,1.0,.95,.9667,.975,.96,.12,.24,.48,.48,.6,.68,.2143,.3871,.6378,.6415,.7429,.7961
129,"national_gallery_london",.6,.7,.65,.7333,.725,.62,.0909,.2273,.3636,.4545,.5909,.6364,.1579,.3431,.4664,.5612,.6511,.6281
130,"national_mall",.8,.8,.8,.8667,.9,.86,.16,.32,.48,.6,.68,.72,.2667,.4571,.6,.7091,.7747,.7838
131,"london_city_hall",1.0,.7,.85,.9,.9,.86,.2,.3,.5,.55,.6,.6,.3333,.42,.6296,.6828,.72,.7068
132,"holocaust_memorial",.6,.8,.8,.6667,.7,.68,.125,.25,.4375,.5,.5625,.625,.2069,.381,.5657,.5714,.6238,.6513
133,"columbus_circle",.6,.7,.75,.7333,.625,.64,.12,.2,.36,.48,.52,.68,.2,.3111,.4865,.5802,.5677,.6594
134,"siegessaeule",.6,.6,.75,.7667,.625,.52,.12,.24,.36,.48,.52,.52,.2,.3429,.4865,.5904,.5677,.52
135,"jardin_du_luxembourg",1.0,1.0,1.0,1.0,1.0,1.0,.12,.24,.4,.52,.64,.8,.2143,.3871,.5714,.6842,.7805,.8889
136,"merlion_singapore",.0,.1,.05,.1667,.325,.44,.0,.0455,.0455,.1818,.4545,.5909,.0,.0625,.0476,.1739,.379,.5044
137,"harrods_london",.4,.6,.8,.7667,.825,.86,.08,.24,.4,.52,.64,.68,.1333,.3429,.5333,.6197,.7208,.7595
138,"metropolitan_museum_of_art_new_york",1.0,1.0,1.0,1.0,.95,.94,.2,.28,.4,.48,.52,.6,.3333,.4375,.5714,.6486,.6721,.7325
139,"new_york_stock_exchange",1.0,.6,.75,.6667,.75,.8,.25,.25,.35,.45,.55,.55,.4,.3529,.4773,.5373,.6346,.6519
140,"stephansdom_vienna",1.0,1.0,1.0,1.0,1.0,1.0,.12,.28,.48,.6,.64,.68,.2143,.4375,.6486,.75,.7805,.8095
141,"hms_belfast",1.0,1.0,1.0,.9667,.95,.96,.16,.24,.32,.52,.52,.64,.2759,.3871,.4848,.6762,.6721,.768
142,"leicester_square",.2,.6,.75,.7667,.8,.76,.04,.24,.4,.4,.44,.48,.0667,.3429,.5217,.5257,.5677,.5884
143,"ciudad_de_las_artes_y_las_ciencias",.8,.9,.9,.8667,.9,.88,.12,.28,.48,.6,.6,.68,.2087,.4271,.6261,.7091,.72,.7672
144,"topkapi_palace",1.0,1.0,1.0,.9667,.975,.98,.16,.28,.44,.52,.68,.72,.2759,.4375,.6111,.6762,.8012,.8301
145,"royal_albert_hall",1.0,1.0,.95,.7,.775,.78,.16,.16,.4,.44,.48,.52,.2759,.2759,.563,.5404,.5928,.624
146,"st_vitus_cathedral",1.0,.9,.95,.9667,.875,.9,.16,.28,.56,.64,.64,.68,.2759,.4271,.7046,.7701,.7393,.7747
147,"castello_sforzesco",1.0,1.0,.9,.8667,.9,.9,.12,.2,.36,.4,.52,.56,.2143,.3333,.5143,.5474,.6592,.6904
148,"rijksmuseum_amsterdam",1.0,1.0,1.0,1.0,.975,.98,.16,.24,.52,.56,.56,.84,.2759,.3871,.6842,.7179,.7114,.9046
149,"dam_square",.6,.8,.8,.7,.625,.62,.12,.24,.44,.52,.56,.64,.2,.3692,.5677,.5967,.5907,.6298
150,"rathaus_vienna",.6,.7,.85,.6667,.575,.58,.12,.2,.24,.28,.32,.36,.2,.3111,.3743,.3944,.4112,.4443
151,"bath_abbey",.8,.9,.95,.9667,.975,.98,.16,.24,.4,.48,.56,.6,.2667,.3789,.563,.6415,.7114,.7443
152,"salisbury_cathedral",1.0,1.0,1.0,1.0,1.0,.96,.12,.24,.36,.4,.4,.48,.2143,.3871,.5294,.5714,.5714,.64
153,"templo_de_debod",.4,.3,.4,.3,.325,.44,.0455,.0909,.1818,.2273,.3182,.3182,.0816,.1395,.25,.2586,.3216,.3693
154,"Niagara_Falls",.8,.7,.6,.6333,.65,.68,.0909,.2273,.3636,.4545,.5455,.5455,.1633,.3431,.4528,.5292,.5932,.6053
155,"Golden_Gate_Bridge_in_San_Francisco",1.0,.9,.9,.9,.925,.94,.1364,.2273,.3636,.4545,.6364,.6818,.24,.3629,.518,.604,.754,.7904
156,"Neuschwanstein_Castle",1.0,1.0,1.0,1.0,1.0,.98,.12,.28,.44,.6,.72,.76,.2143,.4375,.6111,.75,.8372,.8561
157,"Christ_Church_Cathedral_Missouri",1.0,1.0,1.0,1.0,.95,.78,.16,.28,.48,.52,.56,.56,.2759,.4375,.6486,.6842,.7046,.6519
158,"Mount_Rushmore_in_South_Dakota",.8,.9,.9,.9333,.95,.96,.08,.28,.4,.44,.56,.72,.1455,.4271,.5538,.5981,.7046,.8229
159,"Puerta_de_Toledo",.6,.3,.15,.1,.075,.06,1.0,1.0,1.0,1.0,1.0,1.0,.75,.4615,.2609,.1818,.1395,.1132
160,"Urquhart_Castle",.8,.9,.9,.9,.875,.84,.1667,.3333,.4583,.5833,.6667,.75,.2759,.4865,.6074,.7079,.7568,.7925
161,"Gare_du_Nord_Paris",.8,.9,.85,.8333,.825,.82,.16,.24,.28,.28,.36,.44,.2667,.3789,.4212,.4192,.5013,.5727
162,"Newgrange_in_Ireland",.8,.6,.75,.8,.7,.66,.0833,.1667,.375,.4583,.5,.5417,.1509,.2609,.5,.5828,.5833,.595
163,"Windmills_at_Kinderdijk",1.0,.7,.85,.8333,.825,.82,.16,.2,.32,.44,.52,.64,.2759,.3111,.465,.5759,.6379,.7189
164,"Conciergerie",.8,.8,.9,.9333,.95,.96,.16,.28,.44,.48,.56,.6,.2667,.4148,.591,.634,.7046,.7385
165,"Palazzo_Madama",.8,.9,.85,.8667,.75,.74,.1818,.3636,.5455,.5909,.5909,.6818,.2963,.518,.6645,.7027,.661,.7097
166,"Split_Rock_Lighthouse",1.0,1.0,.95,.9,.825,.84,.16,.2,.28,.36,.36,.4,.2759,.3333,.4325,.5143,.5013,.5419
167,"The_Little_Mermaid_Denmark",.8,.6,.6,.7333,.775,.82,.2143,.3571,.3571,.5714,.7143,.8571,.338,.4478,.4478,.6423,.7434,.8382
168,"Great_Pyramid_of_Giza",.6,.7,.6,.6,.625,.66,.2,.3333,.4667,.5333,.6667,.7333,.3,.4516,.525,.5647,.6452,.6947
169,"Pitti_Palace",.8,.8,.85,.7,.65,.56,.1818,.3636,.5455,.5909,.6364,.6818,.2963,.5,.6645,.6408,.6431,.6149
170,"Georgia_State_Capitol",.6,.5,.5,.6,.475,.38,.1053,.1579,.2632,.2632,.2632,.2632,.1791,.24,.3448,.3659,.3387,.311
171,"Dome_des_Invalides",1.0,1.0,1.0,.9667,.975,.98,.16,.28,.4,.44,.44,.44,.2759,.4375,.5714,.6047,.6064,.6073
172,"Reggia_di_Caserta",.4,.6,.75,.7,.7,.72,.08,.24,.4,.56,.56,.68,.1333,.3429,.5217,.6222,.6222,.6994
173,"The_Burj_al_Arab_Hotel",.6,.7,.8,.7667,.8,.82,.12,.2,.4,.44,.6,.64,.2,.3111,.5333,.5591,.6857,.7189
174,"Elephanta_Caves",1.0,1.0,.9,.8333,.85,.86,.1667,.25,.4583,.5,.5833,.625,.2857,.4,.6074,.625,.6919,.7239
175,"Basilica_of_Santa_Croce",1.0,1.0,.95,.9667,.975,.98,.12,.28,.4,.56,.56,.6,.2143,.4375,.563,.7092,.7114,.7443
176,"Aachen_Cathedral",1.0,1.0,1.0,.9333,.95,.94,.16,.24,.4,.52,.64,.76,.2759,.3871,.5714,.6679,.7648,.8405
177,"Monument_to_the_Great_Fire_of_London",1.0,.7,.55,.5667,.525,.48,.2,.2,.36,.4,.44,.52,.3333,.3111,.4352,.469,.4788,.4992
178,"Longmen_Grottoes",.8,.6,.6,.6667,.6,.6,.12,.2,.4,.56,.64,.72,.2087,.3,.48,.6087,.6194,.6545
179,"Louisiana_State_Capitol",.2,.3,.25,.2333,.2,.26,.04,.12,.16,.2,.24,.28,.0667,.1714,.1951,.2154,.2182,.2696
180,"The_Great_Sphinx_at_Giza",1.0,1.0,1.0,.9333,.9,.9,.16,.24,.36,.52,.6,.64,.2759,.3871,.5294,.6679,.72,.7481
181,"Teatro_Real_Madrid",.6,.6,.8,.8667,.85,.7,.1304,.2174,.4783,.6957,.7826,.7826,.2143,.3191,.5986,.7718,.8149,.739
182,"Palacio_de_la_Magdalena",.6,.6,.75,.7667,.75,.78,.08,.16,.36,.52,.6,.68,.1412,.2526,.4865,.6197,.6667,.7266
183,"Sowjetisches_Ehrenmal",.4,.3,.35,.5,.55,.64,.08,.12,.2,.4,.52,.6,.1333,.1714,.2545,.4444,.5346,.6194
184,"Cathedral_of_Trier",1.0,.8,.85,.8667,.9,.92,.2,.28,.4,.6,.68,.76,.3333,.4148,.544,.7091,.7747,.8324
185,"Saint_Mary_of_the_Flower",.4,.3,.2,.2,.175,.14,.04,.04,.04,.12,.16,.16,.0727,.0706,.0667,.15,.1672,.1493
186,"Skellig_Michael",.8,.7,.65,.6333,.7,.66,.16,.24,.4,.52,.6,.6,.2667,.3574,.4952,.5711,.6462,.6286
187,"Chicago_Board_of_Trade_Building",1.0,.9,.9,.8,.725,.72,.1364,.3182,.4545,.5455,.6364,.6818,.24,.4701,.604,.6486,.6778,.7004
188,"Pont_de_Normandie_France",1.0,.9,.9,.9,.9,.84,.2105,.3684,.7368,.7895,.8947,.9474,.3478,.5228,.8103,.8411,.8974,.8905
189,"Palazzo_Rosso",.0,.0,.0,.0,.025,.08,.0,.0,.0,.0,.0417,.125,.0,.0,.0,.0,.0312,.0976
190,"Piazza_Vittorio_Veneto",1.0,1.0,.75,.5333,.4,.38,.1875,.375,.5,.5,.5,.5625,.3158,.5455,.6,.5161,.4444,.4536
191,"Sforza_Castle",1.0,1.0,.95,.9333,.95,.96,.2,.32,.48,.56,.68,.72,.3333,.4848,.6378,.7,.7926,.8229
192,"Torres_KIO",1.0,.8,.9,.8667,.875,.9,.2,.24,.4,.4,.44,.56,.3333,.3692,.5538,.5474,.5856,.6904
193,"Torre_Picasso",1.0,.8,.9,.9333,.825,.66,.1667,.2083,.4167,.5833,.6667,.6667,.2857,.3306,.5696,.7179,.7374,.6633
194,"The_Palace_of_Parliament_in_Bucharest",1.0,.8,.9,.9,.925,.86,.2,.28,.4,.44,.6,.6,.3333,.4148,.5538,.591,.7279,.7068
195,"Ernest_Hemingway_House",1.0,.9,.85,.8667,.775,.78,.2,.32,.4,.56,.6,.64,.3333,.4721,.544,.6804,.6764,.7031
196,"Castel_dellOvo_Napoli",.8,.8,.85,.8667,.875,.9,.16,.28,.44,.6,.64,.76,.2667,.4148,.5798,.7091,.7393,.8241
197,"Villa_Borghese_gardens",1.0,1.0,1.0,1.0,1.0,1.0,.16,.32,.56,.68,.72,.76,.2759,.4848,.7179,.8095,.8372,.8636
198,"Saint_Marks_Basilica",1.0,.9,.95,.9667,.975,.92,.16,.24,.32,.32,.44,.52,.2759,.3789,.4787,.4808,.6064,.6644
199,"Mausoleum_of_the_First_Qin_Emperor",1.0,.8,.8,.8,.775,.76,.2,.24,.36,.44,.48,.56,.3333,.3692,.4966,.5677,.5928,.6448
200,"Mausoleum_of_Hadrian",1.0,1.0,.9,.7667,.625,.52,.1667,.2778,.3333,.4444,.5,.5,.2857,.4348,.4865,.5627,.5556,.5098
201,"Piazza_de_Ferrari",1.0,1.0,1.0,.9667,.975,.94,.2105,.3684,.4737,.4737,.5263,.5789,.3478,.5385,.6429,.6358,.6836,.7166
202,"George_Washington_Carver",.6,.6,.6,.6667,.55,.52,.125,.3125,.5,.625,.625,.6875,.2069,.411,.5455,.6452,.5851,.5921
203,"Cathedral_of_Santiago_de_Compostela",1.0,1.0,.95,.9333,.925,.84,.1176,.3529,.5294,.5882,.8235,.8824,.2105,.5217,.6799,.7216,.8713,.8607
204,"Saint-Jacques_Tower",.8,.9,.85,.8333,.8,.74,.2308,.3077,.3077,.3077,.4615,.4615,.3582,.4586,.4518,.4494,.5854,.5685
205,"Calakmul_Campeche_Mexico",1.0,1.0,.9,.9,.9,.88,.2143,.2857,.3571,.5,.6429,.7143,.3529,.4444,.5114,.6429,.75,.7885
206,"Bran_Castle_in_Transylvania",1.0,.8,.8,.8667,.9,.9,.2105,.2632,.3684,.5263,.6316,.7368,.3478,.396,.5045,.6549,.7423,.8103
207,"Mosteiro_da_Batalha",1.0,1.0,1.0,1.0,1.0,1.0,.2632,.4737,.6316,.6316,.6842,.7895,.4167,.6429,.7742,.7742,.8125,.8824
208,"Wartburg_Castle",.8,.9,.9,.9,.9,.9,.15,.25,.5,.6,.75,.8,.2526,.3913,.6429,.72,.8182,.8471
209,"Fujian_Tulou_Fujian_China",.8,.9,.95,.9667,.975,.96,.1111,.3333,.3889,.6111,.6667,.7222,.1951,.4865,.5519,.7488,.7919,.8243
210,"Alabama_State_Capitol",.8,.7,.7,.6667,.725,.78,.1429,.2857,.5238,.619,.6667,.8095,.2424,.4058,.5992,.642,.6946,.7945
211,"Palazzo_dAccursio",.6,.5,.7,.7333,.75,.78,.1111,.1667,.2778,.3333,.3889,.5556,.1875,.25,.3977,.4583,.5122,.6489
212,"Casa_Grande_Ruins",1.0,.9,.85,.8,.775,.8,.2353,.2941,.4118,.4706,.4706,.5294,.381,.4433,.5548,.5926,.5856,.6372
213,"Stravinsky_Fountain",1.0,1.0,1.0,.9667,.95,.9,.2,.4,.4667,.5333,.5333,.5333,.3333,.5714,.6364,.6874,.6831,.6698
214,"Angel_Falls_Venezuela",.6,.4,.45,.5333,.6,.56,.1765,.2353,.4118,.4706,.5882,.5882,.2727,.2963,.43,.5,.5941,.5738
215,"Statue_of_George_IV",.8,.7,.55,.4333,.425,.42,.375,.5,.5,.5,.625,.75,.5106,.5833,.5238,.4643,.506,.5385
216,"Palacio_Barolo",.8,.7,.8,.8667,.9,.92,.2353,.2941,.4706,.4706,.5882,.5882,.3636,.4142,.5926,.61,.7115,.7176
217,"Bridge_of_Remembrance_Christchurch_New_Zealand",1.0,1.0,1.0,.9,.8,.74,.3333,.4167,.75,.9167,.9167,1.0,.5,.5882,.8571,.9083,.8544,.8506
218,"John_A._Roebling_Suspension_Bridge",.0,.2,.35,.4,.475,.46,.0,.1333,.4,.5333,.6,.6667,.0,.16,.3733,.4571,.5302,.5444
219,"Blue_Dome_Santorini",.8,.9,.8,.8667,.9,.92,.1875,.4375,.5625,.6875,.6875,.75,.3038,.5888,.6606,.7668,.7795,.8263
220,"Fossar_de_les_Moreres",.2,.2,.45,.4333,.35,.34,.0714,.0714,.4286,.5,.5,.5714,.1053,.1053,.439,.4643,.4118,.4263
221,"Luxor_Obelisk_France",1.0,.7,.75,.7333,.75,.74,.1875,.25,.375,.4375,.4375,.4375,.3158,.3684,.5,.548,.5526,.5499
222,"Valle_de_los_Caidos",1.0,1.0,.9,.9,.925,.92,.25,.4,.45,.6,.65,.7,.4,.5714,.6,.72,.7635,.7951
--------------------
"--","Avg.",P@5,P@10,P@20,P@30,P@40,P@50,CR@5,CR@10,CR@20,CR@30,CR@40,CR@50,F1@5,F1@10,F1@20,F1@30,F1@40,F1@50
,.,7856,.7842,.7847,.7758,.7707,.7602,.1491,.2547,.3955,.4907,.5663,.6264,.2441,.3757,.5144,.5891,.639,.6722
