--------------------
"Run name","output_runTAMURADtrs"
--------------------
"Average P@20 = ",.7809
"Average CR@20 = ",.4137
"Average F1@20 = ",.5299
--------------------
"Query Id ","Location name",P@5,P@10,P@20,P@30,P@40,P@50,CR@5,CR@10,CR@20,CR@30,CR@40,CR@50,F1@5,F1@10,F1@20,F1@30,F1@40,F1@50
1,"angel_of_the_north",1.0,1.0,1.0,1.0,1.0,1.0,.2,.36,.48,.64,.72,.72,.3333,.5294,.6486,.7805,.8372,.8372
2,"big_ben",.8,.9,.9,.9333,.875,.86,.1364,.3182,.5,.5909,.6364,.6364,.233,.4701,.6429,.7237,.7368,.7315
3,"hearst_castle",1.0,.9,.95,.9667,.95,.9,.2083,.3333,.5833,.7083,.7917,.8333,.3448,.4865,.7228,.8176,.8636,.8654
4,"la_madeleine",.4,.4,.35,.4,.425,.4,.1429,.2143,.3571,.5714,.6429,.7143,.2105,.2791,.3535,.4706,.5117,.5128
5,"pont_alexandre_iii",1.0,1.0,1.0,.9333,.95,.94,.2,.24,.36,.44,.48,.64,.3333,.3871,.5294,.5981,.6378,.7615
6,"neues_museum",.0,.2,.35,.5,.475,.54,.0,.08,.28,.44,.44,.52,.0,.1143,.3111,.4681,.4568,.5298
7,"montezuma_castle",1.0,.9,.8,.7333,.7,.72,.3333,.3333,.5833,.5833,.6667,.75,.5,.4865,.6747,.6498,.6829,.7347
8,"cn_tower",.6,.6,.6,.6,.55,.64,.125,.25,.4167,.4583,.4583,.625,.2069,.3529,.4918,.5197,.5,.6324
9,"acropolis_athens",1.0,1.0,.85,.8667,.9,.92,.1905,.3333,.381,.4762,.5238,.619,.32,.5,.5261,.6147,.6622,.7401
10,"agra_fort",.8,.9,.85,.9,.9,.88,.12,.28,.44,.56,.68,.72,.2087,.4271,.5798,.6904,.7747,.792
11,"albert_memorial",.4,.7,.85,.8,.8,.82,.0455,.2273,.4091,.4091,.5,.6364,.0816,.3431,.5523,.5414,.6154,.7166
12,"altes_museum",.6,.6,.6,.6667,.65,.7,.125,.2083,.375,.5417,.625,.75,.2069,.3093,.4615,.5977,.6373,.7241
13,"amiens_cathedral",1.0,1.0,.95,.9,.925,.94,.16,.28,.44,.6,.72,.84,.2759,.4375,.6014,.72,.8097,.8872
14,"angkor_wat",.6,.7,.75,.7,.75,.74,.12,.2,.44,.44,.56,.64,.2,.3111,.5546,.5404,.6412,.6864
15,"ara_pacis",1.0,.7,.65,.7,.7,.66,.2273,.3182,.5,.5909,.7273,.7727,.3704,.4375,.5652,.6408,.7134,.7119
16,"arc_de_triomphe",.8,.9,.75,.7667,.775,.7,.125,.25,.3333,.4583,.5417,.5417,.2162,.3913,.4615,.5737,.6377,.6107
17,"aztec_ruins",.4,.2,.2,.2,.225,.26,.08,.08,.16,.24,.28,.32,.1333,.1143,.1778,.2182,.2495,.2869
18,"berlin_cathedral",1.0,.9,.95,.9667,.95,.96,.12,.24,.4,.56,.72,.72,.2143,.3789,.563,.7092,.8192,.8229
19,"bok_tower_gardens",1.0,.9,.9,.9,.85,.84,.2,.32,.56,.72,.72,.8,.3333,.4721,.6904,.8,.7796,.8195
20,"brandenburg_gate",1.0,.9,.95,.9667,.975,.98,.16,.28,.52,.6,.72,.76,.2759,.4271,.6721,.7404,.8283,.8561
21,"cabrillo",.4,.2,.2,.1667,.125,.12,.1538,.1538,.3077,.3846,.3846,.3846,.2222,.1739,.2424,.2326,.1887,.1829
22,"casa_batllo",1.0,1.0,1.0,1.0,.975,.98,.12,.28,.44,.56,.6,.68,.2143,.4375,.6111,.7179,.7429,.8029
23,"casa_rosada",1.0,.9,.95,.9,.9,.9,.2,.28,.44,.6,.6,.72,.3333,.4271,.6014,.72,.72,.8
24,"castillo_de_san_marcos",1.0,.9,.65,.6667,.725,.7,.16,.2,.28,.44,.68,.72,.2759,.3273,.3914,.5301,.7018,.7099
25,"chartres_cathedral",1.0,1.0,1.0,1.0,.975,.96,.2,.32,.48,.6,.6,.72,.3333,.4848,.6486,.75,.7429,.8229
26,"chichen_itza",1.0,.8,.85,.8667,.9,.86,.16,.24,.4,.48,.6,.72,.2759,.3692,.544,.6178,.72,.7838
27,"christ_the_redeemer_rio",1.0,.7,.65,.6333,.6,.58,.1739,.2174,.3478,.5217,.6087,.6087,.2963,.3318,.4532,.5721,.6043,.594
28,"civic_center_san_francisco",.6,.8,.7,.6667,.65,.66,.12,.28,.44,.48,.6,.64,.2,.4148,.5404,.5581,.624,.6498
29,"cologne_cathedral",1.0,1.0,.95,.9667,.95,.96,.2,.32,.48,.64,.68,.8,.3333,.4848,.6378,.7701,.7926,.8727
30,"colosseum",1.0,1.0,1.0,1.0,.975,.98,.16,.28,.44,.48,.6,.68,.2759,.4375,.6111,.6486,.7429,.8029
31,"doge_s_palace",.8,.9,.9,.8,.825,.86,.16,.24,.36,.52,.56,.56,.2667,.3789,.5143,.6303,.6671,.6783
32,"eiffel_tower",1.0,1.0,1.0,.9667,.975,.9,.2,.32,.32,.44,.52,.56,.3333,.4848,.4848,.6047,.6783,.6904
33,"golden_gate_bridge",.4,.6,.65,.7667,.825,.82,.087,.2174,.3478,.5652,.6087,.6087,.1429,.3191,.4532,.6507,.7005,.6987
34,"grand_palais",1.0,.9,.9,.9333,.925,.9,.1364,.2273,.5,.5455,.5455,.5909,.24,.3629,.6429,.6885,.6862,.7134
35,"guggenheim_museum_bilbao",1.0,.9,.9,.9333,.9,.92,.16,.32,.4,.52,.56,.68,.2759,.4721,.5538,.6679,.6904,.782
36,"hagia_sophia_istanbul",.8,.9,.95,.9667,.95,.94,.16,.28,.44,.52,.6,.64,.2667,.4271,.6014,.6762,.7355,.7615
37,"hoover_dam",1.0,.9,.95,.9667,.975,.98,.2,.36,.52,.6,.68,.8,.3333,.5143,.6721,.7404,.8012,.8809
38,"humayun_tomb",.6,.7,.75,.7333,.75,.74,.12,.24,.4,.52,.64,.72,.2,.3574,.5217,.6085,.6906,.7299
39,"iguazu_falls",.6,.5,.65,.6667,.725,.72,.12,.16,.28,.44,.6,.64,.2,.2424,.3914,.5301,.6566,.6776
40,"iolani_palace",1.0,1.0,.9,.7667,.75,.72,.16,.32,.44,.52,.56,.64,.2759,.4848,.591,.6197,.6412,.6776
41,"la_mezquita",.8,.7,.75,.7667,.75,.66,.125,.1667,.375,.4583,.5,.5417,.2162,.2692,.5,.5737,.6,.595
42,"la_rambla_barcelona",1.0,.9,.9,.9,.925,.9,.12,.16,.36,.48,.6,.64,.2143,.2717,.5143,.6261,.7279,.7481
43,"la_sainte_chapelle",1.0,1.0,.95,.9667,.95,.96,.16,.28,.44,.56,.68,.72,.2759,.4375,.6014,.7092,.7926,.8229
44,"liberty_memorial",.4,.6,.7,.6667,.725,.7,.04,.12,.32,.44,.48,.56,.0727,.2,.4392,.5301,.5776,.6222
45,"lincoln_home",.8,.9,.9,.8,.7,.7,.1667,.3889,.5556,.5556,.6111,.6667,.2759,.5431,.687,.6557,.6525,.6829
46,"machu_picchu",.8,.8,.7,.7333,.75,.78,.08,.24,.44,.6,.64,.8,.1455,.3692,.5404,.66,.6906,.7899
47,"marble_arch_london",.4,.7,.55,.4667,.45,.42,.1667,.25,.25,.4167,.75,.8333,.2353,.3684,.3438,.4403,.5625,.5585
48,"milan_cathedral",1.0,.9,.8,.8333,.875,.88,.16,.28,.48,.6,.68,.72,.2759,.4271,.6,.6977,.7653,.792
49,"mole_antonelliana",.8,.7,.7,.7333,.7,.66,.16,.2,.28,.4,.48,.52,.2667,.3111,.4,.5176,.5695,.5817
50,"mont_saint_michel",1.0,1.0,1.0,.9667,.975,.96,.16,.28,.44,.52,.64,.68,.2759,.4375,.6111,.6762,.7728,.7961
51,"moulin_rouge",.0,.1,.15,.2,.175,.22,.0,.125,.375,.375,.5,.75,.0,.1111,.2143,.2609,.2593,.3402
52,"nelson_s_column",.8,.9,.95,.9667,.975,.96,.1667,.3333,.4583,.5,.5417,.625,.2759,.4865,.6183,.6591,.6964,.7571
53,"notre_dame_de_paris",.8,.9,.95,.9667,.875,.88,.12,.28,.48,.56,.68,.76,.2087,.4271,.6378,.7092,.7653,.8156
54,"obelisco",.2,.2,.2,.2,.15,.18,.0909,.0909,.2727,.4545,.4545,.6364,.125,.125,.2308,.2778,.2256,.2806
55,"piccadilly_circus",1.0,.9,.75,.8,.75,.7,.1304,.2174,.3043,.3913,.5217,.5652,.2308,.3502,.433,.5255,.6154,.6254
56,"place_de_la_concorde",1.0,1.0,1.0,.9667,.975,.98,.12,.24,.36,.56,.6,.64,.2143,.3871,.5294,.7092,.7429,.7743
57,"place_de_la_republique",.2,.4,.25,.2,.175,.16,.125,.5,.625,.625,.75,.75,.1538,.4444,.3571,.303,.2838,.2637
58,"place_des_vosges",1.0,1.0,.85,.7667,.725,.72,.2,.32,.4,.48,.6,.6,.3333,.4848,.544,.5904,.6566,.6545
59,"pont_du_gard",.8,.9,.8,.8,.8,.82,.16,.28,.36,.44,.48,.56,.2667,.4271,.4966,.5677,.6,.6655
60,"pont_neuf",1.0,.8,.8,.7667,.725,.7,.16,.16,.32,.48,.56,.64,.2759,.2667,.4571,.5904,.6319,.6687
61,"ponte_vecchio",.6,.6,.7,.7333,.75,.7,.125,.2083,.4167,.5,.5417,.5417,.2069,.3093,.5224,.5946,.629,.6107
62,"puerta_de_alcala",.6,.7,.55,.5,.55,.6,.1579,.3684,.3684,.4211,.4211,.5263,.25,.4828,.4413,.4571,.477,.5607
63,"puerta_del_sol",1.0,.7,.6,.5667,.475,.42,.25,.25,.3,.45,.45,.45,.4,.3684,.4,.5016,.4622,.4345
64,"red_fort",1.0,1.0,1.0,1.0,1.0,1.0,.2,.32,.56,.64,.64,.72,.3333,.4848,.7179,.7805,.7805,.8372
65,"reims_cathedral",1.0,1.0,1.0,.9667,.95,.96,.2,.32,.44,.48,.6,.64,.3333,.4848,.6111,.6415,.7355,.768
66,"rialto_bridge",.8,.8,.85,.6667,.625,.58,.1875,.375,.4375,.5,.5,.625,.3038,.5106,.5777,.5714,.5556,.6017
67,"roman_forum_rome",.4,.5,.7,.7333,.725,.7,.08,.2,.44,.6,.72,.76,.1333,.2857,.5404,.66,.7225,.7288
68,"sacre_coeur",.4,.3,.5,.4667,.525,.56,.0833,.125,.2917,.375,.4583,.5833,.1379,.1765,.3684,.4158,.4894,.5714
69,"sagrada_familia",.8,.9,.95,.9667,.95,.94,.16,.28,.4,.44,.56,.64,.2667,.4271,.563,.6047,.7046,.7615
70,"santa_maria_novella",.8,.6,.65,.6333,.575,.52,.16,.24,.36,.4,.48,.48,.2667,.3429,.4634,.4903,.5232,.4992
71,"schonbrunn_palace",1.0,1.0,1.0,.9667,.975,.98,.16,.28,.4,.52,.64,.68,.2759,.4375,.5714,.6762,.7728,.8029
72,"seville_cathedral",.8,.8,.85,.8667,.875,.9,.16,.2,.28,.44,.48,.6,.2667,.32,.4212,.5837,.6199,.72
73,"spanish_steps",.6,.7,.7,.6,.625,.68,.0909,.1364,.3636,.5,.6364,.7727,.1579,.2283,.4786,.5455,.6306,.7234
74,"st__basil_cathedral",1.0,.9,.9,.9333,.925,.9,.16,.24,.44,.6,.72,.76,.2759,.3789,.591,.7304,.8097,.8241
75,"statue_of_liberty",1.0,.7,.85,.8667,.8,.78,.2,.28,.4,.48,.52,.6,.3333,.4,.544,.6178,.6303,.6783
76,"stonehenge",.6,.7,.65,.5667,.55,.56,.1053,.2632,.3158,.3684,.4211,.6842,.1791,.3825,.4251,.4465,.477,.6159
77,"summer_palace_beijing",1.0,1.0,.9,.9333,.9,.82,.2,.32,.4,.56,.64,.68,.3333,.4848,.5538,.7,.7481,.7435
78,"sydney_opera_house",1.0,1.0,1.0,.9333,.95,.94,.16,.32,.48,.48,.52,.56,.2759,.4848,.6486,.634,.6721,.7019
79,"teotihuacan",.8,.8,.8,.7667,.7,.7,.12,.2,.4,.52,.6,.6,.2087,.32,.5333,.6197,.6462,.6462
80,"terracotta_army",.6,.5,.45,.5333,.45,.5,.1,.2,.3,.5,.55,.65,.1714,.2857,.36,.5161,.495,.5652
81,"the_blue_mosque",.8,.9,.95,.9333,.925,.94,.12,.32,.48,.6,.6,.64,.2087,.4721,.6378,.7304,.7279,.7615
82,"the_henry_ford",.8,.7,.8,.7333,.7,.68,.16,.24,.44,.48,.6,.6,.2667,.3574,.5677,.5802,.6462,.6375
83,"taj_mahal",.8,.8,.8,.8667,.9,.84,.12,.2,.4,.48,.52,.68,.2087,.32,.5333,.6178,.6592,.7516
84,"tour_montparnasse",.8,.6,.4,.4333,.425,.4,.2,.25,.3,.4,.5,.55,.32,.3529,.3429,.416,.4595,.4632
85,"tower_bridge_london",.6,.5,.6,.5667,.625,.58,.12,.2,.32,.48,.64,.64,.2,.2857,.4174,.5197,.6324,.6085
86,"trafalgar_square",.4,.5,.5,.4667,.5,.46,.0909,.2273,.3182,.3636,.5,.5455,.1481,.3125,.3889,.4088,.5,.4991
87,"leaning_tower_of_pisa",.6,.6,.6,.4667,.55,.58,.08,.12,.2,.24,.48,.52,.1412,.2,.3,.317,.5126,.5484
88,"hermitage_museum_saint_petersburg",.8,.9,.8,.8333,.8,.76,.12,.24,.36,.4,.56,.56,.2087,.3789,.4966,.5405,.6588,.6448
89,"jantar_mantar_jaipur",.6,.8,.75,.7333,.775,.76,.12,.28,.52,.6,.72,.72,.2,.4148,.6142,.66,.7465,.7395
90,"lake_titicaca_peru",1.0,.6,.5,.5667,.6,.58,.1667,.2083,.3333,.5417,.6667,.6667,.2857,.3093,.4,.5539,.6316,.6203
91,"the_great_wall_of_china",1.0,.9,.9,.8667,.875,.82,.12,.28,.4,.52,.6,.64,.2143,.4271,.5538,.65,.7119,.7189
92,"grande_arche_paris",.6,.8,.7,.6,.575,.62,.12,.2,.32,.36,.4,.52,.2,.32,.4392,.45,.4718,.5656
93,"el_angel_mexico",.4,.6,.65,.4667,.525,.52,.0952,.1905,.3333,.381,.5714,.619,.1538,.2892,.4407,.4195,.5472,.5652
94,"bibliotheque_nationale_de_france",.8,.6,.55,.6667,.7,.74,.12,.16,.32,.44,.52,.68,.2087,.2526,.4046,.5301,.5967,.7087
95,"kronborg_castle",.8,.7,.75,.8333,.8,.82,.1667,.2917,.4167,.5,.5417,.5417,.2759,.4118,.5357,.625,.646,.6524
96,"ajanta_caves",.8,.8,.85,.8333,.875,.86,.1364,.2727,.5455,.5909,.6364,.6818,.233,.4068,.6645,.6915,.7368,.7606
97,"atomium",1.0,1.0,.85,.9,.925,.92,.1905,.3333,.381,.5238,.5238,.619,.32,.5,.5261,.6622,.6689,.7401
98,"ellora_caves",1.0,1.0,.9,.9,.925,.94,.1818,.2727,.3636,.4091,.4545,.4545,.3077,.4286,.518,.5625,.6096,.6128
99,"potala_palace",1.0,.9,.9,.9,.875,.88,.1111,.3333,.5,.6111,.7222,.7778,.2,.4865,.6429,.7279,.7913,.8257
100,"jokhang",.8,.7,.7,.7,.725,.74,.12,.16,.36,.48,.64,.68,.2087,.2605,.4755,.5695,.6799,.7087
101,"rila_monastery",.2,.6,.8,.8667,.9,.9,.04,.2,.28,.32,.44,.48,.0667,.3,.4148,.4674,.591,.6261
102,"louvre_pyramid",1.0,1.0,.95,.9333,.95,.88,.2222,.3333,.5556,.6111,.6667,.6667,.3636,.5,.7011,.7386,.7835,.7586
103,"brooklyn_bridge",.8,.8,.85,.8667,.9,.88,.1905,.2857,.4286,.4286,.6667,.6667,.3077,.4211,.5698,.5735,.766,.7586
104,"tower_of_london",.8,.8,.85,.8333,.825,.78,.1739,.2609,.3913,.4348,.5217,.6087,.2857,.3934,.5359,.5714,.6392,.6838
105,"british_museum_london",1.0,1.0,1.0,1.0,1.0,1.0,.15,.2,.4,.45,.5,.6,.2609,.3333,.5714,.6207,.6667,.75
106,"buckingham_palace",.4,.5,.45,.4667,.475,.48,.05,.15,.3,.45,.45,.45,.0889,.2308,.36,.4582,.4622,.4645
107,"charles_bridge_prague",1.0,1.0,.8,.7,.7,.68,.125,.25,.375,.4167,.4583,.5417,.2222,.4,.5106,.5224,.554,.603
108,"champs_elysees_paris",.4,.7,.55,.4333,.4,.42,.1333,.2667,.3333,.4,.4667,.5333,.2,.3862,.4151,.416,.4308,.4699
109,"chrysler_building",1.0,1.0,1.0,1.0,.975,.98,.2857,.5,.7143,.8571,.8571,.8571,.4444,.6667,.8333,.9231,.9123,.9145
110,"moma_new_york",.6,.7,.8,.8333,.825,.82,.1579,.3158,.5263,.5789,.6316,.6842,.25,.4352,.6349,.6832,.7154,.746
111,"grand_central_terminal",1.0,1.0,1.0,.9667,.95,.88,.1429,.2381,.3333,.4286,.4762,.5714,.25,.3846,.5,.5939,.6344,.6929
112,"houses_of_parliament",1.0,1.0,.95,.9333,.925,.94,.1739,.2174,.3043,.4348,.5652,.6087,.2963,.3571,.461,.5932,.7017,.7389
113,"alexanderplatz_berlin",.0,.4,.65,.6,.6,.6,.0,.16,.36,.44,.52,.52,.0,.2286,.4634,.5077,.5571,.5571
114,"centre_pompidou",1.0,.9,.7,.7,.7,.66,.2222,.2778,.4444,.5556,.5556,.6111,.3636,.4245,.5437,.6195,.6195,.6346
115,"sydney_harbour_bridge",1.0,1.0,1.0,1.0,1.0,.98,.25,.375,.5625,.6875,.75,.75,.4,.5455,.72,.8148,.8571,.8497
116,"pier_39",1.0,1.0,1.0,.9333,.925,.9,.1905,.2857,.4762,.619,.6667,.6667,.32,.4444,.6452,.7444,.7749,.766
117,"coit_tower",.6,.6,.6,.5,.55,.54,.1333,.2667,.4667,.5333,.6667,.7333,.2182,.3692,.525,.5161,.6027,.622
118,"st_paul_s_cathedral_london",1.0,1.0,.95,.8,.8,.74,.2353,.2941,.4706,.7059,.7647,.8235,.381,.4545,.6294,.75,.782,.7795
119,"cloud_gate",.8,.7,.75,.7667,.7,.7,.25,.25,.5,.5,.5,.5,.381,.3684,.6,.6053,.5833,.5833
120,"musee_d_orsay",1.0,.9,.9,.9333,.95,.96,.0952,.1905,.381,.4762,.619,.7143,.1739,.3144,.5353,.6306,.7496,.8191
121,"pike_place_market",1.0,1.0,.85,.8333,.825,.82,.2381,.3333,.4286,.619,.6667,.7143,.3846,.5,.5698,.7104,.7374,.7635
122,"royal_palace_madrid",.6,.8,.75,.7333,.75,.8,.1364,.2727,.4091,.5455,.5909,.6364,.2222,.4068,.5294,.6256,.661,.7089
123,"sony_center_berlin",.8,.9,.95,.9333,.95,.94,.1429,.3333,.381,.5238,.5714,.5714,.2424,.4865,.5438,.671,.7136,.7108
124,"red_square_moscow",.8,.8,.65,.7,.725,.68,.1429,.2381,.2381,.381,.4762,.619,.2424,.367,.3485,.4934,.5748,.6481
125,"prague_castle",1.0,.9,.95,.9667,.875,.88,.16,.32,.48,.56,.6,.68,.2759,.4721,.6378,.7092,.7119,.7672
126,"musee_du_louvre",1.0,1.0,1.0,1.0,1.0,.98,.2,.28,.44,.56,.68,.68,.3333,.4375,.6111,.7179,.8095,.8029
127,"millennium_bridge_london",1.0,.9,.85,.8,.85,.84,.2,.32,.48,.52,.56,.6,.3333,.4721,.6135,.6303,.6752,.7
128,"casa_mila",1.0,.9,.9,.9333,.95,.96,.2,.32,.52,.6,.76,.76,.3333,.4721,.6592,.7304,.8444,.8484
129,"national_gallery_london",.8,.8,.85,.7,.7,.66,.1818,.3182,.4545,.5,.5,.5909,.2963,.4553,.5923,.5833,.5833,.6235
130,"national_mall",1.0,1.0,.9,.9,.9,.88,.2,.36,.56,.64,.68,.76,.3333,.5294,.6904,.7481,.7747,.8156
131,"london_city_hall",1.0,1.0,.85,.8,.85,.84,.2,.35,.45,.6,.65,.75,.3333,.5185,.5885,.6857,.7367,.7925
132,"holocaust_memorial",.8,.8,.75,.6,.65,.58,.125,.25,.4375,.4375,.5,.5,.2162,.381,.5526,.506,.5652,.537
133,"columbus_circle",.4,.5,.55,.5333,.55,.58,.08,.2,.32,.44,.52,.6,.1333,.2857,.4046,.4822,.5346,.5898
134,"siegessaeule",.8,.7,.65,.6333,.6,.54,.12,.2,.32,.44,.48,.56,.2087,.3111,.4289,.5193,.5333,.5498
135,"jardin_du_luxembourg",1.0,1.0,1.0,1.0,1.0,.98,.2,.32,.52,.64,.68,.76,.3333,.4848,.6842,.7805,.8095,.8561
136,"merlion_singapore",.2,.1,.2,.2667,.3,.32,.0455,.0455,.1364,.2727,.4091,.5455,.0741,.0625,.1622,.2697,.3462,.4034
137,"harrods_london",1.0,.8,.8,.7333,.8,.82,.2,.28,.4,.44,.56,.6,.3333,.4148,.5333,.55,.6588,.693
138,"metropolitan_museum_of_art_new_york",1.0,1.0,.95,.9667,.95,.96,.16,.28,.36,.48,.56,.68,.2759,.4375,.5221,.6415,.7046,.7961
139,"new_york_stock_exchange",1.0,1.0,.7,.6,.65,.64,.2,.35,.35,.4,.5,.65,.3333,.5185,.4667,.48,.5652,.645
140,"stephansdom_vienna",1.0,1.0,1.0,1.0,1.0,.98,.2,.36,.52,.68,.72,.72,.3333,.5294,.6842,.8095,.8372,.8301
141,"hms_belfast",1.0,1.0,1.0,1.0,.95,.96,.16,.28,.52,.6,.64,.68,.2759,.4375,.6842,.75,.7648,.7961
142,"leicester_square",.8,.6,.7,.7667,.75,.72,.12,.16,.28,.44,.44,.56,.2087,.2526,.4,.5591,.5546,.63
143,"ciudad_de_las_artes_y_las_ciencias",1.0,.9,.9,.9,.925,.92,.12,.28,.48,.52,.6,.72,.2143,.4271,.6261,.6592,.7279,.8078
144,"topkapi_palace",1.0,1.0,1.0,1.0,1.0,.98,.2,.32,.48,.6,.72,.72,.3333,.4848,.6486,.75,.8372,.8301
145,"royal_albert_hall",1.0,1.0,.9,.9,.8,.74,.16,.28,.44,.48,.56,.6,.2759,.4375,.591,.6261,.6588,.6627
146,"st_vitus_cathedral",1.0,1.0,.95,.9667,.975,.96,.12,.24,.4,.48,.56,.6,.2143,.3871,.563,.6415,.7114,.7385
147,"castello_sforzesco",1.0,.9,.85,.8667,.875,.88,.16,.32,.36,.44,.56,.68,.2759,.4721,.5058,.5837,.6829,.7672
148,"rijksmuseum_amsterdam",1.0,1.0,1.0,1.0,1.0,1.0,.2,.32,.48,.52,.56,.64,.3333,.4848,.6486,.6842,.7179,.7805
149,"dam_square",.8,.7,.65,.6667,.7,.66,.16,.24,.32,.44,.48,.48,.2667,.3574,.4289,.5301,.5695,.5558
150,"rathaus_vienna",1.0,.9,.8,.8,.775,.7,.12,.16,.28,.4,.44,.48,.2143,.2717,.4148,.5333,.5613,.5695
151,"bath_abbey",1.0,1.0,1.0,1.0,.975,.96,.16,.28,.52,.52,.64,.72,.2759,.4375,.6842,.6842,.7728,.8229
152,"salisbury_cathedral",1.0,1.0,1.0,.9667,.95,.94,.12,.24,.32,.44,.48,.56,.2143,.3871,.4848,.6047,.6378,.7019
153,"templo_de_debod",.2,.2,.25,.3667,.4,.42,.0455,.0909,.2273,.2727,.4091,.4545,.0741,.125,.2381,.3128,.4045,.4366
154,"Niagara_Falls",.8,.8,.7,.6667,.65,.68,.1364,.2727,.4091,.5,.5909,.6364,.233,.4068,.5164,.5714,.619,.6575
155,"Golden_Gate_Bridge_in_San_Francisco",.6,.8,.85,.9,.925,.94,.1364,.1818,.3636,.5455,.6364,.6818,.2222,.2963,.5094,.6792,.754,.7904
156,"Neuschwanstein_Castle",.8,.9,.85,.9,.9,.88,.12,.28,.44,.6,.68,.68,.2087,.4271,.5798,.72,.7747,.7672
157,"Christ_Church_Cathedral_Missouri",1.0,1.0,.95,.9,.925,.94,.16,.28,.44,.6,.64,.64,.2759,.4375,.6014,.72,.7565,.7615
158,"Mount_Rushmore_in_South_Dakota",.8,.8,.85,.8667,.875,.86,.12,.2,.36,.48,.52,.52,.2087,.32,.5058,.6178,.6523,.6481
159,"Puerta_de_Toledo",.2,.1,.1,.1,.075,.06,.5,.5,1.0,1.0,1.0,1.0,.2857,.1667,.1818,.1818,.1395,.1132
160,"Urquhart_Castle",1.0,.9,.85,.8,.8,.78,.2083,.2917,.4583,.625,.75,.75,.3448,.4406,.5955,.7018,.7742,.7647
161,"Gare_du_Nord_Paris",.6,.6,.75,.8333,.775,.74,.12,.2,.32,.4,.4,.4,.2,.3,.4486,.5405,.5277,.5193
162,"Newgrange_in_Ireland",.4,.6,.6,.6333,.65,.66,.0833,.1667,.25,.4167,.4167,.4167,.1379,.2609,.3529,.5026,.5078,.5108
163,"Windmills_at_Kinderdijk",1.0,1.0,1.0,.9,.825,.84,.12,.24,.32,.44,.52,.64,.2143,.3871,.4848,.591,.6379,.7265
164,"Conciergerie",1.0,.9,.95,.9667,.95,.96,.2,.24,.4,.56,.64,.72,.3333,.3789,.563,.7092,.7648,.8229
165,"Palazzo_Madama",.8,.9,.8,.6667,.7,.7,.1818,.3636,.5,.5455,.6364,.6364,.2963,.518,.6154,.6,.6667,.6667
166,"Split_Rock_Lighthouse",1.0,.9,.85,.8,.8,.82,.16,.2,.28,.4,.48,.52,.2759,.3273,.4212,.5333,.6,.6364
167,"The_Little_Mermaid_Denmark",1.0,1.0,.75,.6,.675,.62,.2857,.3571,.5,.5,.6429,.6429,.4444,.5263,.6,.5455,.6585,.6312
168,"Great_Pyramid_of_Giza",.2,.5,.7,.7,.725,.66,.0667,.2667,.4667,.6667,.7333,.8,.1,.3478,.56,.6829,.7291,.7233
169,"Pitti_Palace",.6,.8,.8,.7333,.8,.76,.1364,.2273,.4091,.5,.5455,.5455,.2222,.354,.5414,.5946,.6486,.6351
170,"Georgia_State_Capitol",.6,.7,.5,.4333,.375,.36,.1579,.2632,.2632,.2632,.2632,.3158,.25,.3825,.3448,.3275,.3093,.3364
171,"Dome_des_Invalides",1.0,1.0,1.0,.9667,.975,.96,.16,.24,.36,.48,.6,.6,.2759,.3871,.5294,.6415,.7429,.7385
172,"Reggia_di_Caserta",.6,.7,.6,.6667,.675,.62,.12,.28,.44,.56,.64,.64,.2,.4,.5077,.6087,.657,.6298
173,"The_Burj_al_Arab_Hotel",1.0,.8,.75,.7667,.75,.74,.16,.28,.4,.52,.52,.56,.2759,.4148,.5217,.6197,.6142,.6375
174,"Elephanta_Caves",1.0,1.0,.95,.9,.925,.88,.2083,.25,.4583,.5833,.625,.6667,.3448,.4,.6183,.7079,.746,.7586
175,"Basilica_of_Santa_Croce",1.0,1.0,1.0,1.0,1.0,1.0,.12,.24,.48,.6,.6,.6,.2143,.3871,.6486,.75,.75,.75
176,"Aachen_Cathedral",1.0,1.0,.95,.9667,.95,.94,.16,.28,.48,.6,.68,.72,.2759,.4375,.6378,.7404,.7926,.8154
177,"Monument_to_the_Great_Fire_of_London",.4,.3,.5,.4667,.5,.56,.08,.12,.4,.44,.52,.64,.1333,.1714,.4444,.4529,.5098,.5973
178,"Longmen_Grottoes",.6,.6,.55,.5333,.575,.58,.12,.2,.36,.52,.64,.68,.2,.3,.4352,.5266,.6058,.626
179,"Louisiana_State_Capitol",.2,.2,.3,.2667,.325,.34,.04,.08,.16,.24,.4,.44,.0667,.1143,.2087,.2526,.3586,.3836
180,"The_Great_Sphinx_at_Giza",.8,.8,.9,.8667,.825,.8,.16,.28,.44,.52,.6,.64,.2667,.4148,.591,.65,.6947,.7111
181,"Teatro_Real_Madrid",1.0,1.0,1.0,.9,.775,.78,.2174,.3478,.6087,.7391,.7826,.8261,.3571,.5161,.7568,.8117,.7788,.8024
182,"Palacio_de_la_Magdalena",.6,.7,.7,.7,.725,.74,.12,.2,.4,.56,.68,.8,.2,.3111,.5091,.6222,.7018,.7688
183,"Sowjetisches_Ehrenmal",.2,.6,.6,.5667,.6,.58,.04,.24,.4,.52,.56,.64,.0667,.3429,.48,.5423,.5793,.6085
184,"Cathedral_of_Trier",.8,.9,.95,.9667,.925,.94,.16,.24,.48,.64,.76,.84,.2667,.3789,.6378,.7701,.8344,.8872
185,"Saint_Mary_of_the_Flower",.4,.5,.35,.3667,.325,.38,.08,.16,.2,.28,.28,.44,.1333,.2424,.2545,.3175,.3008,.4078
186,"Skellig_Michael",.6,.7,.8,.6667,.675,.68,.12,.24,.44,.52,.56,.72,.2,.3574,.5677,.5843,.6121,.6994
187,"Chicago_Board_of_Trade_Building",1.0,1.0,.95,.8333,.75,.68,.2273,.3182,.4091,.5455,.6364,.6818,.3704,.4828,.5719,.6593,.6885,.6809
188,"Pont_de_Normandie_France",1.0,1.0,1.0,.8667,.85,.82,.2632,.3684,.6316,.6316,.7368,.7368,.4167,.5385,.7742,.7307,.7894,.7762
189,"Palazzo_Rosso",.0,.0,.15,.1,.075,.06,.0,.0,.125,.125,.125,.125,.0,.0,.1364,.1111,.0937,.0811
190,"Piazza_Vittorio_Veneto",.6,.7,.7,.4667,.475,.46,.1875,.25,.5,.5,.625,.6875,.2857,.3684,.5833,.4828,.5398,.5512
191,"Sforza_Castle",1.0,1.0,1.0,.9333,.925,.92,.16,.36,.48,.56,.6,.68,.2759,.5294,.6486,.7,.7279,.782
192,"Torres_KIO",1.0,.9,.85,.9,.9,.88,.16,.28,.4,.6,.64,.64,.2759,.4271,.544,.72,.7481,.7411
193,"Torre_Picasso",1.0,1.0,.85,.8,.8,.82,.1667,.2917,.5,.625,.625,.75,.2857,.4516,.6296,.7018,.7018,.7834
194,"The_Palace_of_Parliament_in_Bucharest",1.0,.9,.95,.9333,.95,.94,.12,.2,.32,.4,.44,.56,.2143,.3273,.4787,.56,.6014,.7019
195,"Ernest_Hemingway_House",1.0,.7,.7,.8,.825,.78,.16,.2,.36,.56,.68,.72,.2759,.3111,.4755,.6588,.7455,.7488
196,"Castel_dellOvo_Napoli",1.0,1.0,.9,.9,.875,.86,.2,.32,.44,.56,.68,.72,.3333,.4848,.591,.6904,.7653,.7838
197,"Villa_Borghese_gardens",1.0,1.0,.95,.9667,.975,.98,.16,.28,.44,.64,.84,.84,.2759,.4375,.6014,.7701,.9025,.9046
198,"Saint_Marks_Basilica",1.0,1.0,.95,.9333,.925,.94,.16,.28,.48,.56,.6,.64,.2759,.4375,.6378,.7,.7279,.7615
199,"Mausoleum_of_the_First_Qin_Emperor",1.0,.7,.75,.8333,.875,.88,.2,.24,.36,.4,.52,.72,.3333,.3574,.4865,.5405,.6523,.792
200,"Mausoleum_of_Hadrian",.8,.8,.7,.7667,.775,.74,.1667,.3333,.3889,.5556,.7778,.7778,.2759,.4706,.5,.6443,.7764,.7584
201,"Piazza_de_Ferrari",.8,.9,.95,.9333,.95,.96,.1579,.2632,.4211,.5263,.5789,.5789,.2637,.4072,.5835,.6731,.7194,.7223
202,"George_Washington_Carver",.8,.7,.65,.6667,.65,.66,.1875,.375,.5,.5625,.625,.625,.3038,.4884,.5652,.6102,.6373,.642
203,"Cathedral_of_Santiago_de_Compostela",1.0,.9,.8,.7667,.8,.78,.1765,.2941,.4706,.5882,.7647,.7647,.3,.4433,.5926,.6657,.782,.7723
204,"Saint-Jacques_Tower",1.0,.9,.7,.7333,.725,.72,.2308,.2308,.3846,.3846,.4615,.5385,.375,.3673,.4965,.5046,.564,.6161
205,"Calakmul_Campeche_Mexico",1.0,1.0,1.0,.9333,.9,.84,.1429,.4286,.7143,.7143,.7143,.8571,.25,.6,.8333,.8092,.7965,.8485
206,"Bran_Castle_in_Transylvania",.8,.9,.9,.9,.9,.88,.1053,.2632,.4737,.5789,.7895,.7895,.186,.4072,.6207,.7046,.8411,.8323
207,"Mosteiro_da_Batalha",1.0,1.0,1.0,1.0,1.0,1.0,.2105,.3158,.5789,.6316,.6842,.7368,.3478,.48,.7333,.7742,.8125,.8485
208,"Wartburg_Castle",1.0,1.0,.85,.9,.925,.92,.15,.3,.55,.75,.8,.85,.2609,.4615,.6679,.8182,.858,.8836
209,"Fujian_Tulou_Fujian_China",1.0,1.0,.95,.9667,.975,.96,.2222,.3889,.5,.6111,.6111,.6667,.3636,.56,.6552,.7488,.7513,.7869
210,"Alabama_State_Capitol",.8,.7,.8,.7,.75,.78,.1905,.2857,.5238,.619,.7619,.8095,.3077,.4058,.6331,.657,.7559,.7945
211,"Palazzo_dAccursio",.6,.7,.65,.6667,.75,.64,.1111,.1667,.2778,.3889,.5,.5556,.1875,.2692,.3892,.4912,.6,.5948
212,"Casa_Grande_Ruins",.6,.7,.7,.8,.775,.76,.1176,.2353,.3529,.3529,.4118,.5294,.1967,.3522,.4693,.4898,.5378,.6241
213,"Stravinsky_Fountain",1.0,.9,.9,.9,.9,.88,.2,.2,.3333,.3333,.4667,.6,.3333,.3273,.4865,.4865,.6146,.7135
214,"Angel_Falls_Venezuela",.6,.7,.7,.6333,.6,.56,.1765,.2941,.5294,.5882,.7059,.7647,.2727,.4142,.6029,.61,.6486,.6465
215,"Statue_of_George_IV",.8,.5,.45,.5333,.5,.46,.375,.375,.5,.5,.625,.75,.5106,.4286,.4737,.5161,.5556,.5702
216,"Palacio_Barolo",.8,.9,.95,.9,.875,.9,.2353,.3529,.5294,.7059,.7647,.7647,.3636,.507,.6799,.7912,.8161,.8269
217,"Bridge_of_Remembrance_Christchurch_New_Zealand",1.0,.8,.65,.6667,.6,.58,.3333,.5,.5833,.75,.8333,.8333,.5,.6154,.6149,.7059,.6977,.684
218,"John_A._Roebling_Suspension_Bridge",.4,.5,.45,.4333,.45,.48,.1333,.3333,.4667,.5333,.6,.6,.2,.4,.4582,.4782,.5143,.5333
219,"Blue_Dome_Santorini",1.0,.9,.85,.9,.9,.92,.3125,.4375,.625,.625,.75,.8125,.4762,.5888,.7203,.7377,.8182,.8629
220,"Fossar_de_les_Moreres",.8,.7,.6,.5667,.55,.44,.2143,.3571,.4286,.7143,.7143,.7143,.338,.473,.5,.632,.6215,.5446
221,"Luxor_Obelisk_France",.8,.7,.75,.7333,.775,.78,.125,.1875,.375,.4375,.4375,.5,.2162,.2958,.5,.548,.5593,.6094
222,"Valle_de_los_Caidos",.8,.9,.9,.8667,.825,.86,.15,.3,.4,.55,.6,.7,.2526,.45,.5538,.6729,.6947,.7718
--------------------
"--","Avg.",P@5,P@10,P@20,P@30,P@40,P@50,CR@5,CR@10,CR@20,CR@30,CR@40,CR@50,F1@5,F1@10,F1@20,F1@30,F1@40,F1@50
,.,8,.7955,.7809,.7689,.7671,.7579,.1552,.2626,.4137,.5131,.59,.648,.2554,.3883,.5299,.6039,.6538,.6849
