--------------------
"Run name","output_runFCTHSumSquaredError"
--------------------
"Average P@20 = ",.811
"Average CR@20 = ",.3701
"Average F1@20 = ",.4964
--------------------
"Query Id ","Location name",P@5,P@10,P@20,P@30,P@40,P@50,CR@5,CR@10,CR@20,CR@30,CR@40,CR@50,F1@5,F1@10,F1@20,F1@30,F1@40,F1@50
1,"angel_of_the_north",1.0,1.0,1.0,1.0,1.0,1.0,.16,.24,.32,.48,.6,.68,.2759,.3871,.4848,.6486,.75,.8095
2,"big_ben",1.0,1.0,.9,.9,.925,.94,.2273,.3182,.3182,.4545,.5,.6364,.3704,.4828,.4701,.604,.6491,.7589
3,"hearst_castle",1.0,1.0,.9,.9,.925,.92,.2083,.375,.5417,.6667,.7917,.8333,.3448,.5455,.6763,.766,.8532,.8745
4,"la_madeleine",.0,.0,.2,.4,.45,.48,.0,.0,.1429,.5,.5714,.8571,.0,.0,.1667,.4444,.5035,.6154
5,"pont_alexandre_iii",1.0,1.0,.95,.9667,.975,.98,.2,.32,.32,.4,.48,.68,.3333,.4848,.4787,.5659,.6433,.8029
6,"neues_museum",.0,.0,.0,.1667,.25,.4,.0,.0,.0,.08,.2,.48,.0,.0,.0,.1081,.2222,.4364
7,"montezuma_castle",1.0,.9,.65,.4333,.475,.56,.3333,.5,.5,.5,.5833,.75,.5,.6429,.5652,.4643,.5236,.6412
8,"cn_tower",.4,.5,.55,.6333,.7,.74,.0833,.1667,.2917,.375,.5833,.625,.1379,.25,.3812,.4711,.6364,.6777
9,"acropolis_athens",.8,.7,.85,.8667,.9,.88,.1429,.1429,.4762,.4762,.5238,.5714,.2424,.2373,.6104,.6147,.6622,.6929
10,"agra_fort",.8,.8,.85,.8333,.85,.88,.16,.28,.4,.56,.64,.68,.2667,.4148,.544,.6699,.7302,.7672
11,"albert_memorial",.6,.8,.9,.6333,.675,.72,.0909,.1364,.2273,.2727,.4091,.4545,.1579,.233,.3629,.3813,.5094,.5573
12,"altes_museum",1.0,1.0,.85,.6667,.5,.48,.1667,.25,.4167,.5,.5,.5833,.2857,.4,.5592,.5714,.5,.5266
13,"amiens_cathedral",.8,.9,.95,.9667,.95,.96,.12,.24,.56,.6,.68,.72,.2087,.3789,.7046,.7404,.7926,.8229
14,"angkor_wat",1.0,.9,.65,.6,.675,.74,.12,.2,.32,.4,.56,.56,.2143,.3273,.4289,.48,.6121,.6375
15,"ara_pacis",1.0,1.0,.75,.6,.65,.68,.2273,.3636,.4545,.5,.6364,.7273,.3704,.5333,.566,.5455,.6431,.7028
16,"arc_de_triomphe",1.0,1.0,.95,.9,.875,.84,.125,.2083,.4167,.5,.5833,.6667,.2222,.3448,.5793,.6429,.7,.7434
17,"aztec_ruins",.0,.0,.0,.1,.325,.26,.0,.0,.0,.08,.32,.32,.0,.0,.0,.0889,.3225,.2869
18,"berlin_cathedral",1.0,1.0,.95,.9667,.975,.98,.2,.32,.44,.52,.6,.64,.3333,.4848,.6014,.6762,.7429,.7743
19,"bok_tower_gardens",1.0,.9,.75,.8,.85,.86,.2,.32,.48,.64,.68,.72,.3333,.4721,.5854,.7111,.7556,.7838
20,"brandenburg_gate",1.0,1.0,1.0,1.0,.975,.98,.12,.24,.32,.44,.44,.52,.2143,.3871,.4848,.6111,.6064,.6795
21,"cabrillo",.0,.3,.25,.1667,.15,.14,.0,.2308,.3077,.3077,.3846,.4615,.0,.2609,.2759,.2162,.2158,.2148
22,"casa_batllo",1.0,1.0,1.0,1.0,1.0,1.0,.16,.24,.36,.52,.72,.84,.2759,.3871,.5294,.6842,.8372,.913
23,"casa_rosada",.8,.7,.85,.9,.925,.94,.12,.24,.32,.44,.6,.76,.2087,.3574,.465,.591,.7279,.8405
24,"castillo_de_san_marcos",1.0,.9,.55,.5667,.65,.6,.16,.24,.28,.36,.48,.56,.2759,.3789,.3711,.4403,.5522,.5793
25,"chartres_cathedral",1.0,1.0,1.0,1.0,.95,.96,.12,.24,.48,.6,.72,.72,.2143,.3871,.6486,.75,.8192,.8229
26,"chichen_itza",.8,.8,.8,.7667,.775,.82,.12,.2,.32,.44,.6,.68,.2087,.32,.4571,.5591,.6764,.7435
27,"christ_the_redeemer_rio",.4,.6,.65,.6,.55,.48,.087,.1739,.2609,.3043,.4348,.5217,.1429,.2697,.3723,.4038,.4857,.5
28,"civic_center_san_francisco",1.0,.8,.8,.8333,.775,.76,.2,.28,.4,.52,.52,.56,.3333,.4148,.5333,.6404,.6224,.6448
29,"cologne_cathedral",1.0,1.0,1.0,.9667,.975,.96,.12,.24,.4,.44,.52,.6,.2143,.3871,.5714,.6047,.6783,.7385
30,"colosseum",1.0,1.0,1.0,1.0,1.0,.98,.12,.16,.4,.48,.6,.6,.2143,.2759,.5714,.6486,.75,.7443
31,"doge_s_palace",1.0,1.0,.95,.8333,.75,.78,.12,.2,.36,.4,.48,.52,.2143,.3333,.5221,.5405,.5854,.624
32,"eiffel_tower",1.0,1.0,1.0,.9333,.95,.96,.16,.16,.32,.44,.44,.48,.2759,.2759,.4848,.5981,.6014,.64
33,"golden_gate_bridge",1.0,.8,.9,.8667,.85,.86,.1739,.2609,.3913,.4783,.4783,.5652,.2963,.3934,.5455,.6164,.6121,.6821
34,"grand_palais",1.0,.9,.95,.9333,.925,.92,.0909,.2273,.3636,.5,.5455,.5455,.1667,.3629,.526,.6512,.6862,.6849
35,"guggenheim_museum_bilbao",1.0,1.0,1.0,1.0,.975,.96,.12,.2,.28,.48,.6,.68,.2143,.3333,.4375,.6486,.7429,.7961
36,"hagia_sophia_istanbul",1.0,1.0,1.0,1.0,1.0,.94,.12,.2,.32,.48,.52,.6,.2143,.3333,.4848,.6486,.6842,.7325
37,"hoover_dam",1.0,.9,.95,.9333,.95,.94,.16,.2,.4,.52,.52,.64,.2759,.3273,.563,.6679,.6721,.7615
38,"humayun_tomb",.8,.6,.55,.6667,.65,.72,.08,.16,.28,.48,.6,.64,.1455,.2526,.3711,.5581,.624,.6776
39,"iguazu_falls",.4,.7,.8,.8333,.875,.82,.04,.16,.36,.48,.6,.6,.0727,.2605,.4966,.6091,.7119,.693
40,"iolani_palace",1.0,1.0,.95,.9333,.825,.72,.12,.16,.36,.52,.68,.76,.2143,.2759,.5221,.6679,.7455,.7395
41,"la_mezquita",.6,.8,.85,.8667,.8,.72,.125,.2917,.4583,.5417,.5417,.5833,.2069,.4275,.5955,.6667,.646,.6445
42,"la_rambla_barcelona",1.0,.9,.95,.9333,.925,.94,.12,.16,.36,.44,.52,.56,.2143,.2717,.5221,.5981,.6657,.7019
43,"la_sainte_chapelle",1.0,1.0,.95,.9333,.95,.96,.16,.32,.48,.52,.68,.72,.2759,.4848,.6378,.6679,.7926,.8229
44,"liberty_memorial",1.0,.6,.4,.6,.7,.72,.08,.12,.2,.28,.48,.56,.1481,.2,.2667,.3818,.5695,.63
45,"lincoln_home",1.0,1.0,.95,.9333,.95,.92,.2778,.3333,.4444,.7222,.7778,.8333,.4348,.5,.6056,.8143,.8553,.8745
46,"machu_picchu",1.0,1.0,.7,.6667,.675,.68,.16,.28,.4,.44,.48,.6,.2759,.4375,.5091,.5301,.561,.6375
47,"marble_arch_london",.8,.8,.6,.5,.525,.42,.3333,.5,.5833,.6667,.8333,.8333,.4706,.6154,.5915,.5714,.6442,.5585
48,"milan_cathedral",1.0,1.0,.95,.8333,.85,.88,.12,.24,.32,.48,.64,.68,.2143,.3871,.4787,.6091,.7302,.7672
49,"mole_antonelliana",1.0,1.0,.85,.9,.75,.7,.12,.2,.2,.36,.4,.48,.2143,.3333,.3238,.5143,.5217,.5695
50,"mont_saint_michel",1.0,1.0,1.0,1.0,.975,.98,.12,.2,.4,.44,.48,.6,.2143,.3333,.5714,.6111,.6433,.7443
51,"moulin_rouge",.0,.0,.0,.0,.0,.1,.0,.0,.0,.0,.0,.375,.0,.0,.0,.0,.0,.1579
52,"nelson_s_column",.8,.9,.95,.9667,.975,.98,.0417,.1667,.2917,.4583,.5417,.5833,.0792,.2812,.4463,.6218,.6964,.7313
53,"notre_dame_de_paris",.8,.9,.9,.9333,.925,.9,.16,.24,.4,.56,.64,.68,.2667,.3789,.5538,.7,.7565,.7747
54,"obelisco",.2,.2,.1,.0667,.075,.08,.0909,.0909,.0909,.0909,.1818,.1818,.125,.125,.0952,.0769,.1062,.1111
55,"piccadilly_circus",1.0,.9,.9,.8,.75,.76,.1304,.1739,.4348,.4783,.4783,.6087,.2308,.2915,.5863,.5986,.5841,.676
56,"place_de_la_concorde",1.0,1.0,1.0,1.0,.975,.98,.12,.16,.28,.4,.56,.64,.2143,.2759,.4375,.5714,.7114,.7743
57,"place_de_la_republique",.2,.3,.4,.3,.25,.2,.125,.25,.625,.625,.75,.75,.1538,.2727,.4878,.4054,.375,.3158
58,"place_des_vosges",1.0,.8,.75,.8333,.8,.78,.08,.12,.28,.36,.44,.56,.1481,.2087,.4078,.5028,.5677,.6519
59,"pont_du_gard",.8,.8,.9,.9,.925,.78,.12,.16,.36,.44,.6,.6,.2087,.2667,.5143,.591,.7279,.6783
60,"pont_neuf",1.0,1.0,.9,.9,.825,.78,.16,.24,.4,.56,.64,.64,.2759,.3871,.5538,.6904,.7208,.7031
61,"ponte_vecchio",1.0,.9,.9,.8333,.775,.8,.125,.2083,.4167,.4583,.5417,.7083,.2222,.3383,.5696,.5914,.6377,.7514
62,"puerta_de_alcala",.2,.2,.35,.4667,.55,.6,.0526,.1053,.3158,.3158,.4737,.6316,.0833,.1379,.332,.3767,.509,.6154
63,"puerta_del_sol",.8,.9,.7,.5667,.475,.38,.1,.25,.3,.4,.4,.4,.1778,.3913,.42,.469,.4343,.3897
64,"red_fort",1.0,1.0,1.0,1.0,1.0,1.0,.16,.32,.4,.6,.72,.76,.2759,.4848,.5714,.75,.8372,.8636
65,"reims_cathedral",1.0,1.0,1.0,1.0,.975,.94,.12,.2,.44,.52,.56,.6,.2143,.3333,.6111,.6842,.7114,.7325
66,"rialto_bridge",1.0,1.0,.95,.7667,.75,.7,.125,.25,.4375,.4375,.6875,.6875,.2222,.4,.5991,.5571,.7174,.6937
67,"roman_forum_rome",.6,.8,.75,.7333,.725,.72,.12,.24,.4,.52,.56,.6,.2,.3692,.5217,.6085,.6319,.6545
68,"sacre_coeur",.2,.4,.55,.5667,.625,.62,.0417,.0833,.2083,.2917,.375,.4583,.069,.1379,.3022,.3851,.4688,.527
69,"sagrada_familia",1.0,.9,.95,.9333,.925,.94,.16,.28,.4,.52,.6,.6,.2759,.4271,.563,.6679,.7279,.7325
70,"santa_maria_novella",.8,.5,.45,.5333,.6,.54,.12,.16,.28,.4,.48,.48,.2087,.2424,.3452,.4571,.5333,.5082
71,"schonbrunn_palace",1.0,1.0,1.0,.9667,.975,.98,.12,.24,.48,.48,.52,.56,.2143,.3871,.6486,.6415,.6783,.7127
72,"seville_cathedral",.8,.7,.8,.8333,.875,.9,.16,.24,.36,.48,.56,.56,.2667,.3574,.4966,.6091,.6829,.6904
73,"spanish_steps",1.0,1.0,.75,.7333,.675,.68,.0909,.1818,.3636,.5455,.5909,.6364,.1667,.3077,.4898,.6256,.6302,.6575
74,"st__basil_cathedral",1.0,1.0,1.0,.9333,.875,.84,.16,.32,.52,.52,.6,.6,.2759,.4848,.6842,.6679,.7119,.7
75,"statue_of_liberty",1.0,1.0,.95,.9,.8,.8,.12,.16,.32,.44,.48,.56,.2143,.2759,.4787,.591,.6,.6588
76,"stonehenge",1.0,.7,.7,.7,.625,.52,.1053,.2105,.3684,.5263,.5263,.5789,.1905,.3237,.4828,.6009,.5714,.5479
77,"summer_palace_beijing",1.0,1.0,1.0,.9667,.975,.96,.12,.24,.36,.44,.56,.6,.2143,.3871,.5294,.6047,.7114,.7385
78,"sydney_opera_house",1.0,1.0,.95,.9667,.975,.9,.16,.28,.4,.44,.48,.56,.2759,.4375,.563,.6047,.6433,.6904
79,"teotihuacan",.8,.7,.65,.5667,.6,.6,.16,.2,.4,.44,.52,.64,.2667,.3111,.4952,.4954,.5571,.6194
80,"terracotta_army",.8,.9,.8,.5333,.4,.38,.2,.4,.5,.5,.5,.5,.32,.5538,.6154,.5161,.4444,.4318
81,"the_blue_mosque",.6,.8,.8,.8667,.875,.9,.12,.16,.28,.4,.44,.6,.2,.2667,.4148,.5474,.5856,.72
82,"the_henry_ford",1.0,1.0,1.0,.7667,.675,.66,.12,.28,.36,.4,.52,.6,.2143,.4375,.5294,.5257,.5874,.6286
83,"taj_mahal",1.0,.8,.8,.8667,.9,.92,.16,.2,.36,.48,.56,.56,.2759,.32,.4966,.6178,.6904,.6962
84,"tour_montparnasse",.8,.7,.7,.7,.6,.48,.15,.2,.35,.55,.55,.55,.2526,.3111,.4667,.616,.5739,.5126
85,"tower_bridge_london",1.0,1.0,.75,.6333,.65,.62,.16,.2,.36,.44,.52,.52,.2759,.3333,.4865,.5193,.5778,.5656
86,"trafalgar_square",.4,.4,.5,.4333,.4,.44,.0909,.1818,.2727,.3182,.4091,.4545,.1481,.25,.3529,.3669,.4045,.4472
87,"leaning_tower_of_pisa",.6,.5,.45,.4667,.425,.46,.12,.16,.24,.36,.4,.44,.2,.2424,.313,.4065,.4121,.4498
88,"hermitage_museum_saint_petersburg",1.0,1.0,.9,.7,.775,.82,.12,.24,.32,.36,.48,.6,.2143,.3871,.4721,.4755,.5928,.693
89,"jantar_mantar_jaipur",.6,.8,.75,.8333,.875,.88,.08,.28,.48,.56,.64,.76,.1412,.4148,.5854,.6699,.7393,.8156
90,"lake_titicaca_peru",.4,.5,.55,.5,.475,.48,.0417,.1667,.2917,.375,.5,.5417,.0755,.25,.3812,.4286,.4872,.509
91,"the_great_wall_of_china",.8,.9,.75,.8333,.85,.88,.12,.2,.36,.44,.52,.6,.2087,.3273,.4865,.5759,.6453,.7135
92,"grande_arche_paris",.8,.7,.65,.6,.6,.68,.12,.2,.28,.32,.36,.44,.2087,.3111,.3914,.4174,.45,.5343
93,"el_angel_mexico",1.0,1.0,.9,.7,.65,.64,.2381,.2857,.4762,.5714,.5714,.7143,.3846,.4444,.6228,.6292,.6082,.6751
94,"bibliotheque_nationale_de_france",.4,.6,.75,.7667,.725,.7,.08,.12,.2,.32,.4,.48,.1333,.2,.3158,.4515,.5156,.5695
95,"kronborg_castle",.6,.5,.7,.7333,.65,.64,.125,.2083,.375,.5417,.5417,.5833,.2069,.2941,.4884,.6231,.5909,.6104
96,"ajanta_caves",.8,.7,.8,.8667,.9,.92,.1364,.2273,.4091,.5,.5909,.6364,.233,.3431,.5414,.6341,.7134,.7523
97,"atomium",.8,.9,.95,.9667,.975,.96,.1429,.381,.381,.4286,.4286,.4286,.2424,.5353,.5438,.5939,.5954,.5926
98,"ellora_caves",1.0,1.0,1.0,.9667,.95,.94,.1818,.2273,.3182,.4091,.5455,.5909,.3077,.3704,.4828,.5749,.693,.7257
99,"potala_palace",.8,.9,.95,.9,.925,.88,.1667,.2222,.2778,.4444,.4444,.5556,.2759,.3564,.4299,.595,.6004,.6811
100,"jokhang",.8,.7,.75,.8333,.825,.84,.12,.16,.32,.52,.56,.68,.2087,.2605,.4486,.6404,.6671,.7516
101,"rila_monastery",.4,.7,.75,.8333,.875,.9,.08,.2,.28,.4,.48,.48,.1333,.3111,.4078,.5405,.6199,.6261
102,"louvre_pyramid",1.0,1.0,.95,.9333,.925,.94,.1111,.2222,.4444,.4444,.5556,.6111,.2,.3636,.6056,.6022,.6942,.7407
103,"brooklyn_bridge",.8,.9,.9,.9,.875,.84,.0952,.1905,.381,.4286,.4286,.5238,.1702,.3144,.5353,.5806,.5753,.6453
104,"tower_of_london",.6,.7,.8,.8,.75,.76,.0435,.087,.3478,.3478,.3913,.5217,.0811,.1547,.4848,.4848,.5143,.6187
105,"british_museum_london",1.0,1.0,1.0,1.0,1.0,.94,.1,.15,.3,.35,.5,.55,.1818,.2609,.4615,.5185,.6667,.694
106,"buckingham_palace",.6,.8,.55,.5,.45,.44,.15,.2,.2,.25,.3,.35,.24,.32,.2933,.3333,.36,.3899
107,"charles_bridge_prague",1.0,1.0,1.0,.8333,.7,.6,.0833,.125,.2917,.3333,.375,.375,.1538,.2222,.4516,.4762,.4884,.4615
108,"champs_elysees_paris",.6,.6,.65,.6,.6,.66,.1333,.2,.2667,.4,.5333,.5333,.2182,.3,.3782,.48,.5647,.5899
109,"chrysler_building",1.0,1.0,1.0,1.0,1.0,1.0,.2143,.3571,.4286,.5714,.7143,.9286,.3529,.5263,.6,.7273,.8333,.963
110,"moma_new_york",.6,.7,.85,.9,.925,.9,.1053,.1579,.2632,.4211,.5789,.5789,.1791,.2577,.4019,.5737,.7122,.7046
111,"grand_central_terminal",1.0,1.0,1.0,1.0,1.0,.96,.0952,.1905,.2381,.381,.4286,.4762,.1739,.32,.3846,.5517,.6,.6366
112,"houses_of_parliament",1.0,1.0,1.0,.9667,.975,.96,.1304,.2609,.3043,.4348,.4348,.4783,.2308,.4138,.4667,.5998,.6014,.6385
113,"alexanderplatz_berlin",.0,.0,.35,.5667,.6,.6,.0,.0,.16,.36,.4,.44,.0,.0,.2196,.4403,.48,.5077
114,"centre_pompidou",.8,.8,.65,.7667,.625,.62,.2222,.2778,.4444,.5,.5,.5,.3478,.4124,.5279,.6053,.5556,.5536
115,"sydney_harbour_bridge",1.0,1.0,1.0,1.0,1.0,1.0,.1875,.3125,.5,.5,.5625,.625,.3158,.4762,.6667,.6667,.72,.7692
116,"pier_39",1.0,1.0,.95,.9333,.95,.92,.1905,.2381,.381,.5714,.5714,.6667,.32,.3846,.5438,.7089,.7136,.7731
117,"coit_tower",.6,.8,.65,.5333,.5,.58,.1333,.2,.2667,.4,.4,.4667,.2182,.32,.3782,.4571,.4444,.5172
118,"st_paul_s_cathedral_london",1.0,1.0,1.0,1.0,.9,.86,.2353,.2941,.4706,.6471,.6471,.8235,.381,.4545,.64,.7857,.7529,.8414
119,"cloud_gate",.8,.7,.75,.7,.6,.58,.25,.25,.3333,.3333,.3333,.5,.381,.3684,.4615,.4516,.4286,.537
120,"musee_d_orsay",1.0,1.0,.85,.8667,.9,.92,.0952,.1429,.2857,.4762,.5714,.5714,.1739,.25,.4277,.6147,.699,.705
121,"pike_place_market",1.0,1.0,.9,.8667,.9,.82,.1905,.2857,.4762,.4762,.5238,.5238,.32,.4444,.6228,.6147,.6622,.6393
122,"royal_palace_madrid",.6,.8,.9,.8667,.775,.78,.1364,.2273,.4091,.4091,.4545,.5455,.2222,.354,.5625,.5558,.573,.642
123,"sony_center_berlin",.8,.9,.95,.9667,.925,.94,.1429,.1429,.381,.4762,.5238,.5238,.2424,.2466,.5438,.6381,.6689,.6727
124,"red_square_moscow",.8,.7,.7,.7,.675,.7,.0952,.1905,.3333,.4286,.5714,.5714,.1702,.2995,.4516,.5316,.6189,.6292
125,"prague_castle",1.0,.9,.95,.9333,.9,.84,.12,.28,.44,.56,.6,.64,.2143,.4271,.6014,.7,.72,.7265
126,"musee_du_louvre",1.0,.9,.95,.9667,.975,.98,.12,.24,.32,.48,.56,.68,.2143,.3789,.4787,.6415,.7114,.8029
127,"millennium_bridge_london",1.0,.6,.75,.7333,.775,.76,.2,.24,.4,.4,.48,.52,.3333,.3429,.5217,.5176,.5928,.6175
128,"casa_mila",1.0,1.0,1.0,.9333,.925,.92,.2,.28,.4,.48,.64,.68,.3333,.4375,.5714,.634,.7565,.782
129,"national_gallery_london",1.0,1.0,.85,.5667,.625,.68,.1818,.2727,.4091,.4091,.5,.6364,.3077,.4286,.5523,.4752,.5556,.6575
130,"national_mall",1.0,1.0,1.0,1.0,.925,.92,.2,.28,.44,.6,.6,.68,.3333,.4375,.6111,.75,.7279,.782
131,"london_city_hall",1.0,1.0,1.0,.9667,.925,.92,.2,.4,.5,.5,.55,.6,.3333,.5714,.6667,.6591,.6898,.7263
132,"holocaust_memorial",.8,.9,.85,.7667,.675,.66,.25,.375,.4375,.5625,.625,.625,.381,.5294,.5777,.6489,.649,.642
133,"columbus_circle",.4,.7,.8,.7667,.7,.58,.08,.2,.48,.64,.68,.68,.1333,.3111,.6,.6976,.6899,.626
134,"siegessaeule",1.0,1.0,1.0,1.0,.775,.68,.16,.2,.48,.64,.68,.72,.2759,.3333,.6486,.7805,.7244,.6994
135,"jardin_du_luxembourg",1.0,1.0,1.0,1.0,1.0,1.0,.12,.28,.44,.56,.68,.8,.2143,.4375,.6111,.7179,.8095,.8889
136,"merlion_singapore",.0,.2,.1,.1667,.2,.18,.0,.0909,.0909,.2273,.3182,.3636,.0,.125,.0952,.1923,.2456,.2408
137,"harrods_london",1.0,1.0,1.0,.8667,.775,.78,.16,.24,.44,.56,.6,.64,.2759,.3871,.6111,.6804,.6764,.7031
138,"metropolitan_museum_of_art_new_york",1.0,1.0,1.0,.9,.925,.94,.2,.24,.36,.44,.52,.56,.3333,.3871,.5294,.591,.6657,.7019
139,"new_york_stock_exchange",.8,.9,.9,.9333,.775,.66,.2,.25,.4,.4,.45,.5,.32,.3913,.5538,.56,.5694,.569
140,"stephansdom_vienna",1.0,1.0,1.0,1.0,1.0,1.0,.12,.28,.48,.56,.6,.68,.2143,.4375,.6486,.7179,.75,.8095
141,"hms_belfast",1.0,1.0,1.0,1.0,1.0,.96,.16,.2,.32,.44,.48,.6,.2759,.3333,.4848,.6111,.6486,.7385
142,"leicester_square",1.0,1.0,.9,.8,.8,.8,.12,.16,.24,.32,.44,.48,.2143,.2759,.3789,.4571,.5677,.6
143,"ciudad_de_las_artes_y_las_ciencias",1.0,.9,.9,.9,.925,.92,.16,.28,.36,.48,.6,.6,.2759,.4271,.5143,.6261,.7279,.7263
144,"topkapi_palace",1.0,1.0,.95,.9667,.975,.96,.2,.28,.44,.48,.56,.64,.3333,.4375,.6014,.6415,.7114,.768
145,"royal_albert_hall",1.0,1.0,.95,.7,.775,.76,.12,.16,.4,.44,.44,.48,.2143,.2759,.563,.5404,.5613,.5884
146,"st_vitus_cathedral",.8,.9,.95,.9667,.975,.96,.16,.28,.32,.52,.52,.6,.2667,.4271,.4787,.6762,.6783,.7385
147,"castello_sforzesco",1.0,1.0,.9,.8667,.9,.9,.12,.24,.32,.4,.52,.52,.2143,.3871,.4721,.5474,.6592,.6592
148,"rijksmuseum_amsterdam",1.0,1.0,1.0,1.0,1.0,1.0,.12,.12,.16,.36,.44,.6,.2143,.2143,.2759,.5294,.6111,.75
149,"dam_square",.8,.8,.8,.8333,.75,.7,.12,.2,.28,.36,.36,.44,.2087,.32,.4148,.5028,.4865,.5404
150,"rathaus_vienna",1.0,1.0,1.0,.9,.85,.7,.16,.16,.16,.2,.32,.36,.2759,.2759,.2759,.3273,.465,.4755
151,"bath_abbey",1.0,1.0,1.0,.9667,.975,.98,.2,.32,.4,.52,.56,.64,.3333,.4848,.5714,.6762,.7114,.7743
152,"salisbury_cathedral",1.0,1.0,1.0,1.0,1.0,1.0,.16,.2,.28,.28,.48,.52,.2759,.3333,.4375,.4375,.6486,.6842
153,"templo_de_debod",.2,.2,.25,.3667,.425,.36,.0455,.0455,.0909,.3182,.3636,.3636,.0741,.0741,.1333,.3407,.3919,.3618
154,"Niagara_Falls",.6,.7,.55,.6,.625,.56,.1364,.2273,.2727,.3636,.4091,.4545,.2222,.3431,.3646,.4528,.4945,.5018
155,"Golden_Gate_Bridge_in_San_Francisco",1.0,1.0,.9,.9333,.95,.96,.0909,.2727,.4091,.5,.5909,.6818,.1667,.4286,.5625,.6512,.7286,.7973
156,"Neuschwanstein_Castle",1.0,1.0,1.0,1.0,.975,.98,.12,.24,.44,.6,.68,.68,.2143,.3871,.6111,.75,.8012,.8029
157,"Christ_Church_Cathedral_Missouri",1.0,1.0,1.0,1.0,1.0,.98,.16,.36,.44,.56,.56,.56,.2759,.5294,.6111,.7179,.7179,.7127
158,"Mount_Rushmore_in_South_Dakota",.8,.8,.9,.9333,.95,.96,.12,.16,.32,.4,.56,.64,.2087,.2667,.4721,.56,.7046,.768
159,"Puerta_de_Toledo",.4,.3,.15,.1,.075,.06,1.0,1.0,1.0,1.0,1.0,1.0,.5714,.4615,.2609,.1818,.1395,.1132
160,"Urquhart_Castle",1.0,.9,.85,.7333,.775,.82,.2083,.2917,.4167,.4583,.5833,.7083,.3448,.4406,.5592,.5641,.6656,.7601
161,"Gare_du_Nord_Paris",.8,.6,.7,.7667,.825,.78,.16,.2,.24,.32,.44,.44,.2667,.3,.3574,.4515,.5739,.5626
162,"Newgrange_in_Ireland",.8,.7,.7,.7333,.725,.66,.125,.2083,.375,.4167,.5,.5417,.2162,.3211,.4884,.5314,.5918,.595
163,"Windmills_at_Kinderdijk",1.0,1.0,.95,.8333,.85,.84,.16,.24,.36,.4,.52,.56,.2759,.3871,.5221,.5405,.6453,.672
164,"Conciergerie",.8,.9,.95,.9667,.975,.98,.08,.24,.44,.56,.64,.76,.1455,.3789,.6014,.7092,.7728,.8561
165,"Palazzo_Madama",1.0,1.0,.85,.8667,.75,.74,.2273,.4091,.5455,.5909,.5909,.6818,.3704,.5806,.6645,.7027,.661,.7097
166,"Split_Rock_Lighthouse",1.0,1.0,.95,.9667,.925,.94,.12,.2,.28,.4,.44,.6,.2143,.3333,.4325,.5659,.5963,.7325
167,"The_Little_Mermaid_Denmark",1.0,1.0,.95,.9333,.95,.92,.2857,.2857,.5,.7143,.8571,.9286,.4444,.4444,.6552,.8092,.9012,.9243
168,"Great_Pyramid_of_Giza",.6,.6,.65,.5667,.65,.66,.2,.2667,.5333,.6,.7333,.7333,.3,.3692,.5859,.5829,.6892,.6947
169,"Pitti_Palace",.8,.9,.85,.8667,.85,.8,.1364,.2727,.4091,.5455,.5455,.5455,.233,.4186,.5523,.6695,.6645,.6486
170,"Georgia_State_Capitol",1.0,1.0,.8,.6,.45,.38,.1579,.2105,.2632,.2632,.2632,.2632,.2727,.3478,.396,.3659,.3321,.311
171,"Dome_des_Invalides",1.0,1.0,1.0,.9667,.975,.98,.16,.24,.4,.4,.44,.44,.2759,.3871,.5714,.5659,.6064,.6073
172,"Reggia_di_Caserta",1.0,.7,.55,.6,.475,.52,.16,.24,.36,.48,.52,.52,.2759,.3574,.4352,.5333,.4965,.52
173,"The_Burj_al_Arab_Hotel",.8,.7,.7,.8,.825,.84,.16,.24,.4,.44,.48,.52,.2667,.3574,.5091,.5677,.6069,.6424
174,"Elephanta_Caves",1.0,1.0,1.0,1.0,.975,.96,.1667,.25,.4583,.5833,.6667,.7083,.2857,.4,.6286,.7368,.7919,.8152
175,"Basilica_of_Santa_Croce",1.0,1.0,1.0,1.0,1.0,1.0,.12,.16,.2,.52,.64,.64,.2143,.2759,.3333,.6842,.7805,.7805
176,"Aachen_Cathedral",1.0,.9,.95,.9667,.95,.92,.16,.24,.4,.48,.56,.64,.2759,.3789,.563,.6415,.7046,.7549
177,"Monument_to_the_Great_Fire_of_London",1.0,.7,.6,.5,.425,.48,.2,.2,.28,.36,.4,.52,.3333,.3111,.3818,.4186,.4121,.4992
178,"Longmen_Grottoes",.8,.8,.7,.6333,.575,.58,.12,.24,.44,.56,.64,.68,.2087,.3692,.5404,.5944,.6058,.626
179,"Louisiana_State_Capitol",.4,.3,.25,.1667,.175,.22,.08,.12,.16,.16,.2,.32,.1333,.1714,.1951,.1633,.1867,.2607
180,"The_Great_Sphinx_at_Giza",1.0,1.0,.9,.8667,.85,.86,.16,.2,.32,.48,.56,.6,.2759,.3333,.4721,.6178,.6752,.7068
181,"Teatro_Real_Madrid",1.0,1.0,1.0,1.0,.825,.68,.1739,.3478,.5652,.7391,.7826,.7826,.2963,.5161,.7222,.85,.8032,.7277
182,"Palacio_de_la_Magdalena",.6,.7,.85,.8333,.825,.84,.12,.24,.44,.44,.56,.76,.2,.3574,.5798,.5759,.6671,.798
183,"Sowjetisches_Ehrenmal",.4,.4,.55,.6333,.65,.7,.08,.12,.28,.4,.56,.68,.1333,.1846,.3711,.4903,.6017,.6899
184,"Cathedral_of_Trier",1.0,1.0,1.0,.9667,.975,.92,.2,.32,.52,.6,.68,.8,.3333,.4848,.6842,.7404,.8012,.8558
185,"Saint_Mary_of_the_Flower",.2,.2,.15,.1333,.15,.22,.04,.08,.08,.12,.2,.36,.0667,.1143,.1043,.1263,.1714,.2731
186,"Skellig_Michael",1.0,.7,.75,.7,.725,.66,.2,.24,.44,.56,.6,.6,.3333,.3574,.5546,.6222,.6566,.6286
187,"Chicago_Board_of_Trade_Building",1.0,1.0,.95,.9,.775,.78,.1818,.3182,.4545,.5909,.5909,.6364,.3077,.4828,.6149,.7134,.6705,.7009
188,"Pont_de_Normandie_France",1.0,1.0,1.0,.9667,.925,.92,.2105,.2632,.5263,.7368,.7895,.7895,.3478,.4167,.6897,.8363,.8519,.8498
189,"Palazzo_Rosso",.0,.0,.0,.0,.075,.08,.0,.0,.0,.0,.0833,.125,.0,.0,.0,.0,.0789,.0976
190,"Piazza_Vittorio_Veneto",1.0,1.0,.7,.5333,.45,.44,.1875,.375,.4375,.5,.5,.6875,.3158,.5455,.5385,.5161,.4737,.5366
191,"Sforza_Castle",1.0,1.0,.95,.9333,.95,.96,.16,.32,.44,.56,.68,.72,.2759,.4848,.6014,.7,.7926,.8229
192,"Torres_KIO",1.0,1.0,.9,.9333,.925,.94,.16,.28,.4,.44,.52,.56,.2759,.4375,.5538,.5981,.6657,.7019
193,"Torre_Picasso",1.0,1.0,1.0,.9667,.775,.66,.1667,.2917,.5,.5833,.6667,.6667,.2857,.4516,.6667,.7276,.7168,.6633
194,"The_Palace_of_Parliament_in_Bucharest",1.0,.9,.95,.9667,.95,.96,.2,.2,.24,.24,.44,.68,.3333,.3273,.3832,.3845,.6014,.7961
195,"Ernest_Hemingway_House",.8,.9,.85,.9,.825,.76,.16,.28,.44,.56,.6,.64,.2667,.4271,.5798,.6904,.6947,.6949
196,"Castel_dellOvo_Napoli",.8,.9,.85,.8667,.9,.92,.16,.28,.44,.56,.68,.76,.2667,.4271,.5798,.6804,.7747,.8324
197,"Villa_Borghese_gardens",1.0,1.0,1.0,1.0,1.0,1.0,.16,.28,.48,.68,.72,.84,.2759,.4375,.6486,.8095,.8372,.913
198,"Saint_Marks_Basilica",1.0,1.0,1.0,1.0,1.0,1.0,.16,.24,.4,.4,.4,.4,.2759,.3871,.5714,.5714,.5714,.5714
199,"Mausoleum_of_the_First_Qin_Emperor",.8,.9,.95,.8,.825,.8,.16,.28,.44,.48,.52,.56,.2667,.4271,.6014,.6,.6379,.6588
200,"Mausoleum_of_Hadrian",1.0,1.0,.9,.9,.875,.9,.1111,.2778,.4444,.5,.5556,.6111,.2,.4348,.595,.6429,.6796,.7279
201,"Piazza_de_Ferrari",1.0,1.0,1.0,.9667,.95,.94,.1579,.2632,.3684,.4737,.5263,.5263,.2727,.4167,.5385,.6358,.6774,.6748
202,"George_Washington_Carver",.4,.5,.75,.7333,.675,.68,.0625,.1875,.4375,.5625,.5625,.5625,.1081,.2727,.5526,.6367,.6136,.6157
203,"Cathedral_of_Santiago_de_Compostela",1.0,1.0,1.0,.9,.875,.86,.1765,.2941,.4706,.6471,.7647,.7647,.3,.4545,.64,.7529,.8161,.8096
204,"Saint-Jacques_Tower",.8,.9,.8,.8333,.75,.74,.2308,.3077,.3077,.3846,.3846,.5385,.3582,.4586,.4444,.5263,.5085,.6233
205,"Calakmul_Campeche_Mexico",1.0,1.0,.9,.9,.9,.88,.2143,.2857,.3571,.5,.6429,.7143,.3529,.4444,.5114,.6429,.75,.7885
206,"Bran_Castle_in_Transylvania",1.0,1.0,.9,.9,.9,.9,.1579,.2632,.2632,.4211,.5263,.6316,.2727,.4167,.4072,.5737,.6642,.7423
207,"Mosteiro_da_Batalha",1.0,1.0,1.0,1.0,1.0,1.0,.2632,.2632,.5263,.5263,.6842,.6842,.4167,.4167,.6897,.6897,.8125,.8125
208,"Wartburg_Castle",1.0,1.0,.95,.9333,.9,.92,.15,.3,.5,.6,.65,.75,.2609,.4615,.6552,.7304,.7548,.8263
209,"Fujian_Tulou_Fujian_China",1.0,1.0,1.0,1.0,1.0,.98,.1667,.3333,.3889,.6111,.6667,.7222,.2857,.5,.56,.7586,.8,.8316
210,"Alabama_State_Capitol",.4,.5,.65,.7,.75,.76,.0952,.2381,.5238,.6667,.7619,.8095,.1538,.3226,.5801,.6829,.7559,.784
211,"Palazzo_dAccursio",1.0,1.0,.9,.8667,.825,.8,.2222,.2222,.3333,.5,.5,.6111,.3636,.3636,.4865,.6341,.6226,.6929
212,"Casa_Grande_Ruins",.8,.9,.8,.8,.825,.84,.2353,.2941,.3529,.4118,.4706,.4706,.3636,.4433,.4898,.5437,.5993,.6032
213,"Stravinsky_Fountain",1.0,1.0,1.0,1.0,1.0,.96,.2,.2667,.4667,.5333,.6,.6,.3333,.4211,.6364,.6957,.75,.7385
214,"Angel_Falls_Venezuela",.8,.7,.65,.5667,.525,.5,.2353,.2941,.4118,.5294,.5882,.6471,.3636,.4142,.5042,.5474,.5548,.5641
215,"Statue_of_George_IV",1.0,.9,.6,.5667,.575,.52,.5,.5,.625,.75,.875,.875,.6667,.6429,.6122,.6456,.694,.6523
216,"Palacio_Barolo",.8,.7,.8,.8667,.9,.92,.2353,.2353,.4118,.4706,.5882,.5882,.3636,.3522,.5437,.61,.7115,.7176
217,"Bridge_of_Remembrance_Christchurch_New_Zealand",1.0,1.0,1.0,1.0,.925,.8,.3333,.3333,.75,.9167,1.0,1.0,.5,.5,.8571,.9565,.961,.8889
218,"John_A._Roebling_Suspension_Bridge",.0,.1,.35,.3667,.4,.4,.0,.0667,.3333,.5333,.6667,.7333,.0,.08,.3415,.4346,.5,.5176
219,"Blue_Dome_Santorini",1.0,1.0,.9,.9333,.95,.96,.3125,.375,.5,.625,.6875,.8125,.4762,.5455,.6429,.7487,.7977,.8801
220,"Fossar_de_les_Moreres",1.0,.8,.75,.6333,.525,.46,.2143,.2857,.5714,.7143,.7143,.7143,.3529,.4211,.6486,.6714,.6052,.5596
221,"Luxor_Obelisk_France",1.0,.8,.8,.7667,.7,.7,.125,.25,.3125,.375,.375,.5,.2222,.381,.4494,.5036,.4884,.5833
222,"Valle_de_los_Caidos",1.0,1.0,.9,.9333,.95,.96,.25,.35,.55,.6,.7,.8,.4,.5185,.6828,.7304,.8061,.8727
--------------------
"--","Avg.",P@5,P@10,P@20,P@30,P@40,P@50,CR@5,CR@10,CR@20,CR@30,CR@40,CR@50,F1@5,F1@10,F1@20,F1@30,F1@40,F1@50
,.,8333,.8297,.811,.7935,.7804,.7705,.1492,.2345,.3701,.4671,.5421,.6048,.2453,.357,.4964,.575,.6258,.6623
