--------------------
"Run name","output_runACCDunnIndex"
--------------------
"Average P@20 = ",.7815
"Average CR@20 = ",.4003
"Average F1@20 = ",.5187
--------------------
"Query Id ","Location name",P@5,P@10,P@20,P@30,P@40,P@50,CR@5,CR@10,CR@20,CR@30,CR@40,CR@50,F1@5,F1@10,F1@20,F1@30,F1@40,F1@50
1,"angel_of_the_north",1.0,1.0,1.0,1.0,1.0,1.0,.16,.24,.44,.6,.64,.76,.2759,.3871,.6111,.75,.7805,.8636
2,"big_ben",.8,.8,.7,.7333,.7,.72,.1818,.2727,.4545,.5455,.5455,.5455,.2963,.4068,.5512,.6256,.6131,.6207
3,"hearst_castle",.8,.9,.9,.9,.9,.88,.1667,.375,.5417,.6667,.8333,.875,.2759,.5294,.6763,.766,.8654,.8775
4,"la_madeleine",.0,.1,.05,.3,.375,.48,.0,.0714,.0714,.3571,.5,.7857,.0,.0833,.0588,.3261,.4286,.5959
5,"pont_alexandre_iii",1.0,1.0,1.0,.9333,.95,.96,.2,.28,.48,.6,.76,.8,.3333,.4375,.6486,.7304,.8444,.8727
6,"neues_museum",.0,.3,.45,.5333,.5,.56,.0,.12,.32,.48,.52,.6,.0,.1714,.374,.5053,.5098,.5793
7,"montezuma_castle",.4,.6,.7,.7,.675,.66,.1667,.3333,.5833,.75,.75,.8333,.2353,.4286,.6364,.7241,.7105,.7366
8,"cn_tower",.6,.6,.5,.6333,.675,.72,.125,.2083,.2917,.375,.5833,.5833,.2069,.3093,.3684,.4711,.6258,.6445
9,"acropolis_athens",1.0,.8,.85,.8,.825,.84,.1429,.2381,.381,.4286,.4762,.5238,.25,.367,.5261,.5581,.6038,.6453
10,"agra_fort",.6,.7,.8,.8667,.85,.88,.12,.24,.44,.6,.68,.68,.2,.3574,.5677,.7091,.7556,.7672
11,"albert_memorial",.6,.8,.8,.8,.775,.82,.0909,.2273,.3182,.4545,.4545,.5455,.1579,.354,.4553,.5797,.573,.6551
12,"altes_museum",.4,.7,.75,.8333,.675,.66,.0833,.25,.4583,.6667,.7083,.7917,.1379,.3684,.569,.7407,.6913,.7199
13,"amiens_cathedral",1.0,1.0,1.0,1.0,.975,.98,.2,.36,.64,.72,.8,.84,.3333,.5294,.7805,.8372,.8789,.9046
14,"angkor_wat",.8,.7,.7,.7333,.775,.78,.16,.24,.44,.6,.72,.72,.2667,.3574,.5404,.66,.7465,.7488
15,"ara_pacis",.2,.5,.6,.6333,.6,.66,.0455,.2273,.4545,.6818,.7273,.7727,.0741,.3125,.5172,.6567,.6575,.7119
16,"arc_de_triomphe",.6,.7,.75,.8333,.825,.72,.125,.2083,.4583,.5833,.6667,.6667,.2069,.3211,.569,.6863,.7374,.6923
17,"aztec_ruins",.0,.0,.0,.0,.25,.26,.0,.0,.0,.0,.32,.32,.0,.0,.0,.0,.2807,.2869
18,"berlin_cathedral",1.0,1.0,1.0,1.0,.975,.96,.2,.36,.48,.6,.68,.8,.3333,.5294,.6486,.75,.8012,.8727
19,"bok_tower_gardens",1.0,.9,.75,.8,.85,.86,.2,.32,.48,.64,.68,.72,.3333,.4721,.5854,.7111,.7556,.7838
20,"brandenburg_gate",1.0,1.0,1.0,.9667,.975,.94,.16,.32,.48,.48,.6,.72,.2759,.4848,.6486,.6415,.7429,.8154
21,"cabrillo",.4,.2,.25,.1667,.15,.16,.1538,.1538,.3077,.3077,.3846,.5385,.2222,.1739,.2759,.2162,.2158,.2467
22,"casa_batllo",1.0,1.0,1.0,1.0,.975,.98,.2,.36,.44,.56,.68,.8,.3333,.5294,.6111,.7179,.8012,.8809
23,"casa_rosada",1.0,.8,.8,.8667,.9,.92,.16,.28,.4,.6,.72,.76,.2759,.4148,.5333,.7091,.8,.8324
24,"castillo_de_san_marcos",.8,.8,.8,.7667,.725,.74,.12,.24,.44,.56,.6,.64,.2087,.3692,.5677,.6472,.6566,.6864
25,"chartres_cathedral",.8,.9,.95,.9667,.95,.96,.12,.32,.48,.6,.68,.76,.2087,.4721,.6378,.7404,.7926,.8484
26,"chichen_itza",1.0,1.0,.75,.8,.825,.86,.16,.32,.44,.56,.64,.76,.2759,.4848,.5546,.6588,.7208,.8069
27,"christ_the_redeemer_rio",.4,.7,.55,.5667,.525,.58,.087,.2174,.3043,.3913,.5217,.6957,.1429,.3318,.3919,.4629,.5234,.6326
28,"civic_center_san_francisco",.8,.8,.7,.7667,.8,.76,.16,.28,.36,.56,.6,.6,.2667,.4148,.4755,.6472,.6857,.6706
29,"cologne_cathedral",.8,.9,.9,.9,.925,.92,.16,.24,.36,.56,.72,.8,.2667,.3789,.5143,.6904,.8097,.8558
30,"colosseum",.6,.8,.9,.9333,.85,.88,.12,.24,.4,.52,.52,.68,.2,.3692,.5538,.6679,.6453,.7672
31,"doge_s_palace",.8,.9,.85,.8,.75,.8,.16,.2,.44,.48,.48,.48,.2667,.3273,.5798,.6,.5854,.6
32,"eiffel_tower",.8,.8,.9,.9,.9,.9,.16,.2,.32,.36,.52,.6,.2667,.32,.4721,.5143,.6592,.72
33,"golden_gate_bridge",1.0,.9,.9,.9,.85,.86,.1739,.2609,.3913,.4783,.4783,.5652,.2963,.4045,.5455,.6246,.6121,.6821
34,"grand_palais",1.0,.9,.95,.9,.9,.92,.0909,.2273,.4091,.4545,.5455,.5455,.1667,.3629,.5719,.604,.6792,.6849
35,"guggenheim_museum_bilbao",.8,.9,.85,.8667,.9,.9,.16,.28,.36,.48,.52,.64,.2667,.4271,.5058,.6178,.6592,.7481
36,"hagia_sophia_istanbul",1.0,1.0,.95,.9667,.925,.92,.16,.32,.52,.64,.68,.76,.2759,.4848,.6721,.7701,.7838,.8324
37,"hoover_dam",1.0,1.0,1.0,.9667,.95,.92,.12,.32,.36,.52,.6,.68,.2143,.4848,.5294,.6762,.7355,.782
38,"humayun_tomb",.6,.8,.75,.7667,.8,.84,.12,.2,.36,.56,.68,.72,.2,.32,.4865,.6472,.7351,.7754
39,"iguazu_falls",.6,.5,.65,.7333,.75,.74,.08,.16,.48,.6,.68,.72,.1412,.2424,.5522,.66,.7133,.7299
40,"iolani_palace",.8,.8,.9,.9,.75,.64,.12,.2,.32,.52,.6,.64,.2087,.32,.4721,.6592,.6667,.64
41,"la_mezquita",.4,.5,.6,.7,.75,.68,.0833,.1667,.3333,.5,.5417,.625,.1379,.25,.4286,.5833,.629,.6513
42,"la_rambla_barcelona",1.0,1.0,.95,.9667,.95,.92,.16,.2,.32,.48,.52,.6,.2759,.3333,.4787,.6415,.6721,.7263
43,"la_sainte_chapelle",1.0,.9,.9,.9,.925,.94,.12,.28,.44,.68,.72,.72,.2143,.4271,.591,.7747,.8097,.8154
44,"liberty_memorial",.8,.6,.4,.6,.7,.7,.08,.12,.16,.28,.44,.52,.1455,.2,.2286,.3818,.5404,.5967
45,"lincoln_home",.8,.6,.75,.8333,.85,.7,.2222,.2222,.5,.6667,.7222,.7222,.3478,.3243,.6,.7407,.7809,.7109
46,"machu_picchu",1.0,.7,.8,.8667,.825,.82,.2,.28,.52,.72,.8,.88,.3333,.4,.6303,.7866,.8123,.8489
47,"marble_arch_london",.6,.8,.65,.6,.475,.4,.25,.4167,.5833,.6667,.75,.75,.3529,.5479,.6149,.6316,.5816,.5217
48,"milan_cathedral",1.0,1.0,1.0,.9667,.925,.92,.2,.32,.52,.64,.64,.68,.3333,.4848,.6842,.7701,.7565,.782
49,"mole_antonelliana",1.0,.9,.75,.7667,.775,.74,.16,.28,.44,.44,.48,.6,.2759,.4271,.5546,.5591,.5928,.6627
50,"mont_saint_michel",1.0,.9,.95,.9667,.95,.92,.2,.36,.6,.68,.68,.72,.3333,.5143,.7355,.7984,.7926,.8078
51,"moulin_rouge",.2,.1,.05,.0333,.025,.08,.125,.125,.125,.125,.125,.375,.1538,.1111,.0714,.0526,.0417,.1319
52,"nelson_s_column",1.0,.9,.95,.9333,.85,.86,.0833,.2083,.375,.5417,.625,.7083,.1538,.3383,.5377,.6855,.7203,.7768
53,"notre_dame_de_paris",1.0,.9,.8,.8667,.9,.86,.16,.32,.4,.64,.72,.76,.2759,.4721,.5333,.7363,.8,.8069
54,"obelisco",.2,.1,.15,.1333,.1,.1,.0909,.0909,.1818,.2727,.2727,.3636,.125,.0952,.1644,.1791,.1463,.1569
55,"piccadilly_circus",.8,.6,.75,.7333,.775,.78,.1739,.2609,.3478,.5217,.6522,.6957,.2857,.3636,.4752,.6097,.7083,.7354
56,"place_de_la_concorde",1.0,.9,.95,.9667,.975,.98,.16,.16,.44,.56,.64,.68,.2759,.2717,.6014,.7092,.7728,.8029
57,"place_de_la_republique",.2,.2,.1,.2333,.2,.22,.125,.25,.25,.625,.75,.875,.1538,.2222,.1429,.3398,.3158,.3516
58,"place_des_vosges",.8,.9,.7,.5667,.55,.5,.12,.2,.32,.36,.44,.56,.2087,.3273,.4392,.4403,.4889,.5283
59,"pont_du_gard",.6,.8,.8,.7667,.775,.74,.08,.24,.36,.48,.52,.52,.1412,.3692,.4966,.5904,.6224,.6108
60,"pont_neuf",.8,.8,.8,.8333,.825,.74,.12,.2,.36,.56,.6,.64,.2087,.32,.4966,.6699,.6947,.6864
61,"ponte_vecchio",1.0,.9,.95,.9,.925,.86,.1667,.2083,.375,.5,.5417,.5833,.2857,.3383,.5377,.6429,.6832,.6952
62,"puerta_de_alcala",.4,.4,.25,.4,.45,.52,.1053,.2105,.2632,.3158,.3684,.5263,.1667,.2759,.2564,.3529,.4051,.5231
63,"puerta_del_sol",.4,.4,.35,.3667,.3,.38,.1,.2,.3,.35,.4,.6,.16,.2667,.3231,.3581,.3429,.4653
64,"red_fort",1.0,1.0,1.0,1.0,1.0,1.0,.2,.28,.52,.68,.72,.76,.3333,.4375,.6842,.8095,.8372,.8636
65,"reims_cathedral",1.0,1.0,1.0,1.0,.975,.92,.2,.36,.44,.56,.64,.76,.3333,.5294,.6111,.7179,.7728,.8324
66,"rialto_bridge",.8,.9,.95,.7667,.725,.72,.1875,.3125,.4375,.5,.625,.6875,.3038,.4639,.5991,.6053,.6713,.7034
67,"roman_forum_rome",.8,.8,.7,.7333,.725,.76,.16,.28,.32,.52,.64,.76,.2667,.4148,.4392,.6085,.6799,.76
68,"sacre_coeur",.2,.2,.5,.5333,.575,.6,.0417,.0833,.2083,.2917,.3333,.4167,.069,.1176,.2941,.3771,.422,.4918
69,"sagrada_familia",1.0,.9,.95,.9333,.95,.94,.16,.24,.4,.48,.64,.72,.2759,.3789,.563,.634,.7648,.8154
70,"santa_maria_novella",.6,.6,.6,.6333,.55,.58,.12,.24,.4,.52,.6,.68,.2,.3429,.48,.5711,.5739,.626
71,"schonbrunn_palace",.8,.9,.95,.9667,.95,.96,.12,.32,.52,.68,.72,.72,.2087,.4721,.6721,.7984,.8192,.8229
72,"seville_cathedral",.6,.7,.8,.8333,.875,.9,.12,.28,.44,.48,.56,.56,.2,.4,.5677,.6091,.6829,.6904
73,"spanish_steps",1.0,1.0,.8,.7333,.7,.68,.1818,.2727,.4091,.5,.5909,.6364,.3077,.4286,.5414,.5946,.6408,.6575
74,"st__basil_cathedral",1.0,1.0,1.0,.9333,.925,.94,.16,.36,.56,.68,.72,.76,.2759,.5294,.7179,.7868,.8097,.8405
75,"statue_of_liberty",1.0,.9,.9,.8667,.825,.8,.16,.28,.4,.48,.56,.6,.2759,.4271,.5538,.6178,.6671,.6857
76,"stonehenge",.8,.6,.55,.5667,.5,.46,.1579,.2105,.2632,.3158,.4211,.4737,.2637,.3117,.356,.4056,.4571,.4667
77,"summer_palace_beijing",1.0,.8,.9,.9,.8,.82,.12,.24,.44,.6,.72,.76,.2143,.3692,.591,.72,.7579,.7889
78,"sydney_opera_house",1.0,1.0,1.0,1.0,.95,.94,.2,.28,.4,.6,.64,.64,.3333,.4375,.5714,.75,.7648,.7615
79,"teotihuacan",.4,.7,.65,.5667,.625,.68,.08,.16,.28,.36,.52,.6,.1333,.2605,.3914,.4403,.5677,.6375
80,"terracotta_army",.6,.7,.7,.5,.6,.64,.1,.3,.5,.5,.8,.85,.1714,.42,.5833,.5,.6857,.7302
81,"the_blue_mosque",.6,.8,.85,.9,.925,.92,.12,.28,.4,.52,.64,.72,.2,.4148,.544,.6592,.7565,.8078
82,"the_henry_ford",1.0,.9,.9,.8667,.875,.86,.2,.32,.52,.64,.68,.68,.3333,.4721,.6592,.7363,.7653,.7595
83,"taj_mahal",.8,.9,.9,.9,.9,.92,.16,.28,.36,.52,.6,.64,.2667,.4271,.5143,.6592,.72,.7549
84,"tour_montparnasse",.4,.4,.4,.5,.575,.5,.1,.15,.25,.4,.55,.55,.16,.2182,.3077,.4444,.5622,.5238
85,"tower_bridge_london",.8,.9,.85,.7,.65,.68,.12,.28,.4,.48,.52,.6,.2087,.4271,.544,.5695,.5778,.6375
86,"trafalgar_square",.6,.5,.5,.5,.525,.46,.1364,.2273,.3182,.3636,.5,.5455,.2222,.3125,.3889,.4211,.5122,.4991
87,"leaning_tower_of_pisa",.4,.4,.5,.5333,.55,.62,.08,.12,.32,.44,.48,.56,.1333,.1846,.3902,.4822,.5126,.5885
88,"hermitage_museum_saint_petersburg",1.0,1.0,.95,.8667,.9,.92,.2,.4,.48,.56,.64,.72,.3333,.5714,.6378,.6804,.7481,.8078
89,"jantar_mantar_jaipur",1.0,.7,.7,.8,.85,.86,.16,.24,.48,.56,.68,.8,.2759,.3574,.5695,.6588,.7556,.8289
90,"lake_titicaca_peru",.4,.6,.55,.5667,.525,.56,.0833,.25,.4167,.5417,.5833,.7083,.1379,.3529,.4741,.5539,.5526,.6255
91,"the_great_wall_of_china",.8,.8,.8,.8,.85,.86,.16,.28,.36,.44,.48,.6,.2667,.4148,.4966,.5677,.6135,.7068
92,"grande_arche_paris",.6,.7,.7,.6,.7,.68,.12,.24,.32,.36,.48,.6,.2,.3574,.4392,.45,.5695,.6375
93,"el_angel_mexico",.8,.7,.5,.5,.525,.46,.1905,.3333,.381,.4762,.619,.6667,.3077,.4516,.4324,.4878,.5682,.5444
94,"bibliotheque_nationale_de_france",1.0,.8,.75,.7667,.725,.78,.2,.28,.52,.56,.6,.68,.3333,.4148,.6142,.6472,.6566,.7266
95,"kronborg_castle",.6,.8,.75,.7333,.7,.74,.125,.2083,.375,.4583,.625,.6667,.2069,.3306,.5,.5641,.6604,.7014
96,"ajanta_caves",.8,.9,.95,.9333,.9,.92,.1818,.3636,.5455,.5909,.5909,.5909,.2963,.518,.693,.7237,.7134,.7196
97,"atomium",.8,.9,.95,.9667,.975,.96,.1429,.3333,.381,.4286,.4286,.4286,.2424,.4865,.5438,.5939,.5954,.5926
98,"ellora_caves",1.0,1.0,1.0,1.0,1.0,1.0,.1818,.3182,.4545,.5455,.6364,.6364,.3077,.4828,.625,.7059,.7778,.7778
99,"potala_palace",1.0,.9,.9,.8333,.85,.8,.2222,.3889,.6667,.6667,.7778,.7778,.3636,.5431,.766,.7407,.8123,.7887
100,"jokhang",1.0,.9,.85,.8667,.85,.82,.2,.28,.48,.56,.68,.76,.3333,.4271,.6135,.6804,.7556,.7889
101,"rila_monastery",1.0,.9,.95,.9333,.95,.92,.08,.16,.36,.44,.48,.6,.1481,.2717,.5221,.5981,.6378,.7263
102,"louvre_pyramid",.8,.8,.85,.8,.85,.86,.2222,.3333,.5,.5,.5556,.5556,.3478,.4706,.6296,.6154,.6719,.675
103,"brooklyn_bridge",.8,.8,.8,.8333,.8,.8,.1905,.2857,.5238,.5714,.5714,.619,.3077,.4211,.6331,.678,.6667,.698
104,"tower_of_london",.8,.8,.8,.7667,.725,.7,.1304,.2609,.4783,.5652,.5652,.6957,.2243,.3934,.5986,.6507,.6352,.6978
105,"british_museum_london",1.0,1.0,1.0,1.0,1.0,.94,.15,.15,.25,.35,.5,.55,.2609,.2609,.4,.5185,.6667,.694
106,"buckingham_palace",.8,.7,.5,.4667,.4,.38,.1,.15,.2,.3,.35,.4,.1778,.2471,.2857,.3652,.3733,.3897
107,"charles_bridge_prague",1.0,.8,.85,.8667,.75,.62,.0833,.125,.2917,.3333,.4167,.4167,.1538,.2162,.4343,.4815,.5357,.4984
108,"champs_elysees_paris",.6,.7,.6,.6,.6,.66,.1333,.2667,.3333,.4667,.4667,.5333,.2182,.3862,.4286,.525,.525,.5899
109,"chrysler_building",1.0,1.0,.95,.9667,.975,.98,.2857,.4286,.5,.6429,.7857,.7857,.4444,.6,.6552,.7722,.8702,.8722
110,"moma_new_york",.4,.6,.8,.8667,.9,.9,.1053,.1579,.2632,.4211,.5263,.5789,.1667,.25,.396,.5668,.6642,.7046
111,"grand_central_terminal",1.0,1.0,.95,.9667,.95,.92,.1429,.1905,.2857,.3333,.4762,.5238,.25,.32,.4393,.4957,.6344,.6675
112,"houses_of_parliament",1.0,.9,.95,.9667,.925,.92,.1739,.3043,.3478,.3478,.4348,.5652,.2963,.4549,.5092,.5116,.5915,.7002
113,"alexanderplatz_berlin",.6,.5,.65,.6667,.725,.72,.12,.16,.4,.48,.52,.56,.2,.2424,.4952,.5581,.6056,.63
114,"centre_pompidou",.8,.8,.7,.6333,.725,.62,.2222,.3333,.4444,.6111,.6111,.6111,.3478,.4706,.5437,.622,.6632,.6155
115,"sydney_harbour_bridge",1.0,1.0,1.0,1.0,1.0,1.0,.1875,.3125,.5,.5,.625,.625,.3158,.4762,.6667,.6667,.7692,.7692
116,"pier_39",1.0,1.0,.9,.8667,.825,.86,.2381,.2857,.4762,.619,.7143,.7619,.3846,.4444,.6228,.7222,.7657,.808
117,"coit_tower",.8,.8,.7,.6667,.65,.64,.2,.2667,.3333,.3333,.5333,.6667,.32,.4,.4516,.4444,.5859,.6531
118,"st_paul_s_cathedral_london",.8,.9,.85,.7333,.75,.72,.1765,.3529,.4706,.4706,.5294,.5882,.2892,.507,.6058,.5733,.6207,.6475
119,"cloud_gate",.6,.6,.75,.6,.625,.62,.1667,.4167,.5,.5,.5833,.5833,.2609,.4918,.6,.5455,.6034,.6011
120,"musee_d_orsay",1.0,1.0,.9,.8667,.9,.92,.1429,.1905,.3333,.4286,.5714,.6667,.25,.32,.4865,.5735,.699,.7731
121,"pike_place_market",1.0,1.0,.9,.8667,.9,.84,.1905,.2381,.4286,.4762,.5238,.5238,.32,.3846,.5806,.6147,.6622,.6453
122,"royal_palace_madrid",.8,.7,.85,.7667,.825,.82,.1818,.2727,.3182,.4091,.6818,.7273,.2963,.3925,.463,.5335,.7466,.7709
123,"sony_center_berlin",1.0,.9,.9,.8667,.9,.9,.1429,.2857,.4286,.5238,.5714,.5714,.25,.4337,.5806,.653,.699,.699
124,"red_square_moscow",.8,.9,.8,.7,.675,.7,.1429,.381,.4286,.5238,.619,.619,.2424,.5353,.5581,.5992,.6458,.657
125,"prague_castle",.8,.8,.8,.8333,.85,.86,.08,.24,.36,.44,.56,.64,.1455,.3692,.4966,.5759,.6752,.7339
126,"musee_du_louvre",1.0,1.0,.95,.9667,.975,.98,.12,.2,.32,.48,.64,.68,.2143,.3333,.4787,.6415,.7728,.8029
127,"millennium_bridge_london",1.0,.8,.7,.7333,.775,.82,.2,.32,.4,.4,.56,.56,.3333,.4571,.5091,.5176,.6502,.6655
128,"casa_mila",1.0,.8,.85,.8667,.9,.9,.2,.28,.4,.52,.56,.6,.3333,.4148,.544,.65,.6904,.72
129,"national_gallery_london",1.0,1.0,.95,.6333,.6,.66,.1818,.3182,.4545,.4545,.5455,.5909,.3077,.4828,.6149,.5292,.5714,.6235
130,"national_mall",1.0,.8,.9,.9333,.925,.9,.2,.32,.48,.6,.64,.68,.3333,.4571,.6261,.7304,.7565,.7747
131,"london_city_hall",1.0,1.0,1.0,1.0,.975,.92,.25,.4,.5,.5,.55,.55,.4,.5714,.6667,.6667,.7033,.6884
132,"holocaust_memorial",.8,.8,.6,.5333,.575,.56,.1875,.375,.4375,.5625,.5625,.625,.3038,.5106,.506,.5475,.5687,.5907
133,"columbus_circle",1.0,.7,.55,.5,.55,.56,.2,.24,.32,.44,.52,.6,.3333,.3574,.4046,.4681,.5346,.5793
134,"siegessaeule",.8,.9,.95,.9667,.775,.66,.16,.2,.48,.6,.68,.72,.2667,.3273,.6378,.7404,.7244,.6887
135,"jardin_du_luxembourg",.8,.9,.95,.9,.925,.92,.16,.32,.52,.6,.72,.76,.2667,.4721,.6721,.72,.8097,.8324
136,"merlion_singapore",.2,.2,.2,.2333,.25,.2,.0455,.0909,.1818,.3182,.4091,.4091,.0741,.125,.1905,.2692,.3103,.2687
137,"harrods_london",.8,.9,.95,.8333,.875,.9,.12,.32,.4,.56,.68,.72,.2087,.4721,.563,.6699,.7653,.8
138,"metropolitan_museum_of_art_new_york",1.0,.9,.95,.9,.925,.94,.2,.28,.48,.52,.64,.64,.3333,.4271,.6378,.6592,.7565,.7615
139,"new_york_stock_exchange",.6,.6,.6,.7,.575,.56,.15,.3,.35,.45,.5,.65,.24,.4,.4421,.5478,.5349,.6017
140,"stephansdom_vienna",1.0,1.0,1.0,1.0,1.0,1.0,.12,.28,.48,.56,.6,.68,.2143,.4375,.6486,.7179,.75,.8095
141,"hms_belfast",1.0,1.0,1.0,1.0,1.0,.96,.16,.2,.36,.44,.52,.56,.2759,.3333,.5294,.6111,.6842,.7074
142,"leicester_square",1.0,.9,.7,.7,.75,.7,.2,.28,.32,.36,.48,.56,.3333,.4271,.4392,.4755,.5854,.6222
143,"ciudad_de_las_artes_y_las_ciencias",1.0,1.0,.95,.9333,.925,.94,.16,.24,.44,.48,.6,.68,.2759,.3871,.6014,.634,.7279,.7891
144,"topkapi_palace",1.0,1.0,1.0,.9667,.975,.96,.16,.32,.48,.52,.64,.68,.2759,.4848,.6486,.6762,.7728,.7961
145,"royal_albert_hall",.6,.6,.75,.7,.675,.74,.12,.16,.28,.44,.48,.48,.2,.2526,.4078,.5404,.561,.5823
146,"st_vitus_cathedral",.8,.8,.85,.9,.85,.88,.16,.24,.4,.48,.52,.52,.2667,.3692,.544,.6261,.6453,.6537
147,"castello_sforzesco",.8,.9,.9,.8667,.9,.9,.16,.28,.32,.44,.52,.6,.2667,.4271,.4721,.5837,.6592,.72
148,"rijksmuseum_amsterdam",1.0,1.0,1.0,1.0,1.0,.98,.16,.24,.4,.44,.6,.76,.2759,.3871,.5714,.6111,.75,.8561
149,"dam_square",.8,.8,.9,.8,.65,.68,.12,.24,.44,.52,.56,.64,.2087,.3692,.591,.6303,.6017,.6594
150,"rathaus_vienna",.8,.9,.95,.8667,.85,.7,.16,.16,.16,.16,.32,.36,.2667,.2717,.2739,.2701,.465,.4755
151,"bath_abbey",1.0,1.0,1.0,.9667,.975,.98,.2,.36,.36,.52,.56,.64,.3333,.5294,.5294,.6762,.7114,.7743
152,"salisbury_cathedral",1.0,1.0,1.0,1.0,1.0,1.0,.2,.24,.28,.48,.52,.52,.3333,.3871,.4375,.6486,.6842,.6842
153,"templo_de_debod",.2,.3,.4,.3333,.325,.44,.0455,.1364,.2727,.2727,.2727,.3636,.0741,.1875,.3243,.3,.2966,.3982
154,"Niagara_Falls",.4,.6,.6,.5667,.575,.54,.0909,.1818,.3182,.4091,.4091,.4545,.1481,.2791,.4158,.4752,.4781,.4936
155,"Golden_Gate_Bridge_in_San_Francisco",1.0,.9,.9,.9,.925,.94,.1364,.2273,.3636,.4091,.5909,.6364,.24,.3629,.518,.5625,.7211,.7589
156,"Neuschwanstein_Castle",1.0,1.0,1.0,1.0,.975,.98,.12,.28,.36,.6,.68,.68,.2143,.4375,.5294,.75,.8012,.8029
157,"Christ_Church_Cathedral_Missouri",1.0,.8,.8,.8667,.85,.84,.2,.28,.48,.6,.72,.76,.3333,.4148,.6,.7091,.7796,.798
158,"Mount_Rushmore_in_South_Dakota",.8,.8,.9,.9333,.95,.96,.12,.24,.32,.36,.48,.64,.2087,.3692,.4721,.5196,.6378,.768
159,"Puerta_de_Toledo",.2,.1,.05,.0667,.05,.04,.5,.5,.5,1.0,1.0,1.0,.2857,.1667,.0909,.125,.0952,.0769
160,"Urquhart_Castle",.8,.8,.75,.7667,.725,.78,.1667,.2917,.4583,.5833,.6667,.7917,.2759,.4275,.569,.6626,.6946,.7858
161,"Gare_du_Nord_Paris",.8,.8,.7,.8,.8,.76,.12,.24,.28,.4,.44,.48,.2087,.3692,.4,.5333,.5677,.5884
162,"Newgrange_in_Ireland",.4,.7,.7,.7,.7,.68,.0833,.125,.375,.5,.5,.5,.1379,.2121,.4884,.5833,.5833,.5763
163,"Windmills_at_Kinderdijk",1.0,.9,.95,.9667,.9,.9,.2,.28,.4,.56,.72,.72,.3333,.4271,.563,.7092,.8,.8
164,"Conciergerie",.8,.9,.95,.9667,.975,.98,.12,.24,.48,.56,.64,.68,.2087,.3789,.6378,.7092,.7728,.8029
165,"Palazzo_Madama",1.0,.9,.7,.7667,.725,.7,.2273,.3182,.4091,.5455,.5909,.6818,.3704,.4701,.5164,.6374,.6511,.6908
166,"Split_Rock_Lighthouse",1.0,1.0,1.0,.8667,.825,.86,.12,.28,.32,.32,.32,.36,.2143,.4375,.4848,.4674,.4611,.5075
167,"The_Little_Mermaid_Denmark",1.0,.9,.9,.9,.925,.92,.2857,.4286,.4286,.7143,.8571,.9286,.4444,.5806,.5806,.7965,.8898,.9243
168,"Great_Pyramid_of_Giza",.6,.6,.6,.6667,.65,.62,.2,.3333,.5333,.5333,.5333,.6667,.3,.4286,.5647,.5926,.5859,.6425
169,"Pitti_Palace",1.0,.9,.9,.7,.6,.54,.1818,.3182,.5,.5,.5,.5909,.3077,.4701,.6429,.5833,.5455,.5643
170,"Georgia_State_Capitol",.6,.4,.55,.4667,.425,.38,.1579,.1579,.2632,.2632,.2632,.2632,.25,.2264,.356,.3365,.325,.311
171,"Dome_des_Invalides",1.0,1.0,1.0,1.0,.95,.96,.16,.24,.4,.52,.6,.64,.2759,.3871,.5714,.6842,.7355,.768
172,"Reggia_di_Caserta",.4,.5,.6,.6,.625,.68,.08,.2,.4,.48,.6,.68,.1333,.2857,.48,.5333,.6122,.68
173,"The_Burj_al_Arab_Hotel",.8,.7,.8,.8333,.85,.88,.12,.2,.4,.52,.6,.64,.2087,.3111,.5333,.6404,.7034,.7411
174,"Elephanta_Caves",.8,.9,.85,.8667,.9,.82,.1667,.3333,.4167,.5833,.625,.6667,.2759,.4865,.5592,.6973,.7377,.7354
175,"Basilica_of_Santa_Croce",1.0,1.0,1.0,1.0,1.0,1.0,.16,.2,.36,.48,.6,.64,.2759,.3333,.5294,.6486,.75,.7805
176,"Aachen_Cathedral",1.0,1.0,1.0,1.0,.975,.94,.16,.32,.36,.48,.6,.72,.2759,.4848,.5294,.6486,.7429,.8154
177,"Monument_to_the_Great_Fire_of_London",1.0,.7,.55,.5,.45,.48,.2,.2,.28,.36,.4,.52,.3333,.3111,.3711,.4186,.4235,.4992
178,"Longmen_Grottoes",.6,.6,.6,.6333,.6,.6,.08,.2,.36,.6,.68,.8,.1412,.3,.45,.6162,.6375,.6857
179,"Louisiana_State_Capitol",.4,.3,.35,.3333,.25,.24,.08,.08,.24,.32,.32,.36,.1333,.1263,.2847,.3265,.2807,.288
180,"The_Great_Sphinx_at_Giza",1.0,1.0,.9,.9,.85,.88,.16,.24,.32,.4,.56,.68,.2759,.3871,.4721,.5538,.6752,.7672
181,"Teatro_Real_Madrid",.8,.9,.65,.7667,.725,.74,.1739,.3478,.4348,.5652,.6957,.7391,.2857,.5017,.521,.6507,.71,.7396
182,"Palacio_de_la_Magdalena",.6,.7,.85,.8333,.85,.82,.12,.28,.44,.52,.64,.68,.2,.4,.5798,.6404,.7302,.7435
183,"Sowjetisches_Ehrenmal",.8,.9,.9,.8667,.825,.74,.12,.24,.52,.6,.72,.72,.2087,.3789,.6592,.7091,.7689,.7299
184,"Cathedral_of_Trier",.8,.8,.85,.8667,.875,.88,.16,.32,.56,.68,.72,.84,.2667,.4571,.6752,.7621,.79,.8595
185,"Saint_Mary_of_the_Flower",.2,.2,.35,.4667,.45,.48,.04,.04,.2,.44,.48,.52,.0667,.0667,.2545,.4529,.4645,.4992
186,"Skellig_Michael",1.0,.8,.75,.7,.675,.68,.2,.32,.48,.6,.72,.76,.3333,.4571,.5854,.6462,.6968,.7178
187,"Chicago_Board_of_Trade_Building",.8,.7,.75,.8333,.75,.7,.1818,.2273,.4091,.5455,.5909,.7273,.2963,.3431,.5294,.6593,.661,.7134
188,"Pont_de_Normandie_France",.6,.7,.8,.8667,.9,.86,.1579,.2105,.4737,.6316,.7368,.8421,.25,.3237,.595,.7307,.8103,.851
189,"Palazzo_Rosso",.2,.2,.1,.1,.125,.1,.0417,.0833,.0833,.0833,.125,.125,.069,.1176,.0909,.0909,.125,.1111
190,"Piazza_Vittorio_Veneto",.6,.7,.7,.5333,.4,.36,.125,.25,.4375,.5,.5,.5625,.2069,.3684,.5385,.5161,.4444,.439
191,"Sforza_Castle",1.0,.9,.95,.9333,.925,.94,.16,.24,.4,.52,.56,.64,.2759,.3789,.563,.6679,.6976,.7615
192,"Torres_KIO",.8,.7,.75,.7333,.775,.74,.12,.24,.32,.44,.52,.6,.2087,.3574,.4486,.55,.6224,.6627
193,"Torre_Picasso",1.0,1.0,1.0,1.0,.825,.66,.1667,.25,.4583,.5833,.6667,.6667,.2857,.4,.6286,.7368,.7374,.6633
194,"The_Palace_of_Parliament_in_Bucharest",1.0,.9,.95,.9667,.975,.94,.16,.2,.24,.44,.56,.64,.2759,.3273,.3832,.6047,.7114,.7615
195,"Ernest_Hemingway_House",1.0,.9,.75,.8,.725,.72,.16,.24,.4,.48,.52,.56,.2759,.3789,.5217,.6,.6056,.63
196,"Castel_dellOvo_Napoli",.8,.7,.75,.8,.85,.88,.16,.28,.44,.56,.68,.72,.2667,.4,.5546,.6588,.7556,.792
197,"Villa_Borghese_gardens",1.0,1.0,1.0,1.0,.975,.98,.2,.32,.48,.6,.64,.76,.3333,.4848,.6486,.75,.7728,.8561
198,"Saint_Marks_Basilica",1.0,.8,.9,.9333,.95,.92,.2,.24,.36,.44,.48,.56,.3333,.3692,.5143,.5981,.6378,.6962
199,"Mausoleum_of_the_First_Qin_Emperor",.8,.9,.95,.8333,.75,.8,.16,.32,.36,.44,.52,.52,.2667,.4721,.5221,.5759,.6142,.6303
200,"Mausoleum_of_Hadrian",1.0,1.0,.9,.9,.875,.9,.1667,.3333,.5,.5,.5,.6111,.2857,.5,.6429,.6429,.6364,.7279
201,"Piazza_de_Ferrari",1.0,.9,.9,.9333,.95,.94,.2632,.4211,.4737,.5263,.5263,.5789,.4167,.5737,.6207,.6731,.6774,.7166
202,"George_Washington_Carver",.4,.5,.6,.7,.675,.68,.125,.125,.3125,.5,.5625,.625,.1905,.2,.411,.5833,.6136,.6513
203,"Cathedral_of_Santiago_de_Compostela",1.0,1.0,1.0,.9333,.85,.84,.1765,.2941,.4118,.6471,.7647,.7647,.3,.4545,.5833,.7643,.8051,.8006
204,"Saint-Jacques_Tower",.8,.8,.9,.8333,.8,.78,.3077,.4615,.4615,.4615,.5385,.5385,.4444,.5854,.6102,.5941,.6437,.6371
205,"Calakmul_Campeche_Mexico",.8,.9,.75,.8,.8,.76,.2143,.3571,.5714,.7143,.8571,.8571,.338,.5114,.6486,.7547,.8276,.8057
206,"Bran_Castle_in_Transylvania",1.0,.9,.9,.8667,.9,.9,.1579,.2632,.2632,.4211,.5263,.7368,.2727,.4072,.4072,.5668,.6642,.8103
207,"Mosteiro_da_Batalha",1.0,1.0,1.0,1.0,1.0,1.0,.2632,.4737,.5789,.6316,.8421,.8421,.4167,.6429,.7333,.7742,.9143,.9143
208,"Wartburg_Castle",1.0,1.0,1.0,.9667,.95,.92,.2,.35,.5,.65,.7,.75,.3333,.5185,.6667,.7773,.8061,.8263
209,"Fujian_Tulou_Fujian_China",1.0,1.0,1.0,1.0,1.0,1.0,.1667,.3333,.4444,.5556,.6667,.6667,.2857,.5,.6154,.7143,.8,.8
210,"Alabama_State_Capitol",.6,.8,.75,.7,.65,.66,.1429,.3333,.5714,.6667,.6667,.8095,.2308,.4706,.6486,.6829,.6582,.7272
211,"Palazzo_dAccursio",1.0,1.0,.95,.9,.875,.9,.1667,.2222,.3333,.3333,.4444,.6111,.2857,.3636,.4935,.4865,.5895,.7279
212,"Casa_Grande_Ruins",1.0,.7,.75,.7333,.8,.82,.1765,.2941,.4706,.5294,.5294,.5294,.3,.4142,.5783,.6149,.6372,.6434
213,"Stravinsky_Fountain",1.0,1.0,1.0,1.0,.975,.94,.2,.2,.2667,.4667,.6,.6,.3333,.3333,.4211,.6364,.7429,.7325
214,"Angel_Falls_Venezuela",.8,.5,.5,.4333,.5,.48,.1765,.2353,.3529,.4706,.7647,.8235,.2892,.32,.4138,.4512,.6047,.6065
215,"Statue_of_George_IV",.2,.3,.3,.3333,.325,.34,.125,.375,.625,.75,.875,.875,.1538,.3333,.4054,.4615,.474,.4897
216,"Palacio_Barolo",.8,.7,.8,.8667,.9,.92,.1765,.2353,.4118,.4706,.5882,.5882,.2892,.3522,.5437,.61,.7115,.7176
217,"Bridge_of_Remembrance_Christchurch_New_Zealand",1.0,1.0,1.0,.9333,.85,.86,.25,.4167,.75,.9167,.9167,1.0,.4,.5882,.8571,.9249,.8821,.9247
218,"John_A._Roebling_Suspension_Bridge",.2,.3,.4,.4,.475,.44,.0667,.2,.4,.5333,.6667,.7333,.1,.24,.4,.4571,.5547,.55
219,"Blue_Dome_Santorini",1.0,1.0,.9,.9333,.95,.96,.3125,.375,.5,.5625,.6875,.6875,.4762,.5455,.6429,.7019,.7977,.8012
220,"Fossar_de_les_Moreres",.6,.8,.75,.7,.525,.48,.1429,.2857,.5714,.7143,.7143,.7143,.2308,.4211,.6486,.7071,.6052,.5742
221,"Luxor_Obelisk_France",1.0,.9,.85,.7333,.7,.74,.25,.3125,.3125,.3125,.375,.375,.4,.4639,.457,.4382,.4884,.4978
222,"Valle_de_los_Caidos",1.0,1.0,.95,.9,.925,.92,.25,.4,.5,.55,.7,.7,.4,.5714,.6552,.6828,.7969,.7951
--------------------
"--","Avg.",P@5,P@10,P@20,P@30,P@40,P@50,CR@5,CR@10,CR@20,CR@30,CR@40,CR@50,F1@5,F1@10,F1@20,F1@30,F1@40,F1@50
,.,7901,.7838,.7815,.7778,.7696,.7646,.1546,.2616,.4003,.5066,.5876,.6462,.254,.3847,.5187,.6,.6522,.6848
