--------------------
"Run name","output_runPHOGDtrs"
--------------------
"Average P@20 = ",.7833
"Average CR@20 = ",.4036
"Average F1@20 = ",.5231
--------------------
"Query Id ","Location name",P@5,P@10,P@20,P@30,P@40,P@50,CR@5,CR@10,CR@20,CR@30,CR@40,CR@50,F1@5,F1@10,F1@20,F1@30,F1@40,F1@50
1,"angel_of_the_north",1.0,1.0,1.0,.9667,.975,.98,.12,.24,.44,.56,.68,.72,.2143,.3871,.6111,.7092,.8012,.8301
2,"big_ben",1.0,1.0,.9,.9,.9,.86,.1818,.3182,.4091,.4545,.5,.5455,.3077,.4828,.5625,.604,.6429,.6675
3,"hearst_castle",1.0,.9,.9,.9,.9,.86,.1667,.2917,.4583,.6667,.7917,.7917,.2857,.4406,.6074,.766,.8424,.8244
4,"la_madeleine",.4,.3,.4,.3667,.375,.44,.1429,.2143,.5,.5714,.7143,.7143,.2105,.25,.4444,.4467,.4918,.5446
5,"pont_alexandre_iii",1.0,1.0,1.0,.9667,.95,.92,.2,.32,.44,.52,.68,.8,.3333,.4848,.6111,.6762,.7926,.8558
6,"neues_museum",.2,.1,.2,.3667,.375,.48,.04,.04,.16,.28,.32,.48,.0667,.0571,.1778,.3175,.3453,.48
7,"montezuma_castle",.6,.5,.6,.6333,.65,.62,.1667,.3333,.4167,.6667,.75,.75,.2609,.4,.4918,.6496,.6964,.6788
8,"cn_tower",.8,.8,.7,.7,.65,.62,.1667,.2917,.5,.5417,.5833,.625,.2759,.4275,.5833,.6107,.6149,.6225
9,"acropolis_athens",1.0,1.0,.9,.7667,.775,.78,.1905,.3333,.381,.4762,.5238,.5714,.32,.5,.5353,.5875,.6251,.6596
10,"agra_fort",.8,.8,.85,.8,.85,.88,.16,.32,.44,.52,.56,.8,.2667,.4571,.5798,.6303,.6752,.8381
11,"albert_memorial",1.0,.9,.8,.7333,.75,.76,.1818,.2273,.2727,.3182,.5,.5909,.3077,.3629,.4068,.4438,.6,.6649
12,"altes_museum",.6,.7,.75,.6333,.65,.62,.125,.2083,.375,.4583,.5417,.5833,.2069,.3211,.5,.5318,.5909,.6011
13,"amiens_cathedral",1.0,1.0,1.0,.9333,.925,.94,.16,.32,.52,.72,.76,.8,.2759,.4848,.6842,.8129,.8344,.8644
14,"angkor_wat",1.0,.9,.8,.7667,.775,.76,.2,.24,.4,.52,.64,.72,.3333,.3789,.5333,.6197,.7011,.7395
15,"ara_pacis",.8,.7,.65,.6667,.75,.72,.1364,.2273,.4545,.6818,.7273,.7273,.233,.3431,.535,.6742,.7385,.7236
16,"arc_de_triomphe",1.0,.9,.8,.8333,.775,.82,.1667,.2917,.4583,.5,.625,.75,.2857,.4406,.5828,.625,.692,.7834
17,"aztec_ruins",.0,.0,.15,.3,.25,.3,.0,.0,.12,.32,.32,.36,.0,.0,.1333,.3097,.2807,.3273
18,"berlin_cathedral",1.0,1.0,1.0,.9667,.925,.92,.16,.32,.44,.56,.6,.64,.2759,.4848,.6111,.7092,.7279,.7549
19,"bok_tower_gardens",1.0,.9,.9,.8333,.825,.8,.2,.28,.44,.52,.6,.72,.3333,.4271,.591,.6404,.6947,.7579
20,"brandenburg_gate",1.0,1.0,.95,.9333,.95,.92,.16,.28,.4,.44,.56,.56,.2759,.4375,.563,.5981,.7046,.6962
21,"cabrillo",.0,.0,.15,.1333,.15,.14,.0,.0,.2308,.3077,.3846,.3846,.0,.0,.1818,.186,.2158,.2053
22,"casa_batllo",1.0,1.0,.95,.9667,.975,.98,.16,.28,.36,.6,.68,.88,.2759,.4375,.5221,.7404,.8012,.9273
23,"casa_rosada",.8,.9,.95,.9667,.95,.96,.16,.32,.4,.52,.68,.72,.2667,.4721,.563,.6762,.7926,.8229
24,"castillo_de_san_marcos",.8,.6,.7,.6667,.7,.72,.12,.2,.4,.52,.6,.68,.2087,.3,.5091,.5843,.6462,.6994
25,"chartres_cathedral",1.0,1.0,.95,.9,.925,.92,.16,.28,.52,.64,.68,.72,.2759,.4375,.6721,.7481,.7838,.8078
26,"chichen_itza",1.0,.9,.95,.8333,.85,.86,.16,.2,.4,.48,.6,.72,.2759,.3273,.563,.6091,.7034,.7838
27,"christ_the_redeemer_rio",.2,.3,.5,.5333,.575,.54,.0435,.087,.3043,.4783,.5217,.6087,.0714,.1348,.3784,.5043,.5471,.5723
28,"civic_center_san_francisco",.8,.8,.75,.7333,.7,.66,.16,.28,.48,.56,.6,.68,.2667,.4148,.5854,.6351,.6462,.6699
29,"cologne_cathedral",1.0,.9,.95,.9333,.95,.94,.16,.24,.48,.52,.56,.68,.2759,.3789,.6378,.6679,.7046,.7891
30,"colosseum",1.0,1.0,1.0,.9667,.95,.96,.2,.24,.4,.44,.6,.6,.3333,.3871,.5714,.6047,.7355,.7385
31,"doge_s_palace",1.0,.9,.75,.8,.825,.8,.16,.32,.44,.52,.56,.56,.2759,.4721,.5546,.6303,.6671,.6588
32,"eiffel_tower",1.0,1.0,1.0,.9667,.925,.9,.16,.28,.4,.44,.44,.48,.2759,.4375,.5714,.6047,.5963,.6261
33,"golden_gate_bridge",1.0,.8,.8,.7667,.8,.8,.2174,.3043,.4783,.5217,.5652,.6087,.3571,.4409,.5986,.6209,.6624,.6914
34,"grand_palais",1.0,.9,.85,.9,.9,.92,.1818,.3636,.5,.5909,.6364,.6364,.3077,.518,.6296,.7134,.7456,.7523
35,"guggenheim_museum_bilbao",1.0,1.0,1.0,1.0,1.0,1.0,.16,.16,.4,.44,.52,.6,.2759,.2759,.5714,.6111,.6842,.75
36,"hagia_sophia_istanbul",1.0,1.0,.95,.9667,.975,.96,.12,.24,.44,.48,.6,.6,.2143,.3871,.6014,.6415,.7429,.7385
37,"hoover_dam",1.0,.9,.95,.9667,.95,.92,.12,.24,.44,.56,.6,.6,.2143,.3789,.6014,.7092,.7355,.7263
38,"humayun_tomb",.6,.8,.75,.7,.75,.78,.12,.28,.4,.48,.52,.56,.2,.4148,.5217,.5695,.6142,.6519
39,"iguazu_falls",.6,.6,.75,.7333,.775,.76,.08,.12,.28,.44,.56,.64,.1412,.2,.4078,.55,.6502,.6949
40,"iolani_palace",1.0,1.0,.8,.8333,.8,.78,.2,.28,.36,.44,.6,.68,.3333,.4375,.4966,.5759,.6857,.7266
41,"la_mezquita",.8,.9,.85,.8,.7,.68,.1667,.375,.5,.5417,.5833,.625,.2759,.5294,.6296,.646,.6364,.6513
42,"la_rambla_barcelona",1.0,1.0,1.0,.9333,.95,.92,.12,.2,.28,.4,.48,.52,.2143,.3333,.4375,.56,.6378,.6644
43,"la_sainte_chapelle",1.0,1.0,1.0,.9333,.925,.94,.2,.36,.52,.68,.8,.8,.3333,.5294,.6842,.7868,.858,.8644
44,"liberty_memorial",.6,.5,.65,.6667,.7,.72,.08,.08,.28,.4,.48,.6,.1412,.1379,.3914,.5,.5695,.6545
45,"lincoln_home",.8,.8,.75,.7333,.75,.74,.2222,.2778,.3889,.6111,.6667,.8333,.3478,.4124,.5122,.6667,.7059,.7839
46,"machu_picchu",.8,.8,.8,.7667,.75,.78,.16,.28,.52,.56,.56,.72,.2667,.4148,.6303,.6472,.6412,.7488
47,"marble_arch_london",.6,.5,.45,.4667,.35,.34,.25,.4167,.5,.6667,.6667,.6667,.3529,.4545,.4737,.549,.459,.4503
48,"milan_cathedral",1.0,.9,.95,.9333,.925,.84,.2,.28,.44,.64,.68,.68,.3333,.4271,.6014,.7593,.7838,.7516
49,"mole_antonelliana",.8,.9,.8,.8,.7,.7,.16,.28,.32,.36,.44,.52,.2667,.4271,.4571,.4966,.5404,.5967
50,"mont_saint_michel",1.0,1.0,1.0,.9667,.95,.96,.16,.28,.4,.52,.6,.64,.2759,.4375,.5714,.6762,.7355,.768
51,"moulin_rouge",.0,.1,.15,.1333,.125,.14,.0,.125,.25,.25,.375,.5,.0,.1111,.1875,.1739,.1875,.2188
52,"nelson_s_column",1.0,.9,.95,.9333,.95,.96,.125,.1667,.4583,.5417,.5417,.625,.2222,.2812,.6183,.6855,.6899,.7571
53,"notre_dame_de_paris",1.0,1.0,.9,.9,.925,.92,.16,.32,.4,.56,.64,.68,.2759,.4848,.5538,.6904,.7565,.782
54,"obelisco",.0,.1,.1,.1333,.175,.16,.0,.0909,.1818,.1818,.4545,.5455,.0,.0952,.129,.1538,.2527,.2474
55,"piccadilly_circus",.8,.9,.85,.8333,.85,.82,.1739,.2609,.4348,.5652,.6522,.6522,.2857,.4045,.5753,.6736,.7381,.7265
56,"place_de_la_concorde",1.0,1.0,1.0,1.0,.975,.98,.12,.24,.4,.52,.68,.76,.2143,.3871,.5714,.6842,.8012,.8561
57,"place_de_la_republique",.4,.2,.15,.2333,.275,.24,.25,.25,.375,.625,.875,.875,.3077,.2222,.2143,.3398,.4185,.3767
58,"place_des_vosges",.8,.9,.7,.7,.75,.7,.08,.2,.28,.4,.52,.6,.1455,.3273,.4,.5091,.6142,.6462
59,"pont_du_gard",.8,.8,.7,.8,.825,.82,.12,.24,.36,.52,.6,.6,.2087,.3692,.4755,.6303,.6947,.693
60,"pont_neuf",1.0,1.0,.75,.7667,.65,.64,.12,.24,.32,.48,.48,.64,.2143,.3871,.4486,.5904,.5522,.64
61,"ponte_vecchio",1.0,.8,.8,.8,.775,.76,.1667,.2083,.375,.5,.5417,.5833,.2857,.3306,.5106,.6154,.6377,.66
62,"puerta_de_alcala",.6,.4,.4,.4333,.5,.5,.1579,.2105,.3158,.4211,.4211,.6316,.25,.2759,.3529,.4271,.4571,.5581
63,"puerta_del_sol",.4,.4,.45,.5,.45,.42,.1,.2,.3,.4,.45,.5,.16,.2667,.36,.4444,.45,.4565
64,"red_fort",1.0,1.0,1.0,1.0,1.0,1.0,.2,.36,.44,.56,.68,.72,.3333,.5294,.6111,.7179,.8095,.8372
65,"reims_cathedral",1.0,1.0,1.0,.9667,.975,.96,.2,.24,.44,.56,.6,.68,.3333,.3871,.6111,.7092,.7429,.7961
66,"rialto_bridge",1.0,.9,.75,.7,.7,.6,.25,.3125,.375,.5,.5,.5,.4,.4639,.5,.5833,.5833,.5455
67,"roman_forum_rome",1.0,.9,.75,.7333,.725,.76,.2,.28,.44,.52,.64,.72,.3333,.4271,.5546,.6085,.6799,.7395
68,"sacre_coeur",.2,.3,.5,.5333,.575,.6,.0417,.125,.2083,.3333,.4167,.5417,.069,.1765,.2941,.4103,.4832,.5693
69,"sagrada_familia",.8,.9,.95,.9333,.925,.94,.16,.32,.4,.44,.52,.64,.2667,.4721,.563,.5981,.6657,.7615
70,"santa_maria_novella",.6,.6,.45,.5333,.5,.5,.12,.2,.28,.4,.52,.6,.2,.3,.3452,.4571,.5098,.5455
71,"schonbrunn_palace",1.0,1.0,1.0,.9667,.95,.96,.2,.36,.48,.6,.72,.72,.3333,.5294,.6486,.7404,.8192,.8229
72,"seville_cathedral",1.0,.8,.85,.8667,.875,.9,.16,.24,.4,.52,.64,.72,.2759,.3692,.544,.65,.7393,.8
73,"spanish_steps",.8,.7,.75,.7333,.675,.68,.1818,.1818,.3636,.5,.6364,.7727,.2963,.2887,.4898,.5946,.6551,.7234
74,"st__basil_cathedral",.8,.9,.95,.9333,.9,.92,.16,.28,.48,.56,.6,.64,.2667,.4271,.6378,.7,.72,.7549
75,"statue_of_liberty",.8,.8,.85,.8667,.85,.84,.12,.2,.36,.44,.6,.64,.2087,.32,.5058,.5837,.7034,.7265
76,"stonehenge",.8,.8,.7,.6667,.6,.6,.1579,.2632,.3684,.4737,.5263,.6842,.2637,.396,.4828,.5538,.5607,.6393
77,"summer_palace_beijing",1.0,1.0,1.0,.9333,.95,.92,.16,.2,.36,.52,.6,.72,.2759,.3333,.5294,.6679,.7355,.8078
78,"sydney_opera_house",1.0,.9,.95,.9333,.925,.92,.16,.28,.48,.52,.6,.72,.2759,.4271,.6378,.6679,.7279,.8078
79,"teotihuacan",1.0,.9,.9,.7333,.7,.72,.2,.28,.52,.6,.72,.72,.3333,.4271,.6592,.66,.7099,.72
80,"terracotta_army",.6,.6,.4,.5333,.525,.54,.15,.2,.3,.6,.65,.7,.24,.3,.3429,.5647,.5809,.6097
81,"the_blue_mosque",1.0,.9,.95,.9,.9,.92,.12,.2,.48,.56,.6,.68,.2143,.3273,.6378,.6904,.72,.782
82,"the_henry_ford",1.0,1.0,.9,.9,.775,.74,.12,.24,.44,.52,.6,.68,.2143,.3871,.591,.6592,.6764,.7087
83,"taj_mahal",1.0,.9,.9,.8667,.9,.9,.2,.32,.44,.44,.6,.6,.3333,.4721,.591,.5837,.72,.72
84,"tour_montparnasse",1.0,.8,.7,.6667,.55,.46,.2,.25,.45,.45,.5,.55,.3333,.381,.5478,.5373,.5238,.501
85,"tower_bridge_london",.8,.9,.65,.5,.475,.48,.16,.24,.32,.36,.48,.52,.2667,.3789,.4289,.4186,.4775,.4992
86,"trafalgar_square",.2,.4,.5,.5,.425,.44,.0455,.1818,.2727,.3636,.3636,.4545,.0741,.25,.3529,.4211,.3919,.4472
87,"leaning_tower_of_pisa",.6,.6,.7,.6667,.65,.62,.12,.24,.4,.52,.56,.6,.2,.3429,.5091,.5843,.6017,.6098
88,"hermitage_museum_saint_petersburg",1.0,1.0,1.0,.9667,.9,.9,.16,.24,.36,.6,.6,.72,.2759,.3871,.5294,.7404,.72,.8
89,"jantar_mantar_jaipur",.8,.9,.8,.7667,.8,.8,.16,.36,.56,.6,.76,.84,.2667,.5143,.6588,.6732,.7795,.8195
90,"lake_titicaca_peru",.6,.5,.55,.5,.525,.5,.125,.2083,.4167,.5417,.5417,.5833,.2069,.2941,.4741,.52,.5332,.5385
91,"the_great_wall_of_china",1.0,.9,.85,.8333,.8,.82,.2,.28,.44,.52,.56,.64,.3333,.4271,.5798,.6404,.6588,.7189
92,"grande_arche_paris",.8,.5,.55,.6,.625,.56,.12,.12,.24,.4,.52,.56,.2087,.1935,.3342,.48,.5677,.56
93,"el_angel_mexico",1.0,.7,.6,.6,.6,.6,.1905,.2381,.3333,.4286,.619,.6667,.32,.3553,.4286,.5,.6094,.6316
94,"bibliotheque_nationale_de_france",.4,.6,.65,.7,.725,.74,.08,.16,.28,.44,.48,.52,.1333,.2526,.3914,.5404,.5776,.6108
95,"kronborg_castle",.4,.6,.65,.7333,.775,.8,.0833,.25,.4167,.5,.5833,.625,.1379,.3529,.5078,.5946,.6656,.7018
96,"ajanta_caves",.6,.7,.8,.8333,.875,.88,.1364,.2727,.3636,.4545,.6364,.6364,.2222,.3925,.5,.5882,.7368,.7386
97,"atomium",.8,.9,.95,.9667,.975,.92,.1429,.3333,.381,.4286,.4762,.5238,.2424,.4865,.5438,.5939,.6399,.6675
98,"ellora_caves",1.0,1.0,.95,.9667,.975,.98,.1818,.2727,.3636,.5,.5909,.5909,.3077,.4286,.526,.6591,.7358,.7373
99,"potala_palace",1.0,.9,.85,.8333,.8,.8,.2222,.2778,.3889,.5,.6111,.6667,.3636,.4245,.5336,.625,.6929,.7273
100,"jokhang",.8,.8,.9,.8333,.85,.8,.16,.32,.48,.6,.64,.68,.2667,.4571,.6261,.6977,.7302,.7351
101,"rila_monastery",.8,.8,.9,.8667,.85,.88,.16,.2,.36,.44,.44,.52,.2667,.32,.5143,.5837,.5798,.6537
102,"louvre_pyramid",1.0,1.0,1.0,1.0,.975,.96,.1667,.2778,.3889,.5556,.6667,.8333,.2857,.4348,.56,.7143,.7919,.8922
103,"brooklyn_bridge",.8,.8,.85,.8,.775,.78,.1905,.2857,.4286,.5238,.619,.619,.3077,.4211,.5698,.6331,.6883,.6903
104,"tower_of_london",.8,.9,.85,.8333,.775,.76,.1304,.2609,.3913,.4348,.5217,.5217,.2243,.4045,.5359,.5714,.6236,.6187
105,"british_museum_london",1.0,1.0,1.0,1.0,1.0,.98,.2,.3,.35,.45,.55,.55,.3333,.4615,.5185,.6207,.7097,.7046
106,"buckingham_palace",.8,.5,.45,.4667,.45,.42,.1,.15,.25,.3,.4,.45,.1778,.2308,.3214,.3652,.4235,.4345
107,"charles_bridge_prague",1.0,.8,.75,.7667,.675,.66,.125,.25,.3333,.3333,.4167,.5,.2222,.381,.4615,.4646,.5153,.569
108,"champs_elysees_paris",.6,.7,.65,.6333,.55,.52,.1333,.2667,.4667,.5333,.5333,.5333,.2182,.3862,.5433,.579,.5415,.5266
109,"chrysler_building",1.0,1.0,1.0,1.0,1.0,1.0,.2857,.4286,.7143,.7857,.7857,.7857,.4444,.6,.8333,.88,.88,.88
110,"moma_new_york",.4,.7,.85,.9,.925,.92,.1053,.2105,.4211,.6316,.6316,.6316,.1667,.3237,.5631,.7423,.7506,.749
111,"grand_central_terminal",1.0,1.0,1.0,.9667,.95,.96,.1429,.1905,.3333,.4762,.6667,.6667,.25,.32,.5,.6381,.7835,.7869
112,"houses_of_parliament",1.0,1.0,1.0,1.0,.975,.94,.1739,.3043,.4348,.5652,.5652,.5652,.2963,.4667,.6061,.7222,.7156,.706
113,"alexanderplatz_berlin",.2,.3,.5,.5667,.6,.62,.04,.12,.32,.44,.44,.44,.0667,.1714,.3902,.4954,.5077,.5147
114,"centre_pompidou",1.0,.9,.75,.7333,.7,.68,.1667,.2778,.2778,.5,.6667,.7222,.2857,.4245,.4054,.5946,.6829,.7005
115,"sydney_harbour_bridge",1.0,1.0,1.0,1.0,1.0,1.0,.1875,.375,.4375,.625,.6875,.6875,.3158,.5455,.6087,.7692,.8148,.8148
116,"pier_39",1.0,1.0,.9,.8667,.85,.86,.2381,.3333,.4286,.5238,.619,.6667,.3846,.5,.5806,.653,.7164,.7511
117,"coit_tower",1.0,.7,.7,.7,.75,.72,.2,.2667,.4,.4667,.5333,.5333,.3333,.3862,.5091,.56,.6234,.6128
118,"st_paul_s_cathedral_london",1.0,.9,.8,.8333,.85,.78,.2353,.2941,.4118,.6471,.7647,.7647,.381,.4433,.5437,.7285,.8051,.7723
119,"cloud_gate",1.0,.9,.75,.7333,.7,.68,.25,.3333,.3333,.5,.5,.5,.4,.4865,.4615,.5946,.5833,.5763
120,"musee_d_orsay",1.0,1.0,1.0,.9667,.925,.92,.1429,.2857,.3333,.4286,.4762,.5238,.25,.4444,.5,.5939,.6287,.6675
121,"pike_place_market",1.0,1.0,.95,.8667,.9,.88,.2381,.381,.4286,.4762,.619,.6667,.3846,.5517,.5907,.6147,.7335,.7586
122,"royal_palace_madrid",.6,.6,.75,.8333,.825,.84,.1364,.2727,.4545,.5455,.6364,.7727,.2222,.375,.566,.6593,.7185,.805
123,"sony_center_berlin",.8,.9,.9,.9333,.9,.9,.1429,.2857,.381,.381,.381,.4286,.2424,.4337,.5353,.5411,.5353,.5806
124,"red_square_moscow",.6,.6,.6,.6667,.65,.66,.1429,.1429,.2381,.381,.4762,.5714,.2308,.2308,.3409,.4848,.5497,.6125
125,"prague_castle",1.0,1.0,.9,.9,.85,.86,.12,.32,.48,.52,.52,.64,.2143,.4848,.6261,.6592,.6453,.7339
126,"musee_du_louvre",1.0,1.0,.95,.9667,.975,.98,.16,.2,.4,.6,.68,.72,.2759,.3333,.563,.7404,.8012,.8301
127,"millennium_bridge_london",.8,.9,.95,.9,.85,.84,.16,.24,.48,.48,.48,.56,.2667,.3789,.6378,.6261,.6135,.672
128,"casa_mila",1.0,.8,.9,.9333,.95,.94,.2,.28,.36,.44,.56,.68,.3333,.4148,.5143,.5981,.7046,.7891
129,"national_gallery_london",.8,.9,.85,.8,.75,.74,.1818,.3182,.4091,.5,.5909,.5909,.2963,.4701,.5523,.6154,.661,.6571
130,"national_mall",1.0,1.0,1.0,.9,.9,.8,.2,.36,.56,.64,.72,.72,.3333,.5294,.7179,.7481,.8,.7579
131,"london_city_hall",1.0,1.0,.95,.9,.875,.8,.2,.3,.45,.55,.65,.65,.3333,.4615,.6107,.6828,.7459,.7172
132,"holocaust_memorial",1.0,.8,.7,.6667,.7,.68,.1875,.25,.4375,.625,.6875,.75,.3158,.381,.5385,.6452,.6937,.7133
133,"columbus_circle",.8,.9,.8,.7667,.625,.56,.16,.28,.52,.64,.64,.64,.2667,.4271,.6303,.6976,.6324,.5973
134,"siegessaeule",.8,.7,.6,.6333,.575,.52,.12,.24,.32,.48,.52,.6,.2087,.3574,.4174,.5461,.5461,.5571
135,"jardin_du_luxembourg",.8,.9,.95,.9667,.9,.9,.12,.24,.4,.48,.6,.68,.2087,.3789,.563,.6415,.72,.7747
136,"merlion_singapore",.2,.2,.35,.3667,.4,.42,.0455,.0909,.2727,.4091,.5455,.7273,.0741,.125,.3066,.3867,.4615,.5325
137,"harrods_london",.8,.8,.85,.8333,.85,.88,.12,.2,.44,.52,.56,.6,.2087,.32,.5798,.6404,.6752,.7135
138,"metropolitan_museum_of_art_new_york",1.0,1.0,.9,.9333,.925,.94,.16,.28,.48,.6,.64,.64,.2759,.4375,.6261,.7304,.7565,.7615
139,"new_york_stock_exchange",.8,.6,.65,.7,.675,.66,.15,.2,.35,.45,.55,.6,.2526,.3,.455,.5478,.6061,.6286
140,"stephansdom_vienna",1.0,1.0,1.0,1.0,1.0,1.0,.16,.28,.44,.56,.64,.68,.2759,.4375,.6111,.7179,.7805,.8095
141,"hms_belfast",1.0,1.0,1.0,1.0,1.0,.96,.12,.24,.32,.48,.56,.68,.2143,.3871,.4848,.6486,.7179,.7961
142,"leicester_square",1.0,.9,.7,.7333,.8,.8,.12,.2,.32,.44,.48,.56,.2143,.3273,.4392,.55,.6,.6588
143,"ciudad_de_las_artes_y_las_ciencias",1.0,1.0,1.0,.9667,.925,.92,.2,.28,.56,.64,.72,.76,.3333,.4375,.7179,.7701,.8097,.8324
144,"topkapi_palace",1.0,1.0,1.0,.9333,.95,.94,.2,.36,.52,.56,.64,.68,.3333,.5294,.6842,.7,.7648,.7891
145,"royal_albert_hall",.8,.8,.65,.5333,.525,.54,.12,.2,.32,.36,.44,.52,.2087,.32,.4289,.4299,.4788,.5298
146,"st_vitus_cathedral",.8,.9,.9,.9333,.925,.94,.16,.28,.4,.56,.6,.64,.2667,.4271,.5538,.7,.7279,.7615
147,"castello_sforzesco",1.0,1.0,.95,.9,.9,.9,.12,.2,.36,.44,.52,.56,.2143,.3333,.5221,.591,.6592,.6904
148,"rijksmuseum_amsterdam",1.0,1.0,1.0,1.0,1.0,1.0,.12,.16,.44,.52,.64,.72,.2143,.2759,.6111,.6842,.7805,.8372
149,"dam_square",1.0,.9,.65,.7,.7,.7,.16,.28,.36,.4,.52,.56,.2759,.4271,.4634,.5091,.5967,.6222
150,"rathaus_vienna",.8,.8,.7,.6333,.65,.66,.12,.28,.36,.4,.52,.52,.2087,.4148,.4755,.4903,.5778,.5817
151,"bath_abbey",1.0,1.0,1.0,1.0,1.0,.98,.12,.28,.32,.48,.72,.76,.2143,.4375,.4848,.6486,.8372,.8561
152,"salisbury_cathedral",1.0,1.0,.95,.9667,.975,.98,.16,.24,.28,.36,.4,.48,.2759,.3871,.4325,.5246,.5673,.6444
153,"templo_de_debod",.2,.4,.45,.5667,.5,.52,.0455,.1818,.3182,.3636,.3636,.4545,.0741,.25,.3728,.443,.4211,.4851
154,"Niagara_Falls",.6,.6,.65,.6667,.65,.64,.1364,.1818,.3182,.5,.5455,.5455,.2222,.2791,.4272,.5714,.5932,.589
155,"Golden_Gate_Bridge_in_San_Francisco",.8,.8,.9,.9333,.95,.96,.1364,.2273,.4545,.5909,.7727,.7727,.233,.354,.604,.7237,.8522,.8562
156,"Neuschwanstein_Castle",1.0,1.0,.95,.9667,.975,.96,.16,.24,.44,.52,.64,.76,.2759,.3871,.6014,.6762,.7728,.8484
157,"Christ_Church_Cathedral_Missouri",1.0,1.0,.95,.9,.875,.84,.16,.28,.44,.56,.68,.68,.2759,.4375,.6014,.6904,.7653,.7516
158,"Mount_Rushmore_in_South_Dakota",1.0,1.0,1.0,.9667,.975,.98,.16,.24,.48,.52,.6,.64,.2759,.3871,.6486,.6762,.7429,.7743
159,"Puerta_de_Toledo",.0,.0,.1,.1,.075,.06,.0,.0,.5,1.0,1.0,1.0,.0,.0,.1667,.1818,.1395,.1132
160,"Urquhart_Castle",1.0,.9,.8,.7667,.825,.8,.1667,.2917,.375,.5417,.75,.7917,.2857,.4406,.5106,.6348,.7857,.7958
161,"Gare_du_Nord_Paris",.6,.7,.85,.8333,.8,.84,.08,.08,.36,.44,.48,.52,.1412,.1436,.5058,.5759,.6,.6424
162,"Newgrange_in_Ireland",.6,.6,.55,.6333,.625,.68,.125,.1667,.2917,.375,.4167,.5833,.2069,.2609,.3812,.4711,.5,.628
163,"Windmills_at_Kinderdijk",.8,.9,.95,.9333,.925,.9,.16,.28,.4,.56,.72,.76,.2667,.4271,.563,.7,.8097,.8241
164,"Conciergerie",.8,.9,.95,.9667,.975,.96,.16,.32,.48,.52,.52,.6,.2667,.4721,.6378,.6762,.6783,.7385
165,"Palazzo_Madama",.6,.6,.65,.6,.6,.58,.1364,.2727,.5,.5455,.6364,.6818,.2222,.375,.5652,.5714,.6176,.6268
166,"Split_Rock_Lighthouse",1.0,.9,.9,.9,.875,.84,.16,.24,.36,.44,.48,.48,.2759,.3789,.5143,.591,.6199,.6109
167,"The_Little_Mermaid_Denmark",.8,.8,.7,.7,.625,.64,.2143,.5,.5714,.6429,.7857,.8571,.338,.6154,.6292,.6702,.6962,.7328
168,"Great_Pyramid_of_Giza",.8,.7,.75,.6667,.625,.62,.2667,.4,.5333,.6,.7333,.8,.4,.5091,.6234,.6316,.6748,.6986
169,"Pitti_Palace",.4,.4,.5,.6,.675,.64,.0909,.1818,.3636,.5455,.6818,.6818,.1481,.25,.4211,.5714,.6784,.6602
170,"Georgia_State_Capitol",.2,.3,.45,.4,.375,.36,.0526,.1579,.2632,.2632,.3158,.3158,.0833,.2069,.3321,.3175,.3429,.3364
171,"Dome_des_Invalides",1.0,.9,.9,.9333,.925,.94,.2,.24,.4,.48,.6,.76,.3333,.3789,.5538,.634,.7279,.8405
172,"Reggia_di_Caserta",.6,.7,.6,.6,.6,.58,.12,.28,.4,.44,.52,.56,.2,.4,.48,.5077,.5571,.5698
173,"The_Burj_al_Arab_Hotel",.8,.7,.8,.8667,.8,.8,.16,.24,.44,.56,.6,.6,.2667,.3574,.5677,.6804,.6857,.6857
174,"Elephanta_Caves",.8,.8,.85,.8333,.875,.86,.1667,.25,.375,.5,.5417,.625,.2759,.381,.5204,.625,.6691,.7239
175,"Basilica_of_Santa_Croce",1.0,1.0,1.0,1.0,1.0,1.0,.16,.2,.32,.48,.64,.64,.2759,.3333,.4848,.6486,.7805,.7805
176,"Aachen_Cathedral",1.0,1.0,.9,.8667,.875,.9,.2,.24,.4,.48,.6,.68,.3333,.3871,.5538,.6178,.7119,.7747
177,"Monument_to_the_Great_Fire_of_London",.6,.8,.7,.6,.6,.62,.12,.28,.4,.4,.56,.68,.2,.4148,.5091,.48,.5793,.6486
178,"Longmen_Grottoes",.6,.5,.45,.5333,.55,.58,.12,.16,.28,.48,.6,.64,.2,.2424,.3452,.5053,.5739,.6085
179,"Louisiana_State_Capitol",.4,.3,.4,.3,.275,.34,.08,.08,.28,.32,.32,.44,.1333,.1263,.3294,.3097,.2958,.3836
180,"The_Great_Sphinx_at_Giza",.8,.8,.85,.8333,.875,.86,.16,.24,.44,.56,.6,.68,.2667,.3692,.5798,.6699,.7119,.7595
181,"Teatro_Real_Madrid",1.0,.9,.65,.7667,.65,.68,.2174,.3913,.5217,.5652,.6522,.7826,.3571,.5455,.5788,.6507,.6511,.7277
182,"Palacio_de_la_Magdalena",.8,.7,.7,.7667,.775,.74,.16,.24,.4,.64,.72,.72,.2667,.3574,.5091,.6976,.7465,.7299
183,"Sowjetisches_Ehrenmal",1.0,.8,.7,.6667,.7,.72,.2,.32,.44,.52,.72,.76,.3333,.4571,.5404,.5843,.7099,.7395
184,"Cathedral_of_Trier",1.0,1.0,.9,.9333,.95,.9,.16,.28,.44,.64,.72,.8,.2759,.4375,.591,.7593,.8192,.8471
185,"Saint_Mary_of_the_Flower",.2,.1,.4,.3667,.45,.48,.04,.04,.16,.16,.28,.44,.0667,.0571,.2286,.2228,.3452,.4591
186,"Skellig_Michael",.8,.7,.7,.6333,.675,.7,.16,.24,.44,.6,.68,.68,.2667,.3574,.5404,.6162,.6775,.6899
187,"Chicago_Board_of_Trade_Building",.8,.8,.8,.7,.675,.62,.1364,.2273,.3636,.5,.5909,.6364,.233,.354,.5,.5833,.6302,.6281
188,"Pont_de_Normandie_France",1.0,1.0,.85,.8333,.8,.76,.2105,.3684,.5789,.7895,.8947,.8947,.3478,.5385,.6888,.8108,.8447,.8219
189,"Palazzo_Rosso",.0,.0,.05,.0667,.075,.1,.0,.0,.0417,.0833,.125,.1667,.0,.0,.0455,.0741,.0937,.125
190,"Piazza_Vittorio_Veneto",.8,.7,.5,.4,.425,.46,.1875,.3125,.4375,.4375,.5625,.75,.3038,.4321,.4667,.4179,.4842,.5702
191,"Sforza_Castle",1.0,1.0,.95,.9667,.95,.94,.2,.28,.48,.56,.6,.64,.3333,.4375,.6378,.7092,.7355,.7615
192,"Torres_KIO",1.0,1.0,.95,.8667,.875,.8,.2,.24,.48,.56,.68,.68,.3333,.3871,.6378,.6804,.7653,.7351
193,"Torre_Picasso",.8,.9,.75,.7,.75,.72,.1667,.3333,.4583,.5417,.6667,.6667,.2759,.4865,.569,.6107,.7059,.6923
194,"The_Palace_of_Parliament_in_Bucharest",.6,.8,.85,.9,.9,.88,.12,.28,.4,.48,.52,.52,.2,.4148,.544,.6261,.6592,.6537
195,"Ernest_Hemingway_House",.6,.8,.85,.8667,.825,.8,.12,.24,.4,.52,.52,.68,.2,.3692,.544,.65,.6379,.7351
196,"Castel_dellOvo_Napoli",1.0,1.0,.8,.7667,.775,.8,.2,.36,.48,.52,.64,.72,.3333,.5294,.6,.6197,.7011,.7579
197,"Villa_Borghese_gardens",1.0,1.0,.95,.9667,.975,.98,.12,.28,.52,.68,.72,.84,.2143,.4375,.6721,.7984,.8283,.9046
198,"Saint_Marks_Basilica",1.0,1.0,1.0,1.0,.95,.96,.2,.28,.4,.48,.56,.6,.3333,.4375,.5714,.6486,.7046,.7385
199,"Mausoleum_of_the_First_Qin_Emperor",1.0,1.0,.9,.8,.8,.82,.12,.28,.36,.4,.52,.6,.2143,.4375,.5143,.5333,.6303,.693
200,"Mausoleum_of_Hadrian",.8,.8,.75,.7333,.75,.72,.1111,.2222,.3889,.5,.6667,.7222,.1951,.3478,.5122,.5946,.7059,.7211
201,"Piazza_de_Ferrari",1.0,1.0,.95,.9667,.95,.94,.1579,.2632,.3684,.4737,.5263,.6316,.2727,.4167,.5309,.6358,.6774,.7555
202,"George_Washington_Carver",.6,.5,.6,.6667,.625,.66,.1875,.3125,.4375,.5,.5625,.625,.2857,.3846,.506,.5714,.5921,.642
203,"Cathedral_of_Santiago_de_Compostela",1.0,1.0,.9,.9,.9,.84,.1176,.2353,.5294,.7647,.8824,.8824,.2105,.381,.6667,.8269,.8911,.8607
204,"Saint-Jacques_Tower",.8,.9,.95,.9,.875,.78,.2308,.3077,.3846,.4615,.5385,.6154,.3582,.4586,.5476,.6102,.6667,.688
205,"Calakmul_Campeche_Mexico",1.0,1.0,.95,.9,.825,.84,.2143,.3571,.6429,.7143,.7857,.8571,.3529,.5263,.7668,.7965,.8049,.8485
206,"Bran_Castle_in_Transylvania",.8,.9,.9,.9,.9,.86,.1579,.2632,.4737,.5789,.6842,.7368,.2637,.4072,.6207,.7046,.7774,.7937
207,"Mosteiro_da_Batalha",1.0,1.0,1.0,1.0,1.0,1.0,.2105,.3158,.5789,.5789,.5789,.6842,.3478,.48,.7333,.7333,.7333,.8125
208,"Wartburg_Castle",1.0,.9,.95,.9,.925,.92,.15,.3,.45,.65,.8,.85,.2609,.45,.6107,.7548,.858,.8836
209,"Fujian_Tulou_Fujian_China",1.0,1.0,1.0,1.0,.975,.92,.2222,.3889,.5556,.7222,.7222,.7222,.3636,.56,.7143,.8387,.8298,.8092
210,"Alabama_State_Capitol",.6,.6,.6,.5667,.625,.66,.1429,.2857,.5238,.5714,.7619,.8571,.2308,.3871,.5593,.569,.6867,.7458
211,"Palazzo_dAccursio",1.0,.9,.75,.7667,.75,.68,.1667,.2222,.2778,.3889,.5,.5556,.2857,.3564,.4054,.516,.6,.6115
212,"Casa_Grande_Ruins",.8,.9,.8,.8,.8,.82,.1176,.2941,.3529,.4706,.5294,.5294,.2051,.4433,.4898,.5926,.6372,.6434
213,"Stravinsky_Fountain",1.0,.9,.9,.9333,.875,.88,.2667,.3333,.3333,.5333,.5333,.5333,.4211,.4865,.4865,.6788,.6627,.6642
214,"Angel_Falls_Venezuela",.4,.6,.5,.5667,.575,.54,.0588,.1765,.2941,.4706,.6471,.6471,.1026,.2727,.3704,.5142,.6089,.5887
215,"Statue_of_George_IV",.8,.7,.5,.4,.35,.34,.25,.375,.5,.75,.75,1.0,.381,.4884,.5,.5217,.4773,.5075
216,"Palacio_Barolo",.6,.8,.9,.8667,.875,.88,.1765,.2353,.4118,.5294,.6471,.7059,.2727,.3636,.565,.6573,.744,.7834
217,"Bridge_of_Remembrance_Christchurch_New_Zealand",1.0,1.0,.85,.8,.7,.6,.3333,.5,.8333,.9167,.9167,.9167,.5,.6667,.8416,.8544,.7938,.7253
218,"John_A._Roebling_Suspension_Bridge",.6,.4,.35,.4333,.425,.4,.2,.2,.4,.6667,.6667,.7333,.3,.2667,.3733,.5253,.5191,.5176
219,"Blue_Dome_Santorini",.8,.9,.85,.8333,.85,.8,.1875,.3125,.5625,.6875,.8125,.875,.3038,.4639,.677,.7534,.8308,.8358
220,"Fossar_de_les_Moreres",.8,.8,.6,.5667,.475,.44,.2143,.3571,.5714,.6429,.6429,.7143,.338,.4938,.5854,.6024,.5463,.5446
221,"Luxor_Obelisk_France",.8,.9,.9,.8,.825,.82,.25,.3125,.3125,.5,.5625,.625,.381,.4639,.4639,.6154,.6689,.7093
222,"Valle_de_los_Caidos",1.0,1.0,1.0,.9333,.925,.92,.2,.25,.5,.5,.55,.7,.3333,.4,.6667,.6512,.6898,.7951
--------------------
"--","Avg.",P@5,P@10,P@20,P@30,P@40,P@50,CR@5,CR@10,CR@20,CR@30,CR@40,CR@50,F1@5,F1@10,F1@20,F1@30,F1@40,F1@50
,.,8126,.7991,.7833,.7751,.7672,.7594,.1543,.2548,.4036,.5115,.5921,.6503,.257,.3812,.5231,.6036,.6544,.6854
