--------------------
"Run name","output_runBM25DunnIndex"
--------------------
"Average P@20 = ",.7617
"Average CR@20 = ",.3938
"Average F1@20 = ",.5072
--------------------
"Query Id ","Location name",P@5,P@10,P@20,P@30,P@40,P@50,CR@5,CR@10,CR@20,CR@30,CR@40,CR@50,F1@5,F1@10,F1@20,F1@30,F1@40,F1@50
1,"angel_of_the_north",1.0,1.0,1.0,1.0,1.0,.98,.16,.32,.44,.52,.6,.64,.2759,.4848,.6111,.6842,.75,.7743
2,"big_ben",.4,.7,.7,.7667,.75,.78,.0909,.2727,.3636,.5,.5455,.6364,.1481,.3925,.4786,.6053,.6316,.7009
3,"hearst_castle",1.0,1.0,.95,.9333,.925,.94,.1667,.375,.5,.7083,.75,.8333,.2857,.5455,.6552,.8054,.8284,.8835
4,"la_madeleine",.4,.3,.3,.3,.3,.3,.1429,.2143,.2143,.3571,.4286,.5714,.2105,.25,.25,.3261,.3529,.3934
5,"pont_alexandre_iii",1.0,1.0,1.0,1.0,.925,.92,.12,.24,.4,.52,.56,.64,.2143,.3871,.5714,.6842,.6976,.7549
6,"neues_museum",.4,.6,.6,.6667,.675,.68,.08,.2,.32,.44,.64,.72,.1333,.3,.4174,.5301,.657,.6994
7,"montezuma_castle",1.0,.9,.7,.6,.6,.56,.3333,.4167,.5833,.75,.8333,.8333,.5,.5696,.6364,.6667,.6977,.6699
8,"cn_tower",.4,.6,.65,.7333,.7,.7,.0833,.2083,.3333,.4167,.5,.5833,.1379,.3093,.4407,.5314,.5833,.6364
9,"acropolis_athens",.8,.7,.75,.8333,.875,.88,.0952,.2381,.381,.4286,.5238,.5714,.1702,.3553,.5053,.566,.6553,.6929
10,"agra_fort",.6,.8,.8,.8,.825,.86,.12,.28,.48,.56,.68,.76,.2,.4148,.6,.6588,.7455,.8069
11,"albert_memorial",.6,.7,.7,.6667,.675,.64,.0909,.1818,.2727,.4091,.5,.5909,.1579,.2887,.3925,.507,.5745,.6145
12,"altes_museum",1.0,.9,.85,.8,.75,.68,.1667,.2917,.4167,.5833,.625,.625,.2857,.4406,.5592,.6747,.6818,.6513
13,"amiens_cathedral",1.0,1.0,1.0,.9667,.95,.96,.2,.36,.56,.64,.8,.84,.3333,.5294,.7179,.7701,.8686,.896
14,"angkor_wat",.6,.6,.65,.6667,.675,.74,.08,.2,.24,.44,.48,.56,.1412,.3,.3506,.5301,.561,.6375
15,"ara_pacis",.4,.5,.7,.7333,.775,.76,.0909,.2273,.4545,.5455,.6818,.7273,.1481,.3125,.5512,.6256,.7254,.7433
16,"arc_de_triomphe",.8,.7,.6,.6333,.575,.56,.1667,.2917,.3333,.4167,.5,.5,.2759,.4118,.4286,.5026,.5349,.5283
17,"aztec_ruins",.6,.3,.35,.4,.425,.42,.12,.12,.24,.4,.48,.52,.2,.1714,.2847,.4,.4508,.4647
18,"berlin_cathedral",1.0,1.0,.95,.8667,.85,.86,.2,.28,.48,.56,.56,.68,.3333,.4375,.6378,.6804,.6752,.7595
19,"bok_tower_gardens",.8,.9,.9,.8333,.825,.84,.16,.28,.44,.52,.6,.72,.2667,.4271,.591,.6404,.6947,.7754
20,"brandenburg_gate",.8,.8,.85,.8667,.9,.9,.16,.24,.48,.56,.68,.72,.2667,.3692,.6135,.6804,.7747,.8
21,"cabrillo",.2,.2,.2,.1667,.175,.18,.0769,.1538,.3077,.3077,.3846,.4615,.1111,.1739,.2424,.2162,.2405,.259
22,"casa_batllo",1.0,1.0,1.0,.9667,.95,.92,.16,.2,.44,.52,.6,.64,.2759,.3333,.6111,.6762,.7355,.7549
23,"casa_rosada",1.0,1.0,.9,.8667,.9,.92,.2,.24,.36,.56,.68,.72,.3333,.3871,.5143,.6804,.7747,.8078
24,"castillo_de_san_marcos",.8,.8,.6,.5667,.575,.66,.16,.24,.36,.4,.52,.6,.2667,.3692,.45,.469,.5461,.6286
25,"chartres_cathedral",1.0,1.0,1.0,1.0,.95,.9,.12,.28,.4,.56,.6,.76,.2143,.4375,.5714,.7179,.7355,.8241
26,"chichen_itza",.8,.7,.7,.8,.825,.84,.16,.2,.32,.44,.56,.64,.2667,.3111,.4392,.5677,.6671,.7265
27,"christ_the_redeemer_rio",.6,.4,.4,.5,.475,.46,.087,.1304,.2609,.3478,.4348,.4348,.1519,.1967,.3158,.4103,.454,.447
28,"civic_center_san_francisco",.8,.8,.75,.6667,.675,.66,.16,.28,.4,.48,.52,.6,.2667,.4148,.5217,.5581,.5874,.6286
29,"cologne_cathedral",1.0,1.0,.95,.9333,.9,.9,.16,.24,.32,.56,.6,.68,.2759,.3871,.4787,.7,.72,.7747
30,"colosseum",1.0,1.0,.9,.8333,.85,.88,.12,.16,.32,.4,.48,.6,.2143,.2759,.4721,.5405,.6135,.7135
31,"doge_s_palace",.8,.8,.85,.8,.775,.78,.12,.2,.32,.36,.4,.48,.2087,.32,.465,.4966,.5277,.5943
32,"eiffel_tower",.8,.9,.95,.9667,.875,.86,.12,.24,.32,.36,.44,.48,.2087,.3789,.4787,.5246,.5856,.6161
33,"golden_gate_bridge",1.0,1.0,.85,.8,.725,.72,.2174,.3478,.4783,.5217,.5217,.5652,.3571,.5161,.6121,.6316,.6068,.6333
34,"grand_palais",1.0,1.0,.95,.9667,.95,.94,.2273,.3636,.4545,.5455,.5909,.7273,.3704,.5333,.6149,.6974,.7286,.8201
35,"guggenheim_museum_bilbao",1.0,1.0,1.0,1.0,1.0,1.0,.12,.16,.36,.44,.48,.6,.2143,.2759,.5294,.6111,.6486,.75
36,"hagia_sophia_istanbul",1.0,1.0,1.0,.9333,.95,.94,.16,.2,.4,.48,.6,.6,.2759,.3333,.5714,.634,.7355,.7325
37,"hoover_dam",1.0,1.0,.95,.9667,.95,.92,.16,.32,.4,.56,.64,.68,.2759,.4848,.563,.7092,.7648,.782
38,"humayun_tomb",1.0,1.0,.95,.8333,.8,.76,.16,.32,.36,.44,.56,.64,.2759,.4848,.5221,.5759,.6588,.6949
39,"iguazu_falls",.6,.8,.8,.8333,.85,.8,.12,.28,.48,.52,.6,.68,.2,.4148,.6,.6404,.7034,.7351
40,"iolani_palace",1.0,1.0,.9,.8,.725,.68,.16,.16,.32,.44,.56,.68,.2759,.2759,.4721,.5677,.6319,.68
41,"la_mezquita",.0,.1,.2,.2333,.225,.26,.0,.0417,.1667,.25,.3333,.4167,.0,.0588,.1818,.2414,.2687,.3202
42,"la_rambla_barcelona",.6,.8,.75,.8,.8,.84,.12,.24,.36,.48,.52,.6,.2,.3692,.4865,.6,.6303,.7
43,"la_sainte_chapelle",1.0,1.0,.95,.9667,.975,.98,.2,.4,.56,.72,.76,.8,.3333,.5714,.7046,.8253,.8542,.8809
44,"liberty_memorial",.8,.8,.8,.7667,.75,.76,.12,.12,.24,.32,.48,.56,.2087,.2087,.3692,.4515,.5854,.6448
45,"lincoln_home",.6,.6,.5,.4667,.45,.44,.1667,.2778,.4444,.6111,.6667,.6667,.2609,.3797,.4706,.5292,.5373,.5301
46,"machu_picchu",1.0,.9,.9,.8333,.825,.82,.2,.28,.44,.6,.72,.72,.3333,.4271,.591,.6977,.7689,.7668
47,"marble_arch_london",.6,.5,.55,.4667,.375,.36,.25,.3333,.5833,.75,.75,.75,.3529,.4,.5662,.5753,.5,.4865
48,"milan_cathedral",.8,.9,.95,.9,.85,.8,.16,.24,.52,.6,.64,.68,.2667,.3789,.6721,.72,.7302,.7351
49,"mole_antonelliana",.4,.4,.45,.6,.6,.58,.08,.12,.24,.32,.36,.4,.1333,.1846,.313,.4174,.45,.4735
50,"mont_saint_michel",1.0,1.0,.9,.9333,.925,.88,.2,.32,.4,.48,.52,.56,.3333,.4848,.5538,.634,.6657,.6844
51,"moulin_rouge",.2,.2,.25,.3,.275,.26,.125,.25,.625,.75,.75,.875,.1538,.2222,.3571,.4286,.4024,.4009
52,"nelson_s_column",.8,.8,.85,.9,.925,.94,.1667,.25,.375,.5,.6667,.75,.2759,.381,.5204,.6429,.7749,.8343
53,"notre_dame_de_paris",1.0,.8,.8,.7667,.75,.78,.16,.28,.44,.52,.56,.6,.2759,.4148,.5677,.6197,.6412,.6783
54,"obelisco",.4,.2,.15,.1667,.15,.14,.1818,.1818,.1818,.3636,.4545,.5455,.25,.1905,.1644,.2286,.2256,.2228
55,"piccadilly_circus",1.0,1.0,.9,.7667,.775,.76,.2174,.3478,.4348,.4348,.5217,.5652,.3571,.5161,.5863,.5549,.6236,.6483
56,"place_de_la_concorde",1.0,1.0,1.0,1.0,.975,.98,.12,.2,.44,.6,.64,.68,.2143,.3333,.6111,.75,.7728,.8029
57,"place_de_la_republique",.2,.3,.2,.1667,.2,.22,.125,.375,.5,.5,.625,.75,.1538,.3333,.2857,.25,.303,.3402
58,"place_des_vosges",.8,.8,.8,.8,.85,.82,.12,.2,.32,.44,.56,.68,.2087,.32,.4571,.5677,.6752,.7435
59,"pont_du_gard",.8,.6,.6,.6333,.65,.66,.12,.2,.28,.44,.52,.52,.2087,.3,.3818,.5193,.5778,.5817
60,"pont_neuf",.8,.8,.7,.6,.575,.52,.16,.24,.36,.44,.48,.56,.2667,.3692,.4755,.5077,.5232,.5393
61,"ponte_vecchio",.6,.6,.55,.5667,.6,.6,.0833,.2083,.3333,.4167,.4583,.5833,.1463,.3093,.4151,.4802,.5197,.5915
62,"puerta_de_alcala",.8,.7,.65,.6,.6,.56,.2105,.2632,.3158,.3684,.4737,.4737,.3333,.3825,.4251,.4565,.5294,.5132
63,"puerta_del_sol",.6,.6,.55,.5333,.425,.34,.15,.25,.3,.4,.4,.4,.24,.3529,.3882,.4571,.4121,.3676
64,"red_fort",1.0,1.0,1.0,1.0,1.0,1.0,.2,.32,.44,.64,.64,.68,.3333,.4848,.6111,.7805,.7805,.8095
65,"reims_cathedral",1.0,1.0,1.0,1.0,1.0,1.0,.16,.24,.4,.56,.56,.68,.2759,.3871,.5714,.7179,.7179,.8095
66,"rialto_bridge",1.0,.7,.75,.7333,.7,.7,.25,.375,.625,.6875,.6875,.6875,.4,.4884,.6818,.7097,.6937,.6937
67,"roman_forum_rome",.8,.7,.8,.7333,.75,.74,.16,.24,.36,.44,.48,.52,.2667,.3574,.4966,.55,.5854,.6108
68,"sacre_coeur",.6,.5,.5,.4333,.475,.5,.125,.1667,.375,.375,.375,.4167,.2069,.25,.4286,.4021,.4191,.4545
69,"sagrada_familia",1.0,.8,.8,.8333,.875,.9,.2,.24,.32,.4,.48,.56,.3333,.3692,.4571,.5405,.6199,.6904
70,"santa_maria_novella",.6,.7,.75,.7333,.725,.68,.12,.24,.36,.44,.48,.6,.2,.3574,.4865,.55,.5776,.6375
71,"schonbrunn_palace",1.0,1.0,1.0,.9667,.975,.98,.2,.32,.48,.48,.52,.56,.3333,.4848,.6486,.6415,.6783,.7127
72,"seville_cathedral",.8,.9,.9,.9,.875,.9,.16,.28,.36,.48,.56,.56,.2667,.4271,.5143,.6261,.6829,.6904
73,"spanish_steps",1.0,1.0,.9,.8,.775,.74,.1818,.2727,.3182,.4545,.5909,.7273,.3077,.4286,.4701,.5797,.6705,.7336
74,"st__basil_cathedral",1.0,.9,.95,.9333,.925,.92,.2,.28,.56,.6,.64,.68,.3333,.4271,.7046,.7304,.7565,.782
75,"statue_of_liberty",1.0,.8,.85,.8333,.85,.86,.2,.32,.44,.56,.6,.76,.3333,.4571,.5798,.6699,.7034,.8069
76,"stonehenge",.6,.6,.75,.7333,.675,.68,.1053,.1579,.3684,.4737,.4737,.5263,.1791,.25,.4941,.5756,.5567,.5934
77,"summer_palace_beijing",.8,.8,.75,.7333,.75,.78,.12,.24,.4,.48,.6,.68,.2087,.3692,.5217,.5802,.6667,.7266
78,"sydney_opera_house",.8,.9,.85,.8667,.875,.9,.16,.28,.4,.48,.56,.56,.2667,.4271,.544,.6178,.6829,.6904
79,"teotihuacan",1.0,.9,.7,.7,.75,.74,.2,.28,.4,.48,.52,.64,.3333,.4271,.5091,.5695,.6142,.6864
80,"terracotta_army",.8,.7,.6,.5667,.6,.6,.2,.25,.3,.45,.7,.7,.32,.3684,.4,.5016,.6462,.6462
81,"the_blue_mosque",1.0,.9,.9,.9333,.9,.9,.16,.2,.4,.48,.48,.56,.2759,.3273,.5538,.634,.6261,.6904
82,"the_henry_ford",.8,.7,.65,.7,.675,.72,.16,.28,.36,.56,.6,.68,.2667,.4,.4634,.6222,.6353,.6994
83,"taj_mahal",1.0,.9,.8,.8667,.9,.9,.2,.28,.44,.48,.48,.68,.3333,.4271,.5677,.6178,.6261,.7747
84,"tour_montparnasse",1.0,.9,.7,.6333,.625,.6,.25,.3,.4,.5,.6,.6,.4,.45,.5091,.5588,.6122,.6
85,"tower_bridge_london",.8,.8,.7,.5333,.525,.5,.12,.24,.4,.44,.44,.48,.2087,.3692,.5091,.4822,.4788,.4898
86,"trafalgar_square",.8,.6,.4,.3667,.425,.48,.1364,.1818,.2727,.2727,.3636,.4091,.233,.2791,.3243,.3128,.3919,.4417
87,"leaning_tower_of_pisa",.4,.4,.6,.6,.625,.62,.08,.12,.24,.4,.48,.52,.1333,.1846,.3429,.48,.543,.5656
88,"hermitage_museum_saint_petersburg",1.0,1.0,1.0,1.0,1.0,.98,.2,.28,.44,.52,.64,.72,.3333,.4375,.6111,.6842,.7805,.8301
89,"jantar_mantar_jaipur",.8,.8,.75,.8,.825,.78,.16,.32,.44,.6,.64,.72,.2667,.4571,.5546,.6857,.7208,.7488
90,"lake_titicaca_peru",.4,.4,.55,.5333,.525,.48,.0833,.125,.2917,.4167,.5,.5417,.1379,.1905,.3812,.4678,.5122,.509
91,"the_great_wall_of_china",.6,.7,.85,.8333,.825,.82,.12,.24,.48,.6,.64,.64,.2,.3574,.6135,.6977,.7208,.7189
92,"grande_arche_paris",.6,.6,.7,.6667,.625,.58,.12,.2,.36,.48,.48,.52,.2,.3,.4755,.5581,.543,.5484
93,"el_angel_mexico",.4,.4,.5,.5,.5,.48,.0952,.1905,.3333,.4286,.5714,.5714,.1538,.2581,.4,.4615,.5333,.5217
94,"bibliotheque_nationale_de_france",.8,.7,.8,.8,.85,.82,.16,.28,.36,.56,.64,.64,.2667,.4,.4966,.6588,.7302,.7189
95,"kronborg_castle",1.0,.9,.85,.8333,.85,.84,.1667,.2917,.4583,.5,.625,.6667,.2857,.4406,.5955,.625,.7203,.7434
96,"ajanta_caves",1.0,.8,.85,.8667,.9,.9,.1818,.2273,.5,.5455,.6364,.6818,.3077,.354,.6296,.6695,.7456,.7759
97,"atomium",1.0,.9,.85,.8333,.85,.84,.2381,.2857,.4762,.5238,.5238,.5238,.3846,.4337,.6104,.6433,.6482,.6453
98,"ellora_caves",1.0,1.0,1.0,1.0,1.0,.98,.2273,.2727,.3636,.3636,.4091,.5455,.3704,.4286,.5333,.5333,.5806,.7008
99,"potala_palace",1.0,.9,.75,.7,.725,.74,.2222,.3333,.3333,.3889,.4444,.5556,.3636,.4865,.4615,.5,.5511,.6346
100,"jokhang",.6,.7,.85,.8,.75,.76,.12,.28,.52,.6,.68,.76,.2,.4,.6453,.6857,.7133,.76
101,"rila_monastery",.6,.7,.85,.8333,.85,.88,.12,.24,.32,.4,.44,.48,.2,.3574,.465,.5405,.5798,.6212
102,"louvre_pyramid",1.0,1.0,.9,.9333,.925,.92,.1667,.2778,.3889,.4444,.5556,.6111,.2857,.4348,.5431,.6022,.6942,.7344
103,"brooklyn_bridge",.6,.8,.8,.8,.8,.78,.0952,.2381,.381,.4762,.4762,.5238,.1644,.367,.5161,.597,.597,.6267
104,"tower_of_london",.4,.4,.35,.3333,.4,.4,.087,.1739,.2609,.3043,.4348,.4783,.1429,.2424,.2989,.3182,.4167,.4356
105,"british_museum_london",1.0,1.0,1.0,1.0,1.0,1.0,.2,.25,.4,.4,.4,.6,.3333,.4,.5714,.5714,.5714,.75
106,"buckingham_palace",.6,.5,.5,.5667,.5,.48,.15,.25,.4,.45,.45,.45,.24,.3333,.4444,.5016,.4737,.4645
107,"charles_bridge_prague",1.0,1.0,.95,.8667,.75,.66,.1667,.2083,.3333,.3333,.375,.375,.2857,.3448,.4935,.4815,.5,.4783
108,"champs_elysees_paris",.6,.7,.65,.6,.525,.52,.2,.4,.4,.5333,.5333,.5333,.3,.5091,.4952,.5647,.5291,.5266
109,"chrysler_building",1.0,.9,.9,.9,.925,.94,.2857,.5,.7143,.8571,.8571,.8571,.4444,.6429,.7965,.878,.8898,.8967
110,"moma_new_york",.6,.7,.75,.7667,.775,.8,.1579,.2632,.3684,.5263,.5789,.6842,.25,.3825,.4941,.6242,.6628,.7376
111,"grand_central_terminal",1.0,1.0,1.0,1.0,.975,.98,.0952,.1905,.381,.5714,.6667,.7619,.1739,.32,.5517,.7273,.7919,.8573
112,"houses_of_parliament",1.0,.9,.85,.8333,.85,.84,.1304,.3043,.4348,.4783,.5217,.6087,.2308,.4549,.5753,.6077,.6466,.7059
113,"alexanderplatz_berlin",.8,.7,.7,.7,.675,.68,.16,.24,.36,.4,.48,.48,.2667,.3574,.4755,.5091,.561,.5628
114,"centre_pompidou",.6,.7,.85,.8,.825,.8,.1111,.2222,.3889,.5,.5556,.5556,.1875,.3373,.5336,.6154,.664,.6557
115,"sydney_harbour_bridge",1.0,.9,.85,.9,.925,.92,.1875,.25,.4375,.625,.625,.6875,.3158,.3913,.5777,.7377,.746,.7869
116,"pier_39",.6,.8,.85,.8667,.825,.82,.1429,.3333,.5714,.7143,.7143,.7619,.2308,.4706,.6834,.7831,.7657,.7899
117,"coit_tower",.6,.6,.65,.6,.575,.56,.2,.2667,.4,.4,.4667,.5333,.3,.3692,.4952,.48,.5152,.5463
118,"st_paul_s_cathedral_london",.8,.9,.9,.8667,.825,.82,.1765,.2941,.4706,.4706,.5294,.6471,.2892,.4433,.618,.61,.645,.7233
119,"cloud_gate",.8,.7,.7,.7,.675,.68,.3333,.4167,.5833,.5833,.5833,.6667,.4706,.5224,.6364,.6364,.6258,.6733
120,"musee_d_orsay",.8,.9,.95,.9667,.95,.96,.1905,.2857,.3333,.4286,.5238,.5238,.3077,.4337,.4935,.5939,.6753,.6778
121,"pike_place_market",1.0,.9,.8,.8,.775,.8,.2381,.3333,.381,.4286,.5238,.5238,.3846,.4865,.5161,.5581,.6251,.6331
122,"royal_palace_madrid",.8,.6,.75,.8,.8,.8,.1818,.2273,.4091,.5455,.5909,.7273,.2963,.3297,.5294,.6486,.6797,.7619
123,"sony_center_berlin",.6,.7,.85,.9,.825,.86,.0952,.1429,.3333,.381,.4762,.5238,.1644,.2373,.4789,.5353,.6038,.6511
124,"red_square_moscow",.6,.8,.75,.7333,.675,.66,.1429,.2381,.381,.5714,.5714,.6667,.2308,.367,.5053,.6423,.6189,.6633
125,"prague_castle",.8,.9,.9,.9333,.95,.88,.12,.28,.44,.52,.56,.64,.2087,.4271,.591,.6679,.7046,.7411
126,"musee_du_louvre",1.0,1.0,1.0,1.0,.975,.98,.2,.32,.4,.52,.6,.64,.3333,.4848,.5714,.6842,.7429,.7743
127,"millennium_bridge_london",.8,.8,.8,.8,.75,.78,.16,.28,.36,.44,.48,.48,.2667,.4148,.4966,.5677,.5854,.5943
128,"casa_mila",1.0,.9,.95,.9,.9,.9,.16,.32,.44,.52,.6,.64,.2759,.4721,.6014,.6592,.72,.7481
129,"national_gallery_london",.6,.7,.75,.7667,.75,.76,.0909,.2273,.4091,.6364,.6818,.6818,.1579,.3431,.5294,.6955,.7143,.7188
130,"national_mall",.8,.9,.8,.8333,.75,.74,.12,.28,.4,.56,.56,.72,.2087,.4271,.5333,.6699,.6412,.7299
131,"london_city_hall",.6,.6,.6,.7,.725,.78,.15,.25,.4,.65,.7,.7,.24,.3529,.48,.6741,.7123,.7378
132,"holocaust_memorial",.6,.4,.4,.4,.4,.42,.1875,.25,.25,.3125,.375,.4375,.2857,.3077,.3077,.3509,.3871,.4286
133,"columbus_circle",.8,.8,.5,.4333,.425,.52,.16,.28,.36,.4,.4,.6,.2667,.4148,.4186,.416,.4121,.5571
134,"siegessaeule",.8,.8,.75,.7667,.7,.66,.12,.28,.44,.52,.56,.64,.2087,.4148,.5546,.6197,.6222,.6498
135,"jardin_du_luxembourg",1.0,1.0,1.0,1.0,1.0,1.0,.12,.24,.4,.52,.56,.64,.2143,.3871,.5714,.6842,.7179,.7805
136,"merlion_singapore",.4,.3,.35,.4333,.45,.46,.0909,.1364,.3182,.5,.5909,.6818,.1481,.1875,.3333,.4643,.5109,.5494
137,"harrods_london",.8,.8,.85,.8,.775,.8,.16,.24,.4,.44,.6,.6,.2667,.3692,.544,.5677,.6764,.6857
138,"metropolitan_museum_of_art_new_york",1.0,1.0,1.0,1.0,.975,.98,.16,.24,.4,.48,.6,.64,.2759,.3871,.5714,.6486,.7429,.7743
139,"new_york_stock_exchange",.8,.8,.65,.6,.575,.62,.2,.35,.4,.45,.45,.45,.32,.487,.4952,.5143,.5049,.5215
140,"stephansdom_vienna",1.0,1.0,1.0,1.0,.975,.98,.16,.32,.44,.56,.64,.68,.2759,.4848,.6111,.7179,.7728,.8029
141,"hms_belfast",1.0,1.0,1.0,.9333,.925,.94,.12,.28,.4,.48,.56,.6,.2143,.4375,.5714,.634,.6976,.7325
142,"leicester_square",1.0,1.0,1.0,.9333,.85,.78,.08,.16,.36,.4,.44,.44,.1481,.2759,.5294,.56,.5798,.5626
143,"ciudad_de_las_artes_y_las_ciencias",1.0,1.0,.95,.9333,.925,.94,.16,.28,.36,.52,.56,.64,.2759,.4375,.5221,.6679,.6976,.7615
144,"topkapi_palace",1.0,1.0,1.0,1.0,.95,.96,.2,.32,.4,.56,.64,.68,.3333,.4848,.5714,.7179,.7648,.7961
145,"royal_albert_hall",1.0,1.0,.95,.8667,.85,.82,.16,.28,.44,.52,.56,.56,.2759,.4375,.6014,.65,.6752,.6655
146,"st_vitus_cathedral",1.0,.8,.85,.8667,.9,.9,.16,.2,.4,.56,.56,.68,.2759,.32,.544,.6804,.6904,.7747
147,"castello_sforzesco",1.0,.9,.9,.9333,.925,.92,.2,.32,.4,.44,.44,.52,.3333,.4721,.5538,.5981,.5963,.6644
148,"rijksmuseum_amsterdam",1.0,1.0,1.0,1.0,1.0,1.0,.12,.12,.24,.44,.52,.56,.2143,.2143,.3871,.6111,.6842,.7179
149,"dam_square",.6,.7,.7,.6333,.625,.62,.08,.24,.4,.44,.48,.48,.1412,.3574,.5091,.5193,.543,.5411
150,"rathaus_vienna",.6,.7,.6,.5333,.5,.52,.08,.2,.24,.24,.24,.28,.1412,.3111,.3429,.331,.3243,.364
151,"bath_abbey",1.0,.9,.95,.9,.875,.84,.2,.28,.44,.52,.6,.6,.3333,.4271,.6014,.6592,.7119,.7
152,"salisbury_cathedral",1.0,1.0,1.0,1.0,.975,.98,.2,.32,.4,.44,.56,.6,.3333,.4848,.5714,.6111,.7114,.7443
153,"templo_de_debod",.6,.5,.45,.5667,.55,.58,.1364,.1818,.2727,.3636,.4545,.5,.2222,.2667,.3396,.443,.4977,.537
154,"Niagara_Falls",.8,.7,.6,.6,.625,.58,.1364,.1818,.3182,.3636,.3636,.5,.233,.2887,.4158,.4528,.4598,.537
155,"Golden_Gate_Bridge_in_San_Francisco",1.0,1.0,.9,.9,.925,.92,.1818,.2727,.3636,.5455,.6818,.7273,.3077,.4286,.518,.6792,.785,.8124
156,"Neuschwanstein_Castle",1.0,1.0,1.0,1.0,.975,.98,.16,.28,.44,.56,.64,.68,.2759,.4375,.6111,.7179,.7728,.8029
157,"Christ_Church_Cathedral_Missouri",1.0,1.0,1.0,1.0,.975,.98,.16,.36,.44,.56,.64,.72,.2759,.5294,.6111,.7179,.7728,.8301
158,"Mount_Rushmore_in_South_Dakota",1.0,.9,.8,.8,.85,.88,.16,.2,.32,.44,.48,.56,.2759,.3273,.4571,.5677,.6135,.6844
159,"Puerta_de_Toledo",.2,.1,.15,.1,.075,.06,.5,.5,1.0,1.0,1.0,1.0,.2857,.1667,.2609,.1818,.1395,.1132
160,"Urquhart_Castle",1.0,.9,.95,.9667,.95,.96,.1667,.25,.4167,.5417,.5833,.625,.2857,.3913,.5793,.6943,.7228,.7571
161,"Gare_du_Nord_Paris",.8,.8,.75,.7333,.75,.8,.16,.24,.36,.44,.44,.44,.2667,.3692,.4865,.55,.5546,.5677
162,"Newgrange_in_Ireland",.8,.8,.85,.7333,.65,.66,.1667,.2083,.375,.4583,.4583,.5,.2759,.3306,.5204,.5641,.5376,.569
163,"Windmills_at_Kinderdijk",1.0,.9,.95,.9,.875,.86,.16,.24,.36,.44,.52,.56,.2759,.3789,.5221,.591,.6523,.6783
164,"Conciergerie",.8,.9,.95,.9667,.975,.98,.16,.24,.36,.52,.56,.64,.2667,.3789,.5221,.6762,.7114,.7743
165,"Palazzo_Madama",.8,.6,.7,.5667,.575,.56,.1818,.2727,.4091,.5,.6364,.6364,.2963,.375,.5164,.5312,.6041,.5957
166,"Split_Rock_Lighthouse",1.0,.9,.85,.8667,.875,.84,.2,.2,.24,.28,.32,.4,.3333,.3273,.3743,.4233,.4686,.5419
167,"The_Little_Mermaid_Denmark",.6,.6,.6,.6,.6,.6,.1429,.2857,.5,.6429,.6429,.7143,.2308,.3871,.5455,.6207,.6207,.6522
168,"Great_Pyramid_of_Giza",.8,.7,.7,.6667,.575,.54,.2667,.3333,.4667,.6,.6667,.7333,.4,.4516,.56,.6316,.6174,.622
169,"Pitti_Palace",.4,.6,.8,.7667,.725,.74,.0909,.2727,.4545,.5,.5,.5909,.1481,.375,.5797,.6053,.5918,.6571
170,"Georgia_State_Capitol",.8,.8,.9,.8,.6,.5,.1579,.2105,.2632,.3158,.3158,.3158,.2637,.3333,.4072,.4528,.4138,.3871
171,"Dome_des_Invalides",1.0,1.0,1.0,1.0,.975,.98,.12,.24,.4,.48,.48,.56,.2143,.3871,.5714,.6486,.6433,.7127
172,"Reggia_di_Caserta",1.0,.8,.8,.8333,.875,.86,.16,.24,.32,.52,.56,.68,.2759,.3692,.4571,.6404,.6829,.7595
173,"The_Burj_al_Arab_Hotel",.8,.8,.8,.8,.775,.74,.12,.24,.4,.52,.56,.6,.2087,.3692,.5333,.6303,.6502,.6627
174,"Elephanta_Caves",1.0,1.0,.95,.9,.825,.82,.2083,.2917,.4167,.5417,.5833,.5833,.3448,.4516,.5793,.6763,.6834,.6817
175,"Basilica_of_Santa_Croce",.8,.9,.95,.9333,.95,.94,.16,.24,.44,.56,.64,.68,.2667,.3789,.6014,.7,.7648,.7891
176,"Aachen_Cathedral",.8,.9,.9,.9,.85,.88,.16,.24,.4,.48,.52,.64,.2667,.3789,.5538,.6261,.6453,.7411
177,"Monument_to_the_Great_Fire_of_London",1.0,1.0,.85,.8667,.725,.66,.16,.32,.44,.56,.6,.64,.2759,.4848,.5798,.6804,.6566,.6498
178,"Longmen_Grottoes",.6,.6,.5,.6333,.65,.62,.08,.2,.28,.48,.6,.68,.1412,.3,.359,.5461,.624,.6486
179,"Louisiana_State_Capitol",.6,.4,.4,.3,.3,.32,.12,.16,.28,.32,.36,.44,.2,.2286,.3294,.3097,.3273,.3705
180,"The_Great_Sphinx_at_Giza",.8,.9,.95,.9667,.95,.88,.16,.28,.44,.52,.6,.6,.2667,.4271,.6014,.6762,.7355,.7135
181,"Teatro_Real_Madrid",1.0,1.0,.95,.9667,.925,.88,.2174,.3043,.4783,.5652,.6957,.8696,.3571,.4667,.6362,.7133,.7941,.8748
182,"Palacio_de_la_Magdalena",.6,.5,.55,.6,.6,.6,.12,.16,.36,.56,.64,.68,.2,.2424,.4352,.5793,.6194,.6375
183,"Sowjetisches_Ehrenmal",.2,.4,.4,.3667,.35,.36,.04,.16,.32,.32,.4,.48,.0667,.2286,.3556,.3417,.3733,.4114
184,"Cathedral_of_Trier",.8,.7,.7,.6667,.7,.68,.12,.2,.36,.48,.6,.68,.2087,.3111,.4755,.5581,.6462,.68
185,"Saint_Mary_of_the_Flower",.2,.2,.2,.2333,.175,.22,.04,.08,.16,.24,.24,.32,.0667,.1143,.1778,.2366,.2024,.2607
186,"Skellig_Michael",1.0,.8,.65,.7,.775,.78,.2,.28,.32,.4,.52,.6,.3333,.4148,.4289,.5091,.6224,.6783
187,"Chicago_Board_of_Trade_Building",1.0,.9,.9,.8667,.9,.92,.2273,.3182,.5,.5455,.6364,.7273,.3704,.4701,.6429,.6695,.7456,.8124
188,"Pont_de_Normandie_France",.8,.8,.75,.7333,.675,.68,.2105,.3158,.5263,.6316,.7368,.8421,.3333,.4528,.6186,.6787,.7046,.7524
189,"Palazzo_Rosso",.0,.0,.0,.0,.0,.02,.0,.0,.0,.0,.0,.0417,.0,.0,.0,.0,.0,.027
190,"Piazza_Vittorio_Veneto",.4,.3,.2,.2667,.25,.28,.0625,.0625,.125,.3125,.4375,.5625,.1081,.1034,.1538,.2878,.3182,.3739
191,"Sforza_Castle",.8,.8,.85,.9,.925,.94,.12,.2,.36,.6,.64,.72,.2087,.32,.5058,.72,.7565,.8154
192,"Torres_KIO",.8,.9,.9,.9333,.925,.9,.16,.28,.4,.52,.56,.6,.2667,.4271,.5538,.6679,.6976,.72
193,"Torre_Picasso",.8,.9,.9,.8333,.85,.84,.0833,.2083,.4167,.5,.5417,.5833,.1509,.3383,.5696,.625,.6617,.6885
194,"The_Palace_of_Parliament_in_Bucharest",.8,.7,.8,.8333,.875,.9,.12,.16,.32,.48,.56,.68,.2087,.2605,.4571,.6091,.6829,.7747
195,"Ernest_Hemingway_House",.6,.6,.5,.5333,.575,.66,.12,.2,.36,.48,.56,.64,.2,.3,.4186,.5053,.5674,.6498
196,"Castel_dellOvo_Napoli",.6,.8,.8,.8,.825,.82,.12,.28,.44,.6,.68,.72,.2,.4148,.5677,.6857,.7455,.7668
197,"Villa_Borghese_gardens",1.0,.9,.9,.9333,.95,.96,.2,.32,.44,.64,.76,.84,.3333,.4721,.591,.7593,.8444,.896
198,"Saint_Marks_Basilica",.8,.8,.85,.8667,.85,.82,.16,.28,.52,.64,.8,.8,.2667,.4148,.6453,.7363,.8242,.8099
199,"Mausoleum_of_the_First_Qin_Emperor",.8,.9,.95,.9333,.9,.92,.16,.28,.44,.68,.76,.84,.2667,.4271,.6014,.7868,.8241,.8782
200,"Mausoleum_of_Hadrian",.8,.7,.7,.6667,.625,.68,.1667,.2222,.3889,.4444,.5556,.7222,.2759,.3373,.5,.5333,.5882,.7005
201,"Piazza_de_Ferrari",1.0,1.0,1.0,1.0,1.0,.98,.2105,.3158,.4211,.4737,.4737,.4737,.3478,.48,.5926,.6429,.6429,.6387
202,"George_Washington_Carver",.0,.3,.25,.2333,.275,.28,.0,.1875,.25,.25,.3125,.375,.0,.2308,.25,.2414,.2926,.3206
203,"Cathedral_of_Santiago_de_Compostela",.6,.7,.7,.7,.75,.72,.1765,.3529,.4118,.5882,.6471,.7059,.2727,.4693,.5185,.6393,.6947,.7129
204,"Saint-Jacques_Tower",.6,.4,.4,.5,.5,.56,.2308,.2308,.3077,.3077,.3846,.5385,.3333,.2927,.3478,.381,.4348,.549
205,"Calakmul_Campeche_Mexico",.6,.6,.55,.6333,.7,.74,.2143,.2857,.3571,.4286,.5,.6429,.3158,.3871,.4331,.5112,.5833,.688
206,"Bran_Castle_in_Transylvania",.8,.9,.95,.8667,.875,.86,.1053,.2632,.4211,.4737,.4737,.6316,.186,.4072,.5835,.6126,.6146,.7283
207,"Mosteiro_da_Batalha",1.0,1.0,1.0,1.0,1.0,1.0,.2105,.3684,.5789,.5789,.6842,.7368,.3478,.5385,.7333,.7333,.8125,.8485
208,"Wartburg_Castle",1.0,.9,.9,.9333,.875,.9,.2,.3,.4,.55,.6,.7,.3333,.45,.5538,.6921,.7119,.7875
209,"Fujian_Tulou_Fujian_China",1.0,.9,.85,.8667,.85,.86,.1667,.3333,.5,.6667,.6667,.7222,.2857,.4865,.6296,.7536,.7473,.7851
210,"Alabama_State_Capitol",1.0,.9,.75,.6667,.65,.68,.1905,.3333,.4286,.4286,.5238,.7143,.32,.4865,.5455,.5217,.5801,.6967
211,"Palazzo_dAccursio",.8,.8,.7,.7,.75,.76,.1667,.2222,.3333,.3333,.4444,.5,.2759,.3478,.4516,.4516,.5581,.6032
212,"Casa_Grande_Ruins",.8,.7,.65,.6667,.65,.66,.2353,.3529,.3529,.4118,.4118,.5294,.3636,.4693,.4575,.5091,.5042,.5875
213,"Stravinsky_Fountain",.8,.9,.85,.8333,.825,.82,.2,.3333,.4667,.4667,.4667,.5333,.32,.4865,.6025,.5983,.5961,.6463
214,"Angel_Falls_Venezuela",.8,.7,.65,.6333,.65,.66,.2353,.2941,.4118,.5294,.6471,.7647,.3636,.4142,.5042,.5767,.6485,.7085
215,"Statue_of_George_IV",.4,.4,.4,.4,.325,.3,.25,.375,.5,.5,.5,.5,.3077,.3871,.4444,.4444,.3939,.375
216,"Palacio_Barolo",1.0,1.0,.95,.9333,.925,.92,.2353,.2941,.4706,.5294,.6471,.8824,.381,.4545,.6294,.6756,.7615,.9008
217,"Bridge_of_Remembrance_Christchurch_New_Zealand",.8,.9,.85,.8,.725,.64,.1667,.3333,.5,.5833,.75,.9167,.2759,.4865,.6296,.6747,.7373,.7537
218,"John_A._Roebling_Suspension_Bridge",.0,.2,.3,.3667,.45,.52,.0,.1333,.3333,.5333,.6,.7333,.0,.16,.3158,.4346,.5143,.6085
219,"Blue_Dome_Santorini",.8,.8,.9,.9333,.9,.86,.25,.375,.625,.6875,.6875,.75,.381,.5106,.7377,.7918,.7795,.8012
220,"Fossar_de_les_Moreres",.6,.6,.6,.6,.575,.56,.1429,.3571,.5,.6429,.7143,.7143,.2308,.4478,.5455,.6207,.6371,.6278
221,"Luxor_Obelisk_France",1.0,.8,.7,.7333,.75,.72,.25,.25,.3125,.375,.375,.375,.4,.381,.4321,.4962,.5,.4932
222,"Valle_de_los_Caidos",1.0,1.0,1.0,.9667,.975,.94,.2,.3,.6,.65,.7,.75,.3333,.4615,.75,.7773,.8149,.8343
--------------------
"--","Avg.",P@5,P@10,P@20,P@30,P@40,P@50,CR@5,CR@10,CR@20,CR@30,CR@40,CR@50,F1@5,F1@10,F1@20,F1@30,F1@40,F1@50
,.,7838,.7712,.7617,.7548,.7454,.7427,.1573,.2564,.3938,.4912,.5537,.6175,.2572,.3768,.5072,.582,.6212,.6594
