--------------------
"Run name","output_runJACKARDSilhouette"
--------------------
"Average P@20 = ",.7865
"Average CR@20 = ",.3982
"Average F1@20 = ",.5189
--------------------
"Query Id ","Location name",P@5,P@10,P@20,P@30,P@40,P@50,CR@5,CR@10,CR@20,CR@30,CR@40,CR@50,F1@5,F1@10,F1@20,F1@30,F1@40,F1@50
1,"angel_of_the_north",1.0,1.0,1.0,1.0,.95,.96,.16,.32,.52,.68,.76,.76,.2759,.4848,.6842,.8095,.8444,.8484
2,"big_ben",1.0,1.0,.95,.9,.925,.8,.2273,.2727,.4545,.5,.5909,.6364,.3704,.4286,.6149,.6429,.7211,.7089
3,"hearst_castle",1.0,.9,.95,.9333,.925,.92,.1667,.3333,.5417,.7083,.8333,.8333,.2857,.4865,.6899,.8054,.8768,.8745
4,"la_madeleine",.0,.2,.45,.4,.35,.32,.0,.1429,.4286,.5714,.6429,.6429,.0,.1667,.439,.4706,.4532,.4273
5,"pont_alexandre_iii",1.0,.9,.95,.9667,.95,.92,.16,.2,.36,.52,.6,.72,.2759,.3273,.5221,.6762,.7355,.8078
6,"neues_museum",.0,.0,.2,.4667,.6,.68,.0,.0,.12,.48,.64,.76,.0,.0,.15,.4732,.6194,.7178
7,"montezuma_castle",.8,.7,.5,.6333,.625,.66,.3333,.3333,.4167,.5,.5833,.75,.4706,.4516,.4545,.5588,.6034,.7021
8,"cn_tower",.4,.5,.75,.7333,.7,.62,.0833,.2083,.4583,.5833,.625,.7083,.1379,.2941,.569,.6498,.6604,.6612
9,"acropolis_athens",.8,.9,.9,.9,.9,.84,.0952,.2857,.4286,.5238,.5714,.5714,.1702,.4337,.5806,.6622,.699,.6802
10,"agra_fort",.8,.9,.9,.9,.9,.88,.16,.32,.48,.56,.76,.76,.2667,.4721,.6261,.6904,.8241,.8156
11,"albert_memorial",.8,.9,.7,.7667,.8,.84,.1364,.1364,.2727,.4091,.4091,.6364,.233,.2368,.3925,.5335,.5414,.7241
12,"altes_museum",1.0,.9,.55,.5333,.625,.68,.2083,.2917,.375,.4167,.5,.5833,.3448,.4406,.4459,.4678,.5556,.628
13,"amiens_cathedral",1.0,1.0,1.0,1.0,.975,.98,.16,.36,.52,.64,.76,.84,.2759,.5294,.6842,.7805,.8542,.9046
14,"angkor_wat",1.0,.7,.7,.8,.85,.86,.16,.24,.4,.6,.72,.76,.2759,.3574,.5091,.6857,.7796,.8069
15,"ara_pacis",1.0,.8,.65,.6667,.6,.64,.2273,.3182,.4545,.6364,.6818,.6818,.3704,.4553,.535,.6512,.6383,.6602
16,"arc_de_triomphe",1.0,1.0,.8,.8,.7,.7,.125,.2917,.4167,.5,.5417,.625,.2222,.4516,.5479,.6154,.6107,.6604
17,"aztec_ruins",.0,.0,.3,.2,.275,.38,.0,.0,.2,.2,.36,.52,.0,.0,.24,.2,.3118,.4391
18,"berlin_cathedral",1.0,.9,.95,.9667,.9,.9,.16,.2,.4,.52,.6,.64,.2759,.3273,.563,.6762,.72,.7481
19,"bok_tower_gardens",.8,.7,.85,.8667,.9,.9,.16,.24,.4,.56,.56,.64,.2667,.3574,.544,.6804,.6904,.7481
20,"brandenburg_gate",1.0,1.0,.95,.9667,.975,.9,.16,.16,.28,.44,.56,.6,.2759,.2759,.4325,.6047,.7114,.72
21,"cabrillo",.4,.3,.2,.2333,.175,.16,.1538,.2308,.3077,.5385,.5385,.6154,.2222,.2609,.2424,.3256,.2642,.254
22,"casa_batllo",1.0,1.0,1.0,1.0,.95,.96,.12,.2,.4,.56,.64,.84,.2143,.3333,.5714,.7179,.7648,.896
23,"casa_rosada",.6,.8,.9,.9,.925,.9,.12,.2,.44,.52,.64,.72,.2,.32,.591,.6592,.7565,.8
24,"castillo_de_san_marcos",.8,.5,.65,.6667,.7,.76,.12,.12,.28,.48,.6,.76,.2087,.1935,.3914,.5581,.6462,.76
25,"chartres_cathedral",1.0,1.0,.95,.9,.925,.92,.2,.28,.52,.64,.72,.76,.3333,.4375,.6721,.7481,.8097,.8324
26,"chichen_itza",.8,.6,.75,.8,.825,.84,.08,.16,.36,.52,.64,.72,.1455,.2526,.4865,.6303,.7208,.7754
27,"christ_the_redeemer_rio",.6,.7,.45,.3667,.4,.44,.087,.1739,.2174,.3043,.4348,.5652,.1519,.2786,.2932,.3326,.4167,.4948
28,"civic_center_san_francisco",.6,.7,.85,.8333,.7,.56,.12,.24,.36,.48,.48,.48,.2,.3574,.5058,.6091,.5695,.5169
29,"cologne_cathedral",1.0,1.0,1.0,1.0,1.0,.98,.12,.24,.32,.44,.52,.64,.2143,.3871,.4848,.6111,.6842,.7743
30,"colosseum",1.0,1.0,1.0,.9667,.875,.9,.12,.28,.48,.6,.64,.72,.2143,.4375,.6486,.7404,.7393,.8
31,"doge_s_palace",1.0,1.0,.75,.8333,.85,.88,.12,.28,.44,.48,.48,.48,.2143,.4375,.5546,.6091,.6135,.6212
32,"eiffel_tower",1.0,1.0,1.0,.9667,.925,.86,.12,.24,.4,.44,.56,.68,.2143,.3871,.5714,.6047,.6976,.7595
33,"golden_gate_bridge",1.0,1.0,.95,.9333,.825,.84,.2174,.3043,.4348,.5652,.6087,.6522,.3571,.4667,.5965,.7041,.7005,.7343
34,"grand_palais",1.0,.9,.9,.9,.9,.92,.0909,.2273,.3636,.4091,.5455,.5909,.1667,.3629,.518,.5625,.6792,.7196
35,"guggenheim_museum_bilbao",1.0,1.0,1.0,.9667,.95,.96,.08,.24,.44,.48,.52,.72,.1481,.3871,.6111,.6415,.6721,.8229
36,"hagia_sophia_istanbul",1.0,1.0,1.0,.9,.925,.92,.2,.32,.48,.64,.68,.76,.3333,.4848,.6486,.7481,.7838,.8324
37,"hoover_dam",1.0,.9,.95,.9333,.925,.88,.16,.32,.4,.48,.6,.68,.2759,.4721,.563,.634,.7279,.7672
38,"humayun_tomb",1.0,.7,.75,.8333,.825,.82,.16,.2,.48,.64,.76,.8,.2759,.3111,.5854,.724,.7912,.8099
39,"iguazu_falls",.6,.8,.85,.7667,.8,.8,.08,.24,.48,.52,.68,.76,.1412,.3692,.6135,.6197,.7351,.7795
40,"iolani_palace",1.0,1.0,.7,.6667,.7,.68,.16,.28,.4,.48,.56,.64,.2759,.4375,.5091,.5581,.6222,.6594
41,"la_mezquita",.8,.8,.75,.6667,.6,.56,.1667,.3333,.5,.5417,.625,.7083,.2759,.4706,.6,.5977,.6122,.6255
42,"la_rambla_barcelona",1.0,1.0,.9,.9333,.925,.9,.2,.24,.32,.48,.52,.56,.3333,.3871,.4721,.634,.6657,.6904
43,"la_sainte_chapelle",1.0,.9,.95,.9667,.95,.96,.2,.36,.56,.64,.76,.84,.3333,.5143,.7046,.7701,.8444,.896
44,"liberty_memorial",.6,.4,.7,.7333,.65,.68,.12,.16,.32,.48,.48,.6,.2,.2286,.4392,.5802,.5522,.6375
45,"lincoln_home",1.0,.9,.85,.9,.85,.68,.2778,.3333,.5556,.6667,.7222,.7222,.4348,.4865,.6719,.766,.7809,.7005
46,"machu_picchu",1.0,.6,.65,.7,.75,.78,.2,.24,.44,.56,.68,.72,.3333,.3429,.5248,.6222,.7133,.7488
47,"marble_arch_london",.8,.6,.4,.3,.3,.28,.25,.25,.3333,.3333,.5,.5833,.381,.3529,.3636,.3158,.375,.3784
48,"milan_cathedral",1.0,.9,.75,.8333,.875,.9,.2,.28,.48,.64,.72,.72,.3333,.4271,.5854,.724,.79,.8
49,"mole_antonelliana",1.0,.9,.75,.7333,.775,.7,.16,.16,.32,.44,.52,.6,.2759,.2717,.4486,.55,.6224,.6462
50,"mont_saint_michel",1.0,1.0,.95,.9333,.925,.92,.16,.36,.44,.48,.72,.72,.2759,.5294,.6014,.634,.8097,.8078
51,"moulin_rouge",.0,.0,.0,.2667,.225,.2,.0,.0,.0,.625,.625,.75,.0,.0,.0,.3738,.3309,.3158
52,"nelson_s_column",.8,.9,.95,.9667,.95,.92,.125,.25,.4167,.5417,.6667,.7917,.2162,.3913,.5793,.6943,.7835,.851
53,"notre_dame_de_paris",.8,.9,.95,.9,.85,.8,.12,.24,.44,.56,.64,.68,.2087,.3789,.6014,.6904,.7302,.7351
54,"obelisco",.4,.2,.1,.0667,.125,.26,.0909,.0909,.0909,.0909,.2727,.6364,.1481,.125,.0952,.0769,.1714,.3692
55,"piccadilly_circus",.8,.9,.75,.7333,.75,.7,.1739,.3043,.3913,.4783,.6087,.6957,.2857,.4549,.5143,.5789,.672,.6978
56,"place_de_la_concorde",1.0,1.0,.95,.9667,.975,.98,.12,.24,.44,.56,.68,.72,.2143,.3871,.6014,.7092,.8012,.8301
57,"place_de_la_republique",.6,.5,.3,.2333,.2,.16,.375,.625,.625,.75,.75,.75,.4615,.5556,.4054,.3559,.3158,.2637
58,"place_des_vosges",.6,.7,.85,.7667,.725,.74,.08,.12,.4,.52,.68,.72,.1412,.2049,.544,.6197,.7018,.7299
59,"pont_du_gard",.8,.9,.95,.7667,.7,.74,.12,.28,.48,.48,.6,.64,.2087,.4271,.6378,.5904,.6462,.6864
60,"pont_neuf",1.0,.9,.95,.7,.75,.66,.12,.24,.48,.48,.56,.6,.2143,.3789,.6378,.5695,.6412,.6286
61,"ponte_vecchio",.8,.9,.9,.7667,.7,.68,.125,.2917,.5417,.5417,.625,.7083,.2162,.4406,.6763,.6348,.6604,.6939
62,"puerta_de_alcala",.0,.2,.4,.5667,.625,.62,.0,.1053,.2105,.4737,.5789,.7368,.0,.1379,.2759,.516,.6011,.6734
63,"puerta_del_sol",.8,.5,.4,.3333,.3,.26,.15,.2,.3,.35,.4,.45,.2526,.2857,.3429,.3415,.3429,.3296
64,"red_fort",1.0,1.0,1.0,1.0,1.0,1.0,.2,.32,.6,.76,.76,.8,.3333,.4848,.75,.8636,.8636,.8889
65,"reims_cathedral",1.0,1.0,1.0,1.0,1.0,.94,.12,.2,.32,.44,.52,.64,.2143,.3333,.4848,.6111,.6842,.7615
66,"rialto_bridge",1.0,1.0,.85,.7667,.65,.52,.1875,.375,.5625,.625,.6875,.6875,.3158,.5455,.677,.6886,.6682,.5921
67,"roman_forum_rome",.6,.7,.7,.7,.7,.76,.12,.24,.36,.52,.72,.88,.2,.3574,.4755,.5967,.7099,.8156
68,"sacre_coeur",.4,.6,.65,.6333,.6,.56,.0833,.2083,.3333,.5,.5833,.5833,.1379,.3093,.4407,.5588,.5915,.5714
69,"sagrada_familia",.8,.9,.95,.9667,.95,.96,.12,.24,.4,.48,.56,.64,.2087,.3789,.563,.6415,.7046,.768
70,"santa_maria_novella",.6,.3,.65,.5667,.575,.62,.12,.12,.32,.44,.48,.68,.2,.1714,.4289,.4954,.5232,.6486
71,"schonbrunn_palace",1.0,1.0,1.0,1.0,1.0,1.0,.2,.36,.48,.6,.72,.72,.3333,.5294,.6486,.75,.8372,.8372
72,"seville_cathedral",.6,.7,.85,.9,.925,.94,.12,.24,.32,.44,.56,.6,.2,.3574,.465,.591,.6976,.7325
73,"spanish_steps",1.0,.7,.65,.6,.55,.56,.1364,.1818,.4091,.4545,.5455,.6364,.24,.2887,.5021,.5172,.5477,.5957
74,"st__basil_cathedral",1.0,1.0,.85,.8667,.85,.88,.16,.32,.4,.56,.64,.64,.2759,.4848,.544,.6804,.7302,.7411
75,"statue_of_liberty",1.0,1.0,.75,.8,.85,.8,.12,.24,.36,.48,.56,.6,.2143,.3871,.4865,.6,.6752,.6857
76,"stonehenge",.8,.7,.6,.4667,.55,.54,.2105,.3158,.4737,.5263,.6316,.6842,.3333,.4352,.5294,.4947,.588,.6036
77,"summer_palace_beijing",1.0,1.0,.95,.9333,.925,.88,.12,.28,.4,.52,.64,.72,.2143,.4375,.563,.6679,.7565,.792
78,"sydney_opera_house",1.0,.9,.95,.8,.85,.86,.16,.28,.32,.48,.52,.52,.2759,.4271,.4787,.6,.6453,.6481
79,"teotihuacan",.8,.8,.7,.7667,.775,.8,.12,.24,.4,.6,.68,.76,.2087,.3692,.5091,.6732,.7244,.7795
80,"terracotta_army",1.0,.9,.45,.5,.55,.6,.2,.3,.3,.35,.6,.7,.3333,.45,.36,.4118,.5739,.6462
81,"the_blue_mosque",.8,.9,.95,.9333,.95,.96,.16,.24,.36,.56,.6,.64,.2667,.3789,.5221,.7,.7355,.768
82,"the_henry_ford",1.0,.9,.65,.6667,.7,.72,.16,.24,.32,.44,.6,.72,.2759,.3789,.4289,.5301,.6462,.72
83,"taj_mahal",1.0,.9,.95,.9333,.925,.92,.16,.28,.36,.52,.6,.68,.2759,.4271,.5221,.6679,.7279,.782
84,"tour_montparnasse",.8,.9,.7,.4667,.425,.38,.15,.3,.35,.35,.4,.4,.2526,.45,.4667,.4,.4121,.3897
85,"tower_bridge_london",1.0,.9,.75,.6,.575,.56,.12,.28,.44,.48,.52,.56,.2143,.4271,.5546,.5333,.5461,.56
86,"trafalgar_square",.6,.6,.45,.4,.45,.44,.1364,.2273,.2727,.2727,.3182,.4091,.2222,.3297,.3396,.3243,.3728,.424
87,"leaning_tower_of_pisa",.6,.5,.45,.5,.575,.66,.12,.16,.24,.4,.48,.64,.2,.2424,.313,.4444,.5232,.6498
88,"hermitage_museum_saint_petersburg",1.0,.9,.8,.8667,.9,.9,.16,.16,.32,.52,.68,.76,.2759,.2717,.4571,.65,.7747,.8241
89,"jantar_mantar_jaipur",.8,.6,.8,.7333,.725,.74,.16,.24,.44,.56,.72,.76,.2667,.3429,.5677,.6351,.7225,.7499
90,"lake_titicaca_peru",.8,.6,.4,.4,.525,.52,.125,.1667,.25,.2917,.5,.625,.2162,.2609,.3077,.3373,.5122,.5677
91,"the_great_wall_of_china",.8,.7,.8,.8667,.725,.76,.12,.2,.4,.48,.52,.64,.2087,.3111,.5333,.6178,.6056,.6949
92,"grande_arche_paris",.6,.7,.6,.7,.65,.7,.08,.16,.24,.36,.52,.6,.1412,.2605,.3429,.4755,.5778,.6462
93,"el_angel_mexico",1.0,.8,.6,.6,.575,.48,.1905,.2857,.381,.6667,.7143,.7143,.32,.4211,.466,.6316,.6371,.5742
94,"bibliotheque_nationale_de_france",.4,.6,.65,.6667,.75,.74,.08,.12,.24,.36,.56,.64,.1333,.2,.3506,.4675,.6412,.6864
95,"kronborg_castle",.6,.7,.7,.7333,.8,.84,.125,.25,.375,.4583,.5417,.625,.2069,.3684,.4884,.5641,.646,.7167
96,"ajanta_caves",.8,.9,.95,.9667,.975,.94,.1364,.2727,.5,.5909,.6818,.6818,.233,.4186,.6552,.7335,.8025,.7904
97,"atomium",.8,.9,.95,.9333,.925,.88,.1905,.2857,.381,.4286,.5714,.619,.3077,.4337,.5438,.5874,.7064,.7268
98,"ellora_caves",1.0,1.0,.95,.9333,.925,.94,.1364,.2727,.4545,.5,.5455,.6364,.24,.4286,.6149,.6512,.6862,.7589
99,"potala_palace",.8,.9,.9,.8667,.8,.8,.1111,.1667,.2778,.5556,.6667,.7778,.1951,.2812,.4245,.6771,.7273,.7887
100,"jokhang",.6,.7,.8,.8333,.8,.76,.12,.28,.52,.72,.76,.8,.2,.4,.6303,.7725,.7795,.7795
101,"rila_monastery",.6,.7,.85,.9,.925,.88,.12,.24,.36,.4,.44,.48,.2,.3574,.5058,.5538,.5963,.6212
102,"louvre_pyramid",1.0,1.0,.9,.9,.925,.88,.1111,.3889,.4444,.5,.5,.5556,.2,.56,.595,.6429,.6491,.6811
103,"brooklyn_bridge",1.0,1.0,.85,.9,.9,.9,.0952,.2381,.3333,.4762,.5714,.6667,.1739,.3846,.4789,.6228,.699,.766
104,"tower_of_london",.6,.8,.8,.8,.8,.82,.0435,.2174,.2609,.4783,.5217,.6087,.0811,.3419,.3934,.5986,.6316,.6987
105,"british_museum_london",1.0,1.0,1.0,.9667,.975,.94,.15,.25,.45,.55,.55,.65,.2609,.4,.6207,.7011,.7033,.7686
106,"buckingham_palace",.8,.6,.4,.4,.375,.4,.15,.15,.2,.25,.3,.4,.2526,.24,.2667,.3077,.3333,.4
107,"charles_bridge_prague",1.0,1.0,.65,.5667,.475,.5,.125,.2083,.2917,.3333,.375,.5,.2222,.3448,.4027,.4198,.4191,.5
108,"champs_elysees_paris",.8,.8,.8,.7333,.65,.56,.1333,.2667,.4,.4667,.6,.6,.2286,.4,.5333,.5704,.624,.5793
109,"chrysler_building",1.0,1.0,1.0,.9667,.95,.96,.2143,.4286,.6429,.7857,.8571,.9286,.3529,.6,.7826,.8668,.9012,.944
110,"moma_new_york",.8,.9,.95,.9333,.85,.88,.1579,.2632,.4211,.4211,.4211,.5789,.2637,.4072,.5835,.5803,.5631,.6984
111,"grand_central_terminal",1.0,1.0,1.0,.9667,.975,.94,.1429,.1429,.2381,.3333,.4286,.4286,.25,.25,.3846,.4957,.5954,.5887
112,"houses_of_parliament",1.0,1.0,1.0,1.0,.9,.88,.1739,.2609,.3478,.4348,.4783,.5217,.2963,.4138,.5161,.6061,.6246,.6551
113,"alexanderplatz_berlin",.0,.3,.6,.6,.675,.64,.0,.08,.32,.4,.48,.52,.0,.1263,.4174,.48,.561,.5738
114,"centre_pompidou",1.0,.8,.7,.7,.775,.76,.2222,.2778,.3333,.4444,.7222,.7778,.3636,.4124,.4516,.5437,.7477,.7688
115,"sydney_harbour_bridge",1.0,1.0,1.0,1.0,.975,.98,.1875,.375,.5,.5,.625,.625,.3158,.5455,.6667,.6667,.7617,.7632
116,"pier_39",1.0,1.0,1.0,.8667,.875,.9,.1905,.2857,.5238,.5714,.619,.7143,.32,.4444,.6875,.6887,.7251,.7965
117,"coit_tower",.8,.7,.45,.6,.6,.66,.1333,.2,.2,.4,.4667,.5333,.2286,.3111,.2769,.48,.525,.5899
118,"st_paul_s_cathedral_london",1.0,1.0,.9,.8333,.8,.76,.1765,.3529,.5294,.7059,.7059,.7647,.3,.5217,.6667,.7643,.75,.7623
119,"cloud_gate",.8,.9,.55,.7,.7,.74,.25,.3333,.3333,.5,.5,.5,.381,.4865,.4151,.5833,.5833,.5968
120,"musee_d_orsay",1.0,.9,.95,.9333,.925,.92,.0952,.2381,.4286,.5238,.619,.7143,.1739,.3766,.5907,.671,.7417,.8042
121,"pike_place_market",1.0,.9,.85,.8,.775,.82,.1905,.3333,.5238,.5238,.5714,.619,.32,.4865,.6482,.6331,.6578,.7055
122,"royal_palace_madrid",.8,.9,.8,.8333,.875,.88,.1364,.2727,.2727,.5909,.7273,.7727,.233,.4186,.4068,.6915,.7943,.8229
123,"sony_center_berlin",.8,.9,.95,.9667,.975,.92,.0952,.1905,.3333,.381,.381,.4762,.1702,.3144,.4935,.5465,.5478,.6276
124,"red_square_moscow",.6,.6,.65,.7667,.725,.7,.0952,.1905,.3333,.5238,.619,.619,.1644,.2892,.4407,.6224,.6678,.657
125,"prague_castle",.8,.9,.9,.8667,.825,.82,.16,.28,.48,.52,.6,.68,.2667,.4271,.6261,.65,.6947,.7435
126,"musee_du_louvre",1.0,1.0,1.0,1.0,1.0,1.0,.2,.28,.44,.64,.72,.72,.3333,.4375,.6111,.7805,.8372,.8372
127,"millennium_bridge_london",.8,.7,.8,.8,.825,.76,.16,.24,.36,.4,.52,.52,.2667,.3574,.4966,.5333,.6379,.6175
128,"casa_mila",1.0,1.0,1.0,.9333,.925,.94,.2,.28,.48,.48,.56,.6,.3333,.4375,.6486,.634,.6976,.7325
129,"national_gallery_london",1.0,.8,.6,.7333,.75,.66,.1818,.2727,.3636,.5455,.5909,.5909,.3077,.4068,.4528,.6256,.661,.6235
130,"national_mall",1.0,1.0,.85,.8,.8,.72,.16,.28,.44,.6,.68,.72,.2759,.4375,.5798,.6857,.7351,.72
131,"london_city_hall",1.0,1.0,.95,.9,.85,.68,.25,.35,.45,.6,.7,.7,.4,.5185,.6107,.72,.7677,.6899
132,"holocaust_memorial",.8,.8,.7,.6,.55,.44,.1875,.375,.5,.5625,.6875,.6875,.3038,.5106,.5833,.5806,.6111,.5366
133,"columbus_circle",.6,.8,.65,.5667,.55,.5,.12,.28,.44,.44,.52,.6,.2,.4148,.5248,.4954,.5346,.5455
134,"siegessaeule",1.0,1.0,.8,.7333,.55,.5,.16,.36,.48,.52,.52,.56,.2759,.5294,.6,.6085,.5346,.5283
135,"jardin_du_luxembourg",1.0,1.0,1.0,1.0,.95,.96,.2,.32,.48,.64,.72,.8,.3333,.4848,.6486,.7805,.8192,.8727
136,"merlion_singapore",.2,.1,.25,.3667,.45,.5,.0455,.0455,.2273,.3636,.5,.6364,.0741,.0625,.2381,.3651,.4737,.56
137,"harrods_london",1.0,1.0,.85,.8667,.85,.88,.12,.32,.44,.56,.6,.72,.2143,.4848,.5798,.6804,.7034,.792
138,"metropolitan_museum_of_art_new_york",1.0,1.0,.95,.9667,.975,.98,.12,.32,.44,.56,.64,.72,.2143,.4848,.6014,.7092,.7728,.8301
139,"new_york_stock_exchange",1.0,1.0,.85,.6667,.55,.58,.15,.25,.3,.35,.4,.5,.2609,.4,.4435,.459,.4632,.537
140,"stephansdom_vienna",1.0,1.0,1.0,.9667,.975,.96,.16,.24,.4,.52,.6,.64,.2759,.3871,.5714,.6762,.7429,.768
141,"hms_belfast",1.0,1.0,1.0,.9,.925,.92,.12,.28,.48,.56,.68,.8,.2143,.4375,.6486,.6904,.7838,.8558
142,"leicester_square",1.0,.9,.8,.7333,.725,.72,.08,.16,.28,.4,.48,.56,.1481,.2717,.4148,.5176,.5776,.63
143,"ciudad_de_las_artes_y_las_ciencias",1.0,.9,.95,.9667,.975,.98,.16,.28,.44,.52,.6,.68,.2759,.4271,.6014,.6762,.7429,.8029
144,"topkapi_palace",1.0,1.0,1.0,.9333,.95,.96,.2,.32,.44,.48,.64,.8,.3333,.4848,.6111,.634,.7648,.8727
145,"royal_albert_hall",1.0,.9,.75,.7,.575,.62,.16,.28,.32,.36,.4,.6,.2759,.4271,.4486,.4755,.4718,.6098
146,"st_vitus_cathedral",1.0,1.0,1.0,1.0,.95,.96,.16,.28,.48,.52,.6,.64,.2759,.4375,.6486,.6842,.7355,.768
147,"castello_sforzesco",1.0,.9,.9,.9333,.9,.92,.12,.2,.36,.48,.6,.6,.2143,.3273,.5143,.634,.72,.7263
148,"rijksmuseum_amsterdam",1.0,1.0,1.0,1.0,.95,.96,.12,.12,.32,.48,.48,.76,.2143,.2143,.4848,.6486,.6378,.8484
149,"dam_square",1.0,.9,.8,.7,.6,.64,.12,.24,.32,.44,.48,.6,.2143,.3789,.4571,.5404,.5333,.6194
150,"rathaus_vienna",1.0,1.0,.85,.6667,.6,.6,.12,.12,.2,.28,.4,.48,.2143,.2143,.3238,.3944,.48,.5333
151,"bath_abbey",1.0,1.0,.95,.9667,.95,.9,.2,.24,.36,.48,.48,.56,.3333,.3871,.5221,.6415,.6378,.6904
152,"salisbury_cathedral",1.0,1.0,1.0,1.0,.95,.92,.16,.24,.4,.52,.56,.6,.2759,.3871,.5714,.6842,.7046,.7263
153,"templo_de_debod",.2,.4,.4,.5,.55,.56,.0455,.1364,.2273,.2273,.4091,.5,.0741,.2034,.2899,.3125,.4692,.5283
154,"Niagara_Falls",.8,.5,.7,.7,.725,.66,.1364,.1818,.3636,.5455,.5909,.6364,.233,.2667,.4786,.6131,.6511,.648
155,"Golden_Gate_Bridge_in_San_Francisco",1.0,.9,.95,.9667,.975,.96,.0909,.1364,.4091,.5455,.6364,.6818,.1667,.2368,.5719,.6974,.7701,.7973
156,"Neuschwanstein_Castle",1.0,1.0,1.0,.9667,.975,.98,.16,.28,.48,.64,.72,.76,.2759,.4375,.6486,.7701,.8283,.8561
157,"Christ_Church_Cathedral_Missouri",1.0,1.0,1.0,1.0,.9,.76,.16,.32,.44,.52,.52,.52,.2759,.4848,.6111,.6842,.6592,.6175
158,"Mount_Rushmore_in_South_Dakota",.8,.9,.95,.9667,.9,.88,.12,.2,.4,.56,.6,.64,.2087,.3273,.563,.7092,.72,.7411
159,"Puerta_de_Toledo",.2,.1,.05,.0333,.025,.02,.5,.5,.5,.5,.5,.5,.2857,.1667,.0909,.0625,.0476,.0385
160,"Urquhart_Castle",1.0,.9,.8,.8667,.8,.84,.125,.25,.4167,.5417,.6667,.75,.2222,.3913,.5479,.6667,.7273,.7925
161,"Gare_du_Nord_Paris",.8,.7,.85,.8667,.775,.72,.12,.2,.28,.36,.44,.48,.2087,.3111,.4212,.5087,.5613,.576
162,"Newgrange_in_Ireland",.6,.7,.7,.6,.625,.7,.125,.25,.2917,.4167,.4583,.5417,.2069,.3684,.4118,.4918,.5288,.6107
163,"Windmills_at_Kinderdijk",1.0,.9,.85,.8667,.875,.9,.16,.28,.4,.44,.56,.64,.2759,.4271,.544,.5837,.6829,.7481
164,"Conciergerie",1.0,1.0,1.0,1.0,.975,.94,.16,.24,.48,.64,.76,.76,.2759,.3871,.6486,.7805,.8542,.8405
165,"Palazzo_Madama",1.0,.8,.65,.7,.575,.58,.2273,.2727,.3636,.5,.5,.7273,.3704,.4068,.4664,.5833,.5349,.6453
166,"Split_Rock_Lighthouse",1.0,1.0,.85,.8,.825,.82,.16,.2,.32,.4,.52,.56,.2759,.3333,.465,.5333,.6379,.6655
167,"The_Little_Mermaid_Denmark",1.0,1.0,1.0,.8,.725,.58,.2143,.4286,.6429,.7143,.7143,.7143,.3529,.6,.7826,.7547,.7196,.6402
168,"Great_Pyramid_of_Giza",.8,.8,.75,.6333,.625,.62,.2,.4,.5333,.6,.7333,.9333,.32,.5333,.6234,.6162,.6748,.7451
169,"Pitti_Palace",.8,.8,.9,.7,.65,.56,.1818,.3182,.4545,.4545,.5,.5455,.2963,.4553,.604,.5512,.5652,.5526
170,"Georgia_State_Capitol",1.0,1.0,.5,.3333,.25,.2,.1579,.2632,.2632,.2632,.2632,.2632,.2727,.4167,.3448,.2941,.2564,.2273
171,"Dome_des_Invalides",1.0,1.0,1.0,1.0,1.0,.96,.12,.24,.4,.48,.64,.68,.2143,.3871,.5714,.6486,.7805,.7961
172,"Reggia_di_Caserta",.8,.5,.4,.5333,.5,.6,.16,.2,.24,.44,.48,.72,.2667,.2857,.3,.4822,.4898,.6545
173,"The_Burj_al_Arab_Hotel",.6,.6,.8,.7667,.75,.8,.12,.2,.36,.48,.52,.6,.2,.3,.4966,.5904,.6142,.6857
174,"Elephanta_Caves",1.0,1.0,1.0,.9333,.9,.82,.1667,.3333,.5,.5833,.6667,.7083,.2857,.5,.6667,.7179,.766,.7601
175,"Basilica_of_Santa_Croce",1.0,1.0,1.0,1.0,1.0,1.0,.08,.12,.4,.4,.4,.52,.1481,.2143,.5714,.5714,.5714,.6842
176,"Aachen_Cathedral",1.0,1.0,1.0,1.0,1.0,.98,.12,.28,.48,.52,.64,.68,.2143,.4375,.6486,.6842,.7805,.8029
177,"Monument_to_the_Great_Fire_of_London",.8,.7,.45,.5667,.625,.62,.16,.24,.28,.44,.52,.64,.2667,.3574,.3452,.4954,.5677,.6298
178,"Longmen_Grottoes",.8,.8,.55,.6333,.625,.64,.16,.32,.4,.56,.64,.72,.2667,.4571,.4632,.5944,.6324,.6776
179,"Louisiana_State_Capitol",.4,.4,.3,.2667,.375,.42,.08,.12,.2,.24,.52,.64,.1333,.1846,.24,.2526,.4358,.5072
180,"The_Great_Sphinx_at_Giza",1.0,.8,.85,.8667,.9,.92,.16,.2,.48,.6,.68,.72,.2759,.32,.6135,.7091,.7747,.8078
181,"Teatro_Real_Madrid",1.0,1.0,.85,.5667,.575,.6,.2174,.3913,.5652,.5652,.6522,.7391,.3571,.5625,.679,.5659,.6112,.6623
182,"Palacio_de_la_Magdalena",.8,.9,.85,.8,.75,.74,.16,.28,.4,.48,.56,.68,.2667,.4271,.544,.6,.6412,.7087
183,"Sowjetisches_Ehrenmal",.4,.5,.65,.7667,.725,.74,.08,.2,.36,.48,.56,.68,.1333,.2857,.4634,.5904,.6319,.7087
184,"Cathedral_of_Trier",1.0,1.0,1.0,.9333,.95,.92,.2,.32,.6,.72,.84,.88,.3333,.4848,.75,.8129,.8916,.8996
185,"Saint_Mary_of_the_Flower",.0,.0,.05,.1667,.35,.38,.0,.0,.04,.12,.36,.4,.0,.0,.0444,.1395,.3549,.3897
186,"Skellig_Michael",.8,.8,.8,.7333,.7,.7,.16,.28,.44,.48,.52,.56,.2667,.4148,.5677,.5802,.5967,.6222
187,"Chicago_Board_of_Trade_Building",1.0,1.0,.95,.7333,.55,.56,.2273,.3636,.4091,.5,.5,.6364,.3704,.5333,.5719,.5946,.5238,.5957
188,"Pont_de_Normandie_France",1.0,1.0,.95,.9333,.825,.72,.2632,.4211,.5789,.6842,.6842,.7368,.4167,.5926,.7194,.7896,.748,.7283
189,"Palazzo_Rosso",.0,.0,.05,.1667,.15,.12,.0,.0,.0417,.1667,.2083,.2083,.0,.0,.0455,.1667,.1744,.1523
190,"Piazza_Vittorio_Veneto",1.0,.7,.35,.3667,.4,.36,.25,.3125,.3125,.3125,.5625,.6875,.4,.4321,.3302,.3374,.4675,.4726
191,"Sforza_Castle",1.0,1.0,1.0,1.0,.975,.96,.16,.28,.48,.6,.64,.64,.2759,.4375,.6486,.75,.7728,.768
192,"Torres_KIO",1.0,.9,.95,.9333,.825,.8,.16,.24,.4,.52,.6,.68,.2759,.3789,.563,.6679,.6947,.7351
193,"Torre_Picasso",1.0,1.0,.85,.7,.75,.78,.1667,.2917,.4583,.5417,.5833,.6667,.2857,.4516,.5955,.6107,.6562,.7189
194,"The_Palace_of_Parliament_in_Bucharest",1.0,1.0,1.0,1.0,.975,.92,.12,.16,.28,.44,.64,.68,.2143,.2759,.4375,.6111,.7728,.782
195,"Ernest_Hemingway_House",1.0,.8,.75,.6667,.725,.74,.2,.32,.44,.52,.64,.68,.3333,.4571,.5546,.5843,.6799,.7087
196,"Castel_dellOvo_Napoli",.8,.9,.95,.9,.875,.86,.16,.32,.52,.68,.8,.8,.2667,.4721,.6721,.7747,.8358,.8289
197,"Villa_Borghese_gardens",1.0,1.0,1.0,1.0,.975,.98,.2,.32,.48,.56,.6,.68,.3333,.4848,.6486,.7179,.7429,.8029
198,"Saint_Marks_Basilica",1.0,1.0,1.0,1.0,1.0,.94,.12,.24,.32,.36,.44,.48,.2143,.3871,.4848,.5294,.6111,.6355
199,"Mausoleum_of_the_First_Qin_Emperor",.8,.9,.7,.7667,.75,.78,.12,.24,.32,.44,.48,.6,.2087,.3789,.4392,.5591,.5854,.6783
200,"Mausoleum_of_Hadrian",1.0,.8,.85,.7667,.6,.48,.1667,.2222,.4444,.5556,.5556,.5556,.2857,.3478,.5837,.6443,.5769,.515
201,"Piazza_de_Ferrari",1.0,1.0,1.0,.9667,.875,.88,.2105,.3158,.4737,.4737,.5263,.6316,.3478,.48,.6429,.6358,.6573,.7354
202,"George_Washington_Carver",.6,.8,.7,.6,.575,.58,.1875,.25,.4375,.5,.625,.6875,.2857,.381,.5385,.5455,.599,.6292
203,"Cathedral_of_Santiago_de_Compostela",1.0,1.0,.85,.8,.8,.68,.1176,.1765,.4706,.5294,.8235,.8824,.2105,.3,.6058,.6372,.8116,.7681
204,"Saint-Jacques_Tower",1.0,.9,.85,.7667,.725,.72,.2308,.2308,.3077,.4615,.5385,.6923,.375,.3673,.4518,.5762,.618,.7059
205,"Calakmul_Campeche_Mexico",1.0,1.0,.95,.8667,.8,.78,.2857,.3571,.5,.5714,.6429,.8571,.4444,.5263,.6552,.6887,.7129,.8168
206,"Bran_Castle_in_Transylvania",1.0,.9,.9,.9,.8,.78,.1053,.2105,.3684,.4737,.6316,.7368,.1905,.3412,.5228,.6207,.7059,.7578
207,"Mosteiro_da_Batalha",1.0,1.0,1.0,1.0,1.0,1.0,.1579,.2632,.4737,.5263,.6316,.6842,.2727,.4167,.6429,.6897,.7742,.8125
208,"Wartburg_Castle",1.0,.9,.9,.9333,.925,.88,.2,.35,.55,.7,.75,.75,.3333,.504,.6828,.8,.8284,.8098
209,"Fujian_Tulou_Fujian_China",1.0,1.0,1.0,1.0,1.0,.96,.2222,.2778,.5,.6111,.6667,.7778,.3636,.4348,.6667,.7586,.8,.8593
210,"Alabama_State_Capitol",.2,.5,.75,.8,.825,.78,.0476,.2381,.5714,.6667,.8095,.8095,.0769,.3226,.6486,.7273,.8172,.7945
211,"Palazzo_dAccursio",1.0,.9,.85,.7333,.675,.58,.1667,.2222,.2778,.4444,.5556,.6111,.2857,.3564,.4187,.5535,.6095,.5951
212,"Casa_Grande_Ruins",.8,.8,.85,.8667,.875,.82,.1765,.2353,.3529,.4118,.4118,.4118,.2892,.3636,.4988,.5583,.56,.5482
213,"Stravinsky_Fountain",1.0,1.0,1.0,.9333,.775,.74,.2667,.3333,.4667,.5333,.5333,.5333,.4211,.5,.6364,.6788,.6318,.6199
214,"Angel_Falls_Venezuela",1.0,.8,.65,.6,.625,.58,.2353,.3529,.4706,.6471,.8235,.8235,.381,.4898,.5459,.6226,.7107,.6806
215,"Statue_of_George_IV",1.0,.6,.5,.5,.375,.3,.5,.5,.625,.75,.75,.75,.6667,.5455,.5556,.6,.5,.4286
216,"Palacio_Barolo",.8,.8,.9,.9333,.95,.94,.1765,.2353,.4706,.5294,.7059,.8235,.2892,.3636,.618,.6756,.8099,.8779
217,"Bridge_of_Remembrance_Christchurch_New_Zealand",1.0,1.0,.9,.7,.6,.48,.25,.5,.8333,.8333,.8333,.8333,.4,.6667,.8654,.7609,.6977,.6091
218,"John_A._Roebling_Suspension_Bridge",.2,.4,.35,.5,.5,.52,.0667,.2667,.4,.6667,.6667,.7333,.1,.32,.3733,.5714,.5714,.6085
219,"Blue_Dome_Santorini",1.0,.9,.95,.9333,.875,.86,.3125,.4375,.5625,.75,.8125,.8125,.4762,.5888,.7066,.8317,.8426,.8356
220,"Fossar_de_les_Moreres",1.0,.8,.5,.4667,.35,.3,.2143,.4286,.5,.5714,.5714,.6429,.3529,.5581,.5,.5138,.4341,.4091
221,"Luxor_Obelisk_France",1.0,.7,.75,.7,.75,.76,.1875,.25,.3125,.375,.375,.4375,.3158,.3684,.4412,.4884,.5,.5553
222,"Valle_de_los_Caidos",1.0,.8,.9,.9,.875,.9,.25,.3,.55,.65,.65,.8,.4,.4364,.6828,.7548,.7459,.8471
--------------------
"--","Avg.",P@5,P@10,P@20,P@30,P@40,P@50,CR@5,CR@10,CR@20,CR@30,CR@40,CR@50,F1@5,F1@10,F1@20,F1@30,F1@40,F1@50
,.,8423,.8167,.7865,.7722,.7575,.7452,.1533,.2552,.3982,.505,.5882,.6582,.2541,.3809,.5189,.5986,.6487,.6839
