--------------------
"Run name","output_runCN3X3DaviesBouldin"
--------------------
"Average P@20 = ",.7962
"Average CR@20 = ",.3736
"Average F1@20 = ",.4966
--------------------
"Query Id ","Location name",P@5,P@10,P@20,P@30,P@40,P@50,CR@5,CR@10,CR@20,CR@30,CR@40,CR@50,F1@5,F1@10,F1@20,F1@30,F1@40,F1@50
1,"angel_of_the_north",1.0,1.0,1.0,1.0,1.0,1.0,.2,.32,.44,.48,.6,.68,.3333,.4848,.6111,.6486,.75,.8095
2,"big_ben",1.0,1.0,.95,.9667,.925,.94,.1364,.3182,.3636,.4091,.5,.5455,.24,.4828,.526,.5749,.6491,.6903
3,"hearst_castle",1.0,1.0,.95,.9333,.95,.92,.1667,.3333,.5833,.6667,.7083,.7917,.2857,.5,.7228,.7778,.8116,.851
4,"la_madeleine",.0,.1,.2,.3333,.425,.48,.0,.0714,.2143,.3571,.5714,.8571,.0,.0833,.2069,.3448,.4875,.6154
5,"pont_alexandre_iii",1.0,1.0,1.0,.9667,.95,.96,.2,.32,.48,.52,.52,.56,.3333,.4848,.6486,.6762,.6721,.7074
6,"neues_museum",.0,.0,.0,.1,.25,.4,.0,.0,.0,.04,.2,.44,.0,.0,.0,.0571,.2222,.419
7,"montezuma_castle",1.0,.9,.7,.6333,.6,.6,.3333,.5,.5,.5833,.5833,.6667,.5,.6429,.5833,.6073,.5915,.6316
8,"cn_tower",.6,.5,.6,.5667,.65,.68,.0833,.1667,.375,.4583,.625,.6667,.1463,.25,.4615,.5068,.6373,.6733
9,"acropolis_athens",.8,.7,.6,.7333,.775,.8,.1429,.1905,.2381,.4762,.4762,.5238,.2424,.2995,.3409,.5774,.5899,.6331
10,"agra_fort",.8,.9,.75,.8,.85,.88,.16,.32,.36,.44,.56,.68,.2667,.4721,.4865,.5677,.6752,.7672
11,"albert_memorial",.4,.4,.65,.7667,.825,.76,.0909,.1364,.2727,.3636,.5909,.6818,.1481,.2034,.3842,.4933,.6886,.7188
12,"altes_museum",.8,.8,.75,.6333,.5,.48,.1667,.25,.4583,.5,.5,.5833,.2759,.381,.569,.5588,.5,.5266
13,"amiens_cathedral",1.0,1.0,.95,.9667,.975,.96,.16,.24,.44,.64,.64,.76,.2759,.3871,.6014,.7701,.7728,.8484
14,"angkor_wat",1.0,1.0,.95,.8,.75,.76,.08,.24,.48,.56,.64,.72,.1481,.3871,.6378,.6588,.6906,.7395
15,"ara_pacis",1.0,.9,.7,.6333,.625,.68,.1818,.3182,.4545,.5,.5909,.7727,.3077,.4701,.5512,.5588,.6075,.7234
16,"arc_de_triomphe",.8,.7,.65,.7,.775,.72,.1667,.2083,.25,.4583,.5417,.625,.2759,.3211,.3611,.554,.6377,.6691
17,"aztec_ruins",.2,.1,.05,.0667,.3,.28,.04,.04,.04,.08,.36,.36,.0667,.0571,.0444,.0727,.3273,.315
18,"berlin_cathedral",1.0,1.0,1.0,.9667,.975,.98,.16,.24,.48,.6,.68,.68,.2759,.3871,.6486,.7404,.8012,.8029
19,"bok_tower_gardens",1.0,.9,.9,.8,.825,.86,.2,.32,.52,.56,.72,.76,.3333,.4721,.6592,.6588,.7689,.8069
20,"brandenburg_gate",1.0,1.0,1.0,.9667,.975,.98,.16,.24,.4,.4,.52,.56,.2759,.3871,.5714,.5659,.6783,.7127
21,"cabrillo",.0,.3,.25,.1667,.125,.14,.0,.2308,.3077,.3077,.3077,.4615,.0,.2609,.2759,.2162,.1778,.2148
22,"casa_batllo",1.0,1.0,1.0,1.0,1.0,1.0,.2,.24,.4,.52,.72,.8,.3333,.3871,.5714,.6842,.8372,.8889
23,"casa_rosada",1.0,.7,.85,.9,.925,.94,.16,.2,.28,.48,.64,.68,.2759,.3111,.4212,.6261,.7565,.7891
24,"castillo_de_san_marcos",1.0,.8,.75,.6333,.575,.64,.2,.24,.36,.48,.52,.68,.3333,.3692,.4865,.5461,.5461,.6594
25,"chartres_cathedral",1.0,1.0,.95,.9667,.975,.98,.12,.24,.44,.64,.76,.76,.2143,.3871,.6014,.7701,.8542,.8561
26,"chichen_itza",.8,.8,.75,.8,.8,.82,.16,.2,.32,.36,.44,.56,.2667,.32,.4486,.4966,.5677,.6655
27,"christ_the_redeemer_rio",.4,.6,.75,.5667,.525,.48,.087,.2174,.2609,.3043,.3913,.4783,.1429,.3191,.3871,.396,.4484,.4791
28,"civic_center_san_francisco",.8,.9,.85,.8333,.8,.82,.16,.32,.44,.6,.6,.6,.2667,.4721,.5798,.6977,.6857,.693
29,"cologne_cathedral",1.0,1.0,1.0,1.0,1.0,.98,.16,.24,.36,.48,.52,.56,.2759,.3871,.5294,.6486,.6842,.7127
30,"colosseum",1.0,1.0,1.0,1.0,.975,.98,.12,.24,.4,.48,.6,.6,.2143,.3871,.5714,.6486,.7429,.7443
31,"doge_s_palace",1.0,1.0,1.0,.8,.75,.78,.12,.2,.4,.44,.48,.52,.2143,.3333,.5714,.5677,.5854,.624
32,"eiffel_tower",1.0,1.0,1.0,1.0,1.0,1.0,.16,.16,.28,.4,.44,.48,.2759,.2759,.4375,.5714,.6111,.6486
33,"golden_gate_bridge",1.0,.9,.85,.8,.85,.88,.1739,.2174,.3913,.4348,.5217,.5652,.2963,.3502,.5359,.5634,.6466,.6883
34,"grand_palais",1.0,1.0,.95,.9333,.875,.9,.0909,.0909,.1818,.3636,.4091,.5455,.1667,.1667,.3052,.5234,.5575,.6792
35,"guggenheim_museum_bilbao",1.0,1.0,1.0,1.0,1.0,1.0,.2,.28,.4,.6,.68,.68,.3333,.4375,.5714,.75,.8095,.8095
36,"hagia_sophia_istanbul",1.0,1.0,1.0,.9667,.975,.98,.16,.2,.4,.52,.56,.68,.2759,.3333,.5714,.6762,.7114,.8029
37,"hoover_dam",1.0,.9,.95,.9667,.975,.94,.12,.2,.36,.48,.6,.68,.2143,.3273,.5221,.6415,.7429,.7891
38,"humayun_tomb",.6,.6,.6,.6,.675,.72,.08,.16,.32,.44,.52,.68,.1412,.2526,.4174,.5077,.5874,.6994
39,"iguazu_falls",.4,.6,.8,.8667,.85,.88,.08,.16,.36,.44,.6,.68,.1333,.2526,.4966,.5837,.7034,.7672
40,"iolani_palace",1.0,1.0,1.0,.9667,.9,.86,.12,.32,.36,.52,.68,.72,.2143,.4848,.5294,.6762,.7747,.7838
41,"la_mezquita",.8,.8,.9,.9333,.825,.8,.1667,.25,.4583,.5,.5417,.5833,.2759,.381,.6074,.6512,.654,.6747
42,"la_rambla_barcelona",.8,.9,.95,.9,.925,.92,.12,.24,.36,.44,.52,.56,.2087,.3789,.5221,.591,.6657,.6962
43,"la_sainte_chapelle",1.0,1.0,.9,.9333,.95,.96,.16,.28,.48,.6,.64,.64,.2759,.4375,.6261,.7304,.7648,.768
44,"liberty_memorial",.6,.7,.55,.5,.575,.64,.04,.16,.24,.32,.44,.48,.075,.2605,.3342,.3902,.4985,.5486
45,"lincoln_home",.6,.6,.8,.8,.85,.84,.1667,.2778,.3889,.6667,.7222,.7778,.2609,.3797,.5234,.7273,.7809,.8077
46,"machu_picchu",.8,.9,.95,.9,.775,.68,.16,.28,.52,.64,.68,.68,.2667,.4271,.6721,.7481,.7244,.68
47,"marble_arch_london",.6,.6,.65,.6333,.575,.46,.25,.5,.6667,.75,.8333,.8333,.3529,.5455,.6582,.6867,.6805,.5928
48,"milan_cathedral",1.0,.9,.9,.9333,.875,.88,.12,.2,.28,.48,.64,.68,.2143,.3273,.4271,.634,.7393,.7672
49,"mole_antonelliana",1.0,1.0,.9,.9,.75,.7,.12,.16,.24,.36,.4,.48,.2143,.2759,.3789,.5143,.5217,.5695
50,"mont_saint_michel",1.0,1.0,1.0,1.0,.975,.92,.12,.28,.36,.44,.44,.48,.2143,.4375,.5294,.6111,.6064,.6309
51,"moulin_rouge",.0,.0,.0,.0,.0,.1,.0,.0,.0,.0,.0,.375,.0,.0,.0,.0,.0,.1579
52,"nelson_s_column",.8,.9,.95,.9667,.975,.98,.0417,.2083,.375,.4167,.5417,.5833,.0792,.3383,.5377,.5823,.6964,.7313
53,"notre_dame_de_paris",.8,.9,.9,.9,.925,.94,.16,.28,.4,.48,.6,.72,.2667,.4271,.5538,.6261,.7279,.8154
54,"obelisco",.2,.1,.15,.1333,.1,.1,.0909,.0909,.1818,.1818,.1818,.2727,.125,.0952,.1644,.1538,.129,.1463
55,"piccadilly_circus",.8,.6,.7,.7,.725,.72,.1304,.1739,.3478,.5217,.6087,.6522,.2243,.2697,.4647,.5979,.6618,.6844
56,"place_de_la_concorde",1.0,1.0,1.0,1.0,1.0,1.0,.16,.2,.4,.48,.56,.68,.2759,.3333,.5714,.6486,.7179,.8095
57,"place_de_la_republique",.2,.1,.25,.2,.225,.22,.125,.125,.5,.5,.75,.875,.1538,.1111,.3333,.2857,.3462,.3516
58,"place_des_vosges",.8,.9,.8,.7333,.75,.7,.08,.24,.32,.4,.52,.6,.1455,.3789,.4571,.5176,.6142,.6462
59,"pont_du_gard",.8,.9,.8,.7667,.775,.76,.12,.24,.36,.56,.64,.64,.2087,.3789,.4966,.6472,.7011,.6949
60,"pont_neuf",1.0,1.0,.9,.8667,.825,.78,.16,.24,.36,.6,.6,.64,.2759,.3871,.5143,.7091,.6947,.7031
61,"ponte_vecchio",1.0,.9,.95,.9,.925,.88,.1667,.25,.375,.5,.5833,.625,.2857,.3913,.5377,.6429,.7155,.7309
62,"puerta_de_alcala",.6,.5,.35,.5333,.55,.6,.1579,.1579,.2632,.3684,.4211,.5789,.25,.24,.3004,.4358,.477,.5893
63,"puerta_del_sol",.8,.9,.7,.5,.425,.42,.15,.25,.35,.35,.4,.45,.2526,.3913,.4667,.4118,.4121,.4345
64,"red_fort",1.0,1.0,1.0,1.0,1.0,1.0,.16,.32,.4,.64,.68,.76,.2759,.4848,.5714,.7805,.8095,.8636
65,"reims_cathedral",1.0,1.0,1.0,.9333,.9,.92,.16,.24,.32,.44,.48,.6,.2759,.3871,.4848,.5981,.6261,.7263
66,"rialto_bridge",1.0,1.0,.9,.8,.75,.7,.25,.25,.4375,.5,.625,.75,.4,.4,.5888,.6154,.6818,.7241
67,"roman_forum_rome",.6,.7,.8,.6667,.75,.7,.08,.2,.4,.44,.6,.68,.1412,.3111,.5333,.5301,.6667,.6899
68,"sacre_coeur",.4,.4,.45,.4667,.5,.5,.0833,.125,.2083,.2917,.3333,.4167,.1379,.1905,.2848,.359,.4,.4545
69,"sagrada_familia",1.0,.9,.9,.9,.9,.92,.12,.2,.4,.52,.52,.6,.2143,.3273,.5538,.6592,.6592,.7263
70,"santa_maria_novella",.8,.5,.3,.5333,.65,.6,.12,.16,.2,.36,.44,.48,.2087,.2424,.24,.4299,.5248,.5333
71,"schonbrunn_palace",1.0,.9,.95,.9333,.95,.96,.16,.24,.52,.52,.56,.6,.2759,.3789,.6721,.6679,.7046,.7385
72,"seville_cathedral",.8,.8,.85,.8667,.9,.92,.16,.24,.36,.56,.56,.6,.2667,.3692,.5058,.6804,.6904,.7263
73,"spanish_steps",1.0,1.0,.7,.7333,.7,.66,.0909,.1364,.3182,.5455,.5909,.6818,.1667,.24,.4375,.6256,.6408,.6707
74,"st__basil_cathedral",1.0,1.0,.95,.8667,.85,.84,.2,.32,.48,.52,.52,.52,.3333,.4848,.6378,.65,.6453,.6424
75,"statue_of_liberty",1.0,1.0,1.0,.9667,.95,.94,.16,.2,.36,.4,.48,.52,.2759,.3333,.5294,.5659,.6378,.6696
76,"stonehenge",1.0,.9,.65,.7333,.65,.56,.1579,.2632,.3158,.5263,.5789,.6316,.2727,.4072,.4251,.6128,.6124,.5936
77,"summer_palace_beijing",1.0,.9,.9,.9,.925,.92,.2,.28,.36,.48,.48,.56,.3333,.4271,.5143,.6261,.632,.6962
78,"sydney_opera_house",1.0,1.0,.95,.9667,.975,.88,.16,.28,.36,.44,.48,.52,.2759,.4375,.5221,.6047,.6433,.6537
79,"teotihuacan",.6,.7,.65,.5333,.575,.58,.12,.24,.36,.4,.48,.6,.2,.3574,.4634,.4571,.5232,.5898
80,"terracotta_army",.4,.5,.5,.5,.5,.5,.1,.25,.4,.45,.55,.6,.16,.3333,.4444,.4737,.5238,.5455
81,"the_blue_mosque",.6,.8,.85,.8667,.9,.9,.08,.16,.28,.4,.56,.72,.1412,.2667,.4212,.5474,.6904,.8
82,"the_henry_ford",1.0,1.0,.75,.7333,.625,.6,.16,.28,.32,.44,.44,.56,.2759,.4375,.4486,.55,.5164,.5793
83,"taj_mahal",1.0,.8,.8,.7333,.8,.84,.16,.28,.44,.56,.6,.64,.2759,.4148,.5677,.6351,.6857,.7265
84,"tour_montparnasse",.6,.6,.55,.6,.575,.52,.15,.25,.3,.4,.45,.5,.24,.3529,.3882,.48,.5049,.5098
85,"tower_bridge_london",1.0,.9,.75,.6667,.575,.6,.2,.24,.36,.48,.48,.56,.3333,.3789,.4865,.5581,.5232,.5793
86,"trafalgar_square",.6,.6,.6,.6667,.625,.58,.1364,.1818,.1818,.3636,.3636,.4091,.2222,.2791,.2791,.4706,.4598,.4798
87,"leaning_tower_of_pisa",.8,.5,.35,.5333,.6,.56,.16,.2,.2,.44,.56,.56,.2667,.2857,.2545,.4822,.5793,.56
88,"hermitage_museum_saint_petersburg",1.0,1.0,.8,.8,.725,.74,.16,.24,.4,.44,.56,.6,.2759,.3871,.5333,.5677,.6319,.6627
89,"jantar_mantar_jaipur",1.0,.8,.8,.8,.85,.86,.12,.16,.44,.6,.68,.68,.2143,.2667,.5677,.6857,.7556,.7595
90,"lake_titicaca_peru",.6,.6,.5,.5,.475,.46,.0833,.2083,.2917,.375,.5,.5417,.1463,.3093,.3684,.4286,.4872,.4975
91,"the_great_wall_of_china",.8,.9,.85,.8,.8,.8,.12,.2,.36,.48,.52,.6,.2087,.3273,.5058,.6,.6303,.6857
92,"grande_arche_paris",.6,.8,.8,.8,.725,.64,.08,.2,.32,.36,.36,.4,.1412,.32,.4571,.4966,.4811,.4923
93,"el_angel_mexico",1.0,1.0,.75,.7,.625,.64,.1905,.2857,.381,.5238,.619,.6667,.32,.4444,.5053,.5992,.622,.6531
94,"bibliotheque_nationale_de_france",.8,.6,.7,.7667,.775,.8,.12,.16,.24,.28,.36,.52,.2087,.2526,.3574,.4102,.4916,.6303
95,"kronborg_castle",.6,.6,.7,.6667,.625,.68,.125,.25,.4167,.5417,.5417,.5833,.2069,.3529,.5224,.5977,.5804,.628
96,"ajanta_caves",.8,.9,.8,.8667,.9,.92,.1364,.2727,.3636,.5,.5455,.6818,.233,.4186,.5,.6341,.6792,.7832
97,"atomium",.8,.9,.95,.9667,.975,.98,.0952,.1905,.4286,.4762,.4762,.4762,.1702,.3144,.5907,.6381,.6399,.6409
98,"ellora_caves",1.0,1.0,1.0,1.0,1.0,.94,.1818,.2273,.3636,.4545,.5,.5455,.3077,.3704,.5333,.625,.6667,.6903
99,"potala_palace",.8,.8,.9,.8667,.9,.9,.2222,.2222,.2778,.3889,.4444,.5556,.3478,.3478,.4245,.5369,.595,.687
100,"jokhang",.8,.7,.75,.7667,.825,.84,.12,.2,.36,.52,.64,.68,.2087,.3111,.4865,.6197,.7208,.7516
101,"rila_monastery",.8,.6,.7,.7,.775,.82,.16,.16,.28,.32,.44,.52,.2667,.2526,.4,.4392,.5613,.6364
102,"louvre_pyramid",1.0,1.0,1.0,1.0,.95,.94,.1111,.2222,.3333,.5556,.5556,.5556,.2,.3636,.5,.7143,.7011,.6984
103,"brooklyn_bridge",1.0,1.0,.85,.8667,.85,.84,.1429,.1905,.3333,.381,.4286,.5714,.25,.32,.4789,.5293,.5698,.6802
104,"tower_of_london",.8,.7,.75,.7667,.775,.74,.087,.1304,.1304,.3478,.4348,.4783,.1569,.2199,.2222,.4785,.5571,.581
105,"british_museum_london",1.0,1.0,1.0,1.0,1.0,.94,.15,.2,.3,.4,.5,.55,.2609,.3333,.4615,.5714,.6667,.694
106,"buckingham_palace",.6,.7,.65,.6333,.525,.46,.15,.25,.25,.3,.3,.3,.24,.3684,.3611,.4071,.3818,.3632
107,"charles_bridge_prague",1.0,1.0,.85,.7667,.65,.6,.125,.2083,.2917,.2917,.3333,.4167,.2222,.3448,.4343,.4226,.4407,.4918
108,"champs_elysees_paris",.2,.6,.55,.5667,.575,.62,.0667,.2,.2667,.4,.4667,.5333,.1,.3,.3592,.469,.5152,.5734
109,"chrysler_building",1.0,1.0,1.0,1.0,.875,.88,.2143,.3571,.5714,.6429,.6429,.6429,.3529,.5263,.7273,.7826,.7412,.743
110,"moma_new_york",.6,.8,.85,.9,.925,.94,.1579,.2632,.3158,.4737,.6316,.6842,.25,.396,.4605,.6207,.7506,.792
111,"grand_central_terminal",1.0,1.0,1.0,1.0,1.0,1.0,.1429,.1905,.2857,.2857,.3333,.4286,.25,.32,.4444,.4444,.5,.6
112,"houses_of_parliament",1.0,1.0,1.0,1.0,1.0,1.0,.1304,.2174,.3478,.3913,.3913,.4783,.2308,.3571,.5161,.5625,.5625,.6471
113,"alexanderplatz_berlin",.2,.4,.4,.4667,.6,.68,.04,.12,.2,.32,.48,.52,.0667,.1846,.2667,.3797,.5333,.5893
114,"centre_pompidou",1.0,.8,.8,.7,.75,.62,.2778,.3333,.5,.6111,.6111,.6111,.4348,.4706,.6154,.6525,.6735,.6155
115,"sydney_harbour_bridge",1.0,1.0,1.0,1.0,1.0,1.0,.25,.3125,.4375,.5,.5625,.5625,.4,.4762,.6087,.6667,.72,.72
116,"pier_39",.6,.8,.9,.9,.9,.9,.1429,.2857,.4286,.5238,.6667,.6667,.2308,.4211,.5806,.6622,.766,.766
117,"coit_tower",.6,.7,.7,.5333,.525,.56,.2,.3333,.4,.4,.4667,.5333,.3,.4516,.5091,.4571,.4941,.5463
118,"st_paul_s_cathedral_london",1.0,1.0,.95,.9667,.975,.92,.2353,.2941,.4706,.5882,.7059,.7059,.381,.4545,.6294,.7314,.8189,.7988
119,"cloud_gate",.6,.7,.85,.9,.8,.74,.1667,.3333,.4167,.4167,.4167,.5,.2609,.4516,.5592,.5696,.5479,.5968
120,"musee_d_orsay",1.0,1.0,.9,.9,.9,.9,.0476,.1429,.3333,.4286,.5238,.6667,.0909,.25,.4865,.5806,.6622,.766
121,"pike_place_market",1.0,1.0,.9,.8667,.9,.88,.1905,.2857,.4762,.5238,.5238,.5238,.32,.4444,.6228,.653,.6622,.6567
122,"royal_palace_madrid",.4,.7,.85,.7667,.775,.78,.0909,.2273,.4091,.5,.5909,.6364,.1481,.3431,.5523,.6053,.6705,.7009
123,"sony_center_berlin",.6,.8,.9,.9333,.95,.92,.0952,.2381,.2857,.5238,.5714,.5714,.1644,.367,.4337,.671,.7136,.705
124,"red_square_moscow",.6,.6,.8,.6667,.675,.62,.0952,.2381,.3333,.381,.5238,.5238,.1644,.3409,.4706,.4848,.5899,.5679
125,"prague_castle",1.0,.9,.9,.9333,.925,.9,.16,.28,.44,.56,.68,.76,.2759,.4271,.591,.7,.7838,.8241
126,"musee_du_louvre",1.0,1.0,.95,.9667,.975,.98,.16,.24,.4,.52,.56,.64,.2759,.3871,.563,.6762,.7114,.7743
127,"millennium_bridge_london",1.0,.8,.8,.7,.775,.8,.2,.24,.4,.48,.6,.6,.3333,.3692,.5333,.5695,.6764,.6857
128,"casa_mila",1.0,1.0,1.0,1.0,1.0,.94,.16,.28,.4,.44,.56,.64,.2759,.4375,.5714,.6111,.7179,.7615
129,"national_gallery_london",1.0,1.0,.75,.6667,.625,.68,.1818,.3182,.3636,.5,.5455,.5909,.3077,.4828,.4898,.5714,.5825,.6323
130,"national_mall",1.0,1.0,1.0,.9333,.95,.94,.2,.32,.52,.64,.64,.68,.3333,.4848,.6842,.7593,.7648,.7891
131,"london_city_hall",1.0,1.0,1.0,.8667,.775,.72,.2,.3,.45,.5,.5,.5,.3333,.4615,.6207,.6341,.6078,.5902
132,"holocaust_memorial",.4,.7,.8,.6333,.7,.66,.125,.25,.4375,.4375,.5625,.625,.1905,.3684,.5657,.5175,.6238,.642
133,"columbus_circle",.6,.7,.85,.8333,.775,.78,.08,.24,.48,.6,.64,.76,.1412,.3574,.6135,.6977,.7011,.7699
134,"siegessaeule",1.0,.9,.95,.9333,.95,.96,.16,.28,.36,.48,.64,.76,.2759,.4271,.5221,.634,.7648,.8484
135,"jardin_du_luxembourg",1.0,1.0,1.0,1.0,1.0,1.0,.12,.28,.44,.64,.76,.8,.2143,.4375,.6111,.7805,.8636,.8889
136,"merlion_singapore",.0,.1,.15,.1667,.15,.2,.0,.0455,.1364,.2273,.2273,.3636,.0,.0625,.1429,.1923,.1807,.2581
137,"harrods_london",1.0,1.0,.95,.8667,.775,.8,.16,.28,.44,.56,.56,.6,.2759,.4375,.6014,.6804,.6502,.6857
138,"metropolitan_museum_of_art_new_york",1.0,1.0,.9,.9333,.925,.94,.16,.28,.36,.44,.52,.6,.2759,.4375,.5143,.5981,.6657,.7325
139,"new_york_stock_exchange",.8,.8,.8,.6667,.725,.68,.2,.25,.4,.5,.55,.55,.32,.381,.5333,.5714,.6255,.6081
140,"stephansdom_vienna",1.0,1.0,1.0,.9667,.975,.98,.12,.32,.48,.6,.64,.68,.2143,.4848,.6486,.7404,.7728,.8029
141,"hms_belfast",1.0,1.0,1.0,.9333,.95,.94,.12,.24,.32,.44,.52,.56,.2143,.3871,.4848,.5981,.6721,.7019
142,"leicester_square",1.0,1.0,.95,.8,.8,.82,.2,.2,.24,.36,.44,.52,.3333,.3333,.3832,.4966,.5677,.6364
143,"ciudad_de_las_artes_y_las_ciencias",1.0,.9,.9,.9333,.925,.92,.2,.28,.44,.52,.6,.64,.3333,.4271,.591,.6679,.7279,.7549
144,"topkapi_palace",1.0,.9,.95,.9333,.95,.96,.2,.28,.44,.6,.76,.76,.3333,.4271,.6014,.7304,.8444,.8484
145,"royal_albert_hall",1.0,.9,.7,.7333,.775,.8,.16,.2,.24,.44,.44,.52,.2759,.3273,.3574,.55,.5613,.6303
146,"st_vitus_cathedral",.8,.9,.95,.9333,.875,.88,.12,.32,.48,.52,.56,.6,.2087,.4721,.6378,.6679,.6829,.7135
147,"castello_sforzesco",1.0,1.0,1.0,.9333,.9,.92,.12,.24,.4,.44,.6,.64,.2143,.3871,.5714,.5981,.72,.7549
148,"rijksmuseum_amsterdam",1.0,1.0,1.0,1.0,1.0,1.0,.12,.16,.16,.4,.48,.64,.2143,.2759,.2759,.5714,.6486,.7805
149,"dam_square",.8,.6,.75,.8333,.8,.8,.12,.16,.32,.48,.56,.6,.2087,.2526,.4486,.6091,.6588,.6857
150,"rathaus_vienna",.8,.9,.75,.7667,.725,.68,.12,.24,.28,.4,.44,.44,.2087,.3789,.4078,.5257,.5476,.5343
151,"bath_abbey",1.0,.9,.95,.9667,.975,.96,.16,.32,.44,.44,.64,.68,.2759,.4721,.6014,.6047,.7728,.7961
152,"salisbury_cathedral",1.0,1.0,1.0,1.0,1.0,1.0,.12,.16,.36,.44,.48,.48,.2143,.2759,.5294,.6111,.6486,.6486
153,"templo_de_debod",.2,.2,.4,.3333,.425,.36,.0455,.0909,.2727,.3182,.4545,.5,.0741,.125,.3243,.3256,.4393,.4186
154,"Niagara_Falls",.6,.7,.7,.6667,.675,.66,.1364,.2273,.3182,.4091,.4545,.4545,.2222,.3431,.4375,.507,.5433,.5383
155,"Golden_Gate_Bridge_in_San_Francisco",1.0,1.0,.9,.9333,.925,.94,.0909,.1818,.3636,.5,.5455,.6818,.1667,.3077,.518,.6512,.6862,.7904
156,"Neuschwanstein_Castle",1.0,1.0,1.0,1.0,.975,.98,.12,.24,.32,.48,.6,.72,.2143,.3871,.4848,.6486,.7429,.8301
157,"Christ_Church_Cathedral_Missouri",1.0,1.0,1.0,.9,.925,.94,.16,.28,.44,.56,.68,.72,.2759,.4375,.6111,.6904,.7838,.8154
158,"Mount_Rushmore_in_South_Dakota",.8,.8,.9,.9333,.925,.92,.12,.16,.28,.44,.52,.68,.2087,.2667,.4271,.5981,.6657,.782
159,"Puerta_de_Toledo",.6,.3,.15,.1,.075,.06,1.0,1.0,1.0,1.0,1.0,1.0,.75,.4615,.2609,.1818,.1395,.1132
160,"Urquhart_Castle",1.0,.9,.95,.9333,.875,.84,.2083,.2917,.4583,.5833,.625,.6667,.3448,.4406,.6183,.7179,.7292,.7434
161,"Gare_du_Nord_Paris",.6,.8,.8,.7667,.825,.8,.12,.24,.28,.28,.36,.36,.2,.3692,.4148,.4102,.5013,.4966
162,"Newgrange_in_Ireland",.8,.6,.5,.5333,.6,.6,.125,.1667,.2917,.375,.4583,.5,.2162,.2609,.3684,.4404,.5197,.5455
163,"Windmills_at_Kinderdijk",1.0,1.0,.95,.9,.85,.84,.12,.24,.4,.48,.52,.56,.2143,.3871,.563,.6261,.6453,.672
164,"Conciergerie",.8,.9,.95,.9667,.975,.98,.12,.16,.36,.56,.68,.72,.2087,.2717,.5221,.7092,.8012,.8301
165,"Palazzo_Madama",1.0,1.0,.95,.9,.8,.68,.2273,.4545,.5455,.6364,.6364,.6364,.3704,.625,.693,.7456,.7089,.6575
166,"Split_Rock_Lighthouse",1.0,1.0,1.0,.9667,.9,.86,.12,.2,.2,.24,.36,.4,.2143,.3333,.3333,.3845,.5143,.546
167,"The_Little_Mermaid_Denmark",.8,.9,.9,.9333,.95,.9,.2857,.2857,.5,.6429,.7857,.8571,.4211,.4337,.6429,.7613,.8601,.878
168,"Great_Pyramid_of_Giza",.4,.4,.6,.6333,.575,.54,.1333,.2667,.4667,.5333,.6,.6667,.2,.32,.525,.579,.5872,.5967
169,"Pitti_Palace",.4,.7,.75,.8333,.85,.8,.0909,.1818,.4091,.5455,.5455,.5455,.1481,.2887,.5294,.6593,.6645,.6486
170,"Georgia_State_Capitol",1.0,.9,.95,.8667,.65,.52,.1579,.2105,.2632,.3158,.3158,.3158,.2727,.3412,.4121,.4629,.4251,.3929
171,"Dome_des_Invalides",1.0,1.0,1.0,.9667,.975,.98,.12,.24,.4,.44,.48,.48,.2143,.3871,.5714,.6047,.6433,.6444
172,"Reggia_di_Caserta",.6,.5,.35,.4,.475,.52,.12,.16,.24,.4,.48,.52,.2,.2424,.2847,.4,.4775,.52
173,"The_Burj_al_Arab_Hotel",.6,.7,.75,.8333,.875,.9,.12,.24,.4,.44,.52,.56,.2,.3574,.5217,.5759,.6523,.6904
174,"Elephanta_Caves",1.0,1.0,1.0,1.0,1.0,.96,.1667,.25,.4167,.5,.5417,.625,.2857,.4,.5882,.6667,.7027,.7571
175,"Basilica_of_Santa_Croce",1.0,1.0,1.0,1.0,1.0,1.0,.12,.24,.32,.4,.44,.56,.2143,.3871,.4848,.5714,.6111,.7179
176,"Aachen_Cathedral",1.0,.9,.9,.8667,.85,.88,.2,.28,.4,.52,.56,.64,.3333,.4271,.5538,.65,.6752,.7411
177,"Monument_to_the_Great_Fire_of_London",1.0,.8,.5,.5667,.5,.5,.16,.24,.32,.4,.48,.52,.2759,.3692,.3902,.469,.4898,.5098
178,"Longmen_Grottoes",.8,.8,.75,.8,.75,.72,.16,.28,.4,.6,.76,.8,.2667,.4148,.5217,.6857,.755,.7579
179,"Louisiana_State_Capitol",.2,.3,.35,.4,.425,.4,.04,.12,.2,.32,.36,.48,.0667,.1714,.2545,.3556,.3898,.4364
180,"The_Great_Sphinx_at_Giza",.8,.8,.85,.7667,.8,.8,.12,.2,.28,.36,.44,.6,.2087,.32,.4212,.4899,.5677,.6857
181,"Teatro_Real_Madrid",1.0,1.0,.75,.6667,.7,.76,.1739,.3478,.5217,.5652,.7391,.8261,.2963,.5161,.6154,.6118,.719,.7917
182,"Palacio_de_la_Magdalena",.6,.7,.85,.7333,.7,.74,.12,.24,.44,.48,.56,.56,.2,.3574,.5798,.5802,.6222,.6375
183,"Sowjetisches_Ehrenmal",.4,.4,.25,.4333,.525,.58,.08,.12,.16,.4,.6,.64,.1333,.1846,.1951,.416,.56,.6085
184,"Cathedral_of_Trier",1.0,1.0,1.0,1.0,.95,.92,.2,.32,.52,.64,.72,.72,.3333,.4848,.6842,.7805,.8192,.8078
185,"Saint_Mary_of_the_Flower",.2,.1,.1,.1333,.125,.1,.04,.04,.08,.12,.16,.16,.0667,.0571,.0889,.1263,.1404,.1231
186,"Skellig_Michael",.8,.7,.6,.7333,.675,.72,.16,.24,.28,.56,.64,.68,.2667,.3574,.3818,.6351,.657,.6994
187,"Chicago_Board_of_Trade_Building",1.0,1.0,1.0,1.0,.975,.88,.2273,.3182,.4545,.6818,.6818,.7273,.3704,.4828,.625,.8108,.8025,.7964
188,"Pont_de_Normandie_France",1.0,1.0,1.0,1.0,1.0,.94,.2105,.3158,.6316,.7368,.7895,.8421,.3478,.48,.7742,.8485,.8824,.8884
189,"Palazzo_Rosso",.0,.0,.0,.0,.05,.08,.0,.0,.0,.0,.0417,.125,.0,.0,.0,.0,.0455,.0976
190,"Piazza_Vittorio_Veneto",1.0,.8,.7,.5333,.425,.34,.1875,.3125,.4375,.5,.5,.5,.3158,.4494,.5385,.5161,.4595,.4048
191,"Sforza_Castle",1.0,1.0,1.0,.9667,.95,.96,.2,.36,.56,.6,.64,.72,.3333,.5294,.7179,.7404,.7648,.8229
192,"Torres_KIO",1.0,1.0,.9,.9333,.925,.94,.16,.32,.4,.44,.48,.6,.2759,.4848,.5538,.5981,.632,.7325
193,"Torre_Picasso",1.0,1.0,1.0,.8667,.825,.76,.1667,.2917,.5,.625,.7083,.75,.2857,.4516,.6667,.7263,.7622,.755
194,"The_Palace_of_Parliament_in_Bucharest",1.0,.9,.95,.9,.875,.86,.16,.24,.24,.32,.32,.4,.2759,.3789,.3832,.4721,.4686,.546
195,"Ernest_Hemingway_House",.8,.8,.85,.8333,.875,.82,.16,.28,.48,.56,.64,.68,.2667,.4148,.6135,.6699,.7393,.7435
196,"Castel_dellOvo_Napoli",.8,.9,.95,.8333,.85,.82,.12,.24,.48,.56,.6,.64,.2087,.3789,.6378,.6699,.7034,.7189
197,"Villa_Borghese_gardens",1.0,1.0,1.0,1.0,1.0,1.0,.2,.32,.44,.6,.8,.88,.3333,.4848,.6111,.75,.8889,.9362
198,"Saint_Marks_Basilica",1.0,1.0,1.0,1.0,1.0,1.0,.16,.24,.4,.4,.44,.44,.2759,.3871,.5714,.5714,.6111,.6111
199,"Mausoleum_of_the_First_Qin_Emperor",.8,.7,.7,.7,.75,.78,.16,.24,.4,.4,.48,.6,.2667,.3574,.5091,.5091,.5854,.6783
200,"Mausoleum_of_Hadrian",1.0,.9,.65,.5667,.6,.66,.1111,.2222,.3889,.4444,.4444,.5,.2,.3564,.4866,.4982,.5106,.569
201,"Piazza_de_Ferrari",1.0,1.0,1.0,.9667,.975,.98,.1579,.2632,.3684,.4211,.5263,.5263,.2727,.4167,.5385,.5866,.6836,.6848
202,"George_Washington_Carver",.4,.5,.7,.7333,.775,.68,.125,.125,.4375,.5625,.625,.625,.1905,.2,.5385,.6367,.692,.6513
203,"Cathedral_of_Santiago_de_Compostela",1.0,.9,.85,.7667,.75,.72,.1765,.2941,.4706,.6471,.7059,.8235,.3,.4433,.6058,.7018,.7273,.7683
204,"Saint-Jacques_Tower",.8,.9,.95,.9667,.9,.88,.2308,.5385,.8462,.9231,.9231,.9231,.3582,.6738,.8951,.9444,.9114,.901
205,"Calakmul_Campeche_Mexico",1.0,.9,.9,.8667,.875,.86,.2143,.2857,.4286,.4286,.5,.7143,.3529,.4337,.5806,.5735,.6364,.7804
206,"Bran_Castle_in_Transylvania",.6,.8,.9,.8667,.85,.86,.1053,.2105,.3684,.4211,.5263,.5263,.1791,.3333,.5228,.5668,.6501,.653
207,"Mosteiro_da_Batalha",1.0,1.0,1.0,1.0,1.0,1.0,.2632,.3684,.5263,.5263,.6842,.7368,.4167,.5385,.6897,.6897,.8125,.8485
208,"Wartburg_Castle",1.0,1.0,.95,.9667,.95,.94,.15,.3,.55,.65,.7,.7,.2609,.4615,.6967,.7773,.8061,.8024
209,"Fujian_Tulou_Fujian_China",1.0,1.0,1.0,1.0,1.0,.98,.1667,.3333,.3889,.5,.6667,.7222,.2857,.5,.56,.6667,.8,.8316
210,"Alabama_State_Capitol",.4,.4,.55,.6,.7,.66,.0952,.1905,.4286,.619,.7143,.8095,.1538,.2581,.4818,.6094,.7071,.7272
211,"Palazzo_dAccursio",1.0,1.0,.85,.8333,.875,.82,.2222,.2778,.3333,.3889,.4444,.5556,.3636,.4348,.4789,.5303,.5895,.6624
212,"Casa_Grande_Ruins",.8,.8,.85,.8,.825,.8,.2353,.2353,.4118,.4118,.4706,.5294,.3636,.3636,.5548,.5437,.5993,.6372
213,"Stravinsky_Fountain",1.0,1.0,.85,.8,.8,.84,.2,.2667,.3333,.3333,.5333,.6,.3333,.4211,.4789,.4706,.64,.7
214,"Angel_Falls_Venezuela",.4,.6,.7,.6667,.6,.62,.1176,.2941,.4706,.5294,.5882,.6471,.1818,.3947,.5628,.5902,.5941,.6332
215,"Statue_of_George_IV",.6,.7,.55,.5,.5,.44,.25,.5,.5,.5,.75,.875,.3529,.5833,.5238,.5,.6,.5856
216,"Palacio_Barolo",.6,.6,.8,.8667,.9,.86,.1765,.2941,.5294,.5294,.6471,.6471,.2727,.3947,.6372,.6573,.7529,.7385
217,"Bridge_of_Remembrance_Christchurch_New_Zealand",1.0,.9,.7,.6333,.6,.58,.3333,.3333,.4167,.5833,.9167,.9167,.5,.4865,.5224,.6073,.7253,.7105
218,"John_A._Roebling_Suspension_Bridge",.0,.2,.35,.4,.375,.42,.0,.1333,.3333,.6,.6667,.7333,.0,.16,.3415,.48,.48,.5341
219,"Blue_Dome_Santorini",1.0,.9,.9,.9333,.95,.94,.3125,.375,.5,.625,.6875,.75,.4762,.5294,.6429,.7487,.7977,.8343
220,"Fossar_de_les_Moreres",.8,.9,.75,.6333,.55,.46,.2143,.3571,.5714,.6429,.7143,.7143,.338,.5114,.6486,.6381,.6215,.5596
221,"Luxor_Obelisk_France",.8,.9,.8,.8,.775,.72,.1875,.3125,.3125,.3125,.375,.375,.3038,.4639,.4494,.4494,.5054,.4932
222,"Valle_de_los_Caidos",1.0,1.0,.95,.8667,.9,.92,.25,.35,.5,.5,.65,.7,.4,.5185,.6552,.6341,.7548,.7951
--------------------
"--","Avg.",P@5,P@10,P@20,P@30,P@40,P@50,CR@5,CR@10,CR@20,CR@30,CR@40,CR@50,F1@5,F1@10,F1@20,F1@30,F1@40,F1@50
,.,809,.809,.7962,.7827,.7793,.7712,.1498,.2436,.3736,.4715,.5475,.6087,.2464,.3654,.4966,.5758,.6289,.6644
