--------------------
"Run name","output_runLUMDtrs"
--------------------
"Average P@20 = ",.7732
"Average CR@20 = ",.4105
"Average F1@20 = ",.5266
--------------------
"Query Id ","Location name",P@5,P@10,P@20,P@30,P@40,P@50,CR@5,CR@10,CR@20,CR@30,CR@40,CR@50,F1@5,F1@10,F1@20,F1@30,F1@40,F1@50
1,"angel_of_the_north",1.0,1.0,1.0,1.0,1.0,1.0,.16,.32,.52,.52,.56,.64,.2759,.4848,.6842,.6842,.7179,.7805
2,"big_ben",.8,.7,.7,.7333,.775,.76,.1364,.2273,.2727,.3636,.5,.5455,.233,.3431,.3925,.4862,.6078,.6351
3,"hearst_castle",1.0,1.0,.95,.8667,.875,.9,.2083,.3333,.5,.7083,.7917,.7917,.3448,.5,.6552,.7795,.8312,.8424
4,"la_madeleine",.0,.2,.35,.3667,.35,.4,.0,.1429,.5,.6429,.7143,.8571,.0,.1667,.4118,.467,.4698,.5455
5,"pont_alexandre_iii",1.0,1.0,.95,.8333,.85,.86,.2,.24,.44,.52,.68,.76,.3333,.3871,.6014,.6404,.7556,.8069
6,"neues_museum",.2,.4,.65,.7333,.7,.72,.04,.16,.4,.6,.68,.76,.0667,.2286,.4952,.66,.6899,.7395
7,"montezuma_castle",.6,.7,.65,.7,.7,.7,.1667,.25,.3333,.4167,.6667,.75,.2609,.3684,.4407,.5224,.6829,.7241
8,"cn_tower",.4,.4,.65,.5667,.575,.6,.0833,.1667,.2917,.3333,.375,.5417,.1379,.2353,.4027,.4198,.4539,.5693
9,"acropolis_athens",1.0,.9,.85,.8667,.8,.8,.1905,.3333,.4286,.4762,.619,.619,.32,.4865,.5698,.6147,.698,.698
10,"agra_fort",.8,.9,.9,.9,.9,.92,.12,.2,.44,.48,.56,.64,.2087,.3273,.591,.6261,.6904,.7549
11,"albert_memorial",.8,.8,.75,.8333,.85,.82,.1818,.1818,.2727,.4545,.7273,.7727,.2963,.2963,.4,.5882,.7839,.7957
12,"altes_museum",1.0,.7,.7,.6667,.725,.7,.2083,.2083,.375,.5417,.6667,.6667,.3448,.3211,.4884,.5977,.6946,.6829
13,"amiens_cathedral",.8,.9,.95,.9667,.925,.94,.16,.32,.56,.64,.72,.76,.2667,.4721,.7046,.7701,.8097,.8405
14,"angkor_wat",.8,.8,.7,.7,.725,.72,.16,.24,.4,.56,.6,.64,.2667,.3692,.5091,.6222,.6566,.6776
15,"ara_pacis",1.0,.8,.85,.8333,.75,.7,.1818,.2727,.5455,.5909,.6818,.7727,.3077,.4068,.6645,.6915,.7143,.7346
16,"arc_de_triomphe",1.0,.9,.75,.7333,.75,.76,.1667,.2917,.3333,.5,.625,.625,.2857,.4406,.4615,.5946,.6818,.6859
17,"aztec_ruins",.2,.2,.2,.3,.325,.32,.04,.08,.16,.32,.44,.48,.0667,.1143,.1778,.3097,.3739,.384
18,"berlin_cathedral",.8,.9,.95,.9667,.925,.92,.16,.32,.48,.56,.64,.72,.2667,.4721,.6378,.7092,.7565,.8078
19,"bok_tower_gardens",.6,.8,.9,.9333,.925,.9,.12,.28,.52,.64,.72,.76,.2,.4148,.6592,.7593,.8097,.8241
20,"brandenburg_gate",1.0,1.0,1.0,.9667,.975,.98,.12,.24,.36,.6,.72,.72,.2143,.3871,.5294,.7404,.8283,.8301
21,"cabrillo",.4,.3,.25,.1667,.175,.14,.1538,.2308,.3077,.3077,.4615,.4615,.2222,.2609,.2759,.2162,.2538,.2148
22,"casa_batllo",1.0,1.0,1.0,.9667,.975,.98,.2,.36,.56,.68,.72,.72,.3333,.5294,.7179,.7984,.8283,.8301
23,"casa_rosada",.8,.9,.95,.9667,.95,.92,.16,.28,.4,.56,.64,.72,.2667,.4271,.563,.7092,.7648,.8078
24,"castillo_de_san_marcos",.8,.7,.65,.7667,.775,.8,.12,.24,.28,.44,.56,.6,.2087,.3574,.3914,.5591,.6502,.6857
25,"chartres_cathedral",.8,.9,.9,.9,.925,.94,.12,.28,.48,.64,.72,.76,.2087,.4271,.6261,.7481,.8097,.8405
26,"chichen_itza",.8,.9,.85,.9,.85,.86,.16,.24,.4,.64,.76,.8,.2667,.3789,.544,.7481,.8025,.8289
27,"christ_the_redeemer_rio",.6,.6,.45,.6,.65,.58,.1304,.2609,.3478,.5217,.6957,.7391,.2143,.3636,.3924,.5581,.6721,.65
28,"civic_center_san_francisco",.8,.8,.65,.6333,.625,.54,.16,.28,.36,.48,.56,.56,.2667,.4148,.4634,.5461,.5907,.5498
29,"cologne_cathedral",1.0,1.0,.95,.9667,.975,.94,.16,.2,.4,.6,.76,.8,.2759,.3333,.563,.7404,.8542,.8644
30,"colosseum",1.0,1.0,.85,.8333,.825,.84,.2,.36,.6,.64,.64,.72,.3333,.5294,.7034,.724,.7208,.7754
31,"doge_s_palace",1.0,1.0,.95,.9667,.9,.9,.16,.24,.36,.4,.44,.48,.2759,.3871,.5221,.5659,.591,.6261
32,"eiffel_tower",1.0,1.0,1.0,.8333,.85,.84,.16,.28,.4,.52,.64,.64,.2759,.4375,.5714,.6404,.7302,.7265
33,"golden_gate_bridge",.8,.8,.8,.7667,.775,.76,.1739,.2609,.4348,.5217,.6087,.6957,.2857,.3934,.5634,.6209,.6819,.7264
34,"grand_palais",1.0,1.0,.95,.9333,.95,.94,.1818,.2727,.4545,.5909,.7273,.7727,.3077,.4286,.6149,.7237,.8238,.8482
35,"guggenheim_museum_bilbao",1.0,1.0,.95,.9333,.9,.88,.2,.32,.48,.56,.6,.64,.3333,.4848,.6378,.7,.72,.7411
36,"hagia_sophia_istanbul",1.0,.9,.95,.9667,.975,.98,.16,.24,.44,.52,.6,.6,.2759,.3789,.6014,.6762,.7429,.7443
37,"hoover_dam",1.0,1.0,1.0,.9667,.95,.92,.16,.28,.36,.48,.64,.72,.2759,.4375,.5294,.6415,.7648,.8078
38,"humayun_tomb",.8,.9,.85,.8,.8,.82,.08,.24,.44,.56,.68,.72,.1455,.3789,.5798,.6588,.7351,.7668
39,"iguazu_falls",.8,.8,.7,.7667,.725,.74,.12,.2,.36,.48,.64,.72,.2087,.32,.4755,.5904,.6799,.7299
40,"iolani_palace",.8,.8,.7,.7333,.725,.72,.16,.28,.44,.6,.6,.64,.2667,.4148,.5404,.66,.6566,.6776
41,"la_mezquita",.8,.6,.65,.6,.575,.48,.125,.1667,.3333,.4167,.5417,.5417,.2162,.2609,.4407,.4918,.5578,.509
42,"la_rambla_barcelona",.8,.9,.9,.9,.9,.86,.12,.24,.28,.44,.56,.6,.2087,.3789,.4271,.591,.6904,.7068
43,"la_sainte_chapelle",1.0,1.0,.95,.9333,.95,.96,.2,.4,.6,.76,.8,.84,.3333,.5714,.7355,.8378,.8686,.896
44,"liberty_memorial",.8,.9,.85,.9,.825,.8,.08,.24,.44,.52,.56,.64,.1455,.3789,.5798,.6592,.6671,.7111
45,"lincoln_home",1.0,.7,.75,.7333,.75,.68,.2778,.3889,.5556,.6111,.7778,.8333,.4348,.5,.6383,.6667,.7636,.7489
46,"machu_picchu",1.0,.9,.9,.8667,.85,.86,.2,.28,.56,.6,.6,.68,.3333,.4271,.6904,.7091,.7034,.7595
47,"marble_arch_london",.8,.7,.65,.5,.475,.4,.1667,.3333,.5833,.6667,.75,.75,.2759,.4516,.6149,.5714,.5816,.5217
48,"milan_cathedral",1.0,.9,.9,.9,.875,.86,.2,.28,.56,.68,.72,.8,.3333,.4271,.6904,.7747,.79,.8289
49,"mole_antonelliana",.8,.8,.7,.7333,.7,.72,.16,.24,.28,.36,.52,.6,.2667,.3692,.4,.4829,.5967,.6545
50,"mont_saint_michel",1.0,1.0,.95,.9667,.925,.94,.2,.28,.4,.52,.64,.68,.3333,.4375,.563,.6762,.7565,.7891
51,"moulin_rouge",.0,.1,.05,.1,.075,.12,.0,.125,.125,.375,.375,.625,.0,.1111,.0714,.1579,.125,.2013
52,"nelson_s_column",1.0,1.0,.95,.9667,.95,.92,.1667,.375,.4583,.625,.7083,.8333,.2857,.5455,.6183,.7592,.8116,.8745
53,"notre_dame_de_paris",.6,.8,.9,.9,.875,.9,.12,.28,.44,.48,.56,.64,.2,.4148,.591,.6261,.6829,.7481
54,"obelisco",.2,.1,.05,.1333,.1,.14,.0909,.0909,.0909,.2727,.2727,.3636,.125,.0952,.0645,.1791,.1463,.2022
55,"piccadilly_circus",1.0,.9,.85,.7667,.75,.74,.2174,.3043,.4348,.5652,.6522,.6957,.3571,.4549,.5753,.6507,.6977,.7171
56,"place_de_la_concorde",1.0,1.0,1.0,1.0,1.0,1.0,.12,.24,.4,.68,.68,.8,.2143,.3871,.5714,.8095,.8095,.8889
57,"place_de_la_republique",.6,.4,.25,.2333,.175,.16,.375,.375,.5,.625,.625,.75,.4615,.3871,.3333,.3398,.2734,.2637
58,"place_des_vosges",1.0,.6,.6,.5667,.575,.64,.16,.2,.36,.4,.52,.56,.2759,.3,.45,.469,.5461,.5973
59,"pont_du_gard",1.0,.9,.75,.7,.675,.66,.16,.24,.32,.44,.44,.44,.2759,.3789,.4486,.5404,.5327,.528
60,"pont_neuf",1.0,.8,.7,.6667,.625,.64,.2,.24,.48,.56,.68,.8,.3333,.3692,.5695,.6087,.6513,.7111
61,"ponte_vecchio",.6,.7,.75,.8,.725,.72,.125,.25,.4167,.5417,.5417,.625,.2069,.3684,.5357,.646,.6201,.6691
62,"puerta_de_alcala",.0,.2,.5,.5667,.525,.52,.0,.1053,.3684,.5789,.6842,.7368,.0,.1379,.4242,.5727,.5941,.6097
63,"puerta_del_sol",.4,.4,.4,.3667,.4,.42,.1,.15,.3,.35,.55,.65,.16,.2182,.3429,.3581,.4632,.5103
64,"red_fort",1.0,1.0,1.0,1.0,1.0,1.0,.2,.36,.48,.56,.68,.68,.3333,.5294,.6486,.7179,.8095,.8095
65,"reims_cathedral",1.0,1.0,1.0,.9333,.85,.86,.2,.28,.48,.64,.72,.8,.3333,.4375,.6486,.7593,.7796,.8289
66,"rialto_bridge",.4,.5,.55,.4667,.425,.46,.125,.1875,.3125,.375,.4375,.5,.1905,.2727,.3986,.4158,.4312,.4792
67,"roman_forum_rome",.8,.8,.8,.7667,.825,.8,.04,.16,.4,.56,.72,.76,.0762,.2667,.5333,.6472,.7689,.7795
68,"sacre_coeur",.4,.5,.6,.6,.6,.52,.0833,.2083,.375,.5,.6667,.6667,.1379,.2941,.4615,.5455,.6316,.5843
69,"sagrada_familia",.8,.9,.9,.9,.925,.94,.12,.28,.4,.52,.64,.64,.2087,.4271,.5538,.6592,.7565,.7615
70,"santa_maria_novella",.8,.6,.55,.5,.475,.5,.16,.2,.32,.48,.48,.6,.2667,.3,.4046,.4898,.4775,.5455
71,"schonbrunn_palace",.8,.9,.95,.9667,.95,.94,.16,.28,.44,.56,.72,.76,.2667,.4271,.6014,.7092,.8192,.8405
72,"seville_cathedral",1.0,.9,.9,.9333,.95,.96,.2,.28,.44,.48,.6,.76,.3333,.4271,.591,.634,.7355,.8484
73,"spanish_steps",.6,.6,.7,.7,.65,.64,.0455,.1818,.2727,.4091,.5455,.5909,.0845,.2791,.3925,.5164,.5932,.6145
74,"st__basil_cathedral",.8,.9,.8,.8667,.85,.82,.16,.36,.52,.72,.76,.8,.2667,.5143,.6303,.7866,.8025,.8099
75,"statue_of_liberty",.8,.8,.85,.8333,.85,.88,.12,.28,.56,.68,.76,.8,.2087,.4148,.6752,.7489,.8025,.8381
76,"stonehenge",.6,.7,.55,.5,.425,.42,.1579,.2632,.3684,.4211,.4211,.4737,.25,.3825,.4413,.4571,.423,.4452
77,"summer_palace_beijing",1.0,1.0,1.0,.9333,.9,.9,.16,.32,.48,.6,.72,.8,.2759,.4848,.6486,.7304,.8,.8471
78,"sydney_opera_house",1.0,1.0,.85,.8667,.9,.9,.2,.32,.44,.56,.56,.64,.3333,.4848,.5798,.6804,.6904,.7481
79,"teotihuacan",1.0,.8,.7,.7,.725,.74,.2,.24,.36,.44,.52,.56,.3333,.3692,.4755,.5404,.6056,.6375
80,"terracotta_army",.4,.7,.8,.5667,.425,.38,.1,.3,.5,.55,.55,.55,.16,.42,.6154,.5582,.4795,.4495
81,"the_blue_mosque",.8,.8,.85,.9,.925,.92,.16,.24,.36,.52,.6,.68,.2667,.3692,.5058,.6592,.7279,.782
82,"the_henry_ford",.8,.8,.75,.7333,.65,.62,.16,.28,.48,.6,.72,.8,.2667,.4148,.5854,.66,.6832,.6986
83,"taj_mahal",1.0,.9,.85,.8667,.875,.84,.16,.24,.44,.52,.64,.8,.2759,.3789,.5798,.65,.7393,.8195
84,"tour_montparnasse",1.0,.6,.55,.5,.475,.46,.2,.25,.4,.4,.4,.5,.3333,.3529,.4632,.4444,.4343,.4792
85,"tower_bridge_london",.8,.5,.5,.5667,.575,.58,.12,.16,.28,.4,.52,.56,.2087,.2424,.359,.469,.5461,.5698
86,"trafalgar_square",1.0,.9,.55,.6,.525,.52,.1364,.2273,.3182,.4091,.4091,.4545,.24,.3629,.4031,.4865,.4599,.4851
87,"leaning_tower_of_pisa",.4,.6,.55,.6,.6,.6,.08,.24,.32,.36,.48,.52,.1333,.3429,.4046,.45,.5333,.5571
88,"hermitage_museum_saint_petersburg",.8,.9,.85,.9,.825,.8,.12,.2,.32,.56,.6,.64,.2087,.3273,.465,.6904,.6947,.7111
89,"jantar_mantar_jaipur",.8,.8,.8,.8,.8,.82,.16,.32,.56,.68,.76,.84,.2667,.4571,.6588,.7351,.7795,.8299
90,"lake_titicaca_peru",.4,.5,.55,.6,.6,.6,.0833,.2083,.2917,.4167,.5,.5833,.1379,.2941,.3812,.4918,.5455,.5915
91,"the_great_wall_of_china",.8,.9,.9,.9,.875,.86,.16,.28,.32,.4,.44,.56,.2667,.4271,.4721,.5538,.5856,.6783
92,"grande_arche_paris",.6,.7,.7,.7,.675,.68,.12,.24,.36,.48,.56,.56,.2,.3574,.4755,.5695,.6121,.6142
93,"el_angel_mexico",.8,.6,.7,.6667,.575,.52,.1429,.2381,.5714,.7143,.7619,.8095,.2424,.3409,.6292,.6897,.6554,.6332
94,"bibliotheque_nationale_de_france",.6,.8,.8,.8333,.875,.8,.12,.28,.44,.52,.64,.68,.2,.4148,.5677,.6404,.7393,.7351
95,"kronborg_castle",.8,.8,.75,.7667,.725,.78,.1667,.3333,.375,.5417,.5833,.6667,.2759,.4706,.5,.6348,.6465,.7189
96,"ajanta_caves",1.0,.9,.95,.9667,.95,.94,.2273,.3182,.5,.5909,.6364,.6818,.3704,.4701,.6552,.7335,.7622,.7904
97,"atomium",1.0,1.0,.95,.9333,.875,.88,.1905,.3333,.5238,.619,.6667,.7143,.32,.5,.6753,.7444,.7568,.7885
98,"ellora_caves",1.0,1.0,.95,.9333,.95,.94,.1818,.2727,.3636,.5455,.6364,.6364,.3077,.4286,.526,.6885,.7622,.7589
99,"potala_palace",1.0,.9,.85,.8333,.825,.8,.1667,.2778,.6111,.7222,.7222,.7778,.2857,.4245,.711,.7738,.7702,.7887
100,"jokhang",.6,.6,.65,.6667,.7,.72,.08,.16,.36,.48,.64,.68,.1412,.2526,.4634,.5581,.6687,.6994
101,"rila_monastery",.8,.9,.9,.9333,.925,.92,.16,.24,.28,.32,.4,.4,.2667,.3789,.4271,.4766,.5585,.5576
102,"louvre_pyramid",1.0,1.0,1.0,.9667,.825,.8,.2778,.2778,.4444,.6111,.6111,.6667,.4348,.4348,.6154,.7488,.7021,.7273
103,"brooklyn_bridge",1.0,.7,.75,.8333,.825,.78,.1429,.2381,.4286,.5714,.7143,.7619,.25,.3553,.5455,.678,.7657,.7708
104,"tower_of_london",.6,.7,.75,.8,.775,.74,.087,.1739,.3478,.4348,.5217,.5652,.1519,.2786,.4752,.5634,.6236,.6409
105,"british_museum_london",1.0,1.0,.95,.9333,.95,.94,.1,.15,.35,.55,.65,.75,.1818,.2609,.5115,.6921,.7719,.8343
106,"buckingham_palace",.2,.4,.5,.5,.425,.44,.05,.15,.3,.4,.4,.45,.08,.2182,.375,.4444,.4121,.4449
107,"charles_bridge_prague",.8,.8,.8,.7333,.725,.68,.125,.25,.4167,.4583,.5,.5833,.2162,.381,.5479,.5641,.5918,.628
108,"champs_elysees_paris",.4,.2,.45,.4333,.475,.48,.1333,.1333,.3333,.5333,.5333,.5333,.2,.16,.383,.4782,.5025,.5053
109,"chrysler_building",1.0,1.0,1.0,.9667,.95,.96,.2143,.5,.7143,.7143,.7143,.7143,.3529,.6667,.8333,.8215,.8155,.8191
110,"moma_new_york",.4,.7,.85,.8667,.875,.88,.1053,.2632,.3684,.4737,.5789,.6316,.1667,.3825,.514,.6126,.6968,.7354
111,"grand_central_terminal",1.0,1.0,1.0,.9667,.975,.98,.0476,.2381,.5238,.5714,.619,.6667,.0909,.3846,.6875,.7183,.7573,.7935
112,"houses_of_parliament",1.0,1.0,.95,.9,.9,.9,.1739,.2609,.3913,.4348,.4783,.6087,.2963,.4138,.5543,.5863,.6246,.7262
113,"alexanderplatz_berlin",.2,.6,.7,.6333,.625,.66,.04,.24,.44,.52,.56,.64,.0667,.3429,.5404,.5711,.5907,.6498
114,"centre_pompidou",.8,.7,.7,.7333,.725,.76,.2222,.3333,.5,.6111,.6111,.7222,.3478,.4516,.5833,.6667,.6632,.7406
115,"sydney_harbour_bridge",1.0,1.0,1.0,1.0,1.0,.98,.1875,.3125,.4375,.6875,.75,.8125,.3158,.4762,.6087,.8148,.8571,.8884
116,"pier_39",.8,.9,.9,.8667,.825,.84,.1905,.2857,.381,.5714,.619,.7143,.3077,.4337,.5353,.6887,.7073,.7721
117,"coit_tower",.8,.8,.75,.7,.55,.58,.2667,.4667,.5333,.6,.6667,.7333,.4,.5895,.6234,.6462,.6027,.6477
118,"st_paul_s_cathedral_london",1.0,.8,.8,.8,.725,.7,.2941,.3529,.5294,.5882,.6471,.7059,.4545,.4898,.6372,.678,.6838,.7029
119,"cloud_gate",.6,.6,.6,.7,.625,.64,.1667,.25,.4167,.5833,.5833,.5833,.2609,.3529,.4918,.6364,.6034,.6104
120,"musee_d_orsay",1.0,1.0,.95,.9333,.95,.92,.1429,.2381,.4286,.5238,.619,.7619,.25,.3846,.5907,.671,.7496,.8335
121,"pike_place_market",1.0,1.0,.9,.8667,.85,.84,.1429,.2381,.3333,.381,.5714,.619,.25,.3846,.4865,.5293,.6834,.7128
122,"royal_palace_madrid",1.0,1.0,.95,.9333,.925,.92,.1818,.3182,.4545,.5,.6364,.6818,.3077,.4828,.6149,.6512,.754,.7832
123,"sony_center_berlin",.8,.8,.85,.8,.8,.84,.1905,.2381,.381,.5238,.5238,.619,.3077,.367,.5261,.6331,.6331,.7128
124,"red_square_moscow",.4,.6,.75,.7667,.7,.64,.0952,.1905,.3333,.4762,.5714,.7143,.1538,.2892,.4615,.5875,.6292,.6751
125,"prague_castle",1.0,.9,.9,.9,.85,.86,.2,.24,.48,.64,.76,.8,.3333,.3789,.6261,.7481,.8025,.8289
126,"musee_du_louvre",1.0,1.0,1.0,1.0,1.0,1.0,.16,.28,.44,.52,.56,.68,.2759,.4375,.6111,.6842,.7179,.8095
127,"millennium_bridge_london",1.0,1.0,.85,.8333,.775,.76,.16,.28,.36,.52,.6,.64,.2759,.4375,.5058,.6404,.6764,.6949
128,"casa_mila",1.0,1.0,1.0,1.0,.95,.94,.16,.32,.4,.52,.64,.72,.2759,.4848,.5714,.6842,.7648,.8154
129,"national_gallery_london",.6,.8,.75,.7333,.625,.62,.1364,.2727,.4545,.5455,.5909,.6818,.2222,.4068,.566,.6256,.6075,.6494
130,"national_mall",1.0,1.0,.9,.9,.825,.78,.16,.32,.44,.56,.68,.8,.2759,.4848,.591,.6904,.7455,.7899
131,"london_city_hall",1.0,1.0,.9,.8,.75,.7,.2,.3,.45,.6,.6,.6,.3333,.4615,.6,.6857,.6667,.6462
132,"holocaust_memorial",.8,.6,.65,.6,.475,.52,.125,.1875,.375,.5,.5,.6875,.2162,.2857,.4756,.5455,.4872,.5921
133,"columbus_circle",.4,.3,.5,.4667,.5,.5,.08,.12,.36,.44,.6,.64,.1333,.1714,.4186,.4529,.5455,.5614
134,"siegessaeule",1.0,1.0,.9,.6667,.725,.72,.12,.28,.4,.44,.64,.68,.2143,.4375,.5538,.5301,.6799,.6994
135,"jardin_du_luxembourg",1.0,.9,.95,.9667,.975,.94,.16,.32,.44,.64,.8,.8,.2759,.4721,.6014,.7701,.8789,.8644
136,"merlion_singapore",.2,.2,.45,.5,.525,.5,.0455,.0909,.2727,.4091,.5,.5,.0741,.125,.3396,.45,.5122,.5
137,"harrods_london",.8,.8,.8,.8,.8,.8,.16,.28,.48,.6,.68,.8,.2667,.4148,.6,.6857,.7351,.8
138,"metropolitan_museum_of_art_new_york",1.0,1.0,.95,.9667,.925,.94,.16,.32,.36,.56,.6,.68,.2759,.4848,.5221,.7092,.7279,.7891
139,"new_york_stock_exchange",.6,.6,.55,.5,.5,.54,.15,.3,.45,.5,.6,.65,.24,.4,.495,.5,.5455,.5899
140,"stephansdom_vienna",1.0,1.0,1.0,1.0,.975,.96,.2,.32,.44,.52,.68,.72,.3333,.4848,.6111,.6842,.8012,.8229
141,"hms_belfast",1.0,1.0,.9,.8667,.9,.9,.16,.32,.44,.56,.68,.68,.2759,.4848,.591,.6804,.7747,.7747
142,"leicester_square",.8,.9,.8,.7667,.725,.78,.08,.16,.36,.48,.64,.72,.1455,.2717,.4966,.5904,.6799,.7488
143,"ciudad_de_las_artes_y_las_ciencias",1.0,1.0,1.0,1.0,1.0,1.0,.12,.2,.4,.52,.72,.76,.2143,.3333,.5714,.6842,.8372,.8636
144,"topkapi_palace",1.0,1.0,1.0,1.0,1.0,1.0,.16,.24,.4,.64,.84,.92,.2759,.3871,.5714,.7805,.913,.9583
145,"royal_albert_hall",1.0,.8,.75,.6,.675,.7,.12,.2,.28,.36,.56,.68,.2143,.32,.4078,.45,.6121,.6899
146,"st_vitus_cathedral",.8,.8,.9,.9,.925,.94,.16,.28,.32,.4,.56,.64,.2667,.4148,.4721,.5538,.6976,.7615
147,"castello_sforzesco",1.0,.9,.9,.9,.9,.92,.16,.24,.32,.4,.56,.6,.2759,.3789,.4721,.5538,.6904,.7263
148,"rijksmuseum_amsterdam",1.0,1.0,1.0,1.0,.975,.98,.2,.32,.44,.68,.76,.8,.3333,.4848,.6111,.8095,.8542,.8809
149,"dam_square",.8,.8,.8,.7667,.75,.7,.16,.24,.4,.52,.64,.64,.2667,.3692,.5333,.6197,.6906,.6687
150,"rathaus_vienna",1.0,.8,.8,.6667,.625,.62,.16,.2,.24,.24,.36,.4,.2759,.32,.3692,.3529,.4569,.4863
151,"bath_abbey",.8,.9,.95,.9333,.95,.94,.16,.28,.4,.52,.72,.76,.2667,.4271,.563,.6679,.8192,.8405
152,"salisbury_cathedral",1.0,1.0,1.0,1.0,.975,.98,.12,.28,.48,.6,.6,.64,.2143,.4375,.6486,.75,.7429,.7743
153,"templo_de_debod",.2,.4,.4,.3667,.375,.42,.0455,.1818,.2727,.4091,.4545,.5455,.0741,.25,.3243,.3867,.411,.4746
154,"Niagara_Falls",.6,.5,.55,.6,.575,.56,.0909,.1818,.4091,.5455,.5909,.6818,.1579,.2667,.4692,.5714,.5828,.6149
155,"Golden_Gate_Bridge_in_San_Francisco",.8,.9,.9,.9333,.925,.94,.0909,.2273,.4091,.5455,.6364,.6364,.1633,.3629,.5625,.6885,.754,.7589
156,"Neuschwanstein_Castle",1.0,.9,.95,.9667,.975,.98,.2,.36,.48,.56,.64,.68,.3333,.5143,.6378,.7092,.7728,.8029
157,"Christ_Church_Cathedral_Missouri",1.0,1.0,.95,.9333,.9,.9,.2,.24,.32,.4,.48,.56,.3333,.3871,.4787,.56,.6261,.6904
158,"Mount_Rushmore_in_South_Dakota",1.0,.9,.95,.9,.9,.92,.16,.32,.52,.6,.6,.6,.2759,.4721,.6721,.72,.72,.7263
159,"Puerta_de_Toledo",.2,.1,.1,.0667,.05,.04,.5,.5,.5,.5,.5,.5,.2857,.1667,.1667,.1176,.0909,.0741
160,"Urquhart_Castle",1.0,.8,.8,.8333,.775,.82,.1667,.2083,.375,.5,.5833,.6667,.2857,.3306,.5106,.625,.6656,.7354
161,"Gare_du_Nord_Paris",.6,.7,.6,.6667,.725,.72,.08,.16,.24,.52,.64,.72,.1412,.2605,.3429,.5843,.6799,.72
162,"Newgrange_in_Ireland",.8,.7,.65,.6333,.65,.66,.1667,.2083,.3333,.4583,.5,.5417,.2759,.3211,.4407,.5318,.5652,.595
163,"Windmills_at_Kinderdijk",1.0,1.0,.95,.9333,.9,.86,.12,.16,.36,.48,.52,.52,.2143,.2759,.5221,.634,.6592,.6481
164,"Conciergerie",.8,.9,.95,.9667,.95,.94,.12,.28,.44,.56,.68,.76,.2087,.4271,.6014,.7092,.7926,.8405
165,"Palazzo_Madama",1.0,.7,.75,.7,.625,.62,.1818,.2727,.4545,.5909,.6818,.7727,.3077,.3925,.566,.6408,.6522,.688
166,"Split_Rock_Lighthouse",.8,.8,.85,.8,.725,.78,.12,.2,.4,.44,.44,.6,.2087,.32,.544,.5677,.5476,.6783
167,"The_Little_Mermaid_Denmark",.8,.7,.6,.5667,.55,.54,.2857,.3571,.3571,.5,.6429,.7143,.4211,.473,.4478,.5312,.5928,.615
168,"Great_Pyramid_of_Giza",.6,.6,.6,.6333,.675,.62,.2,.3333,.4667,.6,.7333,.7333,.3,.4286,.525,.6162,.703,.6719
169,"Pitti_Palace",.8,.8,.75,.7,.7,.64,.1364,.2273,.4091,.4091,.5,.5,.233,.354,.5294,.5164,.5833,.5614
170,"Georgia_State_Capitol",.8,.6,.5,.3667,.35,.32,.1579,.2632,.2632,.2632,.2632,.3158,.2637,.3659,.3448,.3064,.3004,.3179
171,"Dome_des_Invalides",1.0,1.0,1.0,1.0,1.0,1.0,.12,.24,.36,.48,.56,.56,.2143,.3871,.5294,.6486,.7179,.7179
172,"Reggia_di_Caserta",.6,.5,.65,.6333,.6,.66,.12,.2,.4,.56,.64,.72,.2,.2857,.4952,.5944,.6194,.6887
173,"The_Burj_al_Arab_Hotel",.8,.7,.8,.7,.725,.74,.16,.16,.36,.52,.56,.56,.2667,.2605,.4966,.5967,.6319,.6375
174,"Elephanta_Caves",.8,.9,.95,.9667,.775,.72,.1667,.375,.625,.7917,.7917,.8333,.2759,.5294,.754,.8705,.7832,.7725
175,"Basilica_of_Santa_Croce",1.0,1.0,1.0,1.0,.975,.98,.2,.28,.44,.52,.6,.68,.3333,.4375,.6111,.6842,.7429,.8029
176,"Aachen_Cathedral",1.0,1.0,.95,.9667,.95,.94,.2,.36,.44,.6,.68,.68,.3333,.5294,.6014,.7404,.7926,.7891
177,"Monument_to_the_Great_Fire_of_London",.8,.7,.6,.5667,.6,.64,.16,.24,.36,.48,.6,.68,.2667,.3574,.45,.5197,.6,.6594
178,"Longmen_Grottoes",.4,.7,.6,.5333,.575,.58,.08,.28,.48,.56,.72,.84,.1333,.4,.5333,.5463,.6394,.6862
179,"Louisiana_State_Capitol",.4,.4,.35,.4,.4,.34,.08,.16,.28,.44,.56,.56,.1333,.2286,.3111,.419,.4667,.4231
180,"The_Great_Sphinx_at_Giza",.8,.8,.85,.8,.8,.8,.16,.24,.32,.4,.56,.56,.2667,.3692,.465,.5333,.6588,.6588
181,"Teatro_Real_Madrid",.4,.5,.75,.6,.625,.64,.087,.2174,.5217,.5652,.6522,.7391,.1429,.303,.6154,.5821,.6383,.686
182,"Palacio_de_la_Magdalena",1.0,.9,.85,.8,.775,.8,.16,.24,.36,.48,.64,.72,.2759,.3789,.5058,.6,.7011,.7579
183,"Sowjetisches_Ehrenmal",.6,.7,.7,.5667,.6,.62,.12,.28,.36,.44,.52,.68,.2,.4,.4755,.4954,.5571,.6486
184,"Cathedral_of_Trier",1.0,.8,.85,.7667,.8,.8,.16,.28,.4,.56,.72,.8,.2759,.4148,.544,.6472,.7579,.8
185,"Saint_Mary_of_the_Flower",.2,.2,.2,.2,.225,.18,.04,.08,.12,.12,.16,.16,.0667,.1143,.15,.15,.187,.1694
186,"Skellig_Michael",.8,.8,.75,.7333,.75,.76,.16,.28,.4,.56,.56,.68,.2667,.4148,.5217,.6351,.6412,.7178
187,"Chicago_Board_of_Trade_Building",1.0,.8,.75,.6667,.65,.66,.2273,.3182,.4091,.5,.5455,.6364,.3704,.4553,.5294,.5714,.5932,.648
188,"Pont_de_Normandie_France",1.0,1.0,.85,.8,.825,.84,.2105,.3684,.4737,.6842,.8421,.9474,.3478,.5385,.6083,.7376,.8335,.8905
189,"Palazzo_Rosso",.0,.0,.0,.0,.025,.04,.0,.0,.0,.0,.0417,.0833,.0,.0,.0,.0,.0312,.0541
190,"Piazza_Vittorio_Veneto",.6,.5,.45,.4,.425,.38,.1875,.25,.3125,.4375,.5625,.625,.2857,.3333,.3689,.4179,.4842,.4726
191,"Sforza_Castle",1.0,1.0,1.0,1.0,.925,.92,.2,.2,.4,.48,.56,.56,.3333,.3333,.5714,.6486,.6976,.6962
192,"Torres_KIO",1.0,.9,.85,.9,.875,.84,.2,.28,.4,.56,.64,.64,.3333,.4271,.544,.6904,.7393,.7265
193,"Torre_Picasso",.8,.9,.8,.8,.775,.8,.1667,.2917,.4583,.5833,.625,.6667,.2759,.4406,.5828,.6747,.692,.7273
194,"The_Palace_of_Parliament_in_Bucharest",1.0,.8,.85,.8,.8,.82,.2,.28,.44,.52,.64,.76,.3333,.4148,.5798,.6303,.7111,.7889
195,"Ernest_Hemingway_House",.6,.7,.75,.7,.75,.76,.12,.24,.36,.48,.56,.64,.2,.3574,.4865,.5695,.6412,.6949
196,"Castel_dellOvo_Napoli",.8,.9,.9,.9333,.875,.8,.16,.24,.44,.68,.72,.8,.2667,.3789,.591,.7868,.79,.8
197,"Villa_Borghese_gardens",1.0,1.0,1.0,1.0,1.0,.96,.2,.36,.56,.6,.68,.76,.3333,.5294,.7179,.75,.8095,.8484
198,"Saint_Marks_Basilica",1.0,1.0,1.0,.9333,.95,.96,.2,.36,.44,.48,.6,.6,.3333,.5294,.6111,.634,.7355,.7385
199,"Mausoleum_of_the_First_Qin_Emperor",.8,.9,.95,.8667,.75,.8,.16,.36,.4,.48,.56,.56,.2667,.5143,.563,.6178,.6412,.6588
200,"Mausoleum_of_Hadrian",1.0,.8,.6,.6333,.65,.64,.1667,.2778,.2778,.5556,.6667,.7778,.2857,.4124,.3797,.5919,.6582,.7022
201,"Piazza_de_Ferrari",1.0,1.0,.95,.9667,.95,.94,.1579,.3158,.3684,.5263,.5263,.5789,.2727,.48,.5309,.6816,.6774,.7166
202,"George_Washington_Carver",.6,.6,.6,.4667,.475,.52,.1875,.375,.375,.375,.4375,.5,.2857,.4615,.4615,.4158,.4555,.5098
203,"Cathedral_of_Santiago_de_Compostela",.8,.7,.7,.7,.75,.8,.0588,.1176,.3529,.5294,.5882,.7059,.1096,.2014,.4693,.6029,.6593,.75
204,"Saint-Jacques_Tower",.8,.7,.7,.7667,.8,.8,.1538,.2308,.3077,.6154,.7692,.7692,.2581,.3471,.4275,.6827,.7843,.7843
205,"Calakmul_Campeche_Mexico",1.0,.9,.75,.7667,.775,.78,.2143,.3571,.5,.7143,.7143,.8571,.3529,.5114,.6,.7395,.7434,.8168
206,"Bran_Castle_in_Transylvania",.6,.8,.85,.9,.925,.88,.1579,.3684,.4737,.5789,.6316,.7368,.25,.5045,.6083,.7046,.7506,.8021
207,"Mosteiro_da_Batalha",1.0,1.0,1.0,1.0,1.0,1.0,.1579,.4211,.5263,.5789,.6842,.6842,.2727,.5926,.6897,.7333,.8125,.8125
208,"Wartburg_Castle",1.0,1.0,.95,.9333,.925,.94,.15,.3,.5,.7,.75,.85,.2609,.4615,.6552,.8,.8284,.8927
209,"Fujian_Tulou_Fujian_China",1.0,1.0,.95,.9333,.9,.92,.2222,.2778,.4444,.5556,.7222,.7778,.3636,.4348,.6056,.6965,.8014,.8429
210,"Alabama_State_Capitol",.6,.7,.8,.7333,.65,.66,.1429,.2857,.5238,.6667,.7619,.8095,.2308,.4058,.6331,.6984,.7015,.7272
211,"Palazzo_dAccursio",.4,.6,.7,.6,.55,.54,.1111,.2778,.4444,.5,.5556,.6111,.1739,.3797,.5437,.5455,.5528,.5734
212,"Casa_Grande_Ruins",.8,.8,.7,.7333,.75,.78,.1765,.2353,.3529,.5294,.5882,.6471,.2892,.3636,.4693,.6149,.6593,.7073
213,"Stravinsky_Fountain",1.0,1.0,.95,.9,.9,.86,.2,.2667,.4667,.6,.6,.6,.3333,.4211,.6259,.72,.72,.7068
214,"Angel_Falls_Venezuela",.6,.6,.55,.5333,.525,.48,.1765,.2353,.4706,.5882,.6471,.7647,.2727,.338,.5072,.5594,.5797,.5898
215,"Statue_of_George_IV",.8,.5,.5,.3667,.425,.36,.375,.5,.625,.625,.75,.75,.5106,.5,.5556,.4622,.5426,.4865
216,"Palacio_Barolo",.8,.9,.85,.8667,.825,.84,.1176,.2353,.4118,.6471,.6471,.7647,.2051,.3731,.5548,.7409,.7253,.8006
217,"Bridge_of_Remembrance_Christchurch_New_Zealand",.8,.7,.55,.5,.425,.42,.3333,.4167,.5833,.75,.8333,.9167,.4706,.5224,.5662,.6,.5629,.5761
218,"John_A._Roebling_Suspension_Bridge",.6,.5,.45,.3667,.45,.46,.2,.3333,.5333,.6667,.8,.8,.3,.4,.4881,.4731,.576,.5841
219,"Blue_Dome_Santorini",.8,.9,.9,.6667,.725,.7,.1875,.4375,.625,.625,.625,.75,.3038,.5888,.7377,.6452,.6713,.7241
220,"Fossar_de_les_Moreres",.2,.3,.4,.4,.425,.38,.0714,.2143,.5,.6429,.7143,.7143,.1053,.25,.4444,.4932,.5329,.4961
221,"Luxor_Obelisk_France",1.0,.6,.65,.7667,.75,.76,.1875,.25,.375,.5,.5625,.625,.3158,.3529,.4756,.6053,.6429,.6859
222,"Valle_de_los_Caidos",1.0,1.0,1.0,.9667,.925,.94,.25,.4,.55,.6,.7,.75,.4,.5714,.7097,.7404,.7969,.8343
--------------------
"--","Avg.",P@5,P@10,P@20,P@30,P@40,P@50,CR@5,CR@10,CR@20,CR@30,CR@40,CR@50,F1@5,F1@10,F1@20,F1@30,F1@40,F1@50
,.,7928,.7815,.7732,.7595,.7462,.7422,.1546,.263,.4105,.527,.6116,.6704,.2537,.386,.5266,.6104,.6601,.6905
