--------------------
"Run name","output_runCNN_ADSilhouette"
--------------------
"Average P@20 = ",.7831
"Average CR@20 = ",.3967
"Average F1@20 = ",.5165
--------------------
"Query Id ","Location name",P@5,P@10,P@20,P@30,P@40,P@50,CR@5,CR@10,CR@20,CR@30,CR@40,CR@50,F1@5,F1@10,F1@20,F1@30,F1@40,F1@50
1,"angel_of_the_north",1.0,1.0,1.0,1.0,1.0,1.0,.16,.2,.36,.52,.6,.68,.2759,.3333,.5294,.6842,.75,.8095
2,"big_ben",1.0,1.0,.9,.8667,.875,.82,.1818,.2273,.3636,.4091,.4545,.5909,.3077,.3704,.518,.5558,.5983,.6869
3,"hearst_castle",1.0,1.0,.95,.9333,.925,.92,.2083,.375,.625,.6667,.7917,.7917,.3448,.5455,.754,.7778,.8532,.851
4,"la_madeleine",.0,.0,.35,.4,.35,.34,.0,.0,.2857,.5,.5714,.6429,.0,.0,.3146,.4444,.4341,.4448
5,"pont_alexandre_iii",1.0,.9,.95,.9667,.975,.98,.2,.28,.36,.6,.68,.76,.3333,.4271,.5221,.7404,.8012,.8561
6,"neues_museum",.0,.0,.15,.4333,.575,.66,.0,.0,.08,.44,.64,.72,.0,.0,.1043,.4366,.6058,.6887
7,"montezuma_castle",.8,.7,.45,.5667,.6,.64,.25,.3333,.4167,.5,.6667,.75,.381,.4516,.4327,.5312,.6316,.6906
8,"cn_tower",.4,.4,.7,.6667,.65,.62,.0833,.1667,.4167,.5833,.6667,.75,.1379,.2353,.5224,.6222,.6582,.6788
9,"acropolis_athens",.6,.8,.9,.8667,.85,.8,.1429,.2381,.4286,.4286,.4286,.5238,.2308,.367,.5806,.5735,.5698,.6331
10,"agra_fort",.8,.8,.75,.8,.825,.84,.12,.2,.4,.48,.6,.6,.2087,.32,.5217,.6,.6947,.7
11,"albert_memorial",.4,.7,.65,.7333,.775,.78,.0909,.0909,.2727,.4091,.5455,.7273,.1481,.1609,.3842,.5252,.6403,.7527
12,"altes_museum",.8,.9,.6,.5667,.65,.7,.1667,.2917,.4167,.625,.7083,.75,.2759,.4406,.4918,.5944,.6779,.7241
13,"amiens_cathedral",1.0,1.0,1.0,1.0,.925,.94,.2,.4,.6,.68,.72,.84,.3333,.5714,.75,.8095,.8097,.8872
14,"angkor_wat",.8,.7,.65,.7667,.825,.84,.12,.24,.32,.48,.64,.68,.2087,.3574,.4289,.5904,.7208,.7516
15,"ara_pacis",1.0,.9,.65,.6667,.6,.64,.2273,.3182,.4545,.5909,.6818,.6818,.3704,.4701,.535,.6265,.6383,.6602
16,"arc_de_triomphe",.8,.9,.75,.7667,.7,.68,.125,.25,.375,.5,.5417,.625,.2162,.3913,.5,.6053,.6107,.6513
17,"aztec_ruins",.2,.1,.3,.2667,.3,.4,.04,.04,.2,.24,.36,.52,.0667,.0571,.24,.2526,.3273,.4522
18,"berlin_cathedral",1.0,.9,.95,.9667,.9,.86,.2,.28,.4,.52,.56,.68,.3333,.4271,.563,.6762,.6904,.7595
19,"bok_tower_gardens",.6,.6,.75,.8,.85,.88,.12,.24,.52,.64,.68,.72,.2,.3429,.6142,.7111,.7556,.792
20,"brandenburg_gate",1.0,1.0,1.0,1.0,.975,.92,.16,.2,.44,.48,.52,.6,.2759,.3333,.6111,.6486,.6783,.7263
21,"cabrillo",.2,.3,.15,.1,.1,.08,.0769,.2308,.2308,.2308,.3077,.3077,.1111,.2609,.1818,.1395,.1509,.127
22,"casa_batllo",1.0,1.0,1.0,1.0,.95,.96,.16,.24,.4,.48,.52,.76,.2759,.3871,.5714,.6486,.6721,.8484
23,"casa_rosada",.6,.8,.9,.9333,.925,.92,.12,.2,.4,.56,.72,.8,.2,.32,.5538,.7,.8097,.8558
24,"castillo_de_san_marcos",1.0,.7,.65,.7,.7,.76,.16,.2,.32,.48,.56,.68,.2759,.3111,.4289,.5695,.6222,.7178
25,"chartres_cathedral",1.0,1.0,.95,.9333,.95,.92,.2,.28,.52,.64,.76,.8,.3333,.4375,.6721,.7593,.8444,.8558
26,"chichen_itza",.6,.7,.75,.8,.85,.86,.12,.2,.4,.6,.68,.8,.2,.3111,.5217,.6857,.7556,.8289
27,"christ_the_redeemer_rio",.4,.6,.45,.4,.425,.46,.0435,.1304,.2174,.3043,.4348,.5652,.0784,.2143,.2932,.3457,.4298,.5072
28,"civic_center_san_francisco",.6,.7,.8,.8,.7,.6,.12,.2,.36,.44,.48,.52,.2,.3111,.4966,.5677,.5695,.5571
29,"cologne_cathedral",1.0,1.0,1.0,1.0,1.0,.98,.12,.28,.36,.48,.52,.64,.2143,.4375,.5294,.6486,.6842,.7743
30,"colosseum",1.0,1.0,1.0,1.0,.85,.88,.16,.28,.52,.52,.52,.68,.2759,.4375,.6842,.6842,.6453,.7672
31,"doge_s_palace",1.0,1.0,.75,.8333,.875,.88,.12,.24,.32,.44,.48,.48,.2143,.3871,.4486,.5759,.6199,.6212
32,"eiffel_tower",1.0,1.0,1.0,.9667,.95,.88,.2,.24,.32,.4,.56,.64,.3333,.3871,.4848,.5659,.7046,.7411
33,"golden_gate_bridge",1.0,1.0,.9,.9333,.825,.84,.2174,.3478,.4348,.5652,.6087,.6522,.3571,.5161,.5863,.7041,.7005,.7343
34,"grand_palais",1.0,.9,.9,.9333,.925,.94,.1364,.2273,.3636,.4091,.5,.5455,.24,.3629,.518,.5688,.6491,.6903
35,"guggenheim_museum_bilbao",1.0,1.0,1.0,.9667,.975,.96,.16,.2,.48,.56,.6,.68,.2759,.3333,.6486,.7092,.7429,.7961
36,"hagia_sophia_istanbul",1.0,1.0,1.0,.9,.925,.94,.08,.2,.4,.6,.64,.76,.1481,.3333,.5714,.72,.7565,.8405
37,"hoover_dam",1.0,.9,.95,.9333,.925,.94,.16,.28,.44,.52,.6,.68,.2759,.4271,.6014,.6679,.7279,.7891
38,"humayun_tomb",1.0,.9,.8,.8333,.85,.86,.12,.2,.48,.6,.72,.8,.2143,.3273,.6,.6977,.7796,.8289
39,"iguazu_falls",.6,.8,.85,.7333,.7,.72,.08,.2,.32,.4,.52,.68,.1412,.32,.465,.5176,.5967,.6994
40,"iolani_palace",.8,.9,.75,.6333,.675,.66,.16,.24,.4,.44,.52,.64,.2667,.3789,.5217,.5193,.5874,.6498
41,"la_mezquita",.8,.9,.8,.7,.6,.58,.1667,.3333,.375,.4167,.5,.6667,.2759,.4865,.5106,.5224,.5455,.6203
42,"la_rambla_barcelona",1.0,1.0,.95,.9333,.95,.94,.12,.2,.32,.4,.44,.56,.2143,.3333,.4787,.56,.6014,.7019
43,"la_sainte_chapelle",1.0,.9,.95,.9667,.95,.96,.2,.36,.6,.68,.76,.84,.3333,.5143,.7355,.7984,.8444,.896
44,"liberty_memorial",.8,.4,.65,.7,.625,.68,.04,.04,.28,.4,.44,.56,.0762,.0727,.3914,.5091,.5164,.6142
45,"lincoln_home",1.0,1.0,.95,.9333,.85,.7,.2222,.3333,.5556,.6667,.7222,.7222,.3636,.5,.7011,.7778,.7809,.7109
46,"machu_picchu",1.0,.9,.75,.7667,.8,.82,.16,.28,.36,.44,.56,.64,.2759,.4271,.4865,.5591,.6588,.7189
47,"marble_arch_london",.4,.5,.4,.3,.3,.28,.1667,.25,.3333,.3333,.4167,.5833,.2353,.3333,.3636,.3158,.3488,.3784
48,"milan_cathedral",1.0,1.0,.95,.9667,.975,.98,.2,.28,.4,.56,.72,.72,.3333,.4375,.563,.7092,.8283,.8301
49,"mole_antonelliana",1.0,1.0,.85,.8,.8,.72,.12,.2,.32,.4,.52,.6,.2143,.3333,.465,.5333,.6303,.6545
50,"mont_saint_michel",1.0,1.0,1.0,.9333,.925,.9,.16,.32,.44,.48,.68,.72,.2759,.4848,.6111,.634,.7838,.8
51,"moulin_rouge",.0,.0,.0,.2333,.225,.18,.0,.0,.0,.5,.625,.625,.0,.0,.0,.3182,.3309,.2795
52,"nelson_s_column",.8,.9,.95,.9667,.95,.96,.125,.2917,.4583,.5417,.625,.75,.2162,.4406,.6183,.6943,.754,.8421
53,"notre_dame_de_paris",1.0,1.0,1.0,.9667,.875,.82,.16,.24,.44,.56,.6,.64,.2759,.3871,.6111,.7092,.7119,.7189
54,"obelisco",.2,.2,.1,.0667,.1,.26,.0909,.0909,.0909,.0909,.1818,.6364,.125,.125,.0952,.0769,.129,.3692
55,"piccadilly_circus",1.0,1.0,.8,.8,.825,.76,.2174,.3478,.4348,.5217,.5217,.6522,.3571,.5161,.5634,.6316,.6392,.702
56,"place_de_la_concorde",1.0,1.0,1.0,1.0,.975,.96,.12,.24,.44,.6,.64,.68,.2143,.3871,.6111,.75,.7728,.7961
57,"place_de_la_republique",.0,.3,.25,.1667,.175,.14,.0,.25,.5,.5,.75,.75,.0,.2727,.3333,.25,.2838,.236
58,"place_des_vosges",.8,.6,.8,.7667,.725,.7,.12,.12,.36,.52,.64,.64,.2087,.2,.4966,.6197,.6799,.6687
59,"pont_du_gard",.8,.9,.95,.8,.7,.74,.12,.24,.44,.48,.52,.6,.2087,.3789,.6014,.6,.5967,.6627
60,"pont_neuf",.8,.8,.9,.7,.725,.68,.12,.2,.44,.48,.6,.64,.2087,.32,.591,.5695,.6566,.6594
61,"ponte_vecchio",1.0,1.0,.95,.8,.7,.66,.125,.2083,.4583,.5417,.5833,.625,.2222,.3448,.6183,.646,.6364,.642
62,"puerta_de_alcala",.0,.2,.55,.6333,.65,.66,.0,.1053,.3684,.5789,.6316,.6842,.0,.1379,.4413,.6049,.6407,.6719
63,"puerta_del_sol",.6,.6,.4,.2667,.225,.18,.15,.25,.25,.25,.25,.25,.24,.3529,.3077,.2581,.2368,.2093
64,"red_fort",1.0,1.0,1.0,1.0,1.0,1.0,.16,.32,.6,.72,.8,.88,.2759,.4848,.75,.8372,.8889,.9362
65,"reims_cathedral",1.0,1.0,1.0,1.0,1.0,.94,.16,.24,.4,.48,.6,.68,.2759,.3871,.5714,.6486,.75,.7891
66,"rialto_bridge",1.0,1.0,.65,.6667,.575,.46,.1875,.25,.375,.625,.6875,.6875,.3158,.4,.4756,.6452,.6262,.5512
67,"roman_forum_rome",.8,.8,.75,.7,.625,.68,.16,.24,.4,.48,.56,.64,.2667,.3692,.5217,.5695,.5907,.6594
68,"sacre_coeur",.6,.6,.65,.6667,.625,.6,.125,.2083,.2917,.4583,.5,.5417,.2069,.3093,.4027,.5432,.5556,.5693
69,"sagrada_familia",.8,.9,.9,.9333,.925,.94,.16,.28,.36,.52,.52,.6,.2667,.4271,.5143,.6679,.6657,.7325
70,"santa_maria_novella",.6,.3,.6,.5667,.55,.6,.12,.12,.28,.36,.44,.64,.2,.1714,.3818,.4403,.4889,.6194
71,"schonbrunn_palace",1.0,1.0,1.0,1.0,1.0,1.0,.16,.32,.48,.56,.72,.72,.2759,.4848,.6486,.7179,.8372,.8372
72,"seville_cathedral",.6,.7,.85,.9,.925,.94,.08,.2,.32,.48,.6,.72,.1412,.3111,.465,.6261,.7279,.8154
73,"spanish_steps",.8,.7,.6,.6,.55,.54,.1364,.1818,.3636,.4545,.5,.5455,.233,.2887,.4528,.5172,.5238,.5427
74,"st__basil_cathedral",1.0,1.0,.9,.9,.85,.88,.2,.28,.44,.52,.6,.6,.3333,.4375,.591,.6592,.7034,.7135
75,"statue_of_liberty",1.0,1.0,.85,.8,.825,.82,.16,.2,.36,.52,.6,.64,.2759,.3333,.5058,.6303,.6947,.7189
76,"stonehenge",.8,.7,.65,.5,.5,.5,.1579,.2632,.4737,.5263,.5789,.6316,.2637,.3825,.548,.5128,.5366,.5581
77,"summer_palace_beijing",1.0,1.0,1.0,.9333,.875,.82,.16,.28,.44,.56,.64,.64,.2759,.4375,.6111,.7,.7393,.7189
78,"sydney_opera_house",1.0,1.0,.95,.9333,.9,.92,.16,.28,.32,.52,.56,.6,.2759,.4375,.4787,.6679,.6904,.7263
79,"teotihuacan",1.0,.9,.6,.6333,.65,.7,.2,.32,.32,.44,.48,.56,.3333,.4721,.4174,.5193,.5522,.6222
80,"terracotta_army",1.0,1.0,.55,.5,.575,.62,.25,.4,.4,.45,.6,.75,.4,.5714,.4632,.4737,.5872,.6788
81,"the_blue_mosque",.8,.9,.95,.9333,.95,.96,.12,.2,.36,.52,.6,.68,.2087,.3273,.5221,.6679,.7355,.7961
82,"the_henry_ford",.8,.8,.6,.7,.675,.7,.12,.24,.28,.48,.64,.72,.2087,.3692,.3818,.5695,.657,.7099
83,"taj_mahal",1.0,.9,.95,.9333,.925,.92,.2,.32,.4,.56,.6,.68,.3333,.4721,.563,.7,.7279,.782
84,"tour_montparnasse",.8,.7,.6,.4333,.4,.38,.2,.3,.45,.45,.5,.5,.32,.42,.5143,.4415,.4444,.4318
85,"tower_bridge_london",1.0,.9,.75,.6,.6,.6,.12,.28,.44,.44,.6,.68,.2143,.4271,.5546,.5077,.6,.6375
86,"trafalgar_square",.8,.6,.45,.5,.475,.46,.1818,.2727,.3182,.4545,.4545,.4545,.2963,.375,.3728,.4762,.4645,.4573
87,"leaning_tower_of_pisa",.6,.5,.45,.4667,.575,.66,.12,.16,.32,.36,.52,.56,.2,.2424,.374,.4065,.5461,.6059
88,"hermitage_museum_saint_petersburg",1.0,.9,.75,.8333,.825,.84,.16,.24,.44,.6,.6,.6,.2759,.3789,.5546,.6977,.6947,.7
89,"jantar_mantar_jaipur",.8,.6,.8,.7667,.75,.76,.16,.24,.44,.64,.68,.76,.2667,.3429,.5677,.6976,.7133,.76
90,"lake_titicaca_peru",.6,.6,.4,.4,.5,.5,.0833,.2083,.25,.3333,.5,.625,.1463,.3093,.3077,.3636,.5,.5556
91,"the_great_wall_of_china",.8,.8,.85,.9,.825,.8,.16,.24,.36,.48,.52,.6,.2667,.3692,.5058,.6261,.6379,.6857
92,"grande_arche_paris",.6,.7,.55,.7,.65,.68,.12,.2,.24,.4,.52,.6,.2,.3111,.3342,.5091,.5778,.6375
93,"el_angel_mexico",.6,.8,.65,.6667,.6,.48,.1429,.2381,.381,.619,.6667,.6667,.2308,.367,.4804,.642,.6316,.5581
94,"bibliotheque_nationale_de_france",.6,.7,.8,.7,.775,.76,.12,.12,.36,.44,.52,.6,.2,.2049,.4966,.5404,.6224,.6706
95,"kronborg_castle",.6,.6,.65,.6333,.725,.78,.125,.1667,.375,.5417,.625,.625,.2069,.2609,.4756,.5839,.6713,.694
96,"ajanta_caves",1.0,.9,.95,.9667,.975,.94,.2273,.2273,.5,.5909,.6818,.6818,.3704,.3629,.6552,.7335,.8025,.7904
97,"atomium",.8,.9,.95,.9667,.95,.9,.1905,.2857,.381,.4286,.5714,.619,.3077,.4337,.5438,.5939,.7136,.7335
98,"ellora_caves",1.0,1.0,.95,.9667,.95,.96,.1818,.2727,.4545,.5455,.5455,.5909,.3077,.4286,.6149,.6974,.693,.7315
99,"potala_palace",.8,.9,.9,.8333,.725,.72,.1667,.2222,.3333,.4444,.5556,.5556,.2759,.3564,.4865,.5797,.6291,.6272
100,"jokhang",.8,.8,.8,.8333,.85,.82,.16,.32,.52,.64,.72,.8,.2667,.4571,.6303,.724,.7796,.8099
101,"rila_monastery",.6,.7,.85,.9,.925,.94,.12,.28,.36,.4,.44,.48,.2,.4,.5058,.5538,.5963,.6355
102,"louvre_pyramid",1.0,1.0,.95,.9333,.95,.88,.1667,.3333,.4444,.5556,.5556,.6111,.2857,.5,.6056,.6965,.7011,.7213
103,"brooklyn_bridge",1.0,1.0,.9,.8333,.875,.88,.1429,.2381,.3333,.381,.4762,.619,.25,.3846,.4865,.5229,.6167,.7268
104,"tower_of_london",.8,.8,.75,.7,.65,.68,.1304,.2174,.2609,.3913,.5217,.6087,.2243,.3419,.3871,.502,.5788,.6424
105,"british_museum_london",1.0,1.0,1.0,.9333,.95,.96,.15,.2,.4,.45,.55,.65,.2609,.3333,.5714,.6072,.6967,.7752
106,"buckingham_palace",.6,.7,.4,.3667,.325,.3,.1,.15,.15,.25,.3,.3,.1714,.2471,.2182,.2973,.312,.3
107,"charles_bridge_prague",.8,.9,.65,.5667,.575,.54,.125,.2083,.2917,.4167,.5,.5417,.2162,.3383,.4027,.4802,.5349,.5408
108,"champs_elysees_paris",.4,.3,.35,.4667,.45,.42,.1333,.2,.2667,.4,.5333,.6,.2,.24,.3027,.4308,.4881,.4941
109,"chrysler_building",1.0,1.0,1.0,1.0,.975,.98,.2857,.5,.5714,.7857,.9286,.9286,.4444,.6667,.7273,.88,.9512,.9536
110,"moma_new_york",.8,.9,.95,.9,.875,.86,.2105,.2632,.4737,.5263,.6316,.7368,.3333,.4072,.6322,.6642,.7336,.7937
111,"grand_central_terminal",1.0,1.0,1.0,.9667,.975,.94,.1429,.2381,.2381,.3333,.4286,.4286,.25,.3846,.3846,.4957,.5954,.5887
112,"houses_of_parliament",1.0,1.0,1.0,1.0,.925,.9,.2174,.3043,.3913,.4348,.4783,.5652,.3571,.4667,.5625,.6061,.6305,.6944
113,"alexanderplatz_berlin",.4,.3,.6,.6667,.7,.66,.08,.12,.32,.4,.48,.52,.1333,.1714,.4174,.5,.5695,.5817
114,"centre_pompidou",1.0,.9,.8,.7,.775,.76,.2778,.3333,.3889,.4444,.7778,.8333,.4348,.4865,.5234,.5437,.7764,.795
115,"sydney_harbour_bridge",1.0,1.0,1.0,1.0,.975,.98,.3125,.4375,.5,.625,.625,.625,.4762,.6087,.6667,.7692,.7617,.7632
116,"pier_39",1.0,1.0,1.0,.8333,.825,.82,.2381,.3333,.4762,.5714,.5714,.5714,.3846,.5,.6452,.678,.6752,.6735
117,"coit_tower",.4,.6,.55,.6333,.6,.68,.1333,.2,.3333,.4667,.5333,.6,.2,.3,.4151,.5374,.5647,.6375
118,"st_paul_s_cathedral_london",1.0,1.0,.95,.8667,.875,.8,.2353,.2941,.5294,.7059,.7059,.8235,.381,.4545,.6799,.7781,.7814,.8116
119,"cloud_gate",.4,.7,.5,.6,.65,.66,.1667,.3333,.3333,.5833,.5833,.75,.2353,.4516,.4,.5915,.6149,.7021
120,"musee_d_orsay",1.0,.9,.85,.9,.925,.92,.1905,.2381,.3333,.3333,.4286,.5238,.32,.3766,.4789,.4865,.5858,.6675
121,"pike_place_market",.8,.8,.8,.7667,.75,.8,.1429,.2857,.4762,.5714,.619,.6667,.2424,.4211,.597,.6548,.6783,.7273
122,"royal_palace_madrid",.8,.9,.85,.8333,.875,.84,.1818,.2727,.2727,.5,.6818,.7273,.2963,.4186,.413,.625,.7664,.7796
123,"sony_center_berlin",.8,.9,.95,.9667,.975,.92,.0952,.1905,.3333,.381,.4286,.4762,.1702,.3144,.4935,.5465,.5954,.6276
124,"red_square_moscow",.8,.7,.65,.7667,.725,.7,.1905,.1905,.3333,.4762,.5714,.619,.3077,.2995,.4407,.5875,.6391,.657
125,"prague_castle",.8,.8,.85,.8333,.825,.82,.12,.24,.44,.48,.6,.72,.2087,.3692,.5798,.6091,.6947,.7668
126,"musee_du_louvre",1.0,1.0,1.0,1.0,1.0,.98,.2,.32,.48,.64,.68,.76,.3333,.4848,.6486,.7805,.8095,.8561
127,"millennium_bridge_london",1.0,.8,.75,.7667,.8,.74,.16,.2,.32,.36,.48,.48,.2759,.32,.4486,.4899,.6,.5823
128,"casa_mila",1.0,1.0,1.0,.9333,.925,.94,.16,.24,.48,.48,.52,.6,.2759,.3871,.6486,.634,.6657,.7325
129,"national_gallery_london",.8,.9,.6,.7,.7,.6,.1364,.2727,.3182,.5,.6364,.6364,.233,.4186,.4158,.5833,.6667,.6176
130,"national_mall",1.0,1.0,.95,.9,.925,.82,.2,.36,.48,.64,.84,.92,.3333,.5294,.6378,.7481,.8805,.8671
131,"london_city_hall",1.0,1.0,1.0,.9333,.85,.74,.25,.4,.55,.6,.65,.7,.4,.5714,.7097,.7304,.7367,.7194
132,"holocaust_memorial",.6,.8,.7,.6333,.575,.46,.125,.3125,.5625,.625,.75,.75,.2069,.4494,.6238,.6291,.6509,.5702
133,"columbus_circle",.6,.8,.7,.6,.55,.54,.12,.28,.48,.48,.6,.68,.2,.4148,.5695,.5333,.5739,.602
134,"siegessaeule",.6,.8,.8,.6333,.525,.46,.12,.2,.44,.52,.52,.52,.2,.32,.5677,.5711,.5225,.4882
135,"jardin_du_luxembourg",1.0,1.0,1.0,1.0,.95,.96,.2,.36,.52,.64,.68,.72,.3333,.5294,.6842,.7805,.7926,.8229
136,"merlion_singapore",.4,.3,.3,.3667,.45,.54,.0909,.1364,.2727,.4091,.5909,.6818,.1481,.1875,.2857,.3867,.5109,.6027
137,"harrods_london",1.0,1.0,.85,.8667,.9,.92,.16,.28,.44,.52,.64,.76,.2759,.4375,.5798,.65,.7481,.8324
138,"metropolitan_museum_of_art_new_york",.8,.9,.9,.9333,.95,.96,.12,.28,.44,.56,.68,.72,.2087,.4271,.591,.7,.7926,.8229
139,"new_york_stock_exchange",1.0,.9,.8,.6333,.55,.58,.2,.25,.35,.45,.45,.55,.3333,.3913,.487,.5262,.495,.5646
140,"stephansdom_vienna",1.0,1.0,1.0,1.0,1.0,.98,.16,.28,.44,.56,.6,.64,.2759,.4375,.6111,.7179,.75,.7743
141,"hms_belfast",1.0,1.0,1.0,.9,.925,.92,.12,.28,.44,.56,.68,.8,.2143,.4375,.6111,.6904,.7838,.8558
142,"leicester_square",.8,.9,.8,.7333,.775,.72,.12,.16,.32,.4,.48,.56,.2087,.2717,.4571,.5176,.5928,.63
143,"ciudad_de_las_artes_y_las_ciencias",1.0,.9,.9,.9,.925,.94,.16,.24,.4,.52,.6,.72,.2759,.3789,.5538,.6592,.7279,.8154
144,"topkapi_palace",1.0,.9,.95,.9333,.95,.94,.2,.28,.36,.48,.64,.72,.3333,.4271,.5221,.634,.7648,.8154
145,"royal_albert_hall",.8,.9,.75,.7333,.6,.62,.08,.2,.28,.36,.4,.48,.1455,.3273,.4078,.4829,.48,.5411
146,"st_vitus_cathedral",.8,.9,.95,.9667,.925,.94,.16,.28,.48,.52,.68,.72,.2667,.4271,.6378,.6762,.7838,.8154
147,"castello_sforzesco",1.0,.9,.9,.9,.875,.9,.16,.2,.4,.44,.52,.52,.2759,.3273,.5538,.591,.6523,.6592
148,"rijksmuseum_amsterdam",1.0,1.0,1.0,1.0,.95,.96,.2,.2,.36,.52,.56,.76,.3333,.3333,.5294,.6842,.7046,.8484
149,"dam_square",.8,.9,.85,.6667,.55,.6,.08,.24,.32,.4,.4,.56,.1455,.3789,.465,.5,.4632,.5793
150,"rathaus_vienna",1.0,1.0,.9,.7,.625,.6,.16,.16,.24,.32,.44,.48,.2759,.2759,.3789,.4392,.5164,.5333
151,"bath_abbey",1.0,1.0,1.0,1.0,.975,.92,.2,.32,.44,.52,.56,.68,.3333,.4848,.6111,.6842,.7114,.782
152,"salisbury_cathedral",1.0,1.0,1.0,1.0,1.0,.96,.2,.28,.44,.48,.48,.52,.3333,.4375,.6111,.6486,.6486,.6746
153,"templo_de_debod",.2,.3,.3,.5,.475,.52,.0455,.0455,.1818,.2727,.3182,.4091,.0741,.0789,.2264,.3529,.3811,.4579
154,"Niagara_Falls",.8,.6,.7,.7,.725,.7,.1818,.2273,.4091,.5455,.6364,.6364,.2963,.3297,.5164,.6131,.6778,.6667
155,"Golden_Gate_Bridge_in_San_Francisco",1.0,.9,.9,.9333,.95,.94,.1818,.1818,.3182,.5455,.7273,.7727,.3077,.3025,.4701,.6885,.8238,.8482
156,"Neuschwanstein_Castle",1.0,1.0,.95,.9333,.95,.96,.16,.2,.4,.48,.64,.72,.2759,.3333,.563,.634,.7648,.8229
157,"Christ_Church_Cathedral_Missouri",.8,.9,.95,.9667,.9,.76,.12,.28,.44,.52,.52,.52,.2087,.4271,.6014,.6762,.6592,.6175
158,"Mount_Rushmore_in_South_Dakota",.8,.9,.95,.9667,.925,.86,.16,.24,.4,.6,.6,.64,.2667,.3789,.563,.7404,.7279,.7339
159,"Puerta_de_Toledo",.2,.1,.05,.0333,.025,.02,.5,.5,.5,.5,.5,.5,.2857,.1667,.0909,.0625,.0476,.0385
160,"Urquhart_Castle",.8,.7,.7,.7667,.8,.82,.125,.25,.4167,.625,.6667,.75,.2162,.3684,.5224,.6886,.7273,.7834
161,"Gare_du_Nord_Paris",.8,.8,.85,.8667,.8,.72,.16,.28,.32,.36,.48,.52,.2667,.4148,.465,.5087,.6,.6039
162,"Newgrange_in_Ireland",.8,.6,.7,.7,.65,.72,.1667,.25,.4167,.5,.5,.5417,.2759,.3529,.5224,.5833,.5652,.6182
163,"Windmills_at_Kinderdijk",1.0,1.0,.9,.8667,.825,.86,.2,.28,.44,.52,.56,.64,.3333,.4375,.591,.65,.6671,.7339
164,"Conciergerie",1.0,1.0,1.0,1.0,.975,.96,.12,.24,.52,.64,.72,.76,.2143,.3871,.6842,.7805,.8283,.8484
165,"Palazzo_Madama",.6,.6,.7,.6667,.6,.6,.1364,.1818,.3636,.4545,.4545,.6364,.2222,.2791,.4786,.5405,.5172,.6176
166,"Split_Rock_Lighthouse",1.0,1.0,.9,.8667,.85,.82,.16,.2,.32,.44,.56,.6,.2759,.3333,.4721,.5837,.6752,.693
167,"The_Little_Mermaid_Denmark",1.0,.9,.9,.7667,.7,.56,.2143,.2857,.6429,.7143,.7143,.7143,.3529,.4337,.75,.7395,.7071,.6278
168,"Great_Pyramid_of_Giza",.8,.7,.7,.6333,.625,.66,.2667,.4,.4667,.6667,.7333,.7333,.4,.5091,.56,.6496,.6748,.6947
169,"Pitti_Palace",.8,.8,.85,.7,.65,.56,.1818,.3636,.5,.5455,.5909,.6364,.2963,.5,.6296,.6131,.619,.5957
170,"Georgia_State_Capitol",.8,.9,.55,.3667,.275,.22,.1579,.2632,.2632,.2632,.2632,.2632,.2637,.4072,.356,.3064,.2689,.2397
171,"Dome_des_Invalides",1.0,1.0,1.0,1.0,1.0,1.0,.2,.36,.4,.4,.52,.6,.3333,.5294,.5714,.5714,.6842,.75
172,"Reggia_di_Caserta",.8,.5,.45,.5,.5,.56,.16,.2,.28,.44,.56,.72,.2667,.2857,.3452,.4681,.5283,.63
173,"The_Burj_al_Arab_Hotel",.8,.7,.8,.7667,.8,.84,.16,.24,.4,.48,.6,.68,.2667,.3574,.5333,.5904,.6857,.7516
174,"Elephanta_Caves",.8,.9,.9,.9333,.9,.84,.125,.25,.5,.6667,.7083,.75,.2162,.3913,.6429,.7778,.7927,.7925
175,"Basilica_of_Santa_Croce",.8,.9,.95,.9667,.975,.98,.12,.16,.36,.4,.4,.48,.2087,.2717,.5221,.5659,.5673,.6444
176,"Aachen_Cathedral",1.0,1.0,.95,.9667,.975,.96,.12,.28,.48,.52,.64,.68,.2143,.4375,.6378,.6762,.7728,.7961
177,"Monument_to_the_Great_Fire_of_London",.8,.7,.45,.5667,.6,.62,.16,.28,.32,.48,.6,.64,.2667,.4,.374,.5197,.6,.6298
178,"Longmen_Grottoes",.8,.8,.65,.6333,.625,.64,.16,.28,.48,.56,.72,.8,.2667,.4148,.5522,.5944,.6691,.7111
179,"Louisiana_State_Capitol",.4,.4,.3,.2667,.375,.4,.08,.12,.2,.24,.52,.64,.1333,.1846,.24,.2526,.4358,.4923
180,"The_Great_Sphinx_at_Giza",1.0,1.0,.8,.8333,.875,.9,.2,.28,.36,.52,.72,.76,.3333,.4375,.4966,.6404,.79,.8241
181,"Teatro_Real_Madrid",.8,.9,.85,.5667,.55,.6,.1739,.3478,.5217,.5217,.5652,.6957,.2857,.5017,.6466,.5433,.5575,.6443
182,"Palacio_de_la_Magdalena",.6,.8,.85,.8,.75,.66,.12,.28,.36,.56,.6,.64,.2,.4148,.5058,.6588,.6667,.6498
183,"Sowjetisches_Ehrenmal",.6,.5,.65,.7667,.8,.76,.12,.2,.4,.48,.72,.8,.2,.2857,.4952,.5904,.7579,.7795
184,"Cathedral_of_Trier",.8,.9,.95,.8,.85,.86,.16,.28,.56,.72,.84,.92,.2667,.4271,.7046,.7579,.845,.889
185,"Saint_Mary_of_the_Flower",.0,.0,.15,.2,.4,.42,.0,.0,.12,.2,.44,.52,.0,.0,.1333,.2,.419,.4647
186,"Skellig_Michael",.8,.7,.75,.6667,.65,.66,.16,.24,.44,.48,.52,.56,.2667,.3574,.5546,.5581,.5778,.6059
187,"Chicago_Board_of_Trade_Building",1.0,1.0,.95,.8,.6,.62,.1364,.2727,.5,.5909,.5909,.6818,.24,.4286,.6552,.6797,.5954,.6494
188,"Pont_de_Normandie_France",1.0,1.0,1.0,.9667,.95,.82,.2632,.4211,.6316,.7368,.9474,.9474,.4167,.5926,.7742,.8363,.9487,.8791
189,"Palazzo_Rosso",.0,.0,.05,.1333,.15,.12,.0,.0,.0417,.1667,.2083,.2083,.0,.0,.0455,.1481,.1744,.1523
190,"Piazza_Vittorio_Veneto",.8,.7,.4,.4,.45,.42,.1875,.3125,.375,.4375,.6875,.8125,.3038,.4321,.3871,.4179,.544,.5538
191,"Sforza_Castle",.8,.9,.95,.9667,.925,.92,.16,.28,.44,.56,.64,.68,.2667,.4271,.6014,.7092,.7565,.782
192,"Torres_KIO",.6,.8,.85,.9,.8,.78,.08,.24,.36,.52,.56,.64,.1412,.3692,.5058,.6592,.6588,.7031
193,"Torre_Picasso",1.0,1.0,.9,.7,.7,.76,.1667,.3333,.5417,.5417,.625,.6667,.2857,.5,.6763,.6107,.6604,.7103
194,"The_Palace_of_Parliament_in_Bucharest",.8,.9,.95,.9667,.975,.86,.16,.16,.24,.52,.72,.72,.2667,.2717,.3832,.6762,.8283,.7838
195,"Ernest_Hemingway_House",1.0,1.0,1.0,.8667,.825,.84,.16,.2,.32,.44,.52,.64,.2759,.3333,.4848,.5837,.6379,.7265
196,"Castel_dellOvo_Napoli",.8,.7,.8,.8,.8,.8,.16,.24,.44,.52,.6,.68,.2667,.3574,.5677,.6303,.6857,.7351
197,"Villa_Borghese_gardens",1.0,1.0,1.0,1.0,.975,.98,.16,.32,.56,.68,.72,.8,.2759,.4848,.7179,.8095,.8283,.8809
198,"Saint_Marks_Basilica",1.0,1.0,1.0,1.0,1.0,.9,.12,.24,.28,.32,.4,.48,.2143,.3871,.4375,.4848,.5714,.6261
199,"Mausoleum_of_the_First_Qin_Emperor",.6,.8,.75,.8333,.8,.82,.12,.24,.4,.52,.52,.68,.2,.3692,.5217,.6404,.6303,.7435
200,"Mausoleum_of_Hadrian",1.0,.8,.9,.8,.625,.5,.2222,.2778,.4444,.5556,.5556,.5556,.3636,.4124,.595,.6557,.5882,.5263
201,"Piazza_de_Ferrari",1.0,1.0,.95,.9333,.85,.86,.2632,.3158,.3684,.5263,.5789,.5789,.4167,.48,.5309,.6731,.6888,.692
202,"George_Washington_Carver",.6,.8,.8,.7333,.65,.66,.1875,.3125,.5625,.625,.6875,.75,.2857,.4494,.6606,.6748,.6682,.7021
203,"Cathedral_of_Santiago_de_Compostela",.8,.9,.85,.8333,.825,.68,.1176,.1765,.5294,.5882,.6471,.6471,.2051,.2951,.6525,.6897,.7253,.6631
204,"Saint-Jacques_Tower",1.0,.9,.85,.7333,.75,.74,.2308,.2308,.2308,.3077,.6154,.8462,.375,.3673,.363,.4335,.6761,.7895
205,"Calakmul_Campeche_Mexico",.8,.9,.9,.8667,.775,.76,.2143,.3571,.5,.6429,.7143,.8571,.338,.5114,.6429,.7382,.7434,.8057
206,"Bran_Castle_in_Transylvania",1.0,1.0,.9,.9333,.925,.86,.2105,.3158,.3684,.5789,.6842,.7368,.3478,.48,.5228,.7146,.7866,.7937
207,"Mosteiro_da_Batalha",1.0,1.0,1.0,1.0,1.0,1.0,.2632,.3684,.5263,.5263,.6316,.6842,.4167,.5385,.6897,.6897,.7742,.8125
208,"Wartburg_Castle",1.0,1.0,.95,.9667,.925,.9,.15,.3,.45,.7,.8,.8,.2609,.4615,.6107,.812,.858,.8471
209,"Fujian_Tulou_Fujian_China",.8,.9,.95,.9333,.95,.94,.1111,.2778,.5,.6667,.6667,.8333,.1951,.4245,.6552,.7778,.7835,.8835
210,"Alabama_State_Capitol",.4,.6,.75,.7667,.775,.78,.0952,.2857,.5238,.5714,.6667,.7143,.1538,.3871,.6168,.6548,.7168,.7457
211,"Palazzo_dAccursio",.8,.9,.8,.7667,.725,.6,.1667,.2222,.2222,.3889,.5,.5,.2759,.3564,.3478,.516,.5918,.5455
212,"Casa_Grande_Ruins",.6,.7,.75,.8,.825,.78,.1176,.2353,.2941,.3529,.4118,.4118,.1967,.3522,.4225,.4898,.5493,.539
213,"Stravinsky_Fountain",.8,.9,.95,.9667,.875,.88,.2,.3333,.4667,.5333,.5333,.5333,.32,.4865,.6259,.6874,.6627,.6642
214,"Angel_Falls_Venezuela",.8,.7,.55,.6,.6,.56,.2353,.2353,.4118,.6471,.6471,.7059,.3636,.3522,.4709,.6226,.6226,.6245
215,"Statue_of_George_IV",.6,.5,.5,.4667,.375,.3,.375,.5,.625,.75,.75,.75,.4615,.5,.5556,.5753,.5,.4286
216,"Palacio_Barolo",.8,.8,.9,.9333,.95,.94,.2353,.2941,.4706,.5294,.7059,.7647,.3636,.4301,.618,.6756,.8099,.8433
217,"Bridge_of_Remembrance_Christchurch_New_Zealand",.8,.9,.95,.7667,.675,.54,.3333,.5,.9167,.9167,.9167,.9167,.4706,.6429,.933,.835,.7775,.6796
218,"John_A._Roebling_Suspension_Bridge",.2,.3,.4,.5,.5,.52,.0667,.1333,.4,.5333,.6667,.8,.1,.1846,.4,.5161,.5714,.6303
219,"Blue_Dome_Santorini",.8,.8,.9,.9333,.825,.86,.25,.4375,.5625,.8125,.8125,.875,.381,.5657,.6923,.8687,.8187,.8674
220,"Fossar_de_les_Moreres",.4,.7,.55,.4667,.35,.28,.1429,.4286,.5714,.5714,.5714,.5714,.2105,.5316,.5605,.5138,.4341,.3758
221,"Luxor_Obelisk_France",1.0,.7,.7,.6667,.725,.74,.1875,.25,.3125,.375,.375,.4375,.3158,.3684,.4321,.48,.4943,.5499
222,"Valle_de_los_Caidos",1.0,.9,.9,.9,.875,.9,.2,.3,.55,.6,.65,.8,.3333,.45,.6828,.72,.7459,.8471
--------------------
"--","Avg.",P@5,P@10,P@20,P@30,P@40,P@50,CR@5,CR@10,CR@20,CR@30,CR@40,CR@50,F1@5,F1@10,F1@20,F1@30,F1@40,F1@50
,.,7991,.8054,.7831,.7695,.7556,.7441,.1561,.251,.3967,.5028,.5853,.6529,.2563,.3753,.5165,.5963,.6458,.6807
