--------------------
"Run name","output_runFCTHDtrs"
--------------------
"Average P@20 = ",.7865
"Average CR@20 = ",.39
"Average F1@20 = ",.5076
--------------------
"Query Id ","Location name",P@5,P@10,P@20,P@30,P@40,P@50,CR@5,CR@10,CR@20,CR@30,CR@40,CR@50,F1@5,F1@10,F1@20,F1@30,F1@40,F1@50
1,"angel_of_the_north",1.0,1.0,1.0,1.0,1.0,1.0,.12,.24,.32,.48,.64,.72,.2143,.3871,.4848,.6486,.7805,.8372
2,"big_ben",1.0,1.0,.85,.9,.9,.92,.0909,.0909,.2727,.5,.6364,.6364,.1667,.1667,.413,.6429,.7456,.7523
3,"hearst_castle",1.0,.9,.85,.9,.925,.94,.1667,.3333,.5,.7083,.7917,.875,.2857,.4865,.6296,.7927,.8532,.9063
4,"la_madeleine",.8,.7,.4,.3333,.275,.3,.2857,.3571,.4286,.5,.5,.6429,.4211,.473,.4138,.4,.3548,.4091
5,"pont_alexandre_iii",1.0,1.0,1.0,.9667,.975,.98,.16,.2,.4,.48,.56,.6,.2759,.3333,.5714,.6415,.7114,.7443
6,"neues_museum",.2,.1,.1,.2333,.425,.54,.04,.04,.08,.2,.36,.56,.0667,.0571,.0889,.2154,.3898,.5498
7,"montezuma_castle",.2,.6,.55,.4333,.525,.6,.0833,.3333,.5,.5,.6667,.6667,.1176,.4286,.5238,.4643,.5874,.6316
8,"cn_tower",.4,.5,.7,.8,.675,.66,.0833,.2083,.4167,.5833,.625,.7083,.1379,.2941,.5224,.6747,.649,.6833
9,"acropolis_athens",.8,.8,.85,.8333,.85,.84,.1905,.3333,.381,.4762,.5238,.5238,.3077,.4706,.5261,.6061,.6482,.6453
10,"agra_fort",1.0,.9,.95,.9333,.925,.9,.16,.28,.56,.64,.68,.72,.2759,.4271,.7046,.7593,.7838,.8
11,"albert_memorial",.8,.6,.75,.6667,.75,.74,.0455,.0909,.3182,.3182,.3636,.4091,.086,.1579,.4468,.4308,.4898,.5269
12,"altes_museum",.6,.4,.35,.5667,.55,.54,.125,.125,.1667,.4583,.5833,.5833,.2069,.1905,.2258,.5068,.5662,.5608
13,"amiens_cathedral",1.0,1.0,1.0,.9667,.95,.96,.2,.24,.44,.64,.72,.8,.3333,.3871,.6111,.7701,.8192,.8727
14,"angkor_wat",.6,.7,.75,.8333,.85,.76,.12,.2,.44,.56,.72,.76,.2,.3111,.5546,.6699,.7796,.76
15,"ara_pacis",1.0,.9,.7,.7667,.7,.68,.2273,.3182,.4091,.5455,.5909,.6818,.3704,.4701,.5164,.6374,.6408,.6809
16,"arc_de_triomphe",1.0,1.0,.95,.8667,.825,.8,.1667,.25,.3333,.4583,.5417,.7083,.2857,.4,.4935,.5996,.654,.7514
17,"aztec_ruins",.0,.0,.2,.2333,.325,.32,.0,.0,.12,.16,.32,.4,.0,.0,.15,.1898,.3225,.3556
18,"berlin_cathedral",1.0,1.0,1.0,.9667,.95,.9,.2,.36,.48,.64,.68,.72,.3333,.5294,.6486,.7701,.7926,.8
19,"bok_tower_gardens",.8,.9,.9,.9333,.85,.88,.08,.24,.52,.64,.64,.64,.1455,.3789,.6592,.7593,.7302,.7411
20,"brandenburg_gate",1.0,1.0,1.0,1.0,1.0,.98,.2,.28,.28,.36,.52,.6,.3333,.4375,.4375,.5294,.6842,.7443
21,"cabrillo",.0,.4,.4,.2667,.2,.16,.0,.2308,.5385,.5385,.5385,.5385,.0,.2927,.459,.3567,.2917,.2467
22,"casa_batllo",1.0,1.0,1.0,1.0,1.0,1.0,.16,.2,.4,.6,.64,.68,.2759,.3333,.5714,.75,.7805,.8095
23,"casa_rosada",1.0,.9,.85,.9,.9,.92,.2,.28,.4,.6,.76,.84,.3333,.4271,.544,.72,.8241,.8782
24,"castillo_de_san_marcos",.8,.7,.65,.7667,.625,.68,.12,.16,.36,.48,.48,.68,.2087,.2605,.4634,.5904,.543,.68
25,"chartres_cathedral",1.0,1.0,1.0,1.0,.925,.92,.16,.32,.44,.6,.72,.76,.2759,.4848,.6111,.75,.8097,.8324
26,"chichen_itza",.6,.7,.7,.7667,.8,.84,.12,.2,.32,.44,.48,.6,.2,.3111,.4392,.5591,.6,.7
27,"christ_the_redeemer_rio",.6,.6,.75,.6,.525,.48,.087,.1304,.3043,.4348,.4783,.5217,.1519,.2143,.433,.5042,.5005,.5
28,"civic_center_san_francisco",1.0,1.0,.85,.8333,.85,.72,.2,.28,.44,.56,.64,.64,.3333,.4375,.5798,.6699,.7302,.6776
29,"cologne_cathedral",1.0,1.0,.95,.9667,.95,.94,.16,.32,.48,.56,.64,.68,.2759,.4848,.6378,.7092,.7648,.7891
30,"colosseum",1.0,1.0,.95,.9,.85,.88,.12,.28,.36,.48,.56,.6,.2143,.4375,.5221,.6261,.6752,.7135
31,"doge_s_palace",1.0,1.0,.8,.8667,.875,.88,.2,.32,.36,.44,.44,.44,.3333,.4848,.4966,.5837,.5856,.5867
32,"eiffel_tower",1.0,1.0,1.0,.9667,.95,.96,.12,.2,.32,.48,.48,.48,.2143,.3333,.4848,.6415,.6378,.64
33,"golden_gate_bridge",.8,.9,.8,.8333,.8,.74,.1304,.1739,.3478,.3913,.4783,.5217,.2243,.2915,.4848,.5325,.5986,.612
34,"grand_palais",1.0,1.0,.9,.9333,.925,.94,.2273,.2727,.3636,.5455,.5909,.5909,.3704,.4286,.518,.6885,.7211,.7257
35,"guggenheim_museum_bilbao",1.0,1.0,1.0,1.0,1.0,.98,.08,.2,.4,.48,.48,.6,.1481,.3333,.5714,.6486,.6486,.7443
36,"hagia_sophia_istanbul",1.0,1.0,.95,.9333,.95,.96,.12,.16,.44,.64,.68,.72,.2143,.2759,.6014,.7593,.7926,.8229
37,"hoover_dam",1.0,1.0,.9,.9,.925,.92,.16,.32,.44,.48,.56,.68,.2759,.4848,.591,.6261,.6976,.782
38,"humayun_tomb",.4,.5,.65,.7333,.725,.74,.08,.16,.4,.56,.6,.68,.1333,.2424,.4952,.6351,.6566,.7087
39,"iguazu_falls",.4,.7,.65,.7333,.725,.74,.08,.24,.32,.48,.56,.64,.1333,.3574,.4289,.5802,.6319,.6864
40,"iolani_palace",.8,.9,.75,.7,.775,.68,.12,.24,.4,.48,.6,.6,.2087,.3789,.5217,.5695,.6764,.6375
41,"la_mezquita",1.0,.8,.7,.7667,.75,.76,.1667,.25,.375,.5,.6667,.7083,.2857,.381,.4884,.6053,.7059,.7333
42,"la_rambla_barcelona",1.0,1.0,.9,.9333,.95,.92,.2,.32,.36,.48,.52,.6,.3333,.4848,.5143,.634,.6721,.7263
43,"la_sainte_chapelle",1.0,1.0,.95,.9333,.95,.96,.2,.28,.52,.56,.68,.84,.3333,.4375,.6721,.7,.7926,.896
44,"liberty_memorial",.4,.5,.5,.4667,.5,.56,.08,.12,.24,.28,.36,.44,.1333,.1935,.3243,.35,.4186,.4928
45,"lincoln_home",.8,.9,.95,.9667,.925,.92,.1111,.2778,.4444,.6667,.7222,.8889,.1951,.4245,.6056,.7891,.8111,.9042
46,"machu_picchu",.8,.9,.85,.7667,.8,.8,.12,.2,.32,.4,.52,.68,.2087,.3273,.465,.5257,.6303,.7351
47,"marble_arch_london",.4,.5,.55,.5333,.5,.42,.1667,.3333,.5,.5833,.75,.8333,.2353,.4,.5238,.5572,.6,.5585
48,"milan_cathedral",.6,.7,.85,.8667,.875,.88,.12,.28,.4,.48,.6,.68,.2,.4,.544,.6178,.7119,.7672
49,"mole_antonelliana",.6,.8,.7,.8,.75,.76,.08,.2,.28,.32,.44,.52,.1412,.32,.4,.4571,.5546,.6175
50,"mont_saint_michel",.8,.9,.95,.9667,.975,.96,.12,.24,.36,.48,.52,.6,.2087,.3789,.5221,.6415,.6783,.7385
51,"moulin_rouge",.0,.0,.05,.1333,.15,.12,.0,.0,.125,.375,.375,.375,.0,.0,.0714,.1967,.2143,.1818
52,"nelson_s_column",.8,.9,.95,.8667,.9,.9,.125,.2083,.375,.4167,.5417,.625,.2162,.3383,.5377,.5628,.6763,.7377
53,"notre_dame_de_paris",1.0,.9,.9,.8333,.875,.88,.12,.12,.32,.44,.52,.64,.2143,.2118,.4721,.5759,.6523,.7411
54,"obelisco",.2,.1,.15,.1333,.125,.14,.0909,.0909,.2727,.3636,.3636,.3636,.125,.0952,.1935,.1951,.186,.2022
55,"piccadilly_circus",.6,.8,.8,.8667,.85,.84,.1304,.2609,.4348,.5652,.6522,.6957,.2143,.3934,.5634,.6842,.7381,.761
56,"place_de_la_concorde",1.0,1.0,1.0,.9333,.95,.96,.2,.36,.48,.52,.6,.64,.3333,.5294,.6486,.6679,.7355,.768
57,"place_de_la_republique",.4,.2,.35,.3,.25,.24,.25,.25,.625,.625,.625,.875,.3077,.2222,.4487,.4054,.3571,.3767
58,"place_des_vosges",1.0,.7,.5,.5667,.6,.66,.2,.28,.36,.4,.48,.52,.3333,.4,.4186,.469,.5333,.5817
59,"pont_du_gard",.8,.9,.9,.8667,.85,.86,.12,.24,.36,.44,.6,.64,.2087,.3789,.5143,.5837,.7034,.7339
60,"pont_neuf",.8,.7,.55,.6333,.675,.68,.12,.2,.24,.36,.56,.68,.2087,.3111,.3342,.4591,.6121,.68
61,"ponte_vecchio",1.0,1.0,.95,.8667,.85,.84,.2083,.2917,.4583,.5,.5417,.6667,.3448,.4516,.6183,.6341,.6617,.7434
62,"puerta_de_alcala",.2,.4,.4,.5667,.625,.64,.0526,.2105,.3158,.3158,.4737,.6316,.0833,.2759,.3529,.4056,.5389,.6358
63,"puerta_del_sol",.4,.7,.7,.5667,.5,.44,.1,.25,.35,.45,.45,.45,.16,.3684,.4667,.5016,.4737,.4449
64,"red_fort",1.0,1.0,1.0,1.0,1.0,1.0,.16,.28,.36,.6,.64,.64,.2759,.4375,.5294,.75,.7805,.7805
65,"reims_cathedral",1.0,1.0,1.0,1.0,1.0,.98,.08,.24,.4,.52,.56,.72,.1481,.3871,.5714,.6842,.7179,.8301
66,"rialto_bridge",1.0,.6,.75,.6333,.575,.6,.125,.1875,.375,.5,.5,.6875,.2222,.2857,.5,.5588,.5349,.6408
67,"roman_forum_rome",.6,.6,.7,.7667,.75,.68,.08,.2,.36,.48,.56,.6,.1412,.3,.4755,.5904,.6412,.6375
68,"sacre_coeur",.2,.4,.55,.5667,.6,.6,.0417,.0833,.2083,.3333,.4167,.4583,.069,.1379,.3022,.4198,.4918,.5197
69,"sagrada_familia",1.0,1.0,1.0,.9667,.925,.92,.04,.16,.32,.44,.6,.64,.0769,.2759,.4848,.6047,.7279,.7549
70,"santa_maria_novella",.2,.2,.5,.5333,.55,.54,.04,.08,.28,.36,.44,.56,.0667,.1143,.359,.4299,.4889,.5498
71,"schonbrunn_palace",1.0,.9,.95,.9667,.975,.98,.16,.24,.36,.44,.52,.6,.2759,.3789,.5221,.6047,.6783,.7443
72,"seville_cathedral",.8,.9,.85,.8667,.875,.9,.08,.24,.4,.44,.64,.72,.1455,.3789,.544,.5837,.7393,.8
73,"spanish_steps",.2,.6,.7,.7,.7,.66,.0455,.1818,.4545,.5,.5455,.5909,.0741,.2791,.5512,.5833,.6131,.6235
74,"st__basil_cathedral",1.0,1.0,.95,.9,.875,.88,.16,.28,.52,.56,.6,.72,.2759,.4375,.6721,.6904,.7119,.792
75,"statue_of_liberty",1.0,1.0,.9,.9,.9,.9,.16,.28,.28,.44,.6,.68,.2759,.4375,.4271,.591,.72,.7747
76,"stonehenge",1.0,.8,.7,.7,.625,.6,.1579,.2105,.3684,.5789,.5789,.5789,.2727,.3333,.4828,.6337,.6011,.5893
77,"summer_palace_beijing",1.0,1.0,1.0,.8667,.9,.9,.2,.32,.4,.44,.56,.64,.3333,.4848,.5714,.5837,.6904,.7481
78,"sydney_opera_house",1.0,1.0,1.0,1.0,.975,.96,.2,.28,.48,.52,.56,.64,.3333,.4375,.6486,.6842,.7114,.768
79,"teotihuacan",.4,.7,.55,.6,.575,.62,.08,.24,.32,.48,.56,.6,.1333,.3574,.4046,.5333,.5674,.6098
80,"terracotta_army",.2,.5,.75,.6667,.625,.54,.05,.15,.5,.65,.65,.7,.08,.2308,.6,.6582,.6373,.6097
81,"the_blue_mosque",1.0,.9,.9,.9,.9,.9,.16,.2,.32,.44,.6,.6,.2759,.3273,.4721,.591,.72,.72
82,"the_henry_ford",1.0,.9,.75,.8333,.8,.66,.2,.24,.32,.44,.52,.52,.3333,.3789,.4486,.5759,.6303,.5817
83,"taj_mahal",1.0,.9,.9,.9,.925,.92,.2,.28,.48,.52,.64,.72,.3333,.4271,.6261,.6592,.7565,.8078
84,"tour_montparnasse",.6,.7,.7,.6,.55,.52,.1,.2,.4,.5,.55,.6,.1714,.3111,.5091,.5455,.55,.5571
85,"tower_bridge_london",.8,.8,.65,.5333,.5,.52,.16,.28,.32,.4,.48,.52,.2667,.4148,.4289,.4571,.4898,.52
86,"trafalgar_square",.2,.4,.45,.4667,.5,.5,.0455,.1818,.2727,.3182,.5,.5455,.0741,.25,.3396,.3784,.5,.5217
87,"leaning_tower_of_pisa",.8,.6,.5,.5333,.525,.48,.16,.16,.28,.32,.4,.52,.2667,.2526,.359,.4,.4541,.4992
88,"hermitage_museum_saint_petersburg",1.0,1.0,.95,.8667,.875,.82,.12,.2,.32,.4,.52,.56,.2143,.3333,.4787,.5474,.6523,.6655
89,"jantar_mantar_jaipur",1.0,1.0,.85,.8,.825,.86,.2,.32,.44,.52,.64,.72,.3333,.4848,.5798,.6303,.7208,.7838
90,"lake_titicaca_peru",.2,.3,.5,.5667,.5,.5,.0417,.0833,.3333,.375,.4167,.5417,.069,.1304,.4,.4513,.4545,.52
91,"the_great_wall_of_china",1.0,.9,.9,.8,.8,.84,.2,.2,.36,.48,.6,.64,.3333,.3273,.5143,.6,.6857,.7265
92,"grande_arche_paris",.6,.8,.7,.7333,.675,.62,.08,.16,.24,.32,.36,.4,.1412,.2667,.3574,.4456,.4696,.4863
93,"el_angel_mexico",1.0,.9,.8,.7333,.575,.62,.1905,.3333,.4762,.5238,.5714,.6667,.32,.4865,.597,.6111,.5732,.6425
94,"bibliotheque_nationale_de_france",.8,.7,.65,.7333,.775,.78,.12,.2,.28,.36,.52,.6,.2087,.3111,.3914,.4829,.6224,.6783
95,"kronborg_castle",.2,.6,.55,.5667,.65,.68,.0417,.2083,.375,.4167,.5417,.5417,.069,.3093,.4459,.4802,.5909,.603
96,"ajanta_caves",.6,.8,.9,.9,.925,.92,.1364,.2727,.4545,.5455,.6364,.6818,.2222,.4068,.604,.6792,.754,.7832
97,"atomium",.8,.9,.9,.9333,.95,.94,.0952,.1905,.3333,.4286,.4286,.4762,.1702,.3144,.4865,.5874,.5907,.6321
98,"ellora_caves",1.0,1.0,1.0,.9667,.95,.94,.1364,.2273,.3182,.4545,.5455,.5455,.24,.3704,.4828,.6183,.693,.6903
99,"potala_palace",.8,.9,.85,.8333,.825,.84,.1667,.2778,.3333,.3889,.5,.5,.2759,.4245,.4789,.5303,.6226,.6269
100,"jokhang",1.0,.9,.85,.8,.8,.82,.16,.32,.4,.52,.6,.64,.2759,.4721,.544,.6303,.6857,.7189
101,"rila_monastery",1.0,.7,.85,.8667,.9,.92,.12,.12,.28,.36,.4,.44,.2143,.2049,.4212,.5087,.5538,.5953
102,"louvre_pyramid",.6,.7,.85,.9,.925,.92,.1111,.1667,.3333,.4444,.5556,.6111,.1875,.2692,.4789,.595,.6942,.7344
103,"brooklyn_bridge",.6,.8,.8,.8333,.875,.88,.1429,.2381,.3333,.4762,.6667,.6667,.2308,.367,.4706,.6061,.7568,.7586
104,"tower_of_london",.2,.5,.7,.7667,.8,.78,.0435,.1304,.3043,.3913,.4783,.5652,.0714,.2069,.4242,.5181,.5986,.6555
105,"british_museum_london",1.0,1.0,1.0,.9667,.95,.96,.15,.2,.35,.45,.45,.5,.2609,.3333,.5185,.6141,.6107,.6575
106,"buckingham_palace",.8,.9,.7,.6,.475,.44,.15,.25,.25,.25,.25,.3,.2526,.3913,.3684,.3529,.3276,.3568
107,"charles_bridge_prague",.8,.9,.8,.6333,.6,.6,.0833,.2083,.2917,.3333,.4167,.4583,.1509,.3383,.4275,.4368,.4918,.5197
108,"champs_elysees_paris",.6,.8,.75,.7333,.675,.64,.1333,.1333,.3333,.4667,.5333,.7333,.2182,.2286,.4615,.5704,.5959,.6835
109,"chrysler_building",1.0,1.0,1.0,1.0,1.0,1.0,.2143,.4286,.5,.7143,.7857,.7857,.3529,.6,.6667,.8333,.88,.88
110,"moma_new_york",.6,.8,.8,.8667,.9,.9,.1053,.2632,.4211,.4211,.5263,.5263,.1791,.396,.5517,.5668,.6642,.6642
111,"grand_central_terminal",1.0,1.0,1.0,1.0,.975,.96,.0952,.0952,.1429,.3333,.381,.4762,.1739,.1739,.25,.5,.5478,.6366
112,"houses_of_parliament",1.0,1.0,1.0,1.0,1.0,1.0,.2174,.3043,.3478,.3478,.4348,.4783,.3571,.4667,.5161,.5161,.6061,.6471
113,"alexanderplatz_berlin",.0,.0,.45,.6333,.625,.64,.0,.0,.32,.48,.48,.64,.0,.0,.374,.5461,.543,.64
114,"centre_pompidou",.6,.8,.65,.6333,.65,.72,.1667,.3333,.5,.5556,.6667,.6667,.2609,.4706,.5652,.5919,.6582,.6923
115,"sydney_harbour_bridge",1.0,1.0,1.0,1.0,1.0,.96,.25,.375,.5,.5625,.6875,.75,.4,.5455,.6667,.72,.8148,.8421
116,"pier_39",1.0,1.0,.95,.9667,.95,.92,.2381,.3333,.5714,.5714,.619,.6667,.3846,.5,.7136,.7183,.7496,.7731
117,"coit_tower",.6,.5,.4,.3333,.45,.54,.0667,.1333,.2,.2,.4,.5333,.12,.2105,.2667,.25,.4235,.5366
118,"st_paul_s_cathedral_london",1.0,1.0,.95,.9667,.9,.88,.2353,.3529,.5294,.6471,.7059,.8235,.381,.5217,.6799,.7752,.7912,.8508
119,"cloud_gate",.8,.8,.45,.5667,.575,.64,.1667,.3333,.3333,.3333,.3333,.5,.2759,.4706,.383,.4198,.422,.5614
120,"musee_d_orsay",1.0,.9,.9,.9,.925,.92,.1429,.2381,.3333,.4762,.619,.7143,.25,.3766,.4865,.6228,.7417,.8042
121,"pike_place_market",.8,.8,.85,.8333,.825,.8,.1429,.1905,.2857,.4286,.4762,.5238,.2424,.3077,.4277,.566,.6038,.6331
122,"royal_palace_madrid",.6,.8,.8,.8667,.85,.84,.1364,.2727,.4545,.4545,.5,.6818,.2222,.4068,.5797,.5963,.6296,.7527
123,"sony_center_berlin",1.0,1.0,1.0,1.0,.95,.94,.1905,.2857,.381,.4286,.4762,.5238,.32,.4444,.5517,.6,.6344,.6727
124,"red_square_moscow",.8,.9,.85,.7,.625,.66,.1429,.1905,.3333,.381,.5238,.5238,.2424,.3144,.4789,.4934,.5699,.5841
125,"prague_castle",1.0,.9,.95,.9333,.925,.9,.16,.28,.44,.6,.64,.72,.2759,.4271,.6014,.7304,.7565,.8
126,"musee_du_louvre",1.0,1.0,.95,.9667,.975,.96,.2,.32,.44,.48,.6,.68,.3333,.4848,.6014,.6415,.7429,.7961
127,"millennium_bridge_london",.8,.9,.8,.7667,.8,.8,.12,.24,.36,.48,.52,.52,.2087,.3789,.4966,.5904,.6303,.6303
128,"casa_mila",1.0,1.0,.9,.9333,.95,.92,.16,.32,.4,.52,.6,.64,.2759,.4848,.5538,.6679,.7355,.7549
129,"national_gallery_london",.8,.4,.7,.7667,.725,.72,.1364,.1364,.4091,.4545,.5909,.6364,.233,.2034,.5164,.5707,.6511,.6756
130,"national_mall",1.0,1.0,.95,.9667,.9,.88,.16,.32,.48,.64,.76,.76,.2759,.4848,.6378,.7701,.8241,.8156
131,"london_city_hall",.6,.8,.9,.8333,.875,.9,.1,.2,.4,.55,.6,.65,.1714,.32,.5538,.6627,.7119,.7548
132,"holocaust_memorial",1.0,1.0,.75,.6,.675,.68,.3125,.4375,.5,.5,.5625,.625,.4762,.6087,.6,.5455,.6136,.6513
133,"columbus_circle",.6,.5,.6,.5,.525,.56,.12,.2,.4,.48,.52,.64,.2,.2857,.48,.4898,.5225,.5973
134,"siegessaeule",1.0,1.0,1.0,.9,.75,.68,.16,.24,.44,.64,.68,.72,.2759,.3871,.6111,.7481,.7133,.6994
135,"jardin_du_luxembourg",1.0,1.0,1.0,.9,.925,.92,.2,.28,.6,.64,.72,.76,.3333,.4375,.75,.7481,.8097,.8324
136,"merlion_singapore",.2,.1,.1,.2,.2,.32,.0455,.0455,.0909,.1818,.2273,.5909,.0741,.0625,.0952,.1905,.2128,.4152
137,"harrods_london",1.0,.9,.95,.8667,.825,.84,.16,.28,.48,.56,.68,.72,.2759,.4271,.6378,.6804,.7455,.7754
138,"metropolitan_museum_of_art_new_york",1.0,1.0,1.0,1.0,.925,.94,.2,.32,.48,.48,.56,.64,.3333,.4848,.6486,.6486,.6976,.7615
139,"new_york_stock_exchange",.8,.9,.75,.6,.675,.6,.2,.3,.35,.4,.4,.45,.32,.45,.4773,.48,.5023,.5143
140,"stephansdom_vienna",1.0,1.0,.95,.9667,.975,.98,.12,.28,.44,.6,.64,.64,.2143,.4375,.6014,.7404,.7728,.7743
141,"hms_belfast",1.0,1.0,1.0,.9667,.975,.94,.16,.2,.28,.4,.56,.68,.2759,.3333,.4375,.5659,.7114,.7891
142,"leicester_square",1.0,1.0,.85,.6,.65,.7,.16,.2,.24,.28,.4,.52,.2759,.3333,.3743,.3818,.4952,.5967
143,"ciudad_de_las_artes_y_las_ciencias",.6,.8,.9,.9333,.925,.92,.12,.32,.48,.52,.56,.68,.2,.4571,.6261,.6679,.6976,.782
144,"topkapi_palace",1.0,1.0,.95,.9667,.95,.96,.2,.24,.4,.44,.64,.72,.3333,.3871,.563,.6047,.7648,.8229
145,"royal_albert_hall",.6,.8,.75,.7667,.75,.7,.08,.2,.28,.44,.48,.48,.1412,.32,.4078,.5591,.5854,.5695
146,"st_vitus_cathedral",1.0,1.0,.95,.9667,.925,.92,.16,.28,.52,.56,.64,.68,.2759,.4375,.6721,.7092,.7565,.782
147,"castello_sforzesco",1.0,1.0,.9,.8667,.9,.9,.16,.24,.32,.44,.52,.52,.2759,.3871,.4721,.5837,.6592,.6592
148,"rijksmuseum_amsterdam",1.0,1.0,1.0,1.0,1.0,1.0,.08,.24,.28,.4,.52,.6,.1481,.3871,.4375,.5714,.6842,.75
149,"dam_square",.8,.5,.6,.6667,.675,.66,.12,.16,.32,.32,.36,.48,.2087,.2424,.4174,.4324,.4696,.5558
150,"rathaus_vienna",1.0,1.0,.9,.8333,.85,.8,.08,.12,.28,.28,.36,.44,.1481,.2143,.4271,.4192,.5058,.5677
151,"bath_abbey",1.0,1.0,1.0,.9667,.975,.98,.16,.28,.4,.48,.56,.6,.2759,.4375,.5714,.6415,.7114,.7443
152,"salisbury_cathedral",1.0,1.0,1.0,1.0,1.0,1.0,.2,.28,.32,.44,.48,.52,.3333,.4375,.4848,.6111,.6486,.6842
153,"templo_de_debod",.4,.2,.4,.3333,.325,.36,.0909,.0909,.2273,.2727,.2727,.4091,.1481,.125,.2899,.3,.2966,.383
154,"Niagara_Falls",.6,.6,.55,.6333,.625,.6,.1364,.2727,.4091,.4091,.5,.5455,.2222,.375,.4692,.4971,.5556,.5714
155,"Golden_Gate_Bridge_in_San_Francisco",1.0,.9,.9,.9333,.95,.94,.1364,.2273,.3182,.5,.6364,.6818,.24,.3629,.4701,.6512,.7622,.7904
156,"Neuschwanstein_Castle",1.0,1.0,.95,.9667,.95,.94,.12,.28,.44,.6,.68,.72,.2143,.4375,.6014,.7404,.7926,.8154
157,"Christ_Church_Cathedral_Missouri",1.0,1.0,1.0,1.0,1.0,.96,.2,.32,.48,.52,.6,.68,.3333,.4848,.6486,.6842,.75,.7961
158,"Mount_Rushmore_in_South_Dakota",.8,.9,.9,.9333,.95,.94,.16,.28,.4,.48,.64,.72,.2667,.4271,.5538,.634,.7648,.8154
159,"Puerta_de_Toledo",.2,.3,.15,.1,.075,.06,.5,1.0,1.0,1.0,1.0,1.0,.2857,.4615,.2609,.1818,.1395,.1132
160,"Urquhart_Castle",1.0,.9,.75,.7667,.8,.84,.2083,.3333,.4583,.5417,.625,.7083,.3448,.4865,.569,.6348,.7018,.7686
161,"Gare_du_Nord_Paris",.6,.4,.7,.8,.75,.76,.12,.16,.24,.4,.4,.44,.2,.2286,.3574,.5333,.5217,.5573
162,"Newgrange_in_Ireland",.8,.9,.75,.7,.675,.66,.125,.2917,.375,.4583,.5417,.5417,.2162,.4406,.5,.554,.601,.595
163,"Windmills_at_Kinderdijk",.8,.7,.8,.8667,.875,.86,.16,.24,.32,.4,.4,.56,.2667,.3574,.4571,.5474,.549,.6783
164,"Conciergerie",1.0,.9,.95,.9667,.975,.98,.12,.2,.4,.52,.68,.76,.2143,.3273,.563,.6762,.8012,.8561
165,"Palazzo_Madama",.6,.8,.85,.9,.8,.8,.1364,.3636,.5,.6364,.6818,.6818,.2222,.5,.6296,.7456,.7362,.7362
166,"Split_Rock_Lighthouse",.8,.9,.95,.9667,.9,.88,.16,.24,.32,.4,.44,.44,.2667,.3789,.4787,.5659,.591,.5867
167,"The_Little_Mermaid_Denmark",1.0,1.0,1.0,1.0,.975,.88,.3571,.4286,.7143,.8571,.9286,.9286,.5263,.6,.8333,.9231,.9512,.9036
168,"Great_Pyramid_of_Giza",.4,.4,.55,.6667,.7,.66,.1333,.1333,.4,.6667,.6667,.8,.2,.2,.4632,.6667,.6829,.7233
169,"Pitti_Palace",1.0,.9,.9,.9,.8,.74,.1364,.2273,.4091,.5,.5,.5,.24,.3629,.5625,.6429,.6154,.5968
170,"Georgia_State_Capitol",.6,.7,.55,.3667,.425,.36,.1579,.2632,.2632,.2632,.2632,.2632,.25,.3825,.356,.3064,.325,.3041
171,"Dome_des_Invalides",1.0,1.0,1.0,1.0,.975,.98,.16,.28,.4,.44,.48,.52,.2759,.4375,.5714,.6111,.6433,.6795
172,"Reggia_di_Caserta",.0,.3,.45,.4333,.525,.52,.0,.12,.32,.4,.44,.52,.0,.1714,.374,.416,.4788,.52
173,"The_Burj_al_Arab_Hotel",.8,.8,.85,.8333,.85,.82,.16,.24,.36,.44,.52,.56,.2667,.3692,.5058,.5759,.6453,.6655
174,"Elephanta_Caves",1.0,1.0,.95,.9667,.975,.96,.125,.25,.4167,.5,.625,.625,.2222,.4,.5793,.6591,.7617,.7571
175,"Basilica_of_Santa_Croce",1.0,1.0,1.0,1.0,1.0,1.0,.2,.28,.36,.44,.52,.64,.3333,.4375,.5294,.6111,.6842,.7805
176,"Aachen_Cathedral",1.0,.9,.9,.9,.925,.92,.12,.24,.36,.44,.52,.6,.2143,.3789,.5143,.591,.6657,.7263
177,"Monument_to_the_Great_Fire_of_London",.8,.6,.6,.5333,.6,.58,.08,.16,.36,.4,.56,.56,.1455,.2526,.45,.4571,.5793,.5698
178,"Longmen_Grottoes",.6,.7,.55,.5667,.525,.52,.12,.24,.32,.52,.6,.68,.2,.3574,.4046,.5423,.56,.5893
179,"Louisiana_State_Capitol",.2,.2,.3,.2667,.25,.28,.04,.08,.24,.32,.36,.4,.0667,.1143,.2667,.2909,.2951,.3294
180,"The_Great_Sphinx_at_Giza",.6,.8,.9,.8667,.8,.8,.08,.2,.32,.4,.48,.56,.1412,.32,.4721,.5474,.6,.6588
181,"Teatro_Real_Madrid",1.0,1.0,.7,.5667,.675,.62,.2174,.3478,.4348,.5652,.6957,.7391,.3571,.5161,.5364,.5659,.6852,.6743
182,"Palacio_de_la_Magdalena",.6,.6,.8,.7667,.8,.74,.12,.24,.4,.52,.56,.68,.2,.3429,.5333,.6197,.6588,.7087
183,"Sowjetisches_Ehrenmal",.8,.9,.85,.6,.65,.68,.16,.28,.52,.52,.72,.76,.2667,.4271,.6453,.5571,.6832,.7178
184,"Cathedral_of_Trier",1.0,.9,.95,.9,.9,.88,.16,.28,.44,.56,.68,.76,.2759,.4271,.6014,.6904,.7747,.8156
185,"Saint_Mary_of_the_Flower",.4,.3,.15,.1333,.1,.12,.08,.12,.12,.12,.12,.2,.1333,.1714,.1333,.1263,.1091,.15
186,"Skellig_Michael",.4,.6,.65,.6333,.675,.68,.08,.2,.36,.52,.64,.64,.1333,.3,.4634,.5711,.657,.6594
187,"Chicago_Board_of_Trade_Building",1.0,1.0,.9,.8333,.8,.78,.1818,.3636,.5455,.6364,.6818,.7273,.3077,.5333,.6792,.7216,.7362,.7527
188,"Pont_de_Normandie_France",1.0,1.0,.9,.8333,.875,.88,.2632,.3158,.5789,.6316,.6842,.7368,.4167,.48,.7046,.7186,.7679,.8021
189,"Palazzo_Rosso",.0,.0,.0,.0,.025,.06,.0,.0,.0,.0,.0417,.125,.0,.0,.0,.0,.0312,.0811
190,"Piazza_Vittorio_Veneto",.6,.8,.65,.6333,.575,.52,.1875,.5,.5625,.625,.75,.8125,.2857,.6154,.6031,.6291,.6509,.6341
191,"Sforza_Castle",1.0,1.0,1.0,.9333,.9,.9,.2,.32,.48,.56,.6,.68,.3333,.4848,.6486,.7,.72,.7747
192,"Torres_KIO",1.0,.9,.9,.9333,.925,.88,.2,.24,.4,.44,.56,.56,.3333,.3789,.5538,.5981,.6976,.6844
193,"Torre_Picasso",1.0,1.0,.85,.8667,.8,.82,.1667,.2917,.5,.5417,.625,.6667,.2857,.4516,.6296,.6667,.7018,.7354
194,"The_Palace_of_Parliament_in_Bucharest",1.0,.9,.95,.8333,.875,.9,.16,.16,.24,.28,.48,.52,.2759,.2717,.3832,.4192,.6199,.6592
195,"Ernest_Hemingway_House",1.0,.9,.85,.8,.8,.78,.16,.24,.36,.52,.68,.68,.2759,.3789,.5058,.6303,.7351,.7266
196,"Castel_dellOvo_Napoli",1.0,1.0,.9,.9333,.9,.92,.12,.28,.6,.68,.68,.76,.2143,.4375,.72,.7868,.7747,.8324
197,"Villa_Borghese_gardens",1.0,1.0,1.0,1.0,.95,.96,.16,.36,.52,.6,.68,.8,.2759,.5294,.6842,.75,.7926,.8727
198,"Saint_Marks_Basilica",1.0,1.0,1.0,1.0,1.0,1.0,.2,.28,.32,.36,.4,.4,.3333,.4375,.4848,.5294,.5714,.5714
199,"Mausoleum_of_the_First_Qin_Emperor",1.0,1.0,.9,.9,.875,.8,.2,.36,.48,.52,.56,.6,.3333,.5294,.6261,.6592,.6829,.6857
200,"Mausoleum_of_Hadrian",1.0,.8,.8,.6667,.725,.72,.1667,.2222,.3333,.3889,.5,.5556,.2857,.3478,.4706,.4912,.5918,.6272
201,"Piazza_de_Ferrari",.8,.8,.9,.8667,.9,.9,.1053,.2632,.3158,.3684,.4737,.4737,.186,.396,.4675,.517,.6207,.6207
202,"George_Washington_Carver",.6,.7,.65,.5,.525,.6,.125,.25,.375,.375,.5625,.625,.2069,.3684,.4756,.4286,.5431,.6122
203,"Cathedral_of_Santiago_de_Compostela",1.0,1.0,.85,.9,.925,.9,.2353,.4706,.5882,.7059,.7647,.8235,.381,.64,.6953,.7912,.8372,.8601
204,"Saint-Jacques_Tower",1.0,.9,.8,.7333,.775,.8,.3077,.3077,.4615,.5385,.6154,.7692,.4706,.4586,.5854,.621,.686,.7843
205,"Calakmul_Campeche_Mexico",1.0,1.0,1.0,.9333,.9,.82,.2143,.3571,.4286,.5,.6429,.7143,.3529,.5263,.6,.6512,.75,.7635
206,"Bran_Castle_in_Transylvania",1.0,1.0,.9,.9,.85,.88,.2105,.3158,.3684,.3684,.4211,.5789,.3478,.48,.5228,.5228,.5631,.6984
207,"Mosteiro_da_Batalha",1.0,1.0,1.0,1.0,1.0,1.0,.2105,.3684,.5789,.6842,.7895,.7895,.3478,.5385,.7333,.8125,.8824,.8824
208,"Wartburg_Castle",.8,.9,.9,.9,.9,.92,.2,.25,.4,.65,.75,.8,.32,.3913,.5538,.7548,.8182,.8558
209,"Fujian_Tulou_Fujian_China",1.0,1.0,1.0,.9667,.975,.98,.2778,.4444,.6111,.6667,.6667,.7222,.4348,.6154,.7586,.7891,.7919,.8316
210,"Alabama_State_Capitol",.4,.5,.75,.7333,.75,.74,.0952,.2381,.6667,.6667,.7143,.8095,.1538,.3226,.7059,.6984,.7317,.7732
211,"Palazzo_dAccursio",1.0,.8,.8,.6667,.725,.72,.1667,.2222,.3333,.3333,.5,.5556,.2857,.3478,.4706,.4444,.5918,.6272
212,"Casa_Grande_Ruins",.8,.6,.75,.8,.8,.84,.2353,.3529,.3529,.3529,.3529,.4118,.3636,.4444,.48,.4898,.4898,.5526
213,"Stravinsky_Fountain",1.0,1.0,.95,.9333,.9,.9,.2,.3333,.4,.4667,.5333,.5333,.3333,.5,.563,.6222,.6698,.6698
214,"Angel_Falls_Venezuela",.4,.4,.6,.5333,.575,.56,.1176,.1176,.4118,.4706,.5882,.6471,.1818,.1818,.4884,.5,.5815,.6004
215,"Statue_of_George_IV",.8,.7,.6,.5333,.475,.42,.375,.5,.75,.75,.75,.75,.5106,.5833,.6667,.6234,.5816,.5385
216,"Palacio_Barolo",1.0,1.0,1.0,.9,.9,.9,.2941,.4118,.4118,.5294,.5882,.7059,.4545,.5833,.5833,.6667,.7115,.7912
217,"Bridge_of_Remembrance_Christchurch_New_Zealand",1.0,1.0,.9,.9,.8,.78,.25,.5,.8333,.9167,.9167,1.0,.4,.6667,.8654,.9083,.8544,.8764
218,"John_A._Roebling_Suspension_Bridge",.4,.4,.5,.5333,.5,.48,.1333,.2667,.4667,.6,.6,.7333,.2,.32,.4828,.5647,.5455,.5802
219,"Blue_Dome_Santorini",1.0,1.0,.75,.7667,.75,.8,.25,.4375,.625,.6875,.6875,.6875,.4,.6087,.6818,.7249,.7174,.7395
220,"Fossar_de_les_Moreres",.6,.7,.45,.5,.525,.5,.2143,.4286,.5,.5,.7143,.7143,.3158,.5316,.4737,.5,.6052,.5882
221,"Luxor_Obelisk_France",1.0,.8,.7,.7333,.725,.74,.1875,.25,.3125,.375,.375,.5,.3158,.381,.4321,.4962,.4943,.5968
222,"Valle_de_los_Caidos",1.0,1.0,.95,.9,.925,.9,.2,.25,.45,.6,.7,.75,.3333,.4,.6107,.72,.7969,.8182
--------------------
"--","Avg.",P@5,P@10,P@20,P@30,P@40,P@50,CR@5,CR@10,CR@20,CR@30,CR@40,CR@50,F1@5,F1@10,F1@20,F1@30,F1@40,F1@50
,.,7856,.7986,.7865,.7764,.7722,.7669,.1476,.2494,.39,.4807,.5589,.623,.2431,.3708,.5076,.58,.6346,.6721
