--------------------
"Run name","output_runCNN_ADDaviesBouldin"
--------------------
"Average P@20 = ",.8007
"Average CR@20 = ",.3766
"Average F1@20 = ",.5008
--------------------
"Query Id ","Location name",P@5,P@10,P@20,P@30,P@40,P@50,CR@5,CR@10,CR@20,CR@30,CR@40,CR@50,F1@5,F1@10,F1@20,F1@30,F1@40,F1@50
1,"angel_of_the_north",1.0,1.0,1.0,1.0,1.0,1.0,.12,.2,.32,.48,.56,.68,.2143,.3333,.4848,.6486,.7179,.8095
2,"big_ben",.8,.9,.95,.9,.9,.9,.1364,.2727,.3182,.4545,.5,.5,.233,.4186,.4767,.604,.6429,.6429
3,"hearst_castle",.8,.9,.9,.9,.925,.92,.125,.2917,.5417,.6667,.7083,.75,.2162,.4406,.6763,.766,.8023,.8263
4,"la_madeleine",.2,.1,.15,.3667,.425,.48,.0714,.0714,.1429,.4286,.5714,.8571,.1053,.0833,.1463,.3952,.4875,.6154
5,"pont_alexandre_iii",1.0,1.0,.95,.9667,.975,.98,.16,.32,.36,.4,.44,.68,.2759,.4848,.5221,.5659,.6064,.8029
6,"neues_museum",.2,.2,.2,.1333,.25,.4,.04,.08,.16,.16,.28,.44,.0667,.1143,.1778,.1455,.2642,.419
7,"montezuma_castle",.8,.8,.7,.4667,.475,.54,.25,.5,.5,.5,.5833,.75,.381,.6154,.5833,.4828,.5236,.6279
8,"cn_tower",.6,.7,.6,.5667,.65,.68,.125,.25,.375,.4167,.5,.625,.2069,.3684,.4615,.4802,.5652,.6513
9,"acropolis_athens",.8,.7,.85,.8667,.9,.88,.1429,.2381,.4762,.5238,.5714,.619,.2424,.3553,.6104,.653,.699,.7268
10,"agra_fort",.8,.8,.85,.9,.85,.88,.16,.28,.44,.6,.68,.72,.2667,.4148,.5798,.72,.7556,.792
11,"albert_memorial",.4,.7,.85,.6667,.65,.7,.0909,.1818,.1818,.3182,.4545,.5,.1481,.2887,.2996,.4308,.535,.5833
12,"altes_museum",.8,.9,.95,.7,.575,.5,.1667,.2917,.5,.5417,.5417,.5833,.2759,.4406,.6552,.6107,.5578,.5385
13,"amiens_cathedral",1.0,1.0,.95,.9333,.95,.96,.12,.32,.52,.64,.8,.8,.2143,.4848,.6721,.7593,.8686,.8727
14,"angkor_wat",.8,.9,.7,.5667,.65,.72,.12,.2,.32,.4,.52,.56,.2087,.3273,.4392,.469,.5778,.63
15,"ara_pacis",.8,.9,.8,.6333,.625,.66,.1818,.3636,.5,.5455,.6364,.7727,.2963,.518,.6154,.5861,.6306,.7119
16,"arc_de_triomphe",.8,.7,.8,.8333,.8,.78,.1667,.2083,.2917,.4167,.5417,.6667,.2759,.3211,.4275,.5556,.646,.7189
17,"aztec_ruins",.2,.1,.05,.0667,.3,.26,.04,.04,.04,.08,.32,.32,.0667,.0571,.0444,.0727,.3097,.2869
18,"berlin_cathedral",1.0,1.0,.95,.9667,.975,.98,.2,.32,.44,.52,.6,.64,.3333,.4848,.6014,.6762,.7429,.7743
19,"bok_tower_gardens",1.0,1.0,.75,.8,.85,.86,.2,.32,.48,.64,.68,.72,.3333,.4848,.5854,.7111,.7556,.7838
20,"brandenburg_gate",1.0,1.0,.95,.9333,.95,.92,.16,.28,.32,.4,.56,.6,.2759,.4375,.4787,.56,.7046,.7263
21,"cabrillo",.0,.0,.15,.1667,.125,.12,.0,.0,.2308,.3077,.3077,.3846,.0,.0,.1818,.2162,.1778,.1829
22,"casa_batllo",1.0,1.0,1.0,1.0,1.0,1.0,.2,.28,.44,.52,.68,.72,.3333,.4375,.6111,.6842,.8095,.8372
23,"casa_rosada",.8,.7,.85,.8667,.875,.9,.12,.16,.32,.4,.64,.76,.2087,.2605,.465,.5474,.7393,.8241
24,"castillo_de_san_marcos",.8,.8,.8,.5333,.65,.64,.12,.24,.4,.4,.52,.6,.2087,.3692,.5333,.4571,.5778,.6194
25,"chartres_cathedral",1.0,1.0,1.0,.9667,.975,.94,.2,.28,.44,.68,.68,.76,.3333,.4375,.6111,.7984,.8012,.8405
26,"chichen_itza",1.0,.9,.75,.8,.8,.82,.2,.24,.36,.4,.48,.6,.3333,.3789,.4865,.5333,.6,.693
27,"christ_the_redeemer_rio",.4,.5,.7,.5333,.525,.5,.087,.1739,.2609,.2609,.3913,.5217,.1429,.2581,.3801,.3504,.4484,.5106
28,"civic_center_san_francisco",.6,.8,.8,.8,.85,.8,.12,.28,.44,.6,.6,.6,.2,.4148,.5677,.6857,.7034,.6857
29,"cologne_cathedral",1.0,1.0,1.0,.9667,.975,.96,.16,.2,.4,.4,.52,.6,.2759,.3333,.5714,.5659,.6783,.7385
30,"colosseum",1.0,1.0,1.0,1.0,1.0,.98,.16,.2,.4,.48,.6,.6,.2759,.3333,.5714,.6486,.75,.7443
31,"doge_s_palace",1.0,1.0,1.0,.8667,.75,.78,.16,.2,.28,.44,.48,.48,.2759,.3333,.4375,.5837,.5854,.5943
32,"eiffel_tower",1.0,1.0,1.0,1.0,1.0,1.0,.2,.2,.32,.4,.48,.56,.3333,.3333,.4848,.5714,.6486,.7179
33,"golden_gate_bridge",.8,.7,.85,.8333,.825,.82,.1739,.2174,.3913,.4348,.4783,.5217,.2857,.3318,.5359,.5714,.6055,.6377
34,"grand_palais",1.0,.9,.9,.8667,.9,.92,.0909,.1364,.4091,.4545,.5,.5455,.1667,.2368,.5625,.5963,.6429,.6849
35,"guggenheim_museum_bilbao",.8,.9,.95,.9667,.975,.98,.12,.2,.4,.48,.48,.52,.2087,.3273,.563,.6415,.6433,.6795
36,"hagia_sophia_istanbul",1.0,1.0,1.0,1.0,1.0,.94,.08,.2,.32,.44,.52,.6,.1481,.3333,.4848,.6111,.6842,.7325
37,"hoover_dam",.8,.9,.9,.9333,.9,.92,.16,.2,.4,.52,.56,.6,.2667,.3273,.5538,.6679,.6904,.7263
38,"humayun_tomb",.8,.8,.75,.7,.7,.72,.12,.24,.44,.52,.64,.68,.2087,.3692,.5546,.5967,.6687,.6994
39,"iguazu_falls",.2,.6,.75,.8,.85,.8,.04,.16,.32,.52,.56,.6,.0667,.2526,.4486,.6303,.6752,.6857
40,"iolani_palace",.8,.9,.95,.9333,.725,.66,.08,.16,.32,.56,.56,.64,.1455,.2717,.4787,.7,.6319,.6498
41,"la_mezquita",.6,.7,.8,.8667,.775,.66,.125,.25,.4583,.5417,.5417,.625,.2069,.3684,.5828,.6667,.6377,.642
42,"la_rambla_barcelona",.6,.8,.9,.9333,.875,.9,.12,.24,.4,.48,.56,.56,.2,.3692,.5538,.634,.6829,.6904
43,"la_sainte_chapelle",.8,.8,.9,.9333,.925,.94,.16,.28,.48,.56,.72,.76,.2667,.4148,.6261,.7,.8097,.8405
44,"liberty_memorial",.8,.7,.6,.5333,.6,.66,.08,.12,.16,.24,.32,.52,.1455,.2049,.2526,.331,.4174,.5817
45,"lincoln_home",.6,.6,.65,.7,.775,.78,.1667,.2778,.3333,.5,.6667,.7778,.2609,.3797,.4407,.5833,.7168,.7789
46,"machu_picchu",.8,.9,.7,.6333,.65,.66,.16,.24,.4,.48,.52,.6,.2667,.3789,.5091,.5461,.5778,.6286
47,"marble_arch_london",.4,.7,.6,.6,.475,.38,.1667,.4167,.5833,.6667,.75,.75,.2353,.5224,.5915,.6316,.5816,.5044
48,"milan_cathedral",1.0,1.0,1.0,.8667,.85,.88,.16,.28,.4,.56,.68,.76,.2759,.4375,.5714,.6804,.7556,.8156
49,"mole_antonelliana",.8,.9,.85,.9,.775,.7,.16,.24,.24,.36,.44,.52,.2667,.3789,.3743,.5143,.5613,.5967
50,"mont_saint_michel",.8,.9,.95,.9667,.975,.96,.16,.24,.36,.44,.44,.6,.2667,.3789,.5221,.6047,.6064,.7385
51,"moulin_rouge",.0,.0,.0,.0,.0,.06,.0,.0,.0,.0,.0,.375,.0,.0,.0,.0,.0,.1034
52,"nelson_s_column",1.0,.9,.95,.9667,.975,.98,.125,.1667,.375,.5,.5417,.5833,.2222,.2812,.5377,.6591,.6964,.7313
53,"notre_dame_de_paris",.6,.8,.85,.9,.925,.9,.12,.28,.4,.56,.64,.68,.2,.4148,.544,.6904,.7565,.7747
54,"obelisco",.2,.2,.1,.0667,.05,.08,.0909,.0909,.0909,.0909,.0909,.1818,.125,.125,.0952,.0769,.0645,.1111
55,"piccadilly_circus",1.0,.9,.9,.8,.75,.78,.1739,.2174,.3913,.4783,.4783,.6087,.2963,.3502,.5455,.5986,.5841,.6838
56,"place_de_la_concorde",1.0,1.0,1.0,1.0,.975,.98,.16,.2,.36,.48,.6,.68,.2759,.3333,.5294,.6486,.7429,.8029
57,"place_de_la_republique",.2,.3,.3,.3333,.25,.2,.125,.25,.5,.75,.75,.75,.1538,.2727,.375,.4615,.375,.3158
58,"place_des_vosges",1.0,.9,.75,.8333,.875,.9,.12,.2,.24,.4,.56,.68,.2143,.3273,.3636,.5405,.6829,.7747
59,"pont_du_gard",.4,.7,.8,.8333,.875,.78,.04,.16,.36,.44,.6,.6,.0727,.2605,.4966,.5759,.7119,.6783
60,"pont_neuf",1.0,1.0,.9,.8333,.825,.8,.16,.24,.36,.48,.64,.68,.2759,.3871,.5143,.6091,.7208,.7351
61,"ponte_vecchio",1.0,.9,.95,.9,.925,.86,.1667,.25,.4167,.5417,.5833,.5833,.2857,.3913,.5793,.6763,.7155,.6952
62,"puerta_de_alcala",.4,.3,.3,.5,.55,.58,.1053,.1579,.3158,.3684,.4737,.5789,.1667,.2069,.3077,.4242,.509,.5795
63,"puerta_del_sol",.8,.8,.6,.6333,.475,.4,.15,.2,.3,.4,.4,.4,.2526,.32,.4,.4903,.4343,.4
64,"red_fort",1.0,1.0,1.0,1.0,1.0,1.0,.2,.32,.56,.64,.76,.76,.3333,.4848,.7179,.7805,.8636,.8636
65,"reims_cathedral",1.0,1.0,.85,.8333,.875,.9,.2,.24,.32,.44,.56,.64,.3333,.3871,.465,.5759,.6829,.7481
66,"rialto_bridge",.8,.9,.95,.7667,.725,.72,.1875,.25,.375,.4375,.625,.6875,.3038,.3913,.5377,.5571,.6713,.7034
67,"roman_forum_rome",.6,.7,.75,.8,.8,.7,.12,.24,.4,.52,.6,.6,.2,.3574,.5217,.6303,.6857,.6462
68,"sacre_coeur",.4,.4,.5,.5333,.625,.62,.0833,.1667,.2083,.2917,.4167,.5,.1379,.2353,.2941,.3771,.5,.5536
69,"sagrada_familia",1.0,.9,.95,.9333,.95,.94,.16,.2,.36,.44,.56,.6,.2759,.3273,.5221,.5981,.7046,.7325
70,"santa_maria_novella",.4,.5,.3,.4,.55,.54,.08,.16,.2,.32,.48,.52,.1333,.2424,.24,.3556,.5126,.5298
71,"schonbrunn_palace",1.0,1.0,1.0,1.0,.975,.98,.16,.24,.48,.6,.6,.64,.2759,.3871,.6486,.75,.7429,.7743
72,"seville_cathedral",.8,.7,.8,.8667,.875,.9,.16,.28,.4,.48,.56,.64,.2667,.4,.5333,.6178,.6829,.7481
73,"spanish_steps",1.0,1.0,.75,.7333,.7,.68,.1364,.2273,.3636,.5455,.6364,.6818,.24,.3704,.4898,.6256,.6667,.6809
74,"st__basil_cathedral",1.0,1.0,1.0,.8667,.875,.86,.2,.36,.52,.56,.6,.6,.3333,.5294,.6842,.6804,.7119,.7068
75,"statue_of_liberty",1.0,1.0,.95,.9,.825,.8,.16,.2,.32,.44,.48,.56,.2759,.3333,.4787,.591,.6069,.6588
76,"stonehenge",.8,.8,.65,.7,.625,.54,.1053,.2105,.2632,.4737,.5263,.5789,.186,.3333,.3746,.565,.5714,.5588
77,"summer_palace_beijing",.8,.9,.95,.9333,.95,.96,.12,.24,.36,.4,.52,.6,.2087,.3789,.5221,.56,.6721,.7385
78,"sydney_opera_house",1.0,1.0,.95,.9667,.975,.92,.12,.24,.36,.44,.48,.56,.2143,.3871,.5221,.6047,.6433,.6962
79,"teotihuacan",.8,.8,.7,.5667,.6,.6,.16,.2,.4,.44,.48,.6,.2667,.32,.5091,.4954,.5333,.6
80,"terracotta_army",.4,.7,.8,.5333,.4,.36,.1,.3,.5,.5,.5,.5,.16,.42,.6154,.5161,.4444,.4186
81,"the_blue_mosque",.6,.8,.85,.8667,.9,.9,.08,.2,.32,.4,.44,.6,.1412,.32,.465,.5474,.591,.72
82,"the_henry_ford",.8,.9,.9,.7667,.625,.7,.12,.24,.32,.36,.44,.56,.2087,.3789,.4721,.4899,.5164,.6222
83,"taj_mahal",1.0,.9,.8,.8667,.9,.92,.2,.28,.48,.56,.56,.64,.3333,.4271,.6,.6804,.6904,.7549
84,"tour_montparnasse",.4,.5,.7,.6333,.6,.48,.1,.2,.35,.45,.55,.55,.16,.2857,.4667,.5262,.5739,.5126
85,"tower_bridge_london",.8,.8,.7,.6333,.575,.52,.12,.2,.28,.4,.44,.52,.2087,.32,.4,.4903,.4985,.52
86,"trafalgar_square",.6,.7,.6,.6,.525,.5,.1364,.2727,.3636,.4091,.4545,.5,.2222,.3925,.4528,.4865,.4872,.5
87,"leaning_tower_of_pisa",.8,.6,.55,.5333,.525,.5,.16,.2,.28,.44,.44,.52,.2667,.3,.3711,.4822,.4788,.5098
88,"hermitage_museum_saint_petersburg",1.0,.9,.85,.7333,.75,.8,.16,.24,.28,.4,.48,.6,.2759,.3789,.4212,.5176,.5854,.6857
89,"jantar_mantar_jaipur",.8,.6,.75,.8333,.85,.88,.12,.2,.4,.56,.76,.84,.2087,.3,.5217,.6699,.8025,.8595
90,"lake_titicaca_peru",.8,.6,.6,.5333,.475,.48,.125,.2083,.3333,.375,.4583,.5417,.2162,.3093,.4286,.4404,.4665,.509
91,"the_great_wall_of_china",.6,.8,.9,.8,.8,.84,.12,.28,.44,.52,.68,.76,.2,.4148,.591,.6303,.7351,.798
92,"grande_arche_paris",.4,.5,.55,.5667,.575,.66,.08,.16,.24,.32,.32,.4,.1333,.2424,.3342,.409,.4112,.4981
93,"el_angel_mexico",.8,.9,.75,.7333,.65,.56,.0952,.2381,.381,.619,.7143,.8095,.1702,.3766,.5053,.6714,.6806,.662
94,"bibliotheque_nationale_de_france",.8,.6,.7,.7333,.75,.68,.16,.16,.2,.36,.44,.52,.2667,.2526,.3111,.4829,.5546,.5893
95,"kronborg_castle",1.0,.6,.75,.7333,.675,.64,.1667,.1667,.375,.5,.5417,.5833,.2857,.2609,.5,.5946,.601,.6104
96,"ajanta_caves",.8,.8,.8,.8667,.9,.92,.1818,.2727,.4545,.5455,.6364,.6818,.2963,.4068,.5797,.6695,.7456,.7832
97,"atomium",.8,.9,.95,.9667,.975,.96,.1429,.2857,.381,.4286,.4286,.4286,.2424,.4337,.5438,.5939,.5954,.5926
98,"ellora_caves",1.0,1.0,1.0,1.0,.95,.94,.1818,.2273,.2727,.3636,.5,.5455,.3077,.3704,.4286,.5333,.6552,.6903
99,"potala_palace",.6,.8,.9,.8667,.9,.86,.1667,.2778,.3333,.3889,.5,.6111,.2609,.4124,.4865,.5369,.6429,.7145
100,"jokhang",1.0,.8,.8,.8333,.825,.84,.12,.16,.32,.52,.56,.68,.2143,.2667,.4571,.6404,.6671,.7516
101,"rila_monastery",.8,.7,.75,.8333,.875,.9,.08,.16,.24,.36,.44,.48,.1455,.2605,.3636,.5028,.5856,.6261
102,"louvre_pyramid",.8,.9,.95,.9,.9,.92,.1111,.2222,.4444,.4444,.5556,.6111,.1951,.3564,.6056,.595,.687,.7344
103,"brooklyn_bridge",.8,.9,.9,.8333,.825,.84,.0952,.2381,.381,.4286,.4762,.4762,.1702,.3766,.5353,.566,.6038,.6078
104,"tower_of_london",.8,.8,.85,.8333,.8,.76,.1739,.2609,.3913,.4783,.4783,.5652,.2857,.3934,.5359,.6077,.5986,.6483
105,"british_museum_london",1.0,1.0,1.0,.9667,.925,.94,.1,.2,.4,.4,.55,.6,.1818,.3333,.5714,.5659,.6898,.7325
106,"buckingham_palace",.2,.6,.55,.4667,.4,.42,.05,.2,.2,.2,.3,.35,.08,.3,.2933,.28,.3429,.3818
107,"charles_bridge_prague",.6,.8,.9,.8,.675,.58,.0833,.125,.2917,.3333,.375,.375,.1463,.2162,.4406,.4706,.4821,.4555
108,"champs_elysees_paris",.2,.6,.55,.5667,.575,.62,.0667,.2,.2667,.4,.4667,.5333,.1,.3,.3592,.469,.5152,.5734
109,"chrysler_building",1.0,1.0,1.0,1.0,1.0,1.0,.2857,.4286,.6429,.6429,.7857,.8571,.4444,.6,.7826,.7826,.88,.9231
110,"moma_new_york",.4,.6,.8,.8667,.9,.9,.1053,.2105,.2632,.4737,.5263,.5789,.1667,.3117,.396,.6126,.6642,.7046
111,"grand_central_terminal",1.0,1.0,1.0,1.0,1.0,1.0,.0952,.0952,.2381,.381,.4286,.5714,.1739,.1739,.3846,.5517,.6,.7273
112,"houses_of_parliament",1.0,1.0,1.0,1.0,1.0,1.0,.1304,.2609,.3043,.3913,.4348,.4783,.2308,.4138,.4667,.5625,.6061,.6471
113,"alexanderplatz_berlin",.2,.1,.3,.5333,.6,.58,.04,.04,.12,.32,.4,.44,.0667,.0571,.1714,.4,.48,.5004
114,"centre_pompidou",.8,.9,.75,.7333,.675,.6,.2222,.3889,.5,.6111,.6111,.6111,.3478,.5431,.6,.6667,.6415,.6055
115,"sydney_harbour_bridge",1.0,1.0,1.0,1.0,1.0,1.0,.25,.375,.5,.5625,.5625,.5625,.4,.5455,.6667,.72,.72,.72
116,"pier_39",.8,.9,.9,.9333,.95,.9,.1905,.2381,.3333,.5238,.619,.6667,.3077,.3766,.4865,.671,.7496,.766
117,"coit_tower",.6,.7,.7,.5333,.5,.58,.2,.2667,.3333,.4,.4,.4667,.3,.3862,.4516,.4571,.4444,.5172
118,"st_paul_s_cathedral_london",.8,.9,.95,.9667,.875,.84,.2353,.2941,.4118,.6471,.6471,.7647,.3636,.4433,.5745,.7752,.744,.8006
119,"cloud_gate",.6,.6,.8,.6333,.5,.58,.25,.3333,.3333,.3333,.3333,.4167,.3529,.4286,.4706,.4368,.4,.4849
120,"musee_d_orsay",1.0,1.0,1.0,.8667,.9,.92,.1905,.2857,.381,.4762,.619,.6667,.32,.4444,.5517,.6147,.7335,.7731
121,"pike_place_market",.8,.8,.8,.8333,.875,.84,.1429,.2857,.4762,.5238,.5714,.5714,.2424,.4211,.597,.6433,.6914,.6802
122,"royal_palace_madrid",.8,.7,.85,.9,.925,.9,.1818,.2727,.4545,.5909,.6818,.7273,.2963,.3925,.5923,.7134,.785,.8045
123,"sony_center_berlin",.6,.8,.9,.9333,.925,.94,.1429,.1429,.3333,.4762,.5238,.5238,.2308,.2424,.4865,.6306,.6689,.6727
124,"red_square_moscow",.8,.9,.7,.7,.675,.7,.0952,.2381,.3333,.4286,.5238,.619,.1702,.3766,.4516,.5316,.5899,.657
125,"prague_castle",.6,.7,.75,.8333,.875,.88,.12,.24,.4,.52,.6,.68,.2,.3574,.5217,.6404,.7119,.7672
126,"musee_du_louvre",.8,.8,.9,.9333,.95,.96,.12,.2,.32,.48,.56,.64,.2087,.32,.4721,.634,.7046,.768
127,"millennium_bridge_london",1.0,.8,.7,.7,.775,.82,.16,.28,.36,.36,.52,.52,.2759,.4148,.4755,.4755,.6224,.6364
128,"casa_mila",1.0,1.0,1.0,1.0,1.0,.94,.16,.28,.36,.52,.64,.68,.2759,.4375,.5294,.6842,.7805,.7891
129,"national_gallery_london",1.0,.8,.9,.8667,.675,.54,.1818,.2727,.3636,.5,.5,.5,.3077,.4068,.518,.6341,.5745,.5192
130,"national_mall",1.0,.9,.75,.8333,.875,.84,.2,.32,.44,.56,.68,.68,.3333,.4721,.5546,.6699,.7653,.7516
131,"london_city_hall",.8,.9,.95,.9667,.95,.9,.2,.35,.5,.5,.55,.55,.32,.504,.6552,.6591,.6967,.6828
132,"holocaust_memorial",.6,.8,.8,.6667,.7,.68,.1875,.3125,.4375,.5,.5625,.625,.2857,.4494,.5657,.5714,.6238,.6513
133,"columbus_circle",.2,.5,.7,.7,.675,.6,.04,.16,.4,.56,.68,.68,.0667,.2424,.5091,.6222,.6775,.6375
134,"siegessaeule",.8,.9,.95,.9667,.8,.66,.12,.2,.44,.56,.68,.72,.2087,.3273,.6014,.7092,.7351,.6887
135,"jardin_du_luxembourg",1.0,1.0,1.0,1.0,1.0,1.0,.16,.24,.4,.56,.64,.8,.2759,.3871,.5714,.7179,.7805,.8889
136,"merlion_singapore",.4,.2,.2,.2,.25,.2,.0909,.0909,.1818,.2273,.3636,.3636,.1481,.125,.1905,.2128,.2963,.2581
137,"harrods_london",1.0,.9,.9,.9,.875,.78,.16,.28,.36,.56,.68,.68,.2759,.4271,.5143,.6904,.7653,.7266
138,"metropolitan_museum_of_art_new_york",1.0,1.0,1.0,.9333,.925,.94,.2,.32,.44,.56,.6,.6,.3333,.4848,.6111,.7,.7279,.7325
139,"new_york_stock_exchange",1.0,.7,.85,.8667,.8,.68,.2,.3,.4,.5,.5,.55,.3333,.42,.544,.6341,.6154,.6081
140,"stephansdom_vienna",1.0,1.0,1.0,1.0,1.0,.98,.16,.28,.52,.68,.72,.8,.2759,.4375,.6842,.8095,.8372,.8809
141,"hms_belfast",1.0,1.0,1.0,1.0,1.0,.96,.16,.2,.4,.48,.56,.6,.2759,.3333,.5714,.6486,.7179,.7385
142,"leicester_square",1.0,1.0,.9,.8,.8,.82,.16,.2,.24,.36,.44,.52,.2759,.3333,.3789,.4966,.5677,.6364
143,"ciudad_de_las_artes_y_las_ciencias",1.0,.9,.9,.9,.925,.92,.2,.24,.36,.48,.56,.6,.3333,.3789,.5143,.6261,.6976,.7263
144,"topkapi_palace",.8,.9,.9,.9333,.95,.94,.16,.32,.48,.56,.6,.68,.2667,.4721,.6261,.7,.7355,.7891
145,"royal_albert_hall",1.0,1.0,.95,.7333,.775,.8,.2,.2,.44,.44,.44,.48,.3333,.3333,.6014,.55,.5613,.6
146,"st_vitus_cathedral",.8,.9,.95,.9667,.975,.96,.16,.28,.36,.52,.52,.6,.2667,.4271,.5221,.6762,.6783,.7385
147,"castello_sforzesco",1.0,1.0,.9,.8667,.9,.9,.16,.24,.36,.4,.48,.52,.2759,.3871,.5143,.5474,.6261,.6592
148,"rijksmuseum_amsterdam",1.0,1.0,1.0,1.0,1.0,1.0,.16,.16,.28,.4,.52,.56,.2759,.2759,.4375,.5714,.6842,.7179
149,"dam_square",.8,.7,.8,.8,.75,.7,.16,.16,.28,.36,.36,.44,.2667,.2605,.4148,.4966,.4865,.5404
150,"rathaus_vienna",1.0,.9,.9,.8333,.775,.78,.16,.16,.28,.28,.32,.4,.2759,.2717,.4271,.4192,.453,.5288
151,"bath_abbey",1.0,1.0,1.0,.9667,.975,.98,.2,.36,.4,.52,.6,.68,.3333,.5294,.5714,.6762,.7429,.8029
152,"salisbury_cathedral",1.0,1.0,1.0,1.0,1.0,1.0,.12,.16,.28,.28,.48,.52,.2143,.2759,.4375,.4375,.6486,.6842
153,"templo_de_debod",.2,.3,.4,.2667,.325,.44,.0455,.1364,.2273,.2273,.3636,.3636,.0741,.1875,.2899,.2454,.3432,.3982
154,"Niagara_Falls",.4,.7,.55,.6,.625,.54,.0909,.2273,.3182,.4091,.4091,.4545,.1481,.3431,.4031,.4865,.4945,.4936
155,"Golden_Gate_Bridge_in_San_Francisco",1.0,.9,.9,.9,.925,.94,.1818,.2273,.3636,.4545,.5909,.6818,.3077,.3629,.518,.604,.7211,.7904
156,"Neuschwanstein_Castle",1.0,1.0,1.0,1.0,.975,.98,.16,.24,.36,.6,.68,.68,.2759,.3871,.5294,.75,.8012,.8029
157,"Christ_Church_Cathedral_Missouri",1.0,1.0,1.0,1.0,.925,.94,.16,.36,.48,.6,.64,.68,.2759,.5294,.6486,.75,.7565,.7891
158,"Mount_Rushmore_in_South_Dakota",.8,.8,.9,.9333,.95,.96,.12,.24,.32,.4,.52,.68,.2087,.3692,.4721,.56,.6721,.7961
159,"Puerta_de_Toledo",.4,.3,.15,.1,.075,.06,1.0,1.0,1.0,1.0,1.0,1.0,.5714,.4615,.2609,.1818,.1395,.1132
160,"Urquhart_Castle",1.0,.9,.95,.9333,.825,.82,.1667,.2917,.5417,.625,.6667,.7083,.2857,.4406,.6899,.7487,.7374,.7601
161,"Gare_du_Nord_Paris",.8,.9,.7,.7667,.825,.86,.16,.24,.28,.32,.36,.36,.2667,.3789,.4,.4515,.5013,.5075
162,"Newgrange_in_Ireland",.8,.7,.7,.7333,.725,.66,.125,.2083,.3333,.4167,.4583,.5417,.2162,.3211,.4516,.5314,.5616,.595
163,"Windmills_at_Kinderdijk",1.0,1.0,.95,.8667,.85,.84,.16,.2,.32,.4,.52,.56,.2759,.3333,.4787,.5474,.6453,.672
164,"Conciergerie",.8,.9,.95,.9667,.975,.98,.16,.28,.48,.6,.68,.72,.2667,.4271,.6378,.7404,.8012,.8301
165,"Palazzo_Madama",.6,.8,.8,.8,.725,.72,.1364,.3636,.5,.5909,.5909,.6818,.2222,.5,.6154,.6797,.6511,.7004
166,"Split_Rock_Lighthouse",.8,.9,.9,.9333,.95,.88,.12,.16,.28,.36,.44,.48,.2087,.2717,.4271,.5196,.6014,.6212
167,"The_Little_Mermaid_Denmark",1.0,.8,.8,.8667,.875,.9,.2857,.3571,.4286,.7143,.8571,.9286,.4444,.4938,.5581,.7831,.866,.9141
168,"Great_Pyramid_of_Giza",.6,.5,.6,.5333,.625,.64,.2,.2667,.5333,.6,.6667,.7333,.3,.3478,.5647,.5647,.6452,.6835
169,"Pitti_Palace",.6,.8,.8,.8667,.875,.82,.0909,.1818,.4091,.5455,.5455,.5455,.1579,.2963,.5414,.6695,.672,.6551
170,"Georgia_State_Capitol",.6,.7,.8,.6,.475,.38,.1053,.2105,.2632,.2632,.2632,.2632,.1791,.3237,.396,.3659,.3387,.311
171,"Dome_des_Invalides",1.0,1.0,1.0,.9667,.975,.98,.12,.24,.36,.4,.44,.44,.2143,.3871,.5294,.5659,.6064,.6073
172,"Reggia_di_Caserta",1.0,.9,.65,.6,.475,.52,.2,.28,.4,.48,.48,.52,.3333,.4271,.4952,.5333,.4775,.52
173,"The_Burj_al_Arab_Hotel",.8,.7,.75,.8333,.875,.84,.16,.2,.44,.48,.52,.52,.2667,.3111,.5546,.6091,.6523,.6424
174,"Elephanta_Caves",.8,.9,.95,.9667,.95,.96,.125,.25,.4583,.4583,.5833,.7083,.2162,.3913,.6183,.6218,.7228,.8152
175,"Basilica_of_Santa_Croce",1.0,1.0,1.0,1.0,1.0,1.0,.16,.2,.24,.44,.64,.64,.2759,.3333,.3871,.6111,.7805,.7805
176,"Aachen_Cathedral",1.0,1.0,.95,.9333,.9,.92,.16,.28,.44,.44,.6,.64,.2759,.4375,.6014,.5981,.72,.7549
177,"Monument_to_the_Great_Fire_of_London",1.0,1.0,.6,.6,.45,.5,.16,.24,.32,.4,.4,.52,.2759,.3871,.4174,.48,.4235,.5098
178,"Longmen_Grottoes",.6,.6,.55,.6,.55,.56,.12,.2,.32,.52,.56,.64,.2,.3,.4046,.5571,.555,.5973
179,"Louisiana_State_Capitol",.4,.5,.35,.2667,.225,.26,.08,.2,.2,.2,.24,.32,.1333,.2857,.2545,.2286,.2323,.2869
180,"The_Great_Sphinx_at_Giza",1.0,.9,.85,.8,.825,.82,.16,.16,.28,.4,.56,.6,.2759,.2717,.4212,.5333,.6671,.693
181,"Teatro_Real_Madrid",.8,.9,.95,.9667,.825,.68,.1304,.3043,.5217,.6957,.7826,.7826,.2243,.4549,.6736,.8091,.8032,.7277
182,"Palacio_de_la_Magdalena",.4,.6,.8,.8,.825,.82,.08,.2,.4,.48,.6,.68,.1333,.3,.5333,.6,.6947,.7435
183,"Sowjetisches_Ehrenmal",.6,.4,.5,.6,.625,.7,.12,.16,.28,.48,.6,.64,.2,.2286,.359,.5333,.6122,.6687
184,"Cathedral_of_Trier",1.0,1.0,1.0,1.0,1.0,.92,.2,.32,.48,.6,.76,.8,.3333,.4848,.6486,.75,.8636,.8558
185,"Saint_Mary_of_the_Flower",.4,.2,.1,.1333,.125,.1,.08,.08,.08,.12,.16,.16,.1333,.1143,.0889,.1263,.1404,.1231
186,"Skellig_Michael",1.0,.9,.8,.7,.725,.66,.2,.32,.48,.6,.6,.6,.3333,.4721,.6,.6462,.6566,.6286
187,"Chicago_Board_of_Trade_Building",.8,.9,.95,.9667,.925,.88,.1364,.2727,.4545,.5909,.6364,.7273,.233,.4186,.6149,.7335,.754,.7964
188,"Pont_de_Normandie_France",.8,.9,.95,.9333,.95,.96,.1579,.3684,.6316,.7368,.8421,.8947,.2637,.5228,.7587,.8235,.8928,.9262
189,"Palazzo_Rosso",.0,.0,.0,.0,.075,.08,.0,.0,.0,.0,.0833,.125,.0,.0,.0,.0,.0789,.0976
190,"Piazza_Vittorio_Veneto",.6,.6,.65,.5667,.425,.38,.125,.25,.4375,.5,.5,.5625,.2069,.3529,.523,.5312,.4595,.4536
191,"Sforza_Castle",1.0,1.0,.95,.9333,.95,.96,.16,.32,.44,.56,.68,.72,.2759,.4848,.6014,.7,.7926,.8229
192,"Torres_KIO",.8,.9,.9,.8667,.9,.9,.16,.32,.44,.48,.52,.6,.2667,.4721,.591,.6178,.6592,.72
193,"Torre_Picasso",.8,.8,.9,.9333,.85,.68,.1667,.2083,.4583,.5833,.7083,.7083,.2759,.3306,.6074,.7179,.7727,.6939
194,"The_Palace_of_Parliament_in_Bucharest",.6,.7,.85,.9,.9,.92,.12,.2,.24,.24,.36,.6,.2,.3111,.3743,.3789,.5143,.7263
195,"Ernest_Hemingway_House",.6,.8,.85,.8667,.825,.76,.12,.24,.44,.56,.56,.64,.2,.3692,.5798,.6804,.6671,.6949
196,"Castel_dellOvo_Napoli",.8,.9,.9,.8333,.85,.84,.16,.32,.56,.64,.68,.68,.2667,.4721,.6904,.724,.7556,.7516
197,"Villa_Borghese_gardens",.8,.9,.95,.9667,.975,.98,.16,.24,.44,.68,.76,.88,.2667,.3789,.6014,.7984,.8542,.9273
198,"Saint_Marks_Basilica",1.0,1.0,1.0,1.0,1.0,1.0,.2,.28,.44,.44,.44,.44,.3333,.4375,.6111,.6111,.6111,.6111
199,"Mausoleum_of_the_First_Qin_Emperor",.8,.9,.95,.9,.75,.8,.16,.32,.36,.4,.52,.52,.2667,.4721,.5221,.5538,.6142,.6303
200,"Mausoleum_of_Hadrian",.8,.9,.85,.8667,.875,.88,.1111,.2778,.5,.5556,.5556,.6667,.1951,.4245,.6296,.6771,.6796,.7586
201,"Piazza_de_Ferrari",1.0,1.0,1.0,.9667,.975,.94,.2105,.3158,.3684,.5263,.5789,.5789,.3478,.48,.5385,.6816,.7265,.7166
202,"George_Washington_Carver",.4,.6,.75,.8333,.7,.72,.125,.25,.4375,.5625,.625,.6875,.1905,.3529,.5526,.6716,.6604,.7034
203,"Cathedral_of_Santiago_de_Compostela",1.0,1.0,1.0,.9667,.9,.88,.1765,.3529,.4706,.6471,.7647,.7647,.3,.5217,.64,.7752,.8269,.8183
204,"Saint-Jacques_Tower",.8,.9,.85,.8333,.8,.74,.2308,.3846,.3846,.3846,.4615,.5385,.3582,.5389,.5296,.5263,.5854,.6233
205,"Calakmul_Campeche_Mexico",1.0,1.0,.9,.9,.9,.88,.2857,.3571,.4286,.5,.6429,.7143,.4444,.5263,.5806,.6429,.75,.7885
206,"Bran_Castle_in_Transylvania",1.0,1.0,.9,.9,.9,.9,.2105,.3158,.3684,.3684,.4737,.6316,.3478,.48,.5228,.5228,.6207,.7423
207,"Mosteiro_da_Batalha",1.0,1.0,1.0,1.0,1.0,1.0,.2105,.4211,.5263,.5789,.6316,.7368,.3478,.5926,.6897,.7333,.7742,.8485
208,"Wartburg_Castle",1.0,1.0,.95,.9667,.9,.92,.15,.3,.5,.65,.7,.8,.2609,.4615,.6552,.7773,.7875,.8558
209,"Fujian_Tulou_Fujian_China",1.0,1.0,1.0,1.0,1.0,.98,.1667,.3333,.3889,.6111,.6667,.7222,.2857,.5,.56,.7586,.8,.8316
210,"Alabama_State_Capitol",.6,.4,.55,.6667,.75,.74,.1429,.1905,.4286,.619,.7143,.8095,.2308,.2581,.4818,.642,.7317,.7732
211,"Palazzo_dAccursio",.8,.9,.9,.8333,.7,.7,.1667,.2778,.4444,.5,.5,.5556,.2759,.4245,.595,.625,.5833,.6195
212,"Casa_Grande_Ruins",.8,.9,.85,.8,.825,.86,.1765,.2353,.3529,.4118,.4706,.4706,.2892,.3731,.4988,.5437,.5993,.6083
213,"Stravinsky_Fountain",1.0,1.0,1.0,.9667,.925,.94,.2,.2667,.4,.5333,.6,.6,.3333,.4211,.5714,.6874,.7279,.7325
214,"Angel_Falls_Venezuela",.6,.7,.65,.6,.55,.58,.1765,.2941,.4118,.5882,.5882,.6471,.2727,.4142,.5042,.5941,.5685,.6117
215,"Statue_of_George_IV",.6,.7,.6,.5333,.5,.46,.25,.5,.5,.625,.75,.875,.3529,.5833,.5455,.5755,.6,.603
216,"Palacio_Barolo",.8,.7,.8,.8667,.9,.9,.2353,.2941,.4118,.4706,.4706,.6471,.3636,.4142,.5437,.61,.618,.7529
217,"Bridge_of_Remembrance_Christchurch_New_Zealand",1.0,1.0,1.0,1.0,.95,.8,.3333,.4167,.75,.9167,1.0,1.0,.5,.5882,.8571,.9565,.9744,.8889
218,"John_A._Roebling_Suspension_Bridge",.0,.2,.35,.4333,.475,.46,.0,.1333,.4,.6,.7333,.8,.0,.16,.3733,.5032,.5766,.5841
219,"Blue_Dome_Santorini",1.0,1.0,.9,.9333,.95,.96,.3125,.4375,.5625,.5625,.6875,.75,.4762,.6087,.6923,.7019,.7977,.8421
220,"Fossar_de_les_Moreres",.4,.7,.75,.6667,.525,.46,.0714,.2857,.5714,.7143,.7143,.7143,.1212,.4058,.6486,.6897,.6052,.5596
221,"Luxor_Obelisk_France",1.0,.9,.8,.7333,.75,.72,.1875,.25,.3125,.375,.375,.4375,.3158,.3913,.4494,.4962,.5,.5443
222,"Valle_de_los_Caidos",1.0,.9,.9,.8667,.9,.86,.25,.35,.5,.55,.65,.65,.4,.504,.6429,.6729,.7548,.7404
--------------------
"--","Avg.",P@5,P@10,P@20,P@30,P@40,P@50,CR@5,CR@10,CR@20,CR@30,CR@40,CR@50,F1@5,F1@10,F1@20,F1@30,F1@40,F1@50
,.,7739,.7982,.8007,.7869,.7765,.766,.1507,.2455,.3766,.4738,.5475,.6083,.2458,.3669,.5008,.5789,.6289,.6628
