--------------------
"Run name","output_runCNN_ADSumSquaredError"
--------------------
"Average P@20 = ",.7946
"Average CR@20 = ",.38
"Average F1@20 = ",.5022
--------------------
"Query Id ","Location name",P@5,P@10,P@20,P@30,P@40,P@50,CR@5,CR@10,CR@20,CR@30,CR@40,CR@50,F1@5,F1@10,F1@20,F1@30,F1@40,F1@50
1,"angel_of_the_north",1.0,1.0,1.0,1.0,1.0,1.0,.12,.2,.32,.48,.56,.68,.2143,.3333,.4848,.6486,.7179,.8095
2,"big_ben",.8,.9,.95,.9,.9,.9,.1818,.3182,.4091,.5,.5,.5,.2963,.4701,.5719,.6429,.6429,.6429
3,"hearst_castle",.8,.9,.9,.9,.925,.92,.125,.2917,.5417,.6667,.7083,.75,.2162,.4406,.6763,.766,.8023,.8263
4,"la_madeleine",.2,.1,.05,.3,.375,.48,.0714,.0714,.0714,.3571,.5714,.8571,.1053,.0833,.0588,.3261,.4528,.6154
5,"pont_alexandre_iii",1.0,1.0,.95,.9667,.975,.98,.16,.32,.4,.44,.48,.68,.2759,.4848,.563,.6047,.6433,.8029
6,"neues_museum",.2,.1,.05,.1667,.25,.4,.04,.04,.04,.12,.24,.44,.0667,.0571,.0444,.1395,.2449,.419
7,"montezuma_castle",.8,.8,.7,.4667,.475,.54,.25,.5,.5,.5,.5833,.75,.381,.6154,.5833,.4828,.5236,.6279
8,"cn_tower",.6,.7,.6,.5667,.65,.68,.125,.25,.375,.4167,.5,.625,.2069,.3684,.4615,.4802,.5652,.6513
9,"acropolis_athens",.8,.7,.85,.8667,.9,.88,.1905,.2857,.4762,.5238,.5714,.619,.3077,.4058,.6104,.653,.699,.7268
10,"agra_fort",.8,.8,.85,.8667,.85,.88,.16,.28,.44,.6,.68,.72,.2667,.4148,.5798,.7091,.7556,.792
11,"albert_memorial",.4,.7,.85,.6667,.65,.7,.0909,.1818,.1818,.3182,.4545,.5,.1481,.2887,.2996,.4308,.535,.5833
12,"altes_museum",.8,.9,.85,.6333,.5,.48,.125,.25,.4167,.5,.5,.5833,.2162,.3913,.5592,.5588,.5,.5266
13,"amiens_cathedral",1.0,1.0,.95,.9667,.975,.96,.16,.24,.48,.6,.72,.72,.2759,.3871,.6378,.7404,.8283,.8229
14,"angkor_wat",.8,.9,.7,.5667,.65,.72,.12,.2,.32,.4,.52,.56,.2087,.3273,.4392,.469,.5778,.63
15,"ara_pacis",.8,.9,.8,.6333,.625,.66,.1818,.3636,.5,.5455,.6364,.7727,.2963,.518,.6154,.5861,.6306,.7119
16,"arc_de_triomphe",1.0,1.0,.9,.8667,.85,.8,.1667,.2917,.4167,.5417,.625,.625,.2857,.4516,.5696,.6667,.7203,.7018
17,"aztec_ruins",.2,.1,.05,.0333,.275,.26,.04,.04,.04,.04,.32,.32,.0667,.0571,.0444,.0364,.2958,.2869
18,"berlin_cathedral",1.0,1.0,.95,.9667,.975,.98,.2,.32,.44,.52,.6,.64,.3333,.4848,.6014,.6762,.7429,.7743
19,"bok_tower_gardens",1.0,.9,.75,.8,.85,.86,.2,.32,.48,.64,.68,.72,.3333,.4721,.5854,.7111,.7556,.7838
20,"brandenburg_gate",1.0,1.0,1.0,1.0,.975,.98,.16,.28,.28,.44,.44,.52,.2759,.4375,.4375,.6111,.6064,.6795
21,"cabrillo",.0,.3,.25,.1667,.15,.14,.0,.2308,.3077,.3077,.3846,.4615,.0,.2609,.2759,.2162,.2158,.2148
22,"casa_batllo",1.0,1.0,1.0,1.0,1.0,1.0,.2,.28,.44,.52,.68,.72,.3333,.4375,.6111,.6842,.8095,.8372
23,"casa_rosada",1.0,.7,.8,.8667,.85,.88,.16,.24,.36,.44,.56,.76,.2759,.3574,.4966,.5837,.6752,.8156
24,"castillo_de_san_marcos",1.0,.9,.6,.5667,.675,.6,.2,.28,.32,.4,.52,.56,.3333,.4271,.4174,.469,.5874,.5793
25,"chartres_cathedral",1.0,1.0,1.0,.9667,.975,.94,.16,.24,.44,.68,.68,.76,.2759,.3871,.6111,.7984,.8012,.8405
26,"chichen_itza",1.0,.9,.75,.8,.8,.82,.2,.24,.36,.4,.48,.6,.3333,.3789,.4865,.5333,.6,.693
27,"christ_the_redeemer_rio",.4,.6,.75,.6333,.55,.52,.087,.1304,.3043,.3043,.4348,.4783,.1429,.2143,.433,.4111,.4857,.4983
28,"civic_center_san_francisco",.4,.7,.75,.7667,.825,.78,.08,.28,.44,.6,.6,.6,.1333,.4,.5546,.6732,.6947,.6783
29,"cologne_cathedral",1.0,1.0,1.0,1.0,.975,.96,.16,.28,.48,.56,.64,.72,.2759,.4375,.6486,.7179,.7728,.8229
30,"colosseum",1.0,1.0,1.0,1.0,1.0,.98,.16,.2,.4,.48,.6,.6,.2759,.3333,.5714,.6486,.75,.7443
31,"doge_s_palace",1.0,1.0,1.0,.9,.75,.78,.2,.24,.32,.44,.48,.48,.3333,.3871,.4848,.591,.5854,.5943
32,"eiffel_tower",1.0,1.0,1.0,1.0,1.0,1.0,.2,.24,.36,.4,.48,.56,.3333,.3871,.5294,.5714,.6486,.7179
33,"golden_gate_bridge",.8,.7,.85,.8667,.825,.86,.1304,.2174,.3913,.4783,.4783,.5652,.2243,.3318,.5359,.6164,.6055,.6821
34,"grand_palais",1.0,.9,.9,.8667,.9,.92,.0909,.1364,.4091,.4091,.5,.5455,.1667,.2368,.5625,.5558,.6429,.6849
35,"guggenheim_museum_bilbao",1.0,1.0,1.0,.9333,.95,.96,.12,.2,.44,.56,.64,.72,.2143,.3333,.6111,.7,.7648,.8229
36,"hagia_sophia_istanbul",1.0,1.0,1.0,1.0,1.0,.96,.12,.24,.36,.44,.56,.6,.2143,.3871,.5294,.6111,.7179,.7385
37,"hoover_dam",.8,.9,.9,.9333,.9,.92,.16,.2,.4,.52,.56,.6,.2667,.3273,.5538,.6679,.6904,.7263
38,"humayun_tomb",.8,.7,.55,.6667,.675,.72,.12,.2,.28,.44,.6,.6,.2087,.3111,.3711,.5301,.6353,.6545
39,"iguazu_falls",.4,.6,.8,.8,.85,.8,.08,.16,.36,.56,.6,.64,.1333,.2526,.4966,.6588,.7034,.7111
40,"iolani_palace",1.0,1.0,1.0,.9667,.725,.68,.12,.16,.36,.56,.56,.64,.2143,.2759,.5294,.7092,.6319,.6594
41,"la_mezquita",.6,.7,.8,.8667,.775,.66,.125,.25,.4583,.5417,.5417,.625,.2069,.3684,.5828,.6667,.6377,.642
42,"la_rambla_barcelona",.6,.8,.9,.9333,.875,.9,.12,.24,.4,.48,.56,.56,.2,.3692,.5538,.634,.6829,.6904
43,"la_sainte_chapelle",.8,.8,.9,.9333,.95,.96,.16,.28,.44,.6,.68,.8,.2667,.4148,.591,.7304,.7926,.8727
44,"liberty_memorial",.8,.6,.35,.5667,.675,.7,.08,.12,.16,.24,.48,.56,.1455,.2,.2196,.3372,.561,.6222
45,"lincoln_home",.8,.7,.65,.7333,.675,.64,.1111,.2222,.3889,.4444,.5556,.6667,.1951,.3373,.4866,.5535,.6095,.6531
46,"machu_picchu",.8,.9,.8,.6333,.675,.68,.16,.28,.44,.52,.56,.64,.2667,.4271,.5677,.5711,.6121,.6594
47,"marble_arch_london",.4,.5,.55,.5667,.475,.38,.1667,.4167,.5833,.6667,.75,.75,.2353,.4545,.5662,.6126,.5816,.5044
48,"milan_cathedral",1.0,1.0,1.0,.8667,.85,.88,.16,.28,.4,.56,.68,.76,.2759,.4375,.5714,.6804,.7556,.8156
49,"mole_antonelliana",.8,.9,.85,.9,.75,.7,.12,.2,.2,.36,.4,.48,.2087,.3273,.3238,.5143,.5217,.5695
50,"mont_saint_michel",.8,.9,.95,.9667,.975,.96,.16,.32,.44,.52,.56,.64,.2667,.4721,.6014,.6762,.7114,.768
51,"moulin_rouge",.0,.0,.05,.1,.075,.1,.0,.0,.125,.25,.25,.5,.0,.0,.0714,.1429,.1154,.1667
52,"nelson_s_column",1.0,.9,.95,.9667,.975,.98,.125,.1667,.375,.5,.5417,.5833,.2222,.2812,.5377,.6591,.6964,.7313
53,"notre_dame_de_paris",.6,.8,.85,.9,.925,.9,.12,.24,.36,.52,.68,.68,.2,.3692,.5058,.6592,.7838,.7747
54,"obelisco",.4,.3,.15,.1,.075,.1,.1818,.1818,.1818,.1818,.1818,.2727,.25,.2264,.1644,.129,.1062,.1463
55,"piccadilly_circus",.8,.9,.85,.7667,.725,.78,.1304,.2174,.3913,.4348,.4783,.6087,.2243,.3502,.5359,.5549,.5763,.6838
56,"place_de_la_concorde",1.0,1.0,1.0,1.0,.975,.98,.16,.2,.36,.48,.6,.68,.2759,.3333,.5294,.6486,.7429,.8029
57,"place_de_la_republique",.2,.3,.3,.3333,.25,.2,.125,.25,.5,.75,.75,.75,.1538,.2727,.375,.4615,.375,.3158
58,"place_des_vosges",.8,.8,.7,.8,.85,.88,.12,.2,.24,.4,.56,.68,.2087,.32,.3574,.5333,.6752,.7672
59,"pont_du_gard",.6,.8,.85,.8667,.9,.78,.08,.16,.36,.44,.6,.6,.1412,.2667,.5058,.5837,.72,.6783
60,"pont_neuf",1.0,1.0,.9,.9,.875,.74,.16,.24,.4,.56,.64,.64,.2759,.3871,.5538,.6904,.7393,.6864
61,"ponte_vecchio",1.0,.9,.9,.8667,.9,.88,.1667,.25,.4167,.5417,.5833,.5833,.2857,.3913,.5696,.6667,.7079,.7016
62,"puerta_de_alcala",.6,.3,.3,.5,.55,.6,.1579,.1579,.3158,.4211,.4737,.5789,.25,.2069,.3077,.4571,.509,.5893
63,"puerta_del_sol",.8,.8,.6,.6333,.475,.4,.15,.2,.3,.4,.4,.4,.2526,.32,.4,.4903,.4343,.4
64,"red_fort",1.0,1.0,1.0,1.0,1.0,1.0,.16,.32,.44,.6,.68,.76,.2759,.4848,.6111,.75,.8095,.8636
65,"reims_cathedral",1.0,1.0,.85,.8333,.875,.9,.2,.28,.32,.44,.52,.6,.3333,.4375,.465,.5759,.6523,.72
66,"rialto_bridge",.8,.9,.95,.7667,.725,.72,.1875,.25,.375,.4375,.625,.6875,.3038,.3913,.5377,.5571,.6713,.7034
67,"roman_forum_rome",.6,.8,.8,.8,.7,.72,.12,.2,.4,.52,.52,.6,.2,.32,.5333,.6303,.5967,.6545
68,"sacre_coeur",.2,.3,.55,.5333,.625,.62,.0417,.0833,.2083,.2917,.375,.4583,.069,.1304,.3022,.3771,.4688,.527
69,"sagrada_familia",1.0,.9,.95,.9333,.95,.94,.16,.2,.36,.44,.56,.6,.2759,.3273,.5221,.5981,.7046,.7325
70,"santa_maria_novella",.8,.5,.25,.5,.625,.6,.12,.16,.16,.36,.44,.48,.2087,.2424,.1951,.4186,.5164,.5333
71,"schonbrunn_palace",1.0,1.0,1.0,.9667,.975,.98,.12,.24,.48,.48,.52,.56,.2143,.3871,.6486,.6415,.6783,.7127
72,"seville_cathedral",.8,.7,.8,.8667,.875,.9,.16,.28,.36,.44,.52,.6,.2667,.4,.4966,.5837,.6523,.72
73,"spanish_steps",.8,.9,.8,.7,.7,.7,.1364,.2273,.4091,.5,.6818,.7273,.233,.3629,.5414,.5833,.6908,.7134
74,"st__basil_cathedral",.8,.9,.95,.8333,.85,.86,.16,.32,.52,.56,.6,.6,.2667,.4721,.6721,.6699,.7034,.7068
75,"statue_of_liberty",1.0,1.0,.85,.8,.825,.82,.16,.2,.36,.52,.6,.64,.2759,.3333,.5058,.6303,.6947,.7189
76,"stonehenge",.8,.8,.65,.7,.625,.54,.1053,.2105,.2632,.4737,.5263,.5789,.186,.3333,.3746,.565,.5714,.5588
77,"summer_palace_beijing",.8,.9,.95,.9333,.95,.96,.12,.24,.36,.4,.52,.6,.2087,.3789,.5221,.56,.6721,.7385
78,"sydney_opera_house",1.0,1.0,1.0,.9667,.975,.92,.2,.24,.36,.44,.48,.52,.3333,.3871,.5294,.6047,.6433,.6644
79,"teotihuacan",.8,.8,.7,.5667,.6,.6,.16,.2,.4,.44,.48,.6,.2667,.32,.5091,.4954,.5333,.6
80,"terracotta_army",.2,.6,.75,.5333,.4,.36,.05,.25,.45,.5,.5,.5,.08,.3529,.5625,.5161,.4444,.4186
81,"the_blue_mosque",.6,.8,.85,.8667,.9,.9,.08,.2,.32,.4,.44,.6,.1412,.32,.465,.5474,.591,.72
82,"the_henry_ford",.8,.9,.9,.7333,.625,.68,.12,.24,.36,.36,.48,.56,.2087,.3789,.5143,.4829,.543,.6142
83,"taj_mahal",1.0,.9,.8,.8667,.9,.92,.2,.32,.44,.52,.56,.64,.3333,.4721,.5677,.65,.6904,.7549
84,"tour_montparnasse",.4,.5,.7,.6333,.6,.48,.1,.2,.35,.45,.55,.55,.16,.2857,.4667,.5262,.5739,.5126
85,"tower_bridge_london",.8,.7,.7,.6667,.625,.54,.12,.2,.36,.44,.48,.52,.2087,.3111,.4755,.5301,.543,.5298
86,"trafalgar_square",.6,.5,.55,.4667,.475,.44,.1364,.2273,.3182,.3636,.5,.5,.2222,.3125,.4031,.4088,.4872,.4681
87,"leaning_tower_of_pisa",.6,.5,.45,.5,.425,.46,.12,.2,.24,.4,.44,.48,.2,.2857,.313,.4444,.4324,.4698
88,"hermitage_museum_saint_petersburg",.8,.9,.85,.9,.925,.86,.12,.2,.4,.52,.68,.72,.2087,.3273,.544,.6592,.7838,.7838
89,"jantar_mantar_jaipur",.6,.7,.75,.7667,.8,.84,.12,.24,.4,.56,.68,.84,.2,.3574,.5217,.6472,.7351,.84
90,"lake_titicaca_peru",.6,.5,.55,.5,.45,.46,.125,.1667,.3333,.375,.4167,.5417,.2069,.25,.4151,.4286,.4327,.4975
91,"the_great_wall_of_china",.6,.8,.7,.8,.825,.86,.08,.16,.32,.4,.52,.6,.1412,.2667,.4392,.5333,.6379,.7068
92,"grande_arche_paris",.4,.6,.6,.5667,.575,.66,.08,.2,.28,.32,.32,.4,.1333,.3,.3818,.409,.4112,.4981
93,"el_angel_mexico",.8,.9,.8,.7333,.625,.62,.1429,.2381,.381,.5714,.619,.6667,.2424,.3766,.5161,.6423,.622,.6425
94,"bibliotheque_nationale_de_france",.6,.6,.75,.7667,.725,.7,.12,.12,.2,.32,.4,.48,.2,.2,.3158,.4515,.5156,.5695
95,"kronborg_castle",1.0,.6,.75,.7333,.675,.64,.1667,.1667,.375,.5,.5417,.5833,.2857,.2609,.5,.5946,.601,.6104
96,"ajanta_caves",.8,.8,.8,.8667,.9,.92,.1818,.2727,.4545,.5455,.6364,.6818,.2963,.4068,.5797,.6695,.7456,.7832
97,"atomium",.8,.9,.95,.9667,.975,.96,.1905,.2857,.381,.4286,.4286,.4286,.3077,.4337,.5438,.5939,.5954,.5926
98,"ellora_caves",1.0,1.0,1.0,1.0,.95,.94,.2273,.2727,.3182,.4091,.5,.5909,.3704,.4286,.4828,.5806,.6552,.7257
99,"potala_palace",.6,.8,.9,.8667,.9,.86,.1667,.2222,.2778,.3889,.4444,.5556,.2609,.3478,.4245,.5369,.595,.675
100,"jokhang",.8,.9,.85,.8,.725,.74,.16,.32,.44,.56,.6,.68,.2667,.4721,.5798,.6588,.6566,.7087
101,"rila_monastery",.8,.7,.75,.8333,.875,.9,.08,.2,.24,.32,.4,.48,.1455,.3111,.3636,.4624,.549,.6261
102,"louvre_pyramid",1.0,.9,.9,.8333,.875,.88,.2778,.3333,.5,.5556,.6111,.6667,.4348,.4865,.6429,.6667,.7196,.7586
103,"brooklyn_bridge",.8,.9,.9,.8667,.825,.84,.0952,.1905,.381,.4286,.4286,.4762,.1702,.3144,.5353,.5735,.5641,.6078
104,"tower_of_london",.8,.7,.8,.7667,.75,.72,.1304,.2174,.3043,.3913,.5217,.5652,.2243,.3318,.4409,.5181,.6154,.6333
105,"british_museum_london",1.0,1.0,1.0,1.0,1.0,.94,.1,.15,.3,.35,.5,.55,.1818,.2609,.4615,.5185,.6667,.694
106,"buckingham_palace",.4,.7,.55,.4667,.425,.44,.1,.2,.2,.2,.3,.35,.16,.3111,.2933,.28,.3517,.3899
107,"charles_bridge_prague",.6,.8,.9,.8,.675,.58,.0833,.125,.2917,.3333,.375,.375,.1463,.2162,.4406,.4706,.4821,.4555
108,"champs_elysees_paris",.2,.6,.55,.5667,.575,.62,.0667,.2,.2667,.4,.4667,.5333,.1,.3,.3592,.469,.5152,.5734
109,"chrysler_building",1.0,1.0,1.0,1.0,.95,.96,.2143,.4286,.5714,.7857,.8571,.9286,.3529,.6,.7273,.88,.9012,.944
110,"moma_new_york",.6,.7,.8,.8667,.9,.92,.1053,.2105,.2632,.4211,.5263,.5789,.1791,.3237,.396,.5668,.6642,.7107
111,"grand_central_terminal",1.0,1.0,1.0,1.0,1.0,.96,.0952,.1905,.2381,.2381,.381,.5238,.1739,.32,.3846,.3846,.5517,.6778
112,"houses_of_parliament",1.0,1.0,1.0,1.0,1.0,1.0,.1304,.2609,.3043,.3913,.4348,.4783,.2308,.4138,.4667,.5625,.6061,.6471
113,"alexanderplatz_berlin",.4,.2,.3,.5333,.6,.58,.08,.08,.16,.36,.4,.44,.1333,.1143,.2087,.4299,.48,.5004
114,"centre_pompidou",.8,.9,.65,.7667,.625,.62,.2222,.2778,.3889,.5,.5,.5,.3478,.4245,.4866,.6053,.5556,.5536
115,"sydney_harbour_bridge",1.0,1.0,1.0,1.0,1.0,1.0,.25,.375,.5,.5625,.5625,.5625,.4,.5455,.6667,.72,.72,.72
116,"pier_39",.6,.7,.85,.8667,.9,.88,.1429,.2857,.2857,.5238,.5714,.6667,.2308,.4058,.4277,.653,.699,.7586
117,"coit_tower",.8,.8,.7,.5333,.5,.58,.2,.2667,.3333,.4,.4,.4667,.32,.4,.4516,.4571,.4444,.5172
118,"st_paul_s_cathedral_london",.8,.9,.95,.9667,.875,.84,.2353,.2941,.4118,.6471,.6471,.7647,.3636,.4433,.5745,.7752,.744,.8006
119,"cloud_gate",.8,.6,.8,.7333,.55,.58,.25,.3333,.4167,.4167,.4167,.4167,.381,.4286,.5479,.5314,.4741,.4849
120,"musee_d_orsay",1.0,1.0,.9,.8667,.9,.92,.0952,.1905,.3333,.4762,.5714,.6667,.1739,.32,.4865,.6147,.699,.7731
121,"pike_place_market",1.0,1.0,.95,.8,.825,.82,.2381,.3333,.4762,.4762,.4762,.619,.3846,.5,.6344,.597,.6038,.7055
122,"royal_palace_madrid",.6,.8,.9,.8667,.8,.78,.1364,.2273,.4091,.4545,.5,.5909,.2222,.354,.5625,.5963,.6154,.6724
123,"sony_center_berlin",.6,.8,.85,.8667,.9,.92,.0952,.2381,.2381,.4762,.4762,.4762,.1644,.367,.372,.6147,.6228,.6276
124,"red_square_moscow",.8,.9,.7,.7,.675,.7,.0952,.2381,.3333,.4286,.5238,.619,.1702,.3766,.4516,.5316,.5899,.657
125,"prague_castle",.8,.8,.9,.9,.875,.82,.12,.2,.36,.56,.64,.64,.2087,.32,.5143,.6904,.7393,.7189
126,"musee_du_louvre",.8,.8,.9,.9333,.95,.96,.12,.2,.32,.48,.56,.64,.2087,.32,.4721,.634,.7046,.768
127,"millennium_bridge_london",1.0,.8,.7,.7,.775,.82,.16,.28,.36,.36,.52,.52,.2759,.4148,.4755,.4755,.6224,.6364
128,"casa_mila",1.0,1.0,1.0,1.0,.975,.92,.16,.32,.36,.52,.6,.68,.2759,.4848,.5294,.6842,.7429,.782
129,"national_gallery_london",.6,.8,.7,.6667,.6,.56,.1364,.3182,.5,.5,.5,.5455,.2222,.4553,.5833,.5714,.5455,.5526
130,"national_mall",1.0,1.0,.85,.8667,.85,.84,.2,.4,.56,.68,.8,.92,.3333,.5714,.6752,.7621,.8242,.8782
131,"london_city_hall",.8,.9,.95,.9667,.95,.9,.2,.35,.5,.5,.55,.55,.32,.504,.6552,.6591,.6967,.6828
132,"holocaust_memorial",.6,.8,.8,.6667,.7,.68,.125,.25,.4375,.5,.5625,.625,.2069,.381,.5657,.5714,.6238,.6513
133,"columbus_circle",1.0,.7,.7,.7333,.625,.56,.16,.24,.4,.52,.56,.64,.2759,.3574,.5091,.6085,.5907,.5973
134,"siegessaeule",1.0,1.0,1.0,1.0,.8,.68,.16,.2,.48,.6,.68,.72,.2759,.3333,.6486,.75,.7351,.6994
135,"jardin_du_luxembourg",1.0,1.0,1.0,1.0,1.0,1.0,.16,.24,.44,.56,.64,.8,.2759,.3871,.6111,.7179,.7805,.8889
136,"merlion_singapore",.2,.2,.15,.2,.225,.2,.0455,.0909,.1364,.2273,.3182,.3636,.0741,.125,.1429,.2128,.2636,.2581
137,"harrods_london",1.0,1.0,1.0,.9,.775,.78,.16,.28,.48,.6,.64,.68,.2759,.4375,.6486,.72,.7011,.7266
138,"metropolitan_museum_of_art_new_york",1.0,1.0,1.0,.9,.925,.94,.16,.24,.4,.44,.52,.6,.2759,.3871,.5714,.591,.6657,.7325
139,"new_york_stock_exchange",.8,.9,.9,.9333,.8,.66,.2,.3,.45,.45,.5,.55,.32,.45,.6,.6072,.6154,.6
140,"stephansdom_vienna",1.0,1.0,1.0,1.0,1.0,1.0,.12,.28,.48,.6,.64,.68,.2143,.4375,.6486,.75,.7805,.8095
141,"hms_belfast",1.0,1.0,1.0,1.0,1.0,.96,.12,.16,.32,.4,.52,.56,.2143,.2759,.4848,.5714,.6842,.7074
142,"leicester_square",1.0,1.0,.9,.8,.8,.82,.16,.2,.24,.36,.44,.52,.2759,.3333,.3789,.4966,.5677,.6364
143,"ciudad_de_las_artes_y_las_ciencias",.8,.9,.95,.9667,.975,.96,.12,.28,.52,.6,.68,.8,.2087,.4271,.6721,.7404,.8012,.8727
144,"topkapi_palace",1.0,1.0,.95,.9667,.975,.96,.2,.32,.48,.52,.6,.68,.3333,.4848,.6378,.6762,.7429,.7961
145,"royal_albert_hall",1.0,1.0,.95,.7333,.775,.8,.16,.2,.44,.44,.44,.48,.2759,.3333,.6014,.55,.5613,.6
146,"st_vitus_cathedral",1.0,1.0,.95,.9667,.95,.92,.16,.28,.48,.48,.52,.64,.2759,.4375,.6378,.6415,.6721,.7549
147,"castello_sforzesco",1.0,1.0,.9,.8667,.9,.9,.16,.24,.36,.4,.48,.52,.2759,.3871,.5143,.5474,.6261,.6592
148,"rijksmuseum_amsterdam",1.0,1.0,1.0,1.0,1.0,1.0,.16,.16,.16,.4,.48,.64,.2759,.2759,.2759,.5714,.6486,.7805
149,"dam_square",.8,.7,.8,.8,.75,.7,.16,.16,.28,.36,.36,.44,.2667,.2605,.4148,.4966,.4865,.5404
150,"rathaus_vienna",.6,.7,.75,.7,.725,.72,.08,.16,.28,.28,.32,.36,.1412,.2605,.4078,.4,.444,.48
151,"bath_abbey",1.0,1.0,1.0,1.0,.975,.96,.2,.32,.52,.72,.76,.84,.3333,.4848,.6842,.8372,.8542,.896
152,"salisbury_cathedral",1.0,1.0,1.0,1.0,1.0,1.0,.16,.28,.4,.4,.56,.6,.2759,.4375,.5714,.5714,.7179,.75
153,"templo_de_debod",.4,.2,.35,.3,.325,.44,.0909,.0909,.2273,.2727,.3636,.4091,.1481,.125,.2756,.2857,.3432,.424
154,"Niagara_Falls",.4,.6,.55,.5667,.625,.54,.0909,.1818,.3182,.4091,.4091,.4545,.1481,.2791,.4031,.4752,.4945,.4936
155,"Golden_Gate_Bridge_in_San_Francisco",1.0,.9,.9,.9,.925,.94,.1818,.2273,.3636,.4545,.5909,.6818,.3077,.3629,.518,.604,.7211,.7904
156,"Neuschwanstein_Castle",1.0,1.0,1.0,1.0,.975,.98,.16,.24,.36,.6,.68,.68,.2759,.3871,.5294,.75,.8012,.8029
157,"Christ_Church_Cathedral_Missouri",1.0,1.0,.95,.9,.925,.92,.2,.36,.56,.64,.68,.76,.3333,.5294,.7046,.7481,.7838,.8324
158,"Mount_Rushmore_in_South_Dakota",1.0,.8,.9,.9333,.95,.96,.16,.28,.36,.4,.52,.68,.2759,.4148,.5143,.56,.6721,.7961
159,"Puerta_de_Toledo",.2,.3,.15,.1,.075,.06,.5,1.0,1.0,1.0,1.0,1.0,.2857,.4615,.2609,.1818,.1395,.1132
160,"Urquhart_Castle",1.0,.9,.9,.7667,.8,.82,.2083,.2917,.4167,.4583,.625,.7083,.3448,.4406,.5696,.5737,.7018,.7601
161,"Gare_du_Nord_Paris",.8,.9,.7,.7667,.825,.86,.16,.24,.28,.32,.36,.36,.2667,.3789,.4,.4515,.5013,.5075
162,"Newgrange_in_Ireland",.8,.7,.7,.7333,.725,.66,.125,.2083,.3333,.4167,.4583,.5417,.2162,.3211,.4516,.5314,.5616,.595
163,"Windmills_at_Kinderdijk",1.0,1.0,.95,.8667,.85,.84,.16,.2,.32,.4,.52,.56,.2759,.3333,.4787,.5474,.6453,.672
164,"Conciergerie",.8,.9,.95,.9667,.95,.94,.16,.28,.48,.6,.64,.72,.2667,.4271,.6378,.7404,.7648,.8154
165,"Palazzo_Madama",.6,.8,.8,.8,.725,.72,.1364,.3636,.5,.5909,.5909,.6818,.2222,.5,.6154,.6797,.6511,.7004
166,"Split_Rock_Lighthouse",.8,.9,.95,.9333,.875,.86,.12,.16,.2,.24,.32,.4,.2087,.2717,.3304,.3818,.4686,.546
167,"The_Little_Mermaid_Denmark",1.0,.9,.8,.7333,.8,.76,.2143,.2857,.5,.6429,.7143,.7857,.3529,.4337,.6154,.6851,.7547,.7726
168,"Great_Pyramid_of_Giza",.6,.5,.6,.5333,.625,.64,.2,.2667,.5333,.6,.6667,.7333,.3,.3478,.5647,.5647,.6452,.6835
169,"Pitti_Palace",.6,.8,.8,.8667,.875,.82,.0909,.1818,.4091,.5455,.5455,.5455,.1579,.2963,.5414,.6695,.672,.6551
170,"Georgia_State_Capitol",.6,.6,.55,.4667,.45,.38,.1053,.1579,.2632,.2632,.2632,.2632,.1791,.25,.356,.3365,.3321,.311
171,"Dome_des_Invalides",1.0,1.0,1.0,.9667,.975,.98,.12,.24,.36,.4,.44,.44,.2143,.3871,.5294,.5659,.6064,.6073
172,"Reggia_di_Caserta",1.0,.9,.65,.6,.475,.52,.2,.28,.4,.48,.48,.52,.3333,.4271,.4952,.5333,.4775,.52
173,"The_Burj_al_Arab_Hotel",.8,.7,.75,.8333,.875,.84,.16,.2,.44,.48,.52,.52,.2667,.3111,.5546,.6091,.6523,.6424
174,"Elephanta_Caves",.8,.9,.95,.9667,.95,.96,.1667,.25,.4583,.5,.5833,.7083,.2759,.3913,.6183,.6591,.7228,.8152
175,"Basilica_of_Santa_Croce",1.0,1.0,1.0,1.0,1.0,1.0,.16,.2,.24,.48,.64,.64,.2759,.3333,.3871,.6486,.7805,.7805
176,"Aachen_Cathedral",1.0,1.0,.95,.9333,.9,.92,.16,.28,.44,.44,.6,.64,.2759,.4375,.6014,.5981,.72,.7549
177,"Monument_to_the_Great_Fire_of_London",1.0,.8,.6,.5333,.425,.5,.16,.2,.28,.36,.36,.52,.2759,.32,.3818,.4299,.3898,.5098
178,"Longmen_Grottoes",.8,.7,.7,.5333,.55,.52,.12,.24,.48,.48,.6,.64,.2087,.3574,.5695,.5053,.5739,.5738
179,"Louisiana_State_Capitol",.4,.5,.35,.2667,.225,.26,.08,.2,.2,.2,.24,.32,.1333,.2857,.2545,.2286,.2323,.2869
180,"The_Great_Sphinx_at_Giza",1.0,1.0,.85,.9,.85,.88,.16,.2,.28,.36,.56,.64,.2759,.3333,.4212,.5143,.6752,.7411
181,"Teatro_Real_Madrid",1.0,1.0,1.0,1.0,.825,.68,.1739,.3478,.5652,.7391,.7826,.7826,.2963,.5161,.7222,.85,.8032,.7277
182,"Palacio_de_la_Magdalena",.2,.5,.75,.7667,.8,.8,.04,.16,.4,.48,.56,.68,.0667,.2424,.5217,.5904,.6588,.7351
183,"Sowjetisches_Ehrenmal",.6,.4,.5,.6,.625,.7,.12,.16,.28,.48,.6,.64,.2,.2286,.359,.5333,.6122,.6687
184,"Cathedral_of_Trier",1.0,1.0,1.0,.9667,.9,.9,.12,.32,.56,.72,.8,.88,.2143,.4848,.7179,.8253,.8471,.8899
185,"Saint_Mary_of_the_Flower",.4,.2,.1,.1333,.125,.1,.08,.08,.08,.12,.16,.16,.1333,.1143,.0889,.1263,.1404,.1231
186,"Skellig_Michael",1.0,1.0,.8,.7,.75,.68,.2,.32,.44,.56,.6,.6,.3333,.4848,.5677,.6222,.6667,.6375
187,"Chicago_Board_of_Trade_Building",.8,.9,.95,.9667,.925,.88,.1818,.2727,.5,.5909,.6364,.7273,.2963,.4186,.6552,.7335,.754,.7964
188,"Pont_de_Normandie_France",1.0,1.0,1.0,.9333,.925,.92,.1053,.3684,.5263,.5789,.7895,.8421,.1905,.5385,.6897,.7146,.8519,.8793
189,"Palazzo_Rosso",.0,.0,.0,.0,.075,.08,.0,.0,.0,.0,.0833,.125,.0,.0,.0,.0,.0789,.0976
190,"Piazza_Vittorio_Veneto",.8,.9,.7,.5333,.425,.38,.1875,.375,.4375,.5,.5,.5625,.3038,.5294,.5385,.5161,.4595,.4536
191,"Sforza_Castle",1.0,1.0,.95,.9333,.95,.96,.16,.32,.48,.56,.68,.72,.2759,.4848,.6378,.7,.7926,.8229
192,"Torres_KIO",1.0,1.0,.9,.9333,.925,.94,.2,.32,.4,.44,.52,.56,.3333,.4848,.5538,.5981,.6657,.7019
193,"Torre_Picasso",.8,.9,.95,.9667,.775,.66,.125,.25,.4583,.5833,.6667,.6667,.2162,.3913,.6183,.7276,.7168,.6633
194,"The_Palace_of_Parliament_in_Bucharest",.6,.7,.85,.9,.9,.92,.12,.2,.24,.24,.36,.6,.2,.3111,.3743,.3789,.5143,.7263
195,"Ernest_Hemingway_House",.6,.8,.85,.8667,.825,.76,.12,.24,.44,.56,.56,.64,.2,.3692,.5798,.6804,.6671,.6949
196,"Castel_dellOvo_Napoli",.8,.9,.85,.8667,.9,.92,.16,.28,.48,.6,.68,.76,.2667,.4271,.6135,.7091,.7747,.8324
197,"Villa_Borghese_gardens",.8,.8,.9,.9333,.95,.96,.16,.2,.44,.68,.76,.84,.2667,.32,.591,.7868,.8444,.896
198,"Saint_Marks_Basilica",1.0,1.0,1.0,1.0,1.0,1.0,.2,.28,.44,.44,.44,.44,.3333,.4375,.6111,.6111,.6111,.6111
199,"Mausoleum_of_the_First_Qin_Emperor",.8,.9,.95,.8667,.75,.8,.16,.32,.36,.44,.52,.52,.2667,.4721,.5221,.5837,.6142,.6303
200,"Mausoleum_of_Hadrian",1.0,1.0,.9,.9,.875,.9,.1667,.3333,.5,.5556,.5556,.6667,.2857,.5,.6429,.687,.6796,.766
201,"Piazza_de_Ferrari",1.0,1.0,1.0,.9667,.975,.94,.2105,.3158,.3684,.5263,.5789,.5789,.3478,.48,.5385,.6816,.7265,.7166
202,"George_Washington_Carver",.8,.9,.85,.8,.75,.64,.25,.3125,.375,.5625,.5625,.5625,.381,.4639,.5204,.6606,.6429,.5988
203,"Cathedral_of_Santiago_de_Compostela",1.0,1.0,1.0,.9333,.85,.86,.1765,.3529,.4706,.7059,.7647,.7647,.3,.5217,.64,.8038,.8051,.8096
204,"Saint-Jacques_Tower",.8,.9,.85,.8333,.8,.74,.2308,.3846,.3846,.3846,.4615,.5385,.3582,.5389,.5296,.5263,.5854,.6233
205,"Calakmul_Campeche_Mexico",1.0,1.0,.9,.9,.9,.88,.2857,.3571,.4286,.5,.6429,.7143,.4444,.5263,.5806,.6429,.75,.7885
206,"Bran_Castle_in_Transylvania",1.0,.8,.8,.8333,.85,.86,.1579,.2105,.3158,.3684,.4211,.5263,.2727,.3333,.4528,.5109,.5631,.653
207,"Mosteiro_da_Batalha",1.0,1.0,1.0,1.0,1.0,1.0,.2632,.3158,.4211,.6316,.6842,.6842,.4167,.48,.5926,.7742,.8125,.8125
208,"Wartburg_Castle",1.0,1.0,.95,.9667,.9,.92,.15,.3,.55,.65,.7,.8,.2609,.4615,.6967,.7773,.7875,.8558
209,"Fujian_Tulou_Fujian_China",1.0,1.0,1.0,1.0,1.0,.98,.1667,.3333,.3889,.6111,.6667,.7222,.2857,.5,.56,.7586,.8,.8316
210,"Alabama_State_Capitol",.4,.3,.55,.6667,.75,.74,.0952,.1429,.4286,.5714,.7619,.8095,.1538,.1935,.4818,.6154,.7559,.7732
211,"Palazzo_dAccursio",.8,.8,.8,.8,.725,.68,.1667,.2778,.3889,.5,.5556,.6111,.2759,.4124,.5234,.6154,.6291,.6437
212,"Casa_Grande_Ruins",.8,.8,.8,.7667,.75,.78,.2353,.3529,.4118,.4706,.5294,.5294,.3636,.4898,.5437,.5832,.6207,.6307
213,"Stravinsky_Fountain",1.0,1.0,1.0,1.0,1.0,.96,.1333,.2667,.4667,.5333,.6,.6,.2353,.4211,.6364,.6957,.75,.7385
214,"Angel_Falls_Venezuela",.8,.6,.5,.5667,.575,.58,.1765,.2941,.4706,.5882,.7059,.7059,.2892,.3947,.4848,.5772,.6338,.6368
215,"Statue_of_George_IV",.6,.7,.6,.5333,.5,.46,.25,.5,.5,.625,.75,.875,.3529,.5833,.5455,.5755,.6,.603
216,"Palacio_Barolo",.8,.6,.8,.8667,.9,.92,.2353,.2353,.4706,.4706,.5294,.6471,.3636,.338,.5926,.61,.6667,.7598
217,"Bridge_of_Remembrance_Christchurch_New_Zealand",.8,.9,.95,.9667,.95,.78,.1667,.4167,.6667,.9167,1.0,1.0,.2759,.5696,.7835,.941,.9744,.8764
218,"John_A._Roebling_Suspension_Bridge",.0,.2,.4,.3333,.4,.44,.0,.1333,.4667,.5333,.6667,.7333,.0,.16,.4308,.4103,.5,.55
219,"Blue_Dome_Santorini",1.0,1.0,.9,.9333,.95,.96,.3125,.4375,.5625,.625,.75,.75,.4762,.6087,.6923,.7487,.8382,.8421
220,"Fossar_de_les_Moreres",.6,.8,.75,.7,.525,.46,.1429,.2857,.5714,.7143,.7143,.7143,.2308,.4211,.6486,.7071,.6052,.5596
221,"Luxor_Obelisk_France",.6,.7,.75,.7667,.75,.76,.1875,.1875,.3125,.375,.375,.5,.2857,.2958,.4412,.5036,.5,.6032
222,"Valle_de_los_Caidos",1.0,.8,.9,.9,.9,.92,.25,.3,.55,.65,.7,.8,.4,.4364,.6828,.7548,.7875,.8558
--------------------
"--","Avg.",P@5,P@10,P@20,P@30,P@40,P@50,CR@5,CR@10,CR@20,CR@30,CR@40,CR@50,F1@5,F1@10,F1@20,F1@30,F1@40,F1@50
,.,7838,.8027,.7946,.7833,.7712,.7631,.1491,.247,.38,.4754,.5469,.6091,.2459,.3689,.5022,.5783,.6257,.6618
