--------------------
"Run name","output_runJCDXBIndex"
--------------------
"Average P@20 = ",.8005
"Average CR@20 = ",.3724
"Average F1@20 = ",.4964
--------------------
"Query Id ","Location name",P@5,P@10,P@20,P@30,P@40,P@50,CR@5,CR@10,CR@20,CR@30,CR@40,CR@50,F1@5,F1@10,F1@20,F1@30,F1@40,F1@50
1,"angel_of_the_north",1.0,1.0,1.0,1.0,1.0,1.0,.16,.24,.36,.52,.6,.64,.2759,.3871,.5294,.6842,.75,.7805
2,"big_ben",1.0,1.0,1.0,1.0,.9,.88,.2273,.3182,.4091,.4545,.5909,.6364,.3704,.4828,.5806,.625,.7134,.7386
3,"hearst_castle",1.0,.9,.95,.9333,.925,.92,.1667,.3333,.5417,.7083,.8333,.8333,.2857,.4865,.6899,.8054,.8768,.8745
4,"la_madeleine",.0,.0,.15,.3,.475,.44,.0,.0,.2143,.4286,.7143,.7857,.0,.0,.1765,.3529,.5706,.5641
5,"pont_alexandre_iii",1.0,1.0,.95,.9667,.975,.98,.2,.28,.32,.4,.52,.68,.3333,.4375,.4787,.5659,.6783,.8029
6,"neues_museum",.0,.0,.0,.1,.275,.4,.0,.0,.0,.12,.28,.48,.0,.0,.0,.1091,.2775,.4364
7,"montezuma_castle",1.0,.9,.65,.6,.55,.54,.25,.4167,.5,.5833,.5833,.6667,.4,.5696,.5652,.5915,.5662,.5967
8,"cn_tower",.6,.5,.55,.6333,.7,.74,.125,.1667,.2917,.375,.5833,.625,.2069,.25,.3812,.4711,.6364,.6777
9,"acropolis_athens",.6,.7,.8,.8667,.85,.88,.0952,.2381,.4286,.4762,.5238,.5238,.1644,.3553,.5581,.6147,.6482,.6567
10,"agra_fort",.8,.8,.8,.8667,.875,.88,.16,.28,.4,.52,.64,.76,.2667,.4148,.5333,.65,.7393,.8156
11,"albert_memorial",.6,.8,.8,.6667,.675,.72,.1364,.1364,.2273,.3182,.4091,.5,.2222,.233,.354,.4308,.5094,.5902
12,"altes_museum",1.0,1.0,.85,.6667,.5,.5,.1667,.2917,.4167,.5,.5,.5417,.2857,.4516,.5592,.5714,.5,.52
13,"amiens_cathedral",1.0,.9,.95,.9667,.975,.94,.16,.2,.44,.68,.72,.84,.2759,.3273,.6014,.7984,.8283,.8872
14,"angkor_wat",1.0,1.0,.65,.6,.675,.74,.08,.24,.32,.4,.56,.6,.1481,.3871,.4289,.48,.6121,.6627
15,"ara_pacis",1.0,.9,.8,.7,.575,.6,.2273,.3636,.5455,.5909,.5909,.5909,.3704,.518,.6486,.6408,.5828,.5954
16,"arc_de_triomphe",1.0,1.0,.95,.8667,.8,.82,.125,.1667,.375,.4583,.625,.6667,.2222,.2857,.5377,.5996,.7018,.7354
17,"aztec_ruins",.0,.0,.05,.2,.2,.26,.0,.0,.04,.16,.2,.32,.0,.0,.0444,.1778,.2,.2869
18,"berlin_cathedral",1.0,1.0,.95,.9667,.975,.98,.2,.32,.44,.56,.6,.64,.3333,.4848,.6014,.7092,.7429,.7743
19,"bok_tower_gardens",1.0,.9,.75,.8,.825,.86,.2,.32,.52,.64,.72,.76,.3333,.4721,.6142,.7111,.7689,.8069
20,"brandenburg_gate",1.0,1.0,1.0,1.0,.975,.96,.12,.24,.32,.44,.52,.56,.2143,.3871,.4848,.6111,.6783,.7074
21,"cabrillo",.0,.3,.25,.1667,.15,.16,.0,.2308,.3077,.3077,.3846,.5385,.0,.2609,.2759,.2162,.2158,.2467
22,"casa_batllo",1.0,1.0,1.0,1.0,1.0,1.0,.16,.24,.36,.56,.72,.8,.2759,.3871,.5294,.7179,.8372,.8889
23,"casa_rosada",.6,.7,.85,.9,.925,.94,.08,.12,.28,.52,.6,.68,.1412,.2049,.4212,.6592,.7279,.7891
24,"castillo_de_san_marcos",1.0,.9,.6,.6,.6,.58,.2,.28,.32,.4,.48,.52,.3333,.4271,.4174,.48,.5333,.5484
25,"chartres_cathedral",1.0,1.0,1.0,1.0,.975,.96,.16,.2,.44,.68,.68,.76,.2759,.3333,.6111,.8095,.8012,.8484
26,"chichen_itza",.8,.8,.75,.7667,.8,.82,.16,.16,.28,.36,.56,.6,.2667,.2667,.4078,.4899,.6588,.693
27,"christ_the_redeemer_rio",.4,.6,.75,.6,.55,.48,.0435,.2174,.2609,.3478,.4348,.4783,.0784,.3191,.3871,.4404,.4857,.4791
28,"civic_center_san_francisco",.8,.8,.8,.8333,.85,.82,.16,.28,.44,.6,.6,.6,.2667,.4148,.5677,.6977,.7034,.693
29,"cologne_cathedral",1.0,1.0,1.0,.9667,.975,.96,.12,.24,.4,.44,.52,.6,.2143,.3871,.5714,.6047,.6783,.7385
30,"colosseum",1.0,1.0,1.0,1.0,.975,.92,.16,.16,.36,.48,.56,.6,.2759,.2759,.5294,.6486,.7114,.7263
31,"doge_s_palace",1.0,1.0,.9,.8667,.8,.78,.12,.2,.36,.4,.48,.52,.2143,.3333,.5143,.5474,.6,.624
32,"eiffel_tower",1.0,1.0,1.0,1.0,1.0,.98,.16,.16,.32,.36,.44,.52,.2759,.2759,.4848,.5294,.6111,.6795
33,"golden_gate_bridge",.8,.8,.9,.8333,.85,.86,.1304,.2174,.4348,.4783,.5217,.6087,.2243,.3419,.5863,.6077,.6466,.7128
34,"grand_palais",1.0,.9,.95,.9,.9,.92,.0455,.2273,.4091,.5455,.5909,.5909,.087,.3629,.5719,.6792,.7134,.7196
35,"guggenheim_museum_bilbao",1.0,1.0,1.0,1.0,.95,.96,.12,.24,.36,.44,.56,.6,.2143,.3871,.5294,.6111,.7046,.7385
36,"hagia_sophia_istanbul",1.0,1.0,1.0,1.0,1.0,1.0,.12,.2,.44,.56,.6,.68,.2143,.3333,.6111,.7179,.75,.8095
37,"hoover_dam",1.0,1.0,.95,.9667,.925,.92,.16,.24,.36,.48,.48,.56,.2759,.3871,.5221,.6415,.632,.6962
38,"humayun_tomb",.6,.7,.6,.7,.725,.78,.08,.16,.28,.48,.6,.64,.1412,.2605,.3818,.5695,.6566,.7031
39,"iguazu_falls",.4,.7,.85,.7333,.775,.8,.08,.16,.36,.44,.56,.56,.1333,.2605,.5058,.55,.6502,.6588
40,"iolani_palace",1.0,1.0,.85,.8,.775,.76,.16,.24,.32,.48,.6,.64,.2759,.3871,.465,.6,.6764,.6949
41,"la_mezquita",.6,.8,.85,.9,.8,.68,.125,.25,.4583,.5,.5833,.5833,.2069,.381,.5955,.6429,.6747,.628
42,"la_rambla_barcelona",.8,.9,.95,.9333,.95,.9,.16,.24,.4,.48,.52,.56,.2667,.3789,.563,.634,.6721,.6904
43,"la_sainte_chapelle",1.0,.9,.9,.9333,.95,.94,.12,.28,.52,.6,.64,.68,.2143,.4271,.6592,.7304,.7648,.7891
44,"liberty_memorial",.6,.5,.5,.6,.65,.68,.04,.12,.24,.36,.48,.52,.075,.1935,.3243,.45,.5522,.5893
45,"lincoln_home",1.0,.9,.95,.9333,.95,.94,.2778,.3333,.4444,.7222,.8889,.8889,.4348,.4865,.6056,.8143,.9184,.9137
46,"machu_picchu",.8,.8,.8,.7667,.75,.76,.16,.28,.36,.52,.6,.68,.2667,.4148,.4966,.6197,.6667,.7178
47,"marble_arch_london",.8,.7,.7,.5333,.475,.4,.3333,.5,.6667,.6667,.6667,.75,.4706,.5833,.6829,.5926,.5547,.5217
48,"milan_cathedral",1.0,1.0,.95,.8333,.85,.88,.12,.24,.36,.52,.6,.76,.2143,.3871,.5221,.6404,.7034,.8156
49,"mole_antonelliana",1.0,1.0,.9,.9,.75,.7,.12,.2,.24,.36,.4,.48,.2143,.3333,.3789,.5143,.5217,.5695
50,"mont_saint_michel",1.0,1.0,1.0,.9667,.95,.96,.2,.32,.44,.52,.56,.64,.3333,.4848,.6111,.6762,.7046,.768
51,"moulin_rouge",.0,.0,.0,.0667,.075,.06,.0,.0,.0,.25,.375,.375,.0,.0,.0,.1053,.125,.1034
52,"nelson_s_column",.8,.9,.95,.9667,.975,.98,.0417,.1667,.3333,.5,.5833,.625,.0792,.2812,.4935,.6591,.7299,.7632
53,"notre_dame_de_paris",.8,.9,.9,.9333,.9,.88,.16,.24,.4,.6,.68,.68,.2667,.3789,.5538,.7304,.7747,.7672
54,"obelisco",.2,.1,.2,.1333,.1,.08,.0909,.0909,.2727,.2727,.2727,.2727,.125,.0952,.2308,.1791,.1463,.1237
55,"piccadilly_circus",1.0,.9,.8,.8333,.825,.76,.1304,.2174,.3913,.5217,.6522,.7391,.2308,.3502,.5255,.6417,.7285,.7494
56,"place_de_la_concorde",1.0,1.0,1.0,.9667,.975,.98,.12,.2,.32,.36,.52,.64,.2143,.3333,.4848,.5246,.6783,.7743
57,"place_de_la_republique",.2,.4,.35,.3333,.25,.2,.125,.375,.625,.75,.75,.75,.1538,.3871,.4487,.4615,.375,.3158
58,"place_des_vosges",1.0,.8,.75,.8333,.775,.8,.08,.12,.24,.44,.52,.6,.1481,.2087,.3636,.5759,.6224,.6857
59,"pont_du_gard",.8,.9,.9,.9,.925,.8,.12,.2,.36,.48,.6,.6,.2087,.3273,.5143,.6261,.7279,.6857
60,"pont_neuf",1.0,1.0,.9,.9,.85,.74,.12,.2,.4,.6,.6,.64,.2143,.3333,.5538,.72,.7034,.6864
61,"ponte_vecchio",1.0,1.0,.9,.9,.875,.84,.1667,.2083,.375,.5,.5417,.5833,.2857,.3448,.5294,.6429,.6691,.6885
62,"puerta_de_alcala",.2,.1,.4,.5,.575,.6,.0526,.0526,.3158,.4211,.4737,.5789,.0833,.069,.3529,.4571,.5194,.5893
63,"puerta_del_sol",1.0,.8,.7,.5333,.5,.44,.15,.25,.3,.3,.45,.5,.2609,.381,.42,.384,.4737,.4681
64,"red_fort",1.0,1.0,1.0,1.0,.975,.98,.16,.32,.44,.64,.72,.76,.2759,.4848,.6111,.7805,.8283,.8561
65,"reims_cathedral",1.0,1.0,1.0,1.0,1.0,1.0,.16,.24,.4,.44,.52,.6,.2759,.3871,.5714,.6111,.6842,.75
66,"rialto_bridge",1.0,1.0,.9,.8333,.7,.68,.1875,.25,.3125,.5625,.6875,.6875,.3158,.4,.4639,.6716,.6937,.6837
67,"roman_forum_rome",.6,.7,.75,.7667,.7,.66,.12,.16,.36,.44,.52,.6,.2,.2605,.4865,.5591,.5967,.6286
68,"sacre_coeur",.4,.4,.55,.5667,.625,.62,.0833,.0833,.2083,.2917,.375,.5,.1379,.1379,.3022,.3851,.4688,.5536
69,"sagrada_familia",.8,.9,.95,.9333,.95,.96,.12,.2,.4,.52,.6,.64,.2087,.3273,.563,.6679,.7355,.768
70,"santa_maria_novella",.8,.5,.35,.5,.6,.58,.12,.16,.24,.32,.44,.48,.2087,.2424,.2847,.3902,.5077,.5253
71,"schonbrunn_palace",1.0,1.0,1.0,1.0,.975,.98,.16,.32,.44,.52,.56,.56,.2759,.4848,.6111,.6842,.7114,.7127
72,"seville_cathedral",.8,.7,.8,.8667,.9,.9,.16,.28,.4,.48,.64,.68,.2667,.4,.5333,.6178,.7481,.7747
73,"spanish_steps",1.0,.9,.8,.6,.575,.64,.0909,.1818,.3182,.3182,.4091,.6364,.1667,.3025,.4553,.4158,.4781,.6382
74,"st__basil_cathedral",1.0,1.0,.95,.9,.85,.86,.16,.32,.48,.52,.52,.64,.2759,.4848,.6378,.6592,.6453,.7339
75,"statue_of_liberty",1.0,1.0,.9,.8333,.825,.82,.12,.16,.32,.4,.52,.6,.2143,.2759,.4721,.5405,.6379,.693
76,"stonehenge",1.0,.8,.6,.5667,.6,.56,.1579,.2105,.3684,.4211,.5789,.5789,.2727,.3333,.4565,.4831,.5893,.5693
77,"summer_palace_beijing",1.0,1.0,1.0,.9667,.975,.96,.16,.24,.36,.44,.52,.6,.2759,.3871,.5294,.6047,.6783,.7385
78,"sydney_opera_house",1.0,1.0,.95,.9,.9,.9,.16,.24,.36,.44,.48,.64,.2759,.3871,.5221,.591,.6261,.7481
79,"teotihuacan",.8,.7,.6,.6,.65,.64,.16,.24,.36,.48,.56,.56,.2667,.3574,.45,.5333,.6017,.5973
80,"terracotta_army",.8,.9,.75,.5333,.525,.5,.2,.35,.5,.5,.5,.55,.32,.504,.6,.5161,.5122,.5238
81,"the_blue_mosque",.6,.8,.85,.8667,.875,.9,.12,.16,.32,.44,.52,.64,.2,.2667,.465,.5837,.6523,.7481
82,"the_henry_ford",1.0,1.0,.85,.8667,.775,.68,.16,.28,.36,.48,.56,.68,.2759,.4375,.5058,.6178,.6502,.68
83,"taj_mahal",1.0,.9,.85,.8667,.875,.86,.2,.2,.4,.48,.6,.64,.3333,.3273,.544,.6178,.7119,.7339
84,"tour_montparnasse",.6,.7,.65,.6,.5,.52,.15,.25,.3,.4,.45,.6,.24,.3684,.4105,.48,.4737,.5571
85,"tower_bridge_london",1.0,1.0,.7,.6333,.65,.58,.12,.2,.32,.48,.52,.52,.2143,.3333,.4392,.5461,.5778,.5484
86,"trafalgar_square",.6,.4,.45,.4333,.425,.44,.1364,.1818,.2727,.3182,.4091,.5,.2222,.25,.3396,.3669,.4169,.4681
87,"leaning_tower_of_pisa",.8,.6,.45,.3667,.425,.46,.16,.16,.24,.32,.36,.44,.2667,.2526,.313,.3417,.3898,.4498
88,"hermitage_museum_saint_petersburg",1.0,1.0,.85,.7,.775,.82,.12,.24,.28,.4,.56,.6,.2143,.3871,.4212,.5091,.6502,.693
89,"jantar_mantar_jaipur",.6,.7,.75,.8333,.85,.86,.08,.24,.44,.6,.68,.76,.1412,.3574,.5546,.6977,.7556,.8069
90,"lake_titicaca_peru",.4,.4,.55,.4667,.4,.44,.0417,.125,.3333,.3333,.4167,.5833,.0755,.1905,.4151,.3889,.4082,.5016
91,"the_great_wall_of_china",.8,.9,.75,.8333,.875,.84,.16,.2,.36,.4,.48,.6,.2667,.3273,.4865,.5405,.6199,.7
92,"grande_arche_paris",.8,.7,.65,.7,.7,.64,.16,.24,.28,.32,.44,.44,.2667,.3574,.3914,.4392,.5404,.5215
93,"el_angel_mexico",1.0,1.0,.8,.7,.65,.64,.1905,.2381,.381,.5238,.6667,.6667,.32,.3846,.5161,.5992,.6582,.6531
94,"bibliotheque_nationale_de_france",.6,.7,.75,.7333,.725,.72,.12,.12,.24,.32,.48,.48,.2,.2049,.3636,.4456,.5776,.576
95,"kronborg_castle",.8,.6,.6,.6333,.625,.68,.1667,.2083,.3333,.5,.5417,.5833,.2759,.3093,.4286,.5588,.5804,.628
96,"ajanta_caves",.8,.8,.8,.8667,.9,.86,.1364,.2273,.3636,.5,.5455,.5909,.233,.354,.5,.6341,.6792,.7005
97,"atomium",.8,.9,.95,.9667,.975,.96,.1429,.381,.381,.4286,.4286,.4762,.2424,.5353,.5438,.5939,.5954,.6366
98,"ellora_caves",1.0,1.0,.95,.9667,.975,.96,.1818,.1818,.3636,.4545,.4545,.5455,.3077,.3077,.526,.6183,.62,.6957
99,"potala_palace",.8,.9,.95,.9,.925,.88,.1667,.2222,.2778,.3889,.5,.5556,.2759,.3564,.4299,.5431,.6491,.6811
100,"jokhang",.8,.8,.85,.8667,.775,.82,.12,.2,.44,.6,.72,.8,.2087,.32,.5798,.7091,.7465,.8099
101,"rila_monastery",.4,.7,.75,.8333,.875,.9,.08,.2,.24,.36,.48,.48,.1333,.3111,.3636,.5028,.6199,.6261
102,"louvre_pyramid",1.0,1.0,.95,.9333,.925,.94,.1111,.2222,.4444,.4444,.5556,.6111,.2,.3636,.6056,.6022,.6942,.7407
103,"brooklyn_bridge",.8,.9,.9,.9,.875,.8,.0476,.2381,.381,.4286,.4762,.4762,.0899,.3766,.5353,.5806,.6167,.597
104,"tower_of_london",.8,.8,.8,.8,.775,.76,.0435,.1304,.3043,.3478,.4348,.5217,.0825,.2243,.4409,.4848,.5571,.6187
105,"british_museum_london",1.0,1.0,1.0,1.0,1.0,1.0,.1,.15,.3,.45,.5,.6,.1818,.2609,.4615,.6207,.6667,.75
106,"buckingham_palace",.4,.7,.4,.4,.325,.32,.1,.2,.2,.25,.25,.3,.16,.3111,.2667,.3077,.2826,.3097
107,"charles_bridge_prague",1.0,.9,.8,.8333,.725,.62,.125,.2083,.25,.375,.4167,.4167,.2222,.3383,.381,.5172,.5292,.4984
108,"champs_elysees_paris",.8,.7,.65,.6333,.625,.58,.1333,.2,.2667,.4,.4,.5333,.2286,.3111,.3782,.4903,.4878,.5557
109,"chrysler_building",1.0,1.0,1.0,1.0,1.0,1.0,.0714,.2857,.5,.5714,.7143,.9286,.1333,.4444,.6667,.7273,.8333,.963
110,"moma_new_york",.6,.8,.85,.8333,.85,.86,.1579,.1579,.3684,.3684,.4211,.5789,.25,.2637,.514,.5109,.5631,.692
111,"grand_central_terminal",1.0,1.0,1.0,.9667,.975,.98,.0952,.1905,.2381,.381,.4286,.4762,.1739,.32,.3846,.5465,.5954,.6409
112,"houses_of_parliament",1.0,1.0,1.0,1.0,1.0,1.0,.1304,.2609,.2609,.3478,.3913,.3913,.2308,.4138,.4138,.5161,.5625,.5625
113,"alexanderplatz_berlin",.0,.0,.35,.5667,.6,.6,.0,.0,.16,.36,.4,.48,.0,.0,.2196,.4403,.48,.5333
114,"centre_pompidou",1.0,.6,.7,.7333,.65,.62,.2778,.2778,.4444,.5,.5,.5,.4348,.3797,.5437,.5946,.5652,.5536
115,"sydney_harbour_bridge",1.0,1.0,1.0,1.0,1.0,1.0,.25,.3125,.5,.5,.6875,.6875,.4,.4762,.6667,.6667,.8148,.8148
116,"pier_39",1.0,1.0,1.0,.9667,.925,.92,.1905,.2381,.4762,.5238,.619,.619,.32,.3846,.6452,.6794,.7417,.7401
117,"coit_tower",.8,.7,.65,.6,.55,.56,.1333,.2667,.3333,.4,.5333,.6,.2286,.3862,.4407,.48,.5415,.5793
118,"st_paul_s_cathedral_london",1.0,1.0,1.0,1.0,.925,.84,.2353,.2941,.4706,.6471,.6471,.7059,.381,.4545,.64,.7857,.7615,.7671
119,"cloud_gate",.6,.7,.8,.6,.55,.58,.25,.25,.3333,.3333,.4167,.5,.3529,.3684,.4706,.4286,.4741,.537
120,"musee_d_orsay",1.0,.9,.9,.9,.9,.9,.0952,.1429,.381,.4762,.619,.619,.1739,.2466,.5353,.6228,.7335,.7335
121,"pike_place_market",1.0,.9,.9,.7667,.775,.76,.1905,.2381,.4286,.4762,.5714,.5714,.32,.3766,.5806,.5875,.6578,.6524
122,"royal_palace_madrid",.6,.8,.9,.8667,.825,.78,.1364,.2727,.4091,.4545,.4545,.5909,.2222,.4068,.5625,.5963,.5861,.6724
123,"sony_center_berlin",.8,.9,.95,.9667,.975,.9,.1429,.1905,.381,.4286,.4762,.4762,.2424,.3144,.5438,.5939,.6399,.6228
124,"red_square_moscow",.8,.7,.7,.7,.675,.66,.1429,.1905,.3333,.381,.4286,.4762,.2424,.2995,.4516,.4934,.5243,.5532
125,"prague_castle",1.0,.9,.95,.9333,.9,.88,.16,.24,.4,.6,.64,.68,.2759,.3789,.563,.7304,.7481,.7672
126,"musee_du_louvre",1.0,.9,.95,.9667,.975,.98,.12,.24,.36,.48,.56,.64,.2143,.3789,.5221,.6415,.7114,.7743
127,"millennium_bridge_london",.8,.8,.7,.7333,.775,.78,.16,.28,.36,.4,.4,.52,.2667,.4148,.4755,.5176,.5277,.624
128,"casa_mila",1.0,1.0,1.0,1.0,.925,.94,.16,.28,.4,.52,.64,.64,.2759,.4375,.5714,.6842,.7565,.7615
129,"national_gallery_london",1.0,1.0,.75,.7333,.625,.56,.1818,.2273,.3636,.5909,.6364,.6818,.3077,.3704,.4898,.6545,.6306,.6149
130,"national_mall",1.0,1.0,1.0,1.0,.95,.94,.2,.28,.44,.6,.6,.72,.3333,.4375,.6111,.75,.7355,.8154
131,"london_city_hall",1.0,1.0,1.0,1.0,.95,.92,.2,.4,.5,.5,.55,.6,.3333,.5714,.6667,.6667,.6967,.7263
132,"holocaust_memorial",.8,.9,.8,.7333,.7,.68,.1875,.3125,.4375,.5625,.5625,.5625,.3038,.4639,.5657,.6367,.6238,.6157
133,"columbus_circle",.6,.7,.75,.7667,.675,.58,.12,.24,.48,.64,.68,.68,.2,.3574,.5854,.6976,.6775,.626
134,"siegessaeule",1.0,1.0,.85,.8333,.75,.74,.16,.32,.44,.56,.6,.76,.2759,.4848,.5798,.6699,.6667,.7499
135,"jardin_du_luxembourg",1.0,1.0,1.0,1.0,1.0,1.0,.12,.32,.36,.6,.64,.72,.2143,.4848,.5294,.75,.7805,.8372
136,"merlion_singapore",.0,.0,.1,.2,.175,.22,.0,.0,.0909,.2273,.2727,.4091,.0,.0,.0952,.2128,.2132,.2861
137,"harrods_london",1.0,.9,.8,.8333,.875,.84,.16,.28,.4,.48,.56,.64,.2759,.4271,.5333,.6091,.6829,.7265
138,"metropolitan_museum_of_art_new_york",1.0,1.0,.95,.9333,.925,.94,.16,.24,.36,.52,.6,.6,.2759,.3871,.5221,.6679,.7279,.7325
139,"new_york_stock_exchange",.8,.9,.9,.9,.75,.7,.2,.25,.4,.4,.45,.55,.32,.3913,.5538,.5538,.5625,.616
140,"stephansdom_vienna",1.0,1.0,1.0,1.0,1.0,1.0,.12,.32,.52,.56,.72,.76,.2143,.4848,.6842,.7179,.8372,.8636
141,"hms_belfast",1.0,1.0,.95,.9333,.95,.96,.16,.2,.32,.48,.6,.6,.2759,.3333,.4787,.634,.7355,.7385
142,"leicester_square",1.0,.9,.85,.8333,.775,.78,.16,.16,.28,.44,.48,.56,.2759,.2717,.4212,.5759,.5928,.6519
143,"ciudad_de_las_artes_y_las_ciencias",1.0,.8,.85,.9,.925,.94,.2,.2,.32,.52,.6,.68,.3333,.32,.465,.6592,.7279,.7891
144,"topkapi_palace",1.0,1.0,.95,.9667,.975,.98,.2,.28,.48,.56,.68,.72,.3333,.4375,.6378,.7092,.8012,.8301
145,"royal_albert_hall",1.0,1.0,.85,.7667,.775,.76,.12,.16,.36,.44,.44,.44,.2143,.2759,.5058,.5591,.5613,.5573
146,"st_vitus_cathedral",.8,.9,.95,.9333,.925,.94,.16,.24,.48,.56,.68,.72,.2667,.3789,.6378,.7,.7838,.8154
147,"castello_sforzesco",1.0,1.0,.85,.8667,.875,.86,.12,.16,.36,.4,.44,.52,.2143,.2759,.5058,.5474,.5856,.6481
148,"rijksmuseum_amsterdam",1.0,1.0,1.0,1.0,1.0,1.0,.12,.12,.16,.36,.48,.6,.2143,.2143,.2759,.5294,.6486,.75
149,"dam_square",.6,.8,.8,.8667,.775,.68,.12,.2,.28,.36,.4,.44,.2,.32,.4148,.5087,.5277,.5343
150,"rathaus_vienna",1.0,1.0,1.0,.9,.8,.78,.16,.16,.16,.28,.32,.36,.2759,.2759,.2759,.4271,.4571,.4926
151,"bath_abbey",1.0,1.0,1.0,1.0,.975,.96,.2,.28,.48,.52,.56,.56,.3333,.4375,.6486,.6842,.7114,.7074
152,"salisbury_cathedral",1.0,1.0,1.0,1.0,1.0,1.0,.16,.24,.28,.4,.48,.56,.2759,.3871,.4375,.5714,.6486,.7179
153,"templo_de_debod",.2,.3,.25,.3333,.375,.42,.0455,.0909,.1364,.2727,.2727,.3636,.0741,.1395,.1765,.3,.3158,.3898
154,"Niagara_Falls",.8,.7,.55,.6333,.575,.58,.0909,.2273,.2727,.3636,.4091,.5,.1633,.3431,.3646,.462,.4781,.537
155,"Golden_Gate_Bridge_in_San_Francisco",.8,.8,.9,.9333,.925,.94,.0909,.1818,.3182,.4545,.5455,.5909,.1633,.2963,.4701,.6114,.6862,.7257
156,"Neuschwanstein_Castle",1.0,1.0,1.0,.9667,.975,.96,.12,.28,.4,.64,.68,.68,.2143,.4375,.5714,.7701,.8012,.7961
157,"Christ_Church_Cathedral_Missouri",1.0,1.0,1.0,1.0,1.0,1.0,.16,.36,.52,.6,.6,.6,.2759,.5294,.6842,.75,.75,.75
158,"Mount_Rushmore_in_South_Dakota",.8,.8,.9,.9333,.95,.96,.12,.16,.28,.36,.56,.68,.2087,.2667,.4271,.5196,.7046,.7961
159,"Puerta_de_Toledo",.6,.3,.15,.1,.075,.06,1.0,1.0,1.0,1.0,1.0,1.0,.75,.4615,.2609,.1818,.1395,.1132
160,"Urquhart_Castle",1.0,.9,.85,.8,.8,.84,.1667,.2917,.4167,.5,.625,.7083,.2857,.4406,.5592,.6154,.7018,.7686
161,"Gare_du_Nord_Paris",.4,.6,.8,.6667,.7,.74,.08,.2,.28,.28,.36,.48,.1333,.3,.4148,.3944,.4755,.5823
162,"Newgrange_in_Ireland",.6,.6,.75,.6667,.675,.66,.0833,.2083,.375,.4583,.4583,.5,.1463,.3093,.5,.5432,.546,.569
163,"Windmills_at_Kinderdijk",1.0,1.0,.95,.8667,.85,.84,.12,.24,.4,.4,.52,.56,.2143,.3871,.563,.5474,.6453,.672
164,"Conciergerie",.8,.9,.95,.9667,.975,.98,.12,.24,.44,.6,.64,.72,.2087,.3789,.6014,.7404,.7728,.8301
165,"Palazzo_Madama",.8,.9,.85,.8,.775,.74,.1818,.4091,.5455,.5455,.6364,.6818,.2963,.5625,.6645,.6486,.6989,.7097
166,"Split_Rock_Lighthouse",1.0,1.0,1.0,.9333,.85,.86,.08,.2,.24,.32,.4,.44,.1481,.3333,.3871,.4766,.544,.5822
167,"The_Little_Mermaid_Denmark",1.0,.9,.95,.9667,.925,.84,.2143,.3571,.5,.7143,.8571,.8571,.3529,.5114,.6552,.8215,.8898,.8485
168,"Great_Pyramid_of_Giza",.8,.7,.6,.6,.6,.6,.2667,.3333,.5333,.5333,.7333,.7333,.4,.4516,.5647,.5647,.66,.66
169,"Pitti_Palace",.8,.8,.85,.9,.85,.8,.1364,.2273,.5,.5455,.5455,.5455,.233,.354,.6296,.6792,.6645,.6486
170,"Georgia_State_Capitol",1.0,1.0,.9,.6,.475,.38,.1579,.2632,.2632,.2632,.2632,.2632,.2727,.4167,.4072,.3659,.3387,.311
171,"Dome_des_Invalides",1.0,1.0,1.0,.9667,.975,.98,.16,.24,.4,.4,.44,.44,.2759,.3871,.5714,.5659,.6064,.6073
172,"Reggia_di_Caserta",1.0,.7,.5,.4667,.55,.54,.2,.24,.32,.44,.52,.52,.3333,.3574,.3902,.4529,.5346,.5298
173,"The_Burj_al_Arab_Hotel",.6,.8,.8,.7667,.8,.82,.08,.2,.36,.48,.56,.68,.1412,.32,.4966,.5904,.6588,.7435
174,"Elephanta_Caves",1.0,1.0,1.0,.9667,.975,.98,.125,.25,.4583,.4583,.625,.7083,.2222,.4,.6286,.6218,.7617,.8223
175,"Basilica_of_Santa_Croce",1.0,1.0,1.0,1.0,1.0,1.0,.12,.2,.36,.4,.56,.68,.2143,.3333,.5294,.5714,.7179,.8095
176,"Aachen_Cathedral",1.0,.9,.95,.9667,.95,.92,.2,.28,.4,.52,.6,.64,.3333,.4271,.563,.6762,.7355,.7549
177,"Monument_to_the_Great_Fire_of_London",1.0,.7,.5,.4667,.475,.48,.2,.2,.28,.32,.44,.52,.3333,.3111,.359,.3797,.4568,.4992
178,"Longmen_Grottoes",.8,.7,.55,.5333,.525,.54,.12,.24,.4,.52,.6,.68,.2087,.3574,.4632,.5266,.56,.602
179,"Louisiana_State_Capitol",.4,.3,.3,.2333,.175,.24,.08,.12,.2,.24,.24,.28,.1333,.1714,.24,.2366,.2024,.2585
180,"The_Great_Sphinx_at_Giza",1.0,1.0,.85,.8667,.85,.88,.12,.2,.28,.4,.52,.64,.2143,.3333,.4212,.5474,.6453,.7411
181,"Teatro_Real_Madrid",1.0,1.0,1.0,.9,.8,.74,.1739,.3043,.5652,.6957,.7391,.8696,.2963,.4667,.7222,.7847,.7684,.7996
182,"Palacio_de_la_Magdalena",.6,.7,.75,.8333,.85,.8,.12,.28,.4,.48,.6,.68,.2,.4,.5217,.6091,.7034,.7351
183,"Sowjetisches_Ehrenmal",.4,.3,.55,.6,.65,.7,.08,.12,.36,.44,.56,.68,.1333,.1714,.4352,.5077,.6017,.6899
184,"Cathedral_of_Trier",1.0,1.0,1.0,.9333,.95,.96,.2,.36,.52,.64,.72,.8,.3333,.5294,.6842,.7593,.8192,.8727
185,"Saint_Mary_of_the_Flower",.2,.1,.1,.1667,.175,.22,.04,.04,.04,.16,.24,.4,.0667,.0571,.0571,.1633,.2024,.2839
186,"Skellig_Michael",1.0,.9,.65,.7,.7,.72,.2,.32,.4,.56,.64,.64,.3333,.4721,.4952,.6222,.6687,.6776
187,"Chicago_Board_of_Trade_Building",1.0,.9,.75,.7333,.75,.76,.2273,.3182,.4091,.5,.6364,.6364,.3704,.4701,.5294,.5946,.6885,.6927
188,"Pont_de_Normandie_France",1.0,1.0,1.0,1.0,.95,.9,.2105,.4211,.6316,.6842,.7895,.8421,.3478,.5926,.7742,.8125,.8623,.8701
189,"Palazzo_Rosso",.0,.0,.0,.0333,.075,.1,.0,.0,.0,.0417,.0833,.125,.0,.0,.0,.037,.0789,.1111
190,"Piazza_Vittorio_Veneto",1.0,.8,.7,.6,.525,.44,.25,.3125,.4375,.5,.6875,.6875,.4,.4494,.5385,.5455,.5954,.5366
191,"Sforza_Castle",1.0,.9,.9,.9333,.95,.96,.16,.32,.4,.56,.68,.72,.2759,.4721,.5538,.7,.7926,.8229
192,"Torres_KIO",1.0,1.0,.95,.9,.875,.82,.2,.28,.44,.52,.56,.56,.3333,.4375,.6014,.6592,.6829,.6655
193,"Torre_Picasso",1.0,1.0,1.0,.9333,.775,.7,.1667,.2917,.5,.625,.625,.6667,.2857,.4516,.6667,.7487,.692,.6829
194,"The_Palace_of_Parliament_in_Bucharest",.8,.9,.95,.9667,.95,.96,.16,.2,.24,.24,.4,.6,.2667,.3273,.3832,.3845,.563,.7385
195,"Ernest_Hemingway_House",.8,.9,.85,.8667,.85,.8,.16,.24,.44,.52,.56,.6,.2667,.3789,.5798,.65,.6752,.6857
196,"Castel_dellOvo_Napoli",.8,.9,.85,.9,.9,.9,.16,.24,.44,.6,.68,.8,.2667,.3789,.5798,.72,.7747,.8471
197,"Villa_Borghese_gardens",1.0,1.0,1.0,1.0,1.0,1.0,.2,.32,.52,.64,.72,.84,.3333,.4848,.6842,.7805,.8372,.913
198,"Saint_Marks_Basilica",1.0,1.0,1.0,1.0,1.0,1.0,.16,.32,.4,.4,.4,.44,.2759,.4848,.5714,.5714,.5714,.6111
199,"Mausoleum_of_the_First_Qin_Emperor",.8,.6,.75,.8,.8,.82,.12,.2,.36,.4,.52,.56,.2087,.3,.4865,.5333,.6303,.6655
200,"Mausoleum_of_Hadrian",1.0,1.0,.9,.9,.875,.88,.1111,.3333,.4444,.5,.5556,.6111,.2,.5,.595,.6429,.6796,.7213
201,"Piazza_de_Ferrari",1.0,1.0,.95,.9667,.975,.94,.1579,.2632,.3684,.4211,.5263,.5789,.2727,.4167,.5309,.5866,.6836,.7166
202,"George_Washington_Carver",.4,.5,.75,.7667,.75,.64,.125,.1875,.4375,.4375,.5625,.625,.1905,.2727,.5526,.5571,.6429,.6324
203,"Cathedral_of_Santiago_de_Compostela",1.0,1.0,.9,.9333,.9,.84,.1176,.2941,.4706,.5882,.7647,.8235,.2105,.4545,.618,.7216,.8269,.8317
204,"Saint-Jacques_Tower",.8,.9,.8,.7667,.775,.78,.2308,.3077,.3077,.3077,.4615,.6923,.3582,.4586,.4444,.4391,.5785,.7335
205,"Calakmul_Campeche_Mexico",1.0,1.0,.9,.9,.875,.9,.2143,.2857,.3571,.5,.6429,.7143,.3529,.4444,.5114,.6429,.7412,.7965
206,"Bran_Castle_in_Transylvania",1.0,1.0,.9,.9,.875,.88,.1579,.2632,.4211,.5789,.6842,.7368,.2727,.4167,.5737,.7046,.7679,.8021
207,"Mosteiro_da_Batalha",1.0,1.0,1.0,1.0,1.0,1.0,.2632,.2632,.4211,.5789,.6842,.7368,.4167,.4167,.5926,.7333,.8125,.8485
208,"Wartburg_Castle",1.0,.9,.95,.9333,.95,.9,.15,.2,.45,.65,.8,.8,.2609,.3273,.6107,.7663,.8686,.8471
209,"Fujian_Tulou_Fujian_China",1.0,1.0,1.0,1.0,1.0,1.0,.1667,.3333,.5,.6667,.7222,.7222,.2857,.5,.6667,.8,.8387,.8387
210,"Alabama_State_Capitol",.6,.4,.55,.7,.775,.78,.1429,.1905,.4286,.619,.7619,.8095,.2308,.2581,.4818,.657,.7684,.7945
211,"Palazzo_dAccursio",1.0,1.0,.95,.8,.775,.74,.1667,.2222,.2778,.3889,.4444,.5556,.2857,.3636,.4299,.5234,.5649,.6346
212,"Casa_Grande_Ruins",.8,.9,.8,.8,.825,.82,.1765,.2941,.3529,.4118,.4706,.5294,.2892,.4433,.4898,.5437,.5993,.6434
213,"Stravinsky_Fountain",1.0,1.0,1.0,1.0,1.0,.96,.2,.2667,.4,.5333,.6,.6,.3333,.4211,.5714,.6957,.75,.7385
214,"Angel_Falls_Venezuela",.6,.8,.65,.6,.55,.54,.1765,.3529,.4706,.5294,.6471,.7647,.2727,.4898,.5459,.5625,.5946,.633
215,"Statue_of_George_IV",1.0,.7,.65,.5667,.525,.52,.375,.5,.5,.75,.75,1.0,.5455,.5833,.5652,.6456,.6176,.6842
216,"Palacio_Barolo",.6,.7,.8,.8667,.9,.92,.1765,.2353,.4706,.5882,.5882,.5882,.2727,.3522,.5926,.7008,.7115,.7176
217,"Bridge_of_Remembrance_Christchurch_New_Zealand",1.0,1.0,1.0,1.0,.95,.82,.3333,.4167,.75,.9167,1.0,1.0,.5,.5882,.8571,.9565,.9744,.9011
218,"John_A._Roebling_Suspension_Bridge",.0,.2,.35,.4,.375,.42,.0,.1333,.3333,.6,.6667,.6667,.0,.16,.3415,.48,.48,.5153
219,"Blue_Dome_Santorini",1.0,.8,.9,.9333,.95,.9,.3125,.375,.5,.6875,.75,.8125,.4762,.5106,.6429,.7918,.8382,.854
220,"Fossar_de_les_Moreres",.8,.9,.75,.6333,.55,.44,.1429,.3571,.5714,.6429,.7143,.7143,.2424,.5114,.6486,.6381,.6215,.5446
221,"Luxor_Obelisk_France",1.0,.8,.75,.7333,.75,.74,.25,.25,.3125,.375,.375,.5,.4,.381,.4412,.4962,.5,.5968
222,"Valle_de_los_Caidos",1.0,1.0,.9,.9,.875,.88,.25,.4,.45,.65,.65,.65,.4,.5714,.6,.7548,.7459,.7477
--------------------
"--","Avg.",P@5,P@10,P@20,P@30,P@40,P@50,CR@5,CR@10,CR@20,CR@30,CR@40,CR@50,F1@5,F1@10,F1@20,F1@30,F1@40,F1@50
,.,8261,.8194,.8005,.7911,.7784,.7684,.1491,.2379,.3724,.4742,.5527,.6127,.2459,.3595,.4964,.5793,.6319,.6662
