--------------------
"Run name","output_runFCTHSilhouette"
--------------------
"Average P@20 = ",.7824
"Average CR@20 = ",.3962
"Average F1@20 = ",.5158
--------------------
"Query Id ","Location name",P@5,P@10,P@20,P@30,P@40,P@50,CR@5,CR@10,CR@20,CR@30,CR@40,CR@50,F1@5,F1@10,F1@20,F1@30,F1@40,F1@50
1,"angel_of_the_north",1.0,1.0,1.0,1.0,1.0,1.0,.12,.2,.36,.52,.68,.68,.2143,.3333,.5294,.6842,.8095,.8095
2,"big_ben",1.0,1.0,.95,.9,.9,.82,.1818,.2273,.4091,.4545,.5,.5909,.3077,.3704,.5719,.604,.6429,.6869
3,"hearst_castle",1.0,.9,.95,.9333,.8,.82,.2083,.3333,.5833,.7083,.75,.7917,.3448,.4865,.7228,.8054,.7742,.8056
4,"la_madeleine",.2,.2,.45,.4333,.4,.34,.0714,.1429,.4286,.6429,.7857,.8571,.1053,.1667,.439,.5177,.5301,.4869
5,"pont_alexandre_iii",1.0,.9,.95,.9667,.975,.98,.2,.28,.4,.6,.68,.76,.3333,.4271,.563,.7404,.8012,.8561
6,"neues_museum",.2,.1,.25,.5,.625,.7,.04,.04,.12,.36,.6,.68,.0667,.0571,.1622,.4186,.6122,.6899
7,"montezuma_castle",.8,.8,.5,.6333,.625,.66,.3333,.4167,.5,.5833,.5833,.75,.4706,.5479,.5,.6073,.6034,.7021
8,"cn_tower",.4,.4,.7,.7,.7,.68,.0833,.1667,.4167,.5833,.6667,.75,.1379,.2353,.5224,.6364,.6829,.7133
9,"acropolis_athens",.8,.9,.95,.8667,.875,.86,.0952,.2381,.4762,.4762,.5238,.5238,.1702,.3766,.6344,.6147,.6553,.6511
10,"agra_fort",.8,.9,.9,.9,.9,.88,.16,.32,.44,.52,.72,.76,.2667,.4721,.591,.6592,.8,.8156
11,"albert_memorial",.6,.8,.65,.7667,.825,.82,.0909,.1364,.3182,.4545,.5909,.7727,.1579,.233,.4272,.5707,.6886,.7957
12,"altes_museum",.8,.8,.55,.6,.675,.72,.1667,.25,.375,.5833,.7083,.7917,.2759,.381,.4459,.5915,.6913,.7541
13,"amiens_cathedral",1.0,1.0,1.0,1.0,.975,.98,.16,.32,.52,.64,.72,.84,.2759,.4848,.6842,.7805,.8283,.9046
14,"angkor_wat",.8,.6,.65,.7667,.825,.84,.12,.2,.4,.56,.68,.72,.2087,.3,.4952,.6472,.7455,.7754
15,"ara_pacis",1.0,.9,.65,.7,.6,.66,.2273,.3636,.4545,.6818,.6818,.6818,.3704,.518,.535,.6908,.6383,.6707
16,"arc_de_triomphe",.8,.9,.75,.7667,.7,.68,.125,.25,.375,.5,.5417,.625,.2162,.3913,.5,.6053,.6107,.6513
17,"aztec_ruins",.0,.0,.25,.2,.25,.36,.0,.0,.2,.2,.36,.48,.0,.0,.2222,.2,.2951,.4114
18,"berlin_cathedral",1.0,.9,.95,.9667,.9,.9,.16,.24,.44,.56,.56,.64,.2759,.3789,.6014,.7092,.6904,.7481
19,"bok_tower_gardens",1.0,.7,.85,.8667,.9,.92,.2,.24,.44,.6,.6,.68,.3333,.3574,.5798,.7091,.72,.782
20,"brandenburg_gate",1.0,1.0,1.0,1.0,.975,.92,.16,.2,.32,.48,.6,.68,.2759,.3333,.4848,.6486,.7429,.782
21,"cabrillo",.2,.3,.15,.2,.15,.14,.0769,.2308,.2308,.4615,.4615,.5385,.1111,.2609,.1818,.2791,.2264,.2222
22,"casa_batllo",1.0,1.0,1.0,1.0,.925,.94,.12,.2,.4,.56,.6,.68,.2143,.3333,.5714,.7179,.7279,.7891
23,"casa_rosada",.8,.9,.95,.9333,.925,.9,.16,.2,.48,.56,.6,.68,.2667,.3273,.6378,.7,.7279,.7747
24,"castillo_de_san_marcos",.8,.6,.65,.7,.7,.76,.12,.16,.32,.48,.6,.68,.2087,.2526,.4289,.5695,.6462,.7178
25,"chartres_cathedral",1.0,1.0,.95,.9,.925,.92,.2,.24,.48,.64,.72,.76,.3333,.3871,.6378,.7481,.8097,.8324
26,"chichen_itza",.8,.9,.85,.9,.9,.9,.16,.28,.4,.48,.6,.76,.2667,.4271,.544,.6261,.72,.8241
27,"christ_the_redeemer_rio",.6,.8,.65,.6,.575,.58,.1304,.2609,.3913,.4783,.5652,.6087,.2143,.3934,.4885,.5323,.5701,.594
28,"civic_center_san_francisco",1.0,.9,.9,.8667,.75,.6,.2,.28,.4,.48,.52,.52,.3333,.4271,.5538,.6178,.6142,.5571
29,"cologne_cathedral",1.0,1.0,1.0,1.0,1.0,.98,.12,.28,.36,.48,.56,.68,.2143,.4375,.5294,.6486,.7179,.8029
30,"colosseum",1.0,1.0,1.0,.9667,.825,.86,.16,.28,.48,.6,.6,.76,.2759,.4375,.6486,.7404,.6947,.8069
31,"doge_s_palace",1.0,1.0,.75,.8,.85,.86,.16,.28,.36,.48,.52,.52,.2759,.4375,.4865,.6,.6453,.6481
32,"eiffel_tower",1.0,1.0,1.0,.9667,.925,.88,.16,.28,.4,.44,.52,.68,.2759,.4375,.5714,.6047,.6657,.7672
33,"golden_gate_bridge",.8,.8,.8,.8,.65,.7,.1739,.2609,.3913,.5217,.5217,.5652,.2857,.3934,.5255,.6316,.5788,.6254
34,"grand_palais",1.0,.9,.9,.9,.9,.92,.0909,.2273,.3182,.4091,.5,.5909,.1667,.3629,.4701,.5625,.6429,.7196
35,"guggenheim_museum_bilbao",1.0,1.0,1.0,.9667,.975,.96,.12,.24,.44,.48,.52,.68,.2143,.3871,.6111,.6415,.6783,.7961
36,"hagia_sophia_istanbul",1.0,1.0,1.0,.9,.925,.92,.2,.28,.48,.64,.68,.76,.3333,.4375,.6486,.7481,.7838,.8324
37,"hoover_dam",1.0,.9,.85,.9,.9,.92,.16,.32,.48,.6,.72,.76,.2759,.4721,.6135,.72,.8,.8324
38,"humayun_tomb",1.0,.8,.75,.8333,.85,.86,.16,.24,.48,.6,.72,.8,.2759,.3692,.5854,.6977,.7796,.8289
39,"iguazu_falls",.6,.8,.85,.7667,.8,.8,.08,.24,.52,.56,.68,.76,.1412,.3692,.6453,.6472,.7351,.7795
40,"iolani_palace",1.0,1.0,.75,.6667,.7,.68,.2,.28,.44,.48,.52,.64,.3333,.4375,.5546,.5581,.5967,.6594
41,"la_mezquita",.8,.8,.75,.6667,.6,.58,.1667,.3333,.5,.5417,.625,.7083,.2759,.4706,.6,.5977,.6122,.6378
42,"la_rambla_barcelona",1.0,1.0,.95,.9667,.975,.96,.16,.24,.36,.36,.48,.56,.2759,.3871,.5221,.5246,.6433,.7074
43,"la_sainte_chapelle",1.0,.9,.95,.9667,.95,.96,.2,.36,.6,.64,.68,.76,.3333,.5143,.7355,.7701,.7926,.8484
44,"liberty_memorial",.8,.4,.7,.7333,.625,.66,.08,.08,.36,.52,.52,.64,.1455,.1333,.4755,.6085,.5677,.6498
45,"lincoln_home",.8,.8,.85,.8667,.85,.68,.2222,.2778,.5556,.6667,.7222,.7222,.3478,.4124,.6719,.7536,.7809,.7005
46,"machu_picchu",1.0,.7,.65,.7,.75,.78,.2,.28,.44,.6,.72,.76,.3333,.4,.5248,.6462,.7347,.7699
47,"marble_arch_london",.6,.5,.4,.2667,.275,.22,.25,.25,.3333,.3333,.4167,.4167,.3529,.3333,.3636,.2963,.3313,.288
48,"milan_cathedral",1.0,1.0,.75,.8333,.875,.9,.2,.32,.48,.64,.76,.76,.3333,.4848,.5854,.724,.8135,.8241
49,"mole_antonelliana",1.0,.9,.8,.7333,.775,.7,.12,.16,.32,.4,.52,.6,.2143,.2717,.4571,.5176,.6224,.6462
50,"mont_saint_michel",1.0,1.0,1.0,.9333,.925,.9,.16,.36,.48,.52,.72,.76,.2759,.5294,.6486,.6679,.8097,.8241
51,"moulin_rouge",.0,.0,.0,.2667,.225,.2,.0,.0,.0,.625,.625,.75,.0,.0,.0,.3738,.3309,.3158
52,"nelson_s_column",.6,.8,.9,.9333,.95,.92,.0833,.2083,.4167,.5417,.625,.7917,.1463,.3306,.5696,.6855,.754,.851
53,"notre_dame_de_paris",1.0,1.0,1.0,.9333,.875,.82,.2,.28,.52,.56,.64,.68,.3333,.4375,.6842,.7,.7393,.7435
54,"obelisco",.4,.2,.1,.0667,.05,.14,.0909,.0909,.0909,.0909,.0909,.3636,.1481,.125,.0952,.0769,.0645,.2022
55,"piccadilly_circus",.8,.8,.7,.7,.75,.7,.1739,.3043,.3913,.4783,.5652,.6522,.2857,.4409,.502,.5683,.6446,.6752
56,"place_de_la_concorde",1.0,1.0,.95,.9667,.95,.96,.12,.24,.4,.56,.6,.68,.2143,.3871,.563,.7092,.7355,.7961
57,"place_de_la_republique",.4,.4,.3,.2,.225,.18,.25,.5,.625,.625,.75,.75,.3077,.4444,.4054,.303,.3462,.2903
58,"place_des_vosges",.8,.7,.85,.8,.75,.74,.08,.08,.4,.52,.68,.72,.1455,.1436,.544,.6303,.7133,.7299
59,"pont_du_gard",.8,.9,.95,.8,.7,.72,.16,.28,.44,.48,.56,.64,.2667,.4271,.6014,.6,.6222,.6776
60,"pont_neuf",1.0,.9,.8,.5667,.625,.6,.08,.2,.4,.4,.52,.56,.1481,.3273,.5333,.469,.5677,.5793
61,"ponte_vecchio",.8,.9,.9,.7333,.65,.64,.125,.2917,.4583,.5,.5417,.5833,.2162,.4406,.6074,.5946,.5909,.6104
62,"puerta_de_alcala",.2,.2,.45,.5667,.6,.6,.0526,.1053,.2105,.4211,.5263,.6842,.0833,.1379,.2869,.4831,.5607,.6393
63,"puerta_del_sol",.6,.5,.4,.3333,.275,.26,.15,.2,.3,.35,.4,.45,.24,.2857,.3429,.3415,.3259,.3296
64,"red_fort",1.0,1.0,1.0,.9667,.975,.98,.2,.32,.56,.6,.72,.72,.3333,.4848,.7179,.7404,.8283,.8301
65,"reims_cathedral",1.0,1.0,1.0,1.0,1.0,.94,.16,.24,.36,.44,.56,.64,.2759,.3871,.5294,.6111,.7179,.7615
66,"rialto_bridge",1.0,1.0,.65,.6,.475,.4,.25,.3125,.4375,.625,.625,.625,.4,.4762,.523,.6122,.5398,.4878
67,"roman_forum_rome",.8,.8,.7,.6667,.575,.64,.16,.28,.36,.48,.48,.64,.2667,.4148,.4755,.5581,.5232,.64
68,"sacre_coeur",.2,.5,.6,.6333,.6,.54,.0417,.1667,.2917,.5,.5833,.5833,.069,.25,.3925,.5588,.5915,.5608
69,"sagrada_familia",.8,.9,.95,.9333,.925,.94,.12,.2,.36,.48,.56,.6,.2087,.3273,.5221,.634,.6976,.7325
70,"santa_maria_novella",.8,.4,.65,.6,.575,.6,.16,.16,.32,.44,.48,.64,.2667,.2286,.4289,.5077,.5232,.6194
71,"schonbrunn_palace",1.0,1.0,1.0,1.0,1.0,1.0,.16,.36,.48,.56,.72,.76,.2759,.5294,.6486,.7179,.8372,.8636
72,"seville_cathedral",.6,.7,.85,.9,.925,.94,.12,.24,.32,.44,.56,.6,.2,.3574,.465,.591,.6976,.7325
73,"spanish_steps",.8,.7,.6,.6,.55,.54,.1364,.1818,.3636,.4545,.5455,.6364,.233,.2887,.4528,.5172,.5477,.5842
74,"st__basil_cathedral",1.0,1.0,.9,.9,.875,.9,.16,.32,.44,.64,.68,.68,.2759,.4848,.591,.7481,.7653,.7747
75,"statue_of_liberty",.8,.9,.75,.7667,.825,.82,.12,.24,.36,.44,.56,.64,.2087,.3789,.4865,.5591,.6671,.7189
76,"stonehenge",1.0,.8,.7,.4667,.525,.52,.2632,.2632,.3684,.3684,.3684,.4211,.4167,.396,.4828,.4118,.433,.4653
77,"summer_palace_beijing",1.0,1.0,.95,.9,.85,.82,.12,.32,.4,.56,.64,.64,.2143,.4848,.563,.6904,.7302,.7189
78,"sydney_opera_house",1.0,.9,.95,.9,.925,.92,.16,.28,.36,.52,.6,.6,.2759,.4271,.5221,.6592,.7279,.7263
79,"teotihuacan",1.0,.8,.7,.7667,.775,.8,.16,.24,.44,.56,.64,.68,.2759,.3692,.5404,.6472,.7011,.7351
80,"terracotta_army",.8,.9,.45,.4667,.525,.58,.15,.3,.3,.35,.55,.7,.2526,.45,.36,.4,.5372,.6344
81,"the_blue_mosque",.8,.8,.85,.9,.925,.94,.16,.24,.36,.52,.52,.64,.2667,.3692,.5058,.6592,.6657,.7615
82,"the_henry_ford",1.0,.9,.65,.7,.7,.72,.16,.24,.28,.44,.6,.72,.2759,.3789,.3914,.5404,.6462,.72
83,"taj_mahal",1.0,.8,.9,.9,.9,.9,.12,.24,.28,.48,.56,.68,.2143,.3692,.4271,.6261,.6904,.7747
84,"tour_montparnasse",.8,.8,.65,.4333,.4,.36,.2,.3,.45,.45,.5,.5,.32,.4364,.5318,.4415,.4444,.4186
85,"tower_bridge_london",.8,.8,.7,.6,.575,.56,.08,.24,.44,.44,.56,.6,.1455,.3692,.5404,.5077,.5674,.5793
86,"trafalgar_square",.8,.6,.55,.5667,.525,.56,.1818,.2273,.3636,.4545,.5,.5455,.2963,.3297,.4378,.5045,.5122,.5526
87,"leaning_tower_of_pisa",.6,.5,.45,.5,.625,.7,.12,.16,.24,.4,.52,.72,.2,.2424,.313,.4444,.5677,.7099
88,"hermitage_museum_saint_petersburg",1.0,.9,.8,.8667,.9,.9,.2,.2,.32,.52,.68,.76,.3333,.3273,.4571,.65,.7747,.8241
89,"jantar_mantar_jaipur",.8,.6,.8,.7333,.725,.74,.16,.24,.48,.6,.76,.8,.2667,.3429,.6,.66,.7421,.7688
90,"lake_titicaca_peru",.8,.7,.4,.4333,.5,.5,.125,.2083,.25,.3333,.5,.625,.2162,.3211,.3077,.3768,.5,.5556
91,"the_great_wall_of_china",1.0,.9,.9,.9,.825,.8,.16,.24,.44,.52,.52,.64,.2759,.3789,.591,.6592,.6379,.7111
92,"grande_arche_paris",.6,.7,.6,.7333,.675,.7,.12,.24,.28,.4,.56,.6,.2,.3574,.3818,.5176,.6121,.6462
93,"el_angel_mexico",.8,.8,.6,.6,.575,.46,.1905,.2381,.3333,.5714,.619,.619,.3077,.367,.4286,.5854,.5962,.5278
94,"bibliotheque_nationale_de_france",.4,.5,.65,.6333,.725,.74,.08,.08,.24,.32,.56,.72,.1333,.1379,.3506,.4252,.6319,.7299
95,"kronborg_castle",.6,.7,.7,.7,.775,.76,.125,.25,.4167,.5417,.5833,.5833,.2069,.3684,.5224,.6107,.6656,.66
96,"ajanta_caves",1.0,.9,.95,.9667,.925,.9,.1818,.2727,.5,.5,.5909,.6364,.3077,.4186,.6552,.6591,.7211,.7456
97,"atomium",.8,.9,.95,.9333,.95,.92,.1429,.2857,.3333,.381,.4762,.4762,.2424,.4337,.4935,.5411,.6344,.6276
98,"ellora_caves",1.0,1.0,.95,.9333,.925,.94,.1364,.2273,.4545,.5,.5455,.5909,.24,.3704,.6149,.6512,.6862,.7257
99,"potala_palace",.8,.9,.9,.8667,.8,.8,.1667,.2778,.3889,.6111,.7222,.7778,.2759,.4245,.5431,.7168,.7591,.7887
100,"jokhang",.8,.9,.85,.8667,.875,.84,.16,.24,.44,.56,.68,.8,.2667,.3789,.5798,.6804,.7653,.8195
101,"rila_monastery",.6,.7,.85,.9,.925,.88,.12,.2,.36,.4,.44,.48,.2,.3111,.5058,.5538,.5963,.6212
102,"louvre_pyramid",1.0,1.0,.95,.9333,.95,.9,.1111,.3889,.4444,.5556,.5556,.6111,.2,.56,.6056,.6965,.7011,.7279
103,"brooklyn_bridge",1.0,1.0,.95,.9333,.925,.92,.1429,.2857,.3333,.4286,.5714,.6667,.25,.4444,.4935,.5874,.7064,.7731
104,"tower_of_london",.6,.7,.75,.7667,.675,.72,.0435,.1739,.2174,.3478,.4348,.6087,.0811,.2786,.3371,.4785,.5289,.6597
105,"british_museum_london",1.0,1.0,1.0,.9667,.975,.96,.1,.2,.45,.55,.55,.65,.1818,.3333,.6207,.7011,.7033,.7752
106,"buckingham_palace",.8,.7,.4,.4,.4,.38,.2,.2,.2,.3,.35,.4,.32,.3111,.2667,.3429,.3733,.3897
107,"charles_bridge_prague",1.0,1.0,.65,.5667,.5,.5,.125,.2083,.25,.3333,.375,.4583,.2222,.3448,.3611,.4198,.4286,.4783
108,"champs_elysees_paris",.6,.4,.6,.6,.575,.5,.2,.2667,.4,.4667,.7333,.7333,.3,.32,.48,.525,.6446,.5946
109,"chrysler_building",1.0,1.0,1.0,1.0,.95,.96,.1429,.3571,.5714,.7857,.8571,.9286,.25,.5263,.7273,.88,.9012,.944
110,"moma_new_york",.8,.9,.95,.9,.85,.86,.1579,.1579,.4737,.5263,.6316,.6842,.2637,.2687,.6322,.6642,.7247,.7621
111,"grand_central_terminal",1.0,1.0,1.0,.9667,.975,.94,.1429,.1905,.2381,.3333,.4762,.5238,.25,.32,.3846,.4957,.6399,.6727
112,"houses_of_parliament",1.0,1.0,1.0,1.0,.925,.9,.2174,.3043,.3478,.4348,.4783,.5652,.3571,.4667,.5161,.6061,.6305,.6944
113,"alexanderplatz_berlin",.0,.3,.6,.6333,.725,.74,.0,.12,.36,.56,.6,.64,.0,.1714,.45,.5944,.6566,.6864
114,"centre_pompidou",1.0,.8,.7,.6667,.675,.68,.2778,.2778,.3889,.4444,.6667,.7222,.4348,.4124,.5,.5333,.6708,.7005
115,"sydney_harbour_bridge",1.0,1.0,1.0,1.0,.975,.98,.1875,.375,.5,.625,.625,.625,.3158,.5455,.6667,.7692,.7617,.7632
116,"pier_39",1.0,1.0,1.0,.8667,.875,.9,.1905,.2381,.4762,.5714,.619,.7143,.32,.3846,.6452,.6887,.7251,.7965
117,"coit_tower",.6,.7,.45,.5667,.575,.64,.1333,.2,.2,.3333,.4667,.5333,.2182,.3111,.2769,.4198,.5152,.5818
118,"st_paul_s_cathedral_london",1.0,1.0,.9,.8333,.825,.76,.2353,.2941,.5882,.7647,.7647,.8235,.381,.4545,.7115,.7975,.7937,.7905
119,"cloud_gate",.6,.8,.55,.6333,.625,.64,.1667,.25,.3333,.5833,.5833,.75,.2609,.381,.4151,.6073,.6034,.6906
120,"musee_d_orsay",1.0,.9,.95,.9333,.925,.92,.1429,.2381,.4286,.5238,.619,.7143,.25,.3766,.5907,.671,.7417,.8042
121,"pike_place_market",1.0,.9,.85,.8,.775,.82,.1905,.3333,.4762,.5238,.5714,.619,.32,.4865,.6104,.6331,.6578,.7055
122,"royal_palace_madrid",.8,.9,.85,.8333,.875,.84,.1818,.2273,.2727,.5455,.7273,.7273,.2963,.3629,.413,.6593,.7943,.7796
123,"sony_center_berlin",.8,.9,.95,.9667,.975,.92,.0952,.1905,.3333,.381,.381,.4762,.1702,.3144,.4935,.5465,.5478,.6276
124,"red_square_moscow",.8,.6,.6,.6667,.625,.62,.1429,.1905,.2857,.4762,.5714,.619,.2424,.2892,.3871,.5556,.597,.6195
125,"prague_castle",1.0,.9,.9,.8667,.8,.82,.16,.32,.52,.52,.64,.72,.2759,.4721,.6592,.65,.7111,.7668
126,"musee_du_louvre",1.0,1.0,1.0,1.0,1.0,.98,.2,.28,.44,.64,.72,.76,.3333,.4375,.6111,.7805,.8372,.8561
127,"millennium_bridge_london",.8,.7,.75,.7667,.8,.74,.16,.2,.36,.4,.48,.48,.2667,.3111,.4865,.5257,.6,.5823
128,"casa_mila",1.0,1.0,1.0,.9333,.925,.94,.2,.32,.48,.48,.56,.6,.3333,.4848,.6486,.634,.6976,.7325
129,"national_gallery_london",1.0,1.0,.65,.7333,.725,.64,.1818,.3182,.3636,.5455,.5909,.5909,.3077,.4828,.4664,.6256,.6511,.6145
130,"national_mall",1.0,1.0,.9,.9,.9,.86,.2,.36,.44,.64,.8,.84,.3333,.5294,.591,.7481,.8471,.8499
131,"london_city_hall",1.0,1.0,1.0,.9333,.85,.7,.2,.35,.45,.6,.7,.7,.3333,.5185,.6207,.7304,.7677,.7
132,"holocaust_memorial",.8,.9,.75,.6333,.575,.46,.1875,.375,.5625,.625,.6875,.6875,.3038,.5294,.6429,.6291,.6262,.5512
133,"columbus_circle",.4,.7,.65,.5667,.525,.5,.08,.24,.44,.44,.52,.64,.1333,.3574,.5248,.4954,.5225,.5614
134,"siegessaeule",1.0,1.0,.8,.7333,.55,.5,.16,.32,.44,.52,.52,.6,.2759,.4848,.5677,.6085,.5346,.5455
135,"jardin_du_luxembourg",1.0,1.0,1.0,1.0,.925,.88,.2,.36,.52,.64,.76,.84,.3333,.5294,.6842,.7805,.8344,.8595
136,"merlion_singapore",.0,.1,.25,.3333,.4,.52,.0,.0455,.2273,.3182,.5,.6818,.0,.0625,.2381,.3256,.4444,.59
137,"harrods_london",1.0,1.0,.85,.8667,.85,.88,.16,.32,.44,.56,.64,.76,.2759,.4848,.5798,.6804,.7302,.8156
138,"metropolitan_museum_of_art_new_york",1.0,1.0,.95,.9667,.975,.98,.16,.32,.48,.56,.68,.72,.2759,.4848,.6378,.7092,.8012,.8301
139,"new_york_stock_exchange",.8,.9,.8,.6667,.6,.62,.15,.25,.25,.4,.45,.55,.2526,.3913,.381,.5,.5143,.5829
140,"stephansdom_vienna",1.0,1.0,1.0,.9667,.975,.96,.16,.28,.4,.48,.6,.64,.2759,.4375,.5714,.6415,.7429,.768
141,"hms_belfast",1.0,1.0,1.0,.9,.925,.92,.12,.28,.48,.56,.68,.72,.2143,.4375,.6486,.6904,.7838,.8078
142,"leicester_square",.8,.9,.8,.7333,.75,.72,.08,.16,.28,.44,.48,.56,.1455,.2717,.4148,.55,.5854,.63
143,"ciudad_de_las_artes_y_las_ciencias",1.0,.9,.95,.9667,.975,.98,.16,.28,.44,.48,.6,.68,.2759,.4271,.6014,.6415,.7429,.8029
144,"topkapi_palace",1.0,.9,.95,.9,.925,.92,.2,.28,.48,.52,.64,.72,.3333,.4271,.6378,.6592,.7565,.8078
145,"royal_albert_hall",1.0,.9,.75,.7333,.6,.62,.16,.28,.36,.4,.44,.6,.2759,.4271,.4865,.5176,.5077,.6098
146,"st_vitus_cathedral",1.0,1.0,1.0,.9667,.925,.94,.16,.28,.48,.56,.64,.68,.2759,.4375,.6486,.7092,.7565,.7891
147,"castello_sforzesco",.8,.8,.85,.9,.9,.92,.08,.2,.36,.48,.52,.52,.1455,.32,.5058,.6261,.6592,.6644
148,"rijksmuseum_amsterdam",1.0,1.0,1.0,1.0,1.0,1.0,.16,.16,.36,.44,.56,.72,.2759,.2759,.5294,.6111,.7179,.8372
149,"dam_square",.6,.8,.75,.6333,.5,.56,.08,.16,.24,.32,.32,.48,.1412,.2667,.3636,.4252,.3902,.5169
150,"rathaus_vienna",.8,.9,.85,.6667,.6,.6,.12,.12,.2,.28,.4,.52,.2087,.2118,.3238,.3944,.48,.5571
151,"bath_abbey",1.0,1.0,.95,.9667,.95,.9,.2,.32,.44,.56,.56,.68,.3333,.4848,.6014,.7092,.7046,.7747
152,"salisbury_cathedral",1.0,1.0,1.0,1.0,1.0,.96,.16,.24,.4,.44,.44,.52,.2759,.3871,.5714,.6111,.6111,.6746
153,"templo_de_debod",.2,.3,.25,.4667,.45,.5,.0455,.0909,.1364,.2727,.3182,.4091,.0741,.1395,.1765,.3443,.3728,.45
154,"Niagara_Falls",.8,.6,.6,.5333,.625,.64,.1364,.2273,.2727,.3636,.5455,.6364,.233,.3297,.375,.4324,.5825,.6382
155,"Golden_Gate_Bridge_in_San_Francisco",1.0,.9,.95,.9667,.975,.98,.1364,.1364,.3636,.5455,.6818,.6818,.24,.2368,.526,.6974,.8025,.8042
156,"Neuschwanstein_Castle",1.0,1.0,1.0,.9667,.975,.96,.2,.28,.48,.64,.72,.72,.3333,.4375,.6486,.7701,.8283,.8229
157,"Christ_Church_Cathedral_Missouri",.8,.9,.95,.9667,.9,.76,.12,.28,.44,.52,.52,.52,.2087,.4271,.6014,.6762,.6592,.6175
158,"Mount_Rushmore_in_South_Dakota",.8,.9,.95,.9667,.975,.9,.16,.2,.36,.56,.64,.64,.2667,.3273,.5221,.7092,.7728,.7481
159,"Puerta_de_Toledo",.2,.1,.05,.0333,.025,.02,.5,.5,.5,.5,.5,.5,.2857,.1667,.0909,.0625,.0476,.0385
160,"Urquhart_Castle",1.0,.8,.75,.8333,.85,.86,.1667,.2917,.5833,.6667,.7083,.7917,.2857,.4275,.6562,.7407,.7727,.8244
161,"Gare_du_Nord_Paris",.8,.8,.85,.8333,.75,.68,.08,.2,.28,.36,.44,.48,.1455,.32,.4212,.5028,.5546,.5628
162,"Newgrange_in_Ireland",.6,.7,.7,.6333,.6,.66,.0833,.2083,.2917,.4167,.4167,.4583,.1463,.3211,.4118,.5026,.4918,.541
163,"Windmills_at_Kinderdijk",1.0,.9,.85,.8667,.875,.9,.16,.32,.4,.48,.56,.64,.2759,.4721,.544,.6178,.6829,.7481
164,"Conciergerie",1.0,1.0,1.0,1.0,.975,.94,.16,.28,.52,.68,.8,.8,.2759,.4375,.6842,.8095,.8789,.8644
165,"Palazzo_Madama",1.0,.8,.75,.7333,.675,.66,.1818,.2273,.3636,.4545,.4545,.6364,.3077,.354,.4898,.5612,.5433,.648
166,"Split_Rock_Lighthouse",.8,.9,.85,.8,.825,.8,.12,.2,.32,.4,.52,.56,.2087,.3273,.465,.5333,.6379,.6588
167,"The_Little_Mermaid_Denmark",1.0,1.0,1.0,.8333,.725,.58,.2857,.4286,.7143,.7143,.7143,.7143,.4444,.6,.8333,.7692,.7196,.6402
168,"Great_Pyramid_of_Giza",.6,.7,.7,.6333,.625,.62,.1333,.2667,.4,.5333,.6667,.8667,.2182,.3862,.5091,.579,.6452,.7229
169,"Pitti_Palace",.8,.8,.9,.7333,.675,.58,.1818,.3182,.4091,.4545,.5,.5455,.2963,.4553,.5625,.5612,.5745,.5622
170,"Georgia_State_Capitol",1.0,1.0,.55,.3667,.275,.22,.1579,.2632,.2632,.2632,.2632,.2632,.2727,.4167,.356,.3064,.2689,.2397
171,"Dome_des_Invalides",1.0,1.0,1.0,1.0,1.0,1.0,.16,.24,.36,.44,.56,.64,.2759,.3871,.5294,.6111,.7179,.7805
172,"Reggia_di_Caserta",.8,.5,.4,.5333,.475,.56,.16,.2,.24,.48,.56,.68,.2667,.2857,.3,.5053,.514,.6142
173,"The_Burj_al_Arab_Hotel",.8,.7,.8,.7667,.8,.84,.16,.24,.36,.48,.52,.64,.2667,.3574,.4966,.5904,.6303,.7265
174,"Elephanta_Caves",1.0,1.0,1.0,.9333,.9,.82,.1667,.2917,.4583,.5833,.6667,.7083,.2857,.4516,.6286,.7179,.766,.7601
175,"Basilica_of_Santa_Croce",1.0,1.0,1.0,1.0,1.0,1.0,.12,.16,.36,.4,.4,.48,.2143,.2759,.5294,.5714,.5714,.6486
176,"Aachen_Cathedral",1.0,.9,.95,.9667,.95,.96,.16,.2,.48,.52,.56,.6,.2759,.3273,.6378,.6762,.7046,.7385
177,"Monument_to_the_Great_Fire_of_London",1.0,.7,.45,.5667,.6,.62,.2,.28,.32,.48,.64,.68,.3333,.4,.374,.5197,.6194,.6486
178,"Longmen_Grottoes",.8,.7,.5,.6,.6,.62,.16,.28,.32,.52,.6,.68,.2667,.4,.3902,.5571,.6,.6486
179,"Louisiana_State_Capitol",.6,.5,.35,.3,.4,.46,.12,.16,.24,.28,.56,.68,.2,.2424,.2847,.2897,.4667,.5488
180,"The_Great_Sphinx_at_Giza",1.0,.9,.85,.8667,.9,.92,.2,.24,.48,.6,.68,.72,.3333,.3789,.6135,.7091,.7747,.8078
181,"Teatro_Real_Madrid",1.0,1.0,.85,.6,.6,.64,.2174,.3913,.5652,.5652,.6957,.8261,.3571,.5625,.679,.5821,.6443,.7212
182,"Palacio_de_la_Magdalena",.6,.8,.8,.8,.75,.72,.12,.28,.36,.48,.56,.64,.2,.4148,.4966,.6,.6412,.6776
183,"Sowjetisches_Ehrenmal",.4,.4,.6,.7333,.725,.72,.08,.16,.36,.48,.56,.68,.1333,.2286,.45,.5802,.6319,.6994
184,"Cathedral_of_Trier",1.0,1.0,1.0,.7667,.825,.82,.16,.28,.48,.56,.68,.8,.2759,.4375,.6486,.6472,.7455,.8099
185,"Saint_Mary_of_the_Flower",.0,.0,.05,.1,.275,.36,.0,.0,.04,.12,.32,.36,.0,.0,.0444,.1091,.2958,.36
186,"Skellig_Michael",1.0,.8,.8,.6667,.65,.66,.2,.24,.44,.48,.52,.56,.3333,.3692,.5677,.5581,.5778,.6059
187,"Chicago_Board_of_Trade_Building",1.0,1.0,.95,.7667,.575,.56,.2273,.3636,.4545,.5455,.5455,.6364,.3704,.5333,.6149,.6374,.5598,.5957
188,"Pont_de_Normandie_France",1.0,1.0,1.0,.9667,.925,.8,.2632,.4737,.6316,.7368,.9474,.9474,.4167,.6429,.7742,.8363,.9361,.8675
189,"Palazzo_Rosso",.0,.0,.05,.1667,.15,.12,.0,.0,.0417,.1667,.2083,.2083,.0,.0,.0455,.1667,.1744,.1523
190,"Piazza_Vittorio_Veneto",.8,.7,.35,.3,.425,.4,.1875,.375,.375,.4375,.75,.8125,.3038,.4884,.3621,.3559,.5426,.5361
191,"Sforza_Castle",1.0,1.0,.95,.9667,.95,.94,.2,.28,.36,.44,.56,.6,.3333,.4375,.5221,.6047,.7046,.7325
192,"Torres_KIO",.8,.8,.9,.9,.8,.76,.12,.24,.36,.52,.6,.68,.2087,.3692,.5143,.6592,.6857,.7178
193,"Torre_Picasso",1.0,1.0,.9,.7,.7,.74,.1667,.2917,.4583,.5417,.6667,.7917,.2857,.4516,.6074,.6107,.6829,.765
194,"The_Palace_of_Parliament_in_Bucharest",1.0,1.0,1.0,1.0,.975,.92,.16,.2,.24,.44,.6,.68,.2759,.3333,.3871,.6111,.7429,.782
195,"Ernest_Hemingway_House",1.0,1.0,.9,.7333,.725,.74,.12,.2,.4,.44,.52,.64,.2143,.3333,.5538,.55,.6056,.6864
196,"Castel_dellOvo_Napoli",.8,.7,.85,.8333,.825,.82,.12,.2,.44,.6,.68,.72,.2087,.3111,.5798,.6977,.7455,.7668
197,"Villa_Borghese_gardens",.8,.9,.95,.9667,.95,.96,.16,.28,.48,.56,.6,.68,.2667,.4271,.6378,.7092,.7355,.7961
198,"Saint_Marks_Basilica",1.0,1.0,1.0,1.0,1.0,.9,.12,.24,.32,.36,.48,.52,.2143,.3871,.4848,.5294,.6486,.6592
199,"Mausoleum_of_the_First_Qin_Emperor",.8,.9,.7,.8,.775,.8,.12,.24,.32,.48,.48,.6,.2087,.3789,.4392,.6,.5928,.6857
200,"Mausoleum_of_Hadrian",1.0,.8,.85,.7667,.6,.48,.1111,.2222,.3889,.5,.5,.5,.2,.3478,.5336,.6053,.5455,.4898
201,"Piazza_de_Ferrari",1.0,1.0,.95,.9333,.9,.92,.2105,.3158,.4211,.5263,.6316,.6316,.3478,.48,.5835,.6731,.7423,.749
202,"George_Washington_Carver",.4,.7,.7,.6,.575,.58,.125,.25,.5,.5,.625,.6875,.1905,.3684,.5833,.5455,.599,.6292
203,"Cathedral_of_Santiago_de_Compostela",.8,.9,.85,.7667,.8,.68,.1176,.1765,.4706,.5294,.8235,.8235,.2051,.2951,.6058,.6263,.8116,.7449
204,"Saint-Jacques_Tower",1.0,.9,.85,.7667,.8,.8,.2308,.2308,.2308,.3846,.7692,.9231,.375,.3673,.363,.5122,.7843,.8571
205,"Calakmul_Campeche_Mexico",.8,.9,.9,.8667,.775,.76,.2143,.3571,.5,.5714,.6429,.8571,.338,.5114,.6429,.6887,.7028,.8057
206,"Bran_Castle_in_Transylvania",1.0,1.0,.9,.9,.9,.86,.2632,.3158,.4211,.5263,.6842,.7368,.4167,.48,.5737,.6642,.7774,.7937
207,"Mosteiro_da_Batalha",1.0,1.0,1.0,1.0,1.0,1.0,.2105,.3158,.5263,.6842,.7368,.7368,.3478,.48,.6897,.8125,.8485,.8485
208,"Wartburg_Castle",1.0,1.0,.9,.9333,.875,.82,.2,.35,.55,.7,.85,.85,.3333,.5185,.6828,.8,.8623,.8347
209,"Fujian_Tulou_Fujian_China",1.0,1.0,1.0,1.0,1.0,.96,.2222,.2222,.5,.6111,.6667,.7778,.3636,.3636,.6667,.7586,.8,.8593
210,"Alabama_State_Capitol",.4,.5,.75,.7333,.75,.76,.0952,.2381,.5714,.7143,.7619,.7619,.1538,.3226,.6486,.7237,.7559,.761
211,"Palazzo_dAccursio",1.0,1.0,.9,.8,.75,.62,.1667,.2778,.3889,.5,.5556,.5556,.2857,.4348,.5431,.6154,.6383,.586
212,"Casa_Grande_Ruins",.6,.7,.75,.8,.825,.8,.1176,.2353,.2941,.4118,.4118,.4118,.1967,.3522,.4225,.5437,.5493,.5437
213,"Stravinsky_Fountain",1.0,1.0,1.0,.9333,.775,.74,.2,.3333,.4667,.5333,.5333,.5333,.3333,.5,.6364,.6788,.6318,.6199
214,"Angel_Falls_Venezuela",.4,.5,.45,.5333,.525,.48,.1176,.1176,.2941,.5882,.7059,.7647,.1818,.1905,.3557,.5594,.6022,.5898
215,"Statue_of_George_IV",.8,.6,.5,.5,.375,.3,.5,.5,.625,.75,.75,.75,.6154,.5455,.5556,.6,.5,.4286
216,"Palacio_Barolo",.8,.8,.9,.9333,.95,.94,.1765,.2353,.4118,.4706,.7059,.7647,.2892,.3636,.565,.6257,.8099,.8433
217,"Bridge_of_Remembrance_Christchurch_New_Zealand",1.0,1.0,.95,.7,.625,.5,.25,.4167,.8333,.8333,.8333,.8333,.4,.5882,.8879,.7609,.7143,.625
218,"John_A._Roebling_Suspension_Bridge",.2,.3,.3,.4667,.475,.5,.0667,.2,.3333,.5333,.5333,.6,.1,.24,.3158,.4978,.5025,.5455
219,"Blue_Dome_Santorini",1.0,.9,.95,.9667,.925,.9,.3125,.5,.5625,.6875,.6875,.6875,.4762,.6429,.7066,.8035,.7888,.7795
220,"Fossar_de_les_Moreres",.6,.7,.55,.4,.3,.24,.2143,.4286,.5714,.5714,.5714,.5714,.3158,.5316,.5605,.4706,.3934,.338
221,"Luxor_Obelisk_France",.8,.8,.8,.8,.825,.86,.125,.25,.3125,.4375,.5625,.625,.2162,.381,.4494,.5657,.6689,.7239
222,"Valle_de_los_Caidos",1.0,.8,.9,.9,.875,.9,.25,.35,.55,.65,.65,.75,.4,.487,.6828,.7548,.7459,.8182
--------------------
"--","Avg.",P@5,P@10,P@20,P@30,P@40,P@50,CR@5,CR@10,CR@20,CR@30,CR@40,CR@50,F1@5,F1@10,F1@20,F1@30,F1@40,F1@50
,.,8234,.8099,.7824,.7677,.7533,.7423,.1556,.2523,.3962,.5042,.5885,.6562,.2564,.377,.5158,.5963,.6468,.6814
