--------------------
"Run name","output_runBM25Dtrs"
--------------------
"Average P@20 = ",.7651
"Average CR@20 = ",.4208
"Average F1@20 = ",.5309
--------------------
"Query Id ","Location name",P@5,P@10,P@20,P@30,P@40,P@50,CR@5,CR@10,CR@20,CR@30,CR@40,CR@50,F1@5,F1@10,F1@20,F1@30,F1@40,F1@50
1,"angel_of_the_north",1.0,1.0,1.0,1.0,1.0,.98,.2,.28,.52,.56,.64,.64,.3333,.4375,.6842,.7179,.7805,.7743
2,"big_ben",.6,.7,.8,.8,.825,.86,.1364,.1818,.3636,.4545,.6364,.6818,.2222,.2887,.5,.5797,.7185,.7606
3,"hearst_castle",1.0,1.0,.95,.9333,.95,.94,.125,.3333,.625,.7917,.7917,.7917,.2222,.5,.754,.8567,.8636,.8595
4,"la_madeleine",.4,.4,.4,.4,.425,.4,.1429,.2857,.4286,.5,.6429,.6429,.2105,.3333,.4138,.4444,.5117,.4932
5,"pont_alexandre_iii",1.0,1.0,1.0,1.0,.95,.96,.2,.36,.52,.72,.76,.8,.3333,.5294,.6842,.8372,.8444,.8727
6,"neues_museum",1.0,.8,.8,.7667,.75,.74,.2,.24,.48,.56,.64,.68,.3333,.3692,.6,.6472,.6906,.7087
7,"montezuma_castle",.8,.8,.7,.6,.625,.6,.25,.4167,.5,.75,.8333,.8333,.381,.5479,.5833,.6667,.7143,.6977
8,"cn_tower",1.0,1.0,.75,.8333,.775,.7,.1667,.3333,.4167,.5,.5833,.6667,.2857,.5,.5357,.625,.6656,.6829
9,"acropolis_athens",.6,.7,.7,.7667,.8,.76,.1429,.3333,.4286,.4286,.5238,.5714,.2308,.4516,.5316,.5498,.6331,.6524
10,"agra_fort",.8,.9,.85,.8667,.825,.86,.16,.32,.48,.6,.64,.76,.2667,.4721,.6135,.7091,.7208,.8069
11,"albert_memorial",.6,.7,.65,.7,.725,.7,.0909,.1364,.2727,.4091,.5909,.6364,.1579,.2283,.3842,.5164,.6511,.6667
12,"altes_museum",.6,.7,.75,.7667,.75,.7,.125,.2083,.3333,.5417,.5833,.6667,.2069,.3211,.4615,.6348,.6562,.6829
13,"amiens_cathedral",1.0,1.0,1.0,.9333,.925,.94,.16,.28,.56,.68,.72,.76,.2759,.4375,.7179,.7868,.8097,.8405
14,"angkor_wat",.8,.7,.7,.7333,.775,.82,.12,.2,.32,.48,.56,.64,.2087,.3111,.4392,.5802,.6502,.7189
15,"ara_pacis",.2,.5,.65,.7,.725,.7,.0455,.2273,.5,.5909,.6364,.6818,.0741,.3125,.5652,.6408,.6778,.6908
16,"arc_de_triomphe",.8,.8,.7,.6667,.65,.64,.1667,.2917,.375,.4583,.5,.5833,.2759,.4275,.4884,.5432,.5652,.6104
17,"aztec_ruins",.6,.3,.3,.3333,.35,.36,.12,.12,.2,.32,.44,.48,.2,.1714,.24,.3265,.3899,.4114
18,"berlin_cathedral",1.0,.9,.85,.8333,.825,.82,.16,.24,.4,.56,.64,.64,.2759,.3789,.544,.6699,.7208,.7189
19,"bok_tower_gardens",.8,.9,.85,.8,.825,.84,.16,.36,.48,.52,.56,.64,.2667,.5143,.6135,.6303,.6671,.7265
20,"brandenburg_gate",.8,.9,.85,.8333,.875,.9,.16,.24,.36,.56,.6,.72,.2667,.3789,.5058,.6699,.7119,.8
21,"cabrillo",.2,.1,.25,.2333,.25,.22,.0769,.0769,.3077,.3846,.5385,.6154,.1111,.087,.2759,.2905,.3415,.3241
22,"casa_batllo",1.0,1.0,1.0,.9667,.95,.92,.2,.24,.44,.52,.6,.64,.3333,.3871,.6111,.6762,.7355,.7549
23,"casa_rosada",1.0,.8,.9,.9,.875,.88,.16,.24,.4,.48,.56,.64,.2759,.3692,.5538,.6261,.6829,.7411
24,"castillo_de_san_marcos",.6,.8,.75,.7667,.75,.76,.12,.24,.36,.52,.6,.72,.2,.3692,.4865,.6197,.6667,.7395
25,"chartres_cathedral",1.0,1.0,.9,.9333,.95,.92,.2,.28,.32,.48,.6,.68,.3333,.4375,.4721,.634,.7355,.782
26,"chichen_itza",1.0,1.0,.95,.9,.875,.84,.2,.32,.52,.64,.72,.76,.3333,.4848,.6721,.7481,.79,.798
27,"christ_the_redeemer_rio",.6,.5,.45,.4333,.475,.44,.087,.1739,.2174,.3478,.3913,.4348,.1519,.2581,.2932,.3859,.4291,.4374
28,"civic_center_san_francisco",.2,.5,.55,.5333,.5,.56,.04,.12,.28,.44,.52,.56,.0667,.1935,.3711,.4822,.5098,.56
29,"cologne_cathedral",1.0,1.0,1.0,.9333,.875,.9,.16,.32,.44,.6,.64,.72,.2759,.4848,.6111,.7304,.7393,.8
30,"colosseum",.8,.9,.9,.8333,.85,.88,.12,.24,.36,.4,.48,.6,.2087,.3789,.5143,.5405,.6135,.7135
31,"doge_s_palace",.8,.9,.85,.9,.925,.92,.12,.24,.36,.52,.56,.6,.2087,.3789,.5058,.6592,.6976,.7263
32,"eiffel_tower",1.0,1.0,.75,.8333,.825,.86,.12,.24,.36,.36,.52,.68,.2143,.3871,.4865,.5028,.6379,.7595
33,"golden_gate_bridge",1.0,.9,.8,.8333,.8,.8,.2174,.3043,.5217,.6087,.6522,.6957,.3571,.4549,.6316,.7035,.7186,.7442
34,"grand_palais",1.0,1.0,.95,.9667,.95,.96,.2273,.3636,.5,.5909,.6818,.7727,.3704,.5333,.6552,.7335,.7939,.8562
35,"guggenheim_museum_bilbao",1.0,1.0,1.0,1.0,1.0,1.0,.12,.2,.32,.44,.52,.56,.2143,.3333,.4848,.6111,.6842,.7179
36,"hagia_sophia_istanbul",.8,.9,.95,.9667,.975,.98,.16,.32,.36,.48,.52,.6,.2667,.4721,.5221,.6415,.6783,.7443
37,"hoover_dam",1.0,1.0,.95,.9667,.95,.94,.16,.28,.4,.52,.6,.64,.2759,.4375,.563,.6762,.7355,.7615
38,"humayun_tomb",.6,.7,.8,.8,.775,.76,.08,.24,.48,.56,.6,.72,.1412,.3574,.6,.6588,.6764,.7395
39,"iguazu_falls",.8,.8,.7,.6667,.725,.68,.16,.28,.44,.56,.6,.6,.2667,.4148,.5404,.6087,.6566,.6375
40,"iolani_palace",1.0,1.0,.7,.6667,.65,.68,.2,.36,.48,.48,.52,.68,.3333,.5294,.5695,.5581,.5778,.68
41,"la_mezquita",.6,.3,.3,.3,.275,.24,.125,.125,.2083,.2917,.3333,.3333,.2069,.1765,.2459,.2958,.3014,.2791
42,"la_rambla_barcelona",.6,.8,.85,.8333,.85,.86,.08,.16,.32,.44,.6,.64,.1412,.2667,.465,.5759,.7034,.7339
43,"la_sainte_chapelle",1.0,.9,.95,.9,.9,.92,.2,.36,.64,.72,.76,.84,.3333,.5143,.7648,.8,.8241,.8782
44,"liberty_memorial",.6,.8,.8,.7667,.75,.76,.08,.16,.28,.44,.56,.64,.1412,.2667,.4148,.5591,.6412,.6949
45,"lincoln_home",.8,.4,.35,.3,.325,.34,.2222,.2222,.3333,.4444,.5556,.6111,.3478,.2857,.3415,.3582,.4101,.4369
46,"machu_picchu",.8,.9,.9,.8667,.85,.84,.16,.28,.44,.52,.72,.8,.2667,.4271,.591,.65,.7796,.8195
47,"marble_arch_london",.6,.4,.45,.4,.375,.34,.25,.3333,.5833,.75,.8333,.9167,.3529,.3636,.5081,.5217,.5172,.496
48,"milan_cathedral",1.0,1.0,.85,.9,.85,.82,.16,.28,.44,.52,.6,.68,.2759,.4375,.5798,.6592,.7034,.7435
49,"mole_antonelliana",.6,.7,.8,.8,.775,.78,.12,.2,.36,.48,.52,.68,.2,.3111,.4966,.6,.6224,.7266
50,"mont_saint_michel",1.0,1.0,.95,.9,.9,.9,.2,.32,.52,.56,.6,.68,.3333,.4848,.6721,.6904,.72,.7747
51,"moulin_rouge",.2,.2,.2,.2,.225,.22,.125,.25,.5,.75,.75,.75,.1538,.2222,.2857,.3158,.3462,.3402
52,"nelson_s_column",.8,.7,.85,.8667,.875,.84,.125,.2083,.4583,.625,.6667,.75,.2162,.3211,.5955,.7263,.7568,.7925
53,"notre_dame_de_paris",1.0,.9,.9,.8333,.825,.8,.16,.28,.44,.48,.56,.64,.2759,.4271,.591,.6091,.6671,.7111
54,"obelisco",.2,.3,.15,.1667,.175,.18,.0909,.2727,.2727,.2727,.3636,.5455,.125,.2857,.1935,.2069,.2363,.2707
55,"piccadilly_circus",.8,.9,.75,.7333,.725,.76,.1304,.2609,.3478,.4783,.6957,.7826,.2243,.4045,.4752,.5789,.71,.7711
56,"place_de_la_concorde",1.0,1.0,1.0,1.0,1.0,1.0,.2,.28,.36,.48,.52,.68,.3333,.4375,.5294,.6486,.6842,.8095
57,"place_de_la_republique",.6,.4,.3,.2667,.225,.2,.375,.375,.625,.75,.875,.875,.4615,.3871,.4054,.3934,.358,.3256
58,"place_des_vosges",.8,.8,.75,.8,.85,.82,.12,.2,.32,.44,.56,.68,.2087,.32,.4486,.5677,.6752,.7435
59,"pont_du_gard",.8,.6,.65,.7,.675,.66,.12,.2,.32,.36,.48,.52,.2087,.3,.4289,.4755,.561,.5817
60,"pont_neuf",.8,.9,.9,.8333,.825,.76,.16,.32,.48,.56,.68,.72,.2667,.4721,.6261,.6699,.7455,.7395
61,"ponte_vecchio",.6,.7,.7,.7,.675,.7,.125,.25,.4167,.4583,.5,.5833,.2069,.3684,.5224,.554,.5745,.6364
62,"puerta_de_alcala",.8,.5,.4,.4,.45,.46,.2105,.2105,.2632,.3158,.4211,.5789,.3333,.2963,.3175,.3529,.435,.5127
63,"puerta_del_sol",.6,.7,.55,.6333,.65,.64,.15,.35,.4,.6,.6,.65,.24,.4667,.4632,.6162,.624,.645
64,"red_fort",1.0,1.0,1.0,1.0,1.0,1.0,.16,.36,.52,.64,.68,.68,.2759,.5294,.6842,.7805,.8095,.8095
65,"reims_cathedral",1.0,1.0,1.0,1.0,1.0,1.0,.2,.32,.44,.52,.56,.68,.3333,.4848,.6111,.6842,.7179,.8095
66,"rialto_bridge",.8,.9,.8,.8,.7,.7,.25,.3125,.375,.6875,.6875,.6875,.381,.4639,.5106,.7395,.6937,.6937
67,"roman_forum_rome",.6,.7,.75,.7667,.775,.78,.12,.28,.44,.44,.52,.56,.2,.4,.5546,.5591,.6224,.6519
68,"sacre_coeur",.8,.8,.7,.7,.625,.62,.1667,.2083,.3333,.4167,.4583,.4583,.2759,.3306,.4516,.5224,.5288,.527
69,"sagrada_familia",1.0,1.0,.95,.9333,.9,.92,.2,.36,.48,.52,.56,.6,.3333,.5294,.6378,.6679,.6904,.7263
70,"santa_maria_novella",.8,.7,.75,.7333,.7,.68,.16,.28,.36,.48,.52,.56,.2667,.4,.4865,.5802,.5967,.6142
71,"schonbrunn_palace",1.0,1.0,1.0,.9667,.975,.98,.2,.32,.48,.48,.52,.56,.3333,.4848,.6486,.6415,.6783,.7127
72,"seville_cathedral",1.0,1.0,.9,.9333,.925,.94,.16,.2,.36,.48,.6,.68,.2759,.3333,.5143,.634,.7279,.7891
73,"spanish_steps",.8,.9,.9,.8,.75,.76,.1818,.2273,.3636,.4091,.5909,.7273,.2963,.3629,.518,.5414,.661,.7433
74,"st__basil_cathedral",1.0,1.0,.95,.9667,.95,.94,.2,.28,.56,.6,.6,.64,.3333,.4375,.7046,.7404,.7355,.7615
75,"statue_of_liberty",1.0,.9,.9,.9,.875,.86,.2,.32,.44,.52,.64,.72,.3333,.4721,.591,.6592,.7393,.7838
76,"stonehenge",.6,.6,.75,.7333,.675,.68,.1053,.1579,.3684,.4737,.4737,.5263,.1791,.25,.4941,.5756,.5567,.5934
77,"summer_palace_beijing",.8,.8,.85,.8333,.8,.8,.16,.28,.4,.52,.6,.64,.2667,.4148,.544,.6404,.6857,.7111
78,"sydney_opera_house",.6,.7,.85,.8667,.85,.84,.12,.2,.44,.56,.56,.6,.2,.3111,.5798,.6804,.6752,.7
79,"teotihuacan",1.0,1.0,.85,.8333,.775,.78,.16,.28,.48,.52,.56,.64,.2759,.4375,.6135,.6404,.6502,.7031
80,"terracotta_army",.8,.6,.65,.6333,.625,.64,.2,.3,.4,.4,.55,.75,.32,.4,.4952,.4903,.5851,.6906
81,"the_blue_mosque",1.0,1.0,.9,.9,.925,.94,.16,.28,.44,.52,.56,.6,.2759,.4375,.591,.6592,.6976,.7325
82,"the_henry_ford",.8,.7,.7,.7,.7,.72,.16,.28,.36,.48,.56,.68,.2667,.4,.4755,.5695,.6222,.6994
83,"taj_mahal",1.0,.8,.8,.8667,.9,.9,.16,.28,.44,.48,.48,.68,.2759,.4148,.5677,.6178,.6261,.7747
84,"tour_montparnasse",1.0,.9,.7,.6,.6,.64,.2,.4,.5,.55,.6,.65,.3333,.5538,.5833,.5739,.6,.645
85,"tower_bridge_london",.6,.6,.8,.7667,.75,.72,.08,.2,.44,.52,.56,.68,.1412,.3,.5677,.6197,.6412,.6994
86,"trafalgar_square",.6,.6,.45,.4,.375,.4,.1364,.2273,.3182,.3636,.4091,.4545,.2222,.3297,.3728,.381,.3913,.4255
87,"leaning_tower_of_pisa",.6,.4,.45,.4667,.5,.56,.12,.16,.32,.44,.52,.6,.2,.2286,.374,.4529,.5098,.5793
88,"hermitage_museum_saint_petersburg",.8,.9,.9,.9333,.95,.9,.16,.28,.4,.56,.6,.6,.2667,.4271,.5538,.7,.7355,.72
89,"jantar_mantar_jaipur",1.0,.8,.8,.8,.825,.8,.2,.28,.48,.52,.6,.72,.3333,.4148,.6,.6303,.6947,.7579
90,"lake_titicaca_peru",.6,.5,.45,.4667,.5,.5,.0833,.125,.25,.375,.5,.5417,.1463,.2,.3214,.4158,.5,.52
91,"the_great_wall_of_china",.6,.8,.8,.8,.85,.86,.12,.24,.44,.56,.72,.8,.2,.3692,.5677,.6588,.7796,.8289
92,"grande_arche_paris",.4,.6,.65,.6333,.675,.66,.08,.24,.32,.4,.52,.56,.1333,.3429,.4289,.4903,.5874,.6059
93,"el_angel_mexico",.4,.4,.45,.4667,.475,.44,.0952,.1905,.3333,.5238,.619,.619,.1538,.2581,.383,.4936,.5375,.5144
94,"bibliotheque_nationale_de_france",.8,.6,.7,.7667,.8,.82,.16,.24,.32,.36,.56,.68,.2667,.3429,.4392,.4899,.6588,.7435
95,"kronborg_castle",.8,.8,.85,.8333,.85,.88,.125,.25,.4583,.5,.5417,.625,.2162,.381,.5955,.625,.6617,.7309
96,"ajanta_caves",1.0,.9,.9,.8667,.85,.88,.2273,.3182,.5,.5455,.5909,.6818,.3704,.4701,.6429,.6695,.6972,.7683
97,"atomium",1.0,1.0,.85,.9,.9,.9,.1429,.2857,.3333,.4286,.5238,.5714,.25,.4444,.4789,.5806,.6622,.699
98,"ellora_caves",1.0,1.0,.9,.9333,.925,.94,.2273,.3636,.5,.5909,.6364,.6364,.3704,.5333,.6429,.7237,.754,.7589
99,"potala_palace",.8,.7,.8,.7667,.75,.74,.2222,.2778,.5,.5556,.6111,.6111,.3478,.3977,.6154,.6443,.6735,.6694
100,"jokhang",1.0,.7,.8,.7667,.725,.76,.2,.28,.44,.6,.68,.76,.3333,.4,.5677,.6732,.7018,.76
101,"rila_monastery",.6,.7,.85,.8,.85,.88,.12,.24,.36,.4,.44,.48,.2,.3574,.5058,.5333,.5798,.6212
102,"louvre_pyramid",1.0,1.0,.9,.9333,.925,.92,.1667,.2778,.3889,.4444,.5556,.6111,.2857,.4348,.5431,.6022,.6942,.7344
103,"brooklyn_bridge",.6,.8,.75,.8,.8,.78,.1429,.3333,.4286,.5238,.6667,.7143,.2308,.4706,.5455,.6331,.7273,.7457
104,"tower_of_london",.8,.7,.6,.5333,.475,.5,.1739,.2174,.3478,.3913,.4348,.4348,.2857,.3318,.4404,.4514,.454,.4651
105,"british_museum_london",1.0,1.0,1.0,1.0,1.0,1.0,.2,.3,.45,.55,.6,.6,.3333,.4615,.6207,.7097,.75,.75
106,"buckingham_palace",.4,.5,.6,.6667,.625,.62,.1,.2,.3,.4,.55,.6,.16,.2857,.4,.5,.5851,.6098
107,"charles_bridge_prague",1.0,1.0,.95,.9,.775,.68,.1667,.25,.3333,.3333,.375,.4167,.2857,.4,.4935,.4865,.5054,.5167
108,"champs_elysees_paris",.6,.6,.55,.5333,.5,.5,.2,.2667,.4,.4,.4667,.5333,.3,.3692,.4632,.4571,.4828,.5161
109,"chrysler_building",1.0,.9,.95,.9333,.925,.94,.1429,.3571,.7143,.8571,.9286,.9286,.25,.5114,.8155,.8936,.9268,.9343
110,"moma_new_york",1.0,.9,.75,.7667,.8,.8,.2632,.3158,.3158,.4211,.4737,.6316,.4167,.4675,.4444,.5436,.595,.7059
111,"grand_central_terminal",1.0,.9,.9,.9,.925,.92,.1429,.1905,.2857,.5238,.5714,.619,.25,.3144,.4337,.6622,.7064,.7401
112,"houses_of_parliament",.8,.8,.9,.8333,.875,.84,.1739,.2609,.4348,.4348,.5217,.5652,.2857,.3934,.5863,.5714,.6537,.6757
113,"alexanderplatz_berlin",.8,.8,.85,.8,.85,.8,.16,.24,.36,.44,.48,.48,.2667,.3692,.5058,.5677,.6135,.6
114,"centre_pompidou",.8,.9,.8,.8,.775,.8,.2222,.2222,.3333,.4444,.5556,.5556,.3478,.3564,.4706,.5714,.6472,.6557
115,"sydney_harbour_bridge",1.0,1.0,1.0,.9667,.925,.92,.25,.3125,.5,.625,.6875,.6875,.4,.4762,.6667,.7592,.7888,.7869
116,"pier_39",.8,.8,.8,.8667,.85,.84,.1905,.3333,.5238,.7143,.7619,.7619,.3077,.4706,.6331,.7831,.8035,.799
117,"coit_tower",.6,.7,.75,.6333,.6,.62,.1333,.2,.4,.4667,.5333,.5333,.2182,.3111,.5217,.5374,.5647,.5734
118,"st_paul_s_cathedral_london",1.0,.9,.9,.8667,.8,.8,.2941,.4118,.4706,.5882,.5882,.6471,.4545,.565,.618,.7008,.678,.7154
119,"cloud_gate",.8,.8,.8,.7667,.7,.7,.3333,.4167,.5,.5,.5833,.5833,.4706,.5479,.6154,.6053,.6364,.6364
120,"musee_d_orsay",.8,.9,.9,.9,.925,.94,.0952,.1429,.381,.4762,.619,.6667,.1702,.2466,.5353,.6228,.7417,.7801
121,"pike_place_market",1.0,1.0,.9,.9,.85,.84,.2381,.3333,.4286,.4762,.4762,.5714,.3846,.5,.5806,.6228,.6104,.6802
122,"royal_palace_madrid",1.0,.9,.9,.9,.875,.86,.2273,.3182,.4545,.5,.5909,.7273,.3704,.4701,.604,.6429,.7054,.7881
123,"sony_center_berlin",1.0,1.0,.9,.9,.925,.94,.1429,.2381,.2857,.381,.4286,.5238,.25,.3846,.4337,.5353,.5858,.6727
124,"red_square_moscow",.8,.8,.8,.7667,.75,.76,.1905,.3333,.4762,.5714,.6667,.7143,.3077,.4706,.597,.6548,.7059,.7364
125,"prague_castle",.8,.9,.85,.9,.9,.9,.16,.28,.44,.56,.6,.68,.2667,.4271,.5798,.6904,.72,.7747
126,"musee_du_louvre",1.0,.9,.95,.9667,.975,.96,.2,.32,.56,.6,.6,.68,.3333,.4721,.7046,.7404,.7429,.7961
127,"millennium_bridge_london",1.0,1.0,.85,.8,.775,.76,.16,.32,.52,.56,.56,.6,.2759,.4848,.6453,.6588,.6502,.6706
128,"casa_mila",1.0,.9,.95,.9667,.925,.94,.16,.28,.44,.52,.56,.6,.2759,.4271,.6014,.6762,.6976,.7325
129,"national_gallery_london",.4,.6,.7,.6667,.675,.72,.0455,.2273,.4091,.5,.6364,.6364,.0816,.3297,.5164,.5714,.6551,.6756
130,"national_mall",.8,.7,.8,.7333,.75,.74,.12,.24,.52,.68,.72,.8,.2087,.3574,.6303,.7057,.7347,.7688
131,"london_city_hall",.6,.7,.75,.7333,.725,.74,.15,.3,.5,.7,.75,.75,.24,.42,.6,.7163,.7373,.745
132,"holocaust_memorial",.4,.3,.6,.5,.525,.5,.125,.1875,.4375,.5,.625,.625,.1905,.2308,.506,.5,.5707,.5556
133,"columbus_circle",.8,.9,.7,.7667,.675,.64,.16,.32,.48,.76,.76,.8,.2667,.4721,.5695,.7633,.715,.7111
134,"siegessaeule",.6,.7,.75,.7333,.725,.66,.12,.24,.48,.52,.56,.64,.2,.3574,.5854,.6085,.6319,.6498
135,"jardin_du_luxembourg",1.0,1.0,1.0,1.0,1.0,1.0,.2,.32,.44,.52,.56,.68,.3333,.4848,.6111,.6842,.7179,.8095
136,"merlion_singapore",.8,.7,.5,.5333,.525,.48,.1364,.2727,.4091,.5909,.6364,.6364,.233,.3925,.45,.5606,.5753,.5472
137,"harrods_london",.8,.8,.8,.8333,.825,.8,.16,.24,.32,.48,.56,.64,.2667,.3692,.4571,.6091,.6671,.7111
138,"metropolitan_museum_of_art_new_york",1.0,1.0,.95,.9333,.95,.94,.12,.28,.4,.48,.52,.6,.2143,.4375,.563,.634,.6721,.7325
139,"new_york_stock_exchange",.8,.8,.9,.8333,.775,.74,.2,.4,.6,.7,.75,.75,.32,.5333,.72,.7609,.7623,.745
140,"stephansdom_vienna",1.0,1.0,1.0,1.0,1.0,.98,.16,.36,.56,.56,.64,.72,.2759,.5294,.7179,.7179,.7805,.8301
141,"hms_belfast",1.0,1.0,1.0,1.0,.95,.94,.16,.24,.36,.56,.72,.76,.2759,.3871,.5294,.7179,.8192,.8405
142,"leicester_square",.8,.9,.85,.7667,.725,.74,.16,.24,.36,.4,.44,.48,.2667,.3789,.5058,.5257,.5476,.5823
143,"ciudad_de_las_artes_y_las_ciencias",1.0,1.0,.95,.9667,.95,.96,.2,.36,.48,.64,.64,.72,.3333,.5294,.6378,.7701,.7648,.8229
144,"topkapi_palace",1.0,.9,.95,.9667,.95,.96,.2,.32,.44,.6,.68,.72,.3333,.4721,.6014,.7404,.7926,.8229
145,"royal_albert_hall",.6,.8,.8,.8,.8,.82,.12,.28,.48,.48,.52,.64,.2,.4148,.6,.6,.6303,.7189
146,"st_vitus_cathedral",.8,.9,.95,.9333,.925,.92,.12,.28,.48,.52,.56,.6,.2087,.4271,.6378,.6679,.6976,.7263
147,"castello_sforzesco",.6,.7,.75,.8333,.875,.88,.12,.24,.44,.48,.6,.68,.2,.3574,.5546,.6091,.7119,.7672
148,"rijksmuseum_amsterdam",1.0,1.0,.95,.9667,.975,.98,.16,.32,.36,.44,.48,.68,.2759,.4848,.5221,.6047,.6433,.8029
149,"dam_square",.4,.5,.55,.6,.55,.58,.08,.2,.28,.44,.48,.52,.1333,.2857,.3711,.5077,.5126,.5484
150,"rathaus_vienna",.4,.7,.65,.5667,.55,.48,.04,.2,.2,.24,.24,.24,.0727,.3111,.3059,.3372,.3342,.32
151,"bath_abbey",.8,.8,.75,.8,.8,.84,.16,.2,.36,.52,.6,.64,.2667,.32,.4865,.6303,.6857,.7265
152,"salisbury_cathedral",.8,.9,.9,.9333,.95,.96,.16,.32,.44,.52,.64,.64,.2667,.4721,.591,.6679,.7648,.768
153,"templo_de_debod",.6,.5,.45,.5333,.55,.58,.1364,.1818,.2273,.3636,.5,.5,.2222,.2667,.302,.4324,.5238,.537
154,"Niagara_Falls",.8,.7,.65,.6,.6,.62,.1818,.2273,.3636,.4545,.5,.5,.2963,.3431,.4664,.5172,.5455,.5536
155,"Golden_Gate_Bridge_in_San_Francisco",1.0,1.0,1.0,.9667,.95,.96,.1818,.2273,.5455,.6364,.7273,.7727,.3077,.3704,.7059,.7675,.8238,.8562
156,"Neuschwanstein_Castle",1.0,1.0,.95,.9667,.975,.96,.2,.36,.48,.56,.64,.72,.3333,.5294,.6378,.7092,.7728,.8229
157,"Christ_Church_Cathedral_Missouri",1.0,1.0,1.0,1.0,1.0,.98,.2,.36,.48,.52,.64,.68,.3333,.5294,.6486,.6842,.7805,.8029
158,"Mount_Rushmore_in_South_Dakota",1.0,1.0,.95,.9667,.925,.92,.2,.32,.48,.52,.56,.68,.3333,.4848,.6378,.6762,.6976,.782
159,"Puerta_de_Toledo",.0,.0,.1,.0667,.075,.06,.0,.0,1.0,1.0,1.0,1.0,.0,.0,.1818,.125,.1395,.1132
160,"Urquhart_Castle",1.0,.8,.85,.8,.825,.86,.2083,.3333,.5,.5,.625,.7083,.3448,.4706,.6296,.6154,.7112,.7768
161,"Gare_du_Nord_Paris",.8,.7,.8,.7333,.7,.7,.16,.28,.44,.52,.56,.64,.2667,.4,.5677,.6085,.6222,.6687
162,"Newgrange_in_Ireland",1.0,.8,.8,.6667,.65,.66,.1667,.25,.375,.375,.4167,.5,.2857,.381,.5106,.48,.5078,.569
163,"Windmills_at_Kinderdijk",.6,.7,.8,.7333,.775,.78,.12,.24,.44,.44,.52,.56,.2,.3574,.5677,.55,.6224,.6519
164,"Conciergerie",1.0,1.0,.95,.9667,.975,.98,.2,.36,.44,.52,.6,.68,.3333,.5294,.6014,.6762,.7429,.8029
165,"Palazzo_Madama",.4,.6,.5,.5,.5,.48,.0909,.2727,.4091,.4545,.5455,.5455,.1481,.375,.45,.4762,.5217,.5106
166,"Split_Rock_Lighthouse",.8,.9,.95,.9333,.925,.88,.16,.24,.28,.28,.36,.44,.2667,.3789,.4325,.4308,.5183,.5867
167,"The_Little_Mermaid_Denmark",.8,.4,.5,.4667,.5,.52,.2143,.2143,.4286,.6429,.7143,.7857,.338,.2791,.4615,.5408,.5882,.6258
168,"Great_Pyramid_of_Giza",.6,.6,.65,.6667,.65,.64,.2,.3333,.4667,.6,.6,.6667,.3,.4286,.5433,.6316,.624,.6531
169,"Pitti_Palace",.4,.7,.7,.8,.775,.78,.0909,.2727,.5,.5909,.6364,.7273,.1481,.3925,.5833,.6797,.6989,.7527
170,"Georgia_State_Capitol",.6,.8,.75,.7667,.7,.58,.1579,.2632,.2632,.3158,.3684,.3684,.25,.396,.3896,.4473,.4828,.4506
171,"Dome_des_Invalides",1.0,1.0,1.0,1.0,1.0,1.0,.16,.32,.44,.48,.52,.64,.2759,.4848,.6111,.6486,.6842,.7805
172,"Reggia_di_Caserta",1.0,.8,.85,.8,.8,.84,.16,.28,.4,.44,.64,.76,.2759,.4148,.544,.5677,.7111,.798
173,"The_Burj_al_Arab_Hotel",1.0,.7,.65,.7,.725,.7,.2,.28,.36,.4,.56,.56,.3333,.4,.4634,.5091,.6319,.6222
174,"Elephanta_Caves",.8,.9,.9,.9,.825,.82,.1667,.3333,.4583,.5,.5833,.5833,.2759,.4865,.6074,.6429,.6834,.6817
175,"Basilica_of_Santa_Croce",.8,.9,.95,.9,.925,.94,.12,.28,.44,.52,.64,.68,.2087,.4271,.6014,.6592,.7565,.7891
176,"Aachen_Cathedral",.6,.8,.8,.8,.825,.86,.12,.24,.44,.56,.68,.72,.2,.3692,.5677,.6588,.7455,.7838
177,"Monument_to_the_Great_Fire_of_London",.8,.8,.75,.7667,.7,.68,.12,.28,.44,.64,.64,.64,.2087,.4148,.5546,.6976,.6687,.6594
178,"Longmen_Grottoes",.6,.5,.55,.6333,.675,.62,.08,.16,.32,.44,.6,.68,.1412,.2424,.4046,.5193,.6353,.6486
179,"Louisiana_State_Capitol",.2,.2,.35,.3,.325,.4,.04,.08,.28,.32,.4,.52,.0667,.1143,.3111,.3097,.3586,.4522
180,"The_Great_Sphinx_at_Giza",.8,.9,.9,.9,.85,.86,.16,.24,.44,.56,.56,.56,.2667,.3789,.591,.6904,.6752,.6783
181,"Teatro_Real_Madrid",.8,.7,.8,.7667,.725,.74,.1304,.2174,.4783,.5217,.6087,.6522,.2243,.3318,.5986,.6209,.6618,.6933
182,"Palacio_de_la_Magdalena",.6,.6,.5,.5,.55,.58,.12,.24,.36,.52,.6,.68,.2,.3429,.4186,.5098,.5739,.626
183,"Sowjetisches_Ehrenmal",.2,.4,.35,.3667,.325,.36,.04,.16,.28,.36,.36,.48,.0667,.2286,.3111,.3633,.3416,.4114
184,"Cathedral_of_Trier",.8,.8,.8,.8,.825,.8,.12,.2,.44,.56,.64,.76,.2087,.32,.5677,.6588,.7208,.7795
185,"Saint_Mary_of_the_Flower",.2,.2,.2,.2,.225,.2,.04,.08,.12,.2,.32,.32,.0667,.1143,.15,.2,.2642,.2462
186,"Skellig_Michael",.8,.8,.7,.7,.7,.74,.16,.32,.4,.4,.48,.56,.2667,.4571,.5091,.5091,.5695,.6375
187,"Chicago_Board_of_Trade_Building",1.0,1.0,.9,.9333,.9,.86,.1818,.2727,.4091,.5909,.6364,.7273,.3077,.4286,.5625,.7237,.7456,.7881
188,"Pont_de_Normandie_France",.8,.6,.7,.6667,.75,.7,.2105,.3158,.5789,.7895,.7895,.7895,.3333,.4138,.6337,.7229,.7692,.742
189,"Palazzo_Rosso",.0,.0,.05,.0333,.025,.02,.0,.0,.0417,.0417,.0417,.0417,.0,.0,.0455,.037,.0312,.027
190,"Piazza_Vittorio_Veneto",.4,.6,.5,.4667,.425,.44,.125,.375,.5,.625,.6875,.75,.1905,.4615,.5,.5344,.5253,.5546
191,"Sforza_Castle",.8,.8,.85,.9,.925,.92,.12,.24,.4,.52,.68,.72,.2087,.3692,.544,.6592,.7838,.8078
192,"Torres_KIO",1.0,.9,.9,.9333,.925,.92,.16,.28,.4,.48,.52,.6,.2759,.4271,.5538,.634,.6657,.7263
193,"Torre_Picasso",1.0,.9,.9,.9333,.925,.88,.2083,.3333,.5417,.5417,.625,.6667,.3448,.4865,.6763,.6855,.746,.7586
194,"The_Palace_of_Parliament_in_Bucharest",.6,.8,.7,.7333,.75,.78,.08,.24,.36,.44,.56,.64,.1412,.3692,.4755,.55,.6412,.7031
195,"Ernest_Hemingway_House",1.0,.9,.65,.7333,.7,.7,.2,.28,.32,.48,.6,.68,.3333,.4271,.4289,.5802,.6462,.6899
196,"Castel_dellOvo_Napoli",.8,.7,.75,.7667,.825,.82,.16,.2,.36,.56,.68,.72,.2667,.3111,.4865,.6472,.7455,.7668
197,"Villa_Borghese_gardens",1.0,.9,.9,.9333,.95,.96,.2,.24,.4,.52,.72,.84,.3333,.3789,.5538,.6679,.8192,.896
198,"Saint_Marks_Basilica",.6,.8,.85,.8,.775,.78,.12,.28,.4,.52,.6,.8,.2,.4148,.544,.6303,.6764,.7899
199,"Mausoleum_of_the_First_Qin_Emperor",.8,.9,.95,.9667,.95,.94,.16,.28,.4,.6,.68,.76,.2667,.4271,.563,.7404,.7926,.8405
200,"Mausoleum_of_Hadrian",.6,.8,.7,.7,.675,.64,.1667,.3333,.5,.5,.5556,.6111,.2609,.4706,.5833,.5833,.6095,.6252
201,"Piazza_de_Ferrari",1.0,1.0,.95,.9667,.95,.96,.1579,.3684,.3684,.4737,.5263,.5263,.2727,.5385,.5309,.6358,.6774,.6799
202,"George_Washington_Carver",.0,.2,.25,.2333,.2,.24,.0,.125,.25,.25,.25,.3125,.0,.1538,.25,.2414,.2222,.2715
203,"Cathedral_of_Santiago_de_Compostela",.6,.5,.65,.6667,.725,.68,.1765,.2941,.6471,.7059,.7059,.7059,.2727,.3704,.6485,.6857,.7153,.6927
204,"Saint-Jacques_Tower",.8,.5,.6,.5333,.6,.6,.1538,.2308,.3846,.3846,.3846,.4615,.2581,.3158,.4688,.4469,.4688,.5217
205,"Calakmul_Campeche_Mexico",.8,.7,.75,.7333,.75,.78,.2857,.4286,.5714,.5714,.6429,.7857,.4211,.5316,.6486,.6423,.6923,.7828
206,"Bran_Castle_in_Transylvania",1.0,.9,.85,.8667,.875,.9,.2105,.2632,.4737,.5789,.6842,.7368,.3478,.4072,.6083,.6942,.7679,.8103
207,"Mosteiro_da_Batalha",1.0,1.0,1.0,1.0,1.0,1.0,.2632,.4737,.6316,.7368,.7895,.7895,.4167,.6429,.7742,.8485,.8824,.8824
208,"Wartburg_Castle",.8,.9,.95,.9333,.95,.94,.2,.25,.45,.55,.6,.75,.32,.3913,.6107,.6921,.7355,.8343
209,"Fujian_Tulou_Fujian_China",1.0,.9,.95,.9333,.9,.9,.1667,.2778,.5556,.6667,.7222,.7778,.2857,.4245,.7011,.7778,.8014,.8344
210,"Alabama_State_Capitol",.8,.6,.65,.7,.625,.64,.1905,.1905,.4762,.619,.619,.6667,.3077,.2892,.5497,.657,.622,.6531
211,"Palazzo_dAccursio",.4,.6,.7,.7,.65,.66,.1111,.1667,.3889,.5,.5556,.5556,.1739,.2609,.5,.5833,.5991,.6033
212,"Casa_Grande_Ruins",1.0,.7,.75,.6667,.65,.62,.2353,.2941,.4118,.4706,.4706,.5294,.381,.4142,.5316,.5517,.5459,.5711
213,"Stravinsky_Fountain",.8,.9,.9,.9333,.9,.9,.2667,.4667,.5333,.5333,.6,.6,.4,.6146,.6698,.6788,.72,.72
214,"Angel_Falls_Venezuela",.8,.7,.6,.6,.6,.64,.1765,.2353,.4118,.5294,.6471,.7647,.2892,.3522,.4884,.5625,.6226,.6968
215,"Statue_of_George_IV",.6,.4,.3,.3,.275,.24,.375,.375,.5,.5,.5,.5,.4615,.3871,.375,.375,.3548,.3243
216,"Palacio_Barolo",1.0,.9,.95,.9,.925,.92,.2941,.4118,.4706,.5882,.6471,.8235,.4545,.565,.6294,.7115,.7615,.8691
217,"Bridge_of_Remembrance_Christchurch_New_Zealand",.8,.9,.9,.8,.725,.64,.1667,.3333,.5833,.6667,.75,.9167,.2759,.4865,.7079,.7273,.7373,.7537
218,"John_A._Roebling_Suspension_Bridge",.0,.3,.25,.3667,.45,.48,.0,.1333,.2667,.5333,.6667,.6667,.0,.1846,.2581,.4346,.5373,.5581
219,"Blue_Dome_Santorini",1.0,.9,.8,.8667,.875,.88,.25,.375,.625,.6875,.75,.75,.4,.5294,.7018,.7668,.8077,.8098
220,"Fossar_de_les_Moreres",.4,.7,.65,.6667,.6,.56,.1429,.4286,.5,.5714,.7143,.7143,.2105,.5316,.5652,.6154,.6522,.6278
221,"Luxor_Obelisk_France",.8,.9,.85,.8,.85,.86,.1875,.375,.4375,.4375,.4375,.5,.3038,.5294,.5777,.5657,.5777,.6324
222,"Valle_de_los_Caidos",1.0,1.0,.95,.9333,.925,.94,.25,.35,.5,.55,.6,.7,.4,.5185,.6552,.6921,.7279,.8024
--------------------
"--","Avg.",P@5,P@10,P@20,P@30,P@40,P@50,CR@5,CR@10,CR@20,CR@30,CR@40,CR@50,F1@5,F1@10,F1@20,F1@30,F1@40,F1@50
,.,7757,.7739,.7651,.7608,.755,.7523,.1592,.269,.4208,.5142,.5854,.6458,.2611,.3936,.5309,.5992,.6448,.6806
