--------------------
"Run name","output_runCN3X3Dtrs"
--------------------
"Average P@20 = ",.7617
"Average CR@20 = ",.4366
"Average F1@20 = ",.5437
--------------------
"Query Id ","Location name",P@5,P@10,P@20,P@30,P@40,P@50,CR@5,CR@10,CR@20,CR@30,CR@40,CR@50,F1@5,F1@10,F1@20,F1@30,F1@40,F1@50
1,"angel_of_the_north",1.0,1.0,1.0,1.0,1.0,1.0,.2,.4,.52,.56,.6,.72,.3333,.5714,.6842,.7179,.75,.8372
2,"big_ben",1.0,1.0,.95,.8667,.875,.86,.1818,.3182,.5455,.5455,.5909,.6818,.3077,.4828,.693,.6695,.7054,.7606
3,"hearst_castle",1.0,.9,.9,.9,.875,.88,.2083,.375,.625,.7083,.7083,.7083,.3448,.5294,.7377,.7927,.7829,.7849
4,"la_madeleine",.4,.3,.25,.2667,.275,.26,.0714,.1429,.1429,.3571,.5,.5714,.1212,.1935,.1818,.3053,.3548,.3574
5,"pont_alexandre_iii",1.0,1.0,.95,.9667,.925,.94,.16,.24,.44,.56,.64,.68,.2759,.3871,.6014,.7092,.7565,.7891
6,"neues_museum",.2,.3,.35,.4667,.5,.54,.04,.12,.24,.32,.52,.68,.0667,.1714,.2847,.3797,.5098,.602
7,"montezuma_castle",.6,.6,.6,.5667,.525,.52,.1667,.3333,.5,.5,.5833,.75,.2609,.4286,.5455,.5312,.5526,.6142
8,"cn_tower",.4,.4,.65,.6333,.7,.68,.0833,.125,.4167,.5,.5417,.5833,.1379,.1905,.5078,.5588,.6107,.628
9,"acropolis_athens",1.0,.7,.65,.7333,.725,.72,.1429,.2381,.2857,.4286,.4762,.5238,.25,.3553,.3969,.541,.5748,.6064
10,"agra_fort",1.0,.9,.9,.9,.925,.94,.16,.28,.48,.52,.64,.72,.2759,.4271,.6261,.6592,.7565,.8154
11,"albert_memorial",1.0,.7,.75,.7333,.7,.74,.2273,.3182,.4545,.5455,.5455,.6364,.3704,.4375,.566,.6256,.6131,.6843
12,"altes_museum",.4,.5,.5,.5667,.575,.6,.0833,.2083,.3333,.4583,.625,.75,.1379,.2941,.4,.5068,.599,.6667
13,"amiens_cathedral",1.0,1.0,.95,.9333,.95,.94,.16,.32,.48,.64,.76,.8,.2759,.4848,.6378,.7593,.8444,.8644
14,"angkor_wat",1.0,.9,.85,.8333,.8,.78,.2,.28,.48,.56,.64,.72,.3333,.4271,.6135,.6699,.7111,.7488
15,"ara_pacis",.6,.5,.5,.5333,.5,.54,.1364,.1818,.3636,.5455,.6818,.7273,.2222,.2667,.4211,.5393,.5769,.6198
16,"arc_de_triomphe",.8,.7,.8,.7333,.7,.72,.0833,.2083,.4583,.5417,.5833,.625,.1509,.3211,.5828,.6231,.6364,.6691
17,"aztec_ruins",.2,.2,.25,.2333,.225,.24,.04,.08,.16,.2,.28,.32,.0667,.1143,.1951,.2154,.2495,.2743
18,"berlin_cathedral",.8,.9,.95,.9667,.975,.96,.12,.24,.48,.56,.6,.72,.2087,.3789,.6378,.7092,.7429,.8229
19,"bok_tower_gardens",1.0,1.0,1.0,.9,.9,.9,.16,.24,.52,.68,.76,.76,.2759,.3871,.6842,.7747,.8241,.8241
20,"brandenburg_gate",1.0,1.0,.95,.8667,.9,.86,.2,.32,.56,.56,.64,.68,.3333,.4848,.7046,.6804,.7481,.7595
21,"cabrillo",.0,.1,.15,.1,.15,.14,.0,.0769,.2308,.2308,.3846,.4615,.0,.087,.1818,.1395,.2158,.2148
22,"casa_batllo",1.0,1.0,1.0,1.0,1.0,1.0,.2,.4,.56,.68,.76,.88,.3333,.5714,.7179,.8095,.8636,.9362
23,"casa_rosada",.8,.8,.85,.8667,.9,.9,.12,.24,.48,.56,.64,.68,.2087,.3692,.6135,.6804,.7481,.7747
24,"castillo_de_san_marcos",.6,.7,.55,.5667,.575,.66,.12,.28,.36,.44,.56,.64,.2,.4,.4352,.4954,.5674,.6498
25,"chartres_cathedral",1.0,1.0,1.0,.9333,.95,.96,.16,.28,.48,.56,.64,.76,.2759,.4375,.6486,.7,.7648,.8484
26,"chichen_itza",.6,.7,.75,.8,.85,.86,.12,.2,.32,.48,.56,.6,.2,.3111,.4486,.6,.6752,.7068
27,"christ_the_redeemer_rio",.8,.6,.6,.6667,.6,.56,.1739,.2609,.4348,.5652,.6087,.6522,.2857,.3636,.5042,.6118,.6043,.6026
28,"civic_center_san_francisco",.8,.7,.7,.7333,.675,.62,.16,.24,.4,.48,.56,.56,.2667,.3574,.5091,.5802,.6121,.5885
29,"cologne_cathedral",1.0,1.0,.95,.9667,.925,.94,.2,.32,.44,.56,.64,.68,.3333,.4848,.6014,.7092,.7565,.7891
30,"colosseum",1.0,1.0,1.0,1.0,.975,.94,.2,.32,.48,.52,.6,.68,.3333,.4848,.6486,.6842,.7429,.7891
31,"doge_s_palace",1.0,.9,.85,.8333,.8,.8,.12,.24,.4,.44,.48,.52,.2143,.3789,.544,.5759,.6,.6303
32,"eiffel_tower",1.0,1.0,.9,.8667,.9,.92,.2,.28,.48,.52,.52,.6,.3333,.4375,.6261,.65,.6592,.7263
33,"golden_gate_bridge",.8,.9,.9,.9,.8,.78,.1739,.3043,.5652,.6522,.6522,.6957,.2857,.4549,.6944,.7563,.7186,.7354
34,"grand_palais",1.0,.9,.9,.9333,.9,.92,.2273,.3182,.5,.5455,.5909,.6364,.3704,.4701,.6429,.6885,.7134,.7523
35,"guggenheim_museum_bilbao",1.0,1.0,1.0,1.0,1.0,1.0,.2,.32,.48,.56,.6,.68,.3333,.4848,.6486,.7179,.75,.8095
36,"hagia_sophia_istanbul",1.0,.9,.95,.9667,.975,.98,.2,.32,.52,.64,.68,.72,.3333,.4721,.6721,.7701,.8012,.8301
37,"hoover_dam",1.0,1.0,.95,.8667,.9,.92,.12,.28,.48,.6,.72,.8,.2143,.4375,.6378,.7091,.8,.8558
38,"humayun_tomb",1.0,.8,.85,.7667,.75,.78,.2,.24,.44,.56,.6,.64,.3333,.3692,.5798,.6472,.6667,.7031
39,"iguazu_falls",.8,.8,.75,.7,.7,.72,.12,.24,.36,.48,.6,.6,.2087,.3692,.4865,.5695,.6462,.6545
40,"iolani_palace",.6,.8,.8,.8,.7,.72,.12,.28,.52,.64,.72,.8,.2,.4148,.6303,.7111,.7099,.7579
41,"la_mezquita",.6,.7,.8,.7333,.7,.66,.125,.2917,.4583,.5417,.625,.6667,.2069,.4118,.5828,.6231,.6604,.6633
42,"la_rambla_barcelona",.8,.8,.8,.8,.8,.84,.16,.2,.32,.4,.44,.6,.2667,.32,.4571,.5333,.5677,.7
43,"la_sainte_chapelle",1.0,1.0,1.0,.9667,.975,.96,.16,.24,.52,.6,.68,.72,.2759,.3871,.6842,.7404,.8012,.8229
44,"liberty_memorial",.8,.8,.75,.7333,.7,.66,.08,.2,.4,.48,.56,.6,.1455,.32,.5217,.5802,.6222,.6286
45,"lincoln_home",.8,.9,.7,.7667,.725,.72,.2222,.3889,.5556,.6111,.6667,.7222,.3478,.5431,.6195,.6801,.6946,.7211
46,"machu_picchu",.8,.8,.8,.7333,.7,.76,.16,.28,.52,.6,.6,.8,.2667,.4148,.6303,.66,.6462,.7795
47,"marble_arch_london",1.0,.6,.4,.3333,.275,.3,.4167,.5,.6667,.6667,.6667,.8333,.5882,.5455,.5,.4444,.3894,.4412
48,"milan_cathedral",1.0,.9,.95,.9667,.95,.9,.2,.32,.48,.52,.64,.68,.3333,.4721,.6378,.6762,.7648,.7747
49,"mole_antonelliana",1.0,.8,.8,.7667,.775,.72,.2,.2,.36,.52,.64,.64,.3333,.32,.4966,.6197,.7011,.6776
50,"mont_saint_michel",1.0,1.0,1.0,1.0,1.0,1.0,.16,.28,.56,.68,.68,.72,.2759,.4375,.7179,.8095,.8095,.8372
51,"moulin_rouge",.0,.0,.15,.1667,.225,.2,.0,.0,.25,.375,.75,.75,.0,.0,.1875,.2308,.3462,.3158
52,"nelson_s_column",.8,.9,.9,.9,.925,.92,.1667,.3333,.5833,.6667,.75,.75,.2759,.4865,.7079,.766,.8284,.8263
53,"notre_dame_de_paris",1.0,.9,.85,.8667,.875,.9,.16,.24,.48,.56,.6,.68,.2759,.3789,.6135,.6804,.7119,.7747
54,"obelisco",.0,.1,.15,.1667,.175,.2,.0,.0909,.2727,.3636,.3636,.4545,.0,.0952,.1935,.2286,.2363,.2778
55,"piccadilly_circus",1.0,.9,.75,.7667,.75,.74,.1304,.3043,.4348,.5217,.5652,.6087,.2308,.4549,.5505,.6209,.6446,.668
56,"place_de_la_concorde",1.0,1.0,1.0,1.0,.95,.96,.16,.28,.4,.64,.72,.72,.2759,.4375,.5714,.7805,.8192,.8229
57,"place_de_la_republique",.0,.1,.2,.2333,.175,.2,.0,.125,.5,.625,.625,.875,.0,.1111,.2857,.3398,.2734,.3256
58,"place_des_vosges",.8,.6,.75,.7,.725,.74,.12,.2,.4,.52,.64,.76,.2087,.3,.5217,.5967,.6799,.7499
59,"pont_du_gard",1.0,.8,.8,.7667,.675,.68,.16,.28,.44,.52,.6,.64,.2759,.4148,.5677,.6197,.6353,.6594
60,"pont_neuf",1.0,.8,.75,.7,.675,.64,.16,.2,.36,.4,.52,.64,.2759,.32,.4865,.5091,.5874,.64
61,"ponte_vecchio",1.0,1.0,.85,.8667,.825,.84,.1667,.2917,.5,.5833,.625,.625,.2857,.4516,.6296,.6973,.7112,.7167
62,"puerta_de_alcala",.8,.5,.45,.4667,.45,.5,.2105,.2632,.4211,.4737,.6316,.6316,.3333,.3448,.435,.4701,.5255,.5581
63,"puerta_del_sol",.4,.4,.4,.4,.425,.46,.1,.2,.35,.35,.4,.45,.16,.2667,.3733,.3733,.4121,.4549
64,"red_fort",1.0,1.0,1.0,1.0,1.0,1.0,.16,.24,.52,.56,.64,.72,.2759,.3871,.6842,.7179,.7805,.8372
65,"reims_cathedral",1.0,1.0,.95,.9,.875,.86,.2,.36,.44,.64,.68,.8,.3333,.5294,.6014,.7481,.7653,.8289
66,"rialto_bridge",.8,.7,.6,.5,.525,.5,.1875,.3125,.5,.625,.625,.75,.3038,.4321,.5455,.5556,.5707,.6
67,"roman_forum_rome",.4,.6,.7,.7667,.775,.74,.08,.24,.4,.6,.64,.68,.1333,.3429,.5091,.6732,.7011,.7087
68,"sacre_coeur",.2,.5,.45,.4667,.475,.52,.0417,.1667,.3333,.5,.5417,.625,.069,.25,.383,.4828,.5061,.5677
69,"sagrada_familia",1.0,1.0,.95,.9,.925,.9,.2,.4,.44,.44,.48,.56,.3333,.5714,.6014,.591,.632,.6904
70,"santa_maria_novella",.8,.6,.6,.5,.525,.56,.16,.24,.28,.32,.36,.48,.2667,.3429,.3818,.3902,.4271,.5169
71,"schonbrunn_palace",1.0,1.0,.95,.9667,.975,.96,.16,.36,.6,.68,.68,.72,.2759,.5294,.7355,.7984,.8012,.8229
72,"seville_cathedral",.6,.8,.9,.9,.9,.92,.08,.2,.36,.52,.56,.64,.1412,.32,.5143,.6592,.6904,.7549
73,"spanish_steps",1.0,.9,.65,.7333,.7,.7,.1364,.2727,.4091,.5455,.7273,.7273,.24,.4186,.5021,.6256,.7134,.7134
74,"st__basil_cathedral",1.0,1.0,.95,.9333,.9,.88,.2,.32,.52,.56,.64,.64,.3333,.4848,.6721,.7,.7481,.7411
75,"statue_of_liberty",.8,.9,.85,.8,.8,.82,.16,.24,.44,.52,.56,.6,.2667,.3789,.5798,.6303,.6588,.693
76,"stonehenge",.4,.5,.45,.4667,.45,.46,.1053,.2632,.3684,.4211,.5263,.5789,.1667,.3448,.4051,.4427,.4852,.5127
77,"summer_palace_beijing",1.0,.9,.95,.8333,.85,.86,.16,.28,.36,.44,.48,.6,.2759,.4271,.5221,.5759,.6135,.7068
78,"sydney_opera_house",1.0,1.0,.95,.9667,.9,.92,.16,.28,.4,.56,.6,.64,.2759,.4375,.563,.7092,.72,.7549
79,"teotihuacan",.8,.7,.65,.6667,.65,.64,.16,.28,.36,.48,.56,.56,.2667,.4,.4634,.5581,.6017,.5973
80,"terracotta_army",.2,.5,.35,.3667,.4,.42,.05,.25,.35,.4,.55,.55,.08,.3333,.35,.3826,.4632,.4763
81,"the_blue_mosque",.6,.7,.8,.8333,.875,.9,.12,.24,.36,.48,.48,.56,.2,.3574,.4966,.6091,.6199,.6904
82,"the_henry_ford",1.0,.9,.8,.7667,.7,.64,.16,.28,.36,.44,.52,.56,.2759,.4271,.4966,.5591,.5967,.5973
83,"taj_mahal",1.0,1.0,.9,.8667,.85,.88,.2,.28,.48,.52,.56,.72,.3333,.4375,.6261,.65,.6752,.792
84,"tour_montparnasse",.4,.4,.35,.5,.5,.46,.1,.2,.2,.45,.6,.65,.16,.2667,.2545,.4737,.5455,.5387
85,"tower_bridge_london",.6,.7,.65,.6333,.55,.56,.12,.28,.48,.52,.52,.56,.2,.4,.5522,.5711,.5346,.56
86,"trafalgar_square",.4,.5,.55,.5333,.525,.46,.0909,.1818,.3182,.3636,.4091,.4091,.1481,.2667,.4031,.4324,.4599,.4331
87,"leaning_tower_of_pisa",.6,.6,.6,.6,.6,.64,.12,.2,.36,.48,.48,.6,.2,.3,.45,.5333,.5333,.6194
88,"hermitage_museum_saint_petersburg",.8,.8,.8,.8333,.8,.82,.16,.24,.4,.52,.6,.68,.2667,.3692,.5333,.6404,.6857,.7435
89,"jantar_mantar_jaipur",1.0,1.0,.85,.8333,.8,.8,.2,.36,.48,.6,.64,.8,.3333,.5294,.6135,.6977,.7111,.8
90,"lake_titicaca_peru",.8,.6,.7,.6333,.525,.48,.1667,.25,.5,.5833,.5833,.5833,.2759,.3529,.5833,.6073,.5526,.5266
91,"the_great_wall_of_china",.8,.7,.8,.8,.825,.84,.16,.2,.32,.44,.52,.56,.2667,.3111,.4571,.5677,.6379,.672
92,"grande_arche_paris",1.0,.7,.65,.7,.725,.72,.2,.28,.4,.48,.52,.56,.3333,.4,.4952,.5695,.6056,.63
93,"el_angel_mexico",.8,.7,.65,.6333,.625,.58,.1905,.3333,.381,.5238,.5714,.7143,.3077,.4516,.4804,.5734,.597,.6402
94,"bibliotheque_nationale_de_france",.6,.6,.7,.7,.7,.76,.12,.24,.4,.48,.56,.64,.2,.3429,.5091,.5695,.6222,.6949
95,"kronborg_castle",.8,.7,.65,.7,.75,.78,.1667,.25,.375,.4583,.4583,.5833,.2759,.3684,.4756,.554,.569,.6675
96,"ajanta_caves",1.0,1.0,.95,.9333,.9,.9,.1818,.3636,.5455,.6364,.6818,.6818,.3077,.5333,.693,.7568,.7759,.7759
97,"atomium",1.0,1.0,.9,.8667,.875,.88,.2381,.381,.4762,.5714,.619,.619,.3846,.5517,.6228,.6887,.7251,.7268
98,"ellora_caves",1.0,1.0,.95,.9,.9,.92,.1818,.3182,.3636,.4091,.5,.5455,.3077,.4828,.526,.5625,.6429,.6849
99,"potala_palace",.6,.8,.8,.8,.825,.8,.1111,.3333,.5,.6111,.6667,.7778,.1875,.4706,.6154,.6929,.7374,.7887
100,"jokhang",.6,.6,.7,.8,.8,.8,.08,.2,.4,.6,.6,.64,.1412,.3,.5091,.6857,.6857,.7111
101,"rila_monastery",.8,.8,.75,.7667,.8,.8,.08,.16,.28,.4,.48,.48,.1455,.2667,.4078,.5257,.6,.6
102,"louvre_pyramid",1.0,1.0,.95,.9333,.95,.9,.2222,.2778,.3333,.5556,.7222,.8333,.3636,.4348,.4935,.6965,.8206,.8654
103,"brooklyn_bridge",1.0,1.0,.95,.9667,.925,.88,.2381,.2857,.381,.5238,.5714,.619,.3846,.4444,.5438,.6794,.7064,.7268
104,"tower_of_london",.6,.6,.65,.6667,.7,.7,.1304,.1739,.3478,.4348,.4783,.5217,.2143,.2697,.4532,.5263,.5683,.5979
105,"british_museum_london",.8,.9,.9,.9,.925,.94,.15,.25,.35,.4,.45,.55,.2526,.3913,.504,.5538,.6055,.694
106,"buckingham_palace",.6,.6,.55,.5333,.525,.48,.15,.25,.35,.4,.45,.45,.24,.3529,.4278,.4571,.4846,.4645
107,"charles_bridge_prague",1.0,.8,.7,.7,.675,.68,.1667,.2083,.3333,.4167,.4583,.5,.2857,.3306,.4516,.5224,.546,.5763
108,"champs_elysees_paris",.6,.6,.55,.5,.525,.48,.1333,.2667,.4667,.5333,.5333,.6,.2182,.3692,.5049,.5161,.5291,.5333
109,"chrysler_building",1.0,1.0,1.0,1.0,1.0,.98,.2857,.4286,.5714,.6429,.7143,.9286,.4444,.6,.7273,.7826,.8333,.9536
110,"moma_new_york",1.0,.7,.8,.8,.8,.82,.2105,.2105,.3158,.4737,.5263,.5263,.3478,.3237,.4528,.595,.6349,.6411
111,"grand_central_terminal",1.0,1.0,1.0,.9667,.95,.94,.1429,.2381,.4286,.4762,.5714,.619,.25,.3846,.6,.6381,.7136,.7465
112,"houses_of_parliament",1.0,1.0,.95,.9667,.975,.96,.1304,.2609,.3913,.4348,.4783,.4783,.2308,.4138,.5543,.5998,.6417,.6385
113,"alexanderplatz_berlin",.4,.5,.7,.6333,.675,.6,.08,.2,.4,.44,.48,.48,.1333,.2857,.5091,.5193,.561,.5333
114,"centre_pompidou",.4,.6,.6,.6667,.675,.68,.1111,.2778,.4444,.5556,.5556,.6667,.1739,.3797,.5106,.6061,.6095,.6733
115,"sydney_harbour_bridge",1.0,.9,.95,.9667,.975,.98,.25,.375,.6875,.75,.75,.75,.4,.5294,.7977,.8447,.8478,.8497
116,"pier_39",.8,.7,.75,.7333,.7,.74,.1905,.3333,.4762,.619,.7143,.7143,.3077,.4516,.5825,.6714,.7071,.7269
117,"coit_tower",.6,.8,.75,.7333,.65,.62,.2,.2667,.4,.4667,.4667,.6,.3,.4,.5217,.5704,.5433,.6098
118,"st_paul_s_cathedral_london",1.0,.9,.95,.9,.875,.86,.2941,.3529,.5882,.7647,.7647,.7647,.4545,.507,.7266,.8269,.8161,.8096
119,"cloud_gate",.8,.8,.75,.7667,.7,.76,.1667,.25,.3333,.4167,.5,.6667,.2759,.381,.4615,.5399,.5833,.7103
120,"musee_d_orsay",.8,.7,.75,.8333,.825,.84,.1429,.2381,.4286,.5714,.619,.6667,.2424,.3553,.5455,.678,.7073,.7434
121,"pike_place_market",.8,.6,.7,.8,.825,.82,.1905,.2381,.3333,.5238,.5714,.619,.3077,.3409,.4516,.6331,.6752,.7055
122,"royal_palace_madrid",.6,.6,.75,.7667,.825,.82,.1364,.2273,.5,.5455,.6364,.7273,.2222,.3297,.6,.6374,.7185,.7709
123,"sony_center_berlin",.8,.9,.8,.8333,.875,.9,.1429,.2857,.3333,.4286,.4286,.5238,.2424,.4337,.4706,.566,.5753,.6622
124,"red_square_moscow",.6,.6,.65,.7,.7,.7,.1429,.2381,.4286,.5238,.6667,.7143,.2308,.3409,.5166,.5992,.6829,.7071
125,"prague_castle",1.0,1.0,.9,.8333,.85,.86,.2,.32,.4,.52,.64,.72,.3333,.4848,.5538,.6404,.7302,.7838
126,"musee_du_louvre",1.0,.9,.95,.9667,.95,.94,.16,.24,.4,.44,.6,.64,.2759,.3789,.563,.6047,.7355,.7615
127,"millennium_bridge_london",.4,.7,.8,.8333,.775,.78,.08,.28,.4,.4,.48,.52,.1333,.4,.5333,.5405,.5928,.624
128,"casa_mila",1.0,1.0,1.0,.9333,.95,.94,.2,.36,.48,.52,.6,.6,.3333,.5294,.6486,.6679,.7355,.7325
129,"national_gallery_london",1.0,.8,.7,.7,.625,.66,.2273,.2727,.4091,.4091,.4545,.5455,.3704,.4068,.5164,.5164,.5263,.5973
130,"national_mall",.8,.9,.8,.8333,.8,.82,.16,.32,.56,.68,.8,.92,.2667,.4721,.6588,.7489,.8,.8671
131,"london_city_hall",1.0,.9,.9,.9,.825,.78,.25,.25,.5,.55,.55,.6,.4,.3913,.6429,.6828,.66,.6783
132,"holocaust_memorial",.6,.7,.4,.3333,.375,.38,.1875,.3125,.375,.4375,.5625,.5625,.2857,.4321,.3871,.3784,.45,.4536
133,"columbus_circle",.6,.6,.55,.5333,.55,.54,.12,.2,.4,.48,.6,.64,.2,.3,.4632,.5053,.5739,.5858
134,"siegessaeule",1.0,.8,.7,.6667,.65,.62,.2,.28,.44,.48,.56,.6,.3333,.4148,.5404,.5581,.6017,.6098
135,"jardin_du_luxembourg",1.0,1.0,1.0,1.0,.95,.94,.16,.24,.52,.6,.64,.8,.2759,.3871,.6842,.75,.7648,.8644
136,"merlion_singapore",.2,.5,.45,.4,.375,.42,.0455,.2273,.3182,.4091,.4545,.5455,.0741,.3125,.3728,.4045,.411,.4746
137,"harrods_london",1.0,1.0,.95,.9,.825,.8,.2,.36,.52,.68,.72,.8,.3333,.5294,.6721,.7747,.7689,.8
138,"metropolitan_museum_of_art_new_york",1.0,1.0,1.0,.9667,.975,.98,.2,.32,.56,.6,.6,.64,.3333,.4848,.7179,.7404,.7429,.7743
139,"new_york_stock_exchange",.8,.7,.6,.6,.575,.54,.15,.25,.4,.4,.5,.6,.2526,.3684,.48,.48,.5349,.5684
140,"stephansdom_vienna",1.0,.9,.95,.9333,.9,.9,.2,.32,.44,.52,.64,.68,.3333,.4721,.6014,.6679,.7481,.7747
141,"hms_belfast",1.0,1.0,.9,.9333,.9,.92,.16,.28,.32,.52,.56,.68,.2759,.4375,.4721,.6679,.6904,.782
142,"leicester_square",1.0,.9,.85,.8333,.8,.78,.16,.32,.4,.44,.52,.56,.2759,.4721,.544,.5759,.6303,.6519
143,"ciudad_de_las_artes_y_las_ciencias",1.0,.9,.9,.9,.925,.94,.2,.28,.4,.48,.6,.68,.3333,.4271,.5538,.6261,.7279,.7891
144,"topkapi_palace",1.0,1.0,1.0,.9667,.925,.92,.12,.28,.44,.48,.6,.68,.2143,.4375,.6111,.6415,.7279,.782
145,"royal_albert_hall",.8,.9,.9,.8667,.85,.84,.16,.36,.44,.52,.56,.64,.2667,.5143,.591,.65,.6752,.7265
146,"st_vitus_cathedral",.8,.9,.9,.8333,.875,.88,.12,.28,.4,.48,.6,.64,.2087,.4271,.5538,.6091,.7119,.7411
147,"castello_sforzesco",1.0,1.0,.9,.9,.9,.9,.08,.24,.4,.48,.52,.6,.1481,.3871,.5538,.6261,.6592,.72
148,"rijksmuseum_amsterdam",1.0,1.0,1.0,1.0,1.0,1.0,.2,.24,.4,.52,.6,.72,.3333,.3871,.5714,.6842,.75,.8372
149,"dam_square",1.0,.9,.75,.7333,.7,.68,.2,.28,.36,.4,.56,.56,.3333,.4271,.4865,.5176,.6222,.6142
150,"rathaus_vienna",.8,.8,.6,.6,.525,.56,.16,.2,.24,.44,.44,.44,.2667,.32,.3429,.5077,.4788,.4928
151,"bath_abbey",1.0,1.0,1.0,1.0,1.0,.98,.2,.32,.4,.56,.64,.68,.3333,.4848,.5714,.7179,.7805,.8029
152,"salisbury_cathedral",1.0,1.0,1.0,1.0,.975,.96,.2,.32,.52,.6,.68,.68,.3333,.4848,.6842,.75,.8012,.7961
153,"templo_de_debod",.4,.5,.45,.4333,.45,.48,.0909,.1818,.3636,.4545,.5455,.5909,.1481,.2667,.4022,.4437,.4932,.5297
154,"Niagara_Falls",.4,.7,.5,.5,.575,.6,.0909,.3182,.3182,.3636,.4545,.5455,.1481,.4375,.3889,.4211,.5077,.5714
155,"Golden_Gate_Bridge_in_San_Francisco",.8,.9,.9,.9333,.925,.94,.1364,.3182,.4545,.6364,.7273,.7273,.233,.4701,.604,.7568,.8143,.8201
156,"Neuschwanstein_Castle",1.0,1.0,1.0,1.0,1.0,1.0,.2,.36,.48,.6,.68,.72,.3333,.5294,.6486,.75,.8095,.8372
157,"Christ_Church_Cathedral_Missouri",1.0,1.0,1.0,.9333,.825,.82,.2,.32,.48,.6,.6,.6,.3333,.4848,.6486,.7304,.6947,.693
158,"Mount_Rushmore_in_South_Dakota",1.0,1.0,.9,.8333,.825,.86,.16,.28,.36,.4,.48,.48,.2759,.4375,.5143,.5405,.6069,.6161
159,"Puerta_de_Toledo",.2,.1,.1,.1,.075,.06,.5,.5,1.0,1.0,1.0,1.0,.2857,.1667,.1818,.1818,.1395,.1132
160,"Urquhart_Castle",.8,.9,.85,.8333,.8,.82,.1667,.2917,.4167,.5833,.6667,.6667,.2759,.4406,.5592,.6863,.7273,.7354
161,"Gare_du_Nord_Paris",.6,.6,.75,.7333,.775,.74,.12,.24,.36,.4,.44,.52,.2,.3429,.4865,.5176,.5613,.6108
162,"Newgrange_in_Ireland",.6,.6,.6,.5667,.55,.62,.125,.2083,.3333,.4167,.4583,.5833,.2069,.3093,.4286,.4802,.5,.6011
163,"Windmills_at_Kinderdijk",1.0,.9,.85,.8333,.85,.8,.16,.32,.48,.56,.6,.64,.2759,.4721,.6135,.6699,.7034,.7111
164,"Conciergerie",1.0,1.0,.9,.9333,.95,.94,.2,.4,.52,.56,.6,.68,.3333,.5714,.6592,.7,.7355,.7891
165,"Palazzo_Madama",1.0,.8,.6,.6,.525,.56,.2273,.3182,.4545,.6364,.7273,.7727,.3704,.4553,.5172,.6176,.6098,.6494
166,"Split_Rock_Lighthouse",1.0,.9,.75,.7333,.7,.7,.12,.24,.4,.56,.56,.64,.2143,.3789,.5217,.6351,.6222,.6687
167,"The_Little_Mermaid_Denmark",.8,.8,.6,.5667,.525,.52,.2857,.5,.5714,.7143,.7857,.7857,.4211,.6154,.5854,.632,.6294,.6258
168,"Great_Pyramid_of_Giza",.8,.8,.65,.6667,.7,.7,.2,.3333,.5333,.6667,.7333,.8,.32,.4706,.5859,.6667,.7163,.7467
169,"Pitti_Palace",.6,.8,.6,.6333,.625,.64,.1364,.2273,.3182,.4091,.5455,.6364,.2222,.354,.4158,.4971,.5825,.6382
170,"Georgia_State_Capitol",.2,.2,.25,.3,.3,.32,.0526,.1053,.2105,.2632,.3158,.3684,.0833,.1379,.2286,.2804,.3077,.3425
171,"Dome_des_Invalides",1.0,.9,.95,.9333,.95,.96,.2,.32,.48,.56,.6,.68,.3333,.4721,.6378,.7,.7355,.7961
172,"Reggia_di_Caserta",.8,.8,.65,.6667,.625,.62,.16,.24,.4,.52,.52,.6,.2667,.3692,.4952,.5843,.5677,.6098
173,"The_Burj_al_Arab_Hotel",1.0,.9,.8,.8333,.85,.84,.16,.32,.44,.6,.64,.64,.2759,.4721,.5677,.6977,.7302,.7265
174,"Elephanta_Caves",1.0,.8,.75,.7333,.675,.66,.2083,.25,.5,.5833,.625,.6667,.3448,.381,.6,.6498,.649,.6633
175,"Basilica_of_Santa_Croce",1.0,1.0,.95,.9667,.975,.98,.16,.28,.4,.6,.64,.68,.2759,.4375,.563,.7404,.7728,.8029
176,"Aachen_Cathedral",1.0,1.0,.95,.8667,.825,.84,.2,.24,.36,.44,.52,.68,.3333,.3871,.5221,.5837,.6379,.7516
177,"Monument_to_the_Great_Fire_of_London",.6,.6,.6,.6667,.65,.64,.12,.2,.36,.48,.6,.68,.2,.3,.45,.5581,.624,.6594
178,"Longmen_Grottoes",1.0,.6,.6,.5333,.525,.5,.2,.24,.36,.44,.56,.56,.3333,.3429,.45,.4822,.5419,.5283
179,"Louisiana_State_Capitol",.4,.4,.35,.2333,.3,.36,.08,.16,.2,.2,.32,.44,.1333,.2286,.2545,.2154,.3097,.396
180,"The_Great_Sphinx_at_Giza",1.0,.7,.75,.7333,.7,.74,.2,.28,.44,.56,.6,.68,.3333,.4,.5546,.6351,.6462,.7087
181,"Teatro_Real_Madrid",1.0,.7,.8,.7333,.675,.7,.2174,.2174,.5217,.6522,.7391,.7391,.3571,.3318,.6316,.6904,.7056,.719
182,"Palacio_de_la_Magdalena",.4,.6,.75,.8333,.8,.78,.08,.2,.44,.64,.72,.76,.1333,.3,.5546,.724,.7579,.7699
183,"Sowjetisches_Ehrenmal",.6,.4,.5,.5333,.55,.56,.08,.12,.32,.48,.52,.6,.1412,.1846,.3902,.5053,.5346,.5793
184,"Cathedral_of_Trier",1.0,1.0,1.0,.9667,.95,.88,.2,.4,.56,.64,.68,.76,.3333,.5714,.7179,.7701,.7926,.8156
185,"Saint_Mary_of_the_Flower",.4,.4,.35,.2333,.25,.28,.08,.16,.24,.24,.28,.28,.1333,.2286,.2847,.2366,.2642,.28
186,"Skellig_Michael",.6,.7,.7,.7,.725,.76,.12,.28,.4,.52,.6,.68,.2,.4,.5091,.5967,.6566,.7178
187,"Chicago_Board_of_Trade_Building",1.0,1.0,.85,.8333,.825,.82,.1364,.2727,.4091,.6364,.7273,.7727,.24,.4286,.5523,.7216,.7731,.7957
188,"Pont_de_Normandie_France",.8,.9,.85,.8667,.825,.78,.2105,.4211,.5789,.6842,.7895,.9474,.3333,.5737,.6888,.7647,.8068,.8556
189,"Palazzo_Rosso",.0,.1,.15,.1333,.1,.12,.0,.0417,.125,.1667,.1667,.2083,.0,.0588,.1364,.1481,.125,.1523
190,"Piazza_Vittorio_Veneto",.6,.6,.45,.4333,.35,.32,.1875,.25,.375,.375,.4375,.5625,.2857,.3529,.4091,.4021,.3889,.4079
191,"Sforza_Castle",1.0,.9,.9,.9333,.95,.96,.12,.24,.52,.64,.64,.76,.2143,.3789,.6592,.7593,.7648,.8484
192,"Torres_KIO",1.0,1.0,.85,.7333,.725,.72,.16,.28,.44,.52,.6,.6,.2759,.4375,.5798,.6085,.6566,.6545
193,"Torre_Picasso",1.0,.9,.9,.8,.775,.78,.1667,.25,.5833,.6667,.75,.75,.2857,.3913,.7079,.7273,.7623,.7647
194,"The_Palace_of_Parliament_in_Bucharest",1.0,1.0,.85,.8333,.85,.8,.16,.32,.4,.56,.64,.64,.2759,.4848,.544,.6699,.7302,.7111
195,"Ernest_Hemingway_House",.8,.8,.75,.7333,.75,.76,.16,.28,.52,.68,.68,.72,.2667,.4148,.6142,.7057,.7133,.7395
196,"Castel_dellOvo_Napoli",.8,.9,.8,.8667,.825,.84,.16,.28,.4,.56,.64,.68,.2667,.4271,.5333,.6804,.7208,.7516
197,"Villa_Borghese_gardens",1.0,1.0,1.0,1.0,.975,.96,.2,.28,.44,.64,.72,.8,.3333,.4375,.6111,.7805,.8283,.8727
198,"Saint_Marks_Basilica",1.0,1.0,1.0,1.0,1.0,.96,.16,.28,.44,.52,.6,.68,.2759,.4375,.6111,.6842,.75,.7961
199,"Mausoleum_of_the_First_Qin_Emperor",.8,.8,.8,.7667,.775,.78,.16,.32,.4,.52,.64,.68,.2667,.4571,.5333,.6197,.7011,.7266
200,"Mausoleum_of_Hadrian",.6,.7,.75,.7667,.775,.7,.1667,.3889,.5,.5,.6667,.6667,.2609,.5,.6,.6053,.7168,.6829
201,"Piazza_de_Ferrari",1.0,.9,.95,.9667,.95,.96,.2105,.3158,.4737,.5789,.5789,.5789,.3478,.4675,.6322,.7242,.7194,.7223
202,"George_Washington_Carver",.2,.6,.5,.5667,.6,.62,.0625,.1875,.3125,.375,.4375,.5625,.0952,.2857,.3846,.4513,.506,.5899
203,"Cathedral_of_Santiago_de_Compostela",.8,.8,.85,.8333,.8,.8,.1765,.3529,.5882,.7059,.8235,.8235,.2892,.4898,.6953,.7643,.8116,.8116
204,"Saint-Jacques_Tower",.8,.9,.95,.9,.9,.86,.2308,.3846,.6154,.8462,.9231,1.0,.3582,.5389,.7469,.8722,.9114,.9247
205,"Calakmul_Campeche_Mexico",.8,.7,.8,.8,.825,.8,.2143,.3571,.6429,.7143,.7857,.8571,.338,.473,.7129,.7547,.8049,.8276
206,"Bran_Castle_in_Transylvania",.6,.7,.7,.7667,.8,.84,.1053,.2105,.3684,.4737,.4737,.6316,.1791,.3237,.4828,.5856,.595,.721
207,"Mosteiro_da_Batalha",1.0,1.0,1.0,1.0,1.0,1.0,.2105,.3684,.5789,.6842,.6842,.7368,.3478,.5385,.7333,.8125,.8125,.8485
208,"Wartburg_Castle",.8,.9,.85,.8667,.875,.88,.2,.35,.55,.7,.75,.75,.32,.504,.6679,.7745,.8077,.8098
209,"Fujian_Tulou_Fujian_China",1.0,1.0,1.0,.9667,.95,.92,.2778,.3333,.5,.5556,.6667,.7222,.4348,.5,.6667,.7056,.7835,.8092
210,"Alabama_State_Capitol",.6,.7,.8,.7667,.75,.76,.1429,.2857,.5714,.7143,.8095,.8571,.2308,.4058,.6667,.7395,.7786,.8057
211,"Palazzo_dAccursio",1.0,.9,.9,.8333,.775,.76,.2222,.2778,.5,.5556,.6667,.7222,.3636,.4245,.6429,.6667,.7168,.7406
212,"Casa_Grande_Ruins",1.0,.9,.75,.7333,.725,.76,.2941,.3529,.5294,.5882,.6471,.6471,.4545,.507,.6207,.6528,.6838,.699
213,"Stravinsky_Fountain",1.0,.9,.9,.8,.775,.76,.1333,.2667,.3333,.4667,.4667,.4667,.2353,.4114,.4865,.5895,.5826,.5783
214,"Angel_Falls_Venezuela",.8,.7,.55,.4333,.45,.46,.1765,.3529,.4706,.5294,.5882,.7647,.2892,.4693,.5072,.4766,.5099,.5744
215,"Statue_of_George_IV",.6,.6,.6,.4667,.4,.36,.375,.5,.5,.5,.625,.625,.4615,.5455,.5455,.4828,.4878,.4569
216,"Palacio_Barolo",.8,.9,.9,.9,.9,.88,.1765,.3529,.5294,.6471,.6471,.6471,.2892,.507,.6667,.7529,.7529,.7458
217,"Bridge_of_Remembrance_Christchurch_New_Zealand",.8,.8,.75,.7,.65,.62,.1667,.5,.9167,.9167,.9167,.9167,.2759,.6154,.825,.7938,.7606,.7397
218,"John_A._Roebling_Suspension_Bridge",.0,.4,.4,.4,.375,.42,.0,.2667,.4667,.6,.6667,.7333,.0,.32,.4308,.48,.48,.5341
219,"Blue_Dome_Santorini",1.0,1.0,.9,.8667,.85,.84,.3125,.4375,.6875,.75,.8125,.875,.4762,.6087,.7795,.8041,.8308,.8571
220,"Fossar_de_les_Moreres",.6,.5,.7,.5,.5,.42,.2143,.3571,.6429,.6429,.7143,.7143,.3158,.4167,.6702,.5625,.5882,.529
221,"Luxor_Obelisk_France",.6,.8,.8,.7667,.8,.82,.125,.1875,.3125,.375,.4375,.5,.2069,.3038,.4494,.5036,.5657,.6212
222,"Valle_de_los_Caidos",1.0,1.0,1.0,.9667,.95,.96,.2,.4,.65,.7,.75,.8,.3333,.5714,.7879,.812,.8382,.8727
--------------------
"--","Avg.",P@5,P@10,P@20,P@30,P@40,P@50,CR@5,CR@10,CR@20,CR@30,CR@40,CR@50,F1@5,F1@10,F1@20,F1@30,F1@40,F1@50
,.,7937,.7815,.7617,.752,.7422,.7418,.1606,.2755,.4366,.5307,.5968,.6567,.2628,.401,.5437,.6105,.6476,.6818
