--------------------
"Run name","output_runPHOGSilhouette"
--------------------
"Average P@20 = ",.7827
"Average CR@20 = ",.3986
"Average F1@20 = ",.518
--------------------
"Query Id ","Location name",P@5,P@10,P@20,P@30,P@40,P@50,CR@5,CR@10,CR@20,CR@30,CR@40,CR@50,F1@5,F1@10,F1@20,F1@30,F1@40,F1@50
1,"angel_of_the_north",1.0,1.0,1.0,1.0,.95,.96,.16,.24,.36,.56,.64,.68,.2759,.3871,.5294,.7179,.7648,.7961
2,"big_ben",.8,.9,.9,.8667,.9,.8,.1818,.2273,.4091,.4545,.5,.5909,.2963,.3629,.5625,.5963,.6429,.6797
3,"hearst_castle",1.0,.9,.95,.9333,.925,.92,.2083,.3333,.5417,.7083,.8333,.8333,.3448,.4865,.6899,.8054,.8768,.8745
4,"la_madeleine",.0,.2,.45,.4,.35,.32,.0,.1429,.4286,.5714,.6429,.6429,.0,.1667,.439,.4706,.4532,.4273
5,"pont_alexandre_iii",1.0,.9,.95,.9667,.95,.92,.16,.24,.4,.56,.64,.76,.2759,.3789,.563,.7092,.7648,.8324
6,"neues_museum",.2,.1,.2,.4667,.6,.68,.04,.04,.12,.48,.68,.76,.0667,.0571,.15,.4732,.6375,.7178
7,"montezuma_castle",.8,.8,.5,.6333,.625,.66,.25,.3333,.4167,.5,.5833,.75,.381,.4706,.4545,.5588,.6034,.7021
8,"cn_tower",.4,.5,.75,.7333,.7,.62,.0833,.2083,.4583,.5833,.625,.7083,.1379,.2941,.569,.6498,.6604,.6612
9,"acropolis_athens",.8,.9,.9,.9,.9,.84,.1429,.2857,.381,.5238,.5714,.5714,.2424,.4337,.5353,.6622,.699,.6802
10,"agra_fort",.8,.9,.9,.9,.9,.88,.16,.32,.48,.56,.76,.76,.2667,.4721,.6261,.6904,.8241,.8156
11,"albert_memorial",.8,.9,.7,.7667,.825,.84,.1364,.1818,.2727,.4091,.5455,.7273,.233,.3025,.3925,.5335,.6567,.7796
12,"altes_museum",1.0,.9,.6,.5333,.625,.68,.1667,.25,.375,.4167,.5,.5833,.2857,.3913,.4615,.4678,.5556,.628
13,"amiens_cathedral",1.0,1.0,1.0,.9667,.9,.92,.16,.32,.56,.68,.76,.84,.2759,.4848,.7179,.7984,.8241,.8782
14,"angkor_wat",1.0,.7,.65,.7667,.825,.84,.16,.24,.4,.52,.64,.72,.2759,.3574,.4952,.6197,.7208,.7754
15,"ara_pacis",.6,.8,.65,.6667,.6,.64,.1364,.3182,.4545,.6364,.6818,.6818,.2222,.4553,.535,.6512,.6383,.6602
16,"arc_de_triomphe",.8,.9,.75,.8,.675,.66,.125,.25,.375,.5417,.5417,.6667,.2162,.3913,.5,.646,.601,.6633
17,"aztec_ruins",.2,.1,.3,.2333,.275,.38,.04,.04,.24,.24,.4,.48,.0667,.0571,.2667,.2366,.3259,.4242
18,"berlin_cathedral",1.0,.9,.95,.9667,.9,.9,.16,.2,.4,.52,.64,.68,.2759,.3273,.563,.6762,.7481,.7747
19,"bok_tower_gardens",1.0,.8,.85,.8667,.875,.88,.2,.32,.56,.64,.72,.76,.3333,.4571,.6752,.7363,.79,.8156
20,"brandenburg_gate",1.0,1.0,.95,.9667,.95,.9,.16,.2,.32,.52,.6,.68,.2759,.3333,.4787,.6762,.7355,.7747
21,"cabrillo",.2,.3,.2,.2,.175,.16,.0769,.2308,.3077,.4615,.5385,.5385,.1111,.2609,.2424,.2791,.2642,.2467
22,"casa_batllo",1.0,1.0,1.0,1.0,.95,.96,.16,.2,.4,.6,.72,.84,.2759,.3333,.5714,.75,.8192,.896
23,"casa_rosada",.8,.9,.95,.9333,.95,.92,.16,.2,.44,.6,.72,.8,.2667,.3273,.6014,.7304,.8192,.8558
24,"castillo_de_san_marcos",.8,.6,.65,.7,.725,.78,.12,.16,.32,.52,.64,.68,.2087,.2526,.4289,.5967,.6799,.7266
25,"chartres_cathedral",1.0,1.0,.95,.9333,.95,.94,.2,.28,.48,.6,.64,.68,.3333,.4375,.6378,.7304,.7648,.7891
26,"chichen_itza",.6,.5,.7,.7667,.825,.84,.12,.16,.36,.56,.64,.76,.2,.2424,.4755,.6472,.7208,.798
27,"christ_the_redeemer_rio",.6,.8,.45,.4667,.475,.5,.087,.2174,.2609,.3043,.4348,.5652,.1519,.3419,.3303,.3684,.454,.5306
28,"civic_center_san_francisco",.8,.8,.85,.8,.675,.56,.16,.28,.44,.52,.52,.52,.2667,.4148,.5798,.6303,.5874,.5393
29,"cologne_cathedral",1.0,1.0,1.0,1.0,1.0,.98,.12,.24,.32,.44,.52,.64,.2143,.3871,.4848,.6111,.6842,.7743
30,"colosseum",1.0,1.0,1.0,.9667,.825,.86,.16,.28,.52,.6,.6,.76,.2759,.4375,.6842,.7404,.6947,.8069
31,"doge_s_palace",1.0,1.0,.75,.8333,.85,.88,.16,.28,.4,.48,.48,.48,.2759,.4375,.5217,.6091,.6135,.6212
32,"eiffel_tower",1.0,1.0,1.0,.9667,.925,.86,.12,.24,.4,.44,.56,.68,.2143,.3871,.5714,.6047,.6976,.7595
33,"golden_gate_bridge",.6,.7,.75,.8333,.675,.72,.1304,.2609,.3913,.5217,.5217,.5217,.2143,.3801,.5143,.6417,.5886,.605
34,"grand_palais",1.0,.9,.9,.9,.9,.92,.1364,.2727,.3636,.4091,.5455,.6818,.24,.4186,.518,.5625,.6792,.7832
35,"guggenheim_museum_bilbao",1.0,1.0,1.0,.9333,.95,.96,.16,.24,.44,.56,.64,.72,.2759,.3871,.6111,.7,.7648,.8229
36,"hagia_sophia_istanbul",1.0,1.0,1.0,.9,.925,.94,.2,.32,.48,.64,.64,.76,.3333,.4848,.6486,.7481,.7565,.8405
37,"hoover_dam",1.0,.9,.95,.9667,.95,.9,.16,.28,.4,.44,.56,.68,.2759,.4271,.563,.6047,.7046,.7747
38,"humayun_tomb",1.0,.9,.8,.8333,.85,.82,.08,.2,.48,.6,.72,.76,.1481,.3273,.6,.6977,.7796,.7889
39,"iguazu_falls",.6,.8,.85,.7667,.8,.8,.08,.24,.48,.52,.64,.76,.1412,.3692,.6135,.6197,.7111,.7795
40,"iolani_palace",1.0,1.0,.75,.6667,.7,.66,.2,.24,.4,.44,.6,.64,.3333,.3871,.5217,.5301,.6462,.6498
41,"la_mezquita",.8,.8,.75,.6667,.6,.56,.1667,.3333,.5,.5,.5833,.6667,.2759,.4706,.6,.5714,.5915,.6087
42,"la_rambla_barcelona",1.0,1.0,.95,.9667,.975,.96,.2,.24,.36,.36,.48,.56,.3333,.3871,.5221,.5246,.6433,.7074
43,"la_sainte_chapelle",1.0,.9,.95,.9667,.95,.96,.2,.36,.6,.64,.68,.8,.3333,.5143,.7355,.7701,.7926,.8727
44,"liberty_memorial",.6,.3,.65,.7333,.625,.64,.04,.04,.32,.48,.48,.56,.075,.0706,.4289,.5802,.543,.5973
45,"lincoln_home",1.0,.9,.9,.9,.85,.68,.2222,.2778,.5556,.6667,.7222,.7222,.3636,.4245,.687,.766,.7809,.7005
46,"machu_picchu",1.0,.7,.65,.7,.75,.78,.2,.28,.44,.56,.68,.72,.3333,.4,.5248,.6222,.7133,.7488
47,"marble_arch_london",.6,.6,.5,.3333,.325,.26,.25,.25,.4167,.4167,.5,.5,.3529,.3529,.4545,.3704,.3939,.3421
48,"milan_cathedral",1.0,.9,.75,.8333,.875,.9,.2,.28,.48,.6,.68,.72,.3333,.4271,.5854,.6977,.7653,.8
49,"mole_antonelliana",.8,.8,.8,.7667,.775,.7,.12,.16,.32,.44,.52,.56,.2087,.2667,.4571,.5591,.6224,.6222
50,"mont_saint_michel",.8,.9,.95,.9,.9,.9,.12,.32,.44,.48,.72,.72,.2087,.4721,.6014,.6261,.8,.8
51,"moulin_rouge",.0,.0,.0,.2667,.225,.2,.0,.0,.0,.625,.625,.75,.0,.0,.0,.3738,.3309,.3158
52,"nelson_s_column",.8,.9,.95,.9667,.975,.98,.125,.25,.4583,.5833,.7083,.8333,.2162,.3913,.6183,.7276,.8205,.9007
53,"notre_dame_de_paris",1.0,1.0,1.0,.9667,.875,.82,.2,.28,.44,.56,.6,.64,.3333,.4375,.6111,.7092,.7119,.7189
54,"obelisco",.4,.2,.1,.1333,.125,.2,.0909,.0909,.0909,.1818,.2727,.5455,.1481,.125,.0952,.1538,.1714,.2927
55,"piccadilly_circus",.8,.8,.7,.7,.75,.7,.1739,.3043,.3913,.4783,.6087,.6957,.2857,.4409,.502,.5683,.672,.6978
56,"place_de_la_concorde",1.0,1.0,.95,.9667,.975,.98,.08,.2,.4,.56,.64,.72,.1481,.3333,.563,.7092,.7728,.8301
57,"place_de_la_republique",.2,.3,.25,.2,.175,.14,.125,.375,.5,.625,.625,.625,.1538,.3333,.3333,.303,.2734,.2288
58,"place_des_vosges",.8,.7,.85,.8,.7,.7,.12,.12,.36,.48,.6,.68,.2087,.2049,.5058,.6,.6462,.6899
59,"pont_du_gard",.8,.8,.85,.7,.65,.7,.12,.24,.48,.52,.6,.64,.2087,.3692,.6135,.5967,.624,.6687
60,"pont_neuf",1.0,.9,.95,.7,.75,.66,.08,.2,.48,.48,.56,.6,.1481,.3273,.6378,.5695,.6412,.6286
61,"ponte_vecchio",.8,.9,.9,.7333,.675,.66,.1667,.2917,.5,.5417,.5833,.6667,.2759,.4406,.6429,.6231,.6258,.6633
62,"puerta_de_alcala",.2,.2,.55,.6333,.65,.64,.0526,.1053,.3158,.5263,.6316,.7368,.0833,.1379,.4012,.5749,.6407,.685
63,"puerta_del_sol",.4,.5,.4,.2667,.225,.18,.1,.2,.3,.3,.3,.3,.16,.2857,.3429,.2824,.2571,.225
64,"red_fort",1.0,1.0,1.0,.9667,.975,.98,.2,.32,.56,.6,.68,.72,.3333,.4848,.7179,.7404,.8012,.8301
65,"reims_cathedral",1.0,1.0,1.0,1.0,1.0,.94,.16,.24,.32,.44,.52,.64,.2759,.3871,.4848,.6111,.6842,.7615
66,"rialto_bridge",1.0,1.0,.85,.7667,.65,.52,.1875,.3125,.5625,.625,.6875,.6875,.3158,.4762,.677,.6886,.6682,.5921
67,"roman_forum_rome",.8,.8,.7,.7,.7,.76,.12,.24,.36,.52,.72,.88,.2087,.3692,.4755,.5967,.7099,.8156
68,"sacre_coeur",.2,.5,.6,.6,.55,.54,.0417,.1667,.2917,.375,.4583,.5417,.069,.25,.3925,.4615,.5,.5408
69,"sagrada_familia",.8,.9,.95,.9667,.95,.96,.16,.24,.44,.52,.56,.64,.2667,.3789,.6014,.6762,.7046,.768
70,"santa_maria_novella",.8,.4,.65,.6,.575,.6,.16,.16,.32,.44,.48,.64,.2667,.2286,.4289,.5077,.5232,.6194
71,"schonbrunn_palace",1.0,1.0,1.0,1.0,1.0,1.0,.16,.36,.48,.56,.72,.72,.2759,.5294,.6486,.7179,.8372,.8372
72,"seville_cathedral",.6,.7,.85,.9,.925,.94,.12,.24,.32,.44,.56,.6,.2,.3574,.465,.591,.6976,.7325
73,"spanish_steps",1.0,.8,.65,.6,.55,.56,.1818,.2273,.4091,.5,.5909,.6818,.3077,.354,.5021,.5455,.5697,.6149
74,"st__basil_cathedral",1.0,1.0,.85,.8667,.85,.88,.2,.32,.44,.6,.68,.68,.3333,.4848,.5798,.7091,.7556,.7672
75,"statue_of_liberty",.8,.9,.75,.7667,.825,.8,.12,.24,.36,.44,.52,.6,.2087,.3789,.4865,.5591,.6379,.6857
76,"stonehenge",.8,.6,.6,.4667,.525,.54,.2105,.2632,.4737,.5263,.6316,.6842,.3333,.3659,.5294,.4947,.5734,.6036
77,"summer_palace_beijing",1.0,1.0,1.0,.9667,.95,.9,.16,.24,.4,.48,.64,.68,.2759,.3871,.5714,.6415,.7648,.7747
78,"sydney_opera_house",1.0,.9,.95,.8,.85,.86,.16,.28,.36,.48,.56,.56,.2759,.4271,.5221,.6,.6752,.6783
79,"teotihuacan",1.0,.8,.65,.6667,.7,.74,.16,.24,.32,.48,.6,.64,.2759,.3692,.4289,.5581,.6462,.6864
80,"terracotta_army",.8,.8,.45,.4667,.575,.62,.2,.4,.45,.5,.7,.75,.32,.5333,.45,.4828,.6314,.6788
81,"the_blue_mosque",.6,.7,.85,.8667,.9,.92,.08,.2,.36,.56,.6,.64,.1412,.3111,.5058,.6804,.72,.7549
82,"the_henry_ford",.8,.8,.65,.6667,.7,.72,.12,.2,.32,.44,.6,.72,.2087,.32,.4289,.5301,.6462,.72
83,"taj_mahal",.8,.7,.85,.8667,.875,.88,.12,.24,.28,.44,.6,.68,.2087,.3574,.4212,.5837,.7119,.7672
84,"tour_montparnasse",.8,.9,.65,.4333,.4,.36,.15,.3,.4,.4,.45,.5,.2526,.45,.4952,.416,.4235,.4186
85,"tower_bridge_london",1.0,.9,.75,.5667,.575,.58,.12,.28,.44,.44,.6,.72,.2143,.4271,.5546,.4954,.5872,.6425
86,"trafalgar_square",.8,.6,.45,.4,.4,.4,.1364,.2273,.2727,.2727,.3636,.4091,.233,.3297,.3396,.3243,.381,.4045
87,"leaning_tower_of_pisa",.8,.5,.45,.5,.575,.66,.12,.16,.24,.4,.48,.64,.2087,.2424,.313,.4444,.5232,.6498
88,"hermitage_museum_saint_petersburg",1.0,.9,.85,.9,.925,.92,.16,.2,.36,.48,.64,.72,.2759,.3273,.5058,.6261,.7565,.8078
89,"jantar_mantar_jaipur",.8,.6,.8,.7667,.75,.74,.16,.24,.44,.6,.76,.76,.2667,.3429,.5677,.6732,.755,.7499
90,"lake_titicaca_peru",.8,.7,.4,.4333,.55,.54,.0833,.1667,.2083,.3333,.5417,.6667,.1509,.2692,.274,.3768,.5458,.5967
91,"the_great_wall_of_china",1.0,.9,.85,.9,.75,.78,.2,.28,.4,.52,.56,.64,.3333,.4271,.544,.6592,.6412,.7031
92,"grande_arche_paris",.4,.6,.55,.7,.65,.68,.08,.2,.24,.36,.52,.6,.1333,.3,.3342,.4755,.5778,.6375
93,"el_angel_mexico",1.0,.9,.6,.6,.575,.48,.2381,.2857,.3333,.5714,.619,.6667,.3846,.4337,.4286,.5854,.5962,.5581
94,"bibliotheque_nationale_de_france",.6,.6,.65,.6333,.725,.72,.12,.12,.28,.36,.56,.64,.2,.2,.3914,.4591,.6319,.6776
95,"kronborg_castle",.6,.7,.6,.6333,.725,.78,.0833,.2083,.375,.5417,.625,.6667,.1463,.3211,.4615,.5839,.6713,.7189
96,"ajanta_caves",1.0,.9,.95,.9667,.925,.9,.1818,.2273,.5,.5909,.6364,.6364,.3077,.3629,.6552,.7335,.754,.7456
97,"atomium",.8,.9,.95,.9333,.95,.92,.1905,.3333,.4286,.4762,.5238,.5238,.3077,.4865,.5907,.6306,.6753,.6675
98,"ellora_caves",1.0,1.0,.95,.9333,.925,.94,.1364,.2727,.4091,.4091,.5,.5909,.24,.4286,.5719,.5688,.6491,.7257
99,"potala_palace",.8,.9,.9,.8,.7,.7,.1111,.1667,.2778,.3333,.4444,.5,.1951,.2812,.4245,.4706,.5437,.5833
100,"jokhang",.8,.8,.8,.8667,.825,.78,.16,.24,.44,.64,.72,.76,.2667,.3692,.5677,.7363,.7689,.7699
101,"rila_monastery",.6,.7,.85,.9,.925,.88,.12,.24,.36,.36,.48,.52,.2,.3574,.5058,.5143,.632,.6537
102,"louvre_pyramid",.8,.9,.85,.8667,.9,.86,.0556,.3333,.4444,.5,.5,.5556,.1039,.4865,.5837,.6341,.6429,.675
103,"brooklyn_bridge",1.0,1.0,.85,.9,.9,.9,.1429,.2857,.3333,.4762,.5714,.6667,.25,.4444,.4789,.6228,.699,.766
104,"tower_of_london",.8,.8,.8,.8,.8,.82,.087,.2174,.2609,.5217,.5652,.6522,.1569,.3419,.3934,.6316,.6624,.7265
105,"british_museum_london",1.0,1.0,1.0,.9667,.975,.96,.15,.25,.5,.6,.6,.65,.2609,.4,.6667,.7404,.7429,.7752
106,"buckingham_palace",.6,.6,.55,.4667,.375,.38,.15,.15,.25,.3,.35,.4,.24,.24,.3438,.3652,.3621,.3897
107,"charles_bridge_prague",.8,.9,.65,.5667,.475,.5,.125,.2083,.2917,.3333,.375,.5,.2162,.3383,.4027,.4198,.4191,.5
108,"champs_elysees_paris",.6,.4,.6,.6333,.575,.5,.2,.2667,.4667,.5333,.6667,.6667,.3,.32,.525,.579,.6174,.5714
109,"chrysler_building",1.0,1.0,1.0,1.0,.975,.98,.2143,.4286,.5714,.8571,1.0,1.0,.3529,.6,.7273,.9231,.9873,.9899
110,"moma_new_york",.8,.9,.95,.9,.85,.86,.1579,.2105,.4211,.4211,.5263,.5789,.2637,.3412,.5835,.5737,.6501,.692
111,"grand_central_terminal",1.0,1.0,1.0,.9667,.975,.94,.0952,.1429,.2381,.3333,.4286,.4286,.1739,.25,.3846,.4957,.5954,.5887
112,"houses_of_parliament",1.0,1.0,1.0,1.0,.9,.88,.1739,.2609,.3478,.4348,.4783,.5217,.2963,.4138,.5161,.6061,.6246,.6551
113,"alexanderplatz_berlin",.2,.3,.6,.6333,.7,.66,.04,.08,.32,.52,.56,.6,.0667,.1263,.4174,.5711,.6222,.6286
114,"centre_pompidou",1.0,.8,.75,.7,.775,.76,.2778,.2778,.3889,.3889,.7222,.7778,.4348,.4124,.5122,.5,.7477,.7688
115,"sydney_harbour_bridge",1.0,1.0,1.0,1.0,.975,.98,.25,.4375,.5625,.5625,.625,.625,.4,.6087,.72,.72,.7617,.7632
116,"pier_39",1.0,1.0,1.0,.8667,.875,.9,.1905,.2381,.4762,.5238,.5714,.6667,.32,.3846,.6452,.653,.6914,.766
117,"coit_tower",.8,.8,.5,.6,.6,.66,.2,.2667,.2667,.4,.4667,.5333,.32,.4,.3478,.48,.525,.5899
118,"st_paul_s_cathedral_london",1.0,1.0,.9,.7667,.775,.74,.2353,.3529,.5294,.5882,.5882,.7647,.381,.5217,.6667,.6657,.6688,.7522
119,"cloud_gate",.6,.8,.55,.6667,.675,.72,.1667,.25,.3333,.5,.5,.5,.2609,.381,.4151,.5714,.5745,.5902
120,"musee_d_orsay",1.0,.9,.85,.8667,.875,.88,.1429,.1905,.3333,.381,.5714,.619,.25,.3144,.4789,.5293,.6914,.7268
121,"pike_place_market",1.0,.9,.9,.8333,.8,.84,.1429,.2381,.4286,.4762,.5714,.619,.25,.3766,.5806,.6061,.6667,.7128
122,"royal_palace_madrid",.8,.9,.8,.8,.85,.82,.1364,.2727,.4091,.5455,.7273,.7273,.233,.4186,.5414,.6486,.7839,.7709
123,"sony_center_berlin",.8,.9,.95,.9667,.975,.92,.0952,.1905,.3333,.381,.381,.4762,.1702,.3144,.4935,.5465,.5478,.6276
124,"red_square_moscow",.8,.7,.65,.7,.675,.66,.1429,.1905,.2857,.381,.5238,.619,.2424,.2995,.3969,.4934,.5899,.6389
125,"prague_castle",1.0,.9,.9,.8333,.8,.8,.16,.32,.48,.56,.68,.76,.2759,.4721,.6261,.6699,.7351,.7795
126,"musee_du_louvre",1.0,1.0,1.0,1.0,1.0,1.0,.2,.28,.44,.6,.68,.72,.3333,.4375,.6111,.75,.8095,.8372
127,"millennium_bridge_london",.8,.7,.8,.8,.825,.76,.16,.24,.36,.4,.52,.52,.2667,.3574,.4966,.5333,.6379,.6175
128,"casa_mila",1.0,1.0,.95,.9,.9,.92,.2,.28,.48,.56,.64,.68,.3333,.4375,.6378,.6904,.7481,.782
129,"national_gallery_london",1.0,1.0,.65,.7333,.7,.62,.1818,.3182,.3636,.5,.6364,.6364,.3077,.4828,.4664,.5946,.6667,.6281
130,"national_mall",1.0,1.0,1.0,1.0,.975,.86,.16,.32,.44,.68,.84,.92,.2759,.4848,.6111,.8095,.9025,.889
131,"london_city_hall",1.0,1.0,1.0,.9333,.85,.74,.25,.4,.5,.55,.65,.7,.4,.5714,.6667,.6921,.7367,.7194
132,"holocaust_memorial",.8,.9,.75,.6333,.575,.46,.1875,.375,.5,.5625,.75,.75,.3038,.5294,.6,.5958,.6509,.5702
133,"columbus_circle",.4,.7,.65,.5333,.5,.46,.08,.24,.44,.48,.6,.68,.1333,.3574,.5248,.5053,.5455,.5488
134,"siegessaeule",1.0,1.0,.8,.7,.525,.48,.16,.24,.44,.52,.52,.52,.2759,.3871,.5677,.5967,.5225,.4992
135,"jardin_du_luxembourg",1.0,1.0,1.0,1.0,.925,.88,.2,.28,.44,.56,.68,.76,.3333,.4375,.6111,.7179,.7838,.8156
136,"merlion_singapore",.0,.1,.25,.3333,.425,.48,.0,.0455,.2273,.3182,.5,.5909,.0,.0625,.2381,.3256,.4595,.5297
137,"harrods_london",.8,.9,.8,.8333,.825,.86,.12,.28,.44,.56,.6,.72,.2087,.4271,.5677,.6699,.6947,.7838
138,"metropolitan_museum_of_art_new_york",1.0,1.0,.95,.9667,.975,.98,.16,.32,.4,.52,.64,.72,.2759,.4848,.563,.6762,.7728,.8301
139,"new_york_stock_exchange",.8,.9,.8,.6667,.55,.58,.15,.25,.25,.35,.4,.6,.2526,.3913,.381,.459,.4632,.5898
140,"stephansdom_vienna",1.0,1.0,1.0,.9667,.975,.96,.16,.24,.36,.52,.6,.64,.2759,.3871,.5294,.6762,.7429,.768
141,"hms_belfast",1.0,1.0,1.0,.9,.925,.92,.12,.32,.48,.56,.68,.8,.2143,.4848,.6486,.6904,.7838,.8558
142,"leicester_square",.8,.9,.75,.7333,.7,.7,.08,.16,.28,.4,.44,.52,.1455,.2717,.4078,.5176,.5404,.5967
143,"ciudad_de_las_artes_y_las_ciencias",1.0,.9,.95,.9667,.975,.98,.16,.24,.44,.48,.6,.68,.2759,.3789,.6014,.6415,.7429,.8029
144,"topkapi_palace",1.0,.9,.95,.9,.925,.94,.2,.28,.44,.48,.64,.76,.3333,.4271,.6014,.6261,.7565,.8405
145,"royal_albert_hall",1.0,1.0,.8,.7333,.6,.6,.12,.28,.36,.44,.52,.56,.2143,.4375,.4966,.55,.5571,.5793
146,"st_vitus_cathedral",1.0,1.0,1.0,1.0,.95,.96,.2,.32,.48,.52,.6,.64,.3333,.4848,.6486,.6842,.7355,.768
147,"castello_sforzesco",1.0,.9,.9,.9,.9,.92,.12,.2,.36,.4,.48,.52,.2143,.3273,.5143,.5538,.6261,.6644
148,"rijksmuseum_amsterdam",1.0,1.0,1.0,1.0,.95,.96,.16,.16,.28,.48,.48,.72,.2759,.2759,.4375,.6486,.6378,.8229
149,"dam_square",1.0,.9,.85,.7,.6,.64,.12,.28,.36,.48,.48,.64,.2143,.4271,.5058,.5695,.5333,.64
150,"rathaus_vienna",1.0,1.0,.9,.7,.625,.62,.16,.16,.24,.32,.44,.52,.2759,.2759,.3789,.4392,.5164,.5656
151,"bath_abbey",1.0,1.0,.95,.9667,.975,.92,.16,.28,.44,.52,.6,.76,.2759,.4375,.6014,.6762,.7429,.8324
152,"salisbury_cathedral",1.0,1.0,1.0,1.0,.95,.92,.12,.2,.4,.52,.56,.6,.2143,.3333,.5714,.6842,.7046,.7263
153,"templo_de_debod",.2,.3,.25,.5,.45,.5,.0455,.0909,.1364,.2727,.3182,.4091,.0741,.1395,.1765,.3529,.3728,.45
154,"Niagara_Falls",.6,.5,.65,.5667,.65,.66,.0909,.1818,.3182,.4091,.5909,.6818,.1579,.2667,.4272,.4752,.619,.6707
155,"Golden_Gate_Bridge_in_San_Francisco",1.0,.9,.95,.9667,.975,.96,.1364,.1818,.4091,.5,.6818,.7273,.24,.3025,.5719,.6591,.8025,.8276
156,"Neuschwanstein_Castle",.8,.9,.95,.9333,.95,.96,.16,.24,.44,.6,.68,.76,.2667,.3789,.6014,.7304,.7926,.8484
157,"Christ_Church_Cathedral_Missouri",1.0,1.0,1.0,1.0,.925,.78,.16,.32,.48,.56,.56,.56,.2759,.4848,.6486,.7179,.6976,.6519
158,"Mount_Rushmore_in_South_Dakota",.6,.8,.9,.9333,.95,.9,.12,.24,.32,.52,.6,.68,.2,.3692,.4721,.6679,.7355,.7747
159,"Puerta_de_Toledo",.2,.1,.05,.0333,.025,.02,.5,.5,.5,.5,.5,.5,.2857,.1667,.0909,.0625,.0476,.0385
160,"Urquhart_Castle",1.0,.8,.75,.8333,.8,.82,.1667,.2917,.5833,.6667,.7083,.75,.2857,.4275,.6562,.7407,.7514,.7834
161,"Gare_du_Nord_Paris",.8,.8,.85,.8333,.75,.68,.08,.2,.28,.36,.44,.48,.1455,.32,.4212,.5028,.5546,.5628
162,"Newgrange_in_Ireland",.6,.7,.7,.6333,.625,.7,.125,.25,.2917,.4167,.4167,.5,.2069,.3684,.4118,.5026,.5,.5833
163,"Windmills_at_Kinderdijk",1.0,.9,.85,.8667,.875,.9,.16,.28,.36,.44,.56,.64,.2759,.4271,.5058,.5837,.6829,.7481
164,"Conciergerie",.8,.9,.95,.9667,.95,.94,.12,.24,.48,.64,.76,.76,.2087,.3789,.6378,.7701,.8444,.8405
165,"Palazzo_Madama",1.0,.8,.75,.7333,.625,.6,.2273,.2727,.4091,.5,.5,.6818,.3704,.4068,.5294,.5946,.5556,.6383
166,"Split_Rock_Lighthouse",1.0,1.0,.85,.8,.825,.82,.16,.2,.32,.4,.52,.56,.2759,.3333,.465,.5333,.6379,.6655
167,"The_Little_Mermaid_Denmark",1.0,1.0,.95,.8,.7,.56,.2857,.4286,.6429,.7143,.7143,.7143,.4444,.6,.7668,.7547,.7071,.6278
168,"Great_Pyramid_of_Giza",.6,.6,.65,.6,.6,.62,.2,.4,.4667,.6667,.7333,.7333,.3,.48,.5433,.6316,.66,.6719
169,"Pitti_Palace",.8,.8,.9,.7667,.625,.54,.1818,.3636,.4545,.4545,.4545,.5,.2963,.5,.604,.5707,.5263,.5192
170,"Georgia_State_Capitol",.8,.9,.5,.3333,.25,.2,.1579,.2632,.2632,.2632,.2632,.2632,.2637,.4072,.3448,.2941,.2564,.2273
171,"Dome_des_Invalides",1.0,1.0,1.0,1.0,1.0,.96,.12,.24,.4,.44,.64,.64,.2143,.3871,.5714,.6111,.7805,.768
172,"Reggia_di_Caserta",.8,.5,.4,.5,.475,.58,.16,.2,.24,.44,.48,.68,.2667,.2857,.3,.4681,.4775,.626
173,"The_Burj_al_Arab_Hotel",.8,.7,.8,.7667,.75,.8,.16,.24,.36,.48,.52,.64,.2667,.3574,.4966,.5904,.6142,.7111
174,"Elephanta_Caves",1.0,1.0,1.0,.9667,.925,.84,.1667,.3333,.4583,.625,.6667,.7083,.2857,.5,.6286,.7592,.7749,.7686
175,"Basilica_of_Santa_Croce",1.0,1.0,1.0,1.0,1.0,1.0,.12,.16,.4,.4,.4,.52,.2143,.2759,.5714,.5714,.5714,.6842
176,"Aachen_Cathedral",1.0,.9,.95,.9667,.975,.96,.16,.2,.48,.52,.68,.72,.2759,.3273,.6378,.6762,.8012,.8229
177,"Monument_to_the_Great_Fire_of_London",.8,.6,.4,.5333,.625,.64,.16,.24,.28,.44,.52,.68,.2667,.3429,.3294,.4822,.5677,.6594
178,"Longmen_Grottoes",.6,.8,.6,.6,.6,.62,.12,.32,.44,.6,.6,.68,.2,.4571,.5077,.6,.6,.6486
179,"Louisiana_State_Capitol",.4,.4,.3,.2667,.375,.42,.08,.12,.2,.24,.4,.48,.1333,.1846,.24,.2526,.3871,.448
180,"The_Great_Sphinx_at_Giza",1.0,.9,.85,.8667,.9,.92,.2,.24,.44,.56,.64,.72,.3333,.3789,.5798,.6804,.7481,.8078
181,"Teatro_Real_Madrid",1.0,1.0,.85,.6,.6,.62,.2174,.3913,.5217,.5217,.6087,.6957,.3571,.5625,.6466,.5581,.6043,.6557
182,"Palacio_de_la_Magdalena",.8,.9,.9,.7667,.725,.72,.16,.32,.4,.52,.6,.68,.2667,.4721,.5538,.6197,.6566,.6994
183,"Sowjetisches_Ehrenmal",.6,.5,.6,.6667,.7,.68,.12,.2,.44,.64,.8,.88,.2,.2857,.5077,.6531,.7467,.7672
184,"Cathedral_of_Trier",1.0,1.0,1.0,.9333,.95,.9,.2,.28,.6,.72,.8,.88,.3333,.4375,.75,.8129,.8686,.8899
185,"Saint_Mary_of_the_Flower",.0,.1,.1,.1333,.325,.4,.0,.04,.08,.16,.36,.44,.0,.0571,.0889,.1455,.3416,.419
186,"Skellig_Michael",1.0,.8,.75,.6333,.65,.68,.2,.24,.44,.52,.6,.6,.3333,.3692,.5546,.5711,.624,.6375
187,"Chicago_Board_of_Trade_Building",.8,.9,.9,.7333,.55,.56,.1818,.3182,.4091,.5,.5,.6364,.2963,.4701,.5625,.5946,.5238,.5957
188,"Pont_de_Normandie_France",1.0,1.0,.95,.9667,.875,.76,.2632,.4211,.5789,.6842,.7895,.7895,.4167,.5926,.7194,.8013,.83,.7745
189,"Palazzo_Rosso",.0,.0,.05,.0667,.1,.08,.0,.0,.0417,.0833,.1667,.1667,.0,.0,.0455,.0741,.125,.1081
190,"Piazza_Vittorio_Veneto",.8,.7,.4,.4333,.45,.4,.1875,.375,.375,.4375,.6875,.8125,.3038,.4884,.3871,.4354,.544,.5361
191,"Sforza_Castle",1.0,.9,.95,.9667,.975,.94,.2,.32,.44,.6,.64,.64,.3333,.4721,.6014,.7404,.7728,.7615
192,"Torres_KIO",1.0,.9,.9,.9,.8,.78,.16,.28,.4,.52,.64,.72,.2759,.4271,.5538,.6592,.7111,.7488
193,"Torre_Picasso",1.0,1.0,.9,.7333,.75,.78,.1667,.3333,.4583,.5417,.5833,.6667,.2857,.5,.6074,.6231,.6562,.7189
194,"The_Palace_of_Parliament_in_Bucharest",.8,.9,.95,.9667,.975,.9,.12,.16,.24,.44,.64,.64,.2087,.2717,.3832,.6047,.7728,.7481
195,"Ernest_Hemingway_House",1.0,1.0,.95,.8333,.8,.8,.16,.24,.36,.48,.56,.68,.2759,.3871,.5221,.6091,.6588,.7351
196,"Castel_dellOvo_Napoli",.8,.9,.95,.9,.875,.86,.16,.32,.48,.68,.76,.76,.2667,.4721,.6378,.7747,.8135,.8069
197,"Villa_Borghese_gardens",1.0,1.0,1.0,1.0,.975,.98,.2,.32,.48,.56,.6,.68,.3333,.4848,.6486,.7179,.7429,.8029
198,"Saint_Marks_Basilica",1.0,1.0,1.0,1.0,1.0,.9,.16,.24,.24,.28,.4,.48,.2759,.3871,.3871,.4375,.5714,.6261
199,"Mausoleum_of_the_First_Qin_Emperor",.8,.9,.7,.7667,.775,.76,.16,.28,.36,.44,.52,.6,.2667,.4271,.4755,.5591,.6224,.6706
200,"Mausoleum_of_Hadrian",1.0,.8,.9,.8,.625,.5,.1667,.2778,.5,.6111,.6111,.6111,.2857,.4124,.6429,.6929,.618,.55
201,"Piazza_de_Ferrari",1.0,1.0,1.0,.9667,.925,.94,.2632,.3158,.5263,.5263,.5263,.5789,.4167,.48,.6897,.6816,.6709,.7166
202,"George_Washington_Carver",.4,.7,.65,.6,.575,.58,.125,.1875,.4375,.5,.625,.6875,.1905,.2958,.523,.5455,.599,.6292
203,"Cathedral_of_Santiago_de_Compostela",.8,.9,.85,.7667,.8,.66,.1176,.1765,.4706,.5294,.8235,.8235,.2051,.2951,.6058,.6263,.8116,.7328
204,"Saint-Jacques_Tower",1.0,.9,.85,.7667,.725,.72,.1538,.2308,.3077,.3846,.5385,.6923,.2667,.3673,.4518,.5122,.618,.7059
205,"Calakmul_Campeche_Mexico",1.0,1.0,1.0,.9,.825,.8,.2857,.4286,.6429,.7143,.7857,.9286,.4444,.6,.7826,.7965,.8049,.8595
206,"Bran_Castle_in_Transylvania",1.0,1.0,.9,.9333,.825,.8,.2632,.3158,.3684,.5789,.6316,.6842,.4167,.48,.5228,.7146,.7154,.7376
207,"Mosteiro_da_Batalha",1.0,1.0,1.0,1.0,1.0,1.0,.2105,.3158,.4737,.5263,.6316,.6842,.3478,.48,.6429,.6897,.7742,.8125
208,"Wartburg_Castle",1.0,.9,.9,.9333,.95,.88,.2,.35,.5,.7,.75,.75,.3333,.504,.6429,.8,.8382,.8098
209,"Fujian_Tulou_Fujian_China",1.0,1.0,1.0,1.0,1.0,.96,.2222,.2778,.5,.6111,.6111,.8333,.3636,.4348,.6667,.7586,.7586,.8922
210,"Alabama_State_Capitol",.6,.6,.8,.8333,.85,.8,.1429,.2857,.5714,.7619,.8571,.8571,.2308,.3871,.6667,.796,.8536,.8276
211,"Palazzo_dAccursio",.8,.9,.8,.7333,.65,.58,.1667,.2222,.2778,.4444,.5556,.6111,.2759,.3564,.4124,.5535,.5991,.5951
212,"Casa_Grande_Ruins",.8,.8,.8,.7667,.75,.74,.1176,.2353,.2941,.4118,.4706,.5294,.2051,.3636,.4301,.5358,.5783,.6172
213,"Stravinsky_Fountain",.8,.9,.95,.9333,.8,.82,.2,.3333,.4667,.5333,.5333,.5333,.32,.4865,.6259,.6788,.64,.6463
214,"Angel_Falls_Venezuela",.4,.5,.45,.4,.45,.42,.1176,.1176,.2941,.4118,.5294,.5882,.1818,.1905,.3557,.4058,.4865,.4901
215,"Statue_of_George_IV",.8,.6,.5,.4667,.35,.28,.5,.5,.625,.75,.75,.75,.6154,.5455,.5556,.5753,.4773,.4078
216,"Palacio_Barolo",.8,.8,.9,.9333,.95,.94,.2353,.3529,.4118,.4118,.5882,.6471,.3636,.4898,.565,.5714,.7266,.7665
217,"Bridge_of_Remembrance_Christchurch_New_Zealand",.8,.9,.9,.7333,.625,.5,.25,.4167,.8333,.9167,.9167,.9167,.381,.5696,.8654,.8148,.7432,.6471
218,"John_A._Roebling_Suspension_Bridge",.2,.3,.4,.5,.5,.52,.0667,.1333,.4,.5333,.6667,.8,.1,.1846,.4,.5161,.5714,.6303
219,"Blue_Dome_Santorini",1.0,.9,.95,.9667,.925,.9,.3125,.5,.625,.8125,.8125,.8125,.4762,.6429,.754,.8829,.8651,.854
220,"Fossar_de_les_Moreres",.6,.7,.55,.4,.3,.24,.2143,.4286,.5714,.5714,.5714,.5714,.3158,.5316,.5605,.4706,.3934,.338
221,"Luxor_Obelisk_France",1.0,.7,.7,.6667,.725,.74,.1875,.25,.3125,.375,.375,.4375,.3158,.3684,.4321,.48,.4943,.5499
222,"Valle_de_los_Caidos",1.0,.8,.85,.8667,.875,.9,.25,.35,.55,.65,.7,.8,.4,.487,.6679,.7429,.7778,.8471
--------------------
"--","Avg.",P@5,P@10,P@20,P@30,P@40,P@50,CR@5,CR@10,CR@20,CR@30,CR@40,CR@50,F1@5,F1@10,F1@20,F1@30,F1@40,F1@50
,.,818,.8068,.7827,.7662,.7516,.7395,.1553,.2539,.3986,.5025,.5897,.6558,.2559,.3784,.518,.5941,.6471,.6803
