--------------------
"Run name","output_runBM25Dtrs"
--------------------
"Average P@20 = ",,7793
"Average CR@20 = ",,4005
"Average F1@20 = ",,519
--------------------
"Query Id ","Location name",P@5,P@10,P@20,P@30,P@40,P@50,CR@5,CR@10,CR@20,CR@30,CR@40,CR@50,F1@5,F1@10,F1@20,F1@30,F1@40,F1@50
1,"angel_of_the_north",1,0,1,0,1,0,1,0,,95,,96,,16,,24,,4,,56,,6,,64,,2759,,3871,,5714,,7179,,7355,,768
2,"big_ben",,8,,9,,9,,8667,,9,,8,,1818,,2273,,4091,,4545,,5,,5909,,2963,,3629,,5625,,5963,,6429,,6797
3,"hearst_castle",1,0,,9,,95,,9333,,925,,92,,2083,,3333,,5833,,75,,8333,,8333,,3448,,4865,,7228,,8317,,8768,,8745
4,"la_madeleine",,0,,1,,4,,4,,35,,32,,0,,0714,,4286,,5714,,6429,,6429,,0,,0833,,4138,,4706,,4532,,4273
5,"pont_alexandre_iii",1,0,,9,,95,,9667,,95,,96,,2,,28,,4,,6,,64,,8,,3333,,4271,,563,,7404,,7648,,8727
6,"neues_museum",,2,,1,,2,,4667,,6,,68,,04,,04,,12,,44,,6,,76,,0667,,0571,,15,,4529,,6,,7178
7,"montezuma_castle",,6,,7,,45,,6,,6,,66,,25,,3333,,4167,,5,,5833,,75,,3529,,4516,,4327,,5455,,5915,,7021
8,"cn_tower",,4,,4,,7,,7,,675,,62,,0833,,1667,,4167,,5833,,625,,7083,,1379,,2353,,5224,,6364,,649,,6612
9,"acropolis_athens",,8,,9,,9,,9,,9,,84,,1429,,2857,,381,,5238,,5714,,5714,,2424,,4337,,5353,,6622,,699,,6802
10,"agra_fort",,8,,9,,9,,9,,9,,88,,16,,32,,52,,6,,76,,76,,2667,,4721,,6592,,72,,8241,,8156
11,"albert_memorial",,8,,9,,7,,7667,,8,,84,,1364,,1818,,3182,,4091,,4091,,6364,,233,,3025,,4375,,5335,,5414,,7241
12,"altes_museum",1,0,,9,,6,,5333,,625,,68,,1667,,25,,375,,4167,,5,,5833,,2857,,3913,,4615,,4678,,5556,,628
13,"amiens_cathedral",1,0,1,0,1,0,1,0,,975,,98,,12,,32,,52,,64,,76,,84,,2143,,4848,,6842,,7805,,8542,,9046
14,"angkor_wat",1,0,,8,,7,,8,,85,,86,,16,,28,,36,,6,,72,,76,,2759,,4148,,4755,,6857,,7796,,8069
15,"ara_pacis",1,0,,9,,65,,7,,6,,64,,1818,,3182,,4091,,6364,,6818,,6818,,3077,,4701,,5021,,6667,,6383,,6602
16,"arc_de_triomphe",,8,,9,,75,,7667,,7,,7,,125,,25,,375,,5,,5417,,625,,2162,,3913,,5,,6053,,6107,,6604
17,"aztec_ruins",,2,,1,,3,,2333,,275,,38,,04,,04,,24,,24,,4,,52,,0667,,0571,,2667,,2366,,3259,,4391
18,"berlin_cathedral",,8,,8,,9,,9333,,9,,9,,12,,2,,4,,52,,6,,64,,2087,,32,,5538,,6679,,72,,7481
19,"bok_tower_gardens",1,0,,7,,85,,8667,,9,,9,,16,,2,,4,,56,,56,,64,,2759,,3111,,544,,6804,,6904,,7481
20,"brandenburg_gate",1,0,1,0,,95,,9667,,975,,9,,16,,2,,32,,44,,6,,64,,2759,,3333,,4787,,6047,,7429,,7481
21,"cabrillo",,2,,3,,2,,2,,175,,16,,0769,,2308,,3077,,4615,,5385,,6154,,1111,,2609,,2424,,2791,,2642,,254
22,"casa_batllo",1,0,1,0,1,0,1,0,,95,,96,,16,,24,,44,,6,,64,,84,,2759,,3871,,6111,,75,,7648,,896
23,"casa_rosada",,8,,9,,95,,9333,,95,,92,,16,,2,,48,,52,,6,,68,,2667,,3273,,6378,,6679,,7355,,782
24,"castillo_de_san_marcos",,8,,6,,65,,7,,7,,76,,08,,12,,28,,48,,6,,76,,1455,,2,,3914,,5695,,6462,,76
25,"chartres_cathedral",1,0,1,0,,95,,9,,925,,92,,2,,28,,52,,68,,76,,8,,3333,,4375,,6721,,7747,,8344,,8558
26,"chichen_itza",,8,,9,,85,,9,,925,,92,,16,,28,,4,,52,,64,,72,,2667,,4271,,544,,6592,,7565,,8078
27,"christ_the_redeemer_rio",,6,,8,,45,,4,,425,,44,,087,,2174,,2609,,3478,,4783,,5652,,1519,,3419,,3303,,3721,,4501,,4948
28,"civic_center_san_francisco",1,0,,9,,9,,8333,,7,,56,,2,,28,,4,,52,,52,,52,,3333,,4271,,5538,,6404,,5967,,5393
29,"cologne_cathedral",1,0,1,0,1,0,1,0,1,0,,98,,12,,28,,36,,48,,56,,68,,2143,,4375,,5294,,6486,,7179,,8029
30,"colosseum",1,0,1,0,1,0,1,0,,875,,9,,16,,24,,48,,6,,64,,72,,2759,,3871,,6486,,75,,7393,,8
31,"doge_s_palace",1,0,1,0,,75,,8333,,875,,88,,16,,28,,4,,48,,48,,48,,2759,,4375,,5217,,6091,,6199,,6212
32,"eiffel_tower",1,0,1,0,1,0,,9667,,925,,84,,16,,28,,44,,48,,56,,64,,2759,,4375,,6111,,6415,,6976,,7265
33,"golden_gate_bridge",,6,,7,,75,,8333,,725,,76,,1304,,2609,,3913,,5217,,5652,,6087,,2143,,3801,,5143,,6417,,6352,,676
34,"grand_palais",1,0,,9,,9,,9,,9,,92,,1364,,2727,,3636,,4545,,5455,,5909,,24,,4186,,518,,604,,6792,,7196
35,"guggenheim_museum_bilbao",1,0,1,0,1,0,,9667,,975,,96,,08,,2,,44,,48,,52,,72,,1481,,3333,,6111,,6415,,6783,,8229
36,"hagia_sophia_istanbul",1,0,1,0,1,0,,9,,925,,92,,16,,28,,48,,64,,68,,76,,2759,,4375,,6486,,7481,,7838,,8324
37,"hoover_dam",1,0,,9,,95,,9333,,925,,88,,16,,32,,44,,52,,64,,68,,2759,,4721,,6014,,6679,,7565,,7672
38,"humayun_tomb",1,0,,8,,75,,8333,,85,,82,,16,,24,,52,,64,,8,,84,,2759,,3692,,6142,,724,,8242,,8299
39,"iguazu_falls",,6,,8,,85,,7667,,8,,8,,08,,24,,52,,56,,64,,76,,1412,,3692,,6453,,6472,,7111,,7795
40,"iolani_palace",,8,,9,,7,,6333,,675,,68,,16,,24,,4,,44,,52,,64,,2667,,3789,,5091,,5193,,5874,,6594
41,"la_mezquita",,6,,7,,7,,6333,,6,,56,,125,,2917,,4583,,5,,5833,,6667,,2069,,4118,,554,,5588,,5915,,6087
42,"la_rambla_barcelona",1,0,1,0,,9,,9333,,925,,9,,2,,28,,36,,52,,56,,6,,3333,,4375,,5143,,6679,,6976,,72
43,"la_sainte_chapelle",1,0,,9,,95,,9667,,95,,96,,16,,32,,56,,64,,76,,84,,2759,,4721,,7046,,7701,,8444,,896
44,"liberty_memorial",,6,,3,,65,,7,,6,,66,,04,,04,,32,,48,,48,,6,,075,,0706,,4289,,5695,,5333,,6286
45,"lincoln_home",,8,,8,,85,,8667,,85,,68,,2222,,2778,,5556,,6667,,7222,,7222,,3478,,4124,,6719,,7536,,7809,,7005
46,"machu_picchu",,8,,6,,6,,6667,,725,,76,,16,,24,,4,,56,,68,,72,,2667,,3429,,48,,6087,,7018,,7395
47,"marble_arch_london",,8,,6,,45,,3333,,3,,26,,3333,,3333,,4167,,4167,,5,,5,,4706,,4286,,4327,,3704,,375,,3421
48,"milan_cathedral",1,0,1,0,,75,,8333,,875,,9,,2,,32,,48,,64,,72,,72,,3333,,4848,,5854,,724,,79,,8
49,"mole_antonelliana",1,0,,9,,8,,7333,,775,,7,,16,,2,,36,,44,,52,,6,,2759,,3273,,4966,,55,,6224,,6462
50,"mont_saint_michel",,8,,9,,95,,9,,9,,9,,12,,32,,44,,48,,72,,72,,2087,,4721,,6014,,6261,,8,,8
51,"moulin_rouge",,0,,0,,0,,2333,,2,,16,,0,,0,,0,,5,,625,,625,,0,,0,,0,,3182,,303,,2548
52,"nelson_s_column",,8,,9,,95,,9667,,95,,94,,125,,25,,4583,,5833,,7083,,8333,,2162,,3913,,6183,,7276,,8116,,8835
53,"notre_dame_de_paris",1,0,1,0,1,0,,9667,,875,,82,,2,,28,,48,,6,,64,,68,,3333,,4375,,6486,,7404,,7393,,7435
54,"obelisco",,4,,2,,1,,0667,,125,,26,,0909,,0909,,0909,,0909,,2727,,6364,,1481,,125,,0952,,0769,,1714,,3692
55,"piccadilly_circus",1,0,,9,,75,,7333,,775,,7,,2174,,3478,,4348,,5217,,6522,,7391,,3571,,5017,,5505,,6097,,7083,,719
56,"place_de_la_concorde",1,0,1,0,,95,,9667,,975,,96,,12,,24,,44,,6,,64,,72,,2143,,3871,,6014,,7404,,7728,,8229
57,"place_de_la_republique",,2,,3,,25,,2,,175,,14,,125,,375,,5,,625,,625,,625,,1538,,3333,,3333,,303,,2734,,2288
58,"place_des_vosges",,8,,7,,85,,8,,75,,74,,12,,12,,4,,52,,68,,72,,2087,,2049,,544,,6303,,7133,,7299
59,"pont_du_gard",,8,,9,,95,,8,,7,,74,,16,,32,,44,,48,,56,,64,,2667,,4721,,6014,,6,,6222,,6864
60,"pont_neuf",1,0,,9,,95,,7333,,725,,64,,12,,24,,48,,52,,56,,6,,2143,,3789,,6378,,6085,,6319,,6194
61,"ponte_vecchio",,6,,8,,85,,7667,,7,,68,,125,,25,,5417,,5417,,625,,7083,,2069,,381,,6617,,6348,,6604,,6939
62,"puerta_de_alcala",,0,,1,,4,,5333,,6,,62,,0,,0526,,2105,,4211,,5263,,7368,,0,,069,,2759,,4706,,5607,,6734
63,"puerta_del_sol",,6,,5,,4,,3333,,275,,26,,15,,2,,3,,35,,4,,45,,24,,2857,,3429,,3415,,3259,,3296
64,"red_fort",1,0,1,0,1,0,,9667,,975,,98,,16,,28,,56,,6,,68,,72,,2759,,4375,,7179,,7404,,8012,,8301
65,"reims_cathedral",1,0,1,0,1,0,1,0,1,0,,94,,12,,2,,32,,44,,52,,64,,2143,,3333,,4848,,6111,,6842,,7615
66,"rialto_bridge",1,0,1,0,,85,,8,,65,,52,,25,,375,,5625,,6875,,6875,,6875,,4,,5455,,677,,7395,,6682,,5921
67,"roman_forum_rome",,8,,8,,75,,7333,,7,,76,,16,,28,,4,,56,,72,,88,,2667,,4148,,5217,,6351,,7099,,8156
68,"sacre_coeur",,2,,5,,6,,6333,,6,,56,,0417,,1667,,2917,,5,,5833,,5833,,069,,25,,3925,,5588,,5915,,5714
69,"sagrada_familia",,8,,9,,95,,9333,,925,,94,,12,,2,,4,,48,,6,,68,,2087,,3273,,563,,634,,7279,,7891
70,"santa_maria_novella",,6,,3,,6,,5667,,55,,62,,12,,12,,32,,44,,48,,68,,2,,1714,,4174,,4954,,5126,,6486
71,"schonbrunn_palace",1,0,1,0,1,0,1,0,1,0,1,0,,2,,4,,52,,56,,72,,72,,3333,,5714,,6842,,7179,,8372,,8372
72,"seville_cathedral",,6,,7,,85,,9,,925,,94,,08,,24,,32,,48,,56,,6,,1412,,3574,,465,,6261,,6976,,7325
73,"spanish_steps",1,0,,8,,65,,6333,,575,,58,,1818,,2273,,4091,,5,,5909,,5909,,3077,,354,,5021,,5588,,5828,,5854
74,"st__basil_cathedral",,8,,9,,8,,8333,,825,,86,,16,,28,,4,,56,,6,,6,,2667,,4271,,5333,,6699,,6947,,7068
75,"statue_of_liberty",1,0,1,0,,8,,8,,85,,8,,16,,28,,36,,44,,56,,6,,2759,,4375,,4966,,5677,,6752,,6857
76,"stonehenge",1,0,,7,,65,,5,,55,,56,,2632,,3158,,5263,,5789,,6316,,6842,,4167,,4352,,5817,,5366,,588,,6159
77,"summer_palace_beijing",1,0,1,0,,95,,9333,,925,,88,,12,,28,,4,,52,,64,,72,,2143,,4375,,563,,6679,,7565,,792
78,"sydney_opera_house",1,0,,9,,95,,8,,85,,86,,16,,28,,36,,44,,52,,52,,2759,,4271,,5221,,5677,,6453,,6481
79,"teotihuacan",1,0,,8,,7,,7667,,775,,8,,16,,24,,44,,64,,68,,76,,2759,,3692,,5404,,6976,,7244,,7795
80,"terracotta_army",1,0,1,0,,5,,5,,575,,62,,2,,35,,35,,4,,65,,75,,3333,,5185,,4118,,4444,,6102,,6788
81,"the_blue_mosque",,8,,9,,95,,9333,,95,,96,,16,,24,,32,,56,,6,,64,,2667,,3789,,4787,,7,,7355,,768
82,"the_henry_ford",1,0,,9,,65,,7,,7,,72,,16,,24,,32,,48,,64,,72,,2759,,3789,,4289,,5695,,6687,,72
83,"taj_mahal",1,0,,8,,9,,9,,9,,9,,16,,28,,32,,52,,6,,68,,2759,,4148,,4721,,6592,,72,,7747
84,"tour_montparnasse",,8,,9,,7,,4667,,45,,4,,2,,35,,4,,4,,4,,45,,32,,504,,5091,,4308,,4235,,4235
85,"tower_bridge_london",,8,,8,,7,,6,,575,,56,,08,,24,,44,,48,,52,,56,,1455,,3692,,5404,,5333,,5461,,56
86,"trafalgar_square",,6,,5,,4,,4,,425,,42,,1364,,2273,,2727,,3182,,3636,,4545,,2222,,3125,,3243,,3544,,3919,,4366
87,"leaning_tower_of_pisa",,6,,5,,45,,5,,575,,66,,12,,16,,24,,4,,48,,64,,2,,2424,,313,,4444,,5232,,6498
88,"hermitage_museum_saint_petersburg",1,0,,9,,8,,8667,,9,,9,,2,,2,,36,,52,,68,,76,,3333,,3273,,4966,,65,,7747,,8241
89,"jantar_mantar_jaipur",,8,,6,,8,,7333,,725,,74,,12,,2,,44,,56,,72,,76,,2087,,3,,5677,,6351,,7225,,7499
90,"lake_titicaca_peru",,8,,7,,4,,4333,,45,,46,,125,,2083,,25,,3333,,4583,,5833,,2162,,3211,,3077,,3768,,4541,,5144
91,"the_great_wall_of_china",1,0,,9,,9,,9,,775,,78,,2,,28,,48,,56,,6,,64,,3333,,4271,,6261,,6904,,6764,,7031
92,"grande_arche_paris",,6,,7,,6,,7333,,675,,7,,12,,2,,24,,36,,52,,6,,2,,3111,,3429,,4829,,5874,,6462
93,"el_angel_mexico",,8,,8,,6,,6,,575,,48,,1905,,2381,,3333,,5714,,619,,6667,,3077,,367,,4286,,5854,,5962,,5581
94,"bibliotheque_nationale_de_france",,6,,6,,7,,6667,,75,,74,,12,,12,,28,,36,,56,,64,,2,,2,,4,,4675,,6412,,6864
95,"kronborg_castle",,4,,6,,65,,6667,,75,,8,,0833,,2083,,375,,5,,5833,,625,,1379,,3093,,4756,,5714,,6562,,7018
96,"ajanta_caves",1,0,,9,,95,,9667,,975,,94,,1818,,2727,,5,,5909,,6818,,6818,,3077,,4186,,6552,,7335,,8025,,7904
97,"atomium",,8,,9,,95,,9333,,925,,88,,1905,,2857,,381,,4286,,5238,,619,,3077,,4337,,5438,,5874,,6689,,7268
98,"ellora_caves",1,0,1,0,,95,,9333,,925,,94,,1364,,2727,,5,,5455,,5909,,6364,,24,,4286,,6552,,6885,,7211,,7589
99,"potala_palace",,8,,9,,9,,8667,,8,,8,,1667,,2222,,2778,,5556,,6667,,7778,,2759,,3564,,4245,,6771,,7273,,7887
100,"jokhang",,8,,7,,8,,8333,,8,,76,,16,,28,,52,,72,,76,,8,,2667,,4,,6303,,7725,,7795,,7795
101,"rila_monastery",,6,,7,,85,,9,,925,,88,,12,,24,,36,,4,,4,,48,,2,,3574,,5058,,5538,,5585,,6212
102,"louvre_pyramid",,8,,9,,85,,8667,,9,,9,,0556,,3333,,4444,,5,,5,,5556,,1039,,4865,,5837,,6341,,6429,,687
103,"brooklyn_bridge",1,0,1,0,,85,,9,,9,,9,,0952,,2381,,2857,,4762,,5714,,6667,,1739,,3846,,4277,,6228,,699,,766
104,"tower_of_london",,8,,8,,8,,8,,8,,82,,087,,2174,,2609,,5217,,5217,,6087,,1569,,3419,,3934,,6316,,6316,,6987
105,"british_museum_london",1,0,1,0,1,0,,9667,,975,,94,,15,,25,,5,,55,,55,,65,,2609,,4,,6667,,7011,,7033,,7686
106,"buckingham_palace",,6,,6,,35,,3667,,375,,4,,15,,15,,15,,25,,3,,4,,24,,24,,21,,2973,,3333,,4
107,"charles_bridge_prague",1,0,1,0,,65,,5667,,475,,5,,125,,2083,,2917,,3333,,375,,5,,2222,,3448,,4027,,4198,,4191,,5
108,"champs_elysees_paris",,4,,3,,55,,6,,525,,48,,1333,,2,,4,,4667,,5333,,6,,2,,24,,4632,,525,,5291,,5333
109,"chrysler_building",1,0,1,0,1,0,1,0,,95,,96,,1429,,3571,,5714,,7857,,8571,,9286,,25,,5263,,7273,,88,,9012,,944
110,"moma_new_york",,8,,9,,95,,9333,,85,,88,,1579,,2105,,4211,,4211,,4211,,5789,,2637,,3412,,5835,,5803,,5631,,6984
111,"grand_central_terminal",,8,,9,,95,,9333,,95,,94,,1429,,1905,,2857,,5238,,5714,,619,,2424,,3144,,4393,,671,,7136,,7465
112,"houses_of_parliament",,8,,9,,95,,9667,,9,,88,,1739,,2609,,3478,,4348,,4783,,5217,,2857,,4045,,5092,,5998,,6246,,6551
113,"alexanderplatz_berlin",,2,,3,,6,,6333,,7,,64,,04,,08,,36,,44,,52,,52,,0667,,1263,,45,,5193,,5967,,5738
114,"centre_pompidou",,8,,7,,7,,6667,,75,,76,,2222,,2222,,3333,,3889,,7222,,7778,,3478,,3373,,4516,,4912,,7358,,7688
115,"sydney_harbour_bridge",1,0,1,0,1,0,1,0,,975,,98,,25,,4375,,5625,,5625,,625,,625,,4,,6087,,72,,72,,7617,,7632
116,"pier_39",1,0,1,0,1,0,,8667,,875,,9,,1905,,2381,,4762,,5714,,619,,7143,,32,,3846,,6452,,6887,,7251,,7965
117,"coit_tower",,8,,8,,5,,6,,6,,66,,2,,2667,,2667,,4,,4667,,5333,,32,,4,,3478,,48,,525,,5899
118,"st_paul_s_cathedral_london",,8,,9,,85,,8,,825,,78,,1765,,2941,,5882,,7647,,7647,,8235,,2892,,4433,,6953,,782,,7937,,8012
119,"cloud_gate",,4,,7,,5,,6667,,675,,72,,1667,,25,,3333,,5,,5,,5,,2353,,3684,,4,,5714,,5745,,5902
120,"musee_d_orsay",1,0,,9,,95,,9333,,925,,92,,1429,,2381,,4286,,5238,,619,,7143,,25,,3766,,5907,,671,,7417,,8042
121,"pike_place_market",1,0,,9,,85,,8,,775,,82,,1905,,3333,,5238,,5238,,5714,,619,,32,,4865,,6482,,6331,,6578,,7055
122,"royal_palace_madrid",,8,,9,,8,,8333,,875,,88,,1818,,2727,,2727,,5909,,7273,,7727,,2963,,4186,,4068,,6915,,7943,,8229
123,"sony_center_berlin",,6,,8,,9,,9333,,95,,92,,0952,,1905,,3333,,381,,381,,4762,,1644,,3077,,4865,,5411,,5438,,6276
124,"red_square_moscow",,8,,6,,65,,7667,,725,,7,,1429,,1905,,3333,,5238,,619,,619,,2424,,2892,,4407,,6224,,6678,,657
125,"prague_castle",,8,,8,,85,,8333,,8,,8,,12,,28,,48,,52,,64,,72,,2087,,4148,,6135,,6404,,7111,,7579
126,"musee_du_louvre",1,0,1,0,1,0,1,0,1,0,1,0,,16,,24,,44,,6,,64,,68,,2759,,3871,,6111,,75,,7805,,8095
127,"millennium_bridge_london",,6,,6,,75,,7667,,8,,76,,12,,2,,36,,4,,52,,52,,2,,3,,4865,,5257,,6303,,6175
128,"casa_mila",,8,,9,,95,,9333,,925,,94,,16,,24,,48,,48,,56,,6,,2667,,3789,,6378,,634,,6976,,7325
129,"national_gallery_london",1,0,1,0,,65,,7333,,725,,62,,1818,,3182,,3636,,5455,,6364,,6364,,3077,,4828,,4664,,6256,,6778,,6281
130,"national_mall",,8,,9,,85,,7667,,8,,72,,16,,32,,4,,52,,64,,72,,2667,,4721,,544,,6197,,7111,,72
131,"london_city_hall",,8,,9,,95,,9,,825,,68,,2,,35,,45,,6,,7,,7,,32,,504,,6107,,72,,7574,,6899
132,"holocaust_memorial",,8,,9,,75,,6,,55,,44,,1875,,375,,5625,,5625,,75,,75,,3038,,5294,,6429,,5806,,6346,,5546
133,"columbus_circle",,4,,7,,65,,5667,,55,,5,,08,,24,,44,,44,,56,,64,,1333,,3574,,5248,,4954,,555,,5614
134,"siegessaeule",,8,,9,,8,,7,,525,,48,,12,,2,,44,,52,,52,,52,,2087,,3273,,5677,,5967,,5225,,4992
135,"jardin_du_luxembourg",1,0,1,0,1,0,1,0,,975,,96,,2,,36,,52,,68,,76,,8,,3333,,5294,,6842,,8095,,8542,,8727
136,"merlion_singapore",,2,,2,,3,,3667,,4,,48,,0455,,0909,,2273,,3182,,5455,,6818,,0741,,125,,2586,,3407,,4615,,5634
137,"harrods_london",1,0,1,0,,85,,8667,,85,,88,,16,,32,,44,,56,,64,,72,,2759,,4848,,5798,,6804,,7302,,792
138,"metropolitan_museum_of_art_new_york",1,0,1,0,,95,,9667,,975,,98,,12,,28,,44,,52,,64,,72,,2143,,4375,,6014,,6762,,7728,,8301
139,"new_york_stock_exchange",1,0,1,0,,85,,7,,575,,6,,2,,3,,3,,4,,45,,55,,3333,,4615,,4435,,5091,,5049,,5739
140,"stephansdom_vienna",1,0,1,0,1,0,,9667,,975,,96,,16,,28,,4,,56,,6,,64,,2759,,4375,,5714,,7092,,7429,,768
141,"hms_belfast",1,0,1,0,1,0,,9,,925,,92,,12,,32,,52,,56,,68,,8,,2143,,4848,,6842,,6904,,7838,,8558
142,"leicester_square",,8,,9,,75,,7333,,725,,72,,08,,16,,28,,4,,48,,56,,1455,,2717,,4078,,5176,,5776,,63
143,"ciudad_de_las_artes_y_las_ciencias",1,0,,9,,95,,9667,,975,,98,,16,,28,,48,,52,,64,,68,,2759,,4271,,6378,,6762,,7728,,8029
144,"topkapi_palace",1,0,,9,,95,,9,,925,,94,,2,,28,,48,,52,,64,,76,,3333,,4271,,6378,,6592,,7565,,8405
145,"royal_albert_hall",,8,,8,,7,,7,,575,,62,,12,,24,,32,,36,,4,,6,,2087,,3692,,4392,,4755,,4718,,6098
146,"st_vitus_cathedral",1,0,1,0,1,0,1,0,,95,,96,,2,,32,,52,,56,,64,,68,,3333,,4848,,6842,,7179,,7648,,7961
147,"castello_sforzesco",1,0,,9,,9,,9333,,9,,92,,12,,24,,36,,48,,6,,6,,2143,,3789,,5143,,634,,72,,7263
148,"rijksmuseum_amsterdam",1,0,1,0,1,0,1,0,,95,,96,,16,,16,,32,,52,,52,,76,,2759,,2759,,4848,,6842,,6721,,8484
149,"dam_square",,8,,8,,8,,6667,,575,,64,,08,,24,,32,,44,,44,,6,,1455,,3692,,4571,,5301,,4985,,6194
150,"rathaus_vienna",1,0,1,0,,85,,6667,,6,,6,,16,,16,,24,,32,,44,,52,,2759,,2759,,3743,,4324,,5077,,5571
151,"bath_abbey",1,0,1,0,,95,,9667,,95,,9,,2,,32,,4,,52,,52,,64,,3333,,4848,,563,,6762,,6721,,7481
152,"salisbury_cathedral",1,0,1,0,1,0,1,0,1,0,,96,,16,,24,,4,,44,,44,,52,,2759,,3871,,5714,,6111,,6111,,6746
153,"templo_de_debod",,4,,4,,3,,5,,45,,5,,0909,,1364,,1818,,2727,,3182,,4091,,1481,,2034,,2264,,3529,,3728,,45
154,"Niagara_Falls",,8,,6,,7,,7,,725,,66,,1364,,2273,,3636,,5455,,5909,,6364,,233,,3297,,4786,,6131,,6511,,648
155,"Golden_Gate_Bridge_in_San_Francisco",1,0,,9,,95,,9667,,975,,96,,1364,,1818,,4091,,5,,6364,,6818,,24,,3025,,5719,,6591,,7701,,7973
156,"Neuschwanstein_Castle",1,0,1,0,1,0,,9667,,975,,98,,2,,28,,48,,64,,72,,76,,3333,,4375,,6486,,7701,,8283,,8561
157,"Christ_Church_Cathedral_Missouri",1,0,1,0,1,0,1,0,,9,,76,,16,,32,,48,,56,,56,,56,,2759,,4848,,6486,,7179,,6904,,6448
158,"Mount_Rushmore_in_South_Dakota",,8,,9,,95,,9667,,975,,92,,16,,2,,4,,64,,72,,76,,2667,,3273,,563,,7701,,8283,,8324
159,"Puerta_de_Toledo",,2,,1,,05,,0333,,025,,02,,5,,5,,5,,5,,5,,5,,2857,,1667,,0909,,0625,,0476,,0385
160,"Urquhart_Castle",1,0,,8,,75,,8333,,85,,84,,1667,,2917,,5417,,6667,,7083,,7917,,2857,,4275,,629,,7407,,7727,,8151
161,"Gare_du_Nord_Paris",,8,,8,,85,,8667,,8,,72,,12,,24,,32,,36,,44,,48,,2087,,3692,,465,,5087,,5677,,576
162,"Newgrange_in_Ireland",,6,,7,,7,,6,,625,,7,,125,,25,,2917,,4167,,4583,,5417,,2069,,3684,,4118,,4918,,5288,,6107
163,"Windmills_at_Kinderdijk",,8,,8,,8,,8333,,875,,9,,12,,28,,36,,44,,56,,64,,2087,,4148,,4966,,5759,,6829,,7481
164,"Conciergerie",1,0,1,0,1,0,1,0,,975,,94,,16,,24,,48,,64,,76,,76,,2759,,3871,,6486,,7805,,8542,,8405
165,"Palazzo_Madama",,8,,7,,7,,7333,,6,,6,,1818,,2273,,3636,,4545,,4545,,6818,,2963,,3431,,4786,,5612,,5172,,6383
166,"Split_Rock_Lighthouse",1,0,1,0,,9,,8333,,85,,82,,16,,2,,32,,4,,52,,56,,2759,,3333,,4721,,5405,,6453,,6655
167,"The_Little_Mermaid_Denmark",1,0,1,0,1,0,,8333,,725,,58,,2143,,3571,,6429,,7143,,7143,,7143,,3529,,5263,,7826,,7692,,7196,,6402
168,"Great_Pyramid_of_Giza",,6,,6,,6,,5667,,55,,58,,2,,3333,,4667,,5333,,5333,,6,,3,,4286,,525,,5495,,5415,,5898
169,"Pitti_Palace",,8,,8,,9,,7333,,65,,56,,1818,,3182,,4091,,4545,,5,,5455,,2963,,4553,,5625,,5612,,5652,,5526
170,"Georgia_State_Capitol",,8,,9,,5,,3333,,25,,2,,1579,,2632,,2632,,2632,,2632,,2632,,2637,,4072,,3448,,2941,,2564,,2273
171,"Dome_des_Invalides",1,0,1,0,1,0,1,0,1,0,,98,,16,,28,,44,,48,,68,,72,,2759,,4375,,6111,,6486,,8095,,8301
172,"Reggia_di_Caserta",1,0,,6,,45,,5333,,5,,6,,16,,2,,24,,44,,48,,72,,2759,,3,,313,,4822,,4898,,6545
173,"The_Burj_al_Arab_Hotel",,8,,7,,8,,7667,,75,,8,,16,,24,,36,,48,,52,,6,,2667,,3574,,4966,,5904,,6142,,6857
174,"Elephanta_Caves",1,0,1,0,1,0,,9667,,9,,82,,1667,,2917,,4583,,5833,,6667,,7083,,2857,,4516,,6286,,7276,,766,,7601
175,"Basilica_of_Santa_Croce",1,0,1,0,1,0,1,0,1,0,1,0,,12,,16,,36,,4,,4,,52,,2143,,2759,,5294,,5714,,5714,,6842
176,"Aachen_Cathedral",1,0,,9,,95,,9667,,975,,96,,16,,2,,44,,48,,64,,68,,2759,,3273,,6014,,6415,,7728,,7961
177,"Monument_to_the_Great_Fire_of_London",1,0,,7,,45,,5667,,625,,62,,2,,28,,32,,48,,52,,64,,3333,,4,,374,,5197,,5677,,6298
178,"Longmen_Grottoes",,6,,8,,5,,6333,,625,,64,,12,,32,,36,,56,,64,,72,,2,,4571,,4186,,5944,,6324,,6776
179,"Louisiana_State_Capitol",,6,,5,,35,,3,,4,,42,,08,,12,,2,,24,,52,,64,,1412,,1935,,2545,,2667,,4522,,5072
180,"The_Great_Sphinx_at_Giza",1,0,,9,,85,,8667,,9,,92,,2,,24,,48,,56,,64,,72,,3333,,3789,,6135,,6804,,7481,,8078
181,"Teatro_Real_Madrid",1,0,1,0,,9,,6,,575,,62,,2174,,3913,,6087,,6087,,6522,,7826,,3571,,5625,,7262,,6043,,6112,,6919
182,"Palacio_de_la_Magdalena",,6,,8,,8,,8,,725,,72,,12,,28,,36,,48,,56,,68,,2,,4148,,4966,,6,,6319,,6994
183,"Sowjetisches_Ehrenmal",,6,,5,,65,,7667,,75,,74,,12,,2,,36,,48,,56,,68,,2,,2857,,4634,,5904,,6412,,7087
184,"Cathedral_of_Trier",1,0,1,0,1,0,,9333,,95,,92,,2,,32,,64,,76,,88,,88,,3333,,4848,,7805,,8378,,9137,,8996
185,"Saint_Mary_of_the_Flower",,2,,1,,05,,1,,3,,38,,04,,04,,04,,12,,32,,36,,0667,,0571,,0444,,1091,,3097,,3697
186,"Skellig_Michael",,8,,8,,8,,7333,,7,,7,,16,,28,,44,,48,,52,,56,,2667,,4148,,5677,,5802,,5967,,6222
187,"Chicago_Board_of_Trade_Building",1,0,1,0,,95,,7667,,575,,56,,2273,,3636,,4545,,5455,,5455,,6364,,3704,,5333,,6149,,6374,,5598,,5957
188,"Pont_de_Normandie_France",1,0,1,0,,95,,9667,,85,,74,,2105,,4211,,5789,,6842,,6842,,7368,,3478,,5926,,7194,,8013,,7581,,7384
189,"Palazzo_Rosso",,0,,0,,05,,1667,,15,,12,,0,,0,,0417,,1667,,2083,,2083,,0,,0,,0455,,1667,,1744,,1523
190,"Piazza_Vittorio_Veneto",,8,,7,,35,,3667,,4,,36,,1875,,375,,375,,375,,625,,75,,3038,,4884,,3621,,3708,,4878,,4865
191,"Sforza_Castle",1,0,1,0,,95,,9667,,95,,92,,2,,28,,36,,44,,56,,6,,3333,,4375,,5221,,6047,,7046,,7263
192,"Torres_KIO",1,0,,9,,95,,9333,,825,,8,,16,,28,,4,,56,,6,,68,,2759,,4271,,563,,7,,6947,,7351
193,"Torre_Picasso",1,0,1,0,,9,,7333,,725,,76,,125,,2917,,4583,,5417,,5833,,6667,,2222,,4516,,6074,,6231,,6465,,7103
194,"The_Palace_of_Parliament_in_Bucharest",,8,,9,,95,,9667,,975,,92,,12,,16,,24,,44,,64,,68,,2087,,2717,,3832,,6047,,7728,,782
195,"Ernest_Hemingway_House",1,0,1,0,,95,,8333,,8,,8,,16,,2,,32,,44,,52,,64,,2759,,3333,,4787,,5759,,6303,,7111
196,"Castel_dellOvo_Napoli",,6,,8,,9,,8667,,85,,86,,12,,28,,48,,68,,8,,8,,2,,4148,,6261,,7621,,8242,,8289
197,"Villa_Borghese_gardens",1,0,1,0,1,0,1,0,,975,,98,,2,,32,,48,,56,,6,,68,,3333,,4848,,6486,,7179,,7429,,8029
198,"Saint_Marks_Basilica",1,0,1,0,1,0,1,0,1,0,,94,,16,,24,,24,,32,,4,,44,,2759,,3871,,3871,,4848,,5714,,5994
199,"Mausoleum_of_the_First_Qin_Emperor",,8,,9,,75,,8,,775,,8,,16,,24,,4,,48,,56,,72,,2667,,3789,,5217,,6,,6502,,7579
200,"Mausoleum_of_Hadrian",1,0,,8,,85,,7667,,6,,48,,1111,,2222,,4444,,5556,,5556,,5556,,2,,3478,,5837,,6443,,5769,,515
201,"Piazza_de_Ferrari",1,0,1,0,1,0,,9667,,875,,88,,2105,,2632,,4737,,4737,,5263,,6316,,3478,,4167,,6429,,6358,,6573,,7354
202,"George_Washington_Carver",,4,,7,,7,,6,,575,,58,,125,,1875,,4375,,5,,625,,6875,,1905,,2958,,5385,,5455,,599,,6292
203,"Cathedral_of_Santiago_de_Compostela",,8,,9,,85,,7667,,8,,68,,1176,,1765,,4706,,5294,,8235,,8824,,2051,,2951,,6058,,6263,,8116,,7681
204,"Saint-Jacques_Tower",1,0,,9,,85,,7667,,725,,72,,1538,,2308,,2308,,3846,,4615,,6923,,2667,,3673,,363,,5122,,564,,7059
205,"Calakmul_Campeche_Mexico",1,0,1,0,,95,,8667,,8,,78,,2857,,4286,,5714,,5714,,6429,,8571,,4444,,6,,7136,,6887,,7129,,8168
206,"Bran_Castle_in_Transylvania",,8,,9,,85,,8667,,8,,78,,2105,,2632,,3684,,4737,,6316,,7368,,3333,,4072,,514,,6126,,7059,,7578
207,"Mosteiro_da_Batalha",1,0,1,0,1,0,1,0,1,0,1,0,,2105,,3158,,4737,,5263,,6316,,6842,,3478,,48,,6429,,6897,,7742,,8125
208,"Wartburg_Castle",1,0,,9,,85,,9,,9,,86,,15,,3,,55,,75,,8,,8,,2609,,45,,6679,,8182,,8471,,8289
209,"Fujian_Tulou_Fujian_China",1,0,1,0,1,0,1,0,1,0,,96,,2222,,3333,,4444,,6111,,6667,,7778,,3636,,5,,6154,,7586,,8,,8593
210,"Alabama_State_Capitol",,4,,5,,75,,8,,825,,8,,0952,,2381,,5714,,7143,,8095,,8095,,1538,,3226,,6486,,7547,,8172,,8047
211,"Palazzo_dAccursio",,8,,9,,8,,7333,,65,,58,,1667,,2222,,2778,,4444,,5556,,6111,,2759,,3564,,4124,,5535,,5991,,5951
212,"Casa_Grande_Ruins",,8,,8,,8,,8333,,85,,8,,1765,,2353,,3529,,4118,,4118,,4118,,2892,,3636,,4898,,5512,,5548,,5437
213,"Stravinsky_Fountain",,8,,9,,95,,9333,,75,,74,,2,,3333,,4667,,5333,,5333,,5333,,32,,4865,,6259,,6788,,6234,,6199
214,"Angel_Falls_Venezuela",,4,,5,,45,,5333,,575,,54,,1176,,1176,,2941,,5882,,6471,,6471,,1818,,1905,,3557,,5594,,6089,,5887
215,"Statue_of_George_IV",,8,,6,,5,,5,,375,,3,,5,,5,,625,,875,,875,,875,,6154,,5455,,5556,,6364,,525,,4468
216,"Palacio_Barolo",,8,,8,,9,,9333,,95,,94,,2353,,2941,,4706,,5294,,7059,,8235,,3636,,4301,,618,,6756,,8099,,8779
217,"Bridge_of_Remembrance_Christchurch_New_Zealand",,8,,9,,9,,6667,,6,,48,,25,,4167,,8333,,8333,,8333,,8333,,381,,5696,,8654,,7407,,6977,,6091
218,"John_A._Roebling_Suspension_Bridge",,2,,4,,35,,5,,5,,52,,0667,,2667,,4,,6667,,6667,,7333,,1,,32,,3733,,5714,,5714,,6085
219,"Blue_Dome_Santorini",1,0,,9,,95,,9667,,875,,86,,3125,,5,,5625,,75,,8125,,8125,,4762,,6429,,7066,,8447,,8426,,8356
220,"Fossar_de_les_Moreres",,6,,7,,55,,4,,3,,24,,2143,,4286,,5714,,5714,,5714,,5714,,3158,,5316,,5605,,4706,,3934,,338
221,"Luxor_Obelisk_France",1,0,,7,,7,,6667,,725,,74,,1875,,25,,3125,,375,,375,,4375,,3158,,3684,,4321,,48,,4943,,5499
222,"Valle_de_los_Caidos",1,0,,8,,9,,9,,875,,9,,25,,3,,55,,65,,65,,75,,4,,4364,,6828,,7548,,7459,,8182
--------------------
"--","Avg.",P@5,P@10,P@20,P@30,P@40,P@50,CR@5,CR@10,CR@20,CR@30,CR@40,CR@50,F1@5,F1@10,F1@20,F1@30,F1@40,F1@50
,,,8108,,8036,,7793,,7694,,7542,,7432,,1547,,2538,,4005,,5097,,5881,,6577,,2547,,3785,,519,,6014,,647,,6831