--------------------
"Run name","output_runJACKARDDunnIndex"
--------------------
"Average P@20 = ",,7619
"Average CR@20 = ",,4217
"Average F1@20 = ",,5324
--------------------
"Query Id ","Location name",P@5,P@10,P@20,P@30,P@40,P@50,CR@5,CR@10,CR@20,CR@30,CR@40,CR@50,F1@5,F1@10,F1@20,F1@30,F1@40,F1@50
1,"angel_of_the_north",1,0,1,0,1,0,1,0,,975,,96,,12,,28,,36,,48,,6,,6,,2143,,4375,,5294,,6486,,7429,,7385
2,"big_ben",,6,,7,,8,,7333,,775,,76,,0909,,2727,,4091,,4545,,6818,,7273,,1579,,3925,,5414,,5612,,7254,,7433
3,"hearst_castle",1,0,1,0,,9,,9333,,95,,92,,1667,,375,,5417,,6667,,8333,,875,,2857,,5455,,6763,,7778,,8879,,8969
4,"la_madeleine",,4,,2,,2,,2667,,25,,22,,1429,,1429,,2143,,4286,,5,,5,,2105,,1667,,2069,,3288,,3333,,3056
5,"pont_alexandre_iii",1,0,1,0,,9,,9,,925,,94,,16,,24,,36,,52,,6,,72,,2759,,3871,,5143,,6592,,7279,,8154
6,"neues_museum",,4,,3,,35,,3333,,325,,44,,08,,12,,2,,24,,28,,4,,1333,,1714,,2545,,2791,,3008,,419
7,"montezuma_castle",,8,,8,,7,,6333,,65,,68,,0833,,3333,,5,,5833,,6667,,8333,,1509,,4706,,5833,,6073,,6582,,7489
8,"cn_tower",1,0,,8,,65,,6333,,6,,54,,2083,,2917,,3333,,4167,,5,,5,,3448,,4275,,4407,,5026,,5455,,5192
9,"acropolis_athens",1,0,,9,,9,,8333,,8,,8,,1905,,2857,,4762,,4762,,5714,,5714,,32,,4337,,6228,,6061,,6667,,6667
10,"agra_fort",,8,,8,,9,,9,,9,,88,,16,,28,,44,,6,,72,,76,,2667,,4148,,591,,72,,8,,8156
11,"albert_memorial",,6,,6,,6,,6667,,7,,76,,1364,,2727,,3182,,4545,,5,,5455,,2222,,375,,4158,,5405,,5833,,6351
12,"altes_museum",1,0,,9,,9,,9333,,95,,88,,125,,1667,,375,,4583,,625,,6667,,2222,,2812,,5294,,6148,,754,,7586
13,"amiens_cathedral",1,0,1,0,1,0,,9333,,95,,96,,08,,24,,56,,68,,72,,76,,1481,,3871,,7179,,7868,,8192,,8484
14,"angkor_wat",,8,,6,,6,,7,,725,,76,,12,,2,,32,,44,,56,,64,,2087,,3,,4174,,5404,,6319,,6949
15,"ara_pacis",,4,,7,,85,,7667,,6,,64,,0909,,2727,,5909,,6818,,7273,,7273,,1481,,3925,,6972,,7218,,6575,,6809
16,"arc_de_triomphe",,8,,7,,55,,5667,,525,,56,,1667,,25,,4167,,5,,5417,,625,,2759,,3684,,4741,,5312,,5332,,5907
17,"aztec_ruins",,4,,5,,5,,4667,,45,,46,,04,,16,,32,,36,,52,,52,,0727,,2424,,3902,,4065,,4825,,4882
18,"berlin_cathedral",1,0,,9,,85,,9,,925,,94,,2,,36,,44,,64,,72,,72,,3333,,5143,,5798,,7481,,8097,,8154
19,"bok_tower_gardens",1,0,,9,,9,,8667,,875,,9,,16,,32,,48,,52,,6,,68,,2759,,4721,,6261,,65,,7119,,7747
20,"brandenburg_gate",1,0,1,0,,95,,9667,,95,,94,,16,,28,,4,,56,,6,,68,,2759,,4375,,563,,7092,,7355,,7891
21,"cabrillo",,0,,1,,3,,2,,175,,2,,0,,0769,,3846,,3846,,4615,,6154,,0,,087,,3371,,2632,,2538,,3019
22,"casa_batllo",1,0,1,0,1,0,1,0,1,0,1,0,,16,,32,,48,,68,,72,,8,,2759,,4848,,6486,,8095,,8372,,8889
23,"casa_rosada",1,0,1,0,,9,,9,,9,,88,,2,,4,,52,,64,,68,,68,,3333,,5714,,6592,,7481,,7747,,7672
24,"castillo_de_san_marcos",,6,,6,,6,,6,,625,,66,,12,,2,,36,,48,,6,,64,,2,,3,,45,,5333,,6122,,6498
25,"chartres_cathedral",1,0,1,0,1,0,,9667,,95,,94,,2,,32,,48,,56,,64,,64,,3333,,4848,,6486,,7092,,7648,,7615
26,"chichen_itza",1,0,,9,,9,,9,,875,,86,,16,,32,,48,,52,,6,,68,,2759,,4721,,6261,,6592,,7119,,7595
27,"christ_the_redeemer_rio",,2,,5,,55,,6333,,65,,66,,0435,,1739,,3043,,4348,,5217,,6087,,0714,,2581,,3919,,5156,,5788,,6333
28,"civic_center_san_francisco",,4,,5,,5,,5333,,6,,56,,08,,2,,32,,44,,56,,56,,1333,,2857,,3902,,4822,,5793,,56
29,"cologne_cathedral",1,0,1,0,1,0,1,0,1,0,,98,,16,,24,,4,,48,,64,,64,,2759,,3871,,5714,,6486,,7805,,7743
30,"colosseum",1,0,1,0,1,0,1,0,1,0,1,0,,2,,32,,44,,52,,56,,64,,3333,,4848,,6111,,6842,,7179,,7805
31,"doge_s_palace",1,0,,9,,8,,8,,825,,82,,12,,24,,28,,36,,44,,44,,2143,,3789,,4148,,4966,,5739,,5727
32,"eiffel_tower",1,0,1,0,,9,,8667,,875,,84,,16,,28,,44,,6,,64,,76,,2759,,4375,,591,,7091,,7393,,798
33,"golden_gate_bridge",,6,,7,,85,,8333,,85,,82,,1304,,3043,,3913,,4348,,5217,,5217,,2143,,4242,,5359,,5714,,6466,,6377
34,"grand_palais",1,0,1,0,,95,,9667,,95,,94,,1818,,3636,,5455,,6818,,6818,,6818,,3077,,5333,,693,,7996,,7939,,7904
35,"guggenheim_museum_bilbao",1,0,,9,,95,,9667,,975,,98,,12,,24,,44,,48,,56,,56,,2143,,3789,,6014,,6415,,7114,,7127
36,"hagia_sophia_istanbul",,8,,9,,9,,9,,925,,92,,16,,28,,44,,56,,68,,72,,2667,,4271,,591,,6904,,7838,,8078
37,"hoover_dam",1,0,1,0,,95,,9333,,875,,9,,2,,32,,48,,52,,64,,72,,3333,,4848,,6378,,6679,,7393,,8
38,"humayun_tomb",,8,,6,,75,,7667,,8,,76,,12,,2,,48,,64,,68,,72,,2087,,3,,5854,,6976,,7351,,7395
39,"iguazu_falls",,8,,8,,75,,8,,85,,88,,16,,28,,4,,48,,6,,76,,2667,,4148,,5217,,6,,7034,,8156
40,"iolani_palace",,8,,9,,9,,7,,725,,74,,16,,32,,52,,56,,6,,68,,2667,,4721,,6592,,6222,,6566,,7087
41,"la_mezquita",,6,,3,,4,,3667,,35,,38,,125,,125,,2917,,375,,4167,,5417,,2069,,1765,,3373,,3708,,3804,,4467
42,"la_rambla_barcelona",1,0,,9,,85,,8667,,9,,92,,16,,24,,4,,48,,52,,6,,2759,,3789,,544,,6178,,6592,,7263
43,"la_sainte_chapelle",1,0,1,0,1,0,1,0,1,0,,94,,16,,32,,64,,68,,72,,76,,2759,,4848,,7805,,8095,,8372,,8405
44,"liberty_memorial",,4,,7,,75,,7,,75,,76,,08,,24,,36,,4,,52,,64,,1333,,3574,,4865,,5091,,6142,,6949
45,"lincoln_home",,4,,3,,3,,3333,,4,,46,,1111,,1111,,2778,,5,,6111,,6111,,1739,,1622,,2885,,4,,4835,,5249
46,"machu_picchu",,6,,8,,65,,7333,,65,,64,,12,,24,,4,,56,,56,,6,,2,,3692,,4952,,6351,,6017,,6194
47,"marble_arch_london",,6,,4,,45,,4,,325,,32,,25,,3333,,75,,75,,75,,75,,3529,,3636,,5625,,5217,,4535,,4486
48,"milan_cathedral",1,0,,9,,9,,8667,,875,,88,,16,,28,,36,,48,,56,,6,,2759,,4271,,5143,,6178,,6829,,7135
49,"mole_antonelliana",,6,,6,,6,,6,,6,,64,,12,,16,,24,,32,,4,,48,,2,,2526,,3429,,4174,,48,,5486
50,"mont_saint_michel",1,0,,8,,9,,9,,9,,9,,16,,28,,4,,48,,6,,64,,2759,,4148,,5538,,6261,,72,,7481
51,"moulin_rouge",,2,,2,,3,,2667,,25,,24,,125,,25,,625,,75,,875,,875,,1538,,2222,,4054,,3934,,3889,,3767
52,"nelson_s_column",1,0,,9,,85,,9,,9,,92,,1667,,3333,,4583,,625,,7083,,7917,,2857,,4865,,5955,,7377,,7927,,851
53,"notre_dame_de_paris",,8,,7,,8,,8333,,875,,86,,12,,2,,4,,44,,52,,64,,2087,,3111,,5333,,5759,,6523,,7339
54,"obelisco",,4,,2,,15,,1667,,15,,16,,1818,,1818,,1818,,3636,,4545,,5455,,25,,1905,,1644,,2286,,2256,,2474
55,"piccadilly_circus",1,0,1,0,,85,,7667,,75,,72,,2174,,3478,,3913,,5217,,5652,,6087,,3571,,5161,,5359,,6209,,6446,,6597
56,"place_de_la_concorde",1,0,1,0,1,0,1,0,1,0,,96,,16,,28,,4,,48,,56,,6,,2759,,4375,,5714,,6486,,7179,,7385
57,"place_de_la_republique",,4,,3,,25,,2333,,2,,22,,25,,375,,625,,625,,75,,75,,3077,,3333,,3571,,3398,,3158,,3402
58,"place_des_vosges",,8,,8,,8,,8333,,75,,74,,16,,24,,52,,68,,76,,8,,2667,,3692,,6303,,7489,,755,,7688
59,"pont_du_gard",1,0,,8,,7,,7,,65,,64,,16,,2,,32,,36,,36,,44,,2759,,32,,4392,,4755,,4634,,5215
60,"pont_neuf",,6,,8,,75,,7667,,8,,78,,12,,24,,4,,64,,76,,76,,2,,3692,,5217,,6976,,7795,,7699
61,"ponte_vecchio",,8,,7,,7,,6667,,7,,68,,125,,25,,3333,,4167,,5417,,5833,,2162,,3684,,4516,,5128,,6107,,628
62,"puerta_de_alcala",,6,,7,,65,,6,,625,,62,,1579,,2105,,3158,,4737,,4737,,5789,,25,,3237,,4251,,5294,,5389,,5988
63,"puerta_del_sol",,8,,9,,7,,6333,,525,,42,,2,,3,,4,,45,,5,,5,,32,,45,,5091,,5262,,5122,,4565
64,"red_fort",1,0,1,0,,95,,9667,,975,,98,,2,,32,,48,,52,,68,,72,,3333,,4848,,6378,,6762,,8012,,8301
65,"reims_cathedral",1,0,,9,,95,,9,,925,,92,,16,,2,,4,,48,,68,,68,,2759,,3273,,563,,6261,,7838,,782
66,"rialto_bridge",,8,,7,,65,,5667,,575,,56,,25,,3125,,4375,,4375,,5,,625,,381,,4321,,523,,4938,,5349,,5907
67,"roman_forum_rome",,6,,7,,8,,8,,8,,8,,12,,28,,48,,56,,6,,64,,2,,4,,6,,6588,,6857,,7111
68,"sacre_coeur",,6,,7,,65,,5667,,525,,52,,125,,25,,4167,,4167,,4167,,4167,,2069,,3684,,5078,,4802,,4646,,4626
69,"sagrada_familia",1,0,1,0,,9,,9333,,875,,9,,2,,32,,4,,52,,52,,6,,3333,,4848,,5538,,6679,,6523,,72
70,"santa_maria_novella",,6,,7,,8,,7333,,75,,78,,12,,28,,44,,52,,68,,68,,2,,4,,5677,,6085,,7133,,7266
71,"schonbrunn_palace",1,0,1,0,1,0,1,0,1,0,1,0,,16,,28,,36,,56,,64,,72,,2759,,4375,,5294,,7179,,7805,,8372
72,"seville_cathedral",,8,,9,,95,,9667,,975,,98,,16,,24,,44,,52,,56,,64,,2667,,3789,,6014,,6762,,7114,,7743
73,"spanish_steps",,6,,6,,75,,6667,,675,,68,,1364,,2727,,4091,,5,,5909,,6818,,2222,,375,,5294,,5714,,6302,,6809
74,"st__basil_cathedral",1,0,,9,,9,,8333,,85,,86,,16,,28,,52,,6,,6,,72,,2759,,4271,,6592,,6977,,7034,,7838
75,"statue_of_liberty",1,0,,9,,85,,8667,,9,,88,,16,,32,,4,,48,,6,,6,,2759,,4721,,544,,6178,,72,,7135
76,"stonehenge",,6,,6,,7,,7333,,7,,64,,1579,,2105,,3158,,4211,,4737,,5263,,25,,3117,,4352,,535,,565,,5776
77,"summer_palace_beijing",,6,,8,,75,,7333,,75,,76,,12,,24,,36,,48,,64,,64,,2,,3692,,4865,,5802,,6906,,6949
78,"sydney_opera_house",1,0,,9,,95,,8667,,85,,86,,2,,32,,44,,48,,56,,64,,3333,,4721,,6014,,6178,,6752,,7339
79,"teotihuacan",1,0,1,0,,9,,8333,,8,,74,,2,,32,,48,,56,,56,,56,,3333,,4848,,6261,,6699,,6588,,6375
80,"terracotta_army",,6,,7,,6,,6,,625,,62,,15,,25,,4,,5,,75,,8,,24,,3684,,48,,5455,,6818,,6986
81,"the_blue_mosque",1,0,1,0,,95,,9333,,95,,96,,2,,32,,44,,52,,52,,56,,3333,,4848,,6014,,6679,,6721,,7074
82,"the_henry_ford",1,0,,9,,85,,9,,875,,9,,2,,28,,44,,48,,6,,68,,3333,,4271,,5798,,6261,,7119,,7747
83,"taj_mahal",1,0,1,0,,85,,8,,825,,86,,2,,4,,52,,6,,72,,76,,3333,,5714,,6453,,6857,,7689,,8069
84,"tour_montparnasse",,4,,5,,55,,5,,45,,44,,1,,25,,4,,45,,5,,6,,16,,3333,,4632,,4737,,4737,,5077
85,"tower_bridge_london",,8,,8,,8,,6667,,575,,56,,16,,24,,36,,44,,48,,56,,2667,,3692,,4966,,5301,,5232,,56
86,"trafalgar_square",1,0,,7,,6,,5667,,55,,54,,1364,,1818,,2273,,3182,,4091,,4545,,24,,2887,,3297,,4075,,4692,,4936
87,"leaning_tower_of_pisa",,6,,5,,55,,6333,,625,,66,,08,,16,,32,,52,,56,,6,,1412,,2424,,4046,,5711,,5907,,6286
88,"hermitage_museum_saint_petersburg",1,0,1,0,,95,,9333,,9,,78,,16,,24,,36,,4,,48,,52,,2759,,3871,,5221,,56,,6261,,624
89,"jantar_mantar_jaipur",1,0,1,0,,8,,8333,,85,,86,,2,,32,,48,,6,,64,,72,,3333,,4848,,6,,6977,,7302,,7838
90,"lake_titicaca_peru",,8,,6,,7,,5667,,5,,52,,1667,,25,,4583,,4583,,4583,,5417,,2759,,3529,,554,,5068,,4783,,5306
91,"the_great_wall_of_china",,8,,9,,8,,8,,85,,84,,12,,28,,44,,56,,6,,64,,2087,,4271,,5677,,6588,,7034,,7265
92,"grande_arche_paris",,4,,7,,65,,6333,,675,,7,,08,,24,,4,,4,,52,,6,,1333,,3574,,4952,,4903,,5874,,6462
93,"el_angel_mexico",,8,,8,,8,,6667,,6,,64,,1429,,2857,,381,,4762,,5714,,6667,,2424,,4211,,5161,,5556,,5854,,6531
94,"bibliotheque_nationale_de_france",,8,,7,,75,,7,,65,,7,,12,,24,,32,,36,,4,,52,,2087,,3574,,4486,,4755,,4952,,5967
95,"kronborg_castle",,6,,8,,85,,8667,,875,,88,,0833,,25,,4583,,5417,,5417,,5417,,1463,,381,,5955,,6667,,6691,,6706
96,"ajanta_caves",1,0,1,0,,9,,9,,85,,88,,2273,,4091,,5909,,6364,,6818,,6818,,3704,,5806,,7134,,7456,,7567,,7683
97,"atomium",,8,,8,,8,,8333,,85,,88,,0952,,2381,,381,,4762,,5238,,5714,,1702,,367,,5161,,6061,,6482,,6929
98,"ellora_caves",1,0,1,0,,95,,9667,,95,,94,,1818,,3182,,4545,,5909,,6364,,6364,,3077,,4828,,6149,,7335,,7622,,7589
99,"potala_palace",1,0,,8,,8,,8,,8,,8,,2222,,3333,,3889,,5556,,6667,,6667,,3636,,4706,,5234,,6557,,7273,,7273
100,"jokhang",1,0,,7,,8,,8,,8,,78,,16,,24,,48,,6,,68,,68,,2759,,3574,,6,,6857,,7351,,7266
101,"rila_monastery",,8,,9,,95,,9333,,925,,92,,12,,2,,28,,32,,4,,48,,2087,,3273,,4325,,4766,,5585,,6309
102,"louvre_pyramid",1,0,1,0,,85,,8667,,875,,86,,2778,,3889,,4444,,5,,5,,5556,,4348,,56,,5837,,6341,,6364,,675
103,"brooklyn_bridge",1,0,,9,,85,,8,,8,,82,,1905,,3333,,381,,4762,,5714,,7143,,32,,4865,,5261,,597,,6667,,7635
104,"tower_of_london",,6,,7,,55,,5667,,625,,66,,1304,,2609,,3478,,4783,,4783,,5217,,2143,,3801,,4262,,5187,,5419,,5828
105,"british_museum_london",1,0,1,0,,95,,9667,,975,,98,,2,,25,,4,,4,,45,,45,,3333,,4,,563,,5659,,6158,,6168
106,"buckingham_palace",,4,,6,,5,,5,,525,,48,,1,,15,,25,,4,,45,,5,,16,,24,,3333,,4444,,4846,,4898
107,"charles_bridge_prague",,8,,8,,7,,7333,,7,,58,,0833,,125,,2083,,3333,,375,,375,,1509,,2162,,3211,,4583,,4884,,4555
108,"champs_elysees_paris",1,0,,7,,6,,5,,525,,5,,3333,,3333,,5333,,5333,,5333,,5333,,5,,4516,,5647,,5161,,5291,,5161
109,"chrysler_building",1,0,1,0,1,0,1,0,,975,,98,,2857,,5,,6429,,7143,,8571,,9286,,4444,,6667,,7826,,8333,,9123,,9536
110,"moma_new_york",,6,,7,,8,,8333,,875,,9,,1579,,2632,,3158,,4211,,5263,,5789,,25,,3825,,4528,,5594,,6573,,7046
111,"grand_central_terminal",1,0,1,0,,95,,9667,,95,,96,,1905,,2857,,4286,,5238,,5238,,5238,,32,,4444,,5907,,6794,,6753,,6778
112,"houses_of_parliament",,8,,8,,8,,8,,8,,84,,1739,,2609,,3043,,3913,,4783,,5217,,2857,,3934,,4409,,5255,,5986,,6437
113,"alexanderplatz_berlin",,8,,9,,8,,7,,75,,72,,16,,32,,4,,4,,4,,44,,2667,,4721,,5333,,5091,,5217,,5462
114,"centre_pompidou",,6,,8,,8,,7333,,75,,74,,1667,,3333,,4444,,5556,,5556,,6667,,2609,,4706,,5714,,6322,,6383,,7014
115,"sydney_harbour_bridge",1,0,1,0,1,0,1,0,1,0,1,0,,3125,,375,,4375,,5625,,625,,625,,4762,,5455,,6087,,72,,7692,,7692
116,"pier_39",,6,,5,,65,,7667,,825,,86,,1429,,2381,,4286,,4762,,5714,,619,,2308,,3226,,5166,,5875,,6752,,7199
117,"coit_tower",,4,,6,,8,,7,,75,,74,,1333,,2667,,4,,4667,,5333,,5333,,2,,3692,,5333,,56,,6234,,6199
118,"st_paul_s_cathedral_london",,8,,8,,7,,7333,,7,,7,,2353,,4118,,4118,,6471,,6471,,7059,,3636,,5437,,5185,,6875,,6725,,7029
119,"cloud_gate",1,0,,9,,85,,9,,9,,9,,3333,,5,,5833,,75,,75,,75,,5,,6429,,6919,,8182,,8182,,8182
120,"musee_d_orsay",1,0,1,0,,9,,9,,9,,9,,0952,,1905,,3333,,4762,,5714,,7143,,1739,,32,,4865,,6228,,699,,7965
121,"pike_place_market",,8,,8,,8,,8,,825,,82,,1905,,2381,,381,,381,,4286,,5238,,3077,,367,,5161,,5161,,5641,,6393
122,"royal_palace_madrid",,4,,7,,85,,8333,,775,,78,,0909,,1818,,3636,,4091,,4545,,5455,,1481,,2887,,5094,,5488,,573,,642
123,"sony_center_berlin",,8,,8,,9,,9333,,9,,88,,0952,,2381,,4286,,4286,,4762,,5238,,1702,,367,,5806,,5874,,6228,,6567
124,"red_square_moscow",,8,,6,,65,,6667,,675,,7,,1905,,1905,,381,,5238,,5714,,7143,,3077,,2892,,4804,,5867,,6189,,7071
125,"prague_castle",,8,,7,,75,,8333,,85,,82,,12,,2,,44,,52,,6,,64,,2087,,3111,,5546,,6404,,7034,,7189
126,"musee_du_louvre",1,0,1,0,1,0,1,0,1,0,,98,,16,,32,,4,,44,,56,,64,,2759,,4848,,5714,,6111,,7179,,7743
127,"millennium_bridge_london",1,0,1,0,,85,,8333,,85,,78,,2,,32,,44,,44,,52,,56,,3333,,4848,,5798,,5759,,6453,,6519
128,"casa_mila",1,0,,9,,9,,9333,,95,,94,,2,,24,,4,,6,,64,,72,,3333,,3789,,5538,,7304,,7648,,8154
129,"national_gallery_london",,6,,6,,6,,6667,,675,,66,,1364,,2727,,4091,,4545,,5,,5909,,2222,,375,,4865,,5405,,5745,,6235
130,"national_mall",,8,,9,,85,,7333,,75,,78,,16,,32,,52,,68,,72,,84,,2667,,4721,,6453,,7057,,7347,,8089
131,"london_city_hall",,4,,7,,8,,7667,,825,,78,,1,,35,,55,,6,,75,,75,,16,,4667,,6519,,6732,,7857,,7647
132,"holocaust_memorial",,4,,4,,35,,3333,,35,,32,,125,,125,,25,,375,,4375,,4375,,1905,,1905,,2917,,3529,,3889,,3696
133,"columbus_circle",,8,,6,,75,,6667,,65,,62,,16,,24,,52,,56,,68,,72,,2667,,3429,,6142,,6087,,6647,,6663
134,"siegessaeule",,4,,5,,6,,4667,,475,,5,,08,,2,,4,,48,,52,,56,,1333,,2857,,48,,4732,,4965,,5283
135,"jardin_du_luxembourg",1,0,1,0,1,0,,9333,,85,,88,,16,,32,,48,,68,,8,,84,,2759,,4848,,6486,,7868,,8242,,8595
136,"merlion_singapore",,6,,7,,6,,6,,625,,62,,0909,,2727,,4091,,5909,,6364,,6818,,1579,,3925,,4865,,5954,,6306,,6494
137,"harrods_london",,8,,8,,85,,8667,,825,,82,,16,,28,,44,,48,,56,,68,,2667,,4148,,5798,,6178,,6671,,7435
138,"metropolitan_museum_of_art_new_york",1,0,1,0,1,0,1,0,1,0,1,0,,2,,32,,48,,6,,6,,6,,3333,,4848,,6486,,75,,75,,75
139,"new_york_stock_exchange",1,0,,7,,6,,7,,75,,76,,25,,35,,4,,55,,6,,6,,4,,4667,,48,,616,,6667,,6706
140,"stephansdom_vienna",1,0,,9,,9,,9,,925,,94,,16,,28,,48,,52,,56,,6,,2759,,4271,,6261,,6592,,6976,,7325
141,"hms_belfast",1,0,1,0,1,0,1,0,1,0,1,0,,2,,32,,48,,52,,6,,76,,3333,,4848,,6486,,6842,,75,,8636
142,"leicester_square",,8,,8,,8,,8,,75,,78,,16,,28,,48,,56,,6,,6,,2667,,4148,,6,,6588,,6667,,6783
143,"ciudad_de_las_artes_y_las_ciencias",1,0,1,0,,95,,9333,,95,,94,,16,,24,,44,,48,,52,,6,,2759,,3871,,6014,,634,,6721,,7325
144,"topkapi_palace",1,0,,9,,9,,9333,,95,,96,,2,,36,,48,,6,,76,,84,,3333,,5143,,6261,,7304,,8444,,896
145,"royal_albert_hall",,6,,6,,6,,5333,,55,,6,,12,,24,,36,,44,,48,,56,,2,,3429,,45,,4822,,5126,,5793
146,"st_vitus_cathedral",,8,,9,,95,,9,,875,,88,,16,,32,,56,,6,,6,,6,,2667,,4721,,7046,,72,,7119,,7135
147,"castello_sforzesco",1,0,1,0,,95,,9333,,925,,94,,2,,32,,56,,56,,6,,64,,3333,,4848,,7046,,7,,7279,,7615
148,"rijksmuseum_amsterdam",1,0,,9,,95,,9667,,975,,96,,2,,32,,52,,64,,68,,76,,3333,,4721,,6721,,7701,,8012,,8484
149,"dam_square",,4,,5,,6,,6,,65,,66,,08,,2,,4,,48,,52,,52,,1333,,2857,,48,,5333,,5778,,5817
150,"rathaus_vienna",,6,,7,,6,,5667,,575,,58,,12,,2,,32,,4,,4,,44,,2,,3111,,4174,,469,,4718,,5004
151,"bath_abbey",1,0,,9,,9,,9,,9,,88,,12,,2,,4,,52,,6,,64,,2143,,3273,,5538,,6592,,72,,7411
152,"salisbury_cathedral",,8,,9,,95,,9667,,975,,98,,12,,24,,36,,44,,44,,48,,2087,,3789,,5221,,6047,,6064,,6444
153,"templo_de_debod",,4,,4,,4,,4333,,4,,4,,0909,,1818,,2273,,3636,,4545,,4545,,1481,,25,,2899,,3954,,4255,,4255
154,"Niagara_Falls",,6,,8,,55,,6,,625,,64,,0909,,2273,,2727,,4091,,5455,,6364,,1579,,354,,3646,,4865,,5825,,6382
155,"Golden_Gate_Bridge_in_San_Francisco",1,0,1,0,1,0,,9667,,975,,98,,1818,,3182,,4545,,5455,,6364,,6818,,3077,,4828,,625,,6974,,7701,,8042
156,"Neuschwanstein_Castle",1,0,1,0,,95,,9667,,95,,96,,2,,32,,48,,52,,6,,68,,3333,,4848,,6378,,6762,,7355,,7961
157,"Christ_Church_Cathedral_Missouri",,8,,9,,95,,9667,,925,,94,,16,,28,,4,,48,,6,,64,,2667,,4271,,563,,6415,,7279,,7615
158,"Mount_Rushmore_in_South_Dakota",,8,,8,,85,,8333,,85,,84,,12,,24,,36,,44,,48,,56,,2087,,3692,,5058,,5759,,6135,,672
159,"Puerta_de_Toledo",,0,,0,,05,,0333,,025,,04,,0,,0,,5,,5,,5,1,0,,0,,0,,0909,,0625,,0476,,0769
160,"Urquhart_Castle",1,0,,9,,8,,8667,,8,,84,,125,,25,,4167,,5417,,6667,,75,,2222,,3913,,5479,,6667,,7273,,7925
161,"Gare_du_Nord_Paris",,8,,8,,8,,8333,,8,,8,,16,,32,,4,,48,,52,,56,,2667,,4571,,5333,,6091,,6303,,6588
162,"Newgrange_in_Ireland",,2,,4,,65,,6667,,7,,7,,0417,,1667,,375,,4583,,5417,,5417,,069,,2353,,4756,,5432,,6107,,6107
163,"Windmills_at_Kinderdijk",,8,,9,,8,,8,,825,,86,,16,,28,,36,,4,,52,,64,,2667,,4271,,4966,,5333,,6379,,7339
164,"Conciergerie",1,0,1,0,,9,,9333,,95,,96,,16,,32,,4,,52,,64,,64,,2759,,4848,,5538,,6679,,7648,,768
165,"Palazzo_Madama",,8,,9,,65,,6333,,575,,6,,1818,,3636,,5,,5909,,6818,,7273,,2963,,518,,5652,,6114,,6239,,6575
166,"Split_Rock_Lighthouse",,8,,8,,75,,8,,775,,78,,12,,24,,32,,4,,44,,52,,2087,,3692,,4486,,5333,,5613,,624
167,"The_Little_Mermaid_Denmark",1,0,1,0,,9,,7,,575,,56,,2857,,4286,,7143,,7143,,7143,,7143,,4444,,6,,7965,,7071,,6371,,6278
168,"Great_Pyramid_of_Giza",,6,,6,,6,,7,,7,,64,,2,,3333,,4667,,6667,,7333,,7333,,3,,4286,,525,,6829,,7163,,6835
169,"Pitti_Palace",,6,,6,,7,,7,,6,,6,,1364,,2273,,3182,,3636,,4545,,4545,,2222,,3297,,4375,,4786,,5172,,5172
170,"Georgia_State_Capitol",1,0,,7,,35,,2333,,175,,18,,2105,,2632,,2632,,2632,,2632,,2632,,3478,,3825,,3004,,2473,,2102,,2138
171,"Dome_des_Invalides",1,0,1,0,1,0,1,0,1,0,,98,,2,,32,,52,,6,,64,,72,,3333,,4848,,6842,,75,,7805,,8301
172,"Reggia_di_Caserta",,8,,9,,8,,7333,,725,,74,,16,,24,,32,,48,,6,,64,,2667,,3789,,4571,,5802,,6566,,6864
173,"The_Burj_al_Arab_Hotel",,8,,8,,8,,7667,,775,,82,,16,,28,,44,,48,,48,,56,,2667,,4148,,5677,,5904,,5928,,6655
174,"Elephanta_Caves",1,0,,8,,7,,7667,,8,,78,,1667,,25,,4167,,5833,,75,,75,,2857,,381,,5224,,6626,,7742,,7647
175,"Basilica_of_Santa_Croce",1,0,1,0,1,0,1,0,1,0,1,0,,12,,2,,4,,4,,44,,52,,2143,,3333,,5714,,5714,,6111,,6842
176,"Aachen_Cathedral",1,0,,9,,9,,9,,875,,9,,16,,24,,48,,56,,6,,6,,2759,,3789,,6261,,6904,,7119,,72
177,"Monument_to_the_Great_Fire_of_London",,6,,4,,65,,7,,7,,7,,12,,16,,4,,56,,68,,68,,2,,2286,,4952,,6222,,6899,,6899
178,"Longmen_Grottoes",,8,,9,,75,,7,,65,,62,,16,,36,,52,,56,,64,,76,,2667,,5143,,6142,,6222,,645,,6829
179,"Louisiana_State_Capitol",,2,,3,,55,,4667,,45,,46,,04,,12,,4,,44,,52,,64,,0667,,1714,,4632,,4529,,4825,,5353
180,"The_Great_Sphinx_at_Giza",,8,,9,,95,,9,,85,,88,,16,,36,,6,,68,,68,,76,,2667,,5143,,7355,,7747,,7556,,8156
181,"Teatro_Real_Madrid",,8,,8,,85,,8,,825,,82,,1739,,3043,,5217,,5652,,6957,,8261,,2857,,4409,,6466,,6624,,7548,,823
182,"Palacio_de_la_Magdalena",,8,,8,,65,,6333,,65,,64,,16,,28,,36,,48,,56,,6,,2667,,4148,,4634,,5461,,6017,,6194
183,"Sowjetisches_Ehrenmal",,6,,5,,55,,6,,65,,66,,12,,2,,4,,6,,72,,72,,2,,2857,,4632,,6,,6832,,6887
184,"Cathedral_of_Trier",1,0,1,0,1,0,,9333,,95,,92,,12,,32,,56,,68,,8,,88,,2143,,4848,,7179,,7868,,8686,,8996
185,"Saint_Mary_of_the_Flower",,0,,0,,05,,1667,,35,,38,,0,,0,,04,,12,,36,,4,,0,,0,,0444,,1395,,3549,,3897
186,"Skellig_Michael",,8,,7,,8,,7,,7,,7,,12,,24,,36,,4,,48,,48,,2087,,3574,,4966,,5091,,5695,,5695
187,"Chicago_Board_of_Trade_Building",,8,,8,,85,,8667,,85,,82,,1818,,3636,,5,,5909,,7727,,7727,,2963,,5,,6296,,7027,,8095,,7957
188,"Pont_de_Normandie_France",1,0,,8,,7,,6333,,7,,7,,2632,,3684,,5263,,6316,,7895,,8421,,4167,,5045,,6009,,6325,,742,,7645
189,"Palazzo_Rosso",,0,,0,,0,,0333,,075,,08,,0,,0,,0,,0417,,125,,1667,,0,,0,,0,,037,,0937,,1081
190,"Piazza_Vittorio_Veneto",,4,,7,,5,,4,,5,,46,,125,,3125,,4375,,5,,8125,,875,,1905,,4321,,4667,,4444,,619,,603
191,"Sforza_Castle",1,0,1,0,,9,,9333,,95,,96,,16,,2,,44,,6,,64,,72,,2759,,3333,,591,,7304,,7648,,8229
192,"Torres_KIO",,6,,6,,75,,7333,,8,,8,,12,,16,,32,,44,,52,,56,,2,,2526,,4486,,55,,6303,,6588
193,"Torre_Picasso",,8,,8,,85,,8667,,85,,84,,1667,,25,,4167,,5833,,6667,,7083,,2759,,381,,5592,,6973,,7473,,7686
194,"The_Palace_of_Parliament_in_Bucharest",,8,,9,,75,,7667,,775,,8,,12,,28,,32,,4,,48,,56,,2087,,4271,,4486,,5257,,5928,,6588
195,"Ernest_Hemingway_House",1,0,1,0,,8,,8,,775,,74,,2,,32,,4,,52,,6,,6,,3333,,4848,,5333,,6303,,6764,,6627
196,"Castel_dellOvo_Napoli",,8,,9,,8,,8667,,8,,78,,12,,28,,44,,56,,64,,64,,2087,,4271,,5677,,6804,,7111,,7031
197,"Villa_Borghese_gardens",1,0,,9,,9,,9333,,95,,96,,2,,36,,48,,56,,68,,8,,3333,,5143,,6261,,7,,7926,,8727
198,"Saint_Marks_Basilica",,8,,8,,85,,8667,,85,,84,,16,,28,,36,,48,,52,,56,,2667,,4148,,5058,,6178,,6453,,672
199,"Mausoleum_of_the_First_Qin_Emperor",,8,,9,,8,,7333,,75,,8,,16,,28,,36,,48,,56,,6,,2667,,4271,,4966,,5802,,6412,,6857
200,"Mausoleum_of_Hadrian",,8,,6,,7,,6,,575,,56,,2222,,3333,,5556,,5556,,5556,,6111,,3478,,4286,,6195,,5769,,5651,,5844
201,"Piazza_de_Ferrari",1,0,1,0,,95,,9667,,95,,94,,1579,,3158,,4211,,5263,,5263,,5263,,2727,,48,,5835,,6816,,6774,,6748
202,"George_Washington_Carver",,8,,8,,45,,4333,,45,,44,,1875,,375,,375,,375,,4375,,5,,3038,,5106,,4091,,4021,,4437,,4681
203,"Cathedral_of_Santiago_de_Compostela",,6,,8,,7,,7,,725,,7,,1765,,3529,,4706,,5882,,8235,,8235,,2727,,4898,,5628,,6393,,7711,,7568
204,"Saint-Jacques_Tower",,8,,9,,75,,7,,725,,76,,1538,,3846,,3846,,5385,,5385,,7692,,2581,,5389,,5085,,6087,,618,,7646
205,"Calakmul_Campeche_Mexico",,8,,5,,5,,5333,,575,,6,,2857,,2857,,4286,,5,,6429,,7857,,4211,,3636,,4615,,5161,,607,,6804
206,"Bran_Castle_in_Transylvania",,6,,8,,9,,9,,925,,92,,1053,,3158,,6316,,6842,,7368,,7895,,1791,,4528,,7423,,7774,,8203,,8498
207,"Mosteiro_da_Batalha",1,0,1,0,1,0,1,0,1,0,1,0,,2105,,3684,,5789,,6316,,6316,,6842,,3478,,5385,,7333,,7742,,7742,,8125
208,"Wartburg_Castle",,8,,9,,85,,9,,875,,9,,2,,45,,65,,7,,75,,75,,32,,6,,7367,,7875,,8077,,8182
209,"Fujian_Tulou_Fujian_China",1,0,1,0,1,0,,9667,,95,,92,,1667,,3889,,6111,,6667,,7222,,7778,,2857,,56,,7586,,7891,,8206,,8429
210,"Alabama_State_Capitol",,8,,5,,65,,7,,725,,72,,1905,,2381,,4762,,619,,619,,7143,,3077,,3226,,5497,,657,,6678,,7171
211,"Palazzo_dAccursio",,4,,7,,65,,7,,675,,64,,1111,,2778,,4444,,5,,5556,,5556,,1739,,3977,,5279,,5833,,6095,,5948
212,"Casa_Grande_Ruins",,8,,8,,65,,6333,,675,,74,,2353,,2941,,4118,,4118,,5294,,5294,,3636,,4301,,5042,,4991,,5934,,6172
213,"Stravinsky_Fountain",1,0,,9,,85,,8667,,85,,86,,2667,,4,,4,,4667,,4667,,4667,,4211,,5538,,544,,6067,,6025,,605
214,"Angel_Falls_Venezuela",,6,,6,,65,,6,,55,,56,,1176,,2941,,4118,,5294,,5294,,6471,,1967,,3947,,5042,,5625,,5395,,6004
215,"Statue_of_George_IV",,6,,4,,3,,2333,,25,,26,,375,,375,,5,,625,,75,,75,,4615,,3871,,375,,3398,,375,,3861
216,"Palacio_Barolo",1,0,,9,,95,,8667,,875,,88,,2941,,4706,,6471,,7059,,7059,,7647,,4545,,618,,7698,,7781,,7814,,8183
217,"Bridge_of_Remembrance_Christchurch_New_Zealand",,0,,1,,5,,6,,525,,48,,0,,0833,,5,,8333,,8333,,8333,,0,,0909,,5,,6977,,6442,,6091
218,"John_A._Roebling_Suspension_Bridge",1,0,,9,,55,,4667,,5,,48,,3333,,4,,4667,,6,,6667,,8,,5,,5538,,5049,,525,,5714,,6
219,"Blue_Dome_Santorini",1,0,,9,,95,,9667,,925,,94,,3125,,4375,,5625,,75,,75,,875,,4762,,5888,,7066,,8447,,8284,,9063
220,"Fossar_de_les_Moreres",,2,,5,,5,,5,,475,,44,,0714,,3571,,5,,6429,,7143,,7143,,1053,,4167,,5,,5625,,5706,,5446
221,"Luxor_Obelisk_France",,6,,7,,85,,8333,,8,,8,,125,,25,,3125,,4375,,5,,5625,,2069,,3684,,457,,5738,,6154,,6606
222,"Valle_de_los_Caidos",,8,,9,,95,,9333,,95,,94,,2,,3,,4,,5,,65,,7,,32,,45,,563,,6512,,7719,,8024
--------------------
"--","Avg.",P@5,P@10,P@20,P@30,P@40,P@50,CR@5,CR@10,CR@20,CR@30,CR@40,CR@50,F1@5,F1@10,F1@20,F1@30,F1@40,F1@50
,,,7784,,7743,,7619,,7526,,7511,,7506,,157,,2738,,4217,,5135,,5861,,6393,,2579,,3991,,5324,,5973,,6434,,6742