--------------------
"Run name","output_runBM25Silhouette"
--------------------
"Average P@20 = ",,7441
"Average CR@20 = ",,4215
"Average F1@20 = ",,5244
--------------------
"Query Id ","Location name",P@5,P@10,P@20,P@30,P@40,P@50,CR@5,CR@10,CR@20,CR@30,CR@40,CR@50,F1@5,F1@10,F1@20,F1@30,F1@40,F1@50
1,"angel_of_the_north",1,0,1,0,1,0,1,0,1,0,1,0,,12,,2,,36,,52,,56,,68,,2143,,3333,,5294,,6842,,7179,,8095
2,"big_ben",,6,,5,,5,,5,,575,,64,,1364,,2273,,3182,,3182,,4091,,5,,2222,,3125,,3889,,3889,,4781,,5614
3,"hearst_castle",1,0,,9,,9,,9333,,925,,88,,1667,,3333,,5417,,5833,,625,,7083,,2857,,4865,,6763,,7179,,746,,7849
4,"la_madeleine",,2,,4,,35,,3667,,35,,36,,0714,,2857,,4286,,5,,5,,7143,,1053,,3333,,3853,,4231,,4118,,4787
5,"pont_alexandre_iii",1,0,1,0,,95,,9667,,95,,94,,2,,4,,52,,72,,8,,84,,3333,,5714,,6721,,8253,,8686,,8872
6,"neues_museum",,8,,7,,7,,7333,,75,,76,,12,,16,,36,,48,,56,,64,,2087,,2605,,4755,,5802,,6412,,6949
7,"montezuma_castle",,6,,8,,65,,7,,675,,68,,25,,4167,,5833,,75,,8333,,8333,,3529,,5479,,6149,,7241,,7459,,7489
8,"cn_tower",,8,,7,,75,,7667,,675,,66,,1667,,25,,4167,,5417,,625,,625,,2759,,3684,,5357,,6348,,649,,642
9,"acropolis_athens",,6,,8,,75,,8,,75,,74,,1429,,3333,,4286,,4286,,5714,,5714,,2308,,4706,,5455,,5581,,6486,,6449
10,"agra_fort",1,0,1,0,,95,,8333,,85,,88,,2,,32,,4,,48,,56,,72,,3333,,4848,,563,,6091,,6752,,792
11,"albert_memorial",,8,,8,,85,,8333,,825,,84,,1818,,2273,,4545,,6818,,6818,,7273,,2963,,354,,5923,,75,,7466,,7796
12,"altes_museum",,8,,7,,7,,6667,,675,,7,,1667,,2917,,375,,4583,,5417,,625,,2759,,4118,,4884,,5432,,601,,6604
13,"amiens_cathedral",1,0,1,0,1,0,,9,,925,,94,,16,,32,,52,,64,,76,,84,,2759,,4848,,6842,,7481,,8344,,8872
14,"angkor_wat",1,0,1,0,,95,,6667,,675,,74,,16,,28,,52,,52,,56,,68,,2759,,4375,,6721,,5843,,6121,,7087
15,"ara_pacis",,4,,5,,6,,6333,,7,,68,,0909,,2273,,4091,,5909,,6818,,7727,,1481,,3125,,4865,,6114,,6908,,7234
16,"arc_de_triomphe",1,0,,9,,75,,6667,,65,,64,,2083,,375,,5833,,6667,,7917,,7917,,3448,,5294,,6562,,6667,,7139,,7078
17,"aztec_ruins",,6,,3,,3,,3333,,4,,36,,12,,12,,2,,32,,52,,6,,2,,1714,,24,,3265,,4522,,45
18,"berlin_cathedral",1,0,1,0,,85,,9,,875,,88,,2,,32,,44,,56,,6,,72,,3333,,4848,,5798,,6904,,7119,,792
19,"bok_tower_gardens",,8,,9,,9,,9,,9,,9,,12,,32,,52,,64,,68,,76,,2087,,4721,,6592,,7481,,7747,,8241
20,"brandenburg_gate",1,0,,9,,95,,9333,,925,,88,,2,,32,,48,,56,,64,,68,,3333,,4721,,6378,,7,,7565,,7672
21,"cabrillo",,0,,1,,1,,1,,1,,14,,0,,0769,,1538,,2308,,3077,,5385,,0,,087,,1212,,1395,,1509,,2222
22,"casa_batllo",1,0,1,0,,95,,9333,,925,,94,,2,,32,,44,,6,,76,,84,,3333,,4848,,6014,,7304,,8344,,8872
23,"casa_rosada",1,0,1,0,1,0,,9667,,95,,94,,2,,36,,64,,68,,76,,88,,3333,,5294,,7805,,7984,,8444,,909
24,"castillo_de_san_marcos",,8,,9,,85,,8333,,825,,82,,16,,28,,44,,64,,68,,76,,2667,,4271,,5798,,724,,7455,,7889
25,"chartres_cathedral",1,0,1,0,1,0,1,0,1,0,,96,,2,,4,,56,,64,,72,,76,,3333,,5714,,7179,,7805,,8372,,8484
26,"chichen_itza",1,0,,9,,9,,8667,,85,,84,,16,,32,,48,,56,,64,,68,,2759,,4721,,6261,,6804,,7302,,7516
27,"christ_the_redeemer_rio",,6,,4,,55,,5667,,525,,52,,1304,,1739,,3913,,4783,,5652,,5652,,2143,,2424,,4573,,5187,,5444,,5417
28,"civic_center_san_francisco",,2,,4,,35,,3667,,4,,4,,04,,16,,24,,36,,4,,48,,0667,,2286,,2847,,3633,,4,,4364
29,"cologne_cathedral",1,0,,9,,95,,9667,,975,,98,,2,,32,,48,,52,,68,,76,,3333,,4721,,6378,,6762,,8012,,8561
30,"colosseum",1,0,1,0,,85,,9,,9,,92,,2,,24,,36,,44,,56,,6,,3333,,3871,,5058,,591,,6904,,7263
31,"doge_s_palace",,8,,8,,85,,8333,,825,,84,,12,,16,,36,,48,,56,,6,,2087,,2667,,5058,,6091,,6671,,7
32,"eiffel_tower",1,0,1,0,,9,,8667,,9,,88,,2,,4,,52,,6,,64,,68,,3333,,5714,,6592,,7091,,7481,,7672
33,"golden_gate_bridge",,8,,7,,8,,7667,,825,,78,,1739,,2609,,5217,,6087,,6087,,6087,,2857,,3801,,6316,,6786,,7005,,6838
34,"grand_palais",1,0,1,0,,9,,9,,925,,94,,2273,,4545,,6818,,7273,,7273,,7727,,3704,,625,,7759,,8045,,8143,,8482
35,"guggenheim_museum_bilbao",,8,,9,,9,,8667,,9,,92,,16,,32,,48,,6,,6,,64,,2667,,4721,,6261,,7091,,72,,7549
36,"hagia_sophia_istanbul",1,0,1,0,,95,,9667,,975,,98,,2,,28,,44,,56,,68,,72,,3333,,4375,,6014,,7092,,8012,,8301
37,"hoover_dam",1,0,,9,,85,,8667,,875,,88,,2,,24,,28,,48,,6,,64,,3333,,3789,,4212,,6178,,7119,,7411
38,"humayun_tomb",,6,,8,,9,,8333,,8,,8,,12,,28,,52,,52,,56,,64,,2,,4148,,6592,,6404,,6588,,7111
39,"iguazu_falls",,8,,8,,75,,7,,725,,76,,16,,32,,44,,52,,56,,6,,2667,,4571,,5546,,5967,,6319,,6706
40,"iolani_palace",,8,,9,,7,,7,,65,,64,,16,,36,,48,,6,,68,,76,,2667,,5143,,5695,,6462,,6647,,6949
41,"la_mezquita",,6,,5,,5,,3667,,4,,44,,0833,,1667,,2917,,3333,,4167,,5417,,1463,,25,,3684,,3492,,4082,,4856
42,"la_rambla_barcelona",,6,,8,,8,,7667,,825,,82,,12,,32,,52,,56,,64,,68,,2,,4571,,6303,,6472,,7208,,7435
43,"la_sainte_chapelle",1,0,1,0,1,0,1,0,1,0,,96,,16,,32,,52,,6,,76,,8,,2759,,4848,,6842,,75,,8636,,8727
44,"liberty_memorial",,8,,8,,8,,7667,,725,,72,,16,,2,,2,,4,,52,,64,,2667,,32,,32,,5257,,6056,,6776
45,"lincoln_home",1,0,,6,,4,,4667,,55,,5,,2222,,2778,,3333,,5,,7222,,7778,,3636,,3797,,3636,,4828,,6245,,6087
46,"machu_picchu",1,0,1,0,1,0,,9333,,775,,76,,2,,32,,52,,6,,64,,64,,3333,,4848,,6842,,7304,,7011,,6949
47,"marble_arch_london",,6,,4,,45,,4333,,35,,3,,25,,3333,,5833,,75,,75,,75,,3529,,3636,,5081,,5493,,4773,,4286
48,"milan_cathedral",,8,,6,,6,,7,,675,,72,,12,,16,,24,,36,,48,,64,,2087,,2526,,3429,,4755,,561,,6776
49,"mole_antonelliana",,4,,6,,7,,8,,725,,7,,08,,2,,36,,6,,68,,72,,1333,,3,,4755,,6857,,7018,,7099
50,"mont_saint_michel",1,0,1,0,1,0,,9667,,975,,96,,16,,32,,4,,44,,6,,64,,2759,,4848,,5714,,6047,,7429,,768
51,"moulin_rouge",,0,,0,,1,,1,,1,,12,,0,,0,,25,,375,,5,,625,,0,,0,,1429,,1579,,1667,,2013
52,"nelson_s_column",,6,,7,,75,,8333,,85,,86,,125,,25,,4167,,6667,,7083,,8333,,2069,,3684,,5357,,7407,,7727,,8465
53,"notre_dame_de_paris",1,0,,9,,9,,8667,,85,,84,,16,,32,,48,,52,,56,,64,,2759,,4721,,6261,,65,,6752,,7265
54,"obelisco",,2,,2,,2,,2333,,2,,2,,0909,,1818,,3636,,4545,,4545,,4545,,125,,1905,,2581,,3084,,2778,,2778
55,"piccadilly_circus",,8,,9,,8,,6333,,65,,7,,1739,,3043,,3913,,4783,,5652,,7391,,2857,,4549,,5255,,545,,6047,,719
56,"place_de_la_concorde",1,0,1,0,,95,,9667,,975,,98,,16,,32,,56,,68,,68,,76,,2759,,4848,,7046,,7984,,8012,,8561
57,"place_de_la_republique",,4,,2,,25,,1667,,15,,2,,25,,25,,625,,625,,625,,75,,3077,,2222,,3571,,2632,,2419,,3158
58,"place_des_vosges",1,0,,8,,8,,7,,675,,6,,2,,32,,48,,56,,6,,6,,3333,,4571,,6,,6222,,6353,,6
59,"pont_du_gard",1,0,,6,,65,,7,,65,,64,,2,,24,,4,,4,,44,,52,,3333,,3429,,4952,,5091,,5248,,5738
60,"pont_neuf",,6,,6,,55,,6333,,625,,62,,12,,2,,36,,56,,6,,64,,2,,3,,4352,,5944,,6122,,6298
61,"ponte_vecchio",,4,,6,,8,,7667,,75,,78,,0833,,2083,,4583,,6667,,6667,,7083,,1379,,3093,,5828,,7132,,7059,,7424
62,"puerta_de_alcala",,4,,3,,5,,5333,,525,,56,,1053,,1579,,3684,,5263,,5263,,5789,,1667,,2069,,4242,,5298,,5257,,5693
63,"puerta_del_sol",,6,,7,,65,,6667,,525,,5,,15,,25,,35,,55,,55,,6,,24,,3684,,455,,6027,,5372,,5455
64,"red_fort",1,0,1,0,1,0,1,0,1,0,1,0,,2,,32,,4,,6,,72,,76,,3333,,4848,,5714,,75,,8372,,8636
65,"reims_cathedral",1,0,,8,,7,,7,,65,,64,,16,,24,,28,,44,,44,,48,,2759,,3692,,4,,5404,,5248,,5486
66,"rialto_bridge",,4,,6,,45,,4,,425,,48,,125,,3125,,4375,,4375,,625,,75,,1905,,411,,4437,,4179,,506,,5854
67,"roman_forum_rome",,8,,8,,8,,7667,,825,,82,,16,,28,,44,,56,,68,,68,,2667,,4148,,5677,,6472,,7455,,7435
68,"sacre_coeur",,6,,7,,65,,6333,,55,,58,,125,,25,,4167,,5417,,5417,,6667,,2069,,3684,,5078,,5839,,5458,,6203
69,"sagrada_familia",1,0,,9,,9,,9,,9,,9,,2,,36,,48,,56,,64,,68,,3333,,5143,,6261,,6904,,7481,,7747
70,"santa_maria_novella",,4,,6,,65,,6,,625,,62,,08,,16,,36,,44,,48,,6,,1333,,2526,,4634,,5077,,543,,6098
71,"schonbrunn_palace",1,0,,9,,95,,9333,,925,,92,,2,,2,,4,,6,,64,,68,,3333,,3273,,563,,7304,,7565,,782
72,"seville_cathedral",,8,,9,,9,,9333,,95,,96,,12,,24,,32,,4,,56,,64,,2087,,3789,,4721,,56,,7046,,768
73,"spanish_steps",,6,,7,,55,,6333,,65,,64,,1364,,2727,,4091,,5,,6364,,6818,,2222,,3925,,4692,,5588,,6431,,6602
74,"st__basil_cathedral",1,0,1,0,,85,,8667,,875,,86,,16,,32,,52,,64,,76,,84,,2759,,4848,,6453,,7363,,8135,,8499
75,"statue_of_liberty",1,0,,9,,9,,8667,,875,,9,,2,,32,,48,,52,,64,,68,,3333,,4721,,6261,,65,,7393,,7747
76,"stonehenge",,6,,7,,6,,6333,,625,,66,,1053,,1053,,1579,,3158,,4211,,5263,,1791,,183,,25,,4214,,5031,,5856
77,"summer_palace_beijing",1,0,1,0,,95,,9333,,95,,96,,12,,24,,4,,4,,52,,64,,2143,,3871,,563,,56,,6721,,768
78,"sydney_opera_house",,8,,8,,85,,9,,875,,86,,16,,24,,36,,48,,52,,6,,2667,,3692,,5058,,6261,,6523,,7068
79,"teotihuacan",1,0,,9,,85,,9,,85,,82,,2,,36,,52,,68,,72,,76,,3333,,5143,,6453,,7747,,7796,,7889
80,"terracotta_army",,6,,6,,6,,6,,6,,64,,15,,3,,4,,55,,65,,75,,24,,4,,48,,5739,,624,,6906
81,"the_blue_mosque",1,0,1,0,,9,,9,,925,,94,,2,,32,,44,,52,,6,,68,,3333,,4848,,591,,6592,,7279,,7891
82,"the_henry_ford",,4,,7,,55,,6333,,625,,6,,08,,2,,32,,56,,64,,72,,1333,,3111,,4046,,5944,,6324,,6545
83,"taj_mahal",1,0,,9,,9,,9333,,9,,88,,2,,36,,6,,6,,64,,68,,3333,,5143,,72,,7304,,7481,,7672
84,"tour_montparnasse",,4,,5,,5,,5,,475,,42,,1,,25,,4,,55,,6,,6,,16,,3333,,4444,,5238,,5302,,4941
85,"tower_bridge_london",,8,,7,,75,,7,,65,,64,,16,,24,,36,,44,,52,,6,,2667,,3574,,4865,,5404,,5778,,6194
86,"trafalgar_square",,4,,4,,5,,5667,,575,,58,,0909,,1818,,3636,,4091,,5,,5455,,1481,,25,,4211,,4752,,5349,,5622
87,"leaning_tower_of_pisa",,4,,4,,5,,5333,,575,,6,,08,,16,,36,,52,,6,,68,,1333,,2286,,4186,,5266,,5872,,6375
88,"hermitage_museum_saint_petersburg",,8,,8,,75,,8,,825,,84,,16,,2,,44,,52,,6,,64,,2667,,32,,5546,,6303,,6947,,7265
89,"jantar_mantar_jaipur",1,0,1,0,,85,,8667,,825,,82,,2,,32,,56,,64,,68,,68,,3333,,4848,,6752,,7363,,7455,,7435
90,"lake_titicaca_peru",,8,,6,,65,,6333,,6,,56,,1667,,2083,,375,,4583,,5833,,625,,2759,,3093,,4756,,5318,,5915,,5907
91,"the_great_wall_of_china",,6,,8,,85,,8,,8,,78,,12,,24,,48,,56,,64,,64,,2,,3692,,6135,,6588,,7111,,7031
92,"grande_arche_paris",,6,,6,,65,,6667,,7,,66,,12,,24,,36,,36,,4,,44,,2,,3429,,4634,,4675,,5091,,528
93,"el_angel_mexico",,4,,3,,35,,4333,,4,,42,,0952,,1429,,2857,,5238,,5714,,619,,1538,,1935,,3146,,4743,,4706,,5005
94,"bibliotheque_nationale_de_france",,6,,8,,75,,7667,,775,,78,,12,,32,,52,,6,,72,,8,,2,,4571,,6142,,6732,,7465,,7899
95,"kronborg_castle",,8,,9,,9,,9,,9,,86,,1667,,3333,,4583,,4583,,5417,,5417,,2759,,4865,,6074,,6074,,6763,,6647
96,"ajanta_caves",,8,,9,,85,,8667,,9,,92,,1818,,3636,,4091,,5455,,6364,,6818,,2963,,518,,5523,,6695,,7456,,7832
97,"atomium",,8,,9,,95,,9667,,975,,98,,1429,,2857,,4286,,5238,,5238,,5714,,2424,,4337,,5907,,6794,,6815,,7219
98,"ellora_caves",1,0,1,0,,95,,9333,,925,,92,,1818,,2727,,4091,,5,,5455,,7273,,3077,,4286,,5719,,6512,,6862,,8124
99,"potala_palace",,8,,9,,95,,9333,,925,,88,,1667,,3333,,3333,,4444,,5,,5556,,2759,,4865,,4935,,6022,,6491,,6811
100,"jokhang",,8,,8,,8,,8333,,825,,84,,16,,32,,48,,68,,68,,8,,2667,,4571,,6,,7489,,7455,,8195
101,"rila_monastery",1,0,,7,,75,,8333,,8,,8,,16,,16,,28,,36,,4,,4,,2759,,2605,,4078,,5028,,5333,,5333
102,"louvre_pyramid",,8,,9,,85,,7333,,75,,76,,1667,,2778,,4444,,5556,,6111,,6667,,2759,,4245,,5837,,6322,,6735,,7103
103,"brooklyn_bridge",1,0,,9,,8,,8333,,825,,84,,1905,,2857,,4286,,5238,,5238,,619,,32,,4337,,5581,,6433,,6408,,7128
104,"tower_of_london",,8,,7,,55,,6333,,625,,64,,1739,,2174,,3913,,4348,,4348,,5217,,2857,,3318,,4573,,5156,,5128,,5749
105,"british_museum_london",1,0,1,0,,95,,9333,,925,,92,,15,,3,,45,,5,,55,,65,,2609,,4615,,6107,,6512,,6898,,7618
106,"buckingham_palace",,4,,5,,4,,4667,,425,,44,,1,,15,,25,,35,,5,,6,,16,,2308,,3077,,4,,4595,,5077
107,"charles_bridge_prague",1,0,1,0,,8,,7667,,75,,76,,2083,,3333,,4167,,5,,5833,,7083,,3448,,5,,5479,,6053,,6562,,7333
108,"champs_elysees_paris",,6,,6,,5,,4,,35,,34,,2,,2667,,4667,,5333,,5333,,6,,3,,3692,,4828,,4571,,4226,,434
109,"chrysler_building",1,0,,9,,9,,9,,9,,92,,2143,,3571,,7143,,8571,,9286,,9286,,3529,,5114,,7965,,878,,9141,,9243
110,"moma_new_york",,8,,8,,75,,7667,,8,,78,,2105,,2632,,4211,,4211,,4737,,6842,,3333,,396,,5393,,5436,,595,,729
111,"grand_central_terminal",1,0,1,0,1,0,1,0,,975,,96,,0952,,2381,,3333,,4286,,5714,,619,,1739,,3846,,5,,6,,7206,,7527
112,"houses_of_parliament",,6,,7,,75,,7667,,775,,8,,1304,,2609,,4348,,5217,,5217,,5652,,2143,,3801,,5505,,6209,,6236,,6624
113,"alexanderplatz_berlin",,8,,7,,85,,8667,,825,,8,,16,,28,,36,,48,,52,,52,,2667,,4,,5058,,6178,,6379,,6303
114,"centre_pompidou",,8,,7,,65,,7,,65,,68,,2222,,3333,,3889,,5,,6111,,6111,,3478,,4516,,4866,,5833,,63,,6437
115,"sydney_harbour_bridge",1,0,1,0,1,0,,9667,,95,,94,,25,,3125,,5625,,625,,75,,75,,4,,4762,,72,,7592,,8382,,8343
116,"pier_39",1,0,1,0,1,0,1,0,,975,,98,,2381,,381,,619,,6667,,7619,,7619,,3846,,5517,,7647,,8,,8554,,8573
117,"coit_tower",,8,,7,,6,,6333,,575,,62,,1333,,2667,,2667,,2667,,3333,,4,,2286,,3862,,3692,,3753,,422,,4863
118,"st_paul_s_cathedral_london",,8,,8,,75,,7333,,75,,72,,2353,,3529,,4118,,5294,,6471,,6471,,3636,,4898,,5316,,6149,,6947,,6816
119,"cloud_gate",,8,,6,,55,,4667,,525,,56,,1667,,25,,3333,,3333,,3333,,4167,,2759,,3529,,4151,,3889,,4078,,4778
120,"musee_d_orsay",1,0,1,0,,95,,9667,,975,,98,,1905,,2381,,3333,,381,,4762,,619,,32,,3846,,4935,,5465,,6399,,7588
121,"pike_place_market",1,0,,9,,8,,8333,,75,,8,,2381,,381,,5238,,5714,,5714,,6667,,3846,,5353,,6331,,678,,6486,,7273
122,"royal_palace_madrid",1,0,1,0,,9,,8333,,825,,78,,2273,,3636,,5,,5455,,7273,,7727,,3704,,5333,,6429,,6593,,7731,,7763
123,"sony_center_berlin",,8,,9,,9,,8,,825,,84,,1905,,3333,,4286,,4286,,4762,,4762,,3077,,4865,,5806,,5581,,6038,,6078
124,"red_square_moscow",,8,,7,,75,,7333,,725,,68,,1905,,2381,,4286,,5238,,619,,619,,3077,,3553,,5455,,6111,,6678,,6481
125,"prague_castle",1,0,,9,,95,,9,,925,,9,,12,,24,,36,,48,,56,,68,,2143,,3789,,5221,,6261,,6976,,7747
126,"musee_du_louvre",1,0,1,0,1,0,,9667,,975,,96,,2,,28,,44,,48,,56,,68,,3333,,4375,,6111,,6415,,7114,,7961
127,"millennium_bridge_london",,8,,6,,55,,6333,,65,,72,,16,,24,,36,,4,,4,,52,,2667,,3429,,4352,,4903,,4952,,6039
128,"casa_mila",1,0,1,0,1,0,,9333,,925,,94,,2,,32,,48,,52,,56,,64,,3333,,4848,,6486,,6679,,6976,,7615
129,"national_gallery_london",,2,,6,,6,,5667,,575,,6,,0455,,2727,,4091,,5,,5455,,5909,,0741,,375,,4865,,5312,,5598,,5954
130,"national_mall",,4,,6,,75,,7333,,675,,72,,08,,24,,48,,6,,72,,76,,1333,,3429,,5854,,66,,6968,,7395
131,"london_city_hall",,6,,6,,7,,7,,65,,68,,15,,3,,45,,5,,55,,6,,24,,4,,5478,,5833,,5958,,6375
132,"holocaust_memorial",,4,,6,,4,,4667,,45,,48,,125,,3125,,4375,,5625,,625,,6875,,1905,,411,,4179,,5101,,5233,,5653
133,"columbus_circle",,6,,6,,65,,6667,,575,,56,,12,,2,,44,,6,,64,,72,,2,,3,,5248,,6316,,6058,,63
134,"siegessaeule",,8,,8,,7,,6333,,625,,64,,16,,24,,44,,52,,52,,56,,2667,,3692,,5404,,5711,,5677,,5973
135,"jardin_du_luxembourg",1,0,1,0,1,0,1,0,1,0,1,0,,12,,16,,36,,52,,68,,72,,2143,,2759,,5294,,6842,,8095,,8372
136,"merlion_singapore",,6,,6,,6,,5333,,5,,5,,1364,,2273,,4091,,5455,,6364,,7273,,2222,,3297,,4865,,5393,,56,,5926
137,"harrods_london",,8,,8,,8,,8333,,825,,82,,16,,24,,4,,52,,6,,64,,2667,,3692,,5333,,6404,,6947,,7189
138,"metropolitan_museum_of_art_new_york",1,0,1,0,1,0,,9667,,95,,96,,16,,24,,48,,6,,68,,68,,2759,,3871,,6486,,7404,,7926,,7961
139,"new_york_stock_exchange",,8,,8,,75,,7333,,7,,62,,2,,35,,5,,55,,65,,65,,32,,487,,6,,6286,,6741,,6346
140,"stephansdom_vienna",1,0,1,0,,9,,9333,,9,,92,,08,,16,,4,,56,,64,,68,,1481,,2759,,5538,,7,,7481,,782
141,"hms_belfast",1,0,1,0,1,0,,9667,,95,,92,,2,,28,,36,,52,,6,,68,,3333,,4375,,5294,,6762,,7355,,782
142,"leicester_square",1,0,1,0,1,0,1,0,,95,,88,,16,,16,,2,,2,,32,,4,,2759,,2759,,3333,,3333,,4787,,55
143,"ciudad_de_las_artes_y_las_ciencias",1,0,1,0,1,0,1,0,,975,,98,,16,,36,,56,,64,,76,,8,,2759,,5294,,7179,,7805,,8542,,8809
144,"topkapi_palace",1,0,1,0,1,0,,9667,,975,,98,,16,,24,,44,,56,,56,,6,,2759,,3871,,6111,,7092,,7114,,7443
145,"royal_albert_hall",,6,,5,,75,,7,,75,,7,,12,,16,,4,,52,,56,,6,,2,,2424,,5217,,5967,,6412,,6462
146,"st_vitus_cathedral",,8,,9,,9,,9333,,925,,94,,12,,2,,36,,48,,56,,56,,2087,,3273,,5143,,634,,6976,,7019
147,"castello_sforzesco",,8,,8,,85,,8667,,9,,9,,12,,2,,32,,44,,52,,56,,2087,,32,,465,,5837,,6592,,6904
148,"rijksmuseum_amsterdam",1,0,,9,,95,,9667,,975,,98,,2,,32,,52,,6,,68,,68,,3333,,4721,,6721,,7404,,8012,,8029
149,"dam_square",,4,,7,,7,,5667,,625,,62,,08,,24,,36,,4,,56,,56,,1333,,3574,,4755,,469,,5907,,5885
150,"rathaus_vienna",,6,,5,,45,,4,,4,,5,,12,,2,,2,,2,,2,,2,,2,,2857,,2769,,2667,,2667,,2857
151,"bath_abbey",,8,,9,,85,,8667,,875,,88,,12,,28,,4,,52,,52,,64,,2087,,4271,,544,,65,,6523,,7411
152,"salisbury_cathedral",,8,,8,,85,,8667,,9,,9,,16,,28,,4,,48,,52,,6,,2667,,4148,,544,,6178,,6592,,72
153,"templo_de_debod",,0,,2,,35,,3333,,325,,38,,0,,0909,,3182,,3636,,4091,,5455,,0,,125,,3333,,3478,,3622,,4479
154,"Niagara_Falls",,6,,6,,65,,6,,575,,58,,1364,,2273,,3182,,5,,5455,,5455,,2222,,3297,,4272,,5455,,5598,,5622
155,"Golden_Gate_Bridge_in_San_Francisco",1,0,1,0,,95,,9333,,95,,96,,2273,,3636,,5455,,6818,,7273,,8182,,3704,,5333,,693,,788,,8238,,8834
156,"Neuschwanstein_Castle",1,0,,9,,95,,9667,,95,,96,,16,,24,,44,,44,,6,,68,,2759,,3789,,6014,,6047,,7355,,7961
157,"Christ_Church_Cathedral_Missouri",1,0,1,0,1,0,,9333,,95,,94,,2,,32,,56,,6,,68,,72,,3333,,4848,,7179,,7304,,7926,,8154
158,"Mount_Rushmore_in_South_Dakota",1,0,,9,,95,,8667,,9,,9,,2,,32,,48,,56,,6,,64,,3333,,4721,,6378,,6804,,72,,7481
159,"Puerta_de_Toledo",,2,,2,,15,,1,,075,,06,,5,1,0,1,0,1,0,1,0,1,0,,2857,,3333,,2609,,1818,,1395,,1132
160,"Urquhart_Castle",1,0,1,0,1,0,,9667,,925,,9,,2083,,3333,,3333,,5,,625,,7083,,3448,,5,,5,,6591,,746,,7927
161,"Gare_du_Nord_Paris",,6,,8,,8,,7333,,7,,7,,08,,24,,44,,48,,6,,6,,1412,,3692,,5677,,5802,,6462,,6462
162,"Newgrange_in_Ireland",,2,,5,,6,,6,,625,,66,,0417,,1667,,2917,,375,,5,,5833,,069,,25,,3925,,4615,,5556,,6193
163,"Windmills_at_Kinderdijk",,8,,7,,8,,8,,8,,82,,16,,24,,44,,48,,64,,64,,2667,,3574,,5677,,6,,7111,,7189
164,"Conciergerie",1,0,1,0,,95,,9333,,95,,96,,12,,28,,48,,52,,64,,72,,2143,,4375,,6378,,6679,,7648,,8229
165,"Palazzo_Madama",,4,,7,,65,,5667,,625,,58,,0909,,3182,,5,,5455,,6818,,7727,,1481,,4375,,5652,,5559,,6522,,6626
166,"Split_Rock_Lighthouse",1,0,1,0,,85,,8333,,825,,84,,12,,24,,32,,44,,48,,52,,2143,,3871,,465,,5759,,6069,,6424
167,"The_Little_Mermaid_Denmark",,6,,7,,45,,5667,,6,,6,,2143,,5,,5714,,7143,,7857,,8571,,3158,,5833,,5035,,632,,6804,,7059
168,"Great_Pyramid_of_Giza",,8,,7,,65,,6,,6,,64,,2,,2667,,4667,,6,,6667,,8,,32,,3862,,5433,,6,,6316,,7111
169,"Pitti_Palace",,8,,9,,95,,9,,925,,94,,1818,,2273,,3182,,4091,,5455,,5909,,2963,,3629,,4767,,5625,,6862,,7257
170,"Georgia_State_Capitol",,6,,5,,45,,5,,475,,38,,1053,,1579,,2105,,2632,,2632,,2632,,1791,,24,,2869,,3448,,3387,,311
171,"Dome_des_Invalides",,8,,9,,9,,9333,,95,,96,,16,,32,,48,,6,,68,,72,,2667,,4721,,6261,,7304,,7926,,8229
172,"Reggia_di_Caserta",1,0,1,0,,7,,6,,65,,66,,2,,32,,44,,44,,52,,68,,3333,,4848,,5404,,5077,,5778,,6699
173,"The_Burj_al_Arab_Hotel",,8,,8,,85,,9,,875,,86,,16,,28,,48,,6,,6,,64,,2667,,4148,,6135,,72,,7119,,7339
174,"Elephanta_Caves",,8,,9,,7,,6667,,725,,7,,1667,,2917,,375,,4583,,5417,,625,,2759,,4406,,4884,,5432,,6201,,6604
175,"Basilica_of_Santa_Croce",,6,,8,,9,,9333,,95,,96,,12,,24,,32,,4,,64,,72,,2,,3692,,4721,,56,,7648,,8229
176,"Aachen_Cathedral",1,0,,9,,85,,9,,9,,9,,2,,32,,48,,56,,6,,68,,3333,,4721,,6135,,6904,,72,,7747
177,"Monument_to_the_Great_Fire_of_London",,6,,7,,7,,7333,,75,,7,,12,,24,,48,,56,,6,,76,,2,,3574,,5695,,6351,,6667,,7288
178,"Longmen_Grottoes",,8,,6,,65,,6333,,625,,62,,16,,2,,36,,52,,6,,68,,2667,,3,,4634,,5711,,6122,,6486
179,"Louisiana_State_Capitol",,0,,2,,35,,3667,,35,,32,,0,,08,,2,,28,,4,,44,,0,,1143,,2545,,3175,,3733,,3705
180,"The_Great_Sphinx_at_Giza",1,0,1,0,,95,,9,,85,,88,,16,,32,,4,,48,,52,,56,,2759,,4848,,563,,6261,,6453,,6844
181,"Teatro_Real_Madrid",,6,,8,,75,,7667,,7,,68,,1304,,3478,,5652,,6087,,6522,,7391,,2143,,4848,,6446,,6786,,6752,,7083
182,"Palacio_de_la_Magdalena",,2,,4,,6,,7,,675,,66,,04,,16,,36,,52,,52,,64,,0667,,2286,,45,,5967,,5874,,6498
183,"Sowjetisches_Ehrenmal",,4,,3,,15,,2,,275,,38,,08,,12,,12,,16,,32,,44,,1333,,1714,,1333,,1778,,2958,,4078
184,"Cathedral_of_Trier",1,0,,8,,85,,8,,825,,78,,2,,28,,52,,56,,76,,8,,3333,,4148,,6453,,6588,,7912,,7899
185,"Saint_Mary_of_the_Flower",,4,,4,,35,,4,,45,,42,,08,,12,,16,,36,,48,,48,,1333,,1846,,2196,,3789,,4645,,448
186,"Skellig_Michael",,8,,5,,6,,5667,,65,,72,,16,,2,,28,,36,,48,,52,,2667,,2857,,3818,,4403,,5522,,6039
187,"Chicago_Board_of_Trade_Building",,6,,8,,75,,6333,,7,,7,,1364,,3182,,4545,,5455,,6364,,6818,,2222,,4553,,566,,5861,,6667,,6908
188,"Pont_de_Normandie_France",,6,,7,,6,,6,,675,,66,,1579,,3158,,5263,,7368,,8947,,8947,,25,,4352,,5607,,6614,,7695,,7596
189,"Palazzo_Rosso",,0,,0,,15,,1,,075,,08,,0,,0,,125,,125,,125,,1667,,0,,0,,1364,,1111,,0937,,1081
190,"Piazza_Vittorio_Veneto",,2,,4,,4,,3,,3,,32,,0625,,1875,,375,,375,,375,,4375,,0952,,2553,,3871,,3333,,3333,,3696
191,"Sforza_Castle",1,0,1,0,,95,,9,,9,,9,,12,,2,,36,,4,,56,,68,,2143,,3333,,5221,,5538,,6904,,7747
192,"Torres_KIO",,6,,7,,75,,7667,,8,,76,,12,,24,,4,,52,,6,,72,,2,,3574,,5217,,6197,,6857,,7395
193,"Torre_Picasso",,8,,7,,8,,8333,,775,,74,,1667,,2917,,4167,,5,,5833,,6667,,2759,,4118,,5479,,625,,6656,,7014
194,"The_Palace_of_Parliament_in_Bucharest",,8,,8,,8,,8,,7,,7,,16,,24,,32,,52,,6,,68,,2667,,3692,,4571,,6303,,6462,,6899
195,"Ernest_Hemingway_House",,6,,7,,85,,8,,8,,8,,12,,28,,48,,56,,6,,64,,2,,4,,6135,,6588,,6857,,7111
196,"Castel_dellOvo_Napoli",,6,,8,,85,,8667,,8,,8,,12,,28,,48,,64,,68,,68,,2,,4148,,6135,,7363,,7351,,7351
197,"Villa_Borghese_gardens",1,0,,9,,9,,9333,,925,,94,,16,,32,,52,,6,,72,,8,,2759,,4721,,6592,,7304,,8097,,8644
198,"Saint_Marks_Basilica",1,0,,8,,9,,8667,,85,,84,,2,,28,,44,,48,,56,,6,,3333,,4148,,591,,6178,,6752,,7
199,"Mausoleum_of_the_First_Qin_Emperor",1,0,,9,,9,,8667,,85,,84,,16,,28,,44,,48,,56,,68,,2759,,4271,,591,,6178,,6752,,7516
200,"Mausoleum_of_Hadrian",,6,,6,,6,,5667,,575,,58,,1667,,3333,,5556,,6667,,8333,,8333,,2609,,4286,,5769,,6126,,6805,,684
201,"Piazza_de_Ferrari",1,0,1,0,1,0,1,0,,975,,94,,1053,,2632,,4211,,4211,,5263,,5263,,1905,,4167,,5926,,5926,,6836,,6748
202,"George_Washington_Carver",,4,,6,,5,,4333,,45,,46,,125,,3125,,4375,,5,,5625,,5625,,1905,,411,,4667,,4643,,5,,5061
203,"Cathedral_of_Santiago_de_Compostela",1,0,,8,,8,,8333,,75,,78,,1176,,1765,,3529,,4118,,5294,,7059,,2105,,2892,,4898,,5512,,6207,,7411
204,"Saint-Jacques_Tower",,6,,6,,6,,6667,,65,,62,,2308,,4615,,6154,,6154,,7692,,8462,,3333,,5217,,6076,,64,,7046,,7156
205,"Calakmul_Campeche_Mexico",,8,,6,,5,,6333,,575,,6,,2857,,2857,,4286,,5,,6429,,7143,,4211,,3871,,4615,,5588,,607,,6522
206,"Bran_Castle_in_Transylvania",1,0,1,0,,9,,8333,,825,,84,,2105,,2632,,4211,,5789,,6316,,6316,,3478,,4167,,5737,,6832,,7154,,721
207,"Mosteiro_da_Batalha",1,0,1,0,1,0,1,0,1,0,1,0,,2632,,4211,,6316,,6842,,6842,,7368,,4167,,5926,,7742,,8125,,8125,,8485
208,"Wartburg_Castle",1,0,,8,,85,,8667,,9,,9,,25,,3,,45,,7,,8,,85,,4,,4364,,5885,,7745,,8471,,8743
209,"Fujian_Tulou_Fujian_China",1,0,1,0,1,0,1,0,1,0,,98,,1111,,3333,,3889,,6111,,6667,,7222,,2,,5,,56,,7586,,8,,8316
210,"Alabama_State_Capitol",1,0,,7,,55,,5667,,65,,68,,1429,,2381,,3333,,4286,,6667,,7619,,25,,3553,,4151,,488,,6582,,7186
211,"Palazzo_dAccursio",,2,,4,,5,,4333,,475,,46,,0556,,2222,,3333,,3889,,5556,,5556,,087,,2857,,4,,4099,,5121,,5033
212,"Casa_Grande_Ruins",,6,,5,,55,,5333,,575,,66,,1765,,2353,,2941,,3529,,4118,,4706,,2727,,32,,3833,,4248,,4799,,5494
213,"Stravinsky_Fountain",1,0,,9,,85,,8,,775,,78,,3333,,4,,4,,4667,,4667,,6,,5,,5538,,544,,5895,,5826,,6783
214,"Angel_Falls_Venezuela",,4,,4,,4,,3667,,35,,36,,1176,,2353,,3529,,4118,,5294,,5882,,1818,,2963,,375,,3879,,4214,,4467
215,"Statue_of_George_IV",,4,,4,,35,,3,,225,,26,,25,,375,,625,,75,,75,,75,,3077,,3871,,4487,,4286,,3462,,3861
216,"Palacio_Barolo",,8,,9,,95,,9667,,875,,88,,2353,,4706,,4706,,5882,,7059,,7647,,3636,,618,,6294,,7314,,7814,,8183
217,"Bridge_of_Remembrance_Christchurch_New_Zealand",,8,,6,,55,,5333,,525,,52,,25,,3333,,4167,,5833,,8333,,9167,,381,,4286,,4741,,5572,,6442,,6636
218,"John_A._Roebling_Suspension_Bridge",,2,,3,,35,,3667,,45,,5,,0667,,2,,4667,,5333,,6667,,8,,1,,24,,4,,4346,,5373,,6154
219,"Blue_Dome_Santorini",1,0,,9,,85,,8667,,85,,88,,25,,4375,,5625,,75,,75,,875,,4,,5888,,677,,8041,,7969,,8775
220,"Fossar_de_les_Moreres",,4,,5,,45,,5,,475,,46,,1429,,2857,,4286,,5,,5714,,5714,,2105,,3636,,439,,5,,5188,,5097
221,"Luxor_Obelisk_France",,6,,7,,75,,8,,8,,82,,1875,,375,,4375,,5,,5,,5,,2857,,4884,,5526,,6154,,6154,,6212
222,"Valle_de_los_Caidos",,8,,9,,9,,9,,925,,9,,15,,2,,4,,5,,65,,7,,2526,,3273,,5538,,6429,,7635,,7875
--------------------
"--","Avg.",P@5,P@10,P@20,P@30,P@40,P@50,CR@5,CR@10,CR@20,CR@30,CR@40,CR@50,F1@5,F1@10,F1@20,F1@30,F1@40,F1@50
,,,7523,,7545,,7441,,738,,7333,,7348,,156,,2722,,4215,,5172,,594,,6565,,2538,,3907,,5244,,5929,,6405,,6771