--------------------
"Run name","output_runACCSilhouette"
--------------------
"Average P@20 = ",,7435
"Average CR@20 = ",,4206
"Average F1@20 = ",,5303
--------------------
"Query Id ","Location name",P@5,P@10,P@20,P@30,P@40,P@50,CR@5,CR@10,CR@20,CR@30,CR@40,CR@50,F1@5,F1@10,F1@20,F1@30,F1@40,F1@50
1,"angel_of_the_north",1,0,,9,,95,,9333,,95,,96,,16,,28,,44,,56,,64,,72,,2759,,4271,,6014,,7,,7648,,8229
2,"big_ben",,8,,7,,6,,6333,,65,,7,,1364,,2273,,3182,,5,,5,,5909,,233,,3431,,4158,,5588,,5652,,6408
3,"hearst_castle",1,0,,9,,9,,9,,85,,88,,2083,,3333,,5,,5833,,625,,7917,,3448,,4865,,6429,,7079,,7203,,8335
4,"la_madeleine",,2,,4,,5,,4333,,4,,4,,0714,,2857,,5,,5714,,7143,,7143,,1053,,3333,,5,,4929,,5128,,5128
5,"pont_alexandre_iii",1,0,1,0,1,0,,9667,,925,,92,,16,,32,,48,,6,,64,,76,,2759,,4848,,6486,,7404,,7565,,8324
6,"neues_museum",,6,,7,,7,,7667,,8,,76,,12,,28,,44,,56,,68,,72,,2,,4,,5404,,6472,,7351,,7395
7,"montezuma_castle",,4,,5,,65,,6667,,675,,72,,1667,,3333,,5833,,6667,,6667,,75,,2353,,4,,6149,,6667,,6708,,7347
8,"cn_tower",,4,,5,,6,,6,,525,,56,,0833,,1667,,375,,4167,,5,,5833,,1379,,25,,4615,,4918,,5122,,5714
9,"acropolis_athens",,8,,8,,85,,8,,8,,8,,1905,,2857,,5238,,619,,6667,,7143,,3077,,4211,,6482,,698,,7273,,7547
10,"agra_fort",,8,,9,,95,,9333,,95,,94,,08,,28,,52,,56,,68,,72,,1455,,4271,,6721,,7,,7926,,8154
11,"albert_memorial",,8,,7,,85,,8333,,85,,84,,1364,,2273,,4091,,5455,,6818,,6818,,233,,3431,,5523,,6593,,7567,,7527
12,"altes_museum",,6,,5,,6,,7,,725,,7,,125,,2083,,2917,,5,,5833,,5833,,2069,,2941,,3925,,5833,,6465,,6364
13,"amiens_cathedral",,8,,9,,95,,9333,,925,,94,,12,,32,,56,,76,,8,,88,,2087,,4721,,7046,,8378,,858,,909
14,"angkor_wat",1,0,,9,,95,,9667,,95,,92,,2,,36,,56,,64,,76,,76,,3333,,5143,,7046,,7701,,8444,,8324
15,"ara_pacis",,8,,8,,65,,7333,,7,,66,,1818,,3182,,4545,,6818,,7273,,7727,,2963,,4553,,535,,7066,,7134,,7119
16,"arc_de_triomphe",,8,,8,,7,,7,,65,,64,,125,,2917,,4167,,5,,5833,,625,,2162,,4275,,5224,,5833,,6149,,6324
17,"aztec_ruins",,2,,3,,5,,5333,,45,,5,,04,,12,,32,,52,,56,,6,,0667,,1714,,3902,,5266,,499,,5455
18,"berlin_cathedral",1,0,1,0,,95,,9333,,95,,96,,2,,32,,52,,64,,68,,72,,3333,,4848,,6721,,7593,,7926,,8229
19,"bok_tower_gardens",1,0,,9,,75,,7333,,75,,8,,16,,28,,36,,4,,64,,8,,2759,,4271,,4865,,5176,,6906,,8
20,"brandenburg_gate",1,0,1,0,,95,,9667,,95,,92,,2,,28,,44,,56,,56,,68,,3333,,4375,,6014,,7092,,7046,,782
21,"cabrillo",,0,,1,,15,,2,,15,,16,,0,,0769,,2308,,4615,,4615,,6154,,0,,087,,1818,,2791,,2264,,254
22,"casa_batllo",1,0,1,0,,95,,9333,,925,,94,,2,,4,,56,,68,,72,,76,,3333,,5714,,7046,,7868,,8097,,8405
23,"casa_rosada",1,0,1,0,1,0,,9667,,975,,96,,16,,32,,52,,6,,72,,72,,2759,,4848,,6842,,7404,,8283,,8229
24,"castillo_de_san_marcos",,4,,5,,65,,7,,675,,74,,08,,2,,44,,6,,64,,68,,1333,,2857,,5248,,6462,,657,,7087
25,"chartres_cathedral",1,0,1,0,,95,,9,,9,,92,,16,,32,,48,,6,,76,,8,,2759,,4848,,6378,,72,,8241,,8558
26,"chichen_itza",,8,,7,,8,,8667,,85,,84,,12,,2,,44,,6,,64,,72,,2087,,3111,,5677,,7091,,7302,,7754
27,"christ_the_redeemer_rio",,6,,7,,55,,5667,,55,,5,,087,,1739,,3478,,5652,,6522,,6957,,1519,,2786,,4262,,5659,,5967,,5818
28,"civic_center_san_francisco",,6,,8,,75,,7,,625,,58,,12,,28,,36,,48,,48,,48,,2,,4148,,4865,,5695,,543,,5253
29,"cologne_cathedral",,8,,9,,9,,9333,,95,,94,,16,,32,,48,,56,,64,,72,,2667,,4721,,6261,,7,,7648,,8154
30,"colosseum",,8,,8,,85,,8667,,875,,9,,12,,24,,48,,52,,6,,6,,2087,,3692,,6135,,65,,7119,,72
31,"doge_s_palace",1,0,,9,,95,,8667,,85,,84,,16,,24,,44,,48,,52,,6,,2759,,3789,,6014,,6178,,6453,,7
32,"eiffel_tower",1,0,,9,,9,,8667,,9,,92,,2,,32,,44,,52,,56,,68,,3333,,4721,,591,,65,,6904,,782
33,"golden_gate_bridge",,6,,8,,75,,7,,725,,72,,087,,2174,,3478,,5217,,6087,,6957,,1519,,3419,,4752,,5979,,6618,,7076
34,"grand_palais",1,0,1,0,,95,,9,,9,,9,,1818,,3182,,4545,,5455,,5909,,6364,,3077,,4828,,6149,,6792,,7134,,7456
35,"guggenheim_museum_bilbao",1,0,,9,,9,,9333,,95,,96,,2,,32,,48,,6,,68,,76,,3333,,4721,,6261,,7304,,7926,,8484
36,"hagia_sophia_istanbul",1,0,1,0,1,0,1,0,1,0,,98,,2,,32,,44,,56,,68,,72,,3333,,4848,,6111,,7179,,8095,,8301
37,"hoover_dam",1,0,1,0,,9,,9333,,925,,9,,2,,36,,44,,52,,64,,68,,3333,,5294,,591,,6679,,7565,,7747
38,"humayun_tomb",1,0,1,0,,95,,9333,,825,,82,,2,,32,,52,,6,,64,,68,,3333,,4848,,6721,,7304,,7208,,7435
39,"iguazu_falls",1,0,,9,,85,,7333,,75,,78,,2,,28,,48,,56,,68,,8,,3333,,4271,,6135,,6351,,7133,,7899
40,"iolani_palace",,8,,7,,7,,7,,675,,68,,16,,24,,4,,52,,72,,8,,2667,,3574,,5091,,5967,,6968,,7351
41,"la_mezquita",,2,,3,,4,,4667,,45,,48,,0417,,125,,3333,,4167,,5417,,5833,,069,,1765,,3636,,4403,,4916,,5266
42,"la_rambla_barcelona",1,0,,9,,9,,9,,85,,86,,16,,28,,4,,52,,52,,64,,2759,,4271,,5538,,6592,,6453,,7339
43,"la_sainte_chapelle",1,0,1,0,,95,,9333,,95,,96,,16,,32,,52,,68,,72,,8,,2759,,4848,,6721,,7868,,8192,,8727
44,"liberty_memorial",1,0,,8,,75,,7667,,725,,72,,16,,2,,4,,48,,56,,64,,2759,,32,,5217,,5904,,6319,,6776
45,"lincoln_home",,8,,7,,7,,5667,,525,,52,,2222,,2222,,5556,,7222,,7222,,7778,,3478,,3373,,6195,,6351,,608,,6233
46,"machu_picchu",,6,,6,,7,,7333,,775,,78,,12,,2,,4,,44,,64,,68,,2,,3,,5091,,55,,7011,,7266
47,"marble_arch_london",,4,,5,,25,,2333,,175,,18,,1667,,4167,,4167,,5,,5,,5,,2353,,4545,,3125,,3182,,2593,,2647
48,"milan_cathedral",1,0,1,0,,95,,8333,,875,,88,,16,,28,,44,,52,,6,,6,,2759,,4375,,6014,,6404,,7119,,7135
49,"mole_antonelliana",,4,,6,,7,,6333,,575,,62,,08,,12,,28,,4,,4,,44,,1333,,2,,4,,4903,,4718,,5147
50,"mont_saint_michel",,8,,9,,95,,8667,,875,,9,,12,,24,,56,,68,,72,,8,,2087,,3789,,7046,,7621,,79,,8471
51,"moulin_rouge",,2,,1,,1,,1,,1,,14,,125,,125,,25,,25,,375,,625,,1538,,1111,,1429,,1429,,1579,,2288
52,"nelson_s_column",1,0,1,0,1,0,,9667,,875,,9,,2083,,2917,,4583,,5417,,5833,,625,,3448,,4516,,6286,,6943,,7,,7377
53,"notre_dame_de_paris",,8,,9,,95,,9,,875,,9,,16,,24,,52,,68,,68,,76,,2667,,3789,,6721,,7747,,7653,,8241
54,"obelisco",,2,,4,,3,,2333,,275,,24,,0909,,3636,,4545,,4545,,6364,,6364,,125,,381,,3614,,3084,,384,,3485
55,"piccadilly_circus",,8,,9,,8,,8,,75,,76,,1739,,3043,,4783,,5652,,6087,,7391,,2857,,4549,,5986,,6624,,672,,7494
56,"place_de_la_concorde",1,0,1,0,1,0,1,0,1,0,,98,,2,,28,,48,,64,,76,,84,,3333,,4375,,6486,,7805,,8636,,9046
57,"place_de_la_republique",,2,,1,,1,,1667,,15,,14,,125,,125,,125,,375,,375,,375,,1538,,1111,,1111,,2308,,2143,,2039
58,"place_des_vosges",,6,,8,,75,,7333,,675,,72,,08,,2,,28,,44,,48,,56,,1412,,32,,4078,,55,,561,,63
59,"pont_du_gard",,8,,8,,85,,8,,75,,72,,16,,28,,44,,52,,64,,68,,2667,,4148,,5798,,6303,,6906,,6994
60,"pont_neuf",,8,,8,,75,,7333,,75,,72,,16,,24,,44,,6,,64,,72,,2667,,3692,,5546,,66,,6906,,72
61,"ponte_vecchio",,6,,7,,6,,7,,65,,68,,125,,2917,,375,,5417,,5833,,625,,2069,,4118,,4615,,6107,,6149,,6513
62,"puerta_de_alcala",,4,,7,,55,,6,,575,,48,,1053,,2632,,3684,,5263,,5789,,5789,,1667,,3825,,4413,,5607,,577,,5249
63,"puerta_del_sol",,6,,6,,45,,4,,375,,36,,15,,25,,35,,5,,55,,65,,24,,3529,,3937,,4444,,4459,,4634
64,"red_fort",1,0,1,0,1,0,1,0,1,0,1,0,,12,,28,,52,,64,,72,,8,,2143,,4375,,6842,,7805,,8372,,8889
65,"reims_cathedral",1,0,,9,,95,,9667,,95,,9,,12,,24,,4,,56,,64,,68,,2143,,3789,,563,,7092,,7648,,7747
66,"rialto_bridge",,8,,6,,6,,5,,45,,44,,125,,1875,,4375,,5,,625,,6875,,2162,,2857,,506,,5,,5233,,5366
67,"roman_forum_rome",,8,,8,,8,,7667,,725,,74,,12,,24,,44,,56,,68,,8,,2087,,3692,,5677,,6472,,7018,,7688
68,"sacre_coeur",,4,,6,,5,,5667,,575,,56,,0833,,25,,3333,,4167,,5417,,625,,1379,,3529,,4,,4802,,5578,,5907
69,"sagrada_familia",1,0,,9,,95,,9333,,95,,94,,16,,24,,4,,6,,64,,72,,2759,,3789,,563,,7304,,7648,,8154
70,"santa_maria_novella",,4,,6,,5,,5333,,575,,56,,08,,24,,28,,4,,48,,52,,1333,,3429,,359,,4571,,5232,,5393
71,"schonbrunn_palace",1,0,,9,,95,,9667,,95,,96,,2,,28,,44,,64,,68,,76,,3333,,4271,,6014,,7701,,7926,,8484
72,"seville_cathedral",1,0,,9,,95,,9333,,95,,96,,16,,32,,48,,6,,64,,68,,2759,,4721,,6378,,7304,,7648,,7961
73,"spanish_steps",,8,,8,,65,,6667,,65,,68,,0909,,2273,,2727,,3636,,4545,,6364,,1633,,354,,3842,,4706,,535,,6575
74,"st__basil_cathedral",,8,,9,,9,,9,,925,,94,,16,,28,,52,,64,,68,,76,,2667,,4271,,6592,,7481,,7838,,8405
75,"statue_of_liberty",1,0,,8,,8,,7667,,75,,76,,2,,32,,56,,68,,72,,8,,3333,,4571,,6588,,7207,,7347,,7795
76,"stonehenge",,6,,4,,4,,4333,,45,,52,,1579,,1579,,3158,,4211,,4737,,5789,,25,,2264,,3529,,4271,,4615,,5479
77,"summer_palace_beijing",1,0,1,0,,95,,8667,,8,,8,,16,,32,,56,,6,,64,,76,,2759,,4848,,7046,,7091,,7111,,7795
78,"sydney_opera_house",1,0,1,0,1,0,1,0,,975,,94,,2,,32,,4,,56,,64,,68,,3333,,4848,,5714,,7179,,7728,,7891
79,"teotihuacan",,8,,7,,75,,7667,,8,,82,,12,,24,,4,,48,,56,,6,,2087,,3574,,5217,,5904,,6588,,693
80,"terracotta_army",,8,,7,,8,,8,,725,,66,,2,,35,,6,,7,,7,,75,,32,,4667,,6857,,7467,,7123,,7021
81,"the_blue_mosque",1,0,1,0,,9,,9333,,925,,9,,16,,28,,48,,48,,52,,56,,2759,,4375,,6261,,634,,6657,,6904
82,"the_henry_ford",,8,,7,,6,,5667,,6,,64,,12,,24,,32,,48,,56,,56,,2087,,3574,,4174,,5197,,5793,,5973
83,"taj_mahal",,8,,8,,9,,8333,,825,,84,,16,,32,,56,,68,,68,,76,,2667,,4571,,6904,,7489,,7455,,798
84,"tour_montparnasse",,4,,3,,55,,4,,375,,4,,1,,15,,4,,45,,45,,55,,16,,2,,4632,,4235,,4091,,4632
85,"tower_bridge_london",,4,,5,,4,,4,,4,,42,,08,,16,,24,,32,,4,,48,,1333,,2424,,3,,3556,,4,,448
86,"trafalgar_square",,8,,6,,5,,4667,,525,,48,,1364,,2273,,2727,,3636,,4091,,4545,,233,,3297,,3529,,4088,,4599,,4669
87,"leaning_tower_of_pisa",,8,,7,,75,,6667,,7,,7,,16,,24,,4,,4,,52,,52,,2667,,3574,,5217,,5,,5967,,5967
88,"hermitage_museum_saint_petersburg",,8,,8,,85,,8333,,825,,84,,12,,24,,44,,6,,64,,72,,2087,,3692,,5798,,6977,,7208,,7754
89,"jantar_mantar_jaipur",1,0,,8,,9,,9,,875,,84,,16,,24,,48,,68,,8,,84,,2759,,3692,,6261,,7747,,8358,,84
90,"lake_titicaca_peru",,6,,7,,55,,5,,525,,6,,125,,25,,3333,,4167,,5,,7917,,2069,,3684,,4151,,4545,,5122,,6826
91,"the_great_wall_of_china",,8,,9,,85,,7333,,725,,76,,12,,24,,36,,52,,6,,64,,2087,,3789,,5058,,6085,,6566,,6949
92,"grande_arche_paris",,8,,7,,55,,5333,,525,,52,,12,,16,,24,,36,,44,,56,,2087,,2605,,3342,,4299,,4788,,5393
93,"el_angel_mexico",,4,,3,,4,,4667,,475,,46,,0952,,1429,,2857,,5238,,5714,,6667,,1538,,1935,,3333,,4936,,5188,,5444
94,"bibliotheque_nationale_de_france",1,0,,9,,9,,8667,,85,,82,,16,,32,,56,,68,,76,,76,,2759,,4721,,6904,,7621,,8025,,7889
95,"kronborg_castle",,6,,8,,8,,8333,,825,,84,,125,,1667,,375,,4583,,625,,6667,,2069,,2759,,5106,,5914,,7112,,7434
96,"ajanta_caves",,8,,8,,85,,8667,,85,,88,,1364,,3182,,3636,,4545,,4545,,7273,,233,,4553,,5094,,5963,,5923,,7964
97,"atomium",,8,,9,,8,,8,,85,,86,,1905,,2857,,381,,4762,,5714,,619,,3077,,4337,,5161,,597,,6834,,7199
98,"ellora_caves",1,0,1,0,,95,,9,,9,,92,,2273,,3182,,4545,,5455,,5909,,6818,,3704,,4828,,6149,,6792,,7134,,7832
99,"potala_palace",1,0,,9,,9,,9,,85,,84,,2222,,3889,,5556,,6111,,6667,,6667,,3636,,5431,,687,,7279,,7473,,7434
100,"jokhang",,6,,8,,8,,7333,,775,,8,,12,,28,,52,,64,,76,,8,,2,,4148,,6303,,6835,,7674,,8
101,"rila_monastery",,8,,8,,85,,8667,,9,,88,,12,,2,,44,,44,,44,,52,,2087,,32,,5798,,5837,,591,,6537
102,"louvre_pyramid",,6,,6,,7,,7667,,75,,8,,1667,,2222,,3889,,5,,5,,5556,,2609,,3243,,5,,6053,,6,,6557
103,"brooklyn_bridge",1,0,1,0,,9,,8333,,8,,8,,1429,,3333,,4762,,5238,,619,,7619,,25,,5,,6228,,6433,,698,,7805
104,"tower_of_london",,8,,7,,7,,7,,675,,66,,1739,,2609,,3478,,3913,,4783,,5652,,2857,,3801,,4647,,502,,5598,,6089
105,"british_museum_london",,8,,8,,9,,9333,,95,,96,,15,,3,,45,,6,,65,,75,,2526,,4364,,6,,7304,,7719,,8421
106,"buckingham_palace",,4,,5,,5,,5667,,475,,5,,1,,2,,3,,45,,55,,55,,16,,2857,,375,,5016,,5098,,5238
107,"charles_bridge_prague",,8,,6,,5,,5333,,6,,62,,1667,,1667,,2917,,375,,4167,,4167,,2759,,2609,,3684,,4404,,4918,,4984
108,"champs_elysees_paris",,8,,6,,55,,4333,,425,,44,,2667,,3333,,4667,,5333,,6,,6,,4,,4286,,5049,,4782,,4976,,5077
109,"chrysler_building",1,0,1,0,1,0,,9667,,975,,98,,2143,,3571,,6429,,6429,,7857,,8571,,3529,,5263,,7826,,7722,,8702,,9145
110,"moma_new_york",1,0,1,0,,85,,8667,,875,,84,,2105,,2632,,3158,,4737,,6316,,6842,,3478,,4167,,4605,,6126,,7336,,7541
111,"grand_central_terminal",1,0,1,0,1,0,,9333,,875,,88,,1905,,3333,,4286,,4762,,5714,,619,,32,,5,,6,,6306,,6914,,7268
112,"houses_of_parliament",1,0,1,0,,95,,9333,,925,,92,,1739,,3478,,4348,,5217,,5217,,5652,,2963,,5161,,5965,,6693,,6672,,7002
113,"alexanderplatz_berlin",,6,,6,,6,,6333,,65,,68,,12,,2,,28,,44,,52,,6,,2,,3,,3818,,5193,,5778,,6375
114,"centre_pompidou",,6,,7,,7,,6667,,675,,68,,1667,,2778,,4444,,6111,,6111,,6111,,2609,,3977,,5437,,6377,,6415,,6437
115,"sydney_harbour_bridge",1,0,1,0,1,0,,9667,,925,,92,,3125,,375,,5,,6875,,6875,,75,,4762,,5455,,6667,,8035,,7888,,8263
116,"pier_39",,6,,8,,9,,8333,,85,,82,,1429,,2857,,4762,,5238,,619,,7143,,2308,,4211,,6228,,6433,,7164,,7635
117,"coit_tower",,6,,7,,6,,5333,,575,,56,,0667,,2,,2667,,4,,4,,4667,,12,,3111,,3692,,4571,,4718,,5091
118,"st_paul_s_cathedral_london",,6,,7,,75,,8,,75,,7,,1176,,2941,,4706,,5882,,7059,,7059,,1967,,4142,,5783,,678,,7273,,7029
119,"cloud_gate",,4,,5,,7,,7333,,75,,74,,1667,,25,,5,,6667,,6667,,6667,,2353,,3333,,5833,,6984,,7059,,7014
120,"musee_d_orsay",,8,,9,,95,,9333,,95,,94,,1429,,1905,,2381,,381,,5714,,5714,,2424,,3144,,3808,,5411,,7136,,7108
121,"pike_place_market",1,0,,9,,85,,8,,8,,82,,2381,,3333,,5714,,5714,,6667,,7619,,3846,,4865,,6834,,6667,,7273,,7899
122,"royal_palace_madrid",,6,,6,,6,,7,,725,,78,,1364,,2727,,5,,6364,,7273,,8636,,2222,,375,,5455,,6667,,7261,,8197
123,"sony_center_berlin",,6,,8,,85,,9,,875,,9,,1429,,2381,,3333,,4286,,5238,,5714,,2308,,367,,4789,,5806,,6553,,699
124,"red_square_moscow",,4,,5,,5,,5,,525,,56,,0476,,1905,,381,,4286,,4762,,5714,,0851,,2759,,4324,,4615,,4994,,5657
125,"prague_castle",,8,,9,,95,,8667,,8,,8,,12,,28,,56,,64,,68,,68,,2087,,4271,,7046,,7363,,7351,,7351
126,"musee_du_louvre",1,0,1,0,1,0,,9667,,975,,96,,16,,24,,48,,56,,6,,72,,2759,,3871,,6486,,7092,,7429,,8229
127,"millennium_bridge_london",1,0,,9,,85,,8667,,85,,8,,2,,32,,4,,48,,6,,68,,3333,,4721,,544,,6178,,7034,,7351
128,"casa_mila",1,0,1,0,1,0,1,0,,95,,94,,16,,24,,44,,56,,6,,64,,2759,,3871,,6111,,7179,,7355,,7615
129,"national_gallery_london",1,0,,7,,75,,7,,575,,62,,1818,,2727,,4091,,4545,,4545,,5455,,3077,,3925,,5294,,5512,,5077,,5803
130,"national_mall",,4,,5,,55,,5667,,65,,64,,08,,2,,32,,44,,56,,68,,1333,,2857,,4046,,4954,,6017,,6594
131,"london_city_hall",,4,,5,,45,,5333,,6,,58,,1,,15,,25,,45,,5,,6,,16,,2308,,3214,,4881,,5455,,5898
132,"holocaust_memorial",,2,,4,,55,,5333,,55,,54,,0625,,1875,,5,,5,,5625,,5625,,0952,,2553,,5238,,5161,,5562,,551
133,"columbus_circle",,6,,5,,55,,5,,45,,48,,12,,2,,28,,4,,4,,52,,2,,2857,,3711,,4444,,4235,,4992
134,"siegessaeule",,8,,7,,55,,6333,,65,,66,,16,,24,,36,,44,,44,,56,,2667,,3574,,4352,,5193,,5248,,6059
135,"jardin_du_luxembourg",1,0,1,0,,9,,9,,875,,9,,2,,28,,36,,48,,6,,72,,3333,,4375,,5143,,6261,,7119,,8
136,"merlion_singapore",,6,,5,,45,,5333,,5,,5,,1364,,2273,,3636,,5455,,5909,,6818,,2222,,3125,,4022,,5393,,5417,,5769
137,"harrods_london",,8,,9,,8,,7,,725,,74,,12,,32,,36,,44,,56,,68,,2087,,4721,,4966,,5404,,6319,,7087
138,"metropolitan_museum_of_art_new_york",1,0,,9,,95,,9667,,925,,92,,2,,24,,48,,68,,8,,8,,3333,,3789,,6378,,7984,,858,,8558
139,"new_york_stock_exchange",,4,,4,,4,,4,,45,,42,,1,,15,,3,,45,,6,,7,,16,,2182,,3429,,4235,,5143,,525
140,"stephansdom_vienna",1,0,1,0,1,0,,9333,,95,,94,,2,,36,,56,,64,,68,,68,,3333,,5294,,7179,,7593,,7926,,7891
141,"hms_belfast",1,0,,9,,85,,9,,875,,9,,2,,28,,44,,6,,64,,72,,3333,,4271,,5798,,72,,7393,,8
142,"leicester_square",,8,,8,,8,,7667,,8,,8,,16,,24,,4,,48,,52,,6,,2667,,3692,,5333,,5904,,6303,,6857
143,"ciudad_de_las_artes_y_las_ciencias",,8,,9,,95,,9333,,95,,92,,16,,32,,56,,72,,76,,76,,2667,,4721,,7046,,8129,,8444,,8324
144,"topkapi_palace",1,0,1,0,,95,,9667,,975,,96,,2,,24,,44,,56,,64,,72,,3333,,3871,,6014,,7092,,7728,,8229
145,"royal_albert_hall",,4,,7,,75,,7333,,775,,8,,08,,24,,36,,48,,6,,6,,1333,,3574,,4865,,5802,,6764,,6857
146,"st_vitus_cathedral",,6,,7,,85,,9,,925,,92,,12,,24,,4,,44,,52,,68,,2,,3574,,544,,591,,6657,,782
147,"castello_sforzesco",,8,,8,,85,,8667,,9,,9,,16,,24,,48,,52,,56,,64,,2667,,3692,,6135,,65,,6904,,7481
148,"rijksmuseum_amsterdam",1,0,1,0,1,0,1,0,1,0,1,0,,2,,36,,6,,68,,76,,76,,3333,,5294,,75,,8095,,8636,,8636
149,"dam_square",1,0,,8,,65,,5667,,6,,64,,2,,32,,44,,56,,56,,68,,3333,,4571,,5248,,5633,,5793,,6594
150,"rathaus_vienna",,8,,9,,8,,7,,625,,64,,12,,28,,44,,56,,56,,6,,2087,,4271,,5677,,6222,,5907,,6194
151,"bath_abbey",1,0,1,0,,95,,9,,925,,92,,16,,24,,44,,6,,8,,8,,2759,,3871,,6014,,72,,858,,8558
152,"salisbury_cathedral",,8,,9,,95,,9333,,95,,94,,16,,28,,4,,44,,48,,64,,2667,,4271,,563,,5981,,6378,,7615
153,"templo_de_debod",,4,,6,,55,,4667,,475,,5,,0455,,2273,,3636,,4091,,4545,,5,,0816,,3297,,4378,,436,,4645,,5
154,"Niagara_Falls",1,0,,9,,75,,7,,65,,6,,2273,,2727,,5,,5909,,5909,,6364,,3704,,4186,,6,,6408,,619,,6176
155,"Golden_Gate_Bridge_in_San_Francisco",1,0,1,0,1,0,,9333,,95,,96,,1818,,3182,,5455,,6364,,6818,,8182,,3077,,4828,,7059,,7568,,7939,,8834
156,"Neuschwanstein_Castle",1,0,1,0,1,0,,9333,,95,,94,,12,,24,,36,,48,,52,,56,,2143,,3871,,5294,,634,,6721,,7019
157,"Christ_Church_Cathedral_Missouri",,8,,9,,9,,7667,,75,,76,,16,,36,,52,,6,,6,,64,,2667,,5143,,6592,,6732,,6667,,6949
158,"Mount_Rushmore_in_South_Dakota",,8,,8,,7,,7667,,825,,84,,12,,2,,32,,52,,6,,68,,2087,,32,,4392,,6197,,6947,,7516
159,"Puerta_de_Toledo",,0,,0,,0,,0,,0,,0,,0,,0,,0,,0,,0,,0,,0,,0,,0,,0,,0,,0
160,"Urquhart_Castle",,8,,9,,9,,9,,9,,9,,125,,25,,4583,,5833,,6667,,75,,2162,,3913,,6074,,7079,,766,,8182
161,"Gare_du_Nord_Paris",,6,,7,,75,,8,,8,,78,,12,,2,,4,,52,,6,,64,,2,,3111,,5217,,6303,,6857,,7031
162,"Newgrange_in_Ireland",,6,,6,,55,,5667,,575,,56,,125,,2083,,375,,375,,4583,,5,,2069,,3093,,4459,,4513,,5101,,5283
163,"Windmills_at_Kinderdijk",,8,,9,,95,,9667,,925,,92,,12,,2,,44,,52,,68,,72,,2087,,3273,,6014,,6762,,7838,,8078
164,"Conciergerie",1,0,1,0,1,0,1,0,,95,,94,,2,,32,,52,,6,,68,,72,,3333,,4848,,6842,,75,,7926,,8154
165,"Palazzo_Madama",,2,,5,,65,,6333,,6,,58,,0455,,1364,,3182,,5,,6818,,7727,,0741,,2143,,4272,,5588,,6383,,6626
166,"Split_Rock_Lighthouse",,8,,7,,8,,7,,675,,66,,16,,2,,4,,44,,48,,52,,2667,,3111,,5333,,5404,,561,,5817
167,"The_Little_Mermaid_Denmark",,8,,7,,55,,4333,,35,,36,,2857,,3571,,4286,,5,,5,,6429,,4211,,473,,4818,,4643,,4118,,4615
168,"Great_Pyramid_of_Giza",,6,,7,,6,,6333,,625,,66,,2,,2667,,4,,4667,,5333,,6,,3,,3862,,48,,5374,,5755,,6286
169,"Pitti_Palace",1,0,,9,,8,,7667,,725,,72,,2273,,3636,,4545,,5,,5455,,5455,,3704,,518,,5797,,6053,,6225,,6207
170,"Georgia_State_Capitol",,4,,3,,25,,2667,,225,,2,,1053,,1579,,1579,,2105,,2105,,2105,,1667,,2069,,1935,,2353,,2175,,2051
171,"Dome_des_Invalides",1,0,1,0,,95,,9667,,95,,94,,12,,24,,4,,56,,64,,68,,2143,,3871,,563,,7092,,7648,,7891
172,"Reggia_di_Caserta",,4,,6,,7,,7667,,75,,74,,08,,24,,4,,48,,56,,64,,1333,,3429,,5091,,5904,,6412,,6864
173,"The_Burj_al_Arab_Hotel",,8,,9,,9,,8667,,8,,82,,16,,28,,44,,56,,6,,68,,2667,,4271,,591,,6804,,6857,,7435
174,"Elephanta_Caves",,6,,7,,75,,7,,775,,78,,125,,25,,5,,5417,,6667,,6667,,2069,,3684,,6,,6107,,7168,,7189
175,"Basilica_of_Santa_Croce",1,0,1,0,1,0,1,0,1,0,,98,,2,,28,,52,,68,,76,,88,,3333,,4375,,6842,,8095,,8636,,9273
176,"Aachen_Cathedral",1,0,1,0,,9,,9333,,925,,92,,16,,36,,36,,52,,56,,64,,2759,,5294,,5143,,6679,,6976,,7549
177,"Monument_to_the_Great_Fire_of_London",,4,,4,,45,,5,,575,,54,,08,,12,,32,,44,,6,,68,,1333,,1846,,374,,4681,,5872,,602
178,"Longmen_Grottoes",,8,,5,,65,,6333,,675,,62,,16,,16,,4,,52,,56,,68,,2667,,2424,,4952,,5711,,6121,,6486
179,"Louisiana_State_Capitol",,6,,5,,4,,4,,375,,36,,12,,2,,24,,28,,36,,44,,2,,2857,,3,,3294,,3673,,396
180,"The_Great_Sphinx_at_Giza",,8,,7,,7,,6667,,65,,66,,12,,2,,4,,44,,48,,6,,2087,,3111,,5091,,5301,,5522,,6286
181,"Teatro_Real_Madrid",,8,,6,,55,,5667,,625,,6,,1304,,2174,,3478,,4348,,6522,,7391,,2243,,3191,,4262,,492,,6383,,6623
182,"Palacio_de_la_Magdalena",,6,,7,,65,,7,,7,,7,,12,,24,,44,,52,,56,,64,,2,,3574,,5248,,5967,,6222,,6687
183,"Sowjetisches_Ehrenmal",,6,,7,,65,,6333,,6,,58,,12,,24,,4,,52,,56,,64,,2,,3574,,4952,,5711,,5793,,6085
184,"Cathedral_of_Trier",1,0,,9,,8,,8333,,825,,8,,2,,28,,4,,52,,64,,68,,3333,,4271,,5333,,6404,,7208,,7351
185,"Saint_Mary_of_the_Flower",,2,,4,,45,,3667,,35,,32,,04,,12,,2,,24,,32,,36,,0667,,1846,,2769,,2901,,3343,,3388
186,"Skellig_Michael",,6,,7,,65,,6333,,7,,66,,12,,28,,4,,48,,64,,68,,2,,4,,4952,,5461,,6687,,6699
187,"Chicago_Board_of_Trade_Building",,6,,5,,6,,7,,675,,66,,1364,,2273,,3636,,4545,,4545,,5909,,2222,,3125,,4528,,5512,,5433,,6235
188,"Pont_de_Normandie_France",1,0,,8,,75,,6667,,625,,68,,2632,,3684,,5789,,6316,,6842,,7895,,4167,,5045,,6535,,6486,,6533,,7307
189,"Palazzo_Rosso",,0,,0,,0,,0667,,05,,06,,0,,0,,0,,0833,,0833,,125,,0,,0,,0,,0741,,0625,,0811
190,"Piazza_Vittorio_Veneto",,4,,2,,3,,2667,,275,,24,,125,,125,,375,,375,,4375,,4375,,1905,,1538,,3333,,3117,,3377,,31
191,"Sforza_Castle",1,0,1,0,,95,,9667,,975,,94,,2,,4,,48,,56,,6,,64,,3333,,5714,,6378,,7092,,7429,,7615
192,"Torres_KIO",,8,,8,,85,,9,,875,,8,,16,,32,,52,,56,,72,,72,,2667,,4571,,6453,,6904,,79,,7579
193,"Torre_Picasso",,8,,8,,8,,8,,8,,82,,125,,25,,4167,,5417,,625,,7083,,2162,,381,,5479,,646,,7018,,7601
194,"The_Palace_of_Parliament_in_Bucharest",,8,,9,,8,,8667,,85,,82,,16,,32,,36,,48,,56,,68,,2667,,4721,,4966,,6178,,6752,,7435
195,"Ernest_Hemingway_House",,8,,7,,55,,6,,6,,64,,12,,24,,32,,52,,6,,64,,2087,,3574,,4046,,5571,,6,,64
196,"Castel_dellOvo_Napoli",,6,,6,,7,,7333,,775,,76,,12,,2,,44,,6,,64,,68,,2,,3,,5404,,66,,7011,,7178
197,"Villa_Borghese_gardens",1,0,1,0,1,0,,9667,,95,,94,,2,,4,,52,,64,,72,,8,,3333,,5714,,6842,,7701,,8192,,8644
198,"Saint_Marks_Basilica",,6,,8,,9,,9,,9,,92,,12,,24,,4,,52,,64,,64,,2,,3692,,5538,,6592,,7481,,7549
199,"Mausoleum_of_the_First_Qin_Emperor",1,0,1,0,,95,,9333,,9,,9,,12,,24,,44,,64,,8,,84,,2143,,3871,,6014,,7593,,8471,,869
200,"Mausoleum_of_Hadrian",,8,,6,,65,,6333,,625,,62,,2222,,2778,,5,,5556,,6111,,6667,,3478,,3797,,5652,,5919,,618,,6425
201,"Piazza_de_Ferrari",,8,,9,,95,,9667,,925,,92,,2105,,4211,,5263,,6842,,7368,,7895,,3333,,5737,,6774,,8013,,8203,,8498
202,"George_Washington_Carver",,8,,6,,6,,5667,,55,,54,,25,,3125,,4375,,5,,5625,,625,,381,,411,,506,,5312,,5562,,5794
203,"Cathedral_of_Santiago_de_Compostela",1,0,,9,,75,,7667,,725,,7,,2353,,3529,,4706,,7059,,7647,,8235,,381,,507,,5783,,735,,7443,,7568
204,"Saint-Jacques_Tower",,6,,8,,75,,7667,,775,,78,,1538,,3077,,5385,,5385,,6154,,6154,,2449,,4444,,6269,,6326,,686,,688
205,"Calakmul_Campeche_Mexico",1,0,,9,,85,,7667,,775,,82,,2857,,2857,,4286,,5714,,6429,,7143,,4444,,4337,,5698,,6548,,7028,,7635
206,"Bran_Castle_in_Transylvania",,6,,7,,8,,8333,,8,,84,,1579,,3158,,4211,,5263,,5789,,5789,,25,,4352,,5517,,6452,,6718,,6855
207,"Mosteiro_da_Batalha",1,0,1,0,1,0,1,0,1,0,1,0,,2105,,3684,,4737,,5789,,6316,,6842,,3478,,5385,,6429,,7333,,7742,,8125
208,"Wartburg_Castle",1,0,,8,,9,,8333,,825,,84,,25,,35,,6,,6,,7,,75,,4,,487,,72,,6977,,7574,,7925
209,"Fujian_Tulou_Fujian_China",1,0,1,0,,9,,9333,,9,,84,,2778,,4444,,6111,,7222,,7778,,7778,,4348,,6154,,7279,,8143,,8344,,8077
210,"Alabama_State_Capitol",1,0,,9,,75,,6667,,675,,66,,2381,,3333,,4762,,5714,,5714,,619,,3846,,4865,,5825,,6154,,6189,,6389
211,"Palazzo_dAccursio",,6,,4,,4,,4,,375,,36,,1667,,2222,,3333,,3889,,5,,6111,,2609,,2857,,3636,,3944,,4286,,4531
212,"Casa_Grande_Ruins",,6,,7,,7,,7667,,775,,74,,1765,,3529,,4118,,5294,,6471,,6471,,2727,,4693,,5185,,6263,,7053,,6904
213,"Stravinsky_Fountain",,6,,8,,75,,7333,,75,,8,,1333,,2667,,4667,,5333,,5333,,6,,2182,,4,,5753,,6175,,6234,,6857
214,"Angel_Falls_Venezuela",,2,,4,,3,,4,,425,,48,,0588,,2353,,3529,,4706,,6471,,7059,,0909,,2963,,3243,,4324,,513,,5714
215,"Statue_of_George_IV",,6,,4,,25,,2333,,2,,26,,25,,25,,25,,25,,375,,5,,3529,,3077,,25,,2414,,2609,,3421
216,"Palacio_Barolo",1,0,1,0,,9,,9,,9,,92,,2941,,4706,,5294,,6471,,7059,,7647,,4545,,64,,6667,,7529,,7912,,8352
217,"Bridge_of_Remembrance_Christchurch_New_Zealand",,2,,5,,55,,5,,525,,48,,0833,,3333,,5833,,5833,,75,,75,,1176,,4,,5662,,5385,,6176,,5854
218,"John_A._Roebling_Suspension_Bridge",,4,,5,,65,,6333,,6,,58,,1333,,3333,,6667,,7333,,8,,8,,2,,4,,6582,,6797,,6857,,6725
219,"Blue_Dome_Santorini",,8,,9,,85,,8667,,8,,84,,25,,375,,625,,75,,75,,8125,,381,,5294,,7203,,8041,,7742,,826
220,"Fossar_de_les_Moreres",,4,,4,,35,,3667,,4,,36,,1429,,2857,,3571,,5,,6429,,6429,,2105,,3333,,3535,,4231,,4932,,4615
221,"Luxor_Obelisk_France",,8,,7,,65,,6667,,725,,72,,1875,,25,,25,,25,,3125,,4375,,3038,,3684,,3611,,3636,,4367,,5443
222,"Valle_de_los_Caidos",1,0,,9,,8,,8333,,825,,86,,2,,3,,45,,55,,6,,8,,3333,,45,,576,,6627,,6947,,8289
--------------------
"--","Avg.",P@5,P@10,P@20,P@30,P@40,P@50,CR@5,CR@10,CR@20,CR@30,CR@40,CR@50,F1@5,F1@10,F1@20,F1@30,F1@40,F1@50
,,,7468,,7518,,7435,,7357,,7287,,7292,,1511,,2634,,4206,,5252,,5955,,6598,,2489,,3856,,5303,,6046,,6455,,6821