--------------------
"Run name","output_runLUMSumSquaredError"
--------------------
"Average P@20 = ",,6948
"Average CR@20 = ",,3839
"Average F1@20 = ",,4852
--------------------
"Query Id ","Location name",P@5,P@10,P@20,P@30,P@40,P@50,CR@5,CR@10,CR@20,CR@30,CR@40,CR@50,F1@5,F1@10,F1@20,F1@30,F1@40,F1@50
1,"angel_of_the_north",1,0,1,0,1,0,,9667,,925,,9,,16,,24,,56,,72,,8,,8,,2759,,3871,,7179,,8253,,858,,8471
2,"big_ben",1,0,1,0,1,0,1,0,,975,,96,,1818,,3182,,5,,5909,,6818,,7273,,3077,,4828,,6667,,7429,,8025,,8276
3,"hearst_castle",1,0,1,0,,85,,8667,,9,,9,,1667,,3333,,5833,,6667,,7083,,7917,,2857,,5,,6919,,7536,,7927,,8424
4,"la_madeleine",,6,,4,,45,,3,,3,,3,,2143,,2143,,4286,,4286,,5,,5,,3158,,2791,,439,,3529,,375,,375
5,"pont_alexandre_iii",,8,,8,,85,,8,,775,,82,,16,,24,,4,,48,,6,,64,,2667,,3692,,544,,6,,6764,,7189
6,"neues_museum",,8,,9,,7,,6667,,7,,74,,16,,28,,44,,56,,64,,8,,2667,,4271,,5404,,6087,,6687,,7688
7,"montezuma_castle",1,0,,7,,75,,7,,7,,72,,3333,,5,,5833,,5833,,75,,75,,5,,5833,,6562,,6364,,7241,,7347
8,"cn_tower",,8,,8,,65,,6667,,65,,64,,1667,,2083,,3333,,4167,,4583,,5,,2759,,3306,,4407,,5128,,5376,,5614
9,"acropolis_athens",,6,,7,,75,,8,,8,,76,,1429,,3333,,4286,,4762,,5714,,619,,2308,,4516,,5455,,597,,6667,,6823
10,"agra_fort",,8,,8,,8,,8,,825,,84,,16,,24,,44,,56,,6,,68,,2667,,3692,,5677,,6588,,6947,,7516
11,"albert_memorial",1,0,,9,,8,,7333,,775,,78,,1818,,2727,,3182,,5,,5909,,5909,,3077,,4186,,4553,,5946,,6705,,6724
12,"altes_museum",1,0,1,0,,85,,8,,825,,8,,125,,2917,,4583,,5833,,75,,75,,2222,,4516,,5955,,6747,,7857,,7742
13,"amiens_cathedral",1,0,1,0,1,0,1,0,1,0,1,0,,12,,2,,4,,52,,64,,72,,2143,,3333,,5714,,6842,,7805,,8372
14,"angkor_wat",,4,,4,,45,,5667,,65,,68,,08,,16,,24,,4,,48,,52,,1333,,2286,,313,,469,,5522,,5893
15,"ara_pacis",,2,,3,,45,,5667,,625,,6,,0455,,1364,,2727,,4091,,5,,5909,,0741,,1875,,3396,,4752,,5556,,5954
16,"arc_de_triomphe",,4,,4,,4,,4667,,5,,5,,0833,,125,,2917,,4583,,5417,,5417,,1379,,1905,,3373,,4625,,52,,52
17,"aztec_ruins",,8,,7,,45,,3667,,35,,3,,16,,28,,32,,36,,4,,44,,2667,,4,,374,,3633,,3733,,3568
18,"berlin_cathedral",,8,,8,,9,,9,,9,,9,,16,,28,,56,,64,,72,,76,,2667,,4148,,6904,,7481,,8,,8241
19,"bok_tower_gardens",1,0,1,0,,95,,9667,,925,,92,,08,,16,,32,,52,,56,,68,,1481,,2759,,4787,,6762,,6976,,782
20,"brandenburg_gate",1,0,1,0,,9,,8,,775,,82,,16,,32,,48,,48,,56,,64,,2759,,4848,,6261,,6,,6502,,7189
21,"cabrillo",,2,,2,,15,,1,,075,,08,,0769,,1538,,2308,,2308,,2308,,3077,,1111,,1739,,1818,,1395,,1132,,127
22,"casa_batllo",1,0,,9,,9,,9333,,925,,94,,2,,28,,4,,6,,68,,76,,3333,,4271,,5538,,7304,,7838,,8405
23,"casa_rosada",,8,,8,,8,,8333,,775,,78,,12,,24,,36,,56,,56,,56,,2087,,3692,,4966,,6699,,6502,,6519
24,"castillo_de_san_marcos",,6,,8,,8,,8,,8,,8,,12,,24,,48,,56,,6,,64,,2,,3692,,6,,6588,,6857,,7111
25,"chartres_cathedral",1,0,1,0,1,0,1,0,,975,,96,,16,,24,,52,,6,,76,,8,,2759,,3871,,6842,,75,,8542,,8727
26,"chichen_itza",1,0,1,0,,95,,9667,,925,,94,,16,,24,,4,,44,,6,,64,,2759,,3871,,563,,6047,,7279,,7615
27,"christ_the_redeemer_rio",,4,,5,,55,,5333,,475,,46,,087,,2174,,3043,,3913,,4348,,5652,,1429,,303,,3919,,4514,,454,,5072
28,"civic_center_san_francisco",,4,,4,,35,,2667,,2,,18,,08,,12,,16,,16,,16,,2,,1333,,1846,,2196,,2,,1778,,1895
29,"cologne_cathedral",1,0,1,0,1,0,,9667,,975,,96,,12,,2,,48,,56,,68,,68,,2143,,3333,,6486,,7092,,8012,,7961
30,"colosseum",1,0,1,0,,85,,7667,,75,,74,,2,,36,,48,,52,,6,,64,,3333,,5294,,6135,,6197,,6667,,6864
31,"doge_s_palace",1,0,1,0,,9,,9333,,9,,86,,2,,28,,48,,56,,6,,68,,3333,,4375,,6261,,7,,72,,7595
32,"eiffel_tower",1,0,1,0,,95,,9333,,925,,94,,2,,28,,44,,52,,64,,68,,3333,,4375,,6014,,6679,,7565,,7891
33,"golden_gate_bridge",1,0,,9,,9,,9,,875,,78,,2174,,3043,,5652,,6087,,6957,,7391,,3571,,4549,,6944,,7262,,7751,,759
34,"grand_palais",,8,,9,,85,,9,,9,,9,,1364,,2727,,4091,,5455,,5455,,5455,,233,,4186,,5523,,6792,,6792,,6792
35,"guggenheim_museum_bilbao",1,0,,9,,95,,9667,,95,,92,,16,,28,,48,,6,,64,,72,,2759,,4271,,6378,,7404,,7648,,8078
36,"hagia_sophia_istanbul",1,0,1,0,1,0,,9333,,95,,94,,2,,28,,4,,48,,52,,6,,3333,,4375,,5714,,634,,6721,,7325
37,"hoover_dam",,6,,8,,75,,7667,,775,,8,,12,,24,,28,,36,,44,,52,,2,,3692,,4078,,4899,,5613,,6303
38,"humayun_tomb",,4,,6,,65,,7333,,75,,8,,08,,24,,4,,6,,64,,72,,1333,,3429,,4952,,66,,6906,,7579
39,"iguazu_falls",1,0,,9,,9,,8,,8,,82,,12,,28,,44,,56,,68,,72,,2143,,4271,,591,,6588,,7351,,7668
40,"iolani_palace",1,0,,9,,75,,7333,,75,,76,,12,,28,,4,,48,,64,,68,,2143,,4271,,5217,,5802,,6906,,7178
41,"la_mezquita",,6,,6,,6,,6333,,575,,6,,125,,2083,,25,,3333,,4167,,5,,2069,,3093,,3529,,4368,,4832,,5455
42,"la_rambla_barcelona",,8,,7,,75,,8333,,75,,78,,08,,12,,36,,48,,56,,64,,1455,,2049,,4865,,6091,,6412,,7031
43,"la_sainte_chapelle",1,0,1,0,,95,,9,,925,,92,,2,,36,,48,,6,,68,,76,,3333,,5294,,6378,,72,,7838,,8324
44,"liberty_memorial",,0,,0,,25,,3,,375,,44,,0,,0,,12,,24,,36,,44,,0,,0,,1622,,2667,,3673,,44
45,"lincoln_home",,0,,1,,15,,2333,,225,,24,,0,,0556,,1667,,3889,,5,,5,,0,,0714,,1579,,2917,,3103,,3243
46,"machu_picchu",,8,,8,,75,,6667,,725,,72,,16,,2,,28,,36,,48,,48,,2667,,32,,4078,,4675,,5776,,576
47,"marble_arch_london",,2,,3,,2,,2,,175,,2,,0833,,25,,3333,,4167,,4167,,5833,,1176,,2727,,25,,2703,,2465,,2979
48,"milan_cathedral",1,0,1,0,,95,,9667,,95,,96,,2,,32,,44,,52,,6,,76,,3333,,4848,,6014,,6762,,7355,,8484
49,"mole_antonelliana",,4,,5,,55,,5333,,55,,62,,08,,2,,4,,52,,56,,64,,1333,,2857,,4632,,5266,,555,,6298
50,"mont_saint_michel",1,0,1,0,1,0,,9667,,95,,92,,16,,24,,44,,56,,64,,76,,2759,,3871,,6111,,7092,,7648,,8324
51,"moulin_rouge",,0,,1,,15,,1333,,125,,1,,0,,125,,25,,25,,375,,375,,0,,1111,,1875,,1739,,1875,,1579
52,"nelson_s_column",,8,,7,,65,,6667,,725,,76,,1667,,1667,,3333,,5,,5833,,625,,2759,,2692,,4407,,5714,,6465,,6859
53,"notre_dame_de_paris",1,0,1,0,,8,,8,,825,,8,,16,,24,,4,,48,,6,,68,,2759,,3871,,5333,,6,,6947,,7351
54,"obelisco",,0,,1,,1,,1,,1,,08,,0,,0909,,0909,,1818,,2727,,2727,,0,,0952,,0952,,129,,1463,,1237
55,"piccadilly_circus",,6,,6,,55,,5333,,525,,54,,1304,,2174,,3043,,3913,,5652,,6957,,2143,,3191,,3919,,4514,,5444,,608
56,"place_de_la_concorde",1,0,1,0,,95,,9667,,95,,94,,16,,32,,48,,56,,56,,64,,2759,,4848,,6378,,7092,,7046,,7615
57,"place_de_la_republique",,2,,2,,15,,1333,,125,,14,,125,,25,,375,,5,,5,,625,,1538,,2222,,2143,,2105,,2,,2288
58,"place_des_vosges",1,0,,9,,9,,9,,9,,88,,16,,24,,44,,56,,64,,64,,2759,,3789,,591,,6904,,7481,,7411
59,"pont_du_gard",,6,,6,,55,,6333,,625,,62,,12,,2,,24,,48,,48,,56,,2,,3,,3342,,5461,,543,,5885
60,"pont_neuf",,8,,8,,8,,7667,,775,,74,,16,,28,,48,,64,,76,,8,,2667,,4148,,6,,6976,,7674,,7688
61,"ponte_vecchio",,8,,8,,7,,8,,75,,74,,125,,2083,,375,,5417,,5833,,625,,2162,,3306,,4884,,646,,6562,,6777
62,"puerta_de_alcala",,4,,4,,45,,4,,4,,4,,1053,,1579,,3158,,3684,,4211,,5263,,1667,,2264,,3711,,3836,,4103,,4545
63,"puerta_del_sol",,8,,7,,5,,5,,45,,44,,2,,3,,4,,45,,45,,5,,32,,42,,4444,,4737,,45,,4681
64,"red_fort",1,0,1,0,1,0,,9667,,95,,88,,16,,32,,52,,64,,72,,76,,2759,,4848,,6842,,7701,,8192,,8156
65,"reims_cathedral",,8,,7,,7,,7667,,8,,8,,16,,28,,44,,6,,72,,8,,2667,,4,,5404,,6732,,7579,,8
66,"rialto_bridge",,0,,1,,1,,1,,175,,22,,0,,0625,,125,,1875,,3125,,4375,,0,,0769,,1111,,1304,,2244,,2928
67,"roman_forum_rome",1,0,1,0,1,0,,9667,,95,,92,,16,,28,,48,,68,,76,,8,,2759,,4375,,6486,,7984,,8444,,8558
68,"sacre_coeur",,4,,5,,45,,5333,,45,,5,,0833,,1667,,2917,,375,,4167,,5417,,1379,,25,,3539,,4404,,4327,,52
69,"sagrada_familia",1,0,1,0,1,0,,9667,,975,,94,,2,,32,,52,,64,,72,,72,,3333,,4848,,6842,,7701,,8283,,8154
70,"santa_maria_novella",,6,,8,,65,,6,,6,,56,,08,,24,,36,,4,,48,,48,,1412,,3692,,4634,,48,,5333,,5169
71,"schonbrunn_palace",,6,,7,,7,,7,,725,,74,,12,,24,,36,,48,,56,,68,,2,,3574,,4755,,5695,,6319,,7087
72,"seville_cathedral",,8,,9,,95,,8667,,9,,9,,16,,32,,56,,64,,72,,8,,2667,,4721,,7046,,7363,,8,,8471
73,"spanish_steps",,8,,7,,7,,6333,,625,,6,,1818,,2273,,3636,,5455,,5909,,6364,,2963,,3431,,4786,,5861,,6075,,6176
74,"st__basil_cathedral",1,0,,9,,9,,8,,775,,76,,16,,2,,4,,44,,48,,68,,2759,,3273,,5538,,5677,,5928,,7178
75,"statue_of_liberty",,6,,4,,55,,6,,625,,66,,12,,16,,32,,48,,52,,6,,2,,2286,,4046,,5333,,5677,,6286
76,"stonehenge",,4,,6,,6,,5333,,6,,64,,1053,,2105,,4737,,5789,,5789,,5789,,1667,,3117,,5294,,5552,,5893,,6079
77,"summer_palace_beijing",,8,,7,,8,,7667,,8,,78,,16,,24,,52,,64,,68,,72,,2667,,3574,,6303,,6976,,7351,,7488
78,"sydney_opera_house",,8,,7,,75,,7333,,725,,76,,16,,28,,48,,52,,64,,68,,2667,,4,,5854,,6085,,6799,,7178
79,"teotihuacan",,8,,8,,85,,8333,,85,,86,,12,,28,,48,,56,,68,,76,,2087,,4148,,6135,,6699,,7556,,8069
80,"terracotta_army",,2,,4,,45,,5,,5,,58,,05,,15,,35,,4,,55,,6,,08,,2182,,3937,,4444,,5238,,5898
81,"the_blue_mosque",1,0,1,0,,9,,8,,825,,86,,16,,24,,4,,44,,6,,68,,2759,,3871,,5538,,5677,,6947,,7595
82,"the_henry_ford",,6,,7,,6,,6667,,625,,58,,12,,24,,32,,44,,48,,52,,2,,3574,,4174,,5301,,543,,5484
83,"taj_mahal",,8,,7,,75,,7333,,75,,76,,08,,2,,44,,52,,56,,6,,1455,,3111,,5546,,6085,,6412,,6706
84,"tour_montparnasse",,4,,2,,3,,3333,,375,,4,,1,,1,,2,,4,,5,,5,,16,,1333,,24,,3636,,4286,,4444
85,"tower_bridge_london",,6,,5,,55,,5667,,575,,58,,08,,12,,36,,44,,52,,6,,1412,,1935,,4352,,4954,,5461,,5898
86,"trafalgar_square",,8,,5,,5,,4,,35,,4,,1364,,1818,,3182,,3636,,3636,,4545,,233,,2667,,3889,,381,,3567,,4255
87,"leaning_tower_of_pisa",1,0,,9,,85,,8333,,8,,78,,2,,2,,44,,52,,52,,64,,3333,,3273,,5798,,6404,,6303,,7031
88,"hermitage_museum_saint_petersburg",,8,,6,,75,,7333,,775,,78,,12,,16,,36,,48,,52,,6,,2087,,2526,,4865,,5802,,6224,,6783
89,"jantar_mantar_jaipur",,4,,6,,65,,7,,7,,66,,08,,2,,4,,56,,72,,76,,1333,,3,,4952,,6222,,7099,,7065
90,"lake_titicaca_peru",,6,,4,,45,,4333,,475,,44,,0833,,125,,25,,3333,,5,,5,,1463,,1905,,3214,,3768,,4872,,4681
91,"the_great_wall_of_china",,8,,6,,7,,7333,,7,,68,,16,,24,,4,,44,,44,,48,,2667,,3429,,5091,,55,,5404,,5628
92,"grande_arche_paris",,4,,5,,7,,6,,575,,62,,04,,12,,28,,36,,44,,48,,0727,,1935,,4,,45,,4985,,5411
93,"el_angel_mexico",,0,,0,,25,,2,,225,,24,,0,,0,,1905,,2381,,3333,,4286,,0,,0,,2162,,2174,,2687,,3077
94,"bibliotheque_nationale_de_france",1,0,1,0,,9,,8667,,825,,82,,12,,2,,36,,4,,44,,48,,2143,,3333,,5143,,5474,,5739,,6055
95,"kronborg_castle",1,0,1,0,,9,,8667,,85,,8,,2083,,375,,4583,,5,,5833,,625,,3448,,5455,,6074,,6341,,6919,,7018
96,"ajanta_caves",,8,,8,,9,,9,,9,,92,,1818,,2273,,4545,,5909,,6364,,6818,,2963,,354,,604,,7134,,7456,,7832
97,"atomium",1,0,1,0,1,0,,9667,,95,,96,,1905,,2857,,4762,,5238,,6667,,7143,,32,,4444,,6452,,6794,,7835,,8191
98,"ellora_caves",1,0,1,0,,95,,9,,925,,94,,1818,,3636,,5,,5909,,5909,,6818,,3077,,5333,,6552,,7134,,7211,,7904
99,"potala_palace",,6,,7,,7,,7333,,8,,78,,1111,,1667,,2778,,4444,,5556,,6111,,1875,,2692,,3977,,5535,,6557,,6853
100,"jokhang",,6,,6,,6,,6667,,65,,64,,08,,2,,32,,52,,6,,64,,1412,,3,,4174,,5843,,624,,64
101,"rila_monastery",,6,,8,,9,,8333,,8,,82,,12,,24,,32,,44,,48,,48,,2,,3692,,4721,,5759,,6,,6055
102,"louvre_pyramid",1,0,,9,,9,,9333,,9,,88,,1667,,2778,,4444,,5556,,5556,,6111,,2857,,4245,,595,,6965,,687,,7213
103,"brooklyn_bridge",1,0,,9,,95,,8667,,875,,86,,1905,,2857,,4762,,619,,6667,,6667,,32,,4337,,6344,,7222,,7568,,7511
104,"tower_of_london",,8,,7,,7,,6667,,675,,66,,1304,,2609,,3913,,5217,,6957,,7391,,2243,,3801,,502,,5854,,6852,,6973
105,"british_museum_london",1,0,,9,,85,,9,,925,,94,,1,,1,,3,,6,,65,,7,,1818,,18,,4435,,72,,7635,,8024
106,"buckingham_palace",,4,,4,,3,,3,,325,,3,,1,,2,,3,,35,,45,,5,,16,,2667,,3,,3231,,3774,,375
107,"charles_bridge_prague",,6,,7,,65,,6333,,65,,64,,125,,2083,,2917,,4167,,4583,,5417,,2069,,3211,,4027,,5026,,5376,,5867
108,"champs_elysees_paris",,6,,4,,45,,4667,,5,,46,,1333,,2,,4,,4667,,5333,,6667,,2182,,2667,,4235,,4667,,5161,,5444
109,"chrysler_building",1,0,1,0,,95,,9667,,95,,9,,2143,,2857,,4286,,5,,5714,,5714,,3529,,4444,,5907,,6591,,7136,,699
110,"moma_new_york",1,0,,8,,9,,8667,,9,,86,,1579,,2632,,5263,,5789,,7368,,7895,,2727,,396,,6642,,6942,,8103,,8232
111,"grand_central_terminal",1,0,1,0,,95,,9667,,95,,96,,1429,,2857,,4762,,5714,,619,,7143,,25,,4444,,6344,,7183,,7496,,8191
112,"houses_of_parliament",,4,,5,,6,,6333,,675,,7,,087,,1739,,3913,,5217,,6087,,6087,,1429,,2581,,4737,,5721,,6401,,6512
113,"alexanderplatz_berlin",,2,,2,,4,,5333,,55,,52,,04,,08,,24,,44,,52,,56,,0667,,1143,,3,,4822,,5346,,5393
114,"centre_pompidou",1,0,1,0,,95,,9,,825,,78,,1111,,2222,,5,,5556,,5556,,6111,,2,,3636,,6552,,687,,664,,6853
115,"sydney_harbour_bridge",,4,,6,,65,,6667,,675,,68,,0625,,1875,,375,,4375,,5625,,625,,1081,,2857,,4756,,5283,,6136,,6513
116,"pier_39",1,0,1,0,1,0,,9333,,95,,94,,1429,,1429,,381,,4762,,7143,,7619,,25,,25,,5517,,6306,,8155,,8416
117,"coit_tower",,0,,3,,5,,5,,475,,52,,0,,1333,,2667,,3333,,4,,6,,0,,1846,,3478,,4,,4343,,5571
118,"st_paul_s_cathedral_london",,6,,7,,55,,6,,6,,62,,1765,,2941,,4118,,4706,,4706,,5882,,2727,,4142,,4709,,5275,,5275,,6037
119,"cloud_gate",1,0,,9,,85,,8667,,85,,84,,25,,5,,6667,,75,,9167,,9167,,4,,6429,,7473,,8041,,8821,,8767
120,"musee_d_orsay",1,0,,9,,9,,9,,925,,92,,1905,,2381,,381,,4286,,4762,,5238,,32,,3766,,5353,,5806,,6287,,6675
121,"pike_place_market",,4,,6,,65,,7,,675,,68,,0952,,2381,,381,,4762,,5714,,6667,,1538,,3409,,4804,,5668,,6189,,6733
122,"royal_palace_madrid",,8,,7,,75,,7667,,825,,84,,1818,,2273,,3182,,5909,,6364,,6818,,2963,,3431,,4468,,6674,,7185,,7527
123,"sony_center_berlin",1,0,,9,,95,,9,,875,,84,,1905,,1905,,3333,,3333,,4286,,5238,,32,,3144,,4935,,4865,,5753,,6453
124,"red_square_moscow",,8,,8,,65,,6667,,65,,66,,1429,,3333,,4762,,4762,,5714,,6667,,2424,,4706,,5497,,5556,,6082,,6633
125,"prague_castle",,4,,6,,8,,7333,,775,,8,,08,,2,,4,,44,,52,,68,,1333,,3,,5333,,55,,6224,,7351
126,"musee_du_louvre",1,0,1,0,,95,,9333,,95,,94,,2,,32,,44,,52,,72,,72,,3333,,4848,,6014,,6679,,8192,,8154
127,"millennium_bridge_london",1,0,1,0,1,0,,9,,825,,82,,16,,28,,4,,64,,72,,8,,2759,,4375,,5714,,7481,,7689,,8099
128,"casa_mila",1,0,1,0,,95,,9333,,95,,96,,16,,2,,28,,4,,48,,68,,2759,,3333,,4325,,56,,6378,,7961
129,"national_gallery_london",,4,,4,,45,,4,,375,,38,,0909,,1818,,3636,,4545,,5455,,5909,,1481,,25,,4022,,4255,,4444,,4625
130,"national_mall",,0,,2,,35,,4333,,5,,58,,0,,04,,2,,36,,4,,52,,0,,0667,,2545,,3933,,4444,,5484
131,"london_city_hall",,8,,4,,55,,5333,,65,,68,,2,,2,,4,,45,,65,,8,,32,,2667,,4632,,4881,,65,,7351
132,"holocaust_memorial",,6,,5,,5,,4667,,5,,48,,1875,,25,,3125,,3125,,4375,,5625,,2857,,3333,,3846,,3743,,4667,,518
133,"columbus_circle",1,0,,9,,7,,7,,6,,6,,2,,28,,4,,48,,48,,68,,3333,,4271,,5091,,5695,,5333,,6375
134,"siegessaeule",1,0,,9,,8,,7667,,725,,68,,16,,28,,4,,52,,64,,68,,2759,,4271,,5333,,6197,,6799,,68
135,"jardin_du_luxembourg",1,0,1,0,,95,,9667,,975,,94,,2,,36,,52,,6,,68,,72,,3333,,5294,,6721,,7404,,8012,,8154
136,"merlion_singapore",,6,,5,,4,,4333,,425,,46,,1364,,2273,,3182,,5,,5455,,6818,,2222,,3125,,3544,,4643,,4778,,5494
137,"harrods_london",,8,,7,,85,,9,,825,,8,,12,,16,,32,,44,,56,,68,,2087,,2605,,465,,591,,6671,,7351
138,"metropolitan_museum_of_art_new_york",1,0,1,0,,8,,8667,,875,,9,,16,,28,,4,,52,,64,,76,,2759,,4375,,5333,,65,,7393,,8241
139,"new_york_stock_exchange",,6,,5,,4,,4,,375,,36,,1,,15,,25,,35,,4,,45,,1714,,2308,,3077,,3733,,3871,,4
140,"stephansdom_vienna",,2,,6,,7,,7,,7,,74,,04,,24,,36,,52,,6,,64,,0667,,3429,,4755,,5967,,6462,,6864
141,"hms_belfast",1,0,,9,,7,,7333,,775,,8,,16,,24,,32,,48,,6,,64,,2759,,3789,,4392,,5802,,6764,,7111
142,"leicester_square",,8,,7,,75,,7,,675,,68,,08,,16,,4,,48,,48,,52,,1455,,2605,,5217,,5695,,561,,5893
143,"ciudad_de_las_artes_y_las_ciencias",,8,,9,,95,,9667,,975,,98,,16,,28,,44,,56,,68,,68,,2667,,4271,,6014,,7092,,8012,,8029
144,"topkapi_palace",1,0,1,0,,95,,9333,,95,,96,,12,,2,,32,,4,,56,,68,,2143,,3333,,4787,,56,,7046,,7961
145,"royal_albert_hall",,4,,4,,6,,5667,,525,,56,,04,,12,,28,,28,,36,,48,,0727,,1846,,3818,,3748,,4271,,5169
146,"st_vitus_cathedral",,8,,9,,95,,9333,,95,,96,,12,,28,,44,,56,,6,,64,,2087,,4271,,6014,,7,,7355,,768
147,"castello_sforzesco",,8,,9,,9,,9,,9,,88,,16,,28,,44,,48,,6,,68,,2667,,4271,,591,,6261,,72,,7672
148,"rijksmuseum_amsterdam",1,0,1,0,1,0,,9667,,95,,96,,08,,24,,4,,48,,6,,72,,1481,,3871,,5714,,6415,,7355,,8229
149,"dam_square",,6,,7,,7,,7333,,675,,66,,08,,2,,32,,44,,44,,6,,1412,,3111,,4392,,55,,5327,,6286
150,"rathaus_vienna",,4,,5,,5,,5667,,6,,58,,08,,2,,36,,48,,56,,6,,1333,,2857,,4186,,5197,,5793,,5898
151,"bath_abbey",1,0,1,0,,85,,8333,,825,,8,,16,,28,,56,,72,,8,,8,,2759,,4375,,6752,,7725,,8123,,8
152,"salisbury_cathedral",,8,,9,,9,,8667,,85,,86,,16,,36,,44,,52,,56,,6,,2667,,5143,,591,,65,,6752,,7068
153,"templo_de_debod",,4,,5,,5,,5333,,475,,46,,0909,,1818,,2727,,3636,,4545,,5,,1481,,2667,,3529,,4324,,4645,,4792
154,"Niagara_Falls",,4,,3,,35,,4333,,45,,46,,0909,,1364,,3182,,4545,,4545,,5455,,1481,,1875,,3333,,4437,,4523,,4991
155,"Golden_Gate_Bridge_in_San_Francisco",,8,,9,,9,,9333,,95,,96,,1364,,3182,,5,,6818,,7273,,7727,,233,,4701,,6429,,788,,8238,,8562
156,"Neuschwanstein_Castle",,8,,8,,8,,8667,,875,,9,,12,,2,,4,,52,,64,,68,,2087,,32,,5333,,65,,7393,,7747
157,"Christ_Church_Cathedral_Missouri",,8,,7,,75,,8,,8,,82,,16,,16,,44,,56,,56,,64,,2667,,2605,,5546,,6588,,6588,,7189
158,"Mount_Rushmore_in_South_Dakota",1,0,1,0,,8,,8667,,875,,9,,16,,24,,36,,44,,52,,52,,2759,,3871,,4966,,5837,,6523,,6592
159,"Puerta_de_Toledo",,0,,1,,05,,0333,,05,,06,,0,,5,,5,,5,1,0,1,0,,0,,1667,,0909,,0625,,0952,,1132
160,"Urquhart_Castle",,8,,9,,9,,8667,,875,,9,,1667,,3333,,5,,6667,,7083,,7917,,2759,,4865,,6429,,7536,,7829,,8424
161,"Gare_du_Nord_Paris",,4,,4,,35,,4333,,425,,46,,08,,16,,28,,4,,44,,48,,1333,,2286,,3111,,416,,4324,,4698
162,"Newgrange_in_Ireland",,6,,8,,8,,7,,7,,64,,0833,,2083,,3333,,4583,,5833,,625,,1463,,3306,,4706,,554,,6364,,6324
163,"Windmills_at_Kinderdijk",,8,,8,,9,,9,,9,,88,,08,,16,,36,,4,,48,,6,,1455,,2667,,5143,,5538,,6261,,7135
164,"Conciergerie",1,0,,9,,95,,9667,,975,,98,,16,,24,,36,,44,,52,,64,,2759,,3789,,5221,,6047,,6783,,7743
165,"Palazzo_Madama",1,0,,7,,55,,5333,,5,,48,,1364,,1818,,3182,,4091,,4545,,5455,,24,,2887,,4031,,463,,4762,,5106
166,"Split_Rock_Lighthouse",1,0,1,0,,7,,6667,,6,,56,,08,,2,,24,,24,,36,,44,,1481,,3333,,3574,,3529,,45,,4928
167,"The_Little_Mermaid_Denmark",,0,,2,,15,,1,,075,,06,,0,,1429,,2143,,2143,,2143,,2143,,0,,1667,,1765,,1364,,1111,,0938
168,"Great_Pyramid_of_Giza",1,0,1,0,,85,,8333,,8,,8,,3333,,4667,,7333,,8,,8,,8,,5,,6364,,7874,,8163,,8,,8
169,"Pitti_Palace",,2,,3,,35,,4,,425,,48,,0455,,1364,,1364,,2727,,3182,,4545,,0741,,1875,,1963,,3243,,3639,,4669
170,"Georgia_State_Capitol",,0,,2,,1,,1,,075,,08,,0,,1053,,1053,,1579,,1579,,1579,,0,,1379,,1026,,1224,,1017,,1062
171,"Dome_des_Invalides",,8,,9,,95,,9333,,95,,94,,12,,24,,4,,56,,64,,72,,2087,,3789,,563,,7,,7648,,8154
172,"Reggia_di_Caserta",1,0,,9,,75,,8333,,775,,72,,2,,28,,44,,56,,56,,6,,3333,,4271,,5546,,6699,,6502,,6545
173,"The_Burj_al_Arab_Hotel",,0,,1,,45,,4333,,475,,48,,0,,04,,24,,28,,36,,48,,0,,0571,,313,,3402,,4096,,48
174,"Elephanta_Caves",,8,,9,,9,,9333,,95,,94,,1667,,25,,375,,4167,,625,,625,,2759,,3913,,5294,,5761,,754,,7508
175,"Basilica_of_Santa_Croce",1,0,,9,,9,,9333,,95,,96,,16,,24,,48,,48,,6,,6,,2759,,3789,,6261,,634,,7355,,7385
176,"Aachen_Cathedral",,8,,8,,8,,8,,85,,86,,12,,24,,48,,52,,64,,72,,2087,,3692,,6,,6303,,7302,,7838
177,"Monument_to_the_Great_Fire_of_London",,2,,3,,4,,4667,,45,,46,,04,,12,,32,,48,,56,,64,,0667,,1714,,3556,,4732,,499,,5353
178,"Longmen_Grottoes",,4,,5,,6,,6,,6,,58,,08,,2,,32,,44,,52,,64,,1333,,2857,,4174,,5077,,5571,,6085
179,"Louisiana_State_Capitol",,6,,4,,45,,3667,,35,,36,,12,,16,,32,,36,,36,,44,,2,,2286,,374,,3633,,3549,,396
180,"The_Great_Sphinx_at_Giza",,6,,5,,45,,4333,,475,,48,,12,,12,,2,,28,,48,,64,,2,,1935,,2769,,3402,,4775,,5486
181,"Teatro_Real_Madrid",,2,,5,,5,,5,,525,,58,,0435,,2174,,3913,,4783,,5217,,6522,,0714,,303,,439,,4889,,5234,,614
182,"Palacio_de_la_Magdalena",,6,,7,,7,,7333,,725,,76,,12,,24,,48,,52,,6,,8,,2,,3574,,5695,,6085,,6566,,7795
183,"Sowjetisches_Ehrenmal",,4,,6,,6,,5333,,475,,56,,08,,24,,44,,52,,52,,64,,1333,,3429,,5077,,5266,,4965,,5973
184,"Cathedral_of_Trier",1,0,,8,,65,,7667,,75,,64,,16,,28,,36,,48,,6,,64,,2759,,4148,,4634,,5904,,6667,,64
185,"Saint_Mary_of_the_Flower",,2,,1,,3,,2667,,25,,28,,04,,04,,2,,24,,24,,32,,0667,,0571,,24,,2526,,2449,,2987
186,"Skellig_Michael",1,0,1,0,1,0,,9667,,95,,92,,12,,24,,48,,6,,68,,68,,2143,,3871,,6486,,7404,,7926,,782
187,"Chicago_Board_of_Trade_Building",,0,,2,,3,,3333,,35,,34,,0,,0909,,2273,,4091,,4545,,4545,,0,,125,,2586,,3673,,3955,,389
188,"Pont_de_Normandie_France",,6,,8,,7,,7,,65,,58,,1053,,2632,,5263,,5789,,6842,,6842,,1791,,396,,6009,,6337,,6667,,6278
189,"Palazzo_Rosso",,0,,1,,05,,0333,,05,,06,,0,,0417,,0417,,0417,,0833,,125,,0,,0588,,0455,,037,,0625,,0811
190,"Piazza_Vittorio_Veneto",,4,,6,,5,,6,,525,,5,,125,,25,,5,,6875,,6875,,75,,1905,,3529,,5,,6408,,5954,,6
191,"Sforza_Castle",,8,,8,,9,,9,,9,,88,,16,,24,,48,,56,,64,,68,,2667,,3692,,6261,,6904,,7481,,7672
192,"Torres_KIO",1,0,1,0,1,0,,9333,,9,,9,,16,,32,,52,,6,,64,,72,,2759,,4848,,6842,,7304,,7481,,8
193,"Torre_Picasso",1,0,,8,,85,,8,,75,,74,,1667,,25,,4583,,5833,,5833,,625,,2857,,381,,5955,,6747,,6562,,6777
194,"The_Palace_of_Parliament_in_Bucharest",1,0,,9,,95,,9,,875,,9,,16,,24,,52,,6,,6,,64,,2759,,3789,,6721,,72,,7119,,7481
195,"Ernest_Hemingway_House",,6,,5,,5,,4667,,45,,5,,08,,16,,32,,44,,48,,6,,1412,,2424,,3902,,4529,,4645,,5455
196,"Castel_dellOvo_Napoli",1,0,,8,,7,,6667,,7,,7,,2,,24,,36,,4,,52,,56,,3333,,3692,,4755,,5,,5967,,6222
197,"Villa_Borghese_gardens",,8,,8,,85,,8667,,875,,88,,12,,24,,44,,52,,52,,56,,2087,,3692,,5798,,65,,6523,,6844
198,"Saint_Marks_Basilica",,8,,8,,9,,8667,,875,,86,,12,,16,,36,,48,,56,,64,,2087,,2667,,5143,,6178,,6829,,7339
199,"Mausoleum_of_the_First_Qin_Emperor",,8,,9,,9,,8667,,775,,76,,16,,28,,48,,6,,64,,68,,2667,,4271,,6261,,7091,,7011,,7178
200,"Mausoleum_of_Hadrian",,4,,3,,35,,4333,,5,,54,,1111,,1667,,3333,,5,,5556,,7222,,1739,,2143,,3415,,4643,,5263,,618
201,"Piazza_de_Ferrari",,8,,9,,85,,8667,,85,,84,,2105,,3684,,5263,,6316,,6842,,7368,,3333,,5228,,6501,,7307,,7581,,785
202,"George_Washington_Carver",,4,,6,,6,,5667,,5,,5,,125,,375,,5,,625,,625,,75,,1905,,4615,,5455,,5944,,5556,,6
203,"Cathedral_of_Santiago_de_Compostela",,8,,9,,85,,7667,,75,,74,,2353,,4706,,5294,,5882,,6471,,6471,,3636,,618,,6525,,6657,,6947,,6904
204,"Saint-Jacques_Tower",1,0,,8,,85,,9,,85,,78,,2308,,2308,,4615,,5385,,6154,,7692,,375,,3582,,5982,,6738,,7139,,7746
205,"Calakmul_Campeche_Mexico",,2,,1,,15,,1667,,175,,18,,0714,,0714,,1429,,1429,,2857,,3571,,1053,,0833,,1463,,1538,,2171,,2394
206,"Bran_Castle_in_Transylvania",,8,,9,,9,,9,,825,,82,,1579,,2105,,3684,,5789,,6316,,7368,,2637,,3412,,5228,,7046,,7154,,7762
207,"Mosteiro_da_Batalha",1,0,1,0,1,0,1,0,1,0,1,0,,2632,,4211,,5789,,5789,,5789,,6316,,4167,,5926,,7333,,7333,,7333,,7742
208,"Wartburg_Castle",,6,,7,,8,,8,,825,,84,,15,,25,,5,,55,,65,,7,,24,,3684,,6154,,6519,,7271,,7636
209,"Fujian_Tulou_Fujian_China",1,0,,7,,75,,8333,,85,,88,,1667,,2222,,3889,,5,,6667,,6667,,2857,,3373,,5122,,625,,7473,,7586
210,"Alabama_State_Capitol",,4,,6,,5,,5333,,55,,58,,0952,,1905,,3333,,4762,,6667,,7619,,1538,,2892,,4,,5031,,6027,,6586
211,"Palazzo_dAccursio",,6,,4,,5,,3667,,425,,52,,1667,,2222,,2778,,2778,,3333,,3889,,2609,,2857,,3571,,3161,,3736,,445
212,"Casa_Grande_Ruins",,8,,8,,8,,7,,7,,7,,1176,,3529,,5882,,5882,,6471,,6471,,2051,,4898,,678,,6393,,6725,,6725
213,"Stravinsky_Fountain",1,0,,9,,9,,8667,,9,,9,,2,,2667,,3333,,4667,,6667,,7333,,3333,,4114,,4865,,6067,,766,,8082
214,"Angel_Falls_Venezuela",,8,,5,,4,,4333,,475,,48,,2353,,2941,,2941,,4118,,5882,,7059,,3636,,3704,,339,,4223,,5256,,5714
215,"Statue_of_George_IV",,0,,0,,05,,0667,,1,,08,,0,,0,,125,,125,,25,,25,,0,,0,,0714,,087,,1429,,1212
216,"Palacio_Barolo",,6,,8,,9,,9333,,9,,92,,1176,,3529,,6471,,7059,,8235,,8235,,1967,,4898,,7529,,8038,,8601,,8691
217,"Bridge_of_Remembrance_Christchurch_New_Zealand",,0,,0,,05,,0333,,025,,02,,0,,0,,0833,,0833,,0833,,0833,,0,,0,,0625,,0476,,0385,,0323
218,"John_A._Roebling_Suspension_Bridge",,8,,7,,6,,5667,,525,,48,,1333,,3333,,5333,,6667,,7333,,7333,,2286,,4516,,5647,,6126,,6119,,5802
219,"Blue_Dome_Santorini",1,0,,8,,75,,6667,,65,,58,,25,,4375,,5625,,5625,,625,,6875,,4,,5657,,6429,,6102,,6373,,6292
220,"Fossar_de_les_Moreres",1,0,,7,,6,,6,,55,,54,,2857,,3571,,4286,,5714,,5714,,6429,,4444,,473,,5,,5854,,5605,,587
221,"Luxor_Obelisk_France",1,0,,8,,85,,8,,775,,78,,25,,3125,,375,,4375,,5,,5625,,4,,4494,,5204,,5657,,6078,,6536
222,"Valle_de_los_Caidos",1,0,,9,,85,,9,,9,,9,,15,,2,,35,,45,,6,,65,,2609,,3273,,4958,,6,,72,,7548
--------------------
"--","Avg.",P@5,P@10,P@20,P@30,P@40,P@50,CR@5,CR@10,CR@20,CR@30,CR@40,CR@50,F1@5,F1@10,F1@20,F1@30,F1@40,F1@50
,,,7009,,6982,,6948,,691,,6881,,6882,,1305,,2297,,3839,,4801,,5578,,6215,,2179,,3382,,4852,,5559,,6038,,6399