--------------------
"Run name","output_runTAMURADtrs"
--------------------
"Average P@20 = ",,7547
"Average CR@20 = ",,4267
"Average F1@20 = ",,5365
--------------------
"Query Id ","Location name",P@5,P@10,P@20,P@30,P@40,P@50,CR@5,CR@10,CR@20,CR@30,CR@40,CR@50,F1@5,F1@10,F1@20,F1@30,F1@40,F1@50
1,"angel_of_the_north",1,0,1,0,1,0,1,0,1,0,,98,,2,,32,,52,,64,,8,,84,,3333,,4848,,6842,,7805,,8889,,9046
2,"big_ben",,6,,7,,7,,7333,,75,,76,,1364,,2273,,4545,,5909,,5909,,5909,,2222,,3431,,5512,,6545,,661,,6649
3,"hearst_castle",1,0,,9,,95,,8667,,825,,86,,1667,,25,,375,,5417,,6667,,75,,2857,,3913,,5377,,6667,,7374,,8012
4,"la_madeleine",,2,,5,,3,,4333,,375,,36,,0714,,2143,,2857,,5714,,6429,,7857,,1053,,3,,2927,,4929,,4737,,4938
5,"pont_alexandre_iii",,8,,9,,95,,9667,,975,,94,,16,,28,,52,,6,,72,,8,,2667,,4271,,6721,,7404,,8283,,8644
6,"neues_museum",,4,,5,,55,,6333,,675,,68,,08,,2,,36,,52,,56,,68,,1333,,2857,,4352,,5711,,6121,,68
7,"montezuma_castle",1,0,1,0,,8,,7333,,7,,72,,4167,,6667,,75,,75,,8333,,8333,,5882,,8,,7742,,7416,,7609,,7725
8,"cn_tower",,6,,6,,55,,6667,,7,,64,,125,,1667,,375,,4583,,5417,,5833,,2069,,2609,,4459,,5432,,6107,,6104
9,"acropolis_athens",,8,,8,,9,,9,,8,,8,,1905,,2857,,381,,4762,,619,,619,,3077,,4211,,5353,,6228,,698,,698
10,"agra_fort",1,0,1,0,,95,,9667,,975,,96,,2,,32,,56,,72,,8,,88,,3333,,4848,,7046,,8253,,8789,,9183
11,"albert_memorial",,8,,8,,85,,8333,,825,,82,,1364,,2273,,4091,,4545,,5455,,6364,,233,,354,,5523,,5882,,6567,,7166
12,"altes_museum",,6,,5,,7,,7333,,775,,8,,125,,125,,5,,5417,,5417,,625,,2069,,2,,5833,,6231,,6377,,7018
13,"amiens_cathedral",1,0,1,0,,9,,9,,925,,94,,16,,32,,44,,52,,64,,72,,2759,,4848,,591,,6592,,7565,,8154
14,"angkor_wat",,6,,8,,75,,7667,,825,,82,,08,,24,,4,,52,,68,,68,,1412,,3692,,5217,,6197,,7455,,7435
15,"ara_pacis",,8,,7,,7,,7,,7,,7,,1364,,1818,,3182,,5455,,6364,,6818,,233,,2887,,4375,,6131,,6667,,6908
16,"arc_de_triomphe",,6,,6,,75,,7333,,725,,76,,125,,2083,,4167,,5417,,625,,7083,,2069,,3093,,5357,,6231,,6713,,7333
17,"aztec_ruins",,6,,5,,5,,4,,375,,34,,12,,16,,32,,32,,4,,4,,2,,2424,,3902,,3556,,3871,,3676
18,"berlin_cathedral",1,0,1,0,,9,,9,,875,,88,,2,,28,,48,,56,,56,,64,,3333,,4375,,6261,,6904,,6829,,7411
19,"bok_tower_gardens",1,0,1,0,,95,,8667,,875,,88,,2,,4,,56,,64,,72,,72,,3333,,5714,,7046,,7363,,79,,792
20,"brandenburg_gate",,8,,9,,95,,9,,925,,94,,12,,28,,4,,52,,64,,8,,2087,,4271,,563,,6592,,7565,,8644
21,"cabrillo",,0,,1,,2,,1333,,125,,12,,0,,0769,,3077,,3077,,3846,,4615,,0,,087,,2424,,186,,1887,,1905
22,"casa_batllo",,8,,9,,95,,9667,,975,,96,,16,,36,,48,,56,,64,,76,,2667,,5143,,6378,,7092,,7728,,8484
23,"casa_rosada",1,0,,9,,95,,9,,875,,9,,16,,24,,52,,6,,64,,8,,2759,,3789,,6721,,72,,7393,,8471
24,"castillo_de_san_marcos",1,0,,7,,75,,7333,,775,,8,,2,,24,,4,,48,,6,,76,,3333,,3574,,5217,,5802,,6764,,7795
25,"chartres_cathedral",,8,,9,,95,,9,,875,,9,,12,,28,,44,,48,,56,,64,,2087,,4271,,6014,,6261,,6829,,7481
26,"chichen_itza",,8,,9,,9,,9333,,925,,92,,16,,32,,52,,6,,68,,72,,2667,,4721,,6592,,7304,,7838,,8078
27,"christ_the_redeemer_rio",,8,,7,,6,,5333,,45,,46,,1304,,2609,,3478,,4348,,4783,,5217,,2243,,3801,,4404,,479,,4637,,4889
28,"civic_center_san_francisco",,4,,6,,6,,6333,,6,,62,,08,,2,,32,,48,,56,,6,,1333,,3,,4174,,5461,,5793,,6098
29,"cologne_cathedral",1,0,,9,,95,,9333,,925,,92,,16,,24,,4,,56,,64,,76,,2759,,3789,,563,,7,,7565,,8324
30,"colosseum",1,0,1,0,1,0,,9333,,95,,92,,16,,32,,44,,52,,64,,68,,2759,,4848,,6111,,6679,,7648,,782
31,"doge_s_palace",1,0,,9,,85,,8667,,9,,86,,16,,24,,44,,48,,6,,64,,2759,,3789,,5798,,6178,,72,,7339
32,"eiffel_tower",,8,,9,,8,,8,,8,,84,,16,,24,,32,,4,,44,,56,,2667,,3789,,4571,,5333,,5677,,672
33,"golden_gate_bridge",,6,,6,,65,,6333,,65,,68,,1304,,1739,,3478,,4348,,5652,,5652,,2143,,2697,,4532,,5156,,6047,,6173
34,"grand_palais",1,0,1,0,,9,,9333,,95,,94,,2273,,3636,,4545,,5909,,6364,,6364,,3704,,5333,,604,,7237,,7622,,7589
35,"guggenheim_museum_bilbao",1,0,1,0,,95,,9333,,95,,9,,2,,32,,48,,64,,64,,64,,3333,,4848,,6378,,7593,,7648,,7481
36,"hagia_sophia_istanbul",1,0,1,0,1,0,1,0,1,0,1,0,,12,,2,,4,,56,,64,,72,,2143,,3333,,5714,,7179,,7805,,8372
37,"hoover_dam",,8,,9,,9,,8667,,9,,9,,16,,32,,48,,6,,8,,8,,2667,,4721,,6261,,7091,,8471,,8471
38,"humayun_tomb",,8,,9,,85,,8333,,85,,84,,16,,32,,44,,52,,64,,72,,2667,,4721,,5798,,6404,,7302,,7754
39,"iguazu_falls",1,0,1,0,,95,,9667,,925,,92,,16,,32,,4,,64,,72,,76,,2759,,4848,,563,,7701,,8097,,8324
40,"iolani_palace",,8,,8,,75,,7333,,725,,72,,12,,24,,36,,44,,56,,72,,2087,,3692,,4865,,55,,6319,,72
41,"la_mezquita",,6,,7,,55,,5333,,475,,46,,125,,2083,,25,,3333,,4583,,5417,,2069,,3211,,3438,,4103,,4665,,4975
42,"la_rambla_barcelona",1,0,,9,,95,,9,,9,,92,,2,,28,,48,,6,,64,,68,,3333,,4271,,6378,,72,,7481,,782
43,"la_sainte_chapelle",1,0,1,0,1,0,,9667,,975,,98,,16,,36,,64,,64,,72,,8,,2759,,5294,,7805,,7701,,8283,,8809
44,"liberty_memorial",1,0,,9,,85,,8,,775,,78,,12,,24,,44,,56,,68,,8,,2143,,3789,,5798,,6588,,7244,,7899
45,"lincoln_home",1,0,1,0,,9,,8667,,75,,76,,2778,,3889,,6111,,6111,,6111,,7222,,4348,,56,,7279,,7168,,6735,,7406
46,"machu_picchu",,6,,6,,8,,7333,,75,,76,,12,,24,,44,,6,,68,,76,,2,,3429,,5677,,66,,7133,,76
47,"marble_arch_london",,2,,3,,4,,3,,275,,24,,0833,,0833,,25,,25,,3333,,4167,,1176,,1304,,3077,,2727,,3014,,3046
48,"milan_cathedral",,6,,7,,85,,8333,,85,,84,,08,,2,,28,,48,,64,,76,,1412,,3111,,4212,,6091,,7302,,798
49,"mole_antonelliana",,6,,8,,65,,6,,625,,62,,12,,24,,28,,36,,44,,48,,2,,3692,,3914,,45,,5164,,5411
50,"mont_saint_michel",1,0,,9,,9,,9333,,95,,9,,2,,36,,48,,56,,72,,76,,3333,,5143,,6261,,7,,8192,,8241
51,"moulin_rouge",,2,,3,,2,,2,,2,,16,,125,,25,,375,,625,,625,,625,,1538,,2727,,2609,,303,,303,,2548
52,"nelson_s_column",,6,,8,,85,,8333,,875,,9,,0833,,2917,,4583,,5417,,6667,,8333,,1463,,4275,,5955,,6566,,7568,,8654
53,"notre_dame_de_paris",1,0,1,0,,95,,8333,,8,,82,,16,,32,,44,,56,,68,,72,,2759,,4848,,6014,,6699,,7351,,7668
54,"obelisco",,2,,1,,35,,2333,,2,,22,,0909,,0909,,6364,,6364,,7273,,7273,,125,,0952,,4516,,3415,,3137,,3378
55,"piccadilly_circus",,4,,6,,8,,8,,775,,76,,087,,2174,,4348,,5652,,6087,,6957,,1429,,3191,,5634,,6624,,6819,,7264
56,"place_de_la_concorde",1,0,1,0,1,0,1,0,1,0,,98,,2,,36,,48,,6,,72,,76,,3333,,5294,,6486,,75,,8372,,8561
57,"place_de_la_republique",,0,,0,,15,,1667,,15,,18,,0,,0,,375,,5,,5,,625,,0,,0,,2143,,25,,2308,,2795
58,"place_des_vosges",,8,,7,,8,,7667,,725,,66,,12,,24,,48,,48,,52,,52,,2087,,3574,,6,,5904,,6056,,5817
59,"pont_du_gard",1,0,,9,,8,,7667,,725,,68,,16,,2,,32,,44,,48,,52,,2759,,3273,,4571,,5591,,5776,,5893
60,"pont_neuf",,4,,6,,75,,7667,,7,,68,,08,,2,,36,,64,,68,,72,,1333,,3,,4865,,6976,,6899,,6994
61,"ponte_vecchio",,8,,8,,65,,6667,,625,,6,,1667,,2917,,4167,,5,,5417,,5833,,2759,,4275,,5078,,5714,,5804,,5915
62,"puerta_de_alcala",,2,,4,,55,,5667,,575,,6,,0526,,1579,,4211,,5263,,6842,,8421,,0833,,2264,,477,,5457,,6249,,7007
63,"puerta_del_sol",,6,,3,,3,,2333,,25,,3,,15,,15,,25,,25,,3,,5,,24,,2,,2727,,2414,,2727,,375
64,"red_fort",1,0,1,0,1,0,1,0,1,0,1,0,,16,,28,,48,,64,,72,,72,,2759,,4375,,6486,,7805,,8372,,8372
65,"reims_cathedral",,6,,7,,85,,8333,,85,,88,,12,,24,,44,,56,,6,,68,,2,,3574,,5798,,6699,,7034,,7672
66,"rialto_bridge",,6,,5,,5,,4667,,475,,44,,1875,,3125,,4375,,5625,,625,,625,,2857,,3846,,4667,,5101,,5398,,5164
67,"roman_forum_rome",,8,,8,,8,,8,,825,,82,,16,,24,,44,,64,,72,,84,,2667,,3692,,5677,,7111,,7689,,8299
68,"sacre_coeur",,2,,5,,6,,6,,575,,6,,0417,,1667,,375,,4583,,5417,,625,,069,,25,,4615,,5197,,5578,,6122
69,"sagrada_familia",,8,,9,,9,,8667,,825,,86,,16,,32,,52,,64,,64,,64,,2667,,4721,,6592,,7363,,7208,,7339
70,"santa_maria_novella",,4,,3,,5,,4667,,5,,5,,08,,12,,32,,44,,56,,56,,1333,,1714,,3902,,4529,,5283,,5283
71,"schonbrunn_palace",,8,,9,,95,,9667,,925,,94,,16,,24,,44,,52,,6,,68,,2667,,3789,,6014,,6762,,7279,,7891
72,"seville_cathedral",,8,,8,,9,,9333,,925,,94,,12,,24,,36,,52,,64,,68,,2087,,3692,,5143,,6679,,7565,,7891
73,"spanish_steps",,4,,6,,6,,6667,,675,,64,,0909,,1818,,4091,,6818,,7273,,7273,,1481,,2791,,4865,,6742,,7002,,6809
74,"st__basil_cathedral",1,0,,8,,9,,9333,,925,,92,,16,,2,,56,,72,,76,,88,,2759,,32,,6904,,8129,,8344,,8996
75,"statue_of_liberty",1,0,1,0,,9,,8333,,8,,82,,2,,28,,48,,56,,72,,8,,3333,,4375,,6261,,6699,,7579,,8099
76,"stonehenge",,6,,5,,55,,6,,575,,5,,1579,,2632,,3158,,5263,,5263,,6316,,25,,3448,,4012,,5607,,5496,,5581
77,"summer_palace_beijing",,8,,9,,85,,9,,85,,88,,16,,24,,48,,68,,72,,8,,2667,,3789,,6135,,7747,,7796,,8381
78,"sydney_opera_house",,8,,9,,9,,9333,,925,,92,,16,,28,,4,,48,,56,,64,,2667,,4271,,5538,,634,,6976,,7549
79,"teotihuacan",,8,,7,,7,,7333,,65,,7,,12,,16,,36,,48,,52,,64,,2087,,2605,,4755,,5802,,5778,,6687
80,"terracotta_army",,6,,5,,6,,6,,6,,6,,15,,25,,5,,7,,75,,75,,24,,3333,,5455,,6462,,6667,,6667
81,"the_blue_mosque",1,0,1,0,,95,,9667,,975,,92,,2,,36,,52,,6,,68,,72,,3333,,5294,,6721,,7404,,8012,,8078
82,"the_henry_ford",,6,,5,,65,,6667,,625,,6,,12,,2,,36,,44,,52,,6,,2,,2857,,4634,,5301,,5677,,6
83,"taj_mahal",,6,,7,,8,,8333,,875,,88,,12,,28,,48,,6,,72,,8,,2,,4,,6,,6977,,79,,8381
84,"tour_montparnasse",,2,,2,,45,,4,,325,,3,,05,,1,,35,,4,,4,,45,,08,,1333,,3937,,4,,3586,,36
85,"tower_bridge_london",,8,,6,,55,,6,,6,,6,,16,,24,,36,,48,,56,,6,,2667,,3429,,4352,,5333,,5793,,6
86,"trafalgar_square",,6,,5,,4,,4,,45,,5,,1364,,2273,,3182,,4091,,4545,,4545,,2222,,3125,,3544,,4045,,4523,,4762
87,"leaning_tower_of_pisa",,4,,7,,6,,6667,,675,,7,,08,,2,,36,,48,,6,,68,,1333,,3111,,45,,5581,,6353,,6899
88,"hermitage_museum_saint_petersburg",,8,,8,,9,,8333,,825,,8,,12,,28,,44,,6,,64,,68,,2087,,4148,,591,,6977,,7208,,7351
89,"jantar_mantar_jaipur",,8,,9,,75,,7333,,75,,74,,16,,36,,48,,64,,68,,76,,2667,,5143,,5854,,6835,,7133,,7499
90,"lake_titicaca_peru",,2,,3,,25,,3333,,425,,46,,0417,,0833,,1667,,375,,4583,,5833,,069,,1304,,2,,3529,,441,,5144
91,"the_great_wall_of_china",1,0,1,0,,85,,8,,775,,76,,2,,36,,52,,56,,68,,68,,3333,,5294,,6453,,6588,,7244,,7178
92,"grande_arche_paris",,4,,6,,65,,6333,,625,,68,,08,,2,,32,,36,,4,,44,,1333,,3,,4289,,4591,,4878,,5343
93,"el_angel_mexico",,4,,4,,45,,3667,,375,,36,,0952,,1905,,3333,,381,,4762,,4762,,1538,,2581,,383,,3737,,4196,,41
94,"bibliotheque_nationale_de_france",,6,,7,,7,,7667,,825,,82,,12,,24,,36,,56,,64,,76,,2,,3574,,4755,,6472,,7208,,7889
95,"kronborg_castle",,8,,9,,85,,8667,,9,,88,,0833,,25,,4167,,4583,,625,,625,,1509,,3913,,5592,,5996,,7377,,7309
96,"ajanta_caves",,8,,9,,9,,9,,925,,94,,1818,,2727,,3636,,4545,,5455,,6364,,2963,,4186,,518,,604,,6862,,7589
97,"atomium",,8,,9,,9,,8333,,825,,86,,0952,,1905,,381,,4762,,5238,,5714,,1702,,3144,,5353,,6061,,6408,,6866
98,"ellora_caves",1,0,1,0,,95,,9667,,975,,98,,2273,,3182,,4091,,5455,,5455,,5909,,3704,,4828,,5719,,6974,,6996,,7373
99,"potala_palace",,8,,9,,85,,8,,8,,84,,2222,,2778,,5,,5,,6111,,7222,,3478,,4245,,6296,,6154,,6929,,7767
100,"jokhang",,8,,9,,8,,8333,,825,,78,,16,,28,,44,,64,,68,,72,,2667,,4271,,5677,,724,,7455,,7488
101,"rila_monastery",,8,,9,,95,,8667,,825,,82,,16,,24,,4,,48,,48,,52,,2667,,3789,,563,,6178,,6069,,6364
102,"louvre_pyramid",,6,,8,,8,,8667,,875,,86,,1667,,3333,,5,,6111,,6111,,6111,,2609,,4706,,6154,,7168,,7196,,7145
103,"brooklyn_bridge",,6,,8,,8,,7667,,8,,82,,1429,,381,,5714,,6667,,7143,,7619,,2308,,5161,,6667,,7132,,7547,,7899
104,"tower_of_london",,6,,7,,8,,7333,,75,,7,,1304,,1739,,3913,,4348,,4348,,4348,,2143,,2786,,5255,,5459,,5505,,5364
105,"british_museum_london",1,0,1,0,1,0,1,0,,975,,94,,1,,25,,5,,6,,65,,65,,1818,,4,,6667,,75,,78,,7686
106,"buckingham_palace",,8,,5,,5,,4667,,475,,44,,2,,2,,35,,45,,5,,5,,32,,2857,,4118,,4582,,4872,,4681
107,"charles_bridge_prague",,4,,6,,65,,6667,,65,,64,,0833,,2083,,2917,,4167,,4583,,5417,,1379,,3093,,4027,,5128,,5376,,5867
108,"champs_elysees_paris",,8,,7,,6,,5667,,575,,52,,2,,2667,,4667,,6667,,6667,,6667,,32,,3862,,525,,6126,,6174,,5843
109,"chrysler_building",1,0,,9,,9,,9333,,95,,96,,2857,,4286,,6429,,7143,,7857,,8571,,4444,,5806,,75,,8092,,8601,,9057
110,"moma_new_york",,8,,9,,85,,8,,825,,8,,1579,,2632,,4737,,5263,,5263,,6316,,2637,,4072,,6083,,6349,,6426,,7059
111,"grand_central_terminal",,6,,7,,75,,8333,,85,,88,,1429,,2381,,381,,4286,,5714,,5714,,2308,,3553,,5053,,566,,6834,,6929
112,"houses_of_parliament",,8,,7,,8,,8333,,85,,84,,1739,,2609,,3478,,4348,,4783,,4783,,2857,,3801,,4848,,5714,,6121,,6095
113,"alexanderplatz_berlin",,4,,5,,55,,6667,,725,,72,,08,,16,,32,,44,,52,,52,,1333,,2424,,4046,,5301,,6056,,6039
114,"centre_pompidou",,8,,8,,85,,8333,,775,,76,,1667,,3333,,5556,,6667,,7222,,7778,,2759,,4706,,6719,,7407,,7477,,7688
115,"sydney_harbour_bridge",1,0,1,0,,95,,9333,,925,,94,,1875,,3125,,5625,,625,,6875,,6875,,3158,,4762,,7066,,7487,,7888,,7942
116,"pier_39",1,0,1,0,,9,,9,,925,,9,,1905,,2857,,4762,,5714,,6667,,7143,,32,,4444,,6228,,699,,7749,,7965
117,"coit_tower",1,0,,7,,65,,6,,6,,6,,2,,2,,4,,5333,,5333,,5333,,3333,,3111,,4952,,5647,,5647,,5647
118,"st_paul_s_cathedral_london",,8,,7,,8,,7667,,725,,7,,1765,,2941,,5882,,5882,,5882,,7059,,2892,,4142,,678,,6657,,6495,,7029
119,"cloud_gate",,6,,5,,55,,5333,,575,,62,,25,,25,,5,,5833,,5833,,5833,,3529,,3333,,5238,,5572,,5791,,6011
120,"musee_d_orsay",,8,,8,,9,,9,,925,,92,,1429,,1905,,381,,381,,4762,,5714,,2424,,3077,,5353,,5353,,6287,,705
121,"pike_place_market",,6,,7,,75,,8,,775,,76,,1429,,2381,,381,,381,,4286,,5238,,2308,,3553,,5053,,5161,,5519,,6202
122,"royal_palace_madrid",1,0,,8,,85,,8333,,8,,8,,2273,,3636,,5,,6364,,6818,,7727,,3704,,5,,6296,,7216,,7362,,7861
123,"sony_center_berlin",1,0,,9,,9,,9,,9,,86,,2381,,381,,4286,,4762,,5238,,5714,,3846,,5353,,5806,,6228,,6622,,6866
124,"red_square_moscow",,6,,4,,55,,5667,,6,,6,,0476,,0476,,2381,,381,,5714,,6667,,0882,,0851,,3323,,4556,,5854,,6316
125,"prague_castle",1,0,1,0,,95,,9667,,925,,9,,2,,36,,6,,72,,76,,76,,3333,,5294,,7355,,8253,,8344,,8241
126,"musee_du_louvre",1,0,1,0,1,0,1,0,1,0,,98,,16,,36,,48,,64,,68,,72,,2759,,5294,,6486,,7805,,8095,,8301
127,"millennium_bridge_london",,6,,7,,85,,8667,,85,,82,,12,,2,,44,,44,,48,,6,,2,,3111,,5798,,5837,,6135,,693
128,"casa_mila",1,0,1,0,1,0,1,0,,975,,96,,16,,28,,48,,6,,6,,72,,2759,,4375,,6486,,75,,7429,,8229
129,"national_gallery_london",,8,,9,,85,,7,,65,,62,,1818,,2727,,4545,,5455,,6364,,6818,,2963,,4186,,5923,,6131,,6431,,6494
130,"national_mall",1,0,,9,,85,,7667,,725,,72,,2,,36,,52,,64,,72,,8,,3333,,5143,,6453,,6976,,7225,,7579
131,"london_city_hall",1,0,,9,,85,,7,,675,,66,,25,,3,,5,,6,,75,,75,,4,,45,,6296,,6462,,7105,,7021
132,"holocaust_memorial",,8,,7,,5,,4333,,45,,46,,125,,25,,3125,,4375,,4375,,5625,,2162,,3684,,3846,,4354,,4437,,5061
133,"columbus_circle",,2,,3,,55,,5667,,525,,5,,04,,12,,32,,4,,44,,52,,0667,,1714,,4046,,469,,4788,,5098
134,"siegessaeule",,8,,8,,65,,5667,,525,,56,,12,,24,,36,,44,,48,,64,,2087,,3692,,4634,,4954,,5015,,5973
135,"jardin_du_luxembourg",1,0,1,0,1,0,,9667,,975,,96,,16,,32,,52,,64,,68,,72,,2759,,4848,,6842,,7701,,8012,,8229
136,"merlion_singapore",,2,,2,,35,,3667,,375,,36,,0455,,0909,,3182,,4545,,5,,5455,,0741,,125,,3333,,4059,,4286,,4337
137,"harrods_london",,8,,9,,9,,8333,,825,,84,,16,,32,,48,,56,,64,,76,,2667,,4721,,6261,,6699,,7208,,798
138,"metropolitan_museum_of_art_new_york",,6,,8,,9,,9333,,925,,92,,12,,28,,48,,52,,64,,64,,2,,4148,,6261,,6679,,7565,,7549
139,"new_york_stock_exchange",,6,,5,,55,,5333,,5,,48,,15,,25,,35,,4,,5,,6,,24,,3333,,4278,,4571,,5,,5333
140,"stephansdom_vienna",1,0,1,0,1,0,,9333,,95,,96,,16,,32,,52,,52,,64,,72,,2759,,4848,,6842,,6679,,7648,,8229
141,"hms_belfast",1,0,,9,,9,,9333,,925,,94,,2,,32,,52,,68,,8,,8,,3333,,4721,,6592,,7868,,858,,8644
142,"leicester_square",,4,,6,,65,,7,,675,,68,,08,,24,,36,,48,,56,,6,,1333,,3429,,4634,,5695,,6121,,6375
143,"ciudad_de_las_artes_y_las_ciencias",1,0,1,0,,95,,9667,,975,,98,,12,,28,,48,,56,,68,,8,,2143,,4375,,6378,,7092,,8012,,8809
144,"topkapi_palace",1,0,1,0,1,0,,9667,,975,,98,,16,,2,,36,,56,,64,,72,,2759,,3333,,5294,,7092,,7728,,8301
145,"royal_albert_hall",,8,,9,,7,,7333,,675,,66,,12,,28,,4,,44,,56,,56,,2087,,4271,,5091,,55,,6121,,6059
146,"st_vitus_cathedral",1,0,1,0,1,0,,9667,,95,,94,,16,,32,,44,,56,,56,,64,,2759,,4848,,6111,,7092,,7046,,7615
147,"castello_sforzesco",1,0,1,0,,95,,9667,,875,,9,,2,,28,,44,,52,,64,,72,,3333,,4375,,6014,,6762,,7393,,8
148,"rijksmuseum_amsterdam",1,0,1,0,,95,,9667,,975,,98,,16,,28,,48,,64,,72,,72,,2759,,4375,,6378,,7701,,8283,,8301
149,"dam_square",,8,,8,,75,,7333,,725,,7,,16,,28,,44,,56,,56,,64,,2667,,4148,,5546,,6351,,6319,,6687
150,"rathaus_vienna",,8,,8,,7,,6667,,625,,56,,12,,16,,32,,48,,56,,6,,2087,,2667,,4392,,5581,,5907,,5793
151,"bath_abbey",1,0,1,0,,95,,9667,,925,,92,,16,,32,,52,,64,,72,,8,,2759,,4848,,6721,,7701,,8097,,8558
152,"salisbury_cathedral",1,0,1,0,,95,,9333,,925,,94,,2,,28,,36,,52,,56,,64,,3333,,4375,,5221,,6679,,6976,,7615
153,"templo_de_debod",,8,,7,,5,,4667,,45,,46,,1818,,2727,,3182,,3636,,5,,5909,,2963,,3925,,3889,,4088,,4737,,5173
154,"Niagara_Falls",,4,,4,,45,,5333,,625,,66,,0909,,0909,,2727,,4545,,5909,,7273,,1481,,1481,,3396,,4908,,6075,,692
155,"Golden_Gate_Bridge_in_San_Francisco",1,0,1,0,1,0,,9667,,95,,96,,1818,,2727,,5,,5455,,6818,,8182,,3077,,4286,,6667,,6974,,7939,,8834
156,"Neuschwanstein_Castle",1,0,,9,,9,,9,,925,,92,,16,,28,,4,,44,,52,,52,,2759,,4271,,5538,,591,,6657,,6644
157,"Christ_Church_Cathedral_Missouri",1,0,1,0,,95,,9,,875,,88,,2,,32,,48,,6,,68,,72,,3333,,4848,,6378,,72,,7653,,792
158,"Mount_Rushmore_in_South_Dakota",1,0,1,0,,9,,9,,9,,9,,12,,2,,4,,52,,6,,68,,2143,,3333,,5538,,6592,,72,,7747
159,"Puerta_de_Toledo",,0,,0,,0,,0,,0,,0,,0,,0,,0,,0,,0,,0,,0,,0,,0,,0,,0,,0
160,"Urquhart_Castle",,8,,7,,75,,7667,,8,,84,,1667,,25,,5,,5417,,625,,7083,,2759,,3684,,6,,6348,,7018,,7686
161,"Gare_du_Nord_Paris",,6,,8,,7,,7,,725,,76,,12,,28,,44,,56,,64,,64,,2,,4148,,5404,,6222,,6799,,6949
162,"Newgrange_in_Ireland",,8,,8,,75,,7667,,75,,7,,1667,,2083,,3333,,4167,,4167,,4583,,2759,,3306,,4615,,5399,,5357,,554
163,"Windmills_at_Kinderdijk",1,0,1,0,1,0,,9333,,95,,94,,2,,32,,6,,68,,76,,8,,3333,,4848,,75,,7868,,8444,,8644
164,"Conciergerie",1,0,1,0,1,0,,9667,,975,,94,,12,,24,,44,,64,,72,,76,,2143,,3871,,6111,,7701,,8283,,8405
165,"Palazzo_Madama",,6,,6,,5,,5333,,575,,54,,1364,,1818,,3636,,4545,,5455,,6818,,2222,,2791,,4211,,4908,,5598,,6027
166,"Split_Rock_Lighthouse",,6,,6,,8,,7333,,7,,68,,12,,2,,32,,48,,6,,68,,2,,3,,4571,,5802,,6462,,68
167,"The_Little_Mermaid_Denmark",,8,,8,,6,,5667,,475,,46,,2143,,4286,,5,,5714,,5714,,6429,,338,,5581,,5455,,569,,5188,,5363
168,"Great_Pyramid_of_Giza",,2,,5,,7,,6,,55,,5,,0667,,2667,,4,,5333,,6667,,6667,,1,,3478,,5091,,5647,,6027,,5714
169,"Pitti_Palace",1,0,,8,,65,,7333,,725,,72,,2273,,2727,,3636,,5455,,6364,,6364,,3704,,4068,,4664,,6256,,6778,,6756
170,"Georgia_State_Capitol",,0,,1,,25,,3,,225,,2,,0,,0526,,2105,,2105,,2105,,2105,,0,,069,,2286,,2474,,2175,,2051
171,"Dome_des_Invalides",1,0,1,0,1,0,,9667,,975,,98,,2,,36,,52,,52,,6,,68,,3333,,5294,,6842,,6762,,7429,,8029
172,"Reggia_di_Caserta",,8,,8,,8,,7333,,75,,72,,16,,28,,56,,6,,76,,76,,2667,,4148,,6588,,66,,755,,7395
173,"The_Burj_al_Arab_Hotel",,6,,7,,8,,8333,,75,,78,,12,,24,,4,,56,,6,,76,,2,,3574,,5333,,6699,,6667,,7699
174,"Elephanta_Caves",,6,,7,,75,,8,,7,,72,,125,,25,,5,,5833,,625,,625,,2069,,3684,,6,,6747,,6604,,6691
175,"Basilica_of_Santa_Croce",1,0,1,0,1,0,1,0,1,0,1,0,,2,,28,,48,,6,,64,,72,,3333,,4375,,6486,,75,,7805,,8372
176,"Aachen_Cathedral",1,0,1,0,,95,,9667,,9,,9,,2,,32,,4,,48,,52,,64,,3333,,4848,,563,,6415,,6592,,7481
177,"Monument_to_the_Great_Fire_of_London",,4,,5,,5,,5333,,5,,56,,08,,2,,32,,4,,44,,56,,1333,,2857,,3902,,4571,,4681,,56
178,"Longmen_Grottoes",,8,,8,,65,,6333,,6,,62,,16,,28,,4,,44,,56,,68,,2667,,4148,,4952,,5193,,5793,,6486
179,"Louisiana_State_Capitol",,2,,3,,4,,4333,,45,,42,,04,,12,,32,,4,,4,,48,,0667,,1714,,3556,,416,,4235,,448
180,"The_Great_Sphinx_at_Giza",1,0,,9,,85,,7333,,7,,72,,2,,32,,4,,48,,52,,68,,3333,,4721,,544,,5802,,5967,,6994
181,"Teatro_Real_Madrid",,6,,6,,65,,7,,65,,6,,1304,,2609,,3913,,6087,,6957,,6957,,2143,,3636,,4885,,6512,,6721,,6443
182,"Palacio_de_la_Magdalena",,6,,8,,7,,6333,,7,,7,,12,,28,,4,,48,,68,,76,,2,,4148,,5091,,5461,,6899,,7288
183,"Sowjetisches_Ehrenmal",1,0,,8,,7,,6333,,65,,64,,2,,32,,48,,56,,64,,68,,3333,,4571,,5695,,5944,,645,,6594
184,"Cathedral_of_Trier",1,0,,8,,75,,8,,775,,76,,16,,24,,36,,6,,72,,76,,2759,,3692,,4865,,6857,,7465,,76
185,"Saint_Mary_of_the_Flower",,0,,1,,2,,2333,,25,,3,,0,,04,,12,,2,,24,,24,,0,,0571,,15,,2154,,2449,,2667
186,"Skellig_Michael",,6,,7,,75,,7,,675,,68,,12,,24,,4,,48,,52,,56,,2,,3574,,5217,,5695,,5874,,6142
187,"Chicago_Board_of_Trade_Building",,4,,6,,7,,6667,,625,,62,,0909,,2273,,4091,,4545,,5909,,6818,,1481,,3297,,5164,,5405,,6075,,6494
188,"Pont_de_Normandie_France",,8,,9,,9,,8,,75,,72,,2105,,3684,,6316,,8421,,9474,,9474,,3333,,5228,,7423,,8205,,8372,,8182
189,"Palazzo_Rosso",,2,,2,,15,,1,,075,,1,,0417,,0833,,125,,125,,125,,1667,,069,,1176,,1364,,1111,,0937,,125
190,"Piazza_Vittorio_Veneto",,4,,4,,35,,3667,,375,,34,,0625,,1875,,375,,5,,5625,,625,,1081,,2553,,3621,,4231,,45,,4404
191,"Sforza_Castle",1,0,,9,,9,,9,,9,,88,,2,,32,,52,,6,,64,,64,,3333,,4721,,6592,,72,,7481,,7411
192,"Torres_KIO",,6,,7,,65,,7333,,7,,74,,12,,24,,36,,48,,52,,64,,2,,3574,,4634,,5802,,5967,,6864
193,"Torre_Picasso",1,0,1,0,,9,,8667,,85,,82,,1667,,3333,,5,,5833,,6667,,7083,,2857,,5,,6429,,6973,,7473,,7601
194,"The_Palace_of_Parliament_in_Bucharest",,6,,6,,75,,7667,,775,,8,,08,,2,,44,,6,,68,,72,,1412,,3,,5546,,6732,,7244,,7579
195,"Ernest_Hemingway_House",,8,,7,,75,,7333,,775,,74,,16,,28,,4,,52,,64,,64,,2667,,4,,5217,,6085,,7011,,6864
196,"Castel_dellOvo_Napoli",,8,,9,,85,,8667,,85,,84,,16,,28,,56,,6,,6,,68,,2667,,4271,,6752,,7091,,7034,,7516
197,"Villa_Borghese_gardens",1,0,1,0,1,0,1,0,1,0,,96,,2,,32,,52,,6,,76,,76,,3333,,4848,,6842,,75,,8636,,8484
198,"Saint_Marks_Basilica",,6,,8,,9,,9333,,925,,94,,12,,2,,28,,48,,56,,56,,2,,32,,4271,,634,,6976,,7019
199,"Mausoleum_of_the_First_Qin_Emperor",,8,,8,,75,,8333,,85,,84,,16,,24,,36,,52,,56,,64,,2667,,3692,,4865,,6404,,6752,,7265
200,"Mausoleum_of_Hadrian",1,0,,5,,55,,5333,,575,,6,,1667,,1667,,3333,,3889,,5,,5,,2857,,25,,4151,,4498,,5349,,5455
201,"Piazza_de_Ferrari",1,0,1,0,,95,,9333,,95,,94,,2105,,3158,,3684,,4737,,5263,,5789,,3478,,48,,5309,,6284,,6774,,7166
202,"George_Washington_Carver",,4,,5,,6,,6,,575,,54,,125,,25,,4375,,5,,625,,6875,,1905,,3333,,506,,5455,,599,,6049
203,"Cathedral_of_Santiago_de_Compostela",,8,,7,,75,,7333,,675,,68,,2353,,2941,,5294,,7059,,7059,,7059,,3636,,4142,,6207,,7193,,6901,,6927
204,"Saint-Jacques_Tower",,8,,8,,85,,8667,,85,,88,,3077,,3846,,5385,,6923,,6923,,7692,,4444,,5195,,6593,,7697,,7631,,8209
205,"Calakmul_Campeche_Mexico",,8,,9,,85,,8,,775,,74,,1429,,2857,,5,,6429,,7143,,7857,,2424,,4337,,6296,,7129,,7434,,7622
206,"Bran_Castle_in_Transylvania",,6,,8,,85,,8333,,85,,86,,1579,,3684,,5789,,6842,,7368,,7895,,25,,5045,,6888,,7514,,7894,,8232
207,"Mosteiro_da_Batalha",1,0,1,0,1,0,1,0,1,0,1,0,,2105,,3158,,5263,,6316,,7368,,7368,,3478,,48,,6897,,7742,,8485,,8485
208,"Wartburg_Castle",1,0,,8,,9,,8667,,85,,84,,2,,25,,4,,65,,7,,85,,3333,,381,,5538,,7429,,7677,,845
209,"Fujian_Tulou_Fujian_China",1,0,1,0,1,0,1,0,,925,,94,,2222,,3889,,6667,,6667,,6667,,7222,,3636,,56,,8,,8,,7749,,8168
210,"Alabama_State_Capitol",,8,,9,,8,,7667,,7,,66,,1905,,2381,,4286,,4762,,619,,6667,,3077,,3766,,5581,,5875,,657,,6633
211,"Palazzo_dAccursio",,6,,7,,75,,6667,,6,,6,,1667,,3333,,4444,,5556,,6111,,6111,,2609,,4516,,5581,,6061,,6055,,6055
212,"Casa_Grande_Ruins",,6,,6,,7,,7,,7,,72,,1765,,2941,,4706,,5294,,5882,,6471,,2727,,3947,,5628,,6029,,6393,,6816
213,"Stravinsky_Fountain",1,0,1,0,,95,,9,,9,,88,,2,,4,,4,,4667,,5333,,6,,3333,,5714,,563,,6146,,6698,,7135
214,"Angel_Falls_Venezuela",,0,,2,,3,,4333,,45,,48,,0,,1176,,2941,,4706,,5294,,6471,,0,,1481,,297,,4512,,4865,,5511
215,"Statue_of_George_IV",,0,,3,,4,,3667,,275,,28,,0,,25,,875,,875,,875,1,0,,0,,2727,,549,,5168,,4185,,4375
216,"Palacio_Barolo",,8,,9,,9,,9333,,925,,9,,1765,,2353,,4118,,5294,,5882,,5882,,2892,,3731,,565,,6756,,7191,,7115
217,"Bridge_of_Remembrance_Christchurch_New_Zealand",,6,,4,,45,,5333,,5,,46,,1667,,1667,,5833,,6667,,6667,,75,,2609,,2353,,5081,,5926,,5714,,5702
218,"John_A._Roebling_Suspension_Bridge",,8,,7,,65,,6,,6,,6,,2,,3333,,6,,8,,8667,,9333,,32,,4516,,624,,6857,,7091,,7304
219,"Blue_Dome_Santorini",1,0,1,0,,95,,9,,825,,8,,3125,,375,,75,,875,,9375,1,0,,4762,,5455,,8382,,8873,,8777,,8889
220,"Fossar_de_les_Moreres",,6,,4,,35,,4333,,425,,42,,1429,,1429,,2857,,5714,,7857,,7857,,2308,,2105,,3146,,4929,,5516,,5474
221,"Luxor_Obelisk_France",,8,,9,,8,,8333,,8,,82,,1875,,3125,,3125,,4375,,5,,5,,3038,,4639,,4494,,5738,,6154,,6212
222,"Valle_de_los_Caidos",,8,,8,,8,,8333,,875,,84,,2,,3,,4,,45,,6,,75,,32,,4364,,5333,,5844,,7119,,7925
--------------------
"--","Avg.",P@5,P@10,P@20,P@30,P@40,P@50,CR@5,CR@10,CR@20,CR@30,CR@40,CR@50,F1@5,F1@10,F1@20,F1@30,F1@40,F1@50
,,,7342,,7495,,7547,,7471,,7383,,7348,,1479,,2556,,4267,,5319,,6042,,6638,,2441,,3776,,5365,,611,,6534,,6853