--------------------
"Run name","output_runCOSINEDunnIndex"
--------------------
"Average P@20 = ",,7349
"Average CR@20 = ",,4172
"Average F1@20 = ",,523
--------------------
"Query Id ","Location name",P@5,P@10,P@20,P@30,P@40,P@50,CR@5,CR@10,CR@20,CR@30,CR@40,CR@50,F1@5,F1@10,F1@20,F1@30,F1@40,F1@50
1,"angel_of_the_north",1,0,1,0,1,0,,9667,,975,,98,,16,,32,,48,,52,,64,,68,,2759,,4848,,6486,,6762,,7728,,8029
2,"big_ben",,8,,9,,85,,7667,,7,,7,,1364,,1818,,3182,,5,,5455,,5455,,233,,3025,,463,,6053,,6131,,6131
3,"hearst_castle",,8,,9,,9,,9333,,9,,92,,125,,2917,,5,,7083,,75,,8333,,2162,,4406,,6429,,8054,,8182,,8745
4,"la_madeleine",,2,,5,,5,,4667,,425,,4,,0714,,2857,,4286,,5714,,6429,,7143,,1053,,3636,,4615,,5138,,5117,,5128
5,"pont_alexandre_iii",1,0,1,0,,9,,9,,9,,88,,2,,28,,48,,6,,76,,8,,3333,,4375,,6261,,72,,8241,,8381
6,"neues_museum",,4,,7,,7,,7,,725,,74,,08,,2,,36,,52,,64,,72,,1333,,3111,,4755,,5967,,6799,,7299
7,"montezuma_castle",,8,,6,,7,,4667,,4,,48,,25,,3333,,5,,5,,5833,,75,,381,,4286,,5833,,4828,,4746,,5854
8,"cn_tower",1,0,,8,,7,,6667,,6,,62,,125,,25,,375,,4583,,5,,5833,,2222,,381,,4884,,5432,,5455,,6011
9,"acropolis_athens",,8,,7,,8,,8333,,8,,78,,1429,,1905,,4286,,5238,,5714,,619,,2424,,2995,,5581,,6433,,6667,,6903
10,"agra_fort",,8,,9,,85,,8333,,85,,82,,16,,24,,32,,44,,56,,64,,2667,,3789,,465,,5759,,6752,,7189
11,"albert_memorial",,2,,4,,65,,7,,75,,74,,0455,,1818,,4545,,4545,,5455,,5455,,0741,,25,,535,,5512,,6316,,628
12,"altes_museum",1,0,,8,,7,,7667,,8,,78,,2083,,3333,,4583,,5417,,7083,,75,,3448,,4706,,554,,6348,,7514,,7647
13,"amiens_cathedral",1,0,1,0,,9,,9,,925,,94,,2,,32,,44,,64,,68,,84,,3333,,4848,,591,,7481,,7838,,8872
14,"angkor_wat",1,0,1,0,,95,,8667,,85,,8,,16,,36,,6,,6,,6,,6,,2759,,5294,,7355,,7091,,7034,,6857
15,"ara_pacis",,6,,6,,65,,6667,,65,,62,,1364,,1818,,4091,,5,,6818,,7273,,2222,,2791,,5021,,5714,,6655,,6694
16,"arc_de_triomphe",1,0,1,0,,9,,8,,75,,76,,2083,,3333,,5,,5417,,625,,6667,,3448,,5,,6429,,646,,6818,,7103
17,"aztec_ruins",,0,,0,,2,,2667,,275,,3,,0,,0,,16,,28,,32,,4,,0,,0,,1778,,2732,,2958,,3429
18,"berlin_cathedral",1,0,,9,,95,,9667,,95,,94,,2,,28,,52,,64,,72,,72,,3333,,4271,,6721,,7701,,8192,,8154
19,"bok_tower_gardens",1,0,1,0,,95,,9667,,975,,98,,2,,4,,64,,68,,72,,76,,3333,,5714,,7648,,7984,,8283,,8561
20,"brandenburg_gate",,8,,9,,85,,9,,9,,9,,16,,32,,4,,56,,56,,68,,2667,,4721,,544,,6904,,6904,,7747
21,"cabrillo",,2,,1,,15,,1,,125,,14,,0769,,0769,,2308,,2308,,3077,,3846,,1111,,087,,1818,,1395,,1778,,2053
22,"casa_batllo",1,0,,9,,95,,9667,,975,,96,,2,,28,,52,,68,,76,,84,,3333,,4271,,6721,,7984,,8542,,896
23,"casa_rosada",,6,,7,,85,,8,,775,,82,,12,,24,,4,,48,,56,,6,,2,,3574,,544,,6,,6502,,693
24,"castillo_de_san_marcos",,6,,7,,75,,7667,,825,,8,,12,,28,,4,,52,,6,,68,,2,,4,,5217,,6197,,6947,,7351
25,"chartres_cathedral",1,0,1,0,1,0,,9667,,95,,96,,16,,32,,52,,64,,64,,76,,2759,,4848,,6842,,7701,,7648,,8484
26,"chichen_itza",,8,,9,,85,,8667,,85,,88,,16,,32,,44,,52,,64,,68,,2667,,4721,,5798,,65,,7302,,7672
27,"christ_the_redeemer_rio",,4,,5,,5,,5,,5,,5,,087,,1739,,3478,,4348,,5217,,5652,,1429,,2581,,4103,,4651,,5106,,5306
28,"civic_center_san_francisco",,8,,6,,6,,5667,,5,,5,,12,,2,,36,,44,,48,,56,,2087,,3,,45,,4954,,4898,,5283
29,"cologne_cathedral",1,0,1,0,,95,,9,,875,,88,,2,,36,,48,,56,,76,,8,,3333,,5294,,6378,,6904,,8135,,8381
30,"colosseum",1,0,,9,,9,,8333,,875,,9,,2,,32,,52,,6,,68,,68,,3333,,4721,,6592,,6977,,7653,,7747
31,"doge_s_palace",,6,,8,,9,,9,,875,,88,,08,,24,,4,,4,,48,,6,,1412,,3692,,5538,,5538,,6199,,7135
32,"eiffel_tower",1,0,,9,,85,,9,,875,,86,,16,,24,,44,,56,,64,,64,,2759,,3789,,5798,,6904,,7393,,7339
33,"golden_gate_bridge",1,0,,9,,85,,7667,,775,,8,,1739,,2174,,3478,,4783,,5217,,6522,,2963,,3502,,4936,,5891,,6236,,7186
34,"grand_palais",1,0,,8,,8,,8333,,875,,88,,1818,,2727,,3636,,5,,5909,,7273,,3077,,4068,,5,,625,,7054,,7964
35,"guggenheim_museum_bilbao",1,0,,9,,95,,9667,,975,,98,,08,,2,,44,,48,,48,,56,,1481,,3273,,6014,,6415,,6433,,7127
36,"hagia_sophia_istanbul",1,0,1,0,1,0,1,0,1,0,,98,,16,,24,,32,,44,,56,,64,,2759,,3871,,4848,,6111,,7179,,7743
37,"hoover_dam",1,0,1,0,1,0,,9333,,95,,92,,2,,32,,44,,6,,76,,76,,3333,,4848,,6111,,7304,,8444,,8324
38,"humayun_tomb",1,0,,9,,9,,8,,775,,8,,16,,24,,56,,68,,76,,8,,2759,,3789,,6904,,7351,,7674,,8
39,"iguazu_falls",,6,,5,,65,,7,,725,,78,,12,,2,,36,,48,,56,,68,,2,,2857,,4634,,5695,,6319,,7266
40,"iolani_palace",,6,,6,,65,,6333,,6,,68,,12,,2,,36,,48,,68,,72,,2,,3,,4634,,5461,,6375,,6994
41,"la_mezquita",,2,,4,,35,,4333,,45,,44,,0417,,1667,,2917,,4583,,4583,,4583,,069,,2353,,3182,,4455,,4541,,449
42,"la_rambla_barcelona",1,0,1,0,1,0,,9333,,9,,9,,12,,24,,44,,48,,56,,68,,2143,,3871,,6111,,634,,6904,,7747
43,"la_sainte_chapelle",1,0,1,0,1,0,,9667,,975,,98,,12,,24,,44,,68,,76,,76,,2143,,3871,,6111,,7984,,8542,,8561
44,"liberty_memorial",,6,,7,,6,,6667,,625,,64,,12,,24,,4,,44,,52,,6,,2,,3574,,48,,5301,,5677,,6194
45,"lincoln_home",,6,,6,,75,,7333,,675,,64,,1667,,2222,,3889,,5556,,5556,,6111,,2609,,3243,,5122,,6322,,6095,,6252
46,"machu_picchu",,8,,7,,75,,7667,,775,,78,,16,,24,,48,,56,,6,,68,,2667,,3574,,5854,,6472,,6764,,7266
47,"marble_arch_london",,4,,2,,15,,2,,2,,2,,1667,,1667,,25,,4167,,5,,6667,,2353,,1818,,1875,,2703,,2857,,3077
48,"milan_cathedral",1,0,1,0,,95,,9333,,95,,94,,16,,28,,48,,52,,64,,68,,2759,,4375,,6378,,6679,,7648,,7891
49,"mole_antonelliana",1,0,1,0,,8,,7,,7,,64,,2,,28,,4,,44,,48,,52,,3333,,4375,,5333,,5404,,5695,,5738
50,"mont_saint_michel",,6,,7,,85,,8333,,825,,84,,12,,24,,48,,56,,68,,76,,2,,3574,,6135,,6699,,7455,,798
51,"moulin_rouge",,2,,1,,1,,1,,15,,16,,125,,125,,25,,375,,625,,75,,1538,,1111,,1429,,1579,,2419,,2637
52,"nelson_s_column",,4,,7,,8,,8333,,85,,88,,0417,,25,,5,,5833,,625,,7917,,0755,,3684,,6154,,6863,,7203,,8335
53,"notre_dame_de_paris",1,0,1,0,,9,,9,,9,,9,,2,,32,,4,,56,,64,,68,,3333,,4848,,5538,,6904,,7481,,7747
54,"obelisco",,0,,1,,1,,1,,125,,12,,0,,0909,,1818,,2727,,3636,,4545,,0,,0952,,129,,1463,,186,,1899
55,"piccadilly_circus",,6,,5,,6,,5667,,6,,6,,1304,,2174,,2609,,4348,,5652,,5652,,2143,,303,,3636,,492,,5821,,5821
56,"place_de_la_concorde",1,0,1,0,1,0,1,0,1,0,1,0,,16,,36,,52,,64,,64,,72,,2759,,5294,,6842,,7805,,7805,,8372
57,"place_de_la_republique",,4,,2,,2,,1667,,15,,14,,25,,25,,375,,5,,625,,625,,3077,,2222,,2609,,25,,2419,,2288
58,"place_des_vosges",,8,,8,,75,,7333,,7,,7,,12,,2,,36,,52,,6,,64,,2087,,32,,4865,,6085,,6462,,6687
59,"pont_du_gard",1,0,,9,,85,,7333,,7,,72,,16,,24,,36,,36,,44,,48,,2759,,3789,,5058,,4829,,5404,,576
60,"pont_neuf",,6,,5,,45,,5333,,6,,6,,12,,16,,28,,4,,56,,64,,2,,2424,,3452,,4571,,5793,,6194
61,"ponte_vecchio",,8,,7,,8,,8,,775,,74,,1667,,2917,,375,,5417,,5833,,6667,,2759,,4118,,5106,,646,,6656,,7014
62,"puerta_de_alcala",,4,,4,,45,,4667,,475,,46,,1053,,2105,,4737,,6316,,6842,,7368,,1667,,2759,,4615,,5367,,5607,,5664
63,"puerta_del_sol",,4,,6,,5,,5,,5,,48,,1,,25,,35,,45,,55,,65,,16,,3529,,4118,,4737,,5238,,5522
64,"red_fort",1,0,1,0,,95,,9667,,975,,98,,2,,36,,56,,68,,8,,84,,3333,,5294,,7046,,7984,,8789,,9046
65,"reims_cathedral",1,0,1,0,,9,,9,,925,,94,,16,,32,,52,,6,,68,,68,,2759,,4848,,6592,,72,,7838,,7891
66,"rialto_bridge",,6,,5,,7,,5667,,525,,5,,1875,,3125,,5,,5625,,6875,,6875,,2857,,3846,,5833,,5646,,5954,,5789
67,"roman_forum_rome",1,0,,9,,85,,8667,,875,,88,,2,,32,,52,,68,,76,,8,,3333,,4721,,6453,,7621,,8135,,8381
68,"sacre_coeur",1,0,,8,,55,,6333,,6,,64,,2083,,3333,,4583,,5,,5417,,5417,,3448,,4706,,5,,5588,,5693,,5867
69,"sagrada_familia",,8,,9,,85,,9,,875,,88,,12,,28,,4,,44,,44,,52,,2087,,4271,,544,,591,,5856,,6537
70,"santa_maria_novella",,4,,6,,6,,5667,,575,,52,,08,,2,,36,,4,,52,,56,,1333,,3,,45,,469,,5461,,5393
71,"schonbrunn_palace",1,0,1,0,,85,,8667,,9,,92,,2,,32,,52,,6,,72,,76,,3333,,4848,,6453,,7091,,8,,8324
72,"seville_cathedral",1,0,1,0,,85,,9,,925,,94,,16,,36,,44,,56,,72,,76,,2759,,5294,,5798,,6904,,8097,,8405
73,"spanish_steps",1,0,,8,,8,,7667,,7,,66,,1818,,3182,,5,,5455,,6364,,7273,,3077,,4553,,6154,,6374,,6667,,692
74,"st__basil_cathedral",,8,,9,,95,,9,,925,,92,,16,,36,,52,,64,,72,,76,,2667,,5143,,6721,,7481,,8097,,8324
75,"statue_of_liberty",1,0,,9,,9,,9333,,875,,86,,2,,32,,56,,64,,68,,76,,3333,,4721,,6904,,7593,,7653,,8069
76,"stonehenge",,4,,7,,75,,6333,,575,,56,,1053,,2105,,4737,,5263,,5263,,5263,,1667,,3237,,5806,,5749,,5496,,5426
77,"summer_palace_beijing",1,0,,8,,85,,8667,,825,,8,,16,,2,,44,,52,,6,,76,,2759,,32,,5798,,65,,6947,,7795
78,"sydney_opera_house",1,0,,8,,85,,8667,,85,,86,,2,,32,,48,,48,,6,,64,,3333,,4571,,6135,,6178,,7034,,7339
79,"teotihuacan",1,0,,8,,8,,8667,,8,,8,,2,,28,,48,,6,,64,,64,,3333,,4148,,6,,7091,,7111,,7111
80,"terracotta_army",,4,,6,,75,,7667,,8,,72,,1,,25,,6,,7,,75,,75,,16,,3529,,6667,,7318,,7742,,7347
81,"the_blue_mosque",,8,,8,,85,,9,,9,,92,,16,,28,,48,,56,,64,,72,,2667,,4148,,6135,,6904,,7481,,8078
82,"the_henry_ford",,2,,4,,55,,5667,,525,,52,,04,,16,,28,,36,,44,,56,,0667,,2286,,3711,,4403,,4788,,5393
83,"taj_mahal",,6,,7,,8,,8333,,825,,86,,12,,28,,4,,56,,68,,84,,2,,4,,5333,,6699,,7455,,8499
84,"tour_montparnasse",,4,,3,,4,,3667,,425,,44,,1,,1,,35,,4,,6,,65,,16,,15,,3733,,3826,,4976,,5248
85,"tower_bridge_london",,4,,4,,4,,5,,525,,56,,08,,16,,24,,36,,4,,56,,1333,,2286,,3,,4186,,4541,,56
86,"trafalgar_square",,6,,7,,6,,6,,575,,56,,1364,,3182,,4091,,4091,,4545,,5455,,2222,,4375,,4865,,4865,,5077,,5526
87,"leaning_tower_of_pisa",,6,,7,,75,,6667,,7,,7,,08,,2,,32,,4,,56,,68,,1412,,3111,,4486,,5,,6222,,6899
88,"hermitage_museum_saint_petersburg",,8,,9,,9,,8333,,8,,78,,16,,32,,56,,6,,72,,72,,2667,,4721,,6904,,6977,,7579,,7488
89,"jantar_mantar_jaipur",1,0,1,0,,9,,9,,9,,88,,16,,32,,52,,56,,68,,76,,2759,,4848,,6592,,6904,,7747,,8156
90,"lake_titicaca_peru",,6,,7,,6,,6,,6,,56,,125,,25,,3333,,5,,625,,6667,,2069,,3684,,4286,,5455,,6122,,6087
91,"the_great_wall_of_china",,8,,9,,9,,8333,,8,,8,,16,,24,,48,,56,,68,,8,,2667,,3789,,6261,,6699,,7351,,8
92,"grande_arche_paris",,6,,5,,6,,5667,,525,,52,,12,,2,,32,,4,,52,,56,,2,,2857,,4174,,469,,5225,,5393
93,"el_angel_mexico",,4,,5,,4,,4667,,45,,4,,0476,,1429,,2381,,381,,4762,,5238,,0851,,2222,,2985,,4195,,4627,,4536
94,"bibliotheque_nationale_de_france",,8,,8,,9,,8667,,825,,8,,16,,32,,48,,52,,64,,68,,2667,,4571,,6261,,65,,7208,,7351
95,"kronborg_castle",1,0,,8,,8,,8333,,85,,86,,1667,,1667,,375,,4583,,5,,5417,,2857,,2759,,5106,,5914,,6296,,6647
96,"ajanta_caves",1,0,,9,,95,,9333,,95,,92,,2273,,2727,,5,,6364,,6364,,6364,,3704,,4186,,6552,,7568,,7622,,7523
97,"atomium",1,0,,9,,85,,8667,,825,,86,,1905,,2857,,4762,,5714,,5714,,7143,,32,,4337,,6104,,6887,,6752,,7804
98,"ellora_caves",1,0,1,0,1,0,,9667,,975,,96,,2273,,2727,,4545,,5909,,6364,,6364,,3704,,4286,,625,,7335,,7701,,7654
99,"potala_palace",,6,,7,,65,,6667,,65,,62,,1667,,3889,,5,,6111,,6667,,6667,,2609,,5,,5652,,6377,,6582,,6425
100,"jokhang",,6,,7,,8,,7333,,725,,7,,12,,2,,44,,6,,72,,84,,2,,3111,,5677,,66,,7225,,7636
101,"rila_monastery",,6,,6,,75,,8,,825,,86,,12,,16,,28,,28,,4,,48,,2,,2526,,4078,,4148,,5388,,6161
102,"louvre_pyramid",,8,,7,,85,,8,,775,,8,,1111,,2778,,3889,,5556,,6111,,7222,,1951,,3977,,5336,,6557,,6834,,7591
103,"brooklyn_bridge",1,0,1,0,,95,,9,,9,,9,,2381,,4286,,619,,6667,,7619,,7619,,3846,,6,,7496,,766,,8252,,8252
104,"tower_of_london",,8,,6,,65,,7,,725,,7,,1739,,1739,,3478,,4783,,6522,,6957,,2857,,2697,,4532,,5683,,6867,,6978
105,"british_museum_london",1,0,,9,,95,,9667,,975,,94,,15,,2,,45,,55,,6,,6,,2609,,3273,,6107,,7011,,7429,,7325
106,"buckingham_palace",,4,,5,,6,,4333,,425,,46,,1,,2,,35,,4,,5,,55,,16,,2857,,4421,,416,,4595,,501
107,"charles_bridge_prague",1,0,,9,,65,,7333,,75,,76,,125,,2083,,3333,,5417,,625,,75,,2222,,3383,,4407,,6231,,6818,,755
108,"champs_elysees_paris",,2,,1,,25,,2667,,325,,3,,0667,,0667,,2,,3333,,4,,4667,,1,,08,,2222,,2963,,3586,,3652
109,"chrysler_building",1,0,1,0,,95,,9,,9,,9,,2143,,4286,,6429,,7143,,7857,,7857,,3529,,6,,7668,,7965,,839,,839
110,"moma_new_york",1,0,,8,,9,,8667,,85,,84,,2105,,2632,,4211,,4211,,4737,,6316,,3478,,396,,5737,,5668,,6083,,721
111,"grand_central_terminal",1,0,,9,,9,,9333,,925,,92,,1905,,2381,,4286,,4762,,5714,,5714,,32,,3766,,5806,,6306,,7064,,705
112,"houses_of_parliament",1,0,,8,,75,,8333,,85,,84,,1739,,2609,,3913,,5652,,6087,,6087,,2963,,3934,,5143,,6736,,7094,,7059
113,"alexanderplatz_berlin",,6,,7,,6,,6667,,675,,68,,12,,24,,32,,48,,48,,56,,2,,3574,,4174,,5581,,561,,6142
114,"centre_pompidou",,6,,6,,6,,6333,,625,,68,,1111,,2778,,5,,6667,,6667,,8333,,1875,,3797,,5455,,6496,,6452,,7489
115,"sydney_harbour_bridge",1,0,1,0,1,0,,9333,,95,,96,,25,,4375,,6875,,6875,,875,,875,,4,,6087,,8148,,7918,,911,,9155
116,"pier_39",,8,,9,,85,,8667,,85,,86,,1905,,3333,,381,,4286,,5238,,619,,3077,,4865,,5261,,5735,,6482,,7199
117,"coit_tower",,6,,6,,6,,6,,575,,52,,1333,,2667,,4667,,6,,6,,6,,2182,,3692,,525,,6,,5872,,5571
118,"st_paul_s_cathedral_london",,8,,7,,75,,6667,,65,,68,,2353,,3529,,4706,,5294,,6471,,7059,,3636,,4693,,5783,,5902,,6485,,6927
119,"cloud_gate",,6,,8,,75,,7667,,775,,76,,1667,,25,,4167,,5833,,5833,,6667,,2609,,381,,5357,,6626,,6656,,7103
120,"musee_d_orsay",1,0,1,0,,9,,9,,925,,94,,2381,,3333,,3333,,381,,5238,,619,,3846,,5,,4865,,5353,,6689,,7465
121,"pike_place_market",,6,,8,,8,,8,,85,,8,,1429,,381,,5238,,5714,,619,,6667,,2308,,5161,,6331,,6667,,7164,,7273
122,"royal_palace_madrid",,8,,9,,9,,8667,,85,,82,,1364,,3636,,5909,,6364,,6818,,7727,,233,,518,,7134,,7339,,7567,,7957
123,"sony_center_berlin",,8,,9,,9,,9,,875,,88,,1429,,2381,,381,,381,,4286,,4762,,2424,,3766,,5353,,5353,,5753,,618
124,"red_square_moscow",1,0,1,0,,7,,7,,65,,7,,1905,,3333,,381,,5714,,5714,,6667,,32,,5,,4934,,6292,,6082,,6829
125,"prague_castle",,6,,8,,9,,8333,,825,,82,,12,,24,,48,,52,,6,,64,,2,,3692,,6261,,6404,,6947,,7189
126,"musee_du_louvre",1,0,1,0,1,0,1,0,1,0,1,0,,16,,28,,44,,6,,6,,72,,2759,,4375,,6111,,75,,75,,8372
127,"millennium_bridge_london",,6,,7,,75,,8333,,8,,78,,12,,28,,4,,52,,6,,64,,2,,4,,5217,,6404,,6857,,7031
128,"casa_mila",,8,,9,,95,,9333,,95,,96,,12,,24,,4,,48,,48,,52,,2087,,3789,,563,,634,,6378,,6746
129,"national_gallery_london",,4,,7,,45,,4,,5,,48,,0909,,3182,,4091,,4545,,5909,,6364,,1481,,4375,,4286,,4255,,5417,,5472
130,"national_mall",1,0,,5,,55,,6,,625,,6,,16,,16,,32,,48,,6,,68,,2759,,2424,,4046,,5333,,6122,,6375
131,"london_city_hall",,6,,6,,65,,6667,,675,,7,,15,,3,,35,,5,,55,,6,,24,,4,,455,,5714,,6061,,6462
132,"holocaust_memorial",,6,,5,,4,,5333,,5,,44,,125,,25,,3125,,5625,,625,,625,,2069,,3333,,3509,,5475,,5556,,5164
133,"columbus_circle",,4,,3,,35,,4667,,425,,42,,08,,12,,24,,4,,52,,6,,1333,,1714,,2847,,4308,,4677,,4941
134,"siegessaeule",,6,,7,,65,,6667,,65,,66,,12,,2,,36,,52,,56,,64,,2,,3111,,4634,,5843,,6017,,6498
135,"jardin_du_luxembourg",1,0,1,0,1,0,,9333,,9,,92,,2,,4,,56,,64,,72,,84,,3333,,5714,,7179,,7593,,8,,8782
136,"merlion_singapore",,0,,5,,65,,5667,,525,,5,,0,,1818,,3182,,3636,,5,,5909,,0,,2667,,4272,,443,,5122,,5417
137,"harrods_london",1,0,1,0,,9,,9333,,875,,86,,16,,28,,4,,64,,68,,72,,2759,,4375,,5538,,7593,,7653,,7838
138,"metropolitan_museum_of_art_new_york",1,0,1,0,1,0,,9667,,975,,98,,2,,4,,56,,72,,72,,72,,3333,,5714,,7179,,8253,,8283,,8301
139,"new_york_stock_exchange",,4,,5,,35,,3333,,425,,46,,1,,2,,3,,4,,5,,6,,16,,2857,,3231,,3636,,4595,,5208
140,"stephansdom_vienna",1,0,1,0,1,0,,9667,,975,,92,,16,,36,,52,,56,,68,,72,,2759,,5294,,6842,,7092,,8012,,8078
141,"hms_belfast",1,0,1,0,,95,,9,,875,,82,,16,,32,,4,,4,,52,,56,,2759,,4848,,563,,5538,,6523,,6655
142,"leicester_square",1,0,1,0,,8,,7667,,75,,74,,12,,2,,32,,36,,4,,52,,2143,,3333,,4571,,4899,,5217,,6108
143,"ciudad_de_las_artes_y_las_ciencias",,8,,8,,85,,9,,925,,92,,16,,2,,4,,56,,72,,8,,2667,,32,,544,,6904,,8097,,8558
144,"topkapi_palace",1,0,1,0,,95,,9667,,95,,96,,2,,32,,48,,64,,76,,76,,3333,,4848,,6378,,7701,,8444,,8484
145,"royal_albert_hall",,8,,8,,6,,6,,625,,66,,12,,16,,28,,4,,48,,6,,2087,,2667,,3818,,48,,543,,6286
146,"st_vitus_cathedral",,8,,9,,9,,9,,9,,92,,12,,24,,36,,6,,72,,8,,2087,,3789,,5143,,72,,8,,8558
147,"castello_sforzesco",1,0,1,0,1,0,,9667,,925,,92,,12,,24,,44,,48,,56,,72,,2143,,3871,,6111,,6415,,6976,,8078
148,"rijksmuseum_amsterdam",1,0,1,0,1,0,1,0,1,0,1,0,,16,,32,,56,,64,,72,,76,,2759,,4848,,7179,,7805,,8372,,8636
149,"dam_square",,6,,6,,6,,6,,6,,6,,12,,24,,32,,4,,48,,6,,2,,3429,,4174,,48,,5333,,6
150,"rathaus_vienna",,8,,5,,5,,5,,575,,6,,08,,12,,28,,36,,44,,48,,1455,,1935,,359,,4186,,4985,,5333
151,"bath_abbey",1,0,1,0,1,0,,9667,,975,,96,,16,,28,,44,,6,,68,,72,,2759,,4375,,6111,,7404,,8012,,8229
152,"salisbury_cathedral",1,0,1,0,1,0,1,0,1,0,,98,,16,,24,,48,,52,,6,,68,,2759,,3871,,6486,,6842,,75,,8029
153,"templo_de_debod",,4,,6,,65,,6333,,55,,54,,0909,,2273,,4545,,5,,5455,,5909,,1481,,3297,,535,,5588,,5477,,5643
154,"Niagara_Falls",,6,,8,,75,,6333,,65,,58,,0909,,1818,,4545,,4545,,6364,,7273,,1579,,2963,,566,,5292,,6431,,6453
155,"Golden_Gate_Bridge_in_San_Francisco",,6,,8,,85,,9,,925,,94,,1364,,2727,,4091,,5909,,6818,,6818,,2222,,4068,,5523,,7134,,785,,7904
156,"Neuschwanstein_Castle",1,0,1,0,1,0,,9333,,95,,96,,16,,32,,44,,48,,56,,6,,2759,,4848,,6111,,634,,7046,,7385
157,"Christ_Church_Cathedral_Missouri",1,0,,9,,8,,8333,,775,,8,,16,,32,,36,,56,,6,,68,,2759,,4721,,4966,,6699,,6764,,7351
158,"Mount_Rushmore_in_South_Dakota",1,0,1,0,,95,,9333,,95,,92,,2,,32,,44,,44,,52,,6,,3333,,4848,,6014,,5981,,6721,,7263
159,"Puerta_de_Toledo",,2,,1,,05,,0333,,05,,04,,5,,5,,5,,5,1,0,1,0,,2857,,1667,,0909,,0625,,0952,,0769
160,"Urquhart_Castle",1,0,1,0,,9,,9,,925,,9,,1667,,2917,,5,,5833,,625,,7083,,2857,,4516,,6429,,7079,,746,,7927
161,"Gare_du_Nord_Paris",1,0,1,0,,9,,8667,,825,,8,,2,,32,,48,,56,,56,,6,,3333,,4848,,6261,,6804,,6671,,6857
162,"Newgrange_in_Ireland",,2,,6,,65,,6333,,65,,7,,0417,,1667,,2917,,3333,,4167,,5417,,069,,2609,,4027,,4368,,5078,,6107
163,"Windmills_at_Kinderdijk",1,0,,8,,85,,8667,,825,,84,,16,,16,,32,,44,,52,,52,,2759,,2667,,465,,5837,,6379,,6424
164,"Conciergerie",1,0,1,0,1,0,,9667,,95,,92,,16,,28,,44,,6,,68,,76,,2759,,4375,,6111,,7404,,7926,,8324
165,"Palazzo_Madama",,2,,3,,35,,4667,,45,,48,,0455,,1364,,3636,,6364,,7273,,7727,,0741,,1875,,3567,,5385,,556,,5922
166,"Split_Rock_Lighthouse",,8,,9,,85,,8,,775,,74,,16,,28,,4,,52,,56,,6,,2667,,4271,,544,,6303,,6502,,6627
167,"The_Little_Mermaid_Denmark",,8,,4,,45,,3667,,3,,36,,2143,,2143,,4286,,5,,5,,5714,,338,,2791,,439,,4231,,375,,4417
168,"Great_Pyramid_of_Giza",,4,,4,,4,,3667,,4,,42,,1333,,2,,3333,,4,,4667,,6,,2,,2667,,3636,,3826,,4308,,4941
169,"Pitti_Palace",,8,,6,,65,,6333,,675,,72,,1364,,1818,,3636,,4545,,5,,5909,,233,,2791,,4664,,5292,,5745,,6491
170,"Georgia_State_Capitol",1,0,,6,,35,,3333,,3,,34,,1579,,2105,,2105,,2632,,2632,,2632,,2727,,3117,,2629,,2941,,2804,,2967
171,"Dome_des_Invalides",1,0,1,0,,95,,9667,,95,,94,,2,,32,,48,,6,,68,,76,,3333,,4848,,6378,,7404,,7926,,8405
172,"Reggia_di_Caserta",1,0,,9,,8,,7333,,725,,68,,16,,24,,36,,48,,52,,56,,2759,,3789,,4966,,5802,,6056,,6142
173,"The_Burj_al_Arab_Hotel",,8,,7,,7,,7333,,75,,78,,16,,24,,36,,56,,64,,68,,2667,,3574,,4755,,6351,,6906,,7266
174,"Elephanta_Caves",,8,,8,,65,,7333,,7,,64,,125,,2917,,4583,,625,,6667,,6667,,2162,,4275,,5376,,6748,,6829,,6531
175,"Basilica_of_Santa_Croce",1,0,1,0,1,0,1,0,,975,,98,,16,,32,,6,,64,,64,,64,,2759,,4848,,75,,7805,,7728,,7743
176,"Aachen_Cathedral",1,0,1,0,1,0,,9667,,975,,98,,12,,2,,36,,52,,56,,72,,2143,,3333,,5294,,6762,,7114,,8301
177,"Monument_to_the_Great_Fire_of_London",,6,,7,,6,,5333,,625,,66,,12,,28,,48,,52,,8,,88,,2,,4,,5333,,5266,,7018,,7543
178,"Longmen_Grottoes",,4,,4,,5,,4333,,475,,52,,08,,16,,32,,44,,56,,64,,1333,,2286,,3902,,4366,,514,,5738
179,"Louisiana_State_Capitol",,6,,4,,3,,4,,35,,36,,12,,16,,2,,36,,4,,52,,2,,2286,,24,,3789,,3733,,4255
180,"The_Great_Sphinx_at_Giza",,8,,8,,8,,7333,,7,,7,,12,,24,,48,,6,,64,,68,,2087,,3692,,6,,66,,6687,,6899
181,"Teatro_Real_Madrid",,6,,7,,65,,6667,,675,,6,,1304,,3043,,3913,,4348,,5217,,6087,,2143,,4242,,4885,,5263,,5886,,6043
182,"Palacio_de_la_Magdalena",,8,,8,,75,,7333,,725,,76,,16,,28,,48,,64,,76,,76,,2667,,4148,,5854,,6835,,7421,,76
183,"Sowjetisches_Ehrenmal",,8,,7,,55,,5667,,6,,58,,16,,28,,32,,48,,64,,64,,2667,,4,,4046,,5197,,6194,,6085
184,"Cathedral_of_Trier",,6,,7,,75,,7667,,8,,82,,12,,28,,44,,56,,72,,8,,2,,4,,5546,,6472,,7579,,8099
185,"Saint_Mary_of_the_Flower",,4,,5,,45,,4333,,45,,44,,08,,12,,24,,24,,32,,36,,1333,,1935,,313,,3089,,374,,396
186,"Skellig_Michael",,6,,6,,55,,6,,625,,6,,12,,24,,32,,4,,56,,64,,2,,3429,,4046,,48,,5907,,6194
187,"Chicago_Board_of_Trade_Building",,6,,5,,6,,5667,,6,,56,,0909,,1818,,3636,,3636,,4545,,5909,,1579,,2667,,4528,,443,,5172,,575
188,"Pont_de_Normandie_France",1,0,1,0,,8,,7333,,7,,7,,2632,,4211,,5789,,6842,,6842,,8421,,4167,,5926,,6718,,7079,,692,,7645
189,"Palazzo_Rosso",,2,,2,,25,,1667,,125,,1,,0417,,0833,,2083,,2083,,2083,,2083,,069,,1176,,2273,,1852,,1562,,1351
190,"Piazza_Vittorio_Veneto",,2,,3,,3,,3,,325,,32,,0625,,1875,,25,,4375,,5625,,625,,0952,,2308,,2727,,3559,,412,,4233
191,"Sforza_Castle",,8,,8,,9,,8667,,875,,88,,12,,28,,4,,52,,64,,68,,2087,,4148,,5538,,65,,7393,,7672
192,"Torres_KIO",1,0,,9,,85,,8333,,8,,74,,2,,32,,48,,52,,6,,64,,3333,,4721,,6135,,6404,,6857,,6864
193,"Torre_Picasso",,8,,7,,65,,7333,,725,,76,,1667,,25,,375,,4167,,5,,6667,,2759,,3684,,4756,,5314,,5918,,7103
194,"The_Palace_of_Parliament_in_Bucharest",1,0,,7,,75,,7,,75,,78,,12,,2,,32,,4,,48,,52,,2143,,3111,,4486,,5091,,5854,,624
195,"Ernest_Hemingway_House",,8,,7,,75,,7,,7,,7,,16,,2,,4,,52,,56,,6,,2667,,3111,,5217,,5967,,6222,,6462
196,"Castel_dellOvo_Napoli",1,0,1,0,,9,,8,,8,,78,,16,,24,,44,,56,,68,,72,,2759,,3871,,591,,6588,,7351,,7488
197,"Villa_Borghese_gardens",1,0,1,0,1,0,,9667,,975,,98,,12,,28,,52,,64,,76,,8,,2143,,4375,,6842,,7701,,8542,,8809
198,"Saint_Marks_Basilica",1,0,,8,,8,,8667,,875,,88,,2,,24,,28,,56,,6,,64,,3333,,3692,,4148,,6804,,7119,,7411
199,"Mausoleum_of_the_First_Qin_Emperor",,8,,8,,85,,9,,925,,92,,08,,16,,36,,48,,64,,76,,1455,,2667,,5058,,6261,,7565,,8324
200,"Mausoleum_of_Hadrian",,4,,5,,6,,5667,,6,,54,,1111,,2222,,4444,,6111,,6667,,7222,,1739,,3077,,5106,,5881,,6316,,618
201,"Piazza_de_Ferrari",,8,,9,,9,,8333,,875,,9,,2105,,3684,,4737,,5263,,5789,,6316,,3333,,5228,,6207,,6452,,6968,,7423
202,"George_Washington_Carver",,2,,3,,4,,4667,,425,,44,,0625,,1875,,4375,,5,,5625,,5625,,0952,,2308,,4179,,4828,,4842,,4938
203,"Cathedral_of_Santiago_de_Compostela",1,0,,8,,75,,6667,,7,,7,,2941,,2941,,4706,,4706,,7059,,8235,,4545,,4301,,5783,,5517,,7029,,7568
204,"Saint-Jacques_Tower",,6,,8,,85,,7333,,7,,66,,2308,,3846,,5385,,6923,,7692,,7692,,3333,,5195,,6593,,7122,,733,,7104
205,"Calakmul_Campeche_Mexico",,6,,6,,65,,6333,,625,,62,,1429,,2857,,5714,,6429,,7857,,7857,,2308,,3871,,6082,,6381,,6962,,6931
206,"Bran_Castle_in_Transylvania",1,0,1,0,,95,,8667,,825,,84,,2105,,4737,,5263,,6316,,6316,,6842,,3478,,6429,,6774,,7307,,7154,,7541
207,"Mosteiro_da_Batalha",1,0,1,0,1,0,1,0,1,0,1,0,,2105,,4211,,5789,,6842,,7368,,7368,,3478,,5926,,7333,,8125,,8485,,8485
208,"Wartburg_Castle",,8,,9,,9,,8667,,9,,92,,15,,25,,5,,7,,9,,9,,2526,,3913,,6429,,7745,,9,,9099
209,"Fujian_Tulou_Fujian_China",1,0,,9,,85,,8667,,9,,88,,2778,,3333,,5,,6111,,6667,,6667,,4348,,4865,,6296,,7168,,766,,7586
210,"Alabama_State_Capitol",,6,,6,,55,,5,,525,,56,,1429,,2857,,4286,,5238,,5714,,619,,2308,,3871,,4818,,5116,,5472,,588
211,"Palazzo_dAccursio",,6,,6,,55,,4333,,4,,38,,1667,,2778,,3333,,3333,,3889,,4444,,2609,,3797,,4151,,3768,,3944,,4097
212,"Casa_Grande_Ruins",,8,,7,,7,,6333,,65,,7,,2353,,2941,,4118,,4118,,5294,,5882,,3636,,4142,,5185,,4991,,5835,,6393
213,"Stravinsky_Fountain",1,0,,8,,8,,7333,,775,,76,,1333,,2,,2667,,2667,,4667,,5333,,2353,,32,,4,,3911,,5826,,6268
214,"Angel_Falls_Venezuela",,2,,5,,5,,5333,,525,,56,,0588,,2941,,5294,,5882,,6471,,7647,,0909,,3704,,5143,,5594,,5797,,6465
215,"Statue_of_George_IV",,4,,2,,15,,1333,,15,,2,,25,,25,,25,,375,,5,,5,,3077,,2222,,1875,,1967,,2308,,2857
216,"Palacio_Barolo",,6,,8,,75,,8,,825,,86,,1176,,2941,,5294,,7059,,7647,,8824,,1967,,4301,,6207,,75,,7937,,871
217,"Bridge_of_Remembrance_Christchurch_New_Zealand",,6,,4,,4,,4,,325,,34,,25,,3333,,5,,6667,,6667,,9167,,3529,,3636,,4444,,5,,437,,496
218,"John_A._Roebling_Suspension_Bridge",,2,,2,,25,,4,,45,,48,,0667,,1333,,3333,,5333,,6667,,8,,1,,16,,2857,,4571,,5373,,6
219,"Blue_Dome_Santorini",,8,,7,,75,,7667,,725,,74,,25,,4375,,625,,6875,,75,,75,,381,,5385,,6818,,7249,,7373,,745
220,"Fossar_de_les_Moreres",,4,,3,,4,,5,,475,,46,,1429,,2143,,3571,,5,,7143,,7143,,2105,,25,,3774,,5,,5706,,5596
221,"Luxor_Obelisk_France",1,0,1,0,,9,,8,,75,,76,,1875,,25,,375,,375,,4375,,5,,3158,,4,,5294,,5106,,5526,,6032
222,"Valle_de_los_Caidos",1,0,,9,,9,,9,,875,,88,,2,,3,,5,,65,,75,,85,,3333,,45,,6429,,7548,,8077,,8647
--------------------
"--","Avg.",P@5,P@10,P@20,P@30,P@40,P@50,CR@5,CR@10,CR@20,CR@30,CR@40,CR@50,F1@5,F1@10,F1@20,F1@30,F1@40,F1@50
,,,7468,,7414,,7349,,7266,,7236,,7229,,149,,2595,,4172,,5172,,6012,,6636,,2439,,3773,,523,,5924,,642,,6765