--------------------
"Run name","output_runCNN_ADXBIndex"
--------------------
"Average P@20 = ",,7631
"Average CR@20 = ",,4076
"Average F1@20 = ",,5205
--------------------
"Query Id ","Location name",P@5,P@10,P@20,P@30,P@40,P@50,CR@5,CR@10,CR@20,CR@30,CR@40,CR@50,F1@5,F1@10,F1@20,F1@30,F1@40,F1@50
1,"angel_of_the_north",1,0,1,0,1,0,1,0,1,0,1,0,,16,,24,,48,,56,,72,,76,,2759,,3871,,6486,,7179,,8372,,8636
2,"big_ben",1,0,1,0,1,0,,9,,925,,9,,1818,,2727,,4545,,4545,,5455,,5909,,3077,,4286,,625,,604,,6862,,7134
3,"hearst_castle",1,0,,9,,9,,8333,,85,,86,,2083,,3333,,625,,6667,,7917,,7917,,3448,,4865,,7377,,7407,,8198,,8244
4,"la_madeleine",,2,,4,,45,,4,,375,,34,,0714,,2857,,4286,,5,,6429,,6429,,1053,,3333,,439,,4444,,4737,,4448
5,"pont_alexandre_iii",1,0,1,0,1,0,,9667,,95,,92,,2,,28,,44,,56,,64,,64,,3333,,4375,,6111,,7092,,7648,,7549
6,"neues_museum",,2,,2,,4,,4667,,525,,6,,04,,08,,28,,4,,48,,6,,0667,,1143,,3294,,4308,,5015,,6
7,"montezuma_castle",,8,,8,,6,,6,,6,,58,,25,,5,,5833,,6667,,6667,,75,,381,,6154,,5915,,6316,,6316,,6541
8,"cn_tower",,4,,6,,6,,7333,,675,,68,,0833,,25,,4583,,625,,625,,7083,,1379,,3529,,5197,,6748,,649,,6939
9,"acropolis_athens",1,0,1,0,,9,,9,,825,,86,,1429,,2381,,4286,,4762,,5238,,5714,,25,,3846,,5806,,6228,,6408,,6866
10,"agra_fort",1,0,1,0,,95,,8667,,9,,88,,16,,28,,52,,56,,64,,64,,2759,,4375,,6721,,6804,,7481,,7411
11,"albert_memorial",,8,,5,,7,,7333,,775,,82,,0909,,1364,,4091,,4091,,5909,,7273,,1633,,2143,,5164,,5252,,6705,,7709
12,"altes_museum",,8,,7,,8,,7333,,75,,78,,125,,2083,,4167,,5,,625,,7083,,2162,,3211,,5479,,5946,,6818,,7424
13,"amiens_cathedral",1,0,1,0,,95,,9667,,95,,96,,16,,32,,52,,68,,68,,8,,2759,,4848,,6721,,7984,,7926,,8727
14,"angkor_wat",,6,,8,,7,,7,,725,,76,,08,,2,,28,,48,,6,,68,,1412,,32,,4,,5695,,6566,,7178
15,"ara_pacis",,8,,8,,65,,6333,,625,,62,,1364,,2727,,3636,,4545,,5909,,6364,,233,,4068,,4664,,5292,,6075,,6281
16,"arc_de_triomphe",,8,,6,,65,,7333,,725,,72,,125,,2083,,4583,,5833,,6667,,75,,2162,,3093,,5376,,6498,,6946,,7347
17,"aztec_ruins",,0,,1,,15,,2333,,225,,3,,0,,04,,08,,24,,32,,48,,0,,0571,,1043,,2366,,2642,,3692
18,"berlin_cathedral",1,0,1,0,,95,,9667,,95,,94,,16,,32,,44,,52,,64,,64,,2759,,4848,,6014,,6762,,7648,,7615
19,"bok_tower_gardens",,6,,7,,8,,8333,,85,,84,,12,,28,,44,,52,,52,,68,,2,,4,,5677,,6404,,6453,,7516
20,"brandenburg_gate",1,0,1,0,1,0,1,0,,925,,92,,12,,24,,48,,56,,6,,64,,2143,,3871,,6486,,7179,,7279,,7549
21,"cabrillo",,0,,1,,1,,0667,,1,,1,,0,,0769,,1538,,1538,,3077,,3846,,0,,087,,1212,,093,,1509,,1587
22,"casa_batllo",1,0,1,0,1,0,,9667,,975,,98,,16,,36,,48,,56,,72,,76,,2759,,5294,,6486,,7092,,8283,,8561
23,"casa_rosada",,8,,9,,85,,9,,875,,88,,12,,24,,4,,48,,68,,8,,2087,,3789,,544,,6261,,7653,,8381
24,"castillo_de_san_marcos",,6,,5,,65,,6667,,675,,68,,12,,2,,36,,52,,64,,64,,2,,2857,,4634,,5843,,657,,6594
25,"chartres_cathedral",1,0,1,0,,95,,9667,,975,,96,,16,,32,,48,,56,,64,,76,,2759,,4848,,6378,,7092,,7728,,8484
26,"chichen_itza",,6,,8,,8,,8,,8,,82,,12,,24,,36,,52,,6,,76,,2,,3692,,4966,,6303,,6857,,7889
27,"christ_the_redeemer_rio",,2,,4,,45,,5667,,525,,52,,0435,,1739,,3043,,4783,,5217,,6087,,0714,,2424,,3631,,5187,,5234,,5609
28,"civic_center_san_francisco",,6,,7,,75,,7333,,65,,64,,12,,2,,4,,48,,48,,52,,2,,3111,,5217,,5802,,5522,,5738
29,"cologne_cathedral",1,0,1,0,1,0,,9667,,95,,94,,12,,24,,32,,48,,6,,76,,2143,,3871,,4848,,6415,,7355,,8405
30,"colosseum",1,0,1,0,,95,,9667,,925,,92,,16,,32,,52,,52,,6,,6,,2759,,4848,,6721,,6762,,7279,,7263
31,"doge_s_palace",1,0,,9,,85,,8333,,85,,88,,2,,24,,36,,44,,52,,56,,3333,,3789,,5058,,5759,,6453,,6844
32,"eiffel_tower",1,0,1,0,1,0,,9667,,95,,96,,12,,24,,4,,48,,56,,6,,2143,,3871,,5714,,6415,,7046,,7385
33,"golden_gate_bridge",,8,,8,,75,,7,,775,,8,,1739,,2609,,3043,,3913,,5652,,6087,,2857,,3934,,433,,502,,6537,,6914
34,"grand_palais",1,0,,9,,9,,9,,9,,92,,1364,,2273,,4091,,5909,,6818,,7273,,24,,3629,,5625,,7134,,7759,,8124
35,"guggenheim_museum_bilbao",1,0,1,0,1,0,1,0,,975,,94,,04,,2,,36,,52,,56,,6,,0769,,3333,,5294,,6842,,7114,,7325
36,"hagia_sophia_istanbul",1,0,1,0,,95,,9667,,975,,98,,16,,28,,44,,56,,68,,8,,2759,,4375,,6014,,7092,,8012,,8809
37,"hoover_dam",1,0,1,0,,9,,9333,,925,,92,,12,,2,,32,,52,,6,,64,,2143,,3333,,4721,,6679,,7279,,7549
38,"humayun_tomb",,6,,8,,65,,7,,75,,74,,12,,28,,4,,48,,64,,68,,2,,4148,,4952,,5695,,6906,,7087
39,"iguazu_falls",,8,,9,,85,,8333,,775,,78,,16,,24,,36,,52,,64,,72,,2667,,3789,,5058,,6404,,7011,,7488
40,"iolani_palace",,8,,7,,6,,5667,,65,,68,,12,,2,,32,,36,,52,,64,,2087,,3111,,4174,,4403,,5778,,6594
41,"la_mezquita",,6,,4,,6,,6333,,55,,54,,125,,1667,,3333,,4167,,4583,,5,,2069,,2353,,4286,,5026,,5,,5192
42,"la_rambla_barcelona",,8,,9,,9,,8667,,9,,88,,16,,2,,36,,48,,6,,64,,2667,,3273,,5143,,6178,,72,,7411
43,"la_sainte_chapelle",,8,,9,,9,,9333,,9,,92,,12,,28,,52,,64,,68,,72,,2087,,4271,,6592,,7593,,7747,,8078
44,"liberty_memorial",,6,,6,,65,,6667,,7,,72,,08,,12,,28,,4,,52,,6,,1412,,2,,3914,,5,,5967,,6545
45,"lincoln_home",1,0,1,0,,85,,8333,,8,,74,,2778,,5,,6111,,6667,,6667,,7222,,4348,,6667,,711,,7407,,7273,,731
46,"machu_picchu",1,0,,9,,9,,8667,,85,,82,,16,,32,,44,,56,,68,,72,,2759,,4721,,591,,6804,,7556,,7668
47,"marble_arch_london",,4,,4,,4,,3333,,375,,38,,0833,,25,,5,,5,,8333,,8333,,1379,,3077,,4444,,4,,5172,,522
48,"milan_cathedral",1,0,,8,,85,,8333,,875,,86,,16,,24,,44,,6,,68,,72,,2759,,3692,,5798,,6977,,7653,,7838
49,"mole_antonelliana",,4,,4,,5,,5667,,6,,6,,08,,12,,24,,4,,44,,52,,1333,,1846,,3243,,469,,5077,,5571
50,"mont_saint_michel",1,0,1,0,1,0,,9333,,95,,94,,2,,28,,44,,52,,52,,56,,3333,,4375,,6111,,6679,,6721,,7019
51,"moulin_rouge",,0,,0,,15,,1667,,175,,18,,0,,0,,375,,5,,625,,875,,0,,0,,2143,,25,,2734,,2986
52,"nelson_s_column",1,0,1,0,,8,,8667,,875,,9,,0833,,2083,,375,,5417,,5833,,625,,1538,,3448,,5106,,6667,,7,,7377
53,"notre_dame_de_paris",,8,,9,,95,,9,,875,,84,,16,,32,,44,,48,,6,,6,,2667,,4721,,6014,,6261,,7119,,7
54,"obelisco",,2,,1,,05,,1,,15,,14,,0909,,0909,,0909,,2727,,3636,,4545,,125,,0952,,0645,,1463,,2124,,2141
55,"piccadilly_circus",1,0,,7,,8,,7333,,675,,68,,1739,,1739,,5217,,6087,,6522,,6957,,2963,,2786,,6316,,6652,,6634,,6877
56,"place_de_la_concorde",1,0,1,0,1,0,1,0,1,0,1,0,,08,,24,,36,,44,,56,,64,,1481,,3871,,5294,,6111,,7179,,7805
57,"place_de_la_republique",,2,,1,,05,,0667,,15,,18,,125,,125,,125,,25,,375,,625,,1538,,1111,,0714,,1053,,2143,,2795
58,"place_des_vosges",,6,,8,,8,,7,,725,,74,,08,,16,,4,,52,,56,,64,,1412,,2667,,5333,,5967,,6319,,6864
59,"pont_du_gard",,8,,8,,75,,8,,8,,72,,16,,24,,32,,48,,6,,6,,2667,,3692,,4486,,6,,6857,,6545
60,"pont_neuf",1,0,,9,,8,,7,,7,,7,,16,,32,,4,,56,,68,,72,,2759,,4721,,5333,,6222,,6899,,7099
61,"ponte_vecchio",1,0,,9,,8,,8,,775,,74,,125,,2083,,375,,5,,625,,6667,,2222,,3383,,5106,,6154,,692,,7014
62,"puerta_de_alcala",,4,,5,,55,,6,,575,,6,,1053,,2632,,4211,,4737,,6316,,7368,,1667,,3448,,477,,5294,,602,,6614
63,"puerta_del_sol",,8,,7,,6,,5,,525,,48,,15,,3,,45,,45,,5,,5,,2526,,42,,5143,,4737,,5122,,4898
64,"red_fort",1,0,1,0,1,0,1,0,1,0,1,0,,16,,32,,52,,6,,6,,68,,2759,,4848,,6842,,75,,75,,8095
65,"reims_cathedral",1,0,1,0,1,0,,9,,9,,88,,16,,28,,48,,6,,64,,64,,2759,,4375,,6486,,72,,7481,,7411
66,"rialto_bridge",,8,,7,,65,,6333,,6,,62,,0625,,125,,375,,4375,,4375,,5,,1159,,2121,,4756,,5175,,506,,5536
67,"roman_forum_rome",,4,,5,,55,,6,,65,,72,,08,,16,,36,,48,,68,,8,,1333,,2424,,4352,,5333,,6647,,7579
68,"sacre_coeur",,2,,4,,65,,6,,6,,6,,0417,,125,,3333,,4167,,4583,,5833,,069,,1905,,4407,,4918,,5197,,5915
69,"sagrada_familia",,8,,9,,9,,9333,,95,,96,,16,,32,,4,,48,,52,,6,,2667,,4721,,5538,,634,,6721,,7385
70,"santa_maria_novella",1,0,,6,,55,,5667,,575,,54,,2,,24,,36,,44,,48,,48,,3333,,3429,,4352,,4954,,5232,,5082
71,"schonbrunn_palace",1,0,1,0,1,0,1,0,1,0,1,0,,16,,32,,48,,6,,6,,6,,2759,,4848,,6486,,75,,75,,75
72,"seville_cathedral",,6,,7,,8,,8667,,9,,92,,12,,28,,44,,6,,68,,72,,2,,4,,5677,,7091,,7747,,8078
73,"spanish_steps",,8,,8,,7,,7,,65,,62,,1364,,3182,,4545,,5,,5455,,5909,,233,,4553,,5512,,5833,,5932,,6051
74,"st__basil_cathedral",1,0,,9,,95,,9667,,925,,92,,2,,36,,44,,52,,6,,64,,3333,,5143,,6014,,6762,,7279,,7549
75,"statue_of_liberty",1,0,1,0,,95,,8667,,875,,82,,16,,28,,48,,6,,64,,64,,2759,,4375,,6378,,7091,,7393,,7189
76,"stonehenge",,6,,8,,6,,5667,,525,,5,,1053,,2632,,3684,,4211,,4211,,4737,,1791,,396,,4565,,4831,,4673,,4865
77,"summer_palace_beijing",1,0,1,0,,95,,8667,,825,,82,,16,,2,,36,,48,,56,,6,,2759,,3333,,5221,,6178,,6671,,693
78,"sydney_opera_house",1,0,,8,,85,,8667,,9,,92,,2,,28,,44,,52,,6,,64,,3333,,4148,,5798,,65,,72,,7549
79,"teotihuacan",,6,,6,,75,,7,,7,,72,,12,,24,,48,,52,,56,,64,,2,,3429,,5854,,5967,,6222,,6776
80,"terracotta_army",,8,,6,,7,,7,,7,,68,,2,,3,,4,,6,,65,,75,,32,,4,,5091,,6462,,6741,,7133
81,"the_blue_mosque",,8,,8,,9,,9,,925,,94,,12,,12,,36,,48,,6,,68,,2087,,2087,,5143,,6261,,7279,,7891
82,"the_henry_ford",,8,,9,,75,,7333,,7,,7,,16,,32,,4,,48,,6,,72,,2667,,4721,,5217,,5802,,6462,,7099
83,"taj_mahal",1,0,1,0,,85,,9,,925,,92,,12,,24,,32,,44,,6,,76,,2143,,3871,,465,,591,,7279,,8324
84,"tour_montparnasse",,8,,7,,45,,4,,425,,42,,15,,25,,35,,4,,45,,5,,2526,,3684,,3937,,4,,4371,,4565
85,"tower_bridge_london",,6,,6,,55,,5,,475,,5,,08,,16,,28,,32,,4,,48,,1412,,2526,,3711,,3902,,4343,,4898
86,"trafalgar_square",,4,,6,,55,,4667,,475,,5,,0909,,1818,,3182,,4091,,5455,,5455,,1481,,2791,,4031,,436,,5078,,5217
87,"leaning_tower_of_pisa",,6,,4,,6,,5667,,575,,56,,12,,16,,28,,44,,48,,6,,2,,2286,,3818,,4954,,5232,,5793
88,"hermitage_museum_saint_petersburg",,8,,8,,8,,8,,825,,84,,12,,16,,36,,44,,64,,64,,2087,,2667,,4966,,5677,,7208,,7265
89,"jantar_mantar_jaipur",,8,,9,,75,,7667,,825,,84,,16,,36,,52,,68,,8,,8,,2667,,5143,,6142,,7207,,8123,,8195
90,"lake_titicaca_peru",,6,,8,,7,,6333,,6,,56,,125,,3333,,5,,6667,,7083,,7083,,2069,,4706,,5833,,6496,,6497,,6255
91,"the_great_wall_of_china",,6,,8,,8,,7667,,775,,78,,12,,28,,4,,56,,6,,68,,2,,4148,,5333,,6472,,6764,,7266
92,"grande_arche_paris",,8,,7,,55,,5667,,6,,58,,16,,24,,24,,32,,36,,44,,2667,,3574,,3342,,409,,45,,5004
93,"el_angel_mexico",,8,,7,,65,,5667,,55,,56,,1429,,2381,,4286,,5238,,619,,7619,,2424,,3553,,5166,,5444,,5825,,6455
94,"bibliotheque_nationale_de_france",,6,,8,,7,,7333,,8,,8,,12,,24,,32,,48,,52,,56,,2,,3692,,4392,,5802,,6303,,6588
95,"kronborg_castle",,8,,8,,75,,8,,8,,82,,1667,,2917,,4583,,5,,5417,,5833,,2759,,4275,,569,,6154,,646,,6817
96,"ajanta_caves",,6,,7,,8,,8667,,875,,9,,1364,,3182,,5909,,5909,,6818,,7273,,2222,,4375,,6797,,7027,,7664,,8045
97,"atomium",1,0,,9,,9,,9333,,95,,92,,1905,,1905,,381,,4762,,5238,,5714,,32,,3144,,5353,,6306,,6753,,705
98,"ellora_caves",1,0,1,0,1,0,1,0,,95,,96,,1818,,2727,,5455,,5909,,6818,,7273,,3077,,4286,,7059,,7429,,7939,,8276
99,"potala_palace",1,0,1,0,,8,,7333,,75,,8,,1667,,3889,,5,,5556,,6111,,6667,,2857,,56,,6154,,6322,,6735,,7273
100,"jokhang",1,0,,9,,75,,8,,775,,78,,2,,36,,52,,64,,76,,84,,3333,,5143,,6142,,7111,,7674,,8089
101,"rila_monastery",1,0,,9,,85,,8667,,875,,86,,16,,24,,28,,36,,44,,44,,2759,,3789,,4212,,5087,,5856,,5822
102,"louvre_pyramid",1,0,,9,,95,,9667,,95,,9,,1667,,2778,,5,,6111,,6111,,6111,,2857,,4245,,6552,,7488,,7438,,7279
103,"brooklyn_bridge",1,0,1,0,,95,,8667,,875,,88,,2381,,2857,,4762,,5238,,5714,,6667,,3846,,4444,,6344,,653,,6914,,7586
104,"tower_of_london",,8,,7,,65,,7333,,75,,78,,087,,1304,,2609,,4348,,5217,,6087,,1569,,2199,,3723,,5459,,6154,,6838
105,"british_museum_london",1,0,,9,,95,,9667,,95,,96,,15,,25,,4,,5,,55,,65,,2609,,3913,,563,,6591,,6967,,7752
106,"buckingham_palace",,8,,7,,4,,3667,,425,,4,,1,,2,,2,,25,,4,,45,,1778,,3111,,2667,,2973,,4121,,4235
107,"charles_bridge_prague",1,0,,7,,8,,7333,,7,,74,,125,,1667,,3333,,4167,,5417,,5833,,2222,,2692,,4706,,5314,,6107,,6524
108,"champs_elysees_paris",,4,,5,,5,,5,,5,,52,,1333,,2,,2667,,4,,4667,,5333,,2,,2857,,3478,,4444,,4828,,5266
109,"chrysler_building",1,0,1,0,1,0,,9667,,975,,94,,2857,,4286,,6429,,7857,,8571,,8571,,4444,,6,,7826,,8668,,9123,,8967
110,"moma_new_york",,8,,7,,8,,8333,,825,,86,,1579,,2632,,4211,,4737,,5789,,6842,,2637,,3825,,5517,,604,,6804,,7621
111,"grand_central_terminal",1,0,1,0,,95,,9667,,975,,98,,1429,,1905,,1905,,3333,,3333,,4762,,25,,32,,3173,,4957,,4968,,6409
112,"houses_of_parliament",1,0,1,0,,95,,9667,,975,,94,,1304,,2174,,3913,,3913,,3913,,4348,,2308,,3571,,5543,,5571,,5585,,5946
113,"alexanderplatz_berlin",,2,,6,,65,,6333,,625,,64,,04,,2,,32,,44,,6,,64,,0667,,3,,4289,,5193,,6122,,64
114,"centre_pompidou",1,0,1,0,,8,,7,,775,,76,,2222,,3333,,4444,,4444,,6111,,7222,,3636,,5,,5714,,5437,,6834,,7406
115,"sydney_harbour_bridge",1,0,1,0,1,0,1,0,1,0,1,0,,3125,,375,,625,,625,,6875,,75,,4762,,5455,,7692,,7692,,8148,,8571
116,"pier_39",,8,,8,,8,,8333,,85,,84,,1905,,3333,,5238,,619,,6667,,6667,,3077,,4706,,6331,,7104,,7473,,7434
117,"coit_tower",,6,,5,,45,,5667,,5,,56,,1333,,2,,2667,,4667,,5333,,5333,,2182,,2857,,3349,,5118,,5161,,5463
118,"st_paul_s_cathedral_london",1,0,,9,,95,,8667,,8,,8,,2353,,4118,,5882,,6471,,6471,,7059,,381,,565,,7266,,7409,,7154,,75
119,"cloud_gate",,6,,6,,65,,6,,625,,64,,0833,,1667,,3333,,5,,5833,,5833,,1463,,2609,,4407,,5455,,6034,,6104
120,"musee_d_orsay",1,0,1,0,,95,,9667,,975,,96,,1429,,2857,,381,,5714,,6667,,7619,,25,,4444,,5438,,7183,,7919,,8496
121,"pike_place_market",,8,,8,,75,,8,,825,,84,,1905,,2381,,381,,5238,,5714,,619,,3077,,367,,5053,,6331,,6752,,7128
122,"royal_palace_madrid",,8,,7,,75,,7667,,825,,82,,1818,,2273,,3636,,5455,,6818,,8182,,2963,,3431,,4898,,6374,,7466,,8191
123,"sony_center_berlin",,8,,9,,9,,9333,,95,,92,,1429,,2381,,2857,,3333,,5238,,5714,,2424,,3766,,4337,,4912,,6753,,705
124,"red_square_moscow",,6,,5,,6,,6333,,675,,68,,1429,,2381,,381,,4762,,5714,,5714,,2308,,3226,,466,,5436,,6189,,621
125,"prague_castle",,8,,8,,8,,8,,775,,8,,16,,2,,4,,52,,56,,68,,2667,,32,,5333,,6303,,6502,,7351
126,"musee_du_louvre",1,0,1,0,,95,,9,,9,,92,,2,,32,,48,,64,,64,,64,,3333,,4848,,6378,,7481,,7481,,7549
127,"millennium_bridge_london",1,0,1,0,,85,,8667,,8,,8,,2,,32,,4,,48,,56,,6,,3333,,4848,,544,,6178,,6588,,6857
128,"casa_mila",1,0,1,0,1,0,,9667,,925,,94,,16,,32,,52,,52,,6,,68,,2759,,4848,,6842,,6762,,7279,,7891
129,"national_gallery_london",,8,,5,,55,,5,,55,,62,,1818,,1818,,3636,,4091,,5455,,5455,,2963,,2667,,4378,,45,,5477,,5803
130,"national_mall",1,0,,9,,9,,8667,,85,,8,,2,,32,,44,,6,,72,,76,,3333,,4721,,591,,7091,,7796,,7795
131,"london_city_hall",1,0,,9,,8,,7333,,75,,72,,25,,35,,5,,55,,65,,65,,4,,504,,6154,,6286,,6964,,6832
132,"holocaust_memorial",,8,,8,,6,,5667,,625,,58,,25,,3125,,4375,,4375,,5625,,5625,,381,,4494,,506,,4938,,5921,,5711
133,"columbus_circle",,4,,5,,4,,4667,,45,,44,,08,,2,,32,,44,,52,,64,,1333,,2857,,3556,,4529,,4825,,5215
134,"siegessaeule",1,0,,8,,7,,6333,,65,,62,,12,,16,,36,,48,,64,,76,,2143,,2667,,4755,,5461,,645,,6829
135,"jardin_du_luxembourg",1,0,1,0,,95,,9667,,975,,96,,16,,24,,44,,68,,76,,76,,2759,,3871,,6014,,7984,,8542,,8484
136,"merlion_singapore",,0,,0,,2,,2667,,3,,4,,0,,0,,1364,,2273,,3636,,4545,,0,,0,,1622,,2454,,3288,,4255
137,"harrods_london",1,0,,9,,85,,8667,,9,,9,,2,,28,,36,,48,,64,,68,,3333,,4271,,5058,,6178,,7481,,7747
138,"metropolitan_museum_of_art_new_york",,8,,8,,85,,9,,925,,92,,12,,2,,4,,48,,68,,68,,2087,,32,,544,,6261,,7838,,782
139,"new_york_stock_exchange",1,0,,8,,75,,6667,,65,,58,,2,,3,,5,,5,,6,,6,,3333,,4364,,6,,5714,,624,,5898
140,"stephansdom_vienna",1,0,1,0,1,0,1,0,1,0,1,0,,12,,24,,48,,52,,6,,72,,2143,,3871,,6486,,6842,,75,,8372
141,"hms_belfast",1,0,1,0,1,0,1,0,1,0,1,0,,16,,2,,36,,56,,6,,6,,2759,,3333,,5294,,7179,,75,,75
142,"leicester_square",,8,,7,,75,,7333,,75,,76,,12,,24,,36,,44,,48,,56,,2087,,3574,,4865,,55,,5854,,6448
143,"ciudad_de_las_artes_y_las_ciencias",,8,,9,,95,,9667,,9,,92,,12,,28,,48,,64,,76,,8,,2087,,4271,,6378,,7701,,8241,,8558
144,"topkapi_palace",1,0,1,0,,95,,9667,,975,,98,,2,,28,,44,,48,,6,,72,,3333,,4375,,6014,,6415,,7429,,8301
145,"royal_albert_hall",,8,,6,,7,,7,,75,,72,,16,,16,,28,,4,,52,,6,,2667,,2526,,4,,5091,,6142,,6545
146,"st_vitus_cathedral",,8,,9,,95,,9333,,95,,96,,16,,24,,4,,44,,48,,6,,2667,,3789,,563,,5981,,6378,,7385
147,"castello_sforzesco",1,0,1,0,,95,,9333,,9,,9,,2,,24,,44,,48,,52,,56,,3333,,3871,,6014,,634,,6592,,6904
148,"rijksmuseum_amsterdam",1,0,1,0,1,0,1,0,1,0,1,0,,16,,32,,48,,6,,76,,8,,2759,,4848,,6486,,75,,8636,,8889
149,"dam_square",,8,,9,,8,,6333,,55,,52,,16,,28,,44,,48,,48,,48,,2667,,4271,,5677,,5461,,5126,,4992
150,"rathaus_vienna",,8,,8,,7,,6667,,625,,58,,08,,12,,28,,36,,44,,52,,1455,,2087,,4,,4675,,5164,,5484
151,"bath_abbey",1,0,1,0,1,0,,9667,,975,,98,,16,,32,,52,,6,,6,,68,,2759,,4848,,6842,,7404,,7429,,8029
152,"salisbury_cathedral",1,0,,9,,95,,9667,,975,,98,,12,,2,,36,,52,,6,,68,,2143,,3273,,5221,,6762,,7429,,8029
153,"templo_de_debod",,2,,2,,35,,4,,45,,48,,0455,,0909,,2727,,4091,,4545,,4545,,0741,,125,,3066,,4045,,4523,,4669
154,"Niagara_Falls",,6,,5,,45,,5,,525,,52,,0909,,1364,,2727,,4545,,6364,,6818,,1579,,2143,,3396,,4762,,5753,,59
155,"Golden_Gate_Bridge_in_San_Francisco",,8,,9,,95,,9667,,95,,92,,0909,,2727,,4091,,5,,5909,,7273,,1633,,4186,,5719,,6591,,7286,,8124
156,"Neuschwanstein_Castle",1,0,1,0,,85,,9,,925,,92,,2,,28,,4,,48,,56,,68,,3333,,4375,,544,,6261,,6976,,782
157,"Christ_Church_Cathedral_Missouri",1,0,1,0,,95,,8667,,875,,9,,2,,32,,48,,6,,68,,72,,3333,,4848,,6378,,7091,,7653,,8
158,"Mount_Rushmore_in_South_Dakota",1,0,1,0,,95,,9333,,95,,92,,16,,24,,36,,44,,56,,68,,2759,,3871,,5221,,5981,,7046,,782
159,"Puerta_de_Toledo",,2,,2,,15,,1,,075,,06,,5,1,0,1,0,1,0,1,0,1,0,,2857,,3333,,2609,,1818,,1395,,1132
160,"Urquhart_Castle",,8,,8,,85,,9,,925,,94,,1667,,3333,,4583,,5417,,7083,,7083,,2759,,4706,,5955,,6763,,8023,,8079
161,"Gare_du_Nord_Paris",1,0,1,0,,9,,8333,,8,,74,,12,,24,,36,,48,,56,,64,,2143,,3871,,5143,,6091,,6588,,6864
162,"Newgrange_in_Ireland",,8,,6,,65,,6,,65,,7,,1667,,2083,,375,,4583,,5833,,5833,,2759,,3093,,4756,,5197,,6149,,6364
163,"Windmills_at_Kinderdijk",1,0,1,0,,95,,9333,,875,,84,,2,,28,,36,,4,,6,,68,,3333,,4375,,5221,,56,,7119,,7516
164,"Conciergerie",,8,,9,,95,,9667,,95,,94,,12,,28,,36,,52,,64,,72,,2087,,4271,,5221,,6762,,7648,,8154
165,"Palazzo_Madama",1,0,,8,,75,,6333,,55,,5,,2273,,3636,,5,,5455,,5909,,5909,,3704,,5,,6,,5861,,5697,,5417
166,"Split_Rock_Lighthouse",,8,,8,,75,,8,,825,,8,,12,,2,,24,,36,,44,,44,,2087,,32,,3636,,4966,,5739,,5677
167,"The_Little_Mermaid_Denmark",1,0,1,0,,8,,7667,,7,,62,,2857,,5,,5714,,7857,,7857,,7857,,4444,,6667,,6667,,7761,,7404,,6931
168,"Great_Pyramid_of_Giza",,6,,6,,6,,6333,,625,,64,,2,,3333,,4,,5333,,6,,6667,,3,,4286,,48,,579,,6122,,6531
169,"Pitti_Palace",1,0,1,0,,8,,7667,,75,,72,,2273,,3182,,4545,,4545,,5,,5,,3704,,4828,,5797,,5707,,6,,5902
170,"Georgia_State_Capitol",,8,,8,,55,,4333,,4,,32,,1579,,2105,,2632,,2632,,2632,,2632,,2637,,3333,,356,,3275,,3175,,2888
171,"Dome_des_Invalides",1,0,1,0,1,0,1,0,1,0,1,0,,2,,32,,52,,6,,64,,68,,3333,,4848,,6842,,75,,7805,,8095
172,"Reggia_di_Caserta",,8,,6,,6,,6,,65,,68,,16,,2,,36,,48,,6,,72,,2667,,3,,45,,5333,,624,,6994
173,"The_Burj_al_Arab_Hotel",1,0,1,0,,75,,7667,,75,,76,,12,,24,,4,,52,,6,,64,,2143,,3871,,5217,,6197,,6667,,6949
174,"Elephanta_Caves",1,0,1,0,,95,,9667,,875,,82,,2083,,2917,,4167,,5417,,625,,6667,,3448,,4516,,5793,,6943,,7292,,7354
175,"Basilica_of_Santa_Croce",1,0,1,0,1,0,1,0,1,0,1,0,,12,,2,,36,,44,,52,,68,,2143,,3333,,5294,,6111,,6842,,8095
176,"Aachen_Cathedral",,8,,8,,85,,8667,,9,,9,,16,,28,,36,,44,,48,,64,,2667,,4148,,5058,,5837,,6261,,7481
177,"Monument_to_the_Great_Fire_of_London",,4,,7,,6,,6,,55,,62,,08,,16,,36,,44,,56,,64,,1333,,2605,,45,,5077,,555,,6298
178,"Longmen_Grottoes",,6,,6,,7,,6,,6,,64,,12,,2,,44,,48,,64,,72,,2,,3,,5404,,5333,,6194,,6776
179,"Louisiana_State_Capitol",,0,,2,,25,,2667,,3,,3,,0,,08,,2,,28,,4,,44,,0,,1143,,2222,,2732,,3429,,3568
180,"The_Great_Sphinx_at_Giza",1,0,1,0,,75,,8,,8,,8,,16,,24,,32,,4,,6,,72,,2759,,3871,,4486,,5333,,6857,,7579
181,"Teatro_Real_Madrid",1,0,,8,,8,,6667,,65,,68,,2174,,3043,,4783,,5652,,7391,,8261,,3571,,4409,,5986,,6118,,6917,,746
182,"Palacio_de_la_Magdalena",,8,,8,,6,,6,,7,,7,,16,,24,,32,,36,,48,,6,,2667,,3692,,4174,,45,,5695,,6462
183,"Sowjetisches_Ehrenmal",,4,,7,,8,,6333,,625,,68,,08,,2,,48,,56,,6,,76,,1333,,3111,,6,,5944,,6122,,7178
184,"Cathedral_of_Trier",1,0,,8,,85,,8,,775,,78,,16,,24,,48,,64,,68,,8,,2759,,3692,,6135,,7111,,7244,,7899
185,"Saint_Mary_of_the_Flower",,0,,2,,25,,2667,,3,,34,,0,,08,,16,,28,,28,,4,,0,,1143,,1951,,2732,,2897,,3676
186,"Skellig_Michael",,8,,8,,75,,7333,,7,,7,,12,,28,,4,,52,,6,,6,,2087,,4148,,5217,,6085,,6462,,6462
187,"Chicago_Board_of_Trade_Building",1,0,1,0,,8,,8333,,8,,8,,2273,,3636,,5455,,5909,,6818,,7727,,3704,,5333,,6486,,6915,,7362,,7861
188,"Pont_de_Normandie_France",1,0,,9,,85,,8667,,825,,8,,2105,,3684,,5789,,7368,,8421,,8947,,3478,,5228,,6888,,7965,,8335,,8447
189,"Palazzo_Rosso",,0,,0,,0,,0333,,075,,06,,0,,0,,0,,0417,,125,,125,,0,,0,,0,,037,,0937,,0811
190,"Piazza_Vittorio_Veneto",1,0,,6,,65,,5667,,5,,46,,25,,3125,,4375,,5625,,6875,,75,,4,,411,,523,,5646,,5789,,5702
191,"Sforza_Castle",1,0,,9,,9,,9333,,925,,92,,16,,28,,48,,6,,64,,64,,2759,,4271,,6261,,7304,,7565,,7549
192,"Torres_KIO",1,0,1,0,,95,,9,,85,,84,,16,,32,,4,,44,,56,,68,,2759,,4848,,563,,591,,6752,,7516
193,"Torre_Picasso",1,0,1,0,,95,,9333,,85,,8,,1667,,3333,,4167,,625,,6667,,6667,,2857,,5,,5793,,7487,,7473,,7273
194,"The_Palace_of_Parliament_in_Bucharest",1,0,,9,,95,,8667,,875,,84,,12,,12,,28,,44,,6,,64,,2143,,2118,,4325,,5837,,7119,,7265
195,"Ernest_Hemingway_House",1,0,,7,,75,,7,,75,,74,,16,,2,,4,,48,,64,,68,,2759,,3111,,5217,,5695,,6906,,7087
196,"Castel_dellOvo_Napoli",,6,,7,,8,,8333,,85,,86,,12,,24,,4,,44,,56,,68,,2,,3574,,5333,,5759,,6752,,7595
197,"Villa_Borghese_gardens",1,0,1,0,1,0,,9667,,975,,96,,2,,32,,48,,68,,72,,76,,3333,,4848,,6486,,7984,,8283,,8484
198,"Saint_Marks_Basilica",1,0,1,0,1,0,1,0,1,0,,98,,12,,2,,32,,44,,56,,6,,2143,,3333,,4848,,6111,,7179,,7443
199,"Mausoleum_of_the_First_Qin_Emperor",,8,,9,,8,,8,,85,,86,,16,,28,,4,,52,,6,,64,,2667,,4271,,5333,,6303,,7034,,7339
200,"Mausoleum_of_Hadrian",1,0,,8,,8,,7333,,7,,72,,2778,,3333,,5556,,5556,,6111,,6111,,4348,,4706,,6557,,6322,,6525,,6611
201,"Piazza_de_Ferrari",1,0,1,0,,95,,9667,,925,,9,,1579,,2632,,5789,,5789,,5789,,5789,,2727,,4167,,7194,,7242,,7122,,7046
202,"George_Washington_Carver",,6,,8,,75,,6333,,6,,62,,1875,,3125,,5,,5625,,5625,,625,,2857,,4494,,6,,5958,,5806,,6225
203,"Cathedral_of_Santiago_de_Compostela",1,0,,9,,8,,8,,825,,78,,2941,,2941,,3529,,5882,,7059,,7059,,4545,,4433,,4898,,678,,7608,,7411
204,"Saint-Jacques_Tower",,2,,5,,75,,7,,75,,78,,0769,,1538,,4615,,6154,,7692,,7692,,1111,,2353,,5714,,655,,7595,,7746
205,"Calakmul_Campeche_Mexico",1,0,1,0,,9,,8333,,8,,78,,1429,,3571,,5714,,7857,,7857,,7857,,25,,5263,,699,,8088,,7928,,7828
206,"Bran_Castle_in_Transylvania",,8,,8,,8,,8667,,9,,88,,1579,,2632,,3158,,4211,,6842,,6842,,2637,,396,,4528,,5668,,7774,,7699
207,"Mosteiro_da_Batalha",1,0,1,0,1,0,1,0,1,0,1,0,,2105,,3158,,6316,,6842,,6842,,7368,,3478,,48,,7742,,8125,,8125,,8485
208,"Wartburg_Castle",1,0,,9,,95,,9667,,925,,94,,2,,3,,5,,7,,8,,9,,3333,,45,,6552,,812,,858,,9196
209,"Fujian_Tulou_Fujian_China",1,0,1,0,,95,,9667,,95,,94,,2222,,3889,,4444,,5556,,6111,,6667,,3636,,56,,6056,,7056,,7438,,7801
210,"Alabama_State_Capitol",,6,,6,,75,,7,,725,,68,,1429,,2857,,4762,,619,,619,,7143,,2308,,3871,,5825,,657,,6678,,6967
211,"Palazzo_dAccursio",,8,,7,,75,,6333,,55,,5,,2222,,2778,,4444,,5,,5,,5,,3478,,3977,,5581,,5588,,5238,,5
212,"Casa_Grande_Ruins",1,0,,9,,8,,7667,,725,,74,,2941,,4118,,4706,,4706,,5294,,5294,,4545,,565,,5926,,5832,,612,,6172
213,"Stravinsky_Fountain",1,0,1,0,,85,,9,,9,,88,,2,,2,,3333,,4,,5333,,6,,3333,,3333,,4789,,5538,,6698,,7135
214,"Angel_Falls_Venezuela",,8,,6,,5,,5333,,5,,48,,1765,,2353,,4118,,5294,,5882,,7059,,2892,,338,,4516,,5314,,5405,,5714
215,"Statue_of_George_IV",,6,,5,,35,,3667,,375,,4,,375,,5,,5,,75,,75,,75,,4615,,5,,4118,,4925,,5,,5217
216,"Palacio_Barolo",1,0,1,0,,9,,8667,,875,,86,,2353,,2941,,4706,,5882,,6471,,7059,,381,,4545,,618,,7008,,744,,7754
217,"Bridge_of_Remembrance_Christchurch_New_Zealand",,8,,9,,8,,6333,,55,,56,,3333,,5833,,75,,8333,,8333,,8333,,4706,,7079,,7742,,7197,,6627,,6699
218,"John_A._Roebling_Suspension_Bridge",,4,,6,,3,,3667,,45,,48,,1333,,4,,4,,4667,,7333,,7333,,2,,48,,3429,,4107,,5577,,5802
219,"Blue_Dome_Santorini",1,0,1,0,,95,,9333,,9,,92,,25,,5,,6875,,75,,75,,8125,,4,,6667,,7977,,8317,,8182,,8629
220,"Fossar_de_les_Moreres",,8,,4,,35,,3333,,4,,4,,2143,,2143,,2857,,3571,,5714,,6429,,338,,2791,,3146,,3448,,4706,,4932
221,"Luxor_Obelisk_France",,6,,8,,7,,7,,725,,78,,1875,,25,,375,,4375,,5,,5,,2857,,381,,4884,,5385,,5918,,6094
222,"Valle_de_los_Caidos",,8,,9,,9,,9333,,95,,96,,2,,3,,5,,65,,75,,75,,32,,45,,6429,,7663,,8382,,8421
--------------------
"--","Avg.",P@5,P@10,P@20,P@30,P@40,P@50,CR@5,CR@10,CR@20,CR@30,CR@40,CR@50,F1@5,F1@10,F1@20,F1@30,F1@40,F1@50
,,,7964,,7851,,7631,,7536,,7528,,7515,,1526,,2578,,4076,,5068,,5926,,6507,,251,,3784,,5205,,5937,,6497,,6833