--------------------
"Run name","output_runPHOGDtrs"
--------------------
"Average P@20 = ",,7905
"Average CR@20 = ",,4044
"Average F1@20 = ",,5243
--------------------
"Query Id ","Location name",P@5,P@10,P@20,P@30,P@40,P@50,CR@5,CR@10,CR@20,CR@30,CR@40,CR@50,F1@5,F1@10,F1@20,F1@30,F1@40,F1@50
1,"angel_of_the_north",1,0,1,0,1,0,,9333,,95,,96,,16,,28,,4,,52,,6,,6,,2759,,4375,,5714,,6679,,7355,,7385
2,"big_ben",1,0,1,0,,95,,9333,,925,,88,,1364,,2727,,4091,,5455,,5455,,5909,,24,,4286,,5719,,6885,,6862,,707
3,"hearst_castle",1,0,,9,,95,,9667,,975,,94,,2083,,3333,,5833,,75,,8333,,8333,,3448,,4865,,7228,,8447,,8986,,8835
4,"la_madeleine",,2,,2,,3,,3667,,425,,4,,0714,,1429,,2143,,4286,,6429,,7857,,1053,,1667,,25,,3952,,5117,,5301
5,"pont_alexandre_iii",1,0,1,0,1,0,,9667,,975,,98,,16,,32,,44,,52,,56,,72,,2759,,4848,,6111,,6762,,7114,,8301
6,"neues_museum",,0,,0,,15,,3,,4,,48,,0,,0,,12,,24,,4,,48,,0,,0,,1333,,2667,,4,,48
7,"montezuma_castle",,8,,5,,5,,5,,575,,56,,25,,25,,5,,5833,,75,,8333,,381,,3333,,5,,5385,,6509,,6699
8,"cn_tower",,8,,6,,7,,7333,,675,,68,,1667,,2083,,375,,4583,,5417,,625,,2759,,3093,,4884,,5641,,601,,6513
9,"acropolis_athens",,6,,8,,9,,8667,,875,,86,,1429,,2857,,5238,,5238,,5714,,5714,,2308,,4211,,6622,,653,,6914,,6866
10,"agra_fort",,8,,9,,8,,8,,85,,84,,16,,28,,44,,56,,68,,72,,2667,,4271,,5677,,6588,,7556,,7754
11,"albert_memorial",,6,,7,,75,,7,,7,,72,,0455,,1364,,2273,,3182,,4091,,5,,0845,,2283,,3488,,4375,,5164,,5902
12,"altes_museum",,8,,8,,7,,7,,675,,7,,1667,,2917,,4167,,5,,5833,,7917,,2759,,4275,,5224,,5833,,6258,,743
13,"amiens_cathedral",1,0,1,0,,95,,9333,,95,,96,,16,,32,,52,,64,,68,,76,,2759,,4848,,6721,,7593,,7926,,8484
14,"angkor_wat",,6,,8,,75,,7667,,775,,8,,12,,2,,4,,56,,64,,68,,2,,32,,5217,,6472,,7011,,7351
15,"ara_pacis",,8,,8,,75,,7,,7,,64,,1818,,3182,,5,,5909,,6364,,6818,,2963,,4553,,6,,6408,,6667,,6602
16,"arc_de_triomphe",1,0,,9,,9,,8333,,825,,78,,2083,,25,,4583,,5833,,625,,6667,,3448,,3913,,6074,,6863,,7112,,7189
17,"aztec_ruins",,0,,1,,15,,2333,,225,,28,,0,,04,,12,,2,,28,,36,,0,,0571,,1333,,2154,,2495,,315
18,"berlin_cathedral",1,0,1,0,1,0,,9667,,975,,98,,16,,36,,48,,56,,68,,72,,2759,,5294,,6486,,7092,,8012,,8301
19,"bok_tower_gardens",,8,,8,,85,,8,,825,,84,,16,,32,,48,,6,,68,,76,,2667,,4571,,6135,,6857,,7455,,798
20,"brandenburg_gate",1,0,1,0,1,0,,9667,,95,,94,,2,,2,,32,,48,,56,,6,,3333,,3333,,4848,,6415,,7046,,7325
21,"cabrillo",,6,,3,,2,,1667,,175,,18,,2308,,2308,,3077,,3846,,4615,,5385,,3333,,2609,,2424,,2326,,2538,,2698
22,"casa_batllo",1,0,1,0,1,0,,9667,,975,,98,,2,,36,,56,,68,,76,,76,,3333,,5294,,7179,,7984,,8542,,8561
23,"casa_rosada",,8,,8,,85,,9,,925,,94,,16,,2,,44,,6,,68,,76,,2667,,32,,5798,,72,,7838,,8405
24,"castillo_de_san_marcos",,8,,7,,65,,6667,,65,,72,,16,,24,,32,,44,,56,,72,,2667,,3574,,4289,,5301,,6017,,72
25,"chartres_cathedral",1,0,1,0,1,0,1,0,,975,,96,,2,,32,,52,,64,,72,,76,,3333,,4848,,6842,,7805,,8283,,8484
26,"chichen_itza",,6,,8,,75,,7667,,825,,84,,12,,24,,32,,44,,64,,64,,2,,3692,,4486,,5591,,7208,,7265
27,"christ_the_redeemer_rio",,6,,6,,5,,5,,45,,48,,087,,2174,,3043,,3913,,4348,,4348,,1519,,3191,,3784,,439,,4423,,4563
28,"civic_center_san_francisco",1,0,,9,,9,,8,,825,,8,,2,,36,,56,,6,,6,,64,,3333,,5143,,6904,,6857,,6947,,7111
29,"cologne_cathedral",1,0,1,0,1,0,,9333,,95,,94,,12,,28,,44,,52,,6,,64,,2143,,4375,,6111,,6679,,7355,,7615
30,"colosseum",1,0,1,0,1,0,,9667,,925,,92,,2,,36,,44,,52,,6,,68,,3333,,5294,,6111,,6762,,7279,,782
31,"doge_s_palace",1,0,,8,,8,,8333,,775,,8,,16,,2,,36,,44,,48,,48,,2759,,32,,4966,,5759,,5928,,6
32,"eiffel_tower",1,0,1,0,1,0,1,0,1,0,,98,,2,,28,,36,,44,,52,,52,,3333,,4375,,5294,,6111,,6842,,6795
33,"golden_gate_bridge",1,0,1,0,,85,,8333,,875,,86,,2174,,3043,,3478,,4783,,5652,,6522,,3571,,4667,,4936,,6077,,6868,,7418
34,"grand_palais",,6,,7,,85,,8667,,9,,9,,1364,,2273,,4545,,5,,5455,,5455,,2222,,3431,,5923,,6341,,6792,,6792
35,"guggenheim_museum_bilbao",1,0,1,0,,95,,9667,,975,,98,,12,,24,,36,,48,,52,,56,,2143,,3871,,5221,,6415,,6783,,7127
36,"hagia_sophia_istanbul",1,0,1,0,,95,,9333,,925,,92,,08,,2,,36,,44,,56,,68,,1481,,3333,,5221,,5981,,6976,,782
37,"hoover_dam",1,0,,9,,9,,9333,,95,,96,,2,,24,,4,,56,,64,,76,,3333,,3789,,5538,,7,,7648,,8484
38,"humayun_tomb",,8,,5,,6,,6,,675,,72,,16,,2,,36,,44,,52,,64,,2667,,2857,,45,,5077,,5874,,6776
39,"iguazu_falls",,8,,8,,8,,8,,8,,78,,12,,28,,32,,44,,6,,6,,2087,,4148,,4571,,5677,,6857,,6783
40,"iolani_palace",1,0,1,0,1,0,,8667,,775,,72,,16,,24,,36,,52,,6,,68,,2759,,3871,,5294,,65,,6764,,6994
41,"la_mezquita",1,0,,7,,75,,7,,7,,66,,2083,,2917,,5,,5417,,5833,,5833,,3448,,4118,,6,,6107,,6364,,6193
42,"la_rambla_barcelona",1,0,1,0,,95,,9667,,95,,94,,16,,28,,28,,36,,48,,56,,2759,,4375,,4325,,5246,,6378,,7019
43,"la_sainte_chapelle",1,0,1,0,,95,,9333,,925,,92,,16,,24,,4,,56,,8,,84,,2759,,3871,,563,,7,,858,,8782
44,"liberty_memorial",,6,,7,,55,,6,,625,,7,,08,,12,,16,,28,,48,,52,,1412,,2049,,2479,,3818,,543,,5967
45,"lincoln_home",1,0,,9,,95,,8667,,9,,84,,2778,,3333,,6667,,8333,,8889,,8889,,4348,,4865,,7835,,8497,,8944,,8638
46,"machu_picchu",1,0,,9,,8,,7667,,725,,72,,2,,32,,48,,52,,6,,64,,3333,,4721,,6,,6197,,6566,,6776
47,"marble_arch_london",,8,,6,,55,,5333,,425,,4,,3333,,4167,,5,,6667,,6667,,75,,4706,,4918,,5238,,5926,,5191,,5217
48,"milan_cathedral",1,0,1,0,1,0,,9333,,925,,92,,16,,24,,4,,52,,52,,68,,2759,,3871,,5714,,6679,,6657,,782
49,"mole_antonelliana",,8,,8,,8,,7333,,675,,68,,16,,28,,36,,36,,36,,48,,2667,,4148,,4966,,4829,,4696,,5628
50,"mont_saint_michel",1,0,1,0,1,0,1,0,,975,,96,,16,,36,,4,,44,,52,,6,,2759,,5294,,5714,,6111,,6783,,7385
51,"moulin_rouge",,0,,0,,1,,1333,,15,,14,,0,,0,,125,,25,,5,,625,,0,,0,,1111,,1739,,2308,,2288
52,"nelson_s_column",,8,,9,,95,,9667,,975,,96,,1667,,2917,,4583,,5417,,6667,,7083,,2759,,4406,,6183,,6943,,7919,,8152
53,"notre_dame_de_paris",,8,,9,,95,,9333,,9,,9,,12,,2,,48,,64,,68,,76,,2087,,3273,,6378,,7593,,7747,,8241
54,"obelisco",,2,,2,,1,,1,,1,,14,,0909,,0909,,0909,,1818,,2727,,5455,,125,,125,,0952,,129,,1463,,2228
55,"piccadilly_circus",1,0,1,0,,85,,8,,775,,8,,1739,,3478,,3913,,5217,,6522,,6957,,2963,,5161,,5359,,6316,,7083,,7442
56,"place_de_la_concorde",1,0,1,0,1,0,1,0,1,0,1,0,,08,,24,,32,,48,,52,,6,,1481,,3871,,4848,,6486,,6842,,75
57,"place_de_la_republique",,6,,5,,3,,2667,,2,,16,,25,,375,,5,,75,,75,,75,,3529,,4286,,375,,3934,,3158,,2637
58,"place_des_vosges",,8,,7,,8,,8,,8,,74,,12,,2,,36,,48,,64,,68,,2087,,3111,,4966,,6,,7111,,7087
59,"pont_du_gard",1,0,,8,,9,,8667,,825,,78,,2,,28,,36,,48,,52,,52,,3333,,4148,,5143,,6178,,6379,,624
60,"pont_neuf",1,0,,9,,65,,7,,65,,62,,12,,2,,32,,44,,52,,6,,2143,,3273,,4289,,5404,,5778,,6098
61,"ponte_vecchio",1,0,1,0,,95,,9667,,925,,9,,2083,,2917,,4167,,5,,5833,,625,,3448,,4516,,5793,,6591,,7155,,7377
62,"puerta_de_alcala",,0,,3,,5,,5667,,575,,64,,0,,1579,,4211,,5263,,5263,,6316,,0,,2069,,4571,,5457,,5496,,6358
63,"puerta_del_sol",,4,,6,,65,,5667,,45,,4,,1,,25,,35,,4,,4,,45,,16,,3529,,455,,469,,4235,,4235
64,"red_fort",1,0,1,0,1,0,1,0,1,0,1,0,,16,,28,,48,,64,,72,,76,,2759,,4375,,6486,,7805,,8372,,8636
65,"reims_cathedral",1,0,1,0,1,0,1,0,1,0,,98,,16,,28,,4,,56,,64,,68,,2759,,4375,,5714,,7179,,7805,,8029
66,"rialto_bridge",1,0,,8,,85,,8333,,725,,66,,1875,,25,,5625,,625,,75,,75,,3158,,381,,677,,7143,,7373,,7021
67,"roman_forum_rome",,8,,8,,7,,7333,,675,,74,,16,,24,,4,,52,,6,,8,,2667,,3692,,5091,,6085,,6353,,7688
68,"sacre_coeur",,0,,4,,6,,6,,625,,56,,0,,1667,,375,,4583,,5,,5,,0,,2353,,4615,,5197,,5556,,5283
69,"sagrada_familia",1,0,,9,,95,,9333,,95,,92,,2,,36,,44,,44,,64,,64,,3333,,5143,,6014,,5981,,7648,,7549
70,"santa_maria_novella",,8,,6,,55,,5333,,5,,52,,12,,2,,28,,36,,48,,6,,2087,,3,,3711,,4299,,4898,,5571
71,"schonbrunn_palace",1,0,1,0,1,0,1,0,,975,,98,,16,,24,,52,,6,,64,,64,,2759,,3871,,6842,,75,,7728,,7743
72,"seville_cathedral",1,0,1,0,,8,,8667,,9,,92,,16,,32,,44,,48,,52,,68,,2759,,4848,,5677,,6178,,6592,,782
73,"spanish_steps",,8,,7,,65,,6333,,7,,66,,0909,,1364,,2273,,4545,,5909,,6818,,1633,,2283,,3368,,5292,,6408,,6707
74,"st__basil_cathedral",1,0,1,0,,95,,9667,,9,,86,,16,,28,,44,,6,,64,,64,,2759,,4375,,6014,,7404,,7481,,7339
75,"statue_of_liberty",1,0,,9,,9,,8667,,825,,84,,2,,32,,44,,56,,6,,64,,3333,,4721,,591,,6804,,6947,,7265
76,"stonehenge",,6,,6,,7,,7,,675,,6,,1053,,2632,,4211,,5789,,6316,,6316,,1791,,3659,,5258,,6337,,6526,,6154
77,"summer_palace_beijing",1,0,1,0,1,0,1,0,,975,,9,,12,,28,,48,,56,,6,,64,,2143,,4375,,6486,,7179,,7429,,7481
78,"sydney_opera_house",,8,,9,,95,,9667,,95,,92,,12,,28,,44,,52,,56,,64,,2087,,4271,,6014,,6762,,7046,,7549
79,"teotihuacan",,8,,6,,7,,7,,7,,7,,12,,16,,36,,48,,48,,6,,2087,,2526,,4755,,5695,,5695,,6462
80,"terracotta_army",,8,,6,,55,,5333,,525,,54,,2,,25,,4,,45,,5,,7,,32,,3529,,4632,,4881,,5122,,6097
81,"the_blue_mosque",,8,,8,,85,,8667,,875,,9,,16,,24,,4,,52,,6,,64,,2667,,3692,,544,,65,,7119,,7481
82,"the_henry_ford",,8,,8,,8,,7667,,75,,78,,12,,24,,44,,56,,72,,72,,2087,,3692,,5677,,6472,,7347,,7488
83,"taj_mahal",,8,,9,,95,,9333,,9,,9,,16,,2,,48,,56,,64,,64,,2667,,3273,,6378,,7,,7481,,7481
84,"tour_montparnasse",,8,,9,,7,,6,,5,,46,,2,,3,,45,,5,,5,,55,,32,,45,,5478,,5455,,5,,501
85,"tower_bridge_london",1,0,,8,,65,,5667,,55,,58,,2,,24,,36,,4,,52,,6,,3333,,3692,,4634,,469,,5346,,5898
86,"trafalgar_square",,4,,2,,45,,4,,45,,48,,0909,,0909,,1818,,2273,,3636,,4091,,1481,,125,,259,,2899,,4022,,4417
87,"leaning_tower_of_pisa",,4,,4,,5,,4667,,5,,56,,08,,16,,28,,4,,44,,56,,1333,,2286,,359,,4308,,4681,,56
88,"hermitage_museum_saint_petersburg",1,0,,9,,9,,8667,,85,,84,,16,,24,,4,,52,,56,,56,,2759,,3789,,5538,,65,,6752,,672
89,"jantar_mantar_jaipur",,8,,8,,8,,7667,,8,,82,,16,,28,,52,,6,,6,,68,,2667,,4148,,6303,,6732,,6857,,7435
90,"lake_titicaca_peru",,4,,5,,45,,5333,,5,,52,,0833,,1667,,25,,4583,,5417,,625,,1379,,25,,3214,,493,,52,,5677
91,"the_great_wall_of_china",,8,,7,,8,,7667,,775,,76,,12,,2,,4,,48,,56,,68,,2087,,3111,,5333,,5904,,6502,,7178
92,"grande_arche_paris",1,0,,6,,65,,6667,,6,,64,,2,,2,,28,,36,,44,,56,,3333,,3,,3914,,4675,,5077,,5973
93,"el_angel_mexico",,8,,6,,65,,6333,,6,,64,,1429,,1905,,3333,,5238,,6667,,7143,,2424,,2892,,4407,,5734,,6316,,6751
94,"bibliotheque_nationale_de_france",,6,,7,,8,,8,,8,,74,,08,,2,,4,,52,,6,,6,,1412,,3111,,5333,,6303,,6857,,6627
95,"kronborg_castle",,8,,5,,7,,7333,,775,,78,,1667,,2083,,5,,5417,,5833,,5833,,2759,,2941,,5833,,6231,,6656,,6675
96,"ajanta_caves",,8,,7,,8,,8667,,9,,9,,1364,,1818,,4545,,5455,,5909,,5909,,233,,2887,,5797,,6695,,7134,,7134
97,"atomium",1,0,,9,,95,,9667,,975,,92,,1905,,2857,,381,,4762,,5238,,5714,,32,,4337,,5438,,6381,,6815,,705
98,"ellora_caves",1,0,1,0,,95,,9,,925,,94,,2273,,2727,,3182,,4545,,5455,,5455,,3704,,4286,,4767,,604,,6862,,6903
99,"potala_palace",1,0,1,0,,95,,9,,85,,82,,2222,,2778,,3889,,5,,6111,,6667,,3636,,4348,,5519,,6429,,711,,7354
100,"jokhang",1,0,,9,,85,,8667,,875,,86,,16,,28,,44,,6,,72,,72,,2759,,4271,,5798,,7091,,79,,7838
101,"rila_monastery",1,0,,9,,85,,8667,,875,,88,,16,,28,,32,,36,,44,,48,,2759,,4271,,465,,5087,,5856,,6212
102,"louvre_pyramid",,8,,9,,95,,9333,,95,,94,,1667,,2778,,5,,6111,,6111,,6111,,2759,,4245,,6552,,7386,,7438,,7407
103,"brooklyn_bridge",,6,,8,,9,,8667,,8,,8,,1429,,2381,,3333,,4286,,4762,,5238,,2308,,367,,4865,,5735,,597,,6331
104,"tower_of_london",,8,,9,,85,,8,,85,,82,,1304,,2609,,3478,,3478,,4783,,5652,,2243,,4045,,4936,,4848,,6121,,6692
105,"british_museum_london",1,0,1,0,1,0,1,0,1,0,1,0,,2,,2,,35,,45,,55,,6,,3333,,3333,,5185,,6207,,7097,,75
106,"buckingham_palace",,4,,4,,5,,5333,,425,,44,,1,,15,,3,,3,,3,,35,,16,,2182,,375,,384,,3517,,3899
107,"charles_bridge_prague",1,0,,8,,75,,6,,6,,54,,2083,,25,,3333,,3333,,375,,4583,,3448,,381,,4615,,4286,,4615,,4958
108,"champs_elysees_paris",,6,,7,,65,,6333,,6,,6,,2,,2667,,2667,,4,,4,,4667,,3,,3862,,3782,,4903,,48,,525
109,"chrysler_building",1,0,1,0,1,0,,9667,,975,,98,,2857,,4286,,5714,,7143,,7857,,8571,,4444,,6,,7273,,8215,,8702,,9145
110,"moma_new_york",,6,,7,,8,,8333,,85,,86,,1579,,2632,,3684,,3684,,5263,,5789,,25,,3825,,5045,,5109,,6501,,692
111,"grand_central_terminal",1,0,,9,,95,,9667,,975,,96,,0476,,1429,,2857,,4762,,4762,,5714,,0909,,2466,,4393,,6381,,6399,,7164
112,"houses_of_parliament",1,0,1,0,1,0,1,0,,975,,96,,1304,,3043,,4348,,4348,,4783,,5217,,2308,,4667,,6061,,6061,,6417,,6761
113,"alexanderplatz_berlin",,6,,4,,5,,6,,625,,66,,12,,16,,28,,44,,52,,56,,2,,2286,,359,,5077,,5677,,6059
114,"centre_pompidou",,6,,6,,75,,7667,,675,,66,,1667,,2778,,4444,,5,,5556,,5556,,2609,,3797,,5581,,6053,,6095,,6033
115,"sydney_harbour_bridge",1,0,1,0,1,0,1,0,1,0,1,0,,25,,4375,,4375,,5625,,5625,,6875,,4,,6087,,6087,,72,,72,,8148
116,"pier_39",1,0,1,0,1,0,1,0,,975,,96,,1905,,2857,,4762,,5238,,5714,,6667,,32,,4444,,6452,,6875,,7206,,7869
117,"coit_tower",,6,,7,,65,,7,,7,,68,,0667,,1333,,2667,,4667,,4667,,4667,,12,,224,,3782,,56,,56,,5535
118,"st_paul_s_cathedral_london",,8,,8,,85,,8333,,875,,84,,2353,,3529,,5882,,7059,,7647,,7647,,3636,,4898,,6953,,7643,,8161,,8006
119,"cloud_gate",,8,,7,,75,,7333,,7,,66,,1667,,25,,5,,5833,,5833,,5833,,2759,,3684,,6,,6498,,6364,,6193
120,"musee_d_orsay",1,0,1,0,,95,,9333,,925,,9,,1905,,2857,,381,,5238,,5714,,6667,,32,,4444,,5438,,671,,7064,,766
121,"pike_place_market",1,0,,9,,85,,9,,875,,82,,1429,,2857,,2857,,4762,,5714,,5714,,25,,4337,,4277,,6228,,6914,,6735
122,"royal_palace_madrid",,6,,8,,8,,8333,,8,,82,,0909,,2273,,3636,,5455,,6364,,7727,,1579,,354,,5,,6593,,7089,,7957
123,"sony_center_berlin",,8,,9,,95,,9333,,95,,96,,1905,,3333,,4286,,4286,,4286,,4286,,3077,,4865,,5907,,5874,,5907,,5926
124,"red_square_moscow",1,0,,8,,75,,7333,,675,,7,,1905,,2381,,3333,,4762,,4762,,5238,,32,,367,,4615,,5774,,5584,,5992
125,"prague_castle",1,0,1,0,,95,,9,,9,,84,,12,,24,,44,,6,,64,,72,,2143,,3871,,6014,,72,,7481,,7754
126,"musee_du_louvre",1,0,1,0,,95,,9667,,975,,98,,2,,28,,36,,52,,68,,72,,3333,,4375,,5221,,6762,,8012,,8301
127,"millennium_bridge_london",1,0,,9,,85,,8,,8,,78,,2,,32,,4,,44,,52,,56,,3333,,4721,,544,,5677,,6303,,6519
128,"casa_mila",1,0,1,0,1,0,,9333,,925,,94,,16,,28,,36,,48,,64,,72,,2759,,4375,,5294,,634,,7565,,8154
129,"national_gallery_london",1,0,,9,,75,,7333,,725,,7,,2273,,2727,,4091,,5909,,6818,,7273,,3704,,4186,,5294,,6545,,7027,,7134
130,"national_mall",1,0,1,0,,9,,9,,9,,92,,16,,36,,52,,68,,72,,84,,2759,,5294,,6592,,7747,,8,,8782
131,"london_city_hall",1,0,1,0,,95,,9667,,95,,88,,15,,25,,4,,55,,75,,75,,2609,,4,,563,,7011,,8382,,8098
132,"holocaust_memorial",1,0,,8,,7,,7,,65,,6,,1875,,25,,5,,5625,,625,,625,,3158,,381,,5833,,6238,,6373,,6122
133,"columbus_circle",,6,,8,,75,,6333,,625,,58,,08,,24,,44,,48,,6,,64,,1412,,3692,,5546,,5461,,6122,,6085
134,"siegessaeule",,8,,8,,8,,7667,,65,,68,,16,,28,,44,,52,,52,,72,,2667,,4148,,5677,,6197,,5778,,6994
135,"jardin_du_luxembourg",,8,,9,,95,,9333,,925,,94,,16,,28,,48,,52,,6,,68,,2667,,4271,,6378,,6679,,7279,,7891
136,"merlion_singapore",,4,,2,,15,,1667,,275,,32,,0909,,0909,,1364,,2273,,4091,,5455,,1481,,125,,1429,,1923,,3289,,4034
137,"harrods_london",,8,,8,,9,,8333,,8,,8,,16,,28,,52,,56,,64,,64,,2667,,4148,,6592,,6699,,7111,,7111
138,"metropolitan_museum_of_art_new_york",1,0,1,0,,95,,9667,,925,,94,,2,,32,,44,,56,,6,,68,,3333,,4848,,6014,,7092,,7279,,7891
139,"new_york_stock_exchange",,6,,7,,7,,7,,725,,68,,15,,35,,45,,5,,55,,55,,24,,4667,,5478,,5833,,6255,,6081
140,"stephansdom_vienna",1,0,1,0,1,0,1,0,1,0,1,0,,16,,28,,44,,64,,72,,72,,2759,,4375,,6111,,7805,,8372,,8372
141,"hms_belfast",1,0,1,0,,95,,9333,,925,,94,,16,,28,,4,,48,,64,,68,,2759,,4375,,563,,634,,7565,,7891
142,"leicester_square",1,0,,7,,75,,7667,,775,,76,,08,,16,,28,,32,,48,,56,,1481,,2605,,4078,,4515,,5928,,6448
143,"ciudad_de_las_artes_y_las_ciencias",,8,,9,,95,,9,,925,,94,,16,,36,,48,,56,,64,,64,,2667,,5143,,6378,,6904,,7565,,7615
144,"topkapi_palace",1,0,1,0,1,0,,9667,,95,,96,,2,,24,,48,,6,,68,,76,,3333,,3871,,6486,,7404,,7926,,8484
145,"royal_albert_hall",,8,,8,,7,,7333,,725,,68,,16,,2,,32,,52,,56,,56,,2667,,32,,4392,,6085,,6319,,6142
146,"st_vitus_cathedral",,8,,9,,95,,9,,9,,9,,12,,28,,48,,56,,68,,68,,2087,,4271,,6378,,6904,,7747,,7747
147,"castello_sforzesco",1,0,,9,,85,,9,,9,,9,,08,,16,,36,,56,,6,,6,,1481,,2717,,5058,,6904,,72,,72
148,"rijksmuseum_amsterdam",1,0,1,0,1,0,1,0,1,0,1,0,,08,,16,,36,,44,,64,,72,,1481,,2759,,5294,,6111,,7805,,8372
149,"dam_square",,8,,7,,7,,7,,65,,66,,12,,16,,28,,4,,48,,56,,2087,,2605,,4,,5091,,5522,,6059
150,"rathaus_vienna",1,0,1,0,,85,,7333,,725,,72,,12,,2,,24,,32,,4,,4,,2143,,3333,,3743,,4456,,5156,,5143
151,"bath_abbey",1,0,1,0,1,0,1,0,1,0,1,0,,16,,28,,44,,6,,64,,64,,2759,,4375,,6111,,75,,7805,,7805
152,"salisbury_cathedral",1,0,1,0,1,0,1,0,1,0,1,0,,12,,2,,36,,4,,4,,52,,2143,,3333,,5294,,5714,,5714,,6842
153,"templo_de_debod",,4,,4,,4,,4333,,425,,42,,0909,,1818,,2273,,2727,,3636,,3636,,1481,,25,,2899,,3348,,3919,,3898
154,"Niagara_Falls",,4,,6,,55,,6,,625,,64,,0909,,2273,,3182,,4091,,5,,5455,,1481,,3297,,4031,,4865,,5556,,589
155,"Golden_Gate_Bridge_in_San_Francisco",,8,,9,,95,,9333,,95,,94,,1364,,1818,,4545,,5455,,6818,,6818,,233,,3025,,6149,,6885,,7939,,7904
156,"Neuschwanstein_Castle",1,0,1,0,1,0,,9667,,975,,96,,12,,2,,4,,52,,72,,72,,2143,,3333,,5714,,6762,,8283,,8229
157,"Christ_Church_Cathedral_Missouri",1,0,1,0,,95,,9333,,925,,94,,16,,36,,52,,56,,56,,6,,2759,,5294,,6721,,7,,6976,,7325
158,"Mount_Rushmore_in_South_Dakota",1,0,,9,,95,,9333,,95,,94,,2,,24,,36,,44,,56,,68,,3333,,3789,,5221,,5981,,7046,,7891
159,"Puerta_de_Toledo",,4,,3,,15,,1,,075,,06,1,0,1,0,1,0,1,0,1,0,1,0,,5714,,4615,,2609,,1818,,1395,,1132
160,"Urquhart_Castle",1,0,1,0,,85,,8333,,85,,84,,125,,3333,,4583,,625,,6667,,7917,,2222,,5,,5955,,7143,,7473,,8151
161,"Gare_du_Nord_Paris",,6,,7,,75,,7667,,8,,78,,12,,2,,24,,36,,36,,36,,2,,3111,,3636,,4899,,4966,,4926
162,"Newgrange_in_Ireland",,8,,9,,75,,7,,65,,68,,125,,25,,4167,,4583,,5,,5417,,2162,,3913,,5357,,554,,5652,,603
163,"Windmills_at_Kinderdijk",1,0,,9,,8,,8333,,85,,86,,16,,24,,44,,48,,56,,6,,2759,,3789,,5677,,6091,,6752,,7068
164,"Conciergerie",,8,,9,,95,,9667,,975,,98,,12,,24,,4,,56,,6,,72,,2087,,3789,,563,,7092,,7429,,8301
165,"Palazzo_Madama",,6,,8,,75,,7,,675,,66,,0909,,3182,,4545,,5,,5909,,5909,,1579,,4553,,566,,5833,,6302,,6235
166,"Split_Rock_Lighthouse",1,0,1,0,,95,,9333,,9,,88,,16,,24,,28,,4,,44,,48,,2759,,3871,,4325,,56,,591,,6212
167,"The_Little_Mermaid_Denmark",,8,,8,,8,,8,,775,,76,,2143,,5,,6429,,7143,,7857,,7857,,338,,6154,,7129,,7547,,7803,,7726
168,"Great_Pyramid_of_Giza",,6,,5,,5,,5333,,575,,56,,2,,2667,,5333,,6,,6,,6667,,3,,3478,,5161,,5647,,5872,,6087
169,"Pitti_Palace",1,0,,9,,75,,7667,,8,,7,,1818,,3182,,3636,,4091,,5455,,5455,,3077,,4701,,4898,,5335,,6486,,6131
170,"Georgia_State_Capitol",,6,,6,,5,,4667,,375,,34,,1579,,2105,,2632,,2632,,2632,,2632,,25,,3117,,3448,,3365,,3093,,2967
171,"Dome_des_Invalides",1,0,1,0,,9,,9333,,95,,96,,12,,24,,28,,36,,48,,48,,2143,,3871,,4271,,5196,,6378,,64
172,"Reggia_di_Caserta",,6,,5,,55,,5667,,525,,58,,12,,2,,36,,44,,48,,56,,2,,2857,,4352,,4954,,5015,,5698
173,"The_Burj_al_Arab_Hotel",,8,,5,,6,,7,,75,,76,,16,,2,,28,,4,,6,,6,,2667,,2857,,3818,,5091,,6667,,6706
174,"Elephanta_Caves",1,0,1,0,1,0,,9667,,975,,9,,2083,,3333,,4167,,5,,625,,625,,3448,,5,,5882,,6591,,7617,,7377
175,"Basilica_of_Santa_Croce",1,0,1,0,1,0,1,0,1,0,1,0,,12,,2,,36,,48,,52,,64,,2143,,3333,,5294,,6486,,6842,,7805
176,"Aachen_Cathedral",1,0,1,0,,95,,9333,,95,,94,,2,,28,,48,,48,,6,,68,,3333,,4375,,6378,,634,,7355,,7891
177,"Monument_to_the_Great_Fire_of_London",,4,,4,,5,,5333,,55,,48,,08,,12,,24,,4,,48,,52,,1333,,1846,,3243,,4571,,5126,,4992
178,"Longmen_Grottoes",1,0,,6,,55,,6,,55,,58,,2,,24,,4,,48,,6,,72,,3333,,3429,,4632,,5333,,5739,,6425
179,"Louisiana_State_Capitol",,4,,2,,2,,1667,,225,,32,,08,,08,,16,,2,,28,,4,,1333,,1143,,1778,,1818,,2495,,3556
180,"The_Great_Sphinx_at_Giza",1,0,,9,,9,,8333,,875,,88,,16,,2,,36,,48,,6,,64,,2759,,3273,,5143,,6091,,7119,,7411
181,"Teatro_Real_Madrid",1,0,,9,,9,,9,,8,,76,,2174,,3043,,5217,,6522,,6957,,7826,,3571,,4549,,6606,,7563,,7442,,7711
182,"Palacio_de_la_Magdalena",,6,,7,,8,,7667,,8,,76,,12,,28,,52,,6,,64,,72,,2,,4,,6303,,6732,,7111,,7395
183,"Sowjetisches_Ehrenmal",,4,,5,,6,,7,,7,,7,,08,,12,,32,,56,,64,,72,,1333,,1935,,4174,,6222,,6687,,7099
184,"Cathedral_of_Trier",1,0,,9,,95,,9667,,9,,9,,2,,36,,52,,64,,72,,84,,3333,,5143,,6721,,7701,,8,,869
185,"Saint_Mary_of_the_Flower",,2,,2,,25,,2,,25,,26,,04,,04,,16,,16,,32,,44,,0667,,0667,,1951,,1778,,2807,,3269
186,"Skellig_Michael",,8,,8,,85,,7667,,8,,72,,16,,28,,52,,56,,56,,64,,2667,,4148,,6453,,6472,,6588,,6776
187,"Chicago_Board_of_Trade_Building",1,0,1,0,,85,,8667,,775,,7,,1818,,2727,,4091,,6364,,6364,,6818,,3077,,4286,,5523,,7339,,6989,,6908
188,"Pont_de_Normandie_France",,6,,8,,9,,9,,925,,86,,1579,,3158,,5263,,7368,,8947,,9474,,25,,4528,,6642,,8103,,9096,,9016
189,"Palazzo_Rosso",,0,,0,,0,,0,,025,,04,,0,,0,,0,,0,,0417,,0833,,0,,0,,0,,0,,0312,,0541
190,"Piazza_Vittorio_Veneto",,8,,7,,7,,5667,,525,,46,,25,,375,,5625,,5625,,5625,,625,,381,,4884,,6238,,5646,,5431,,53
191,"Sforza_Castle",1,0,1,0,1,0,,9333,,95,,94,,2,,32,,4,,48,,56,,64,,3333,,4848,,5714,,634,,7046,,7615
192,"Torres_KIO",1,0,1,0,,9,,8667,,825,,8,,16,,32,,4,,52,,64,,68,,2759,,4848,,5538,,65,,7208,,7351
193,"Torre_Picasso",1,0,1,0,,75,,7333,,775,,74,,2083,,3333,,375,,5,,625,,6667,,3448,,5,,5,,5946,,692,,7014
194,"The_Palace_of_Parliament_in_Bucharest",1,0,1,0,,95,,9333,,925,,94,,12,,24,,32,,4,,52,,64,,2143,,3871,,4787,,56,,6657,,7615
195,"Ernest_Hemingway_House",,8,,9,,85,,8,,8,,8,,16,,28,,48,,52,,56,,56,,2667,,4271,,6135,,6303,,6588,,6588
196,"Castel_dellOvo_Napoli",1,0,1,0,,85,,8667,,9,,88,,2,,4,,56,,6,,64,,72,,3333,,5714,,6752,,7091,,7481,,792
197,"Villa_Borghese_gardens",1,0,1,0,,95,,9667,,975,,98,,16,,32,,52,,56,,68,,8,,2759,,4848,,6721,,7092,,8012,,8809
198,"Saint_Marks_Basilica",1,0,1,0,1,0,1,0,1,0,1,0,,2,,32,,36,,44,,48,,52,,3333,,4848,,5294,,6111,,6486,,6842
199,"Mausoleum_of_the_First_Qin_Emperor",1,0,1,0,,85,,8333,,825,,8,,16,,32,,4,,44,,48,,52,,2759,,4848,,544,,5759,,6069,,6303
200,"Mausoleum_of_Hadrian",,8,,9,,85,,8333,,75,,74,,2222,,3889,,5,,6111,,6111,,6111,,3478,,5431,,6296,,7051,,6735,,6694
201,"Piazza_de_Ferrari",1,0,,9,,95,,9,,925,,94,,2105,,2632,,4211,,4211,,5263,,5263,,3478,,4072,,5835,,5737,,6709,,6748
202,"George_Washington_Carver",,6,,6,,65,,7,,65,,66,,125,,125,,5,,625,,625,,6875,,2069,,2069,,5652,,6604,,6373,,6735
203,"Cathedral_of_Santiago_de_Compostela",1,0,1,0,1,0,,9667,,925,,84,,1176,,2941,,5882,,7647,,8235,,8824,,2105,,4545,,7407,,8539,,8713,,8607
204,"Saint-Jacques_Tower",,8,,7,,8,,7667,,8,,78,,2308,,3077,,3846,,4615,,4615,,5385,,3582,,4275,,5195,,5762,,5854,,6371
205,"Calakmul_Campeche_Mexico",1,0,,9,,85,,8667,,875,,84,,2143,,4286,,4286,,5,,6429,,6429,,3529,,5806,,5698,,6341,,7412,,7283
206,"Bran_Castle_in_Transylvania",1,0,,9,,85,,8667,,8,,84,,2632,,3158,,4211,,5789,,6842,,7368,,4167,,4675,,5631,,6942,,7376,,785
207,"Mosteiro_da_Batalha",1,0,1,0,1,0,1,0,1,0,1,0,,2632,,3684,,6316,,6842,,6842,,6842,,4167,,5385,,7742,,8125,,8125,,8125
208,"Wartburg_Castle",1,0,,9,,9,,9333,,925,,9,,25,,35,,5,,6,,75,,8,,4,,504,,6429,,7304,,8284,,8471
209,"Fujian_Tulou_Fujian_China",1,0,1,0,1,0,1,0,,975,,98,,2222,,3333,,4444,,5,,7222,,7222,,3636,,5,,6154,,6667,,8298,,8316
210,"Alabama_State_Capitol",1,0,,6,,75,,7333,,775,,8,,1905,,2381,,5238,,7143,,7619,,8571,,32,,3409,,6168,,7237,,7684,,8276
211,"Palazzo_dAccursio",,8,,9,,8,,7333,,675,,7,,2222,,2778,,3889,,3889,,3889,,5,,3478,,4245,,5234,,5083,,4935,,5833
212,"Casa_Grande_Ruins",,8,,7,,8,,8333,,85,,84,,1765,,2353,,4118,,5294,,5882,,5882,,2892,,3522,,5437,,6475,,6953,,6919
213,"Stravinsky_Fountain",1,0,1,0,1,0,1,0,,975,,98,,2667,,3333,,4,,5333,,6,,6,,4211,,5,,5714,,6957,,7429,,7443
214,"Angel_Falls_Venezuela",,6,,7,,7,,6,,575,,56,,1765,,2353,,4118,,5882,,6471,,7059,,2727,,3522,,5185,,5941,,6089,,6245
215,"Statue_of_George_IV",1,0,,7,,7,,5,,45,,42,,375,,5,,625,,625,,75,,875,,5455,,5833,,6604,,5556,,5625,,5676
216,"Palacio_Barolo",,8,,8,,85,,9,,9,,92,,1765,,2941,,4118,,5882,,5882,,8235,,2892,,4301,,5548,,7115,,7115,,8691
217,"Bridge_of_Remembrance_Christchurch_New_Zealand",1,0,,9,,9,,8667,,775,,68,,3333,,5,,75,,8333,,9167,1,0,,5,,6429,,8182,,8497,,8399,,8095
218,"John_A._Roebling_Suspension_Bridge",,4,,3,,3,,3333,,475,,48,,1333,,2,,3333,,4667,,6,,7333,,2,,24,,3158,,3889,,5302,,5802
219,"Blue_Dome_Santorini",,8,,8,,85,,9,,925,,92,,25,,4375,,625,,625,,75,,8125,,381,,5657,,7203,,7377,,8284,,8629
220,"Fossar_de_les_Moreres",,8,,8,,55,,4667,,425,,36,,2857,,3571,,4286,,5,,5714,,6429,,4211,,4938,,4818,,4828,,4875,,4615
221,"Luxor_Obelisk_France",,8,,7,,6,,6667,,725,,74,,125,,1875,,375,,375,,5625,,5625,,2162,,2958,,4615,,48,,6335,,6392
222,"Valle_de_los_Caidos",1,0,1,0,,95,,9333,,875,,88,,25,,3,,55,,6,,6,,7,,4,,4615,,6967,,7304,,7119,,7797
--------------------
"--","Avg.",P@5,P@10,P@20,P@30,P@40,P@50,CR@5,CR@10,CR@20,CR@30,CR@40,CR@50,F1@5,F1@10,F1@20,F1@30,F1@40,F1@50
,,,8225,,7973,,7905,,7811,,7744,,7672,,1627,,2615,,4044,,5031,,5798,,6369,,2646,,3855,,5243,,6001,,65,,6804