--------------------
"Run name","output_runDICESilhouette"
--------------------
"Average P@20 = ",,7766
"Average CR@20 = ",,3973
"Average F1@20 = ",,5145
--------------------
"Query Id ","Location name",P@5,P@10,P@20,P@30,P@40,P@50,CR@5,CR@10,CR@20,CR@30,CR@40,CR@50,F1@5,F1@10,F1@20,F1@30,F1@40,F1@50
1,"angel_of_the_north",1,0,1,0,1,0,1,0,1,0,1,0,,16,,28,,44,,52,,6,,68,,2759,,4375,,6111,,6842,,75,,8095
2,"big_ben",1,0,1,0,,9,,8667,,9,,9,,2273,,2273,,3636,,3636,,5455,,5455,,3704,,3704,,518,,5123,,6792,,6792
3,"hearst_castle",1,0,,9,,95,,9333,,95,,94,,2083,,3333,,5,,625,,75,,75,,3448,,4865,,6552,,7487,,8382,,8343
4,"la_madeleine",,6,,7,,4,,5333,,475,,48,,2143,,4286,,4286,,7143,,7857,,8571,,3158,,5316,,4138,,6107,,5921,,6154
5,"pont_alexandre_iii",1,0,1,0,1,0,,9667,,975,,98,,16,,24,,4,,52,,56,,68,,2759,,3871,,5714,,6762,,7114,,8029
6,"neues_museum",,0,,0,,25,,3333,,375,,4,,0,,0,,16,,32,,4,,48,,0,,0,,1951,,3265,,3871,,4364
7,"montezuma_castle",,8,,7,,5,,6,,55,,56,,25,,3333,,4167,,5,,5,,75,,381,,4516,,4545,,5455,,5238,,6412
8,"cn_tower",,6,,5,,75,,7333,,75,,74,,125,,2083,,4583,,5417,,5833,,625,,2069,,2941,,569,,6231,,6562,,6777
9,"acropolis_athens",,8,,9,,9,,9,,875,,88,,0952,,2857,,4762,,5238,,5238,,5714,,1702,,4337,,6228,,6622,,6553,,6929
10,"agra_fort",,8,,9,,9,,9,,875,,88,,12,,2,,44,,52,,6,,68,,2087,,3273,,591,,6592,,7119,,7672
11,"albert_memorial",1,0,1,0,,65,,7667,,7,,72,,0909,,1364,,2727,,3636,,4091,,4545,,1667,,24,,3842,,4933,,5164,,5573
12,"altes_museum",,4,,7,,65,,6667,,6,,48,,0833,,2917,,375,,5,,5833,,5833,,1379,,4118,,4756,,5714,,5915,,5266
13,"amiens_cathedral",1,0,1,0,1,0,1,0,,975,,96,,2,,36,,52,,6,,68,,72,,3333,,5294,,6842,,75,,8012,,8229
14,"angkor_wat",,8,,9,,65,,7333,,725,,74,,12,,28,,36,,44,,52,,56,,2087,,4271,,4634,,55,,6056,,6375
15,"ara_pacis",,2,,6,,7,,7667,,7,,68,,0455,,2273,,5,,6364,,6818,,7273,,0741,,3297,,5833,,6955,,6908,,7028
16,"arc_de_triomphe",1,0,,9,,9,,8,,8,,78,,125,,2917,,5,,5833,,6667,,6667,,2222,,4406,,6429,,6747,,7273,,7189
17,"aztec_ruins",,2,,1,,3,,2333,,225,,26,,04,,04,,24,,24,,28,,32,,0667,,0571,,2667,,2366,,2495,,2869
18,"berlin_cathedral",,8,,9,,95,,9667,,975,,98,,12,,28,,36,,52,,56,,64,,2087,,4271,,5221,,6762,,7114,,7743
19,"bok_tower_gardens",,8,,8,,85,,8667,,875,,86,,16,,28,,48,,68,,68,,72,,2667,,4148,,6135,,7621,,7653,,7838
20,"brandenburg_gate",1,0,1,0,1,0,1,0,,975,,98,,04,,16,,44,,52,,52,,52,,0769,,2759,,6111,,6842,,6783,,6795
21,"cabrillo",,2,,2,,15,,1333,,15,,14,,0769,,1538,,2308,,3077,,4615,,4615,,1111,,1739,,1818,,186,,2264,,2148
22,"casa_batllo",1,0,1,0,1,0,1,0,1,0,1,0,,12,,2,,36,,56,,64,,72,,2143,,3333,,5294,,7179,,7805,,8372
23,"casa_rosada",1,0,1,0,,9,,9333,,95,,94,,16,,32,,36,,48,,52,,64,,2759,,4848,,5143,,634,,6721,,7615
24,"castillo_de_san_marcos",1,0,1,0,,55,,7,,625,,6,,16,,24,,28,,48,,52,,56,,2759,,3871,,3711,,5695,,5677,,5793
25,"chartres_cathedral",1,0,1,0,1,0,,9333,,95,,94,,2,,28,,48,,56,,64,,76,,3333,,4375,,6486,,7,,7648,,8405
26,"chichen_itza",,8,,9,,8,,8333,,825,,82,,16,,24,,4,,48,,52,,56,,2667,,3789,,5333,,6091,,6379,,6655
27,"christ_the_redeemer_rio",,6,,7,,6,,6,,55,,52,,087,,1739,,3043,,4783,,4783,,5217,,1519,,2786,,4038,,5323,,5116,,5209
28,"civic_center_san_francisco",1,0,1,0,,85,,8333,,825,,82,,2,,28,,32,,4,,56,,64,,3333,,4375,,465,,5405,,6671,,7189
29,"cologne_cathedral",1,0,1,0,1,0,,9667,,975,,96,,16,,24,,4,,48,,52,,6,,2759,,3871,,5714,,6415,,6783,,7385
30,"colosseum",1,0,1,0,1,0,,9667,,975,,98,,12,,28,,56,,56,,56,,6,,2143,,4375,,7179,,7092,,7114,,7443
31,"doge_s_palace",,8,,9,,8,,8,,8,,78,,12,,2,,4,,44,,48,,48,,2087,,3273,,5333,,5677,,6,,5943
32,"eiffel_tower",1,0,1,0,1,0,1,0,1,0,1,0,,16,,2,,36,,4,,44,,52,,2759,,3333,,5294,,5714,,6111,,6842
33,"golden_gate_bridge",,8,,8,,8,,8667,,875,,86,,1739,,3478,,3913,,4783,,5652,,5652,,2857,,4848,,5255,,6164,,6868,,6821
34,"grand_palais",,8,,9,,9,,9333,,925,,92,,0909,,2273,,4545,,5455,,5455,,5455,,1633,,3629,,604,,6885,,6862,,6849
35,"guggenheim_museum_bilbao",1,0,1,0,1,0,1,0,1,0,1,0,,16,,24,,44,,6,,6,,6,,2759,,3871,,6111,,75,,75,,75
36,"hagia_sophia_istanbul",1,0,1,0,1,0,,9333,,95,,94,,2,,32,,4,,44,,56,,6,,3333,,4848,,5714,,5981,,7046,,7325
37,"hoover_dam",,8,,9,,95,,9667,,925,,92,,16,,24,,36,,48,,48,,56,,2667,,3789,,5221,,6415,,632,,6962
38,"humayun_tomb",1,0,,8,,8,,7667,,75,,72,,16,,2,,4,,48,,6,,64,,2759,,32,,5333,,5904,,6667,,6776
39,"iguazu_falls",,6,,8,,85,,8,,8,,82,,08,,2,,32,,4,,48,,6,,1412,,32,,465,,5333,,6,,693
40,"iolani_palace",1,0,1,0,,65,,7667,,7,,68,,2,,28,,36,,44,,56,,64,,3333,,4375,,4634,,5591,,6222,,6594
41,"la_mezquita",,8,,7,,7,,6333,,65,,66,,1667,,25,,375,,4583,,5833,,5833,,2759,,3684,,4884,,5318,,6149,,6193
42,"la_rambla_barcelona",,8,,9,,9,,9333,,95,,92,,12,,2,,36,,48,,52,,56,,2087,,3273,,5143,,634,,6721,,6962
43,"la_sainte_chapelle",,8,,9,,95,,9333,,95,,96,,12,,16,,36,,48,,56,,64,,2087,,2717,,5221,,634,,7046,,768
44,"liberty_memorial",1,0,,5,,65,,7,,725,,72,,12,,12,,28,,4,,52,,56,,2143,,1935,,3914,,5091,,6056,,63
45,"lincoln_home",1,0,,9,,95,,9667,,925,,92,,2778,,3889,,6111,,6667,,6667,,8333,,4348,,5431,,7438,,7891,,7749,,8745
46,"machu_picchu",,6,,5,,65,,6333,,675,,68,,12,,2,,48,,56,,56,,6,,2,,2857,,5522,,5944,,6121,,6375
47,"marble_arch_london",,8,,7,,45,,4333,,4,,4,,3333,,5,,5,,5833,,5833,,75,,4706,,5833,,4737,,4973,,4746,,5217
48,"milan_cathedral",,8,,6,,75,,8333,,85,,88,,12,,2,,32,,6,,64,,68,,2087,,3,,4486,,6977,,7302,,7672
49,"mole_antonelliana",,4,,7,,75,,7667,,725,,7,,08,,16,,28,,36,,4,,48,,1333,,2605,,4078,,4899,,5156,,5695
50,"mont_saint_michel",1,0,1,0,,95,,9667,,975,,98,,16,,32,,44,,44,,56,,6,,2759,,4848,,6014,,6047,,7114,,7443
51,"moulin_rouge",,0,,0,,05,,1,,1,,1,,0,,0,,125,,25,,25,,375,,0,,0,,0714,,1429,,1429,,1579
52,"nelson_s_column",1,0,1,0,,95,,9667,,975,,98,,2083,,2917,,3333,,5,,5,,5833,,3448,,4516,,4935,,6591,,661,,7313
53,"notre_dame_de_paris",,8,,8,,9,,9,,925,,92,,12,,16,,48,,52,,64,,68,,2087,,2667,,6261,,6592,,7565,,782
54,"obelisco",,2,,1,,1,,1333,,1,,08,,0909,,0909,,1818,,1818,,1818,,1818,,125,,0952,,129,,1538,,129,,1111
55,"piccadilly_circus",1,0,,9,,75,,7667,,775,,76,,1739,,3043,,4348,,5217,,6087,,6087,,2963,,4549,,5505,,6209,,6819,,676
56,"place_de_la_concorde",1,0,,9,,95,,9667,,975,,98,,16,,28,,44,,56,,64,,64,,2759,,4271,,6014,,7092,,7728,,7743
57,"place_de_la_republique",,2,,2,,25,,2,,225,,2,,125,,25,,5,,625,,625,,75,,1538,,2222,,3333,,303,,3309,,3158
58,"place_des_vosges",,8,,7,,8,,8333,,875,,9,,12,,2,,4,,48,,56,,68,,2087,,3111,,5333,,6091,,6829,,7747
59,"pont_du_gard",1,0,,9,,9,,8333,,825,,78,,2,,36,,52,,52,,6,,6,,3333,,5143,,6592,,6404,,6947,,6783
60,"pont_neuf",,8,,8,,85,,8333,,825,,74,,12,,2,,4,,48,,64,,64,,2087,,32,,544,,6091,,7208,,6864
61,"ponte_vecchio",,8,,9,,85,,8667,,85,,86,,1667,,3333,,5,,5417,,5417,,5833,,2759,,4865,,6296,,6667,,6617,,6952
62,"puerta_de_alcala",,2,,6,,65,,6,,55,,6,,0526,,1053,,4211,,4737,,5789,,6316,,0833,,1791,,5111,,5294,,5641,,6154
63,"puerta_del_sol",1,0,,8,,5,,4333,,4,,4,,2,,25,,3,,35,,35,,4,,3333,,381,,375,,3872,,3733,,4
64,"red_fort",1,0,1,0,1,0,1,0,1,0,1,0,,12,,28,,56,,6,,72,,76,,2143,,4375,,7179,,75,,8372,,8636
65,"reims_cathedral",1,0,1,0,1,0,1,0,1,0,1,0,,12,,2,,32,,36,,48,,56,,2143,,3333,,4848,,5294,,6486,,7179
66,"rialto_bridge",1,0,1,0,,8,,7333,,7,,7,,1875,,375,,5625,,625,,625,,6875,,3158,,5455,,6606,,6748,,6604,,6937
67,"roman_forum_rome",,4,,5,,65,,6667,,675,,72,,08,,2,,36,,44,,52,,6,,1333,,2857,,4634,,5301,,5874,,6545
68,"sacre_coeur",,4,,4,,6,,6,,625,,62,,0833,,125,,25,,4167,,4167,,4583,,1379,,1905,,3529,,4918,,5,,527
69,"sagrada_familia",,8,,9,,95,,9333,,95,,94,,12,,24,,44,,52,,52,,6,,2087,,3789,,6014,,6679,,6721,,7325
70,"santa_maria_novella",,6,,4,,6,,6,,625,,62,,12,,16,,36,,44,,48,,48,,2,,2286,,45,,5077,,543,,5411
71,"schonbrunn_palace",1,0,1,0,,95,,9667,,975,,98,,2,,32,,4,,48,,56,,56,,3333,,4848,,563,,6415,,7114,,7127
72,"seville_cathedral",,8,,7,,85,,8667,,9,,9,,12,,2,,44,,44,,56,,64,,2087,,3111,,5798,,5837,,6904,,7481
73,"spanish_steps",,6,,6,,65,,7,,7,,68,,1364,,2727,,4545,,5455,,5455,,6364,,2222,,375,,535,,6131,,6131,,6575
74,"st__basil_cathedral",1,0,1,0,,9,,9,,85,,86,,2,,32,,4,,52,,52,,52,,3333,,4848,,5538,,6592,,6453,,6481
75,"statue_of_liberty",,8,,7,,8,,8,,825,,8,,12,,2,,4,,48,,52,,56,,2087,,3111,,5333,,6,,6379,,6588
76,"stonehenge",,8,,7,,65,,6,,575,,52,,2105,,3158,,5263,,5789,,5789,,5789,,3333,,4352,,5817,,5893,,577,,5479
77,"summer_palace_beijing",1,0,1,0,1,0,1,0,,975,,96,,16,,24,,36,,48,,56,,6,,2759,,3871,,5294,,6486,,7114,,7385
78,"sydney_opera_house",1,0,1,0,,95,,9,,875,,9,,12,,24,,32,,52,,52,,56,,2143,,3871,,4787,,6592,,6523,,6904
79,"teotihuacan",,8,,7,,65,,5667,,6,,6,,16,,28,,4,,48,,56,,64,,2667,,4,,4952,,5197,,5793,,6194
80,"terracotta_army",,6,,4,,35,,3333,,35,,38,,15,,2,,25,,4,,4,,5,,24,,2667,,2917,,3636,,3733,,4318
81,"the_blue_mosque",,8,,8,,85,,8667,,875,,9,,16,,24,,4,,48,,52,,6,,2667,,3692,,544,,6178,,6523,,72
82,"the_henry_ford",,8,,8,,6,,7,,7,,68,,12,,2,,32,,32,,52,,56,,2087,,32,,4174,,4392,,5967,,6142
83,"taj_mahal",1,0,1,0,1,0,,9333,,875,,9,,12,,2,,44,,48,,56,,68,,2143,,3333,,6111,,634,,6829,,7747
84,"tour_montparnasse",,2,,5,,55,,5333,,5,,48,,05,,2,,4,,5,,55,,55,,08,,2857,,4632,,5161,,5238,,5126
85,"tower_bridge_london",1,0,,7,,55,,6333,,575,,62,,12,,2,,28,,4,,44,,52,,2143,,3111,,3711,,4903,,4985,,5656
86,"trafalgar_square",,6,,5,,55,,4667,,4,,44,,0909,,1364,,3182,,3182,,3182,,5,,1579,,2143,,4031,,3784,,3544,,4681
87,"leaning_tower_of_pisa",,4,,4,,45,,4,,45,,46,,08,,12,,28,,32,,4,,44,,1333,,1846,,3452,,3556,,4235,,4498
88,"hermitage_museum_saint_petersburg",1,0,,9,,75,,8,,825,,82,,16,,24,,4,,56,,56,,6,,2759,,3789,,5217,,6588,,6671,,693
89,"jantar_mantar_jaipur",1,0,,9,,75,,8333,,875,,88,,2,,36,,44,,6,,76,,76,,3333,,5143,,5546,,6977,,8135,,8156
90,"lake_titicaca_peru",,6,,5,,6,,5,,525,,48,,125,,2083,,2917,,3333,,5,,5417,,2069,,2941,,3925,,4,,5122,,509
91,"the_great_wall_of_china",,6,,8,,85,,9,,9,,88,,12,,28,,48,,56,,6,,6,,2,,4148,,6135,,6904,,72,,7135
92,"grande_arche_paris",,8,,5,,5,,6333,,675,,68,,08,,12,,28,,36,,36,,4,,1455,,1935,,359,,4591,,4696,,5037
93,"el_angel_mexico",,8,,8,,6,,6,,6,,62,,0952,,2857,,381,,5238,,6667,,6667,,1702,,4211,,466,,5593,,6316,,6425
94,"bibliotheque_nationale_de_france",,4,,6,,7,,7,,7,,7,,08,,12,,32,,4,,44,,48,,1333,,2,,4392,,5091,,5404,,5695
95,"kronborg_castle",,6,,7,,75,,7,,7,,64,,125,,2083,,4167,,5,,5833,,5833,,2069,,3211,,5357,,5833,,6364,,6104
96,"ajanta_caves",1,0,,9,,95,,9333,,925,,92,,2273,,2727,,5,,6364,,6364,,6364,,3704,,4186,,6552,,7568,,754,,7523
97,"atomium",1,0,,9,,95,,9667,,95,,96,,1429,,2381,,3333,,3333,,4286,,4286,,25,,3766,,4935,,4957,,5907,,5926
98,"ellora_caves",,6,,8,,9,,9,,925,,94,,1364,,2727,,3636,,4545,,4545,,5909,,2222,,4068,,518,,604,,6096,,7257
99,"potala_palace",1,0,,9,,9,,9333,,925,,88,,1111,,1667,,4444,,5556,,5556,,5556,,2,,2812,,595,,6965,,6942,,6811
100,"jokhang",,8,,7,,8,,8333,,825,,84,,16,,24,,48,,6,,6,,68,,2667,,3574,,6,,6977,,6947,,7516
101,"rila_monastery",,6,,7,,85,,8667,,875,,9,,12,,24,,36,,4,,4,,48,,2,,3574,,5058,,5474,,549,,6261
102,"louvre_pyramid",,8,,9,,95,,9333,,95,,94,,0556,,2222,,4444,,5556,,5556,,6111,,1039,,3564,,6056,,6965,,7011,,7407
103,"brooklyn_bridge",1,0,,9,,8,,8667,,875,,86,,1429,,2857,,381,,4762,,4762,,5238,,25,,4337,,5161,,6147,,6167,,6511
104,"tower_of_london",,8,,7,,75,,8,,75,,76,,087,,087,,2609,,3043,,4348,,5217,,1569,,1547,,3871,,4409,,5505,,6187
105,"british_museum_london",1,0,1,0,1,0,,9333,,925,,94,,15,,3,,45,,5,,55,,55,,2609,,4615,,6207,,6512,,6898,,694
106,"buckingham_palace",,8,,7,,45,,4667,,425,,44,,2,,2,,25,,3,,3,,35,,32,,3111,,3214,,3652,,3517,,3899
107,"charles_bridge_prague",1,0,1,0,,75,,7333,,625,,6,,125,,2083,,3333,,3333,,3333,,375,,2222,,3448,,4615,,4583,,4348,,4615
108,"champs_elysees_paris",,8,,6,,45,,5667,,575,,66,,1333,,2,,2667,,3333,,4,,5333,,2286,,3,,3349,,4198,,4718,,5899
109,"chrysler_building",1,0,1,0,1,0,1,0,1,0,1,0,,3571,,5,,7143,,9286,,9286,,9286,,5263,,6667,,8333,,963,,963,,963
110,"moma_new_york",,8,,9,,95,,9,,9,,9,,1053,,2105,,4737,,4737,,5789,,5789,,186,,3412,,6322,,6207,,7046,,7046
111,"grand_central_terminal",1,0,1,0,1,0,,9667,,95,,96,,1429,,1429,,2381,,381,,5238,,5238,,25,,25,,3846,,5465,,6753,,6778
112,"houses_of_parliament",1,0,1,0,1,0,1,0,1,0,1,0,,1304,,2609,,3478,,3913,,3913,,4348,,2308,,4138,,5161,,5625,,5625,,6061
113,"alexanderplatz_berlin",,0,,3,,65,,5667,,6,,6,,0,,08,,32,,32,,36,,44,,0,,1263,,4289,,409,,45,,5077
114,"centre_pompidou",1,0,,9,,6,,6667,,625,,62,,2222,,2778,,3333,,4444,,5,,5,,3636,,4245,,4286,,5333,,5556,,5536
115,"sydney_harbour_bridge",1,0,1,0,1,0,1,0,1,0,1,0,,25,,3125,,4375,,4375,,5,,5625,,4,,4762,,6087,,6087,,6667,,72
116,"pier_39",1,0,1,0,1,0,,9333,,925,,9,,1905,,2857,,4762,,5714,,6667,,6667,,32,,4444,,6452,,7089,,7749,,766
117,"coit_tower",,8,,5,,5,,5333,,55,,58,,2,,2667,,3333,,3333,,4,,4667,,32,,3478,,4,,4103,,4632,,5172
118,"st_paul_s_cathedral_london",1,0,1,0,,85,,8667,,85,,86,,2941,,4118,,5882,,7647,,7647,,8235,,4545,,5833,,6953,,8125,,8051,,8414
119,"cloud_gate",,8,,9,,55,,5667,,55,,58,,1667,,3333,,3333,,4167,,5,,5,,2759,,4865,,4151,,4802,,5238,,537
120,"musee_d_orsay",1,0,,9,,95,,9667,,95,,92,,1429,,1905,,4762,,4762,,619,,6667,,25,,3144,,6344,,6381,,7496,,7731
121,"pike_place_market",1,0,,9,,9,,9333,,85,,82,,1905,,3333,,5238,,5238,,5238,,5238,,32,,4865,,6622,,671,,6482,,6393
122,"royal_palace_madrid",,8,,8,,8,,8667,,825,,78,,1364,,3182,,4091,,4545,,5,,5455,,233,,4553,,5414,,5963,,6226,,642
123,"sony_center_berlin",1,0,1,0,,95,,9333,,95,,94,,1429,,1905,,2857,,4762,,4762,,5238,,25,,32,,4393,,6306,,6344,,6727
124,"red_square_moscow",,8,,7,,65,,6333,,675,,7,,1429,,2381,,3333,,4762,,5238,,619,,2424,,3553,,4407,,5436,,5899,,657
125,"prague_castle",,6,,7,,8,,8333,,875,,84,,12,,24,,44,,44,,6,,64,,2,,3574,,5677,,5759,,7119,,7265
126,"musee_du_louvre",,8,,9,,95,,9667,,975,,98,,12,,2,,52,,6,,64,,68,,2087,,3273,,6721,,7404,,7728,,8029
127,"millennium_bridge_london",,8,,8,,8,,8333,,85,,82,,16,,2,,28,,44,,52,,52,,2667,,32,,4148,,5759,,6453,,6364
128,"casa_mila",1,0,1,0,,9,,9,,875,,9,,2,,28,,48,,56,,64,,68,,3333,,4375,,6261,,6904,,7393,,7747
129,"national_gallery_london",,8,,9,,85,,8,,75,,68,,1818,,2727,,5,,5909,,5909,,6364,,2963,,4186,,6296,,6797,,661,,6575
130,"national_mall",1,0,1,0,,95,,9333,,95,,92,,16,,28,,48,,56,,64,,68,,2759,,4375,,6378,,7,,7648,,782
131,"london_city_hall",1,0,,9,,85,,8667,,9,,92,,15,,25,,4,,45,,5,,6,,2609,,3913,,544,,5924,,6429,,7263
132,"holocaust_memorial",,6,,8,,7,,7333,,675,,7,,1875,,375,,4375,,5625,,5625,,625,,2857,,5106,,5385,,6367,,6136,,6604
133,"columbus_circle",,6,,8,,8,,7333,,675,,6,,12,,32,,52,,64,,64,,68,,2,,4571,,6303,,6835,,657,,6375
134,"siegessaeule",1,0,,8,,75,,7,,7,,68,,08,,16,,28,,44,,6,,72,,1481,,2667,,4078,,5404,,6462,,6994
135,"jardin_du_luxembourg",1,0,1,0,1,0,1,0,1,0,1,0,,2,,32,,48,,6,,76,,8,,3333,,4848,,6486,,75,,8636,,8889
136,"merlion_singapore",,0,,0,,1,,1333,,175,,18,,0,,0,,0909,,1818,,3182,,3636,,0,,0,,0952,,1538,,2258,,2408
137,"harrods_london",,6,,7,,7,,7667,,8,,78,,12,,2,,36,,52,,64,,64,,2,,3111,,4755,,6197,,7111,,7031
138,"metropolitan_museum_of_art_new_york",1,0,1,0,,9,,9333,,925,,94,,12,,24,,36,,56,,6,,6,,2143,,3871,,5143,,7,,7279,,7325
139,"new_york_stock_exchange",1,0,,9,,8,,6667,,65,,66,,15,,25,,3,,45,,5,,5,,2609,,3913,,4364,,5373,,5652,,569
140,"stephansdom_vienna",1,0,1,0,1,0,1,0,1,0,1,0,,2,,32,,48,,56,,64,,68,,3333,,4848,,6486,,7179,,7805,,8095
141,"hms_belfast",1,0,,9,,95,,9667,,95,,96,,2,,24,,28,,4,,48,,56,,3333,,3789,,4325,,5659,,6378,,7074
142,"leicester_square",,8,,8,,9,,8333,,825,,8,,16,,2,,32,,4,,48,,48,,2667,,32,,4721,,5405,,6069,,6
143,"ciudad_de_las_artes_y_las_ciencias",1,0,,9,,95,,9667,,925,,92,,16,,32,,4,,4,,56,,6,,2759,,4721,,563,,5659,,6976,,7263
144,"topkapi_palace",1,0,,9,,95,,9333,,95,,96,,2,,32,,4,,56,,56,,64,,3333,,4721,,563,,7,,7046,,768
145,"royal_albert_hall",1,0,,9,,75,,7667,,75,,76,,16,,28,,28,,32,,4,,48,,2759,,4271,,4078,,4515,,5217,,5884
146,"st_vitus_cathedral",1,0,1,0,1,0,1,0,,95,,96,,2,,28,,52,,56,,56,,6,,3333,,4375,,6842,,7179,,7046,,7385
147,"castello_sforzesco",1,0,,8,,9,,9,,9,,9,,12,,2,,44,,52,,52,,52,,2143,,32,,591,,6592,,6592,,6592
148,"rijksmuseum_amsterdam",1,0,1,0,1,0,1,0,1,0,1,0,,12,,16,,28,,48,,56,,6,,2143,,2759,,4375,,6486,,7179,,75
149,"dam_square",,8,,8,,7,,6667,,675,,7,,08,,24,,32,,4,,4,,44,,1455,,3692,,4392,,5,,5023,,5404
150,"rathaus_vienna",,8,,9,,9,,8667,,8,,7,,08,,16,,24,,28,,32,,36,,1455,,2717,,3789,,4233,,4571,,4755
151,"bath_abbey",1,0,1,0,1,0,1,0,,975,,98,,12,,28,,4,,44,,52,,64,,2143,,4375,,5714,,6111,,6783,,7743
152,"salisbury_cathedral",1,0,1,0,1,0,1,0,1,0,1,0,,2,,28,,4,,48,,52,,52,,3333,,4375,,5714,,6486,,6842,,6842
153,"templo_de_debod",,4,,3,,4,,4333,,425,,46,,0909,,0909,,0909,,2273,,3182,,3182,,1481,,1395,,1481,,2982,,3639,,3762
154,"Niagara_Falls",,6,,5,,55,,6,,625,,56,,0909,,1818,,3182,,4091,,4545,,4545,,1579,,2667,,4031,,4865,,5263,,5018
155,"Golden_Gate_Bridge_in_San_Francisco",,8,,8,,85,,9,,925,,94,,0909,,1364,,3636,,5,,5909,,6364,,1633,,233,,5094,,6429,,7211,,7589
156,"Neuschwanstein_Castle",1,0,1,0,1,0,1,0,1,0,,98,,2,,36,,56,,6,,64,,68,,3333,,5294,,7179,,75,,7805,,8029
157,"Christ_Church_Cathedral_Missouri",1,0,1,0,1,0,1,0,1,0,1,0,,16,,32,,56,,6,,6,,6,,2759,,4848,,7179,,75,,75,,75
158,"Mount_Rushmore_in_South_Dakota",,8,,9,,95,,9667,,975,,96,,12,,2,,4,,52,,64,,64,,2087,,3273,,563,,6762,,7728,,768
159,"Puerta_de_Toledo",,2,,1,,05,,0667,,075,,06,,5,,5,,5,1,0,1,0,1,0,,2857,,1667,,0909,,125,,1395,,1132
160,"Urquhart_Castle",,8,,7,,75,,8,,825,,82,,1667,,2917,,4583,,5833,,6667,,6667,,2759,,4118,,569,,6747,,7374,,7354
161,"Gare_du_Nord_Paris",,8,,7,,8,,8667,,875,,86,,12,,2,,28,,32,,32,,32,,2087,,3111,,4148,,4674,,4686,,4664
162,"Newgrange_in_Ireland",,6,,7,,65,,6333,,65,,66,,125,,2083,,25,,3333,,4167,,5417,,2069,,3211,,3611,,4368,,5078,,595
163,"Windmills_at_Kinderdijk",,8,,9,,9,,8333,,8,,84,,12,,24,,4,,48,,56,,56,,2087,,3789,,5538,,6091,,6588,,672
164,"Conciergerie",1,0,1,0,1,0,1,0,1,0,,98,,16,,32,,44,,6,,68,,72,,2759,,4848,,6111,,75,,8095,,8301
165,"Palazzo_Madama",1,0,,8,,8,,8,,725,,74,,1818,,3182,,5455,,5455,,6364,,6818,,3077,,4553,,6486,,6486,,6778,,7097
166,"Split_Rock_Lighthouse",,8,,9,,85,,9,,875,,88,,16,,24,,32,,36,,36,,4,,2667,,3789,,465,,5143,,5101,,55
167,"The_Little_Mermaid_Denmark",,8,,9,,85,,9,,9,,92,,2857,,5,,6429,,7857,,9286,,9286,,4211,,6429,,7321,,839,,9141,,9243
168,"Great_Pyramid_of_Giza",,6,,4,,55,,6,,6,,66,,1333,,2,,4667,,5333,,6667,,7333,,2182,,2667,,5049,,5647,,6316,,6947
169,"Pitti_Palace",,8,,8,,8,,8,,825,,84,,1818,,2727,,4545,,5455,,5455,,5455,,2963,,4068,,5797,,6486,,6567,,6614
170,"Georgia_State_Capitol",1,0,,7,,35,,4,,4,,38,,2632,,2632,,2632,,2632,,2632,,2632,,4167,,3825,,3004,,3175,,3175,,311
171,"Dome_des_Invalides",1,0,1,0,,95,,9667,,975,,98,,16,,24,,4,,4,,44,,44,,2759,,3871,,563,,5659,,6064,,6073
172,"Reggia_di_Caserta",1,0,,7,,55,,6,,475,,52,,16,,24,,36,,48,,52,,52,,2759,,3574,,4352,,5333,,4965,,52
173,"The_Burj_al_Arab_Hotel",,4,,6,,75,,7,,775,,82,,08,,24,,36,,44,,48,,48,,1333,,3429,,4865,,5404,,5928,,6055
174,"Elephanta_Caves",1,0,1,0,1,0,,9667,,975,,98,,125,,2917,,5,,6667,,6667,,7083,,2222,,4516,,6667,,7891,,7919,,8223
175,"Basilica_of_Santa_Croce",1,0,1,0,1,0,1,0,1,0,1,0,,16,,2,,28,,44,,56,,64,,2759,,3333,,4375,,6111,,7179,,7805
176,"Aachen_Cathedral",1,0,,9,,9,,9,,9,,92,,16,,24,,44,,52,,52,,56,,2759,,3789,,591,,6592,,6592,,6962
177,"Monument_to_the_Great_Fire_of_London",,2,,2,,35,,4333,,5,,48,,04,,08,,24,,44,,48,,52,,0667,,1143,,2847,,4366,,4898,,4992
178,"Longmen_Grottoes",,6,,4,,55,,5333,,575,,52,,12,,16,,36,,52,,56,,64,,2,,2286,,4352,,5266,,5674,,5738
179,"Louisiana_State_Capitol",,2,,1,,15,,2,,2,,22,,04,,04,,12,,16,,24,,28,,0667,,0571,,1333,,1778,,2182,,2464
180,"The_Great_Sphinx_at_Giza",1,0,1,0,,85,,9,,9,,88,,2,,28,,44,,56,,56,,64,,3333,,4375,,5798,,6904,,6904,,7411
181,"Teatro_Real_Madrid",,8,,9,,65,,7333,,725,,68,,1739,,3478,,3913,,5217,,6957,,7826,,2857,,5017,,4885,,6097,,71,,7277
182,"Palacio_de_la_Magdalena",,8,,8,,75,,7333,,775,,82,,12,,28,,4,,48,,6,,68,,2087,,4148,,5217,,5802,,6764,,7435
183,"Sowjetisches_Ehrenmal",,8,,8,,6,,7,,725,,72,,16,,28,,4,,6,,68,,68,,2667,,4148,,48,,6462,,7018,,6994
184,"Cathedral_of_Trier",1,0,1,0,,95,,9667,,925,,92,,2,,4,,64,,68,,72,,76,,3333,,5714,,7648,,7984,,8097,,8324
185,"Saint_Mary_of_the_Flower",,2,,1,,1,,0667,,075,,1,,04,,04,,04,,04,,08,,16,,0667,,0571,,0571,,05,,0774,,1231
186,"Skellig_Michael",,8,,7,,75,,7333,,675,,66,,12,,24,,32,,48,,56,,6,,2087,,3574,,4486,,5802,,6121,,6286
187,"Chicago_Board_of_Trade_Building",,8,,9,,9,,8667,,85,,88,,1364,,2727,,4091,,5455,,5909,,7273,,233,,4186,,5625,,6695,,6972,,7964
188,"Pont_de_Normandie_France",1,0,1,0,1,0,1,0,,975,,98,,2105,,4211,,6842,,7895,,7895,,8421,,3478,,5926,,8125,,8824,,8725,,9058
189,"Palazzo_Rosso",,2,,1,,1,,1,,1,,08,,0417,,0417,,0833,,0833,,125,,125,,069,,0588,,0909,,0909,,1111,,0976
190,"Piazza_Vittorio_Veneto",,8,,7,,4,,4,,35,,38,,25,,375,,4375,,5,,5,,5625,,381,,4884,,4179,,4444,,4118,,4536
191,"Sforza_Castle",1,0,,9,,95,,9333,,95,,96,,2,,32,,52,,6,,64,,72,,3333,,4721,,6721,,7304,,7648,,8229
192,"Torres_KIO",1,0,1,0,1,0,1,0,,975,,94,,16,,24,,4,,52,,56,,56,,2759,,3871,,5714,,6842,,7114,,7019
193,"Torre_Picasso",1,0,1,0,,8,,7667,,725,,66,,2083,,375,,5,,5833,,625,,6667,,3448,,5455,,6154,,6626,,6713,,6633
194,"The_Palace_of_Parliament_in_Bucharest",1,0,1,0,1,0,1,0,,975,,96,,08,,08,,32,,44,,6,,68,,1481,,1481,,4848,,6111,,7429,,7961
195,"Ernest_Hemingway_House",1,0,,7,,8,,8,,775,,76,,16,,24,,36,,56,,56,,64,,2759,,3574,,4966,,6588,,6502,,6949
196,"Castel_dellOvo_Napoli",,8,,9,,95,,9333,,925,,92,,12,,24,,52,,64,,64,,76,,2087,,3789,,6721,,7593,,7565,,8324
197,"Villa_Borghese_gardens",1,0,1,0,1,0,1,0,1,0,1,0,,16,,36,,48,,6,,72,,84,,2759,,5294,,6486,,75,,8372,,913
198,"Saint_Marks_Basilica",1,0,1,0,1,0,1,0,1,0,1,0,,12,,16,,28,,32,,36,,4,,2143,,2759,,4375,,4848,,5294,,5714
199,"Mausoleum_of_the_First_Qin_Emperor",,6,,7,,75,,8,,8,,8,,08,,2,,4,,48,,48,,52,,1412,,3111,,5217,,6,,6,,6303
200,"Mausoleum_of_Hadrian",,8,,7,,8,,8667,,875,,9,,1667,,2778,,3889,,5556,,5556,,6111,,2759,,3977,,5234,,6771,,6796,,7279
201,"Piazza_de_Ferrari",1,0,1,0,,95,,9333,,925,,94,,2105,,2632,,4211,,4211,,4737,,5263,,3478,,4167,,5835,,5803,,6265,,6748
202,"George_Washington_Carver",,8,,9,,8,,7333,,725,,7,,25,,375,,5,,5625,,625,,625,,381,,5294,,6154,,6367,,6713,,6604
203,"Cathedral_of_Santiago_de_Compostela",,8,,9,,9,,8667,,825,,84,,1176,,2353,,4706,,5882,,7059,,7647,,2051,,3731,,618,,7008,,7608,,8006
204,"Saint-Jacques_Tower",,8,,8,,65,,7333,,75,,74,,2308,,2308,,3077,,3077,,4615,,4615,,3582,,3582,,4177,,4335,,5714,,5685
205,"Calakmul_Campeche_Mexico",,8,,7,,8,,8333,,875,,88,,2143,,2857,,5,,5,,6429,,7143,,338,,4058,,6154,,625,,7412,,7885
206,"Bran_Castle_in_Transylvania",1,0,1,0,,95,,9667,,9,,9,,1579,,3158,,4211,,5789,,6842,,6842,,2727,,48,,5835,,7242,,7774,,7774
207,"Mosteiro_da_Batalha",1,0,1,0,1,0,1,0,1,0,1,0,,1053,,3158,,5263,,6316,,7368,,7368,,1905,,48,,6897,,7742,,8485,,8485
208,"Wartburg_Castle",1,0,1,0,,95,,9667,,95,,92,,1,,25,,45,,65,,75,,75,,1818,,4,,6107,,7773,,8382,,8263
209,"Fujian_Tulou_Fujian_China",1,0,1,0,1,0,1,0,1,0,,98,,2222,,4444,,5556,,6111,,7222,,7222,,3636,,6154,,7143,,7586,,8387,,8316
210,"Alabama_State_Capitol",,4,,5,,75,,7,,75,,76,,0952,,2381,,5714,,6667,,7143,,8095,,1538,,3226,,6486,,6829,,7317,,784
211,"Palazzo_dAccursio",,8,,9,,95,,9,,9,,9,,1667,,2778,,4444,,5556,,6111,,6111,,2759,,4245,,6056,,687,,7279,,7279
212,"Casa_Grande_Ruins",1,0,1,0,,85,,8333,,85,,84,,2353,,2941,,3529,,4118,,4706,,4706,,381,,4545,,4988,,5512,,6058,,6032
213,"Stravinsky_Fountain",1,0,1,0,1,0,,9667,,95,,96,,2,,3333,,4,,4,,5333,,6,,3333,,5,,5714,,5659,,6831,,7385
214,"Angel_Falls_Venezuela",,4,,7,,75,,6667,,625,,56,,0588,,2941,,5294,,6471,,6471,,6471,,1026,,4142,,6207,,6567,,6358,,6004
215,"Statue_of_George_IV",,6,,5,,4,,4333,,45,,48,,375,,375,,5,,75,,75,,875,,4615,,4286,,4444,,5493,,5625,,6199
216,"Palacio_Barolo",1,0,1,0,,95,,9333,,925,,92,,1176,,2941,,3529,,4706,,5294,,5882,,2105,,4545,,5147,,6257,,6734,,7176
217,"Bridge_of_Remembrance_Christchurch_New_Zealand",,6,,6,,8,,7667,,775,,8,,25,,5,,75,,8333,,9167,1,0,,3529,,5455,,7742,,7986,,8399,,8889
218,"John_A._Roebling_Suspension_Bridge",,2,,1,,3,,3333,,375,,42,,0667,,0667,,4,,5333,,6667,,7333,,1,,08,,3429,,4103,,48,,5341
219,"Blue_Dome_Santorini",1,0,,9,,95,,9333,,95,,96,,3125,,5,,5625,,6875,,6875,,75,,4762,,6429,,7066,,7918,,7977,,8421
220,"Fossar_de_les_Moreres",,4,,2,,4,,4,,45,,48,,1429,,1429,,5,,6429,,7143,,7143,,2105,,1667,,4444,,4932,,5521,,5742
221,"Luxor_Obelisk_France",,8,,8,,85,,7667,,725,,68,,25,,3125,,3125,,4375,,4375,,4375,,381,,4494,,457,,5571,,5457,,5324
222,"Valle_de_los_Caidos",1,0,1,0,,95,,9667,,925,,88,,2,,35,,4,,6,,65,,65,,3333,,5185,,563,,7404,,7635,,7477
--------------------
"--","Avg.",P@5,P@10,P@20,P@30,P@40,P@50,CR@5,CR@10,CR@20,CR@30,CR@40,CR@50,F1@5,F1@10,F1@20,F1@30,F1@40,F1@50
,,,8,,7874,,7766,,7811,,7757,,773,,149,,2489,,3973,,4915,,5496,,5961,,2455,,3696,,5145,,5888,,629,,6575