--------------------
"Run name","output_runLUMDtrs"
--------------------
"Average P@20 = ",,7709
"Average CR@20 = ",,4105
"Average F1@20 = ",,5248
--------------------
"Query Id ","Location name",P@5,P@10,P@20,P@30,P@40,P@50,CR@5,CR@10,CR@20,CR@30,CR@40,CR@50,F1@5,F1@10,F1@20,F1@30,F1@40,F1@50
1,"angel_of_the_north",1,0,1,0,1,0,1,0,1,0,,98,,2,,36,,48,,56,,64,,72,,3333,,5294,,6486,,7179,,7805,,8301
2,"big_ben",,6,,6,,75,,8333,,75,,74,,1364,,1818,,3636,,5,,5909,,6818,,2222,,2791,,4898,,625,,661,,7097
3,"hearst_castle",,6,,8,,9,,9,,875,,9,,125,,2917,,5417,,7083,,7917,,8333,,2069,,4275,,6763,,7927,,8312,,8654
4,"la_madeleine",,2,,1,,3,,2667,,25,,3,,0714,,0714,,4286,,5714,,5714,,7143,,1053,,0833,,3529,,3636,,3478,,4225
5,"pont_alexandre_iii",1,0,1,0,,95,,9667,,95,,94,,2,,32,,4,,6,,8,,88,,3333,,4848,,563,,7404,,8686,,909
6,"neues_museum",,2,,1,,35,,5667,,675,,74,,04,,04,,28,,44,,6,,72,,0667,,0571,,3111,,4954,,6353,,7299
7,"montezuma_castle",,6,,6,,6,,7,,675,,68,,25,,3333,,5,,6667,,75,,75,,3529,,4286,,5455,,6829,,7105,,7133
8,"cn_tower",,6,,5,,65,,7,,65,,66,,125,,1667,,3333,,4167,,5417,,625,,2069,,25,,4407,,5224,,5909,,642
9,"acropolis_athens",1,0,,8,,85,,9,,925,,9,,2381,,2857,,4286,,5238,,5714,,619,,3846,,4211,,5698,,6622,,7064,,7335
10,"agra_fort",,8,,9,,9,,9,,925,,94,,16,,32,,4,,48,,6,,68,,2667,,4721,,5538,,6261,,7279,,7891
11,"albert_memorial",,8,,8,,7,,7667,,8,,8,,1364,,1364,,1364,,2727,,5,,7273,,233,,233,,2283,,4023,,6154,,7619
12,"altes_museum",,4,,6,,65,,7667,,75,,74,,0833,,25,,4167,,5417,,625,,7083,,1379,,3529,,5078,,6348,,6818,,7238
13,"amiens_cathedral",1,0,,9,,95,,9333,,95,,96,,2,,36,,52,,64,,68,,76,,3333,,5143,,6721,,7593,,7926,,8484
14,"angkor_wat",,8,,9,,7,,8,,825,,82,,16,,32,,4,,52,,68,,8,,2667,,4721,,5091,,6303,,7455,,8099
15,"ara_pacis",,8,,9,,9,,8,,775,,72,,1364,,3636,,5455,,6364,,6364,,6818,,233,,518,,6792,,7089,,6989,,7004
16,"arc_de_triomphe",1,0,,9,,8,,6667,,675,,72,,2083,,2917,,4583,,5417,,5833,,625,,3448,,4406,,5828,,5977,,6258,,6691
17,"aztec_ruins",,2,,3,,35,,3,,375,,42,,04,,12,,2,,24,,44,,56,,0667,,1714,,2545,,2667,,4049,,48
18,"berlin_cathedral",,8,,9,,95,,9333,,925,,92,,16,,32,,48,,6,,72,,72,,2667,,4721,,6378,,7304,,8097,,8078
19,"bok_tower_gardens",1,0,,8,,9,,9333,,95,,94,,16,,24,,4,,52,,6,,72,,2759,,3692,,5538,,6679,,7355,,8154
20,"brandenburg_gate",1,0,1,0,1,0,1,0,,975,,94,,16,,28,,4,,44,,64,,68,,2759,,4375,,5714,,6111,,7728,,7891
21,"cabrillo",,0,,0,,15,,1333,,125,,1,,0,,0,,2308,,3077,,3846,,3846,,0,,0,,1818,,186,,1887,,1587
22,"casa_batllo",1,0,1,0,1,0,1,0,,975,,96,,16,,28,,48,,6,,8,,8,,2759,,4375,,6486,,75,,8789,,8727
23,"casa_rosada",,8,,8,,85,,9,,9,,88,,16,,28,,44,,6,,76,,88,,2667,,4148,,5798,,72,,8241,,88
24,"castillo_de_san_marcos",,6,,8,,9,,8,,75,,78,,12,,28,,44,,56,,64,,68,,2,,4148,,591,,6588,,6906,,7266
25,"chartres_cathedral",1,0,1,0,,95,,9667,,925,,94,,16,,32,,44,,52,,6,,72,,2759,,4848,,6014,,6762,,7279,,8154
26,"chichen_itza",,6,,8,,9,,9333,,95,,94,,12,,24,,48,,6,,72,,88,,2,,3692,,6261,,7304,,8192,,909
27,"christ_the_redeemer_rio",,4,,4,,5,,4333,,475,,56,,087,,1739,,3478,,3913,,5217,,6522,,1429,,2424,,4103,,4112,,4973,,6026
28,"civic_center_san_francisco",,8,,8,,65,,5333,,575,,56,,16,,28,,4,,48,,56,,64,,2667,,4148,,4952,,5053,,5674,,5973
29,"cologne_cathedral",1,0,1,0,,95,,9667,,975,,98,,16,,28,,48,,56,,64,,72,,2759,,4375,,6378,,7092,,7728,,8301
30,"colosseum",1,0,1,0,1,0,,9667,,9,,92,,16,,32,,52,,56,,6,,72,,2759,,4848,,6842,,7092,,72,,8078
31,"doge_s_palace",1,0,,7,,75,,8333,,875,,86,,2,,24,,28,,4,,4,,48,,3333,,3574,,4078,,5405,,549,,6161
32,"eiffel_tower",1,0,1,0,,95,,9,,85,,86,,2,,32,,4,,52,,64,,68,,3333,,4848,,563,,6592,,7302,,7595
33,"golden_gate_bridge",1,0,,8,,85,,7667,,8,,74,,1739,,2174,,3913,,4783,,4783,,5217,,2963,,3419,,5359,,5891,,5986,,612
34,"grand_palais",,8,,8,,85,,9,,925,,9,,1818,,3182,,4545,,4545,,5909,,6818,,2963,,4553,,5923,,604,,7211,,7759
35,"guggenheim_museum_bilbao",1,0,1,0,1,0,,9667,,975,,96,,2,,28,,52,,6,,64,,72,,3333,,4375,,6842,,7404,,7728,,8229
36,"hagia_sophia_istanbul",1,0,1,0,1,0,,9667,,95,,96,,12,,24,,4,,56,,68,,76,,2143,,3871,,5714,,7092,,7926,,8484
37,"hoover_dam",1,0,1,0,1,0,,9,,925,,92,,16,,32,,44,,52,,64,,72,,2759,,4848,,6111,,6592,,7565,,8078
38,"humayun_tomb",,8,,8,,7,,7667,,825,,8,,12,,24,,32,,48,,6,,64,,2087,,3692,,4392,,5904,,6947,,7111
39,"iguazu_falls",,8,,9,,8,,7667,,775,,78,,12,,2,,4,,48,,64,,8,,2087,,3273,,5333,,5904,,7011,,7899
40,"iolani_palace",,8,,9,,65,,7333,,675,,66,,16,,24,,32,,52,,64,,76,,2667,,3789,,4289,,6085,,657,,7065
41,"la_mezquita",,8,,8,,7,,6333,,6,,5,,125,,25,,3333,,4583,,5417,,5417,,2162,,381,,4516,,5318,,5693,,52
42,"la_rambla_barcelona",,8,,9,,9,,9,,875,,84,,12,,2,,32,,32,,44,,52,,2087,,3273,,4721,,4721,,5856,,6424
43,"la_sainte_chapelle",1,0,1,0,,9,,8667,,9,,9,,2,,36,,52,,64,,76,,8,,3333,,5294,,6592,,7363,,8241,,8471
44,"liberty_memorial",,2,,4,,65,,6,,675,,66,,04,,16,,28,,32,,48,,6,,0667,,2286,,3914,,4174,,561,,6286
45,"lincoln_home",1,0,,8,,8,,8,,65,,6,,1667,,2778,,5556,,7222,,7222,,7222,,2857,,4124,,6557,,7591,,6842,,6555
46,"machu_picchu",,8,,7,,6,,7,,775,,82,,16,,28,,4,,52,,6,,72,,2667,,4,,48,,5967,,6764,,7668
47,"marble_arch_london",,2,,4,,35,,3,,225,,2,,0833,,25,,3333,,4167,,4167,,4167,,1176,,3077,,3415,,3488,,2922,,2703
48,"milan_cathedral",1,0,,9,,85,,9,,875,,88,,2,,32,,48,,6,,68,,8,,3333,,4721,,6135,,72,,7653,,8381
49,"mole_antonelliana",,6,,7,,75,,7667,,75,,8,,08,,16,,4,,52,,52,,6,,1412,,2605,,5217,,6197,,6142,,6857
50,"mont_saint_michel",1,0,,9,,95,,9333,,95,,94,,16,,32,,44,,56,,64,,64,,2759,,4721,,6014,,7,,7648,,7615
51,"moulin_rouge",,0,,0,,0,,1333,,1,,08,,0,,0,,0,,5,,5,,5,,0,,0,,0,,2105,,1667,,1379
52,"nelson_s_column",,8,,9,,95,,9333,,95,,94,,125,,2083,,4167,,5833,,875,,9583,,2162,,3383,,5793,,7179,,911,,9491
53,"notre_dame_de_paris",,6,,8,,9,,9333,,9,,9,,12,,28,,44,,48,,56,,64,,2,,4148,,591,,634,,6904,,7481
54,"obelisco",,0,,1,,05,,0667,,15,,16,,0,,0909,,0909,,1818,,3636,,4545,,0,,0952,,0645,,0976,,2124,,2367
55,"piccadilly_circus",,8,,9,,85,,8333,,775,,74,,1739,,3478,,5652,,6957,,7391,,8696,,2857,,5017,,679,,7583,,7566,,7996
56,"place_de_la_concorde",1,0,1,0,1,0,1,0,,975,,98,,16,,28,,4,,56,,72,,76,,2759,,4375,,5714,,7179,,8283,,8561
57,"place_de_la_republique",,0,,3,,2,,1667,,125,,14,,0,,375,,375,,375,,375,,5,,0,,3333,,2609,,2308,,1875,,2188
58,"place_des_vosges",,8,,7,,85,,7,,65,,62,,12,,12,,4,,52,,56,,6,,2087,,2049,,544,,5967,,6017,,6098
59,"pont_du_gard",1,0,,7,,75,,6333,,6,,64,,16,,2,,36,,4,,4,,44,,2759,,3111,,4865,,4903,,48,,5215
60,"pont_neuf",,8,,7,,8,,7,,675,,6,,16,,24,,44,,52,,56,,64,,2667,,3574,,5677,,5967,,6121,,6194
61,"ponte_vecchio",1,0,,7,,8,,7333,,675,,7,,2083,,25,,4167,,5,,625,,7083,,3448,,3684,,5479,,5946,,649,,7041
62,"puerta_de_alcala",,2,,4,,4,,4667,,55,,58,,0526,,1579,,3158,,4211,,6316,,7368,,0833,,2264,,3529,,4427,,588,,6491
63,"puerta_del_sol",,8,,4,,4,,4,,425,,42,,15,,15,,25,,4,,55,,65,,2526,,2182,,3077,,4,,4795,,5103
64,"red_fort",1,0,1,0,1,0,,9667,,975,,98,,16,,32,,48,,68,,8,,88,,2759,,4848,,6486,,7984,,8789,,9273
65,"reims_cathedral",1,0,,9,,95,,9667,,975,,98,,16,,2,,32,,48,,56,,6,,2759,,3273,,4787,,6415,,7114,,7443
66,"rialto_bridge",,6,,7,,6,,5667,,6,,58,,1875,,25,,375,,375,,5625,,625,,2857,,3684,,4615,,4513,,5806,,6017
67,"roman_forum_rome",,8,,7,,75,,6333,,725,,76,,08,,12,,32,,4,,6,,68,,1455,,2049,,4486,,4903,,6566,,7178
68,"sacre_coeur",,4,,4,,45,,5667,,475,,48,,0833,,125,,25,,4167,,4167,,5417,,1379,,1905,,3214,,4802,,4439,,509
69,"sagrada_familia",1,0,,9,,95,,9333,,925,,88,,16,,2,,4,,56,,68,,8,,2759,,3273,,563,,7,,7838,,8381
70,"santa_maria_novella",,8,,6,,5,,5,,5,,46,,16,,24,,28,,32,,44,,52,,2667,,3429,,359,,3902,,4681,,4882
71,"schonbrunn_palace",1,0,1,0,1,0,1,0,1,0,,96,,16,,32,,48,,6,,64,,76,,2759,,4848,,6486,,75,,7805,,8484
72,"seville_cathedral",1,0,,9,,9,,9333,,95,,96,,16,,28,,44,,48,,6,,76,,2759,,4271,,591,,634,,7355,,8484
73,"spanish_steps",,8,,7,,75,,7333,,675,,66,,1364,,2273,,4091,,4545,,5,,5909,,233,,3431,,5294,,5612,,5745,,6235
74,"st__basil_cathedral",1,0,1,0,,85,,7667,,8,,84,,16,,24,,36,,48,,64,,68,,2759,,3871,,5058,,5904,,7111,,7516
75,"statue_of_liberty",,8,,7,,8,,8667,,9,,9,,16,,24,,4,,52,,64,,8,,2667,,3574,,5333,,65,,7481,,8471
76,"stonehenge",1,0,,7,,7,,7333,,6,,52,,1579,,2105,,3158,,5263,,5263,,5789,,2727,,3237,,4352,,6128,,5607,,5479
77,"summer_palace_beijing",1,0,1,0,1,0,,9667,,975,,96,,12,,24,,36,,44,,56,,6,,2143,,3871,,5294,,6047,,7114,,7385
78,"sydney_opera_house",1,0,1,0,1,0,,9333,,95,,96,,16,,24,,48,,56,,6,,68,,2759,,3871,,6486,,7,,7355,,7961
79,"teotihuacan",,8,,7,,65,,5667,,6,,6,,16,,2,,4,,44,,52,,64,,2667,,3111,,4952,,4954,,5571,,6194
80,"terracotta_army",,6,,6,,75,,7333,,55,,44,,15,,3,,5,,6,,6,,6,,24,,4,,6,,66,,5739,,5077
81,"the_blue_mosque",1,0,,9,,9,,9333,,925,,94,,2,,24,,48,,6,,68,,68,,3333,,3789,,6261,,7304,,7838,,7891
82,"the_henry_ford",,6,,8,,6,,6667,,675,,58,,12,,24,,4,,64,,76,,8,,2,,3692,,48,,6531,,715,,6725
83,"taj_mahal",1,0,,9,,95,,9,,875,,88,,2,,28,,48,,52,,64,,72,,3333,,4271,,6378,,6592,,7393,,792
84,"tour_montparnasse",,8,,4,,5,,4,,375,,38,,2,,2,,4,,45,,45,,5,,32,,2667,,4444,,4235,,4091,,4318
85,"tower_bridge_london",,4,,5,,6,,6,,625,,62,,08,,16,,36,,44,,64,,72,,1333,,2424,,45,,5077,,6324,,6663
86,"trafalgar_square",,6,,6,,55,,6,,6,,6,,0909,,1818,,3182,,3636,,4545,,5909,,1579,,2791,,4031,,4528,,5172,,5954
87,"leaning_tower_of_pisa",,6,,7,,55,,6,,675,,7,,12,,2,,28,,44,,56,,64,,2,,3111,,3711,,5077,,6121,,6687
88,"hermitage_museum_saint_petersburg",,6,,7,,75,,8,,825,,8,,12,,24,,4,,56,,6,,72,,2,,3574,,5217,,6588,,6947,,7579
89,"jantar_mantar_jaipur",,8,,9,,8,,8333,,875,,88,,16,,36,,48,,64,,76,,84,,2667,,5143,,6,,724,,8135,,8595
90,"lake_titicaca_peru",,6,,6,,6,,6333,,625,,6,,0833,,1667,,3333,,5,,5833,,625,,1463,,2609,,4286,,5588,,6034,,6122
91,"the_great_wall_of_china",,6,,7,,8,,8333,,8,,82,,12,,24,,28,,44,,52,,72,,2,,3574,,4148,,5759,,6303,,7668
92,"grande_arche_paris",,4,,4,,6,,6333,,625,,64,,04,,12,,32,,36,,52,,6,,0727,,1846,,4174,,4591,,5677,,6194
93,"el_angel_mexico",1,0,,8,,65,,7,,7,,66,,2381,,2857,,4286,,619,,7619,,8571,,3846,,4211,,5166,,657,,7296,,7458
94,"bibliotheque_nationale_de_france",,6,,8,,85,,8333,,85,,82,,12,,2,,44,,48,,64,,64,,2,,32,,5798,,6091,,7302,,7189
95,"kronborg_castle",,8,,7,,65,,7,,75,,8,,1667,,25,,4167,,4583,,5833,,5833,,2759,,3684,,5078,,554,,6562,,6747
96,"ajanta_caves",1,0,,9,,95,,8667,,875,,9,,2273,,3636,,5455,,6364,,7273,,7273,,3704,,518,,693,,7339,,7943,,8045
97,"atomium",1,0,,9,,95,,9333,,925,,84,,2381,,381,,5238,,5714,,619,,6667,,3846,,5353,,6753,,7089,,7417,,7434
98,"ellora_caves",,8,,9,,95,,9333,,95,,94,,1818,,3182,,5,,5455,,6818,,7273,,2963,,4701,,6552,,6885,,7939,,8201
99,"potala_palace",1,0,,8,,75,,8333,,825,,8,,2222,,2778,,5,,7778,,7778,,8333,,3636,,4124,,6,,8046,,8007,,8163
100,"jokhang",,6,,7,,7,,8,,75,,7,,08,,2,,36,,56,,68,,72,,1412,,3111,,4755,,6588,,7133,,7099
101,"rila_monastery",,8,,7,,8,,8667,,9,,88,,16,,24,,28,,4,,44,,52,,2667,,3574,,4148,,5474,,591,,6537
102,"louvre_pyramid",1,0,,9,,95,,9333,,925,,8,,1667,,2778,,4444,,5,,5556,,6111,,2857,,4245,,6056,,6512,,6942,,6929
103,"brooklyn_bridge",1,0,,8,,85,,8333,,775,,78,,1905,,2381,,381,,5238,,619,,7143,,32,,367,,5261,,6433,,6883,,7457
104,"tower_of_london",,6,,7,,8,,8,,75,,76,,0435,,087,,3478,,3478,,3913,,5217,,0811,,1547,,4848,,4848,,5143,,6187
105,"british_museum_london",1,0,1,0,1,0,,9333,,95,,96,,25,,3,,45,,5,,6,,7,,4,,4615,,6207,,6512,,7355,,8096
106,"buckingham_palace",,2,,3,,4,,4,,325,,42,,05,,1,,2,,35,,35,,5,,08,,15,,2667,,3733,,337,,4565
107,"charles_bridge_prague",,8,,6,,75,,5667,,55,,58,,125,,2083,,375,,4167,,5417,,625,,2162,,3093,,5,,4802,,5458,,6017
108,"champs_elysees_paris",,4,,6,,7,,6333,,525,,5,,0667,,2667,,4,,5333,,5333,,6667,,1143,,3692,,5091,,579,,5291,,5714
109,"chrysler_building",1,0,1,0,1,0,1,0,1,0,1,0,,1429,,2857,,5,,5714,,7143,,9286,,25,,4444,,6667,,7273,,8333,,963
110,"moma_new_york",1,0,,9,,85,,9,,925,,92,,2105,,3158,,4737,,5263,,6316,,7368,,3478,,4675,,6083,,6642,,7506,,8183
111,"grand_central_terminal",1,0,1,0,1,0,1,0,,975,,94,,1429,,2857,,381,,4762,,5238,,619,,25,,4444,,5517,,6452,,6815,,7465
112,"houses_of_parliament",1,0,1,0,1,0,,9667,,9,,88,,1739,,2609,,3478,,3913,,4783,,5652,,2963,,4138,,5161,,5571,,6246,,6883
113,"alexanderplatz_berlin",,6,,5,,55,,6,,625,,66,,08,,16,,28,,4,,48,,56,,1412,,2424,,3711,,48,,543,,6059
114,"centre_pompidou",,8,,9,,85,,8333,,825,,8,,1667,,3333,,5556,,5556,,6111,,7222,,2759,,4865,,6719,,6667,,7021,,7591
115,"sydney_harbour_bridge",1,0,1,0,1,0,1,0,1,0,,98,,1875,,3125,,5625,,5625,,6875,,8125,,3158,,4762,,72,,72,,8148,,8884
116,"pier_39",,8,,9,,9,,8667,,85,,84,,0952,,2857,,4286,,5238,,5714,,7143,,1702,,4337,,5806,,653,,6834,,7721
117,"coit_tower",,8,,7,,55,,6333,,675,,56,,2,,3333,,3333,,3333,,6,,6,,32,,4516,,4151,,4368,,6353,,5793
118,"st_paul_s_cathedral_london",,8,,7,,8,,7667,,675,,68,,1765,,2941,,5294,,6471,,7059,,7647,,2892,,4142,,6372,,7018,,6901,,7199
119,"cloud_gate",,4,,4,,55,,5333,,625,,7,,1667,,1667,,3333,,4167,,5833,,6667,,2353,,2353,,4151,,4678,,6034,,6829
120,"musee_d_orsay",,8,,9,,85,,8667,,9,,9,,1429,,2381,,3333,,5238,,619,,7143,,2424,,3766,,4789,,653,,7335,,7965
121,"pike_place_market",1,0,1,0,,95,,9,,825,,8,,1429,,2857,,3333,,381,,4762,,6667,,25,,4444,,4935,,5353,,6038,,7273
122,"royal_palace_madrid",,8,,9,,9,,9,,925,,88,,1818,,4091,,5455,,6364,,6364,,7273,,2963,,5625,,6792,,7456,,754,,7964
123,"sony_center_berlin",,8,,8,,75,,8333,,85,,86,,1905,,2381,,381,,5238,,5714,,5714,,3077,,367,,5053,,6433,,6834,,6866
124,"red_square_moscow",,2,,6,,65,,7333,,675,,74,,0476,,1905,,2857,,4286,,5714,,7619,,0769,,2892,,3969,,541,,6189,,7508
125,"prague_castle",1,0,,9,,95,,9333,,9,,84,,16,,24,,4,,56,,64,,64,,2759,,3789,,563,,7,,7481,,7265
126,"musee_du_louvre",,8,,9,,95,,9667,,95,,94,,16,,28,,36,,48,,56,,64,,2667,,4271,,5221,,6415,,7046,,7615
127,"millennium_bridge_london",,4,,6,,7,,7,,725,,74,,08,,2,,4,,48,,6,,6,,1333,,3,,5091,,5695,,6566,,6627
128,"casa_mila",1,0,1,0,1,0,,9667,,95,,94,,2,,32,,4,,56,,64,,76,,3333,,4848,,5714,,7092,,7648,,8405
129,"national_gallery_london",1,0,,8,,75,,7333,,575,,48,,1818,,3182,,4545,,6364,,6364,,6364,,3077,,4553,,566,,6814,,6041,,5472
130,"national_mall",1,0,1,0,1,0,1,0,,9,,78,,2,,36,,52,,64,,76,,84,,3333,,5294,,6842,,7805,,8241,,8089
131,"london_city_hall",,8,,8,,9,,8667,,75,,7,,2,,35,,45,,55,,6,,65,,32,,487,,6,,6729,,6667,,6741
132,"holocaust_memorial",,6,,7,,65,,6,,475,,46,,125,,25,,4375,,5,,5625,,5625,,2069,,3684,,523,,5455,,5151,,5061
133,"columbus_circle",,6,,4,,5,,4667,,45,,44,,12,,12,,28,,4,,44,,48,,2,,1846,,359,,4308,,4449,,4591
134,"siegessaeule",1,0,1,0,1,0,1,0,,775,,68,,16,,2,,48,,64,,68,,72,,2759,,3333,,6486,,7805,,7244,,6994
135,"jardin_du_luxembourg",1,0,1,0,1,0,1,0,,95,,92,,16,,36,,64,,76,,8,,88,,2759,,5294,,7805,,8636,,8686,,8996
136,"merlion_singapore",,2,,3,,35,,3667,,475,,54,,0455,,1364,,2727,,4091,,5909,,6818,,0741,,1875,,3066,,3867,,5267,,6027
137,"harrods_london",1,0,1,0,,85,,8333,,875,,86,,2,,32,,48,,6,,68,,72,,3333,,4848,,6135,,6977,,7653,,7838
138,"metropolitan_museum_of_art_new_york",1,0,1,0,,95,,9667,,975,,96,,16,,2,,4,,6,,64,,72,,2759,,3333,,563,,7404,,7728,,8229
139,"new_york_stock_exchange",,8,,9,,75,,5667,,575,,52,,15,,35,,45,,5,,5,,55,,2526,,504,,5625,,5312,,5349,,5346
140,"stephansdom_vienna",1,0,1,0,1,0,1,0,1,0,,96,,2,,36,,56,,68,,68,,68,,3333,,5294,,7179,,8095,,8095,,7961
141,"hms_belfast",1,0,1,0,1,0,,9333,,95,,94,,2,,28,,4,,48,,6,,72,,3333,,4375,,5714,,634,,7355,,8154
142,"leicester_square",1,0,,9,,85,,8333,,775,,78,,12,,2,,28,,4,,52,,52,,2143,,3273,,4212,,5405,,6224,,624
143,"ciudad_de_las_artes_y_las_ciencias",1,0,1,0,,85,,9,,9,,92,,16,,32,,52,,64,,72,,72,,2759,,4848,,6453,,7481,,8,,8078
144,"topkapi_palace",1,0,1,0,1,0,1,0,,975,,96,,16,,36,,44,,64,,72,,72,,2759,,5294,,6111,,7805,,8283,,8229
145,"royal_albert_hall",1,0,,8,,75,,6,,675,,7,,12,,2,,28,,36,,56,,68,,2143,,32,,4078,,45,,6121,,6899
146,"st_vitus_cathedral",,6,,8,,9,,8333,,85,,88,,12,,24,,4,,48,,6,,68,,2,,3692,,5538,,6091,,7034,,7672
147,"castello_sforzesco",,8,,9,,9,,9,,9,,92,,12,,28,,36,,44,,48,,64,,2087,,4271,,5143,,591,,6261,,7549
148,"rijksmuseum_amsterdam",1,0,1,0,1,0,1,0,1,0,1,0,,2,,24,,4,,56,,76,,88,,3333,,3871,,5714,,7179,,8636,,9362
149,"dam_square",,8,,8,,75,,5667,,575,,58,,12,,24,,36,,4,,52,,6,,2087,,3692,,4865,,469,,5461,,5898
150,"rathaus_vienna",,4,,6,,7,,6333,,625,,54,,08,,16,,2,,32,,48,,52,,1333,,2526,,3111,,4252,,543,,5298
151,"bath_abbey",1,0,1,0,,95,,9333,,925,,94,,12,,28,,32,,52,,56,,64,,2143,,4375,,4787,,6679,,6976,,7615
152,"salisbury_cathedral",1,0,1,0,1,0,,9333,,9,,92,,16,,28,,48,,48,,52,,68,,2759,,4375,,6486,,634,,6592,,782
153,"templo_de_debod",,6,,4,,45,,5333,,525,,56,,1364,,1818,,2273,,3636,,4545,,6364,,2222,,25,,302,,4324,,4872,,5957
154,"Niagara_Falls",,4,,4,,55,,6667,,6,,6,,0909,,1364,,2727,,4545,,5,,6364,,1481,,2034,,3646,,5405,,5455,,6176
155,"Golden_Gate_Bridge_in_San_Francisco",1,0,,9,,85,,9,,9,,92,,2273,,3182,,3636,,5909,,6818,,7273,,3704,,4701,,5094,,7134,,7759,,8124
156,"Neuschwanstein_Castle",1,0,1,0,,95,,9333,,95,,96,,16,,24,,52,,64,,68,,68,,2759,,3871,,6721,,7593,,7926,,7961
157,"Christ_Church_Cathedral_Missouri",,8,,9,,95,,9667,,85,,88,,16,,28,,4,,52,,6,,64,,2667,,4271,,563,,6762,,7034,,7411
158,"Mount_Rushmore_in_South_Dakota",1,0,1,0,,95,,9667,,95,,94,,2,,28,,48,,6,,64,,68,,3333,,4375,,6378,,7404,,7648,,7891
159,"Puerta_de_Toledo",,6,,3,,15,,1,,075,,06,1,0,1,0,1,0,1,0,1,0,1,0,,75,,4615,,2609,,1818,,1395,,1132
160,"Urquhart_Castle",1,0,,9,,85,,8667,,875,,88,,2083,,25,,375,,5,,5833,,6667,,3448,,3913,,5204,,6341,,7,,7586
161,"Gare_du_Nord_Paris",,6,,7,,75,,7667,,725,,74,,08,,16,,2,,32,,44,,72,,1412,,2605,,3158,,4515,,5476,,7299
162,"Newgrange_in_Ireland",,6,,7,,65,,6333,,65,,68,,125,,2083,,3333,,3333,,4583,,5833,,2069,,3211,,4407,,4368,,5376,,628
163,"Windmills_at_Kinderdijk",1,0,1,0,,95,,8333,,8,,84,,16,,24,,4,,52,,56,,64,,2759,,3871,,563,,6404,,6588,,7265
164,"Conciergerie",,8,,9,,95,,9333,,925,,92,,12,,28,,56,,56,,6,,68,,2087,,4271,,7046,,7,,7279,,782
165,"Palazzo_Madama",,8,,6,,65,,6333,,625,,54,,1818,,2727,,4545,,5455,,6364,,6818,,2963,,375,,535,,5861,,6306,,6027
166,"Split_Rock_Lighthouse",1,0,1,0,,9,,8667,,825,,72,,16,,24,,44,,48,,52,,52,,2759,,3871,,591,,6178,,6379,,6039
167,"The_Little_Mermaid_Denmark",,6,,6,,7,,6,,5,,4,,2143,,4286,,6429,,7857,,7857,,7857,,3158,,5,,6702,,6804,,6111,,5301
168,"Great_Pyramid_of_Giza",,8,,7,,75,,6333,,6,,6,,2667,,4,,5333,,6,,6667,,7333,,4,,5091,,6234,,6162,,6316,,66
169,"Pitti_Palace",,6,,7,,75,,7,,725,,68,,1364,,2727,,3636,,5,,5,,5,,2222,,3925,,4898,,5833,,5918,,5763
170,"Georgia_State_Capitol",,2,,3,,35,,2333,,175,,24,,0526,,1053,,2632,,2632,,2632,,3158,,0833,,1558,,3004,,2473,,2102,,2727
171,"Dome_des_Invalides",1,0,1,0,1,0,1,0,1,0,,98,,16,,2,,36,,4,,48,,56,,2759,,3333,,5294,,5714,,6486,,7127
172,"Reggia_di_Caserta",,6,,7,,55,,5667,,65,,66,,12,,28,,36,,48,,64,,76,,2,,4,,4352,,5197,,645,,7065
173,"The_Burj_al_Arab_Hotel",,6,,8,,8,,7667,,75,,76,,12,,24,,32,,4,,56,,68,,2,,3692,,4571,,5257,,6412,,7178
174,"Elephanta_Caves",,8,,9,,9,,9,,7,,66,,1667,,3333,,5417,,7083,,7083,,75,,2759,,4865,,6763,,7927,,7041,,7021
175,"Basilica_of_Santa_Croce",1,0,1,0,1,0,1,0,1,0,1,0,,16,,32,,48,,64,,72,,84,,2759,,4848,,6486,,7805,,8372,,913
176,"Aachen_Cathedral",,6,,8,,9,,9333,,9,,86,,08,,16,,32,,48,,56,,72,,1412,,2667,,4721,,634,,6904,,7838
177,"Monument_to_the_Great_Fire_of_London",,2,,4,,45,,5333,,575,,66,,04,,12,,28,,44,,56,,68,,0667,,1846,,3452,,4822,,5674,,6699
178,"Longmen_Grottoes",,4,,6,,6,,5333,,55,,56,,08,,24,,48,,6,,68,,84,,1333,,3429,,5333,,5647,,6081,,672
179,"Louisiana_State_Capitol",,4,,4,,25,,3333,,4,,42,,08,,12,,16,,32,,48,,56,,1333,,1846,,1951,,3265,,4364,,48
180,"The_Great_Sphinx_at_Giza",,8,,7,,65,,7667,,8,,8,,16,,24,,44,,56,,68,,68,,2667,,3574,,5248,,6472,,7351,,7351
181,"Teatro_Real_Madrid",1,0,1,0,,95,,7667,,7,,7,,1739,,3478,,5217,,6087,,6957,,8261,,2963,,5161,,6736,,6786,,6978,,7578
182,"Palacio_de_la_Magdalena",,6,,7,,8,,8333,,85,,82,,12,,24,,4,,48,,64,,68,,2,,3574,,5333,,6091,,7302,,7435
183,"Sowjetisches_Ehrenmal",,8,,7,,65,,7333,,725,,72,,16,,28,,48,,68,,72,,8,,2667,,4,,5522,,7057,,7225,,7579
184,"Cathedral_of_Trier",1,0,,9,,9,,8667,,825,,8,,2,,28,,48,,6,,72,,72,,3333,,4271,,6261,,7091,,7689,,7579
185,"Saint_Mary_of_the_Flower",,0,,2,,2,,3333,,45,,4,,0,,08,,16,,28,,36,,36,,0,,1143,,1778,,3043,,4,,3789
186,"Skellig_Michael",,4,,6,,6,,6333,,675,,7,,08,,2,,32,,48,,56,,56,,1333,,3,,4174,,5461,,6121,,6222
187,"Chicago_Board_of_Trade_Building",,8,,7,,65,,7333,,575,,6,,1364,,2727,,3636,,5,,5,,5455,,233,,3925,,4664,,5946,,5349,,5714
188,"Pont_de_Normandie_France",1,0,1,0,,95,,9667,,875,,78,,2105,,3684,,5789,,6842,,7895,,7895,,3478,,5385,,7194,,8013,,83,,7847
189,"Palazzo_Rosso",,4,,3,,25,,2,,15,,14,,0833,,125,,2083,,2083,,2083,,25,,1379,,1765,,2273,,2041,,1744,,1795
190,"Piazza_Vittorio_Veneto",,6,,7,,45,,4667,,35,,28,,1875,,375,,4375,,75,,75,,75,,2857,,4884,,4437,,5753,,4773,,4078
191,"Sforza_Castle",1,0,1,0,1,0,1,0,,975,,96,,2,,32,,48,,56,,6,,64,,3333,,4848,,6486,,7179,,7429,,768
192,"Torres_KIO",1,0,,9,,9,,8667,,8,,76,,2,,28,,48,,64,,68,,72,,3333,,4271,,6261,,7363,,7351,,7395
193,"Torre_Picasso",1,0,1,0,,75,,7,,725,,72,,125,,2917,,4167,,5,,625,,6667,,2222,,4516,,5357,,5833,,6713,,6923
194,"The_Palace_of_Parliament_in_Bucharest",1,0,,9,,95,,9667,,85,,8,,16,,2,,44,,56,,64,,68,,2759,,3273,,6014,,7092,,7302,,7351
195,"Ernest_Hemingway_House",,4,,6,,75,,7333,,775,,76,,08,,24,,4,,48,,6,,64,,1333,,3429,,5217,,5802,,6764,,6949
196,"Castel_dellOvo_Napoli",,8,,7,,85,,8,,825,,82,,16,,28,,52,,6,,68,,8,,2667,,4,,6453,,6857,,7455,,8099
197,"Villa_Borghese_gardens",1,0,1,0,1,0,,9667,,95,,94,,12,,28,,52,,6,,72,,76,,2143,,4375,,6842,,7404,,8192,,8405
198,"Saint_Marks_Basilica",,8,,9,,9,,9333,,9,,9,,16,,24,,28,,36,,48,,56,,2667,,3789,,4271,,5196,,6261,,6904
199,"Mausoleum_of_the_First_Qin_Emperor",,8,,7,,75,,7667,,775,,82,,16,,24,,44,,52,,64,,84,,2667,,3574,,5546,,6197,,7011,,8299
200,"Mausoleum_of_Hadrian",,6,,6,,7,,6,,525,,62,,1667,,2778,,5556,,6111,,6667,,8333,,2609,,3797,,6195,,6055,,5874,,711
201,"Piazza_de_Ferrari",1,0,1,0,1,0,,9667,,95,,94,,1579,,2632,,3684,,4737,,5263,,5263,,2727,,4167,,5385,,6358,,6774,,6748
202,"George_Washington_Carver",,2,,5,,65,,6,,55,,56,,0625,,25,,375,,5,,5625,,6875,,0952,,3333,,4756,,5455,,5562,,6172
203,"Cathedral_of_Santiago_de_Compostela",1,0,1,0,1,0,,9,,85,,84,,1765,,2941,,4118,,6471,,7647,,7647,,3,,4545,,5833,,7529,,8051,,8006
204,"Saint-Jacques_Tower",,6,,7,,7,,7667,,7,,72,,2308,,3846,,6154,,6923,,6923,,6923,,3333,,4965,,655,,7276,,6961,,7059
205,"Calakmul_Campeche_Mexico",1,0,,8,,75,,8,,8,,82,,2143,,2857,,5714,,6429,,7143,,8571,,3529,,4211,,6486,,7129,,7547,,8382
206,"Bran_Castle_in_Transylvania",1,0,,9,,85,,9,,9,,9,,1579,,2632,,3158,,3684,,4737,,6842,,2727,,4072,,4605,,5228,,6207,,7774
207,"Mosteiro_da_Batalha",1,0,1,0,1,0,1,0,1,0,1,0,,2632,,3158,,4737,,5789,,5789,,6842,,4167,,48,,6429,,7333,,7333,,8125
208,"Wartburg_Castle",1,0,1,0,1,0,,9667,,925,,94,,25,,4,,6,,7,,75,,8,,4,,5714,,75,,812,,8284,,8644
209,"Fujian_Tulou_Fujian_China",,8,,9,,95,,9667,,95,,92,,2222,,3333,,5556,,6111,,7222,,8333,,3478,,4865,,7011,,7488,,8206,,8745
210,"Alabama_State_Capitol",,6,,6,,75,,8,,75,,7,,1429,,2381,,5238,,6667,,6667,,7143,,2308,,3409,,6168,,7273,,7059,,7071
211,"Palazzo_dAccursio",,8,,6,,7,,7,,6,,5,,1667,,1667,,2222,,4444,,5,,5,,2759,,2609,,3373,,5437,,5455,,5
212,"Casa_Grande_Ruins",1,0,,9,,85,,8667,,85,,82,,2353,,2353,,3529,,4706,,5882,,6471,,381,,3731,,4988,,61,,6953,,7233
213,"Stravinsky_Fountain",,8,,9,,95,,9333,,825,,8,,2,,4,,4667,,4667,,4667,,4667,,32,,5538,,6259,,6222,,5961,,5895
214,"Angel_Falls_Venezuela",,6,,5,,55,,5,,475,,5,,1176,,1765,,4118,,5294,,5882,,5882,,1967,,2609,,4709,,5143,,5256,,5405
215,"Statue_of_George_IV",,8,,5,,55,,4333,,35,,28,,375,,375,,625,,625,,625,,625,,5106,,4286,,5851,,5118,,4487,,3867
216,"Palacio_Barolo",,8,,7,,8,,8667,,9,,92,,2353,,2353,,4118,,4706,,5882,,5882,,3636,,3522,,5437,,61,,7115,,7176
217,"Bridge_of_Remembrance_Christchurch_New_Zealand",1,0,1,0,1,0,1,0,,925,,8,,3333,,3333,,75,,9167,1,0,1,0,,5,,5,,8571,,9565,,961,,8889
218,"John_A._Roebling_Suspension_Bridge",,2,,3,,35,,4,,425,,42,,0667,,2,,4667,,6,,7333,,7333,,1,,24,,4,,48,,5381,,5341
219,"Blue_Dome_Santorini",1,0,,9,,85,,7667,,775,,82,,3125,,4375,,625,,625,,6875,,8125,,4762,,5888,,7203,,6886,,7286,,8162
220,"Fossar_de_les_Moreres",,2,,4,,5,,3667,,3,,38,,0714,,2143,,5,,5,,5714,,7857,,1053,,2791,,5,,4231,,3934,,5123
221,"Luxor_Obelisk_France",,8,,8,,75,,7667,,775,,76,,125,,25,,375,,375,,5,,5625,,2162,,381,,5,,5036,,6078,,6465
222,"Valle_de_los_Caidos",,8,,9,,95,,9667,,95,,94,,2,,45,,5,,6,,75,,75,,32,,6,,6552,,7404,,8382,,8343
--------------------
"--","Avg.",P@5,P@10,P@20,P@30,P@40,P@50,CR@5,CR@10,CR@20,CR@30,CR@40,CR@50,F1@5,F1@10,F1@20,F1@30,F1@40,F1@50
,,,764,,7622,,7709,,7649,,7506,,7423,,1528,,2571,,4105,,5169,,6037,,6779,,2494,,3767,,5248,,6036,,6556,,6946