--------------------
"Run name","output_runCEDDXBIndex"
--------------------
"Average P@20 = ",,7986
"Average CR@20 = ",,3783
"Average F1@20 = ",,5014
--------------------
"Query Id ","Location name",P@5,P@10,P@20,P@30,P@40,P@50,CR@5,CR@10,CR@20,CR@30,CR@40,CR@50,F1@5,F1@10,F1@20,F1@30,F1@40,F1@50
1,"angel_of_the_north",1,0,1,0,1,0,1,0,1,0,1,0,,16,,2,,4,,52,,56,,68,,2759,,3333,,5714,,6842,,7179,,8095
2,"big_ben",,8,,9,,9,,9333,,9,,9,,1818,,2273,,3636,,4545,,5,,5455,,2963,,3629,,518,,6114,,6429,,6792
3,"hearst_castle",1,0,1,0,,9,,9333,,95,,94,,1667,,375,,5417,,6667,,75,,75,,2857,,5455,,6763,,7778,,8382,,8343
4,"la_madeleine",,6,,3,,4,,4333,,45,,48,,1429,,1429,,4286,,6429,,7857,,8571,,2308,,1935,,4138,,5177,,5723,,6154
5,"pont_alexandre_iii",1,0,1,0,,95,,9667,,975,,98,,2,,24,,44,,48,,48,,68,,3333,,3871,,6014,,6415,,6433,,8029
6,"neues_museum",,0,,0,,05,,1333,,25,,4,,0,,0,,04,,12,,24,,48,,0,,0,,0444,,1263,,2449,,4364
7,"montezuma_castle",1,0,,9,,65,,4667,,475,,56,,25,,5,,5,,5833,,6667,,75,,4,,6429,,5652,,5185,,5547,,6412
8,"cn_tower",,6,,5,,55,,6667,,7,,74,,125,,1667,,2917,,375,,5833,,625,,2069,,25,,3812,,48,,6364,,6777
9,"acropolis_athens",1,0,1,0,,95,,9,,85,,88,,2381,,381,,4762,,4762,,5714,,5714,,3846,,5517,,6344,,6228,,6834,,6929
10,"agra_fort",,6,,6,,75,,8333,,85,,88,,12,,2,,44,,52,,56,,68,,2,,3,,5546,,6404,,6752,,7672
11,"albert_memorial",,6,,6,,75,,7,,675,,72,,1364,,1364,,1818,,3182,,4091,,4545,,2222,,2222,,2927,,4375,,5094,,5573
12,"altes_museum",1,0,1,0,,6,,5333,,5,,48,,125,,2917,,375,,4167,,4583,,5833,,2222,,4516,,4615,,4678,,4783,,5266
13,"amiens_cathedral",1,0,1,0,,95,,9667,,975,,96,,16,,24,,4,,56,,72,,72,,2759,,3871,,563,,7092,,8283,,8229
14,"angkor_wat",1,0,1,0,,7,,6667,,675,,74,,12,,24,,4,,44,,44,,56,,2143,,3871,,5091,,5301,,5327,,6375
15,"ara_pacis",,4,,7,,65,,7333,,675,,68,,0909,,2727,,4091,,6364,,6364,,7273,,1481,,3925,,5021,,6814,,6551,,7028
16,"arc_de_triomphe",,8,,9,,85,,8,,8,,78,,125,,25,,4167,,625,,6667,,6667,,2162,,3913,,5592,,7018,,7273,,7189
17,"aztec_ruins",,0,,0,,0,,1667,,225,,26,,0,,0,,0,,2,,32,,32,,0,,0,,0,,1818,,2642,,2869
18,"berlin_cathedral",1,0,1,0,1,0,1,0,1,0,,98,,16,,28,,56,,64,,64,,64,,2759,,4375,,7179,,7805,,7805,,7743
19,"bok_tower_gardens",1,0,,8,,7,,7667,,825,,86,,2,,28,,52,,68,,72,,72,,3333,,4148,,5967,,7207,,7689,,7838
20,"brandenburg_gate",1,0,1,0,1,0,1,0,,975,,98,,2,,24,,44,,44,,52,,52,,3333,,3871,,6111,,6111,,6783,,6795
21,"cabrillo",,0,,2,,2,,1667,,175,,14,,0,,0769,,2308,,3077,,4615,,4615,,0,,1111,,2143,,2162,,2538,,2148
22,"casa_batllo",1,0,1,0,1,0,1,0,1,0,1,0,,2,,24,,52,,6,,68,,72,,3333,,3871,,6842,,75,,8095,,8372
23,"casa_rosada",,8,,7,,85,,9,,925,,94,,12,,12,,28,,48,,6,,64,,2087,,2049,,4212,,6261,,7279,,7615
24,"castillo_de_san_marcos",1,0,,8,,75,,5333,,65,,6,,2,,24,,4,,44,,52,,56,,3333,,3692,,5217,,4822,,5778,,5793
25,"chartres_cathedral",1,0,1,0,1,0,1,0,,95,,94,,12,,24,,4,,68,,68,,76,,2143,,3871,,5714,,8095,,7926,,8405
26,"chichen_itza",1,0,,8,,7,,8,,8,,82,,16,,16,,28,,36,,52,,56,,2759,,2667,,4,,4966,,6303,,6655
27,"christ_the_redeemer_rio",,4,,6,,75,,5333,,525,,52,,0435,,1739,,2609,,2609,,3913,,5217,,0784,,2697,,3871,,3504,,4484,,5209
28,"civic_center_san_francisco",,8,,8,,75,,7667,,825,,82,,16,,24,,36,,56,,6,,64,,2667,,3692,,4865,,6472,,6947,,7189
29,"cologne_cathedral",1,0,1,0,1,0,1,0,,95,,96,,16,,24,,36,,52,,52,,6,,2759,,3871,,5294,,6842,,6721,,7385
30,"colosseum",1,0,1,0,1,0,1,0,1,0,,98,,16,,2,,4,,52,,6,,6,,2759,,3333,,5714,,6842,,75,,7443
31,"doge_s_palace",1,0,,9,,85,,8,,8,,78,,12,,24,,4,,44,,48,,48,,2143,,3789,,544,,5677,,6,,5943
32,"eiffel_tower",1,0,1,0,1,0,1,0,1,0,1,0,,16,,16,,28,,36,,44,,52,,2759,,2759,,4375,,5294,,6111,,6842
33,"golden_gate_bridge",1,0,1,0,,9,,8667,,85,,86,,1304,,2609,,3478,,4783,,5217,,5652,,2308,,4138,,5017,,6164,,6466,,6821
34,"grand_palais",1,0,,9,,85,,9,,9,,92,,0909,,2273,,3636,,5,,5455,,5455,,1667,,3629,,5094,,6429,,6792,,6849
35,"guggenheim_museum_bilbao",1,0,1,0,1,0,1,0,1,0,1,0,,2,,28,,44,,48,,52,,6,,3333,,4375,,6111,,6486,,6842,,75
36,"hagia_sophia_istanbul",1,0,1,0,1,0,1,0,,975,,94,,12,,2,,32,,44,,52,,6,,2143,,3333,,4848,,6111,,6783,,7325
37,"hoover_dam",1,0,,8,,9,,9333,,925,,92,,16,,24,,36,,52,,52,,56,,2759,,3692,,5143,,6679,,6657,,6962
38,"humayun_tomb",,8,,6,,55,,6,,675,,72,,08,,16,,24,,4,,56,,64,,1455,,2526,,3342,,48,,6121,,6776
39,"iguazu_falls",,4,,7,,8,,8333,,825,,82,,08,,16,,36,,52,,56,,6,,1333,,2605,,4966,,6404,,6671,,693
40,"iolani_palace",1,0,1,0,1,0,,8667,,75,,68,,12,,16,,36,,52,,56,,64,,2143,,2759,,5294,,65,,6412,,6594
41,"la_mezquita",,8,,8,,8,,8333,,775,,66,,1667,,25,,4167,,5,,5417,,5833,,2759,,381,,5479,,625,,6377,,6193
42,"la_rambla_barcelona",,8,,9,,95,,9333,,925,,92,,12,,24,,36,,44,,56,,56,,2087,,3789,,5221,,5981,,6976,,6962
43,"la_sainte_chapelle",1,0,,9,,95,,9667,,975,,96,,16,,28,,44,,56,,64,,64,,2759,,4271,,6014,,7092,,7728,,768
44,"liberty_memorial",,8,,6,,5,,6,,675,,72,,08,,12,,16,,28,,44,,56,,1455,,2,,2424,,3818,,5327,,63
45,"lincoln_home",1,0,1,0,1,0,,9333,,95,,92,,2778,,3333,,5556,,7222,,7778,,8333,,4348,,5,,7143,,8143,,8553,,8745
46,"machu_picchu",1,0,1,0,,75,,6,,65,,68,,16,,28,,44,,44,,56,,6,,2759,,4375,,5546,,5077,,6017,,6375
47,"marble_arch_london",,6,,7,,5,,4333,,425,,4,,25,,3333,,5,,6667,,75,,75,,3529,,4516,,5,,5253,,5426,,5217
48,"milan_cathedral",1,0,1,0,,95,,9667,,875,,88,,2,,36,,44,,56,,56,,68,,3333,,5294,,6014,,7092,,6829,,7672
49,"mole_antonelliana",1,0,1,0,,95,,8667,,75,,7,,12,,2,,2,,4,,4,,48,,2143,,3333,,3304,,5474,,5217,,5695
50,"mont_saint_michel",1,0,1,0,1,0,1,0,1,0,,98,,16,,24,,4,,4,,52,,6,,2759,,3871,,5714,,5714,,6842,,7443
51,"moulin_rouge",,0,,0,,0,,0,,025,,1,,0,,0,,0,,0,,125,,375,,0,,0,,0,,0,,0417,,1579
52,"nelson_s_column",1,0,,9,,95,,9667,,975,,98,,0833,,125,,3333,,4583,,5417,,5833,,1538,,2195,,4935,,6218,,6964,,7313
53,"notre_dame_de_paris",1,0,1,0,1,0,,9667,,9,,92,,12,,28,,44,,6,,64,,68,,2143,,4375,,6111,,7404,,7481,,782
54,"obelisco",,2,,2,,1,,0667,,05,,08,,0909,,0909,,0909,,0909,,0909,,1818,,125,,125,,0952,,0769,,0645,,1111
55,"piccadilly_circus",,8,,8,,75,,7667,,75,,76,,1304,,2609,,3913,,5652,,5652,,6087,,2243,,3934,,5143,,6507,,6446,,676
56,"place_de_la_concorde",1,0,1,0,1,0,1,0,,975,,98,,12,,2,,32,,36,,56,,64,,2143,,3333,,4848,,5294,,7114,,7743
57,"place_de_la_republique",,4,,3,,25,,2,,225,,2,,25,,375,,5,,5,,625,,75,,3077,,3333,,3333,,2857,,3309,,3158
58,"place_des_vosges",1,0,,8,,85,,9,,9,,9,,2,,24,,44,,56,,64,,68,,3333,,3692,,5798,,6904,,7481,,7747
59,"pont_du_gard",,8,,9,,9,,9,,875,,78,,12,,2,,36,,48,,52,,6,,2087,,3273,,5143,,6261,,6523,,6783
60,"pont_neuf",1,0,1,0,,9,,7667,,725,,74,,2,,28,,44,,52,,52,,64,,3333,,4375,,591,,6197,,6056,,6864
61,"ponte_vecchio",,8,,9,,9,,9,,85,,86,,125,,2083,,375,,5,,5417,,5833,,2162,,3383,,5294,,6429,,6617,,6952
62,"puerta_de_alcala",,2,,2,,3,,5,,575,,6,,0526,,1053,,2632,,4211,,5263,,6316,,0833,,1379,,2804,,4571,,5496,,6154
63,"puerta_del_sol",,8,,6,,6,,5333,,475,,4,,1,,2,,3,,35,,4,,4,,1778,,3,,4,,4226,,4343,,4
64,"red_fort",1,0,1,0,1,0,1,0,1,0,1,0,,16,,28,,52,,64,,68,,76,,2759,,4375,,6842,,7805,,8095,,8636
65,"reims_cathedral",1,0,1,0,1,0,1,0,1,0,1,0,,16,,32,,52,,52,,52,,56,,2759,,4848,,6842,,6842,,6842,,7179
66,"rialto_bridge",1,0,1,0,,95,,8,,75,,7,,125,,25,,4375,,5,,625,,6875,,2222,,4,,5991,,6154,,6818,,6937
67,"roman_forum_rome",,6,,8,,75,,7667,,75,,72,,12,,24,,4,,48,,56,,6,,2,,3692,,5217,,5904,,6412,,6545
68,"sacre_coeur",,2,,4,,55,,5667,,575,,62,,0417,,0833,,25,,3333,,375,,4583,,069,,1379,,3438,,4198,,4539,,527
69,"sagrada_familia",1,0,1,0,,95,,9333,,925,,94,,12,,28,,4,,52,,52,,6,,2143,,4375,,563,,6679,,6657,,7325
70,"santa_maria_novella",,8,,5,,3,,5333,,625,,62,,12,,16,,2,,36,,44,,48,,2087,,2424,,24,,4299,,5164,,5411
71,"schonbrunn_palace",1,0,1,0,1,0,1,0,,975,,98,,16,,2,,44,,52,,56,,56,,2759,,3333,,6111,,6842,,7114,,7127
72,"seville_cathedral",,8,,7,,8,,8667,,875,,9,,16,,24,,4,,48,,56,,64,,2667,,3574,,5333,,6178,,6829,,7481
73,"spanish_steps",1,0,1,0,,75,,7333,,675,,68,,0909,,2273,,3636,,5,,5909,,6364,,1667,,3704,,4898,,5946,,6302,,6575
74,"st__basil_cathedral",1,0,1,0,,9,,8667,,85,,86,,16,,28,,36,,52,,52,,52,,2759,,4375,,5143,,65,,6453,,6481
75,"statue_of_liberty",1,0,1,0,1,0,,9333,,85,,8,,12,,2,,32,,48,,52,,56,,2143,,3333,,4848,,634,,6453,,6588
76,"stonehenge",1,0,,8,,65,,6667,,625,,52,,1579,,2105,,3684,,5263,,5789,,5789,,2727,,3333,,4703,,5882,,6011,,5479
77,"summer_palace_beijing",1,0,1,0,1,0,,9667,,975,,96,,12,,24,,36,,48,,52,,6,,2143,,3871,,5294,,6415,,6783,,7385
78,"sydney_opera_house",1,0,1,0,1,0,,9667,,95,,9,,16,,28,,4,,52,,56,,56,,2759,,4375,,5714,,6762,,7046,,6904
79,"teotihuacan",,6,,6,,55,,5333,,6,,6,,12,,24,,32,,4,,48,,64,,2,,3429,,4046,,4571,,5333,,6194
80,"terracotta_army",,8,,9,,7,,6,,45,,38,,2,,3,,45,,5,,5,,5,,32,,45,,5478,,5455,,4737,,4318
81,"the_blue_mosque",,6,,8,,85,,8667,,875,,9,,08,,16,,28,,4,,56,,6,,1412,,2667,,4212,,5474,,6829,,72
82,"the_henry_ford",1,0,1,0,,85,,7667,,7,,68,,12,,24,,36,,4,,48,,56,,2143,,3871,,5058,,5257,,5695,,6142
83,"taj_mahal",,8,,9,,8,,8667,,9,,9,,16,,28,,4,,48,,52,,68,,2667,,4271,,5333,,6178,,6592,,7747
84,"tour_montparnasse",,8,,7,,7,,6,,55,,48,,15,,2,,35,,4,,55,,55,,2526,,3111,,4667,,48,,55,,5126
85,"tower_bridge_london",,0,,5,,65,,6333,,6,,62,,0,,12,,44,,48,,48,,52,,0,,1935,,5248,,5461,,5333,,5656
86,"trafalgar_square",,4,,6,,5,,5333,,45,,44,,0909,,1818,,3182,,4091,,4545,,5,,1481,,2791,,3889,,463,,4523,,4681
87,"leaning_tower_of_pisa",,8,,5,,55,,5,,5,,46,,16,,2,,28,,36,,44,,44,,2667,,2857,,3711,,4186,,4681,,4498
88,"hermitage_museum_saint_petersburg",1,0,1,0,,8,,7333,,775,,82,,12,,24,,24,,36,,56,,6,,2143,,3871,,3692,,4829,,6502,,693
89,"jantar_mantar_jaipur",,8,,7,,75,,8333,,875,,88,,12,,24,,48,,56,,64,,76,,2087,,3574,,5854,,6699,,7393,,8156
90,"lake_titicaca_peru",,2,,5,,4,,4333,,475,,48,,0417,,1667,,25,,375,,4583,,5417,,069,,25,,3077,,4021,,4665,,509
91,"the_great_wall_of_china",,8,,9,,85,,8333,,875,,88,,12,,2,,32,,4,,56,,6,,2087,,3273,,465,,5405,,6829,,7135
92,"grande_arche_paris",,8,,8,,65,,6333,,625,,68,,16,,2,,28,,32,,32,,4,,2667,,32,,3914,,4252,,4233,,5037
93,"el_angel_mexico",1,0,1,0,,85,,7333,,65,,62,,1429,,2857,,4286,,5714,,619,,6667,,25,,4444,,5698,,6423,,6341,,6425
94,"bibliotheque_nationale_de_france",,2,,6,,7,,6667,,675,,7,,04,,08,,24,,4,,48,,48,,0667,,1412,,3574,,5,,561,,5695
95,"kronborg_castle",,8,,5,,7,,7,,675,,64,,1667,,2083,,4583,,5417,,5833,,5833,,2759,,2941,,554,,6107,,6258,,6104
96,"ajanta_caves",,8,,7,,8,,8667,,9,,92,,1364,,2273,,4091,,5,,5909,,6364,,233,,3431,,5414,,6341,,7134,,7523
97,"atomium",,8,,9,,95,,9667,,975,,96,,1429,,3333,,381,,4286,,4286,,4286,,2424,,4865,,5438,,5939,,5954,,5926
98,"ellora_caves",1,0,1,0,1,0,,9667,,95,,94,,1818,,1818,,3182,,4545,,5455,,5909,,3077,,3077,,4828,,6183,,693,,7257
99,"potala_palace",,8,,9,,95,,9,,9,,88,,1667,,2222,,2778,,4444,,4444,,5556,,2759,,3564,,4299,,595,,595,,6811
100,"jokhang",,8,,8,,8,,8667,,85,,84,,16,,28,,48,,6,,64,,68,,2667,,4148,,6,,7091,,7302,,7516
101,"rila_monastery",1,0,,8,,85,,8667,,9,,9,,12,,24,,4,,44,,44,,48,,2143,,3692,,544,,5837,,591,,6261
102,"louvre_pyramid",1,0,1,0,,95,,9333,,925,,94,,1111,,2222,,3889,,3889,,5,,6111,,2,,3636,,5519,,549,,6491,,7407
103,"brooklyn_bridge",,6,,8,,85,,8667,,875,,86,,0952,,1905,,3333,,381,,4286,,5238,,1644,,3077,,4789,,5293,,5753,,6511
104,"tower_of_london",,6,,7,,8,,8333,,775,,76,,087,,087,,2609,,3913,,4348,,5217,,1519,,1547,,3934,,5325,,5571,,6187
105,"british_museum_london",1,0,1,0,1,0,1,0,,975,,94,,1,,2,,35,,4,,45,,55,,1818,,3333,,5185,,5714,,6158,,694
106,"buckingham_palace",,0,,5,,5,,5,,4,,44,,0,,15,,25,,25,,3,,35,,0,,2308,,3333,,3333,,3429,,3899
107,"charles_bridge_prague",1,0,1,0,,9,,8,,675,,6,,0833,,2083,,2917,,3333,,375,,375,,1538,,3448,,4406,,4706,,4821,,4615
108,"champs_elysees_paris",,6,,6,,65,,6,,6,,66,,1333,,2,,2667,,4,,5333,,5333,,2182,,3,,3782,,48,,5647,,5899
109,"chrysler_building",1,0,1,0,1,0,1,0,1,0,1,0,,1429,,2857,,5,,6429,,8571,,9286,,25,,4444,,6667,,7826,,9231,,963
110,"moma_new_york",1,0,1,0,,95,,9,,9,,9,,1579,,2632,,4211,,4737,,5263,,5789,,2727,,4167,,5835,,6207,,6642,,7046
111,"grand_central_terminal",1,0,1,0,1,0,1,0,,975,,96,,0952,,1905,,2381,,2857,,3333,,5238,,1739,,32,,3846,,4444,,4968,,6778
112,"houses_of_parliament",1,0,1,0,1,0,1,0,1,0,1,0,,1304,,2174,,3043,,3913,,3913,,4348,,2308,,3571,,4667,,5625,,5625,,6061
113,"alexanderplatz_berlin",,0,,1,,35,,5333,,55,,6,,0,,04,,16,,24,,36,,44,,0,,0571,,2196,,331,,4352,,5077
114,"centre_pompidou",,8,,9,,8,,6667,,625,,62,,1667,,3333,,3889,,3889,,4444,,5,,2759,,4865,,5234,,4912,,5195,,5536
115,"sydney_harbour_bridge",1,0,1,0,1,0,1,0,1,0,1,0,,1875,,3125,,5,,5625,,5625,,5625,,3158,,4762,,6667,,72,,72,,72
116,"pier_39",1,0,1,0,1,0,,9333,,95,,9,,2381,,3333,,4762,,5714,,619,,6667,,3846,,5,,6452,,7089,,7496,,766
117,"coit_tower",,6,,7,,65,,6,,55,,58,,1333,,2,,3333,,3333,,4,,4667,,2182,,3111,,4407,,4286,,4632,,5172
118,"st_paul_s_cathedral_london",1,0,1,0,,95,,9,,875,,86,,2353,,2941,,5294,,6471,,7059,,8235,,381,,4545,,6799,,7529,,7814,,8414
119,"cloud_gate",,0,,3,,45,,5,,575,,58,,0,,25,,3333,,5,,5,,5,,0,,2727,,383,,5,,5349,,537
120,"musee_d_orsay",1,0,1,0,,8,,8667,,9,,92,,0952,,1905,,2857,,5714,,5714,,6667,,1739,,32,,4211,,6887,,699,,7731
121,"pike_place_market",1,0,1,0,,9,,8333,,825,,82,,1905,,2857,,4286,,5238,,5238,,5238,,32,,4444,,5806,,6433,,6408,,6393
122,"royal_palace_madrid",,6,,8,,85,,8667,,8,,78,,1364,,2727,,3636,,4091,,4545,,5455,,2222,,4068,,5094,,5558,,5797,,642
123,"sony_center_berlin",,8,,9,,95,,9667,,95,,94,,1429,,1905,,381,,4286,,5238,,5238,,2424,,3144,,5438,,5939,,6753,,6727
124,"red_square_moscow",,8,,7,,6,,6,,625,,7,,1429,,1905,,2857,,381,,4762,,619,,2424,,2995,,3871,,466,,5405,,657
125,"prague_castle",1,0,1,0,,95,,8667,,875,,84,,08,,24,,44,,56,,64,,64,,1481,,3871,,6014,,6804,,7393,,7265
126,"musee_du_louvre",1,0,1,0,1,0,1,0,1,0,,98,,2,,32,,36,,44,,6,,68,,3333,,4848,,5294,,6111,,75,,8029
127,"millennium_bridge_london",1,0,,8,,7,,7667,,775,,82,,2,,24,,36,,44,,44,,52,,3333,,3692,,4755,,5591,,5613,,6364
128,"casa_mila",1,0,1,0,1,0,,9667,,9,,9,,2,,28,,44,,48,,52,,68,,3333,,4375,,6111,,6415,,6592,,7747
129,"national_gallery_london",1,0,1,0,,85,,5667,,625,,68,,1818,,3182,,4091,,4091,,5455,,6364,,3077,,4828,,5523,,4752,,5825,,6575
130,"national_mall",1,0,1,0,,9,,8667,,9,,92,,2,,28,,52,,6,,64,,68,,3333,,4375,,6592,,7091,,7481,,782
131,"london_city_hall",1,0,1,0,,95,,9667,,925,,92,,15,,35,,5,,6,,6,,6,,2609,,5185,,6552,,7404,,7279,,7263
132,"holocaust_memorial",,8,,9,,8,,7333,,725,,7,,125,,25,,4375,,5,,625,,625,,2162,,3913,,5657,,5946,,6713,,6604
133,"columbus_circle",,4,,7,,75,,7,,675,,6,,08,,24,,48,,6,,64,,68,,1333,,3574,,5854,,6462,,657,,6375
134,"siegessaeule",1,0,1,0,1,0,,8333,,8,,68,,16,,24,,44,,56,,72,,72,,2759,,3871,,6111,,6699,,7579,,6994
135,"jardin_du_luxembourg",1,0,1,0,1,0,1,0,1,0,1,0,,12,,24,,44,,64,,8,,8,,2143,,3871,,6111,,7805,,8889,,8889
136,"merlion_singapore",,0,,1,,15,,1667,,175,,18,,0,,0455,,1364,,2273,,2727,,3636,,0,,0625,,1429,,1923,,2132,,2408
137,"harrods_london",1,0,1,0,1,0,,9333,,775,,78,,16,,24,,48,,56,,6,,64,,2759,,3871,,6486,,7,,6764,,7031
138,"metropolitan_museum_of_art_new_york",1,0,1,0,1,0,,9667,,95,,94,,2,,28,,4,,56,,56,,6,,3333,,4375,,5714,,7092,,7046,,7325
139,"new_york_stock_exchange",,8,,9,,9,,8667,,75,,66,,2,,3,,4,,4,,45,,5,,32,,45,,5538,,5474,,5625,,569
140,"stephansdom_vienna",1,0,1,0,1,0,1,0,1,0,1,0,,12,,28,,48,,56,,6,,68,,2143,,4375,,6486,,7179,,75,,8095
141,"hms_belfast",1,0,1,0,1,0,1,0,1,0,,96,,12,,2,,32,,44,,52,,56,,2143,,3333,,4848,,6111,,6842,,7074
142,"leicester_square",1,0,,9,,8,,8333,,85,,8,,12,,16,,24,,44,,44,,48,,2143,,2717,,3692,,5759,,5798,,6
143,"ciudad_de_las_artes_y_las_ciencias",,8,,9,,95,,9,,9,,92,,16,,28,,44,,48,,56,,6,,2667,,4271,,6014,,6261,,6904,,7263
144,"topkapi_palace",1,0,1,0,,95,,9667,,975,,96,,2,,28,,4,,48,,6,,64,,3333,,4375,,563,,6415,,7429,,768
145,"royal_albert_hall",1,0,1,0,,95,,7333,,75,,76,,12,,2,,4,,4,,44,,48,,2143,,3333,,563,,5176,,5546,,5884
146,"st_vitus_cathedral",1,0,1,0,1,0,1,0,,975,,96,,2,,28,,48,,56,,56,,6,,3333,,4375,,6486,,7179,,7114,,7385
147,"castello_sforzesco",1,0,1,0,,85,,8667,,875,,9,,12,,24,,32,,44,,52,,52,,2143,,3871,,465,,5837,,6523,,6592
148,"rijksmuseum_amsterdam",1,0,1,0,1,0,1,0,1,0,1,0,,12,,12,,16,,36,,44,,6,,2143,,2143,,2759,,5294,,6111,,75
149,"dam_square",,8,,8,,8,,7,,75,,7,,16,,24,,36,,36,,4,,44,,2667,,3692,,4966,,4755,,5217,,5404
150,"rathaus_vienna",1,0,1,0,,85,,9,,8,,7,,16,,16,,16,,24,,28,,36,,2759,,2759,,2693,,3789,,4148,,4755
151,"bath_abbey",1,0,1,0,,95,,9667,,975,,98,,2,,32,,4,,44,,56,,64,,3333,,4848,,563,,6047,,7114,,7743
152,"salisbury_cathedral",1,0,1,0,1,0,1,0,1,0,1,0,,12,,12,,32,,44,,48,,52,,2143,,2143,,4848,,6111,,6486,,6842
153,"templo_de_debod",,0,,3,,25,,3,,325,,46,,0,,0909,,1364,,2273,,3182,,3182,,0,,1395,,1765,,2586,,3216,,3762
154,"Niagara_Falls",,6,,6,,6,,6,,625,,56,,1364,,1818,,3636,,3636,,4091,,4545,,2222,,2791,,4528,,4528,,4945,,5018
155,"Golden_Gate_Bridge_in_San_Francisco",,8,,8,,9,,9333,,95,,94,,1364,,2273,,5,,5,,5909,,6364,,233,,354,,6429,,6512,,7286,,7589
156,"Neuschwanstein_Castle",1,0,1,0,1,0,1,0,,975,,98,,12,,2,,4,,64,,68,,68,,2143,,3333,,5714,,7805,,8012,,8029
157,"Christ_Church_Cathedral_Missouri",1,0,1,0,1,0,1,0,1,0,1,0,,16,,32,,48,,56,,56,,6,,2759,,4848,,6486,,7179,,7179,,75
158,"Mount_Rushmore_in_South_Dakota",,8,,8,,9,,9333,,95,,96,,12,,16,,36,,4,,64,,64,,2087,,2667,,5143,,56,,7648,,768
159,"Puerta_de_Toledo",,6,,3,,15,,1,,075,,06,1,0,1,0,1,0,1,0,1,0,1,0,,75,,4615,,2609,,1818,,1395,,1132
160,"Urquhart_Castle",1,0,,9,,8,,8333,,875,,82,,1667,,2083,,4583,,5833,,625,,6667,,2857,,3383,,5828,,6863,,7292,,7354
161,"Gare_du_Nord_Paris",,8,,7,,75,,7667,,825,,86,,16,,2,,28,,32,,32,,32,,2667,,3111,,4078,,4515,,4611,,4664
162,"Newgrange_in_Ireland",,8,,7,,65,,6333,,65,,66,,125,,2083,,375,,375,,4167,,5417,,2162,,3211,,4756,,4711,,5078,,595
163,"Windmills_at_Kinderdijk",1,0,1,0,,95,,8667,,825,,84,,16,,24,,36,,4,,52,,56,,2759,,3871,,5221,,5474,,6379,,672
164,"Conciergerie",1,0,1,0,1,0,1,0,,975,,98,,2,,24,,44,,64,,64,,72,,3333,,3871,,6111,,7805,,7728,,8301
165,"Palazzo_Madama",1,0,1,0,,85,,8,,8,,74,,2273,,4091,,5455,,5909,,6364,,6818,,3704,,5806,,6645,,6797,,7089,,7097
166,"Split_Rock_Lighthouse",1,0,1,0,,9,,9,,875,,88,,12,,2,,36,,4,,4,,4,,2143,,3333,,5143,,5538,,549,,55
167,"The_Little_Mermaid_Denmark",1,0,1,0,,95,,9667,,95,,92,,2143,,3571,,5,,7857,,8571,,9286,,3529,,5263,,6552,,8668,,9012,,9243
168,"Great_Pyramid_of_Giza",,6,,7,,65,,6,,625,,66,,2,,4,,4667,,5333,,6,,7333,,3,,5091,,5433,,5647,,6122,,6947
169,"Pitti_Palace",,8,,8,,85,,9,,9,,84,,1364,,2273,,4091,,5455,,5455,,5455,,233,,354,,5523,,6792,,6792,,6614
170,"Georgia_State_Capitol",1,0,1,0,,9,,6,,475,,38,,1579,,2105,,2632,,2632,,2632,,2632,,2727,,3478,,4072,,3659,,3387,,311
171,"Dome_des_Invalides",1,0,1,0,1,0,,9667,,975,,98,,16,,28,,4,,44,,44,,44,,2759,,4375,,5714,,6047,,6064,,6073
172,"Reggia_di_Caserta",1,0,,7,,55,,4667,,525,,52,,16,,24,,36,,44,,52,,52,,2759,,3574,,4352,,4529,,5225,,52
173,"The_Burj_al_Arab_Hotel",,8,,8,,9,,9,,875,,82,,08,,24,,4,,48,,48,,48,,1455,,3692,,5538,,6261,,6199,,6055
174,"Elephanta_Caves",1,0,1,0,1,0,1,0,1,0,,98,,1667,,25,,5,,625,,6667,,7083,,2857,,4,,6667,,7692,,8,,8223
175,"Basilica_of_Santa_Croce",1,0,1,0,1,0,1,0,1,0,1,0,,12,,2,,4,,52,,64,,64,,2143,,3333,,5714,,6842,,7805,,7805
176,"Aachen_Cathedral",1,0,1,0,,95,,9,,9,,92,,16,,24,,36,,48,,56,,56,,2759,,3871,,5221,,6261,,6904,,6962
177,"Monument_to_the_Great_Fire_of_London",1,0,,7,,55,,5,,425,,48,,2,,2,,36,,4,,44,,52,,3333,,3111,,4352,,4444,,4324,,4992
178,"Longmen_Grottoes",,6,,7,,5,,5333,,5,,52,,12,,28,,32,,44,,52,,64,,2,,4,,3902,,4822,,5098,,5738
179,"Louisiana_State_Capitol",,6,,3,,2,,1667,,15,,22,,12,,12,,12,,12,,16,,28,,2,,1714,,15,,1395,,1548,,2464
180,"The_Great_Sphinx_at_Giza",1,0,1,0,,9,,8667,,85,,88,,12,,24,,36,,36,,56,,64,,2143,,3871,,5143,,5087,,6752,,7411
181,"Teatro_Real_Madrid",1,0,1,0,1,0,,9333,,825,,68,,1739,,3043,,5217,,7391,,7826,,7826,,2963,,4667,,6857,,825,,8032,,7277
182,"Palacio_de_la_Magdalena",,4,,7,,8,,8333,,8,,82,,08,,24,,36,,44,,52,,68,,1333,,3574,,4966,,5759,,6303,,7435
183,"Sowjetisches_Ehrenmal",,6,,3,,45,,5667,,675,,72,,12,,12,,28,,48,,52,,68,,2,,1714,,3452,,5197,,5874,,6994
184,"Cathedral_of_Trier",1,0,1,0,1,0,,9333,,95,,92,,2,,32,,44,,52,,6,,76,,3333,,4848,,6111,,6679,,7355,,8324
185,"Saint_Mary_of_the_Flower",,2,,2,,15,,1333,,125,,1,,04,,08,,08,,12,,16,,16,,0667,,1143,,1043,,1263,,1404,,1231
186,"Skellig_Michael",,8,,8,,7,,7333,,725,,66,,16,,28,,44,,56,,6,,6,,2667,,4148,,5404,,6351,,6566,,6286
187,"Chicago_Board_of_Trade_Building",1,0,1,0,,95,,8667,,85,,88,,1364,,2727,,3636,,4091,,5909,,7273,,24,,4286,,526,,5558,,6972,,7964
188,"Pont_de_Normandie_France",1,0,1,0,1,0,1,0,,975,,98,,1579,,3158,,4211,,5789,,7368,,8421,,2727,,48,,5926,,7333,,8394,,9058
189,"Palazzo_Rosso",,0,,0,,0,,0667,,075,,08,,0,,0,,0,,0833,,125,,125,,0,,0,,0,,0741,,0937,,0976
190,"Piazza_Vittorio_Veneto",1,0,1,0,,75,,5333,,425,,38,,1875,,375,,5,,5,,5625,,5625,,3158,,5455,,6,,5161,,4842,,4536
191,"Sforza_Castle",1,0,,8,,9,,9333,,95,,96,,2,,32,,52,,64,,64,,72,,3333,,4571,,6592,,7593,,7648,,8229
192,"Torres_KIO",,8,,9,,9,,9,,925,,94,,16,,28,,32,,36,,48,,56,,2667,,4271,,4721,,5143,,632,,7019
193,"Torre_Picasso",1,0,1,0,1,0,,9333,,8,,66,,1667,,2917,,5,,625,,6667,,6667,,2857,,4516,,6667,,7487,,7273,,6633
194,"The_Palace_of_Parliament_in_Bucharest",1,0,1,0,,95,,9667,,95,,96,,12,,24,,28,,28,,4,,68,,2143,,3871,,4325,,4342,,563,,7961
195,"Ernest_Hemingway_House",,8,,9,,85,,8,,8,,76,,16,,28,,52,,56,,56,,64,,2667,,4271,,6453,,6588,,6588,,6949
196,"Castel_dellOvo_Napoli",,8,,8,,85,,9,,925,,92,,16,,28,,48,,6,,72,,76,,2667,,4148,,6135,,72,,8097,,8324
197,"Villa_Borghese_gardens",1,0,1,0,1,0,1,0,1,0,1,0,,2,,32,,52,,68,,84,,84,,3333,,4848,,6842,,8095,,913,,913
198,"Saint_Marks_Basilica",1,0,1,0,1,0,1,0,1,0,1,0,,12,,24,,4,,4,,4,,4,,2143,,3871,,5714,,5714,,5714,,5714
199,"Mausoleum_of_the_First_Qin_Emperor",1,0,,9,,75,,8,,8,,8,,16,,24,,32,,4,,44,,52,,2759,,3789,,4486,,5333,,5677,,6303
200,"Mausoleum_of_Hadrian",1,0,,9,,9,,9333,,925,,9,,1667,,2778,,4444,,5,,6111,,6111,,2857,,4245,,595,,6512,,736,,7279
201,"Piazza_de_Ferrari",1,0,1,0,1,0,,9667,,95,,94,,1579,,3158,,4737,,4737,,4737,,5263,,2727,,48,,6429,,6358,,6322,,6748
202,"George_Washington_Carver",,2,,6,,7,,7333,,7,,7,,0625,,1875,,3125,,4375,,5,,625,,0952,,2857,,4321,,548,,5833,,6604
203,"Cathedral_of_Santiago_de_Compostela",1,0,1,0,1,0,,9667,,85,,84,,1765,,2941,,4118,,7647,,7647,,7647,,3,,4545,,5833,,8539,,8051,,8006
204,"Saint-Jacques_Tower",,8,,9,,85,,8333,,775,,74,,2308,,3077,,3077,,3077,,3846,,4615,,3582,,4586,,4518,,4494,,5141,,5685
205,"Calakmul_Campeche_Mexico",1,0,1,0,,9,,9,,9,,88,,2143,,2857,,3571,,5,,6429,,7143,,3529,,4444,,5114,,6429,,75,,7885
206,"Bran_Castle_in_Transylvania",1,0,,9,,85,,9,,9,,9,,1579,,2632,,3158,,4211,,5263,,6842,,2727,,4072,,4605,,5737,,6642,,7774
207,"Mosteiro_da_Batalha",1,0,1,0,1,0,1,0,1,0,1,0,,2632,,3158,,4737,,6316,,7368,,7368,,4167,,48,,6429,,7742,,8485,,8485
208,"Wartburg_Castle",1,0,,9,,95,,9333,,9,,92,,2,,3,,5,,6,,75,,75,,3333,,45,,6552,,7304,,8182,,8263
209,"Fujian_Tulou_Fujian_China",1,0,1,0,1,0,1,0,,975,,98,,1667,,2778,,3889,,6111,,7222,,7222,,2857,,4348,,56,,7586,,8298,,8316
210,"Alabama_State_Capitol",,4,,4,,6,,7,,725,,76,,0952,,1905,,5238,,6667,,7143,,8095,,1538,,2581,,5593,,6829,,7196,,784
211,"Palazzo_dAccursio",1,0,1,0,1,0,,9,,875,,9,,1667,,2222,,3333,,4444,,4444,,6111,,2857,,3636,,5,,595,,5895,,7279
212,"Casa_Grande_Ruins",,8,,8,,8,,8,,85,,84,,1765,,2353,,3529,,4118,,4706,,4706,,2892,,3636,,4898,,5437,,6058,,6032
213,"Stravinsky_Fountain",1,0,1,0,1,0,,9667,,975,,96,,2,,2667,,4667,,4667,,5333,,6,,3333,,4211,,6364,,6295,,6895,,7385
214,"Angel_Falls_Venezuela",,8,,6,,55,,6,,6,,56,,1765,,2353,,3529,,4706,,5294,,6471,,2892,,338,,43,,5275,,5625,,6004
215,"Statue_of_George_IV",1,0,,7,,6,,5333,,5,,48,,375,,5,,625,,625,,75,,875,,5455,,5833,,6122,,5755,,6,,6199
216,"Palacio_Barolo",,6,,7,,8,,8667,,9,,92,,1765,,2353,,4118,,5882,,5882,,5882,,2727,,3522,,5437,,7008,,7115,,7176
217,"Bridge_of_Remembrance_Christchurch_New_Zealand",1,0,1,0,1,0,,9667,,925,,8,,3333,,4167,,9167,,9167,1,0,1,0,,5,,5882,,9565,,941,,961,,8889
218,"John_A._Roebling_Suspension_Bridge",,4,,2,,35,,4667,,425,,42,,1333,,1333,,3333,,6,,6667,,7333,,2,,16,,3415,,525,,5191,,5341
219,"Blue_Dome_Santorini",1,0,,9,,9,,9333,,95,,96,,3125,,375,,4375,,625,,6875,,75,,4762,,5294,,5888,,7487,,7977,,8421
220,"Fossar_de_les_Moreres",,4,,6,,5,,4333,,5,,48,,1429,,3571,,5,,5714,,7143,,7143,,2105,,4478,,5,,4929,,5882,,5742
221,"Luxor_Obelisk_France",,8,,8,,8,,7,,65,,68,,125,,1875,,25,,375,,4375,,4375,,2162,,3038,,381,,4884,,523,,5324
222,"Valle_de_los_Caidos",1,0,1,0,,9,,9,,875,,88,,15,,35,,5,,55,,6,,65,,2609,,5185,,6429,,6828,,7119,,7477
--------------------
"--","Avg.",P@5,P@10,P@20,P@30,P@40,P@50,CR@5,CR@10,CR@20,CR@30,CR@40,CR@50,F1@5,F1@10,F1@20,F1@30,F1@40,F1@50
,,,8198,,8212,,7986,,7872,,7782,,773,,147,,2385,,3783,,474,,5401,,5961,,2432,,3609,,5014,,5784,,623,,6575