--------------------
"Run name","output_runGABORSumSquaredError"
--------------------
"Average P@20 = ",,7896
"Average CR@20 = ",,4041
"Average F1@20 = ",,5243
--------------------
"Query Id ","Location name",P@5,P@10,P@20,P@30,P@40,P@50,CR@5,CR@10,CR@20,CR@30,CR@40,CR@50,F1@5,F1@10,F1@20,F1@30,F1@40,F1@50
1,"angel_of_the_north",1,0,1,0,1,0,1,0,1,0,1,0,,12,,28,,48,,6,,68,,72,,2143,,4375,,6486,,75,,8095,,8372
2,"big_ben",1,0,1,0,,95,,9667,,95,,88,,2273,,3182,,4545,,5,,5455,,5455,,3704,,4828,,6149,,6591,,693,,6735
3,"hearst_castle",1,0,1,0,,95,,9667,,95,,94,,2083,,375,,625,,6667,,75,,8333,,3448,,5455,,754,,7891,,8382,,8835
4,"la_madeleine",,2,,2,,45,,4333,,475,,42,,0714,,1429,,4286,,5714,,6429,,7143,,1053,,1667,,439,,4929,,5463,,529
5,"pont_alexandre_iii",1,0,1,0,1,0,1,0,1,0,,98,,2,,24,,4,,44,,56,,64,,3333,,3871,,5714,,6111,,7179,,7743
6,"neues_museum",,0,,1,,2,,2333,,325,,42,,0,,04,,16,,28,,36,,52,,0,,0571,,1778,,2545,,3416,,4647
7,"montezuma_castle",,2,,4,,6,,5667,,55,,62,,0833,,3333,,5833,,75,,75,,8333,,1176,,3636,,5915,,6456,,6346,,711
8,"cn_tower",,6,,6,,6,,6333,,675,,66,,125,,1667,,2917,,5,,6667,,7083,,2069,,2609,,3925,,5588,,6708,,6833
9,"acropolis_athens",,8,,9,,9,,9,,875,,86,,1905,,2857,,4762,,4762,,5238,,5714,,3077,,4337,,6228,,6228,,6553,,6866
10,"agra_fort",1,0,,9,,9,,8667,,85,,84,,2,,28,,48,,6,,68,,72,,3333,,4271,,6261,,7091,,7556,,7754
11,"albert_memorial",,8,,7,,65,,6333,,675,,72,,0909,,0909,,2727,,2727,,3636,,4545,,1633,,1609,,3842,,3813,,4726,,5573
12,"altes_museum",,6,,7,,6,,6333,,625,,6,,0833,,1667,,3333,,5833,,6667,,7083,,1463,,2692,,4286,,6073,,6452,,6497
13,"amiens_cathedral",,8,,8,,9,,9333,,95,,96,,12,,24,,48,,64,,68,,8,,2087,,3692,,6261,,7593,,7926,,8727
14,"angkor_wat",1,0,,9,,9,,8333,,825,,82,,16,,24,,44,,56,,64,,72,,2759,,3789,,591,,6699,,7208,,7668
15,"ara_pacis",,8,,9,,75,,7333,,7,,7,,1818,,3182,,4545,,6364,,6818,,7273,,2963,,4701,,566,,6814,,6908,,7134
16,"arc_de_triomphe",1,0,,8,,8,,7667,,775,,76,,2083,,25,,3333,,5417,,5833,,625,,3448,,381,,4706,,6348,,6656,,6859
17,"aztec_ruins",,0,,0,,05,,1333,,175,,24,,0,,0,,04,,12,,24,,36,,0,,0,,0444,,1263,,2024,,288
18,"berlin_cathedral",,8,,9,,9,,9333,,95,,94,,16,,32,,48,,56,,68,,72,,2667,,4721,,6261,,7,,7926,,8154
19,"bok_tower_gardens",1,0,1,0,,9,,8667,,85,,88,,2,,32,,44,,64,,72,,76,,3333,,4848,,591,,7363,,7796,,8156
20,"brandenburg_gate",1,0,1,0,1,0,1,0,1,0,1,0,,2,,24,,36,,44,,56,,6,,3333,,3871,,5294,,6111,,7179,,75
21,"cabrillo",,0,,1,,1,,2,,175,,14,,0,,0769,,1538,,3846,,4615,,4615,,0,,087,,1212,,2632,,2538,,2148
22,"casa_batllo",1,0,1,0,1,0,,9667,,975,,98,,16,,28,,4,,52,,72,,8,,2759,,4375,,5714,,6762,,8283,,8809
23,"casa_rosada",,8,,9,,9,,9333,,925,,94,,08,,2,,36,,48,,6,,72,,1455,,3273,,5143,,634,,7279,,8154
24,"castillo_de_san_marcos",1,0,,9,,8,,7667,,7,,68,,16,,24,,36,,44,,56,,6,,2759,,3789,,4966,,5591,,6222,,6375
25,"chartres_cathedral",1,0,1,0,1,0,,9667,,95,,94,,12,,2,,44,,64,,72,,76,,2143,,3333,,6111,,7701,,8192,,8405
26,"chichen_itza",1,0,,9,,9,,8667,,9,,86,,16,,28,,44,,6,,64,,68,,2759,,4271,,591,,7091,,7481,,7595
27,"christ_the_redeemer_rio",,8,,7,,6,,5333,,6,,58,,1739,,2174,,3478,,3478,,4783,,5217,,2857,,3318,,4404,,4211,,5323,,5493
28,"civic_center_san_francisco",,6,,8,,8,,8333,,775,,68,,12,,28,,36,,48,,52,,56,,2,,4148,,4966,,6091,,6224,,6142
29,"cologne_cathedral",1,0,1,0,1,0,,9667,,95,,94,,2,,28,,44,,52,,6,,68,,3333,,4375,,6111,,6762,,7355,,7891
30,"colosseum",1,0,1,0,1,0,1,0,,975,,94,,16,,28,,48,,52,,56,,64,,2759,,4375,,6486,,6842,,7114,,7615
31,"doge_s_palace",1,0,,9,,85,,8333,,875,,84,,16,,2,,36,,48,,48,,52,,2759,,3273,,5058,,6091,,6199,,6424
32,"eiffel_tower",1,0,1,0,1,0,1,0,,975,,96,,16,,2,,32,,4,,4,,52,,2759,,3333,,4848,,5714,,5673,,6746
33,"golden_gate_bridge",1,0,,9,,75,,7667,,8,,82,,2174,,3043,,4348,,4348,,6087,,6087,,3571,,4549,,5505,,5549,,6914,,6987
34,"grand_palais",,6,,8,,85,,9,,925,,94,,0909,,2273,,4091,,5,,5909,,6364,,1579,,354,,5523,,6429,,7211,,7589
35,"guggenheim_museum_bilbao",1,0,1,0,1,0,1,0,1,0,,98,,16,,32,,48,,52,,56,,56,,2759,,4848,,6486,,6842,,7179,,7127
36,"hagia_sophia_istanbul",1,0,1,0,,95,,9667,,975,,96,,12,,2,,32,,52,,56,,68,,2143,,3333,,4787,,6762,,7114,,7961
37,"hoover_dam",1,0,1,0,,9,,9,,925,,94,,08,,2,,36,,52,,6,,64,,1481,,3333,,5143,,6592,,7279,,7615
38,"humayun_tomb",,4,,5,,6,,6667,,675,,7,,08,,16,,36,,4,,44,,52,,1333,,2424,,45,,5,,5327,,5967
39,"iguazu_falls",,8,,8,,8,,8333,,875,,82,,12,,2,,36,,48,,6,,64,,2087,,32,,4966,,6091,,7119,,7189
40,"iolani_palace",,8,,9,,8,,7667,,7,,68,,12,,24,,36,,48,,56,,68,,2087,,3789,,4966,,5904,,6222,,68
41,"la_mezquita",1,0,,9,,9,,8,,65,,64,,2083,,3333,,4583,,5,,5,,5417,,3448,,4865,,6074,,6154,,5652,,5867
42,"la_rambla_barcelona",,8,,9,,9,,9333,,925,,94,,16,,28,,4,,44,,48,,56,,2667,,4271,,5538,,5981,,632,,7019
43,"la_sainte_chapelle",1,0,,9,,95,,9333,,95,,96,,16,,28,,4,,56,,6,,68,,2759,,4271,,563,,7,,7355,,7961
44,"liberty_memorial",,4,,4,,6,,6,,6,,58,,08,,12,,36,,52,,56,,56,,1333,,1846,,45,,5571,,5793,,5698
45,"lincoln_home",1,0,,9,,8,,8667,,85,,88,,2778,,3889,,4444,,7222,,8333,,8889,,4348,,5431,,5714,,7879,,8416,,8844
46,"machu_picchu",,8,,8,,75,,7,,75,,76,,16,,28,,4,,52,,6,,68,,2667,,4148,,5217,,5967,,6667,,7178
47,"marble_arch_london",1,0,,8,,55,,5,,425,,38,,3333,,4167,,5,,5833,,6667,,75,,5,,5479,,5238,,5385,,5191,,5044
48,"milan_cathedral",1,0,,9,,95,,9,,925,,88,,12,,28,,44,,48,,64,,64,,2143,,4271,,6014,,6261,,7565,,7411
49,"mole_antonelliana",1,0,1,0,,85,,7333,,725,,72,,12,,2,,32,,4,,56,,6,,2143,,3333,,465,,5176,,6319,,6545
50,"mont_saint_michel",1,0,1,0,1,0,,9667,,95,,94,,16,,32,,52,,56,,68,,68,,2759,,4848,,6842,,7092,,7926,,7891
51,"moulin_rouge",,0,,0,,05,,0333,,05,,12,,0,,0,,125,,125,,25,,625,,0,,0,,0714,,0526,,0833,,2013
52,"nelson_s_column",1,0,,9,,95,,9667,,975,,96,,125,,2083,,375,,4167,,4583,,625,,2222,,3383,,5377,,5823,,6235,,7571
53,"notre_dame_de_paris",,8,,9,,8,,8333,,85,,84,,12,,24,,44,,52,,6,,64,,2087,,3789,,5677,,6404,,7034,,7265
54,"obelisco",,2,,1,,1,,0667,,15,,18,,0909,,0909,,1818,,1818,,4545,,4545,,125,,0952,,129,,0976,,2256,,2579
55,"piccadilly_circus",,8,,7,,7,,7667,,825,,8,,1739,,2174,,3913,,5217,,5217,,6522,,2857,,3318,,502,,6209,,6392,,7186
56,"place_de_la_concorde",1,0,1,0,1,0,1,0,,975,,98,,16,,24,,32,,48,,56,,56,,2759,,3871,,4848,,6486,,7114,,7127
57,"place_de_la_republique",,2,,1,,2,,1333,,2,,2,,125,,125,,375,,375,,75,,75,,1538,,1111,,2609,,1967,,3158,,3158
58,"place_des_vosges",,6,,8,,85,,8667,,875,,82,,08,,16,,4,,52,,6,,64,,1412,,2667,,544,,65,,7119,,7189
59,"pont_du_gard",,6,,8,,8,,7667,,8,,8,,12,,28,,4,,44,,56,,56,,2,,4148,,5333,,5591,,6588,,6588
60,"pont_neuf",1,0,,9,,75,,7667,,775,,76,,16,,28,,36,,52,,6,,64,,2759,,4271,,4865,,6197,,6764,,6949
61,"ponte_vecchio",,8,,6,,75,,8,,775,,8,,1667,,1667,,375,,4167,,5833,,6667,,2759,,2609,,5,,5479,,6656,,7273
62,"puerta_de_alcala",,6,,5,,6,,5667,,6,,62,,1579,,2632,,4211,,5789,,6316,,6842,,25,,3448,,4948,,5727,,6154,,6505
63,"puerta_del_sol",,8,,9,,55,,5,,4,,34,,15,,25,,3,,4,,4,,4,,2526,,3913,,3882,,4444,,4,,3676
64,"red_fort",1,0,1,0,1,0,1,0,1,0,1,0,,16,,32,,52,,6,,68,,72,,2759,,4848,,6842,,75,,8095,,8372
65,"reims_cathedral",1,0,1,0,,95,,9667,,925,,94,,16,,32,,4,,56,,56,,6,,2759,,4848,,563,,7092,,6976,,7325
66,"rialto_bridge",,8,,9,,85,,7,,675,,64,,25,,375,,4375,,5625,,625,,625,,381,,5294,,5777,,6238,,649,,6324
67,"roman_forum_rome",,8,,8,,65,,7,,675,,62,,16,,24,,32,,44,,56,,6,,2667,,3692,,4289,,5404,,6121,,6098
68,"sacre_coeur",,4,,4,,55,,6,,525,,58,,0833,,125,,3333,,5,,5,,5,,1379,,1905,,4151,,5455,,5122,,537
69,"sagrada_familia",,8,,9,,9,,9333,,925,,94,,16,,28,,44,,56,,6,,68,,2667,,4271,,591,,7,,7279,,7891
70,"santa_maria_novella",,4,,5,,65,,6,,55,,56,,08,,16,,44,,48,,56,,6,,1333,,2424,,5248,,5333,,555,,5793
71,"schonbrunn_palace",1,0,1,0,1,0,1,0,1,0,1,0,,2,,32,,44,,48,,56,,6,,3333,,4848,,6111,,6486,,7179,,75
72,"seville_cathedral",,4,,7,,8,,8667,,9,,9,,08,,24,,4,,56,,64,,68,,1333,,3574,,5333,,6804,,7481,,7747
73,"spanish_steps",,8,,6,,6,,6333,,625,,64,,1364,,1364,,2727,,3636,,4091,,6364,,233,,2222,,375,,462,,4945,,6382
74,"st__basil_cathedral",1,0,1,0,,95,,9333,,925,,92,,2,,32,,48,,56,,64,,68,,3333,,4848,,6378,,7,,7565,,782
75,"statue_of_liberty",,8,,9,,9,,8667,,875,,8,,12,,2,,36,,48,,52,,52,,2087,,3273,,5143,,6178,,6523,,6303
76,"stonehenge",,4,,5,,6,,5667,,6,,6,,1053,,2105,,2632,,4211,,5263,,5263,,1667,,2963,,3659,,4831,,5607,,5607
77,"summer_palace_beijing",1,0,1,0,,95,,9,,875,,88,,12,,24,,32,,48,,52,,64,,2143,,3871,,4787,,6261,,6523,,7411
78,"sydney_opera_house",1,0,1,0,,95,,9667,,95,,9,,16,,28,,44,,44,,52,,64,,2759,,4375,,6014,,6047,,6721,,7481
79,"teotihuacan",,8,,6,,7,,6,,55,,62,,16,,24,,48,,48,,56,,64,,2667,,3429,,5695,,5333,,555,,6298
80,"terracotta_army",,6,,6,,55,,5333,,45,,46,,15,,3,,45,,45,,5,,6,,24,,4,,495,,4881,,4737,,5208
81,"the_blue_mosque",,8,,9,,85,,8667,,875,,9,,12,,24,,4,,48,,6,,6,,2087,,3789,,544,,6178,,7119,,72
82,"the_henry_ford",,8,,8,,75,,7,,7,,72,,16,,28,,4,,52,,64,,68,,2667,,4148,,5217,,5967,,6687,,6994
83,"taj_mahal",,8,,8,,85,,8667,,875,,9,,16,,28,,44,,56,,64,,72,,2667,,4148,,5798,,6804,,7393,,8
84,"tour_montparnasse",,2,,4,,65,,6,,5,,44,,05,,1,,4,,5,,5,,55,,08,,16,,4952,,5455,,5,,4889
85,"tower_bridge_london",,8,,7,,65,,6667,,65,,6,,16,,24,,32,,4,,52,,56,,2667,,3574,,4289,,5,,5778,,5793
86,"trafalgar_square",,6,,5,,45,,4333,,5,,46,,1364,,1364,,2727,,3636,,5,,5455,,2222,,2143,,3396,,3954,,5,,4991
87,"leaning_tower_of_pisa",,6,,6,,6,,5,,5,,52,,12,,2,,32,,36,,44,,48,,2,,3,,4174,,4186,,4681,,4992
88,"hermitage_museum_saint_petersburg",1,0,,9,,85,,8667,,875,,9,,16,,2,,28,,44,,52,,64,,2759,,3273,,4212,,5837,,6523,,7481
89,"jantar_mantar_jaipur",1,0,,7,,8,,8333,,825,,8,,2,,28,,48,,6,,72,,76,,3333,,4,,6,,6977,,7689,,7795
90,"lake_titicaca_peru",,6,,4,,35,,4667,,5,,54,,125,,125,,2083,,4167,,5,,6667,,2069,,1905,,2612,,4403,,5,,5967
91,"the_great_wall_of_china",1,0,,7,,7,,7333,,775,,76,,16,,24,,36,,48,,56,,6,,2759,,3574,,4755,,5802,,6502,,6706
92,"grande_arche_paris",,6,,6,,65,,6667,,6,,6,,08,,16,,28,,4,,48,,52,,1412,,2526,,3914,,5,,5333,,5571
93,"el_angel_mexico",,8,,8,,65,,7,,65,,62,,1429,,2857,,381,,5714,,7143,,8095,,2424,,4211,,4804,,6292,,6806,,7022
94,"bibliotheque_nationale_de_france",,6,,5,,6,,7,,675,,74,,08,,08,,24,,36,,44,,52,,1412,,1379,,3429,,4755,,5327,,6108
95,"kronborg_castle",,8,,6,,7,,7667,,8,,7,,125,,1667,,375,,4583,,5833,,5833,,2162,,2609,,4884,,5737,,6747,,6364
96,"ajanta_caves",,6,,7,,8,,8667,,875,,9,,0909,,2273,,5,,5455,,5909,,5909,,1579,,3431,,6154,,6695,,7054,,7134
97,"atomium",,8,,9,,95,,9333,,925,,9,,1429,,1905,,3333,,4286,,4762,,5238,,2424,,3144,,4935,,5874,,6287,,6622
98,"ellora_caves",1,0,1,0,1,0,1,0,,975,,96,,1364,,3182,,5,,5,,5455,,5909,,24,,4828,,6667,,6667,,6996,,7315
99,"potala_palace",,8,,9,,8,,8667,,85,,86,,1667,,2778,,4444,,5,,6111,,7778,,2759,,4245,,5714,,6341,,711,,8168
100,"jokhang",1,0,,9,,9,,8333,,875,,88,,16,,24,,4,,52,,64,,76,,2759,,3789,,5538,,6404,,7393,,8156
101,"rila_monastery",,6,,8,,8,,8333,,875,,9,,12,,16,,28,,36,,48,,52,,2,,2667,,4148,,5028,,6199,,6592
102,"louvre_pyramid",1,0,1,0,,9,,9,,925,,92,,2222,,2778,,4444,,4444,,5556,,6111,,3636,,4348,,595,,595,,6942,,7344
103,"brooklyn_bridge",1,0,1,0,,9,,9,,85,,82,,0952,,1905,,2857,,4286,,5238,,5238,,1739,,32,,4337,,5806,,6482,,6393
104,"tower_of_london",,6,,7,,7,,7,,75,,74,,087,,1304,,3478,,4783,,5217,,6087,,1519,,2199,,4647,,5683,,6154,,668
105,"british_museum_london",1,0,1,0,1,0,1,0,1,0,,98,,1,,2,,4,,45,,5,,55,,1818,,3333,,5714,,6207,,6667,,7046
106,"buckingham_palace",,6,,6,,5,,4333,,375,,38,,1,,15,,2,,25,,25,,3,,1714,,24,,2857,,3171,,3,,3353
107,"charles_bridge_prague",,8,,7,,65,,7333,,65,,64,,1667,,25,,2917,,4167,,4583,,4583,,2759,,3684,,4027,,5314,,5376,,5341
108,"champs_elysees_paris",,8,,7,,65,,5333,,6,,58,,2667,,2667,,3333,,4,,5333,,6,,4,,3862,,4407,,4571,,5647,,5898
109,"chrysler_building",1,0,1,0,1,0,1,0,1,0,,98,,3571,,5,,5714,,6429,,7143,,7857,,5263,,6667,,7273,,7826,,8333,,8722
110,"moma_new_york",1,0,,9,,85,,8667,,875,,88,,2105,,3158,,4211,,5263,,5263,,5263,,3478,,4675,,5631,,6549,,6573,,6587
111,"grand_central_terminal",1,0,1,0,1,0,1,0,,975,,98,,0476,,1429,,2857,,2857,,381,,4286,,0909,,25,,4444,,4444,,5478,,5963
112,"houses_of_parliament",1,0,1,0,1,0,1,0,1,0,,98,,2174,,3043,,3913,,4348,,4783,,5652,,3571,,4667,,5625,,6061,,6471,,7169
113,"alexanderplatz_berlin",,4,,3,,6,,6,,65,,7,,08,,12,,36,,48,,52,,6,,1333,,1714,,45,,5333,,5778,,6462
114,"centre_pompidou",,6,,5,,7,,6333,,725,,68,,1667,,2778,,5556,,5556,,6111,,6667,,2609,,3571,,6195,,5919,,6632,,6733
115,"sydney_harbour_bridge",1,0,1,0,1,0,1,0,1,0,1,0,,1875,,4375,,5,,5625,,6875,,6875,,3158,,6087,,6667,,72,,8148,,8148
116,"pier_39",1,0,1,0,1,0,,9333,,925,,94,,1905,,2857,,5238,,5714,,619,,6667,,32,,4444,,6875,,7089,,7417,,7801
117,"coit_tower",,4,,5,,65,,6333,,625,,6,,0667,,2,,4,,4,,4667,,5333,,1143,,2857,,4952,,4903,,5344,,5647
118,"st_paul_s_cathedral_london",1,0,1,0,1,0,,9667,,875,,86,,1765,,3529,,5882,,7059,,8235,,8235,,3,,5217,,7407,,8159,,8485,,8414
119,"cloud_gate",,6,,6,,55,,5333,,575,,6,,0833,,25,,3333,,3333,,5,,5833,,1463,,3529,,4151,,4103,,5349,,5915
120,"musee_d_orsay",,6,,8,,9,,9333,,925,,92,,1429,,2381,,4286,,5714,,619,,6667,,2308,,367,,5806,,7089,,7417,,7731
121,"pike_place_market",1,0,1,0,,85,,8333,,825,,82,,2381,,381,,4762,,5238,,5238,,5238,,3846,,5517,,6104,,6433,,6408,,6393
122,"royal_palace_madrid",1,0,,8,,8,,8,,8,,82,,1364,,2727,,4545,,5909,,6818,,7727,,24,,4068,,5797,,6797,,7362,,7957
123,"sony_center_berlin",1,0,1,0,,95,,9667,,95,,94,,1905,,2857,,4286,,4762,,5238,,5714,,32,,4444,,5907,,6381,,6753,,7108
124,"red_square_moscow",,6,,6,,65,,7333,,7,,7,,1429,,1905,,381,,5238,,5238,,619,,2308,,2892,,4804,,6111,,5992,,657
125,"prague_castle",1,0,1,0,,95,,8667,,8,,82,,2,,24,,4,,48,,6,,68,,3333,,3871,,563,,6178,,6857,,7435
126,"musee_du_louvre",1,0,1,0,1,0,1,0,,975,,98,,2,,24,,48,,56,,72,,72,,3333,,3871,,6486,,7179,,8283,,8301
127,"millennium_bridge_london",,8,,8,,8,,7667,,75,,76,,16,,28,,4,,44,,48,,52,,2667,,4148,,5333,,5591,,5854,,6175
128,"casa_mila",1,0,1,0,1,0,,9667,,95,,94,,2,,36,,48,,52,,64,,68,,3333,,5294,,6486,,6762,,7648,,7891
129,"national_gallery_london",1,0,,9,,85,,8667,,8,,78,,1818,,3182,,4545,,5455,,5909,,6364,,3077,,4701,,5923,,6695,,6797,,7009
130,"national_mall",1,0,1,0,,9,,8667,,875,,88,,2,,32,,48,,64,,72,,8,,3333,,4848,,6261,,7363,,79,,8381
131,"london_city_hall",1,0,1,0,,95,,9333,,9,,9,,2,,3,,5,,55,,65,,7,,3333,,4615,,6552,,6921,,7548,,7875
132,"holocaust_memorial",,8,,9,,7,,6667,,625,,6,,1875,,3125,,3125,,5,,625,,625,,3038,,4639,,4321,,5714,,625,,6122
133,"columbus_circle",,8,,8,,75,,7,,625,,58,,16,,24,,36,,48,,56,,64,,2667,,3692,,4865,,5695,,5907,,6085
134,"siegessaeule",1,0,,9,,85,,8333,,75,,68,,16,,32,,44,,56,,56,,6,,2759,,4721,,5798,,6699,,6412,,6375
135,"jardin_du_luxembourg",1,0,1,0,1,0,1,0,1,0,1,0,,16,,24,,4,,6,,64,,76,,2759,,3871,,5714,,75,,7805,,8636
136,"merlion_singapore",,0,,0,,15,,2667,,275,,3,,0,,0,,1364,,3182,,4545,,5455,,0,,0,,1429,,2902,,3427,,3871
137,"harrods_london",1,0,,9,,9,,8,,825,,84,,2,,32,,48,,52,,6,,72,,3333,,4721,,6261,,6303,,6947,,7754
138,"metropolitan_museum_of_art_new_york",1,0,1,0,1,0,,9333,,925,,94,,16,,24,,48,,48,,6,,64,,2759,,3871,,6486,,634,,7279,,7615
139,"new_york_stock_exchange",1,0,1,0,,9,,7667,,675,,62,,15,,2,,4,,4,,45,,55,,2609,,3333,,5538,,5257,,54,,5829
140,"stephansdom_vienna",1,0,1,0,1,0,1,0,1,0,1,0,,16,,36,,48,,6,,68,,72,,2759,,5294,,6486,,75,,8095,,8372
141,"hms_belfast",1,0,,9,,95,,9667,,95,,96,,16,,28,,36,,52,,56,,56,,2759,,4271,,5221,,6762,,7046,,7074
142,"leicester_square",1,0,,9,,9,,8667,,85,,84,,12,,24,,4,,44,,52,,56,,2143,,3789,,5538,,5837,,6453,,672
143,"ciudad_de_las_artes_y_las_ciencias",1,0,,9,,95,,9667,,9,,9,,2,,28,,4,,48,,56,,64,,3333,,4271,,563,,6415,,6904,,7481
144,"topkapi_palace",1,0,1,0,,95,,9667,,95,,96,,2,,32,,48,,6,,68,,72,,3333,,4848,,6378,,7404,,7926,,8229
145,"royal_albert_hall",1,0,,9,,85,,8667,,775,,76,,16,,24,,36,,44,,56,,56,,2759,,3789,,5058,,5837,,6502,,6448
146,"st_vitus_cathedral",,8,,9,,95,,9333,,95,,96,,12,,28,,44,,52,,68,,72,,2087,,4271,,6014,,6679,,7926,,8229
147,"castello_sforzesco",1,0,1,0,,95,,9,,925,,94,,16,,28,,4,,48,,56,,64,,2759,,4375,,563,,6261,,6976,,7615
148,"rijksmuseum_amsterdam",1,0,1,0,1,0,1,0,1,0,,96,,08,,16,,36,,44,,56,,6,,1481,,2759,,5294,,6111,,7179,,7385
149,"dam_square",1,0,,9,,75,,7667,,7,,7,,16,,24,,32,,44,,48,,52,,2759,,3789,,4486,,5591,,5695,,5967
150,"rathaus_vienna",1,0,1,0,,9,,8333,,85,,72,,12,,2,,24,,24,,32,,32,,2143,,3333,,3789,,3727,,465,,4431
151,"bath_abbey",1,0,1,0,1,0,1,0,1,0,,98,,16,,28,,52,,6,,6,,64,,2759,,4375,,6842,,75,,75,,7743
152,"salisbury_cathedral",1,0,1,0,,95,,9667,,975,,96,,12,,28,,36,,48,,48,,48,,2143,,4375,,5221,,6415,,6433,,64
153,"templo_de_debod",,6,,3,,35,,3333,,4,,44,,0909,,0909,,1364,,2273,,3182,,4091,,1579,,1395,,1963,,2703,,3544,,424
154,"Niagara_Falls",,8,,6,,7,,6333,,6,,64,,1818,,2273,,4091,,4545,,5,,6364,,2963,,3297,,5164,,5292,,5455,,6382
155,"Golden_Gate_Bridge_in_San_Francisco",1,0,1,0,1,0,,9333,,925,,94,,1364,,2727,,4545,,5,,5455,,6364,,24,,4286,,625,,6512,,6862,,7589
156,"Neuschwanstein_Castle",1,0,1,0,1,0,1,0,1,0,,96,,16,,28,,4,,44,,56,,68,,2759,,4375,,5714,,6111,,7179,,7961
157,"Christ_Church_Cathedral_Missouri",1,0,1,0,1,0,1,0,,975,,94,,2,,4,,48,,6,,6,,6,,3333,,5714,,6486,,75,,7429,,7325
158,"Mount_Rushmore_in_South_Dakota",,8,,8,,9,,9,,925,,92,,12,,16,,28,,48,,56,,64,,2087,,2667,,4271,,6261,,6976,,7549
159,"Puerta_de_Toledo",,4,,3,,15,,1,,075,,06,1,0,1,0,1,0,1,0,1,0,1,0,,5714,,4615,,2609,,1818,,1395,,1132
160,"Urquhart_Castle",,8,,8,,8,,8,,825,,86,,1667,,25,,4167,,5417,,625,,7083,,2759,,381,,5479,,646,,7112,,7768
161,"Gare_du_Nord_Paris",,8,,9,,8,,7667,,725,,74,,08,,24,,32,,4,,4,,52,,1455,,3789,,4571,,5257,,5156,,6108
162,"Newgrange_in_Ireland",,8,,7,,65,,6333,,7,,7,,125,,2083,,3333,,4167,,5417,,5417,,2162,,3211,,4407,,5026,,6107,,6107
163,"Windmills_at_Kinderdijk",1,0,1,0,,9,,9,,875,,86,,12,,28,,4,,52,,52,,6,,2143,,4375,,5538,,6592,,6523,,7068
164,"Conciergerie",,8,,9,,95,,9667,,95,,94,,16,,28,,48,,52,,64,,72,,2667,,4271,,6378,,6762,,7648,,8154
165,"Palazzo_Madama",1,0,1,0,,85,,8667,,825,,76,,1818,,4091,,5,,6364,,6818,,6818,,3077,,5806,,6296,,7339,,7466,,7188
166,"Split_Rock_Lighthouse",1,0,1,0,,95,,9,,925,,88,,16,,32,,4,,48,,52,,6,,2759,,4848,,563,,6261,,6657,,7135
167,"The_Little_Mermaid_Denmark",1,0,1,0,1,0,,8667,,875,,86,,3571,,4286,,5714,,7143,,7143,,8571,,5263,,6,,7273,,7831,,7865,,8586
168,"Great_Pyramid_of_Giza",,8,,7,,65,,7333,,675,,66,,2,,3333,,6667,,7333,,8,,9333,,32,,4516,,6582,,7333,,7322,,7732
169,"Pitti_Palace",,8,,9,,8,,8333,,75,,7,,1364,,3182,,4091,,4545,,5,,5,,233,,4701,,5414,,5882,,6,,5833
170,"Georgia_State_Capitol",,4,,5,,6,,4667,,425,,38,,1053,,2105,,2105,,2632,,2632,,2632,,1667,,2963,,3117,,3365,,325,,311
171,"Dome_des_Invalides",1,0,1,0,1,0,,9667,,975,,98,,2,,32,,32,,44,,48,,52,,3333,,4848,,4848,,6047,,6433,,6795
172,"Reggia_di_Caserta",,4,,4,,45,,4667,,525,,52,,08,,16,,24,,4,,6,,64,,1333,,2286,,313,,4308,,56,,5738
173,"The_Burj_al_Arab_Hotel",1,0,,9,,85,,8667,,875,,86,,16,,2,,32,,4,,52,,64,,2759,,3273,,465,,5474,,6523,,7339
174,"Elephanta_Caves",1,0,1,0,1,0,,9667,,925,,9,,1667,,3333,,4167,,5833,,5833,,75,,2857,,5,,5882,,7276,,7155,,8182
175,"Basilica_of_Santa_Croce",1,0,1,0,1,0,1,0,1,0,1,0,,12,,28,,44,,52,,6,,64,,2143,,4375,,6111,,6842,,75,,7805
176,"Aachen_Cathedral",1,0,1,0,1,0,,9667,,925,,94,,12,,2,,44,,56,,56,,6,,2143,,3333,,6111,,7092,,6976,,7325
177,"Monument_to_the_Great_Fire_of_London",,6,,5,,55,,5,,5,,48,,12,,2,,24,,4,,52,,6,,2,,2857,,3342,,4444,,5098,,5333
178,"Longmen_Grottoes",,6,,5,,6,,6333,,6,,66,,12,,2,,44,,6,,68,,76,,2,,2857,,5077,,6162,,6375,,7065
179,"Louisiana_State_Capitol",,4,,4,,45,,3667,,425,,42,,04,,12,,24,,32,,44,,48,,0727,,1846,,313,,3417,,4324,,448
180,"The_Great_Sphinx_at_Giza",,8,,9,,75,,8,,825,,82,,12,,24,,36,,44,,6,,68,,2087,,3789,,4865,,5677,,6947,,7435
181,"Teatro_Real_Madrid",1,0,,9,,95,,8333,,75,,7,,1739,,3043,,5652,,6957,,7826,,8261,,2963,,4549,,7088,,7583,,766,,7578
182,"Palacio_de_la_Magdalena",,8,,8,,8,,7333,,775,,76,,16,,28,,36,,44,,56,,68,,2667,,4148,,4966,,55,,6502,,7178
183,"Sowjetisches_Ehrenmal",,2,,5,,65,,6667,,7,,68,,04,,2,,32,,44,,6,,68,,0667,,2857,,4289,,5301,,6462,,68
184,"Cathedral_of_Trier",1,0,1,0,,95,,9333,,9,,9,,2,,32,,48,,6,,68,,88,,3333,,4848,,6378,,7304,,7747,,8899
185,"Saint_Mary_of_the_Flower",,0,,0,,2,,2,,3,,3,,0,,0,,12,,16,,36,,44,,0,,0,,15,,1778,,3273,,3568
186,"Skellig_Michael",,8,,8,,8,,7,,65,,64,,16,,32,,44,,52,,52,,6,,2667,,4571,,5677,,5967,,5778,,6194
187,"Chicago_Board_of_Trade_Building",1,0,1,0,,85,,8333,,75,,74,,2273,,3182,,4091,,5,,5909,,6818,,3704,,4828,,5523,,625,,661,,7097
188,"Pont_de_Normandie_France",1,0,,9,,95,,9667,,925,,9,,2632,,4211,,6842,,8421,,8947,,8947,,4167,,5737,,7955,,9001,,9096,,8974
189,"Palazzo_Rosso",,0,,0,,0,,0333,,075,,08,,0,,0,,0,,0417,,125,,125,,0,,0,,0,,037,,0937,,0976
190,"Piazza_Vittorio_Veneto",1,0,,8,,7,,6,,525,,5,,25,,3125,,4375,,5,,625,,625,,4,,4494,,5385,,5455,,5707,,5556
191,"Sforza_Castle",1,0,,9,,95,,9667,,95,,96,,2,,32,,48,,64,,68,,68,,3333,,4721,,6378,,7701,,7926,,7961
192,"Torres_KIO",1,0,1,0,,95,,9667,,925,,86,,2,,32,,48,,52,,6,,64,,3333,,4848,,6378,,6762,,7279,,7339
193,"Torre_Picasso",1,0,1,0,,8,,8333,,75,,7,,1667,,3333,,4167,,5,,5417,,5833,,2857,,5,,5479,,625,,629,,6364
194,"The_Palace_of_Parliament_in_Bucharest",1,0,,9,,95,,9333,,95,,94,,2,,24,,44,,52,,64,,72,,3333,,3789,,6014,,6679,,7648,,8154
195,"Ernest_Hemingway_House",,8,,9,,85,,9,,85,,8,,12,,24,,36,,52,,6,,6,,2087,,3789,,5058,,6592,,7034,,6857
196,"Castel_dellOvo_Napoli",,8,,8,,85,,9,,875,,9,,12,,24,,56,,68,,72,,76,,2087,,3692,,6752,,7747,,79,,8241
197,"Villa_Borghese_gardens",1,0,1,0,,95,,9667,,975,,98,,2,,36,,48,,64,,76,,84,,3333,,5294,,6378,,7701,,8542,,9046
198,"Saint_Marks_Basilica",1,0,1,0,1,0,1,0,1,0,,98,,16,,24,,4,,44,,48,,48,,2759,,3871,,5714,,6111,,6486,,6444
199,"Mausoleum_of_the_First_Qin_Emperor",,8,,8,,75,,8,,825,,84,,12,,2,,36,,52,,56,,6,,2087,,32,,4865,,6303,,6671,,7
200,"Mausoleum_of_Hadrian",1,0,,9,,85,,8667,,825,,72,,2222,,3889,,4444,,6111,,6111,,6111,,3636,,5431,,5837,,7168,,7021,,6611
201,"Piazza_de_Ferrari",1,0,,9,,8,,8667,,9,,92,,2105,,3158,,3684,,4737,,5263,,5789,,3478,,4675,,5045,,6126,,6642,,7107
202,"George_Washington_Carver",,8,,8,,65,,6667,,7,,68,,1875,,375,,5,,5,,625,,6875,,3038,,5106,,5652,,5714,,6604,,6837
203,"Cathedral_of_Santiago_de_Compostela",1,0,,9,,95,,9,,9,,82,,1765,,3529,,5882,,7647,,8235,,8235,,3,,507,,7266,,8269,,8601,,8218
204,"Saint-Jacques_Tower",,4,,5,,7,,7,,75,,74,,1538,,2308,,3846,,5385,,6154,,8462,,2222,,3158,,4965,,6087,,6761,,7895
205,"Calakmul_Campeche_Mexico",1,0,1,0,,8,,8333,,8,,84,,2857,,3571,,5,,6429,,6429,,7143,,4444,,5263,,6154,,7258,,7129,,7721
206,"Bran_Castle_in_Transylvania",,8,,8,,85,,8667,,875,,86,,2105,,3684,,5789,,5789,,6316,,6316,,3333,,5045,,6888,,6942,,7336,,7283
207,"Mosteiro_da_Batalha",1,0,1,0,1,0,1,0,1,0,1,0,,2632,,3684,,5263,,6316,,7368,,7368,,4167,,5385,,6897,,7742,,8485,,8485
208,"Wartburg_Castle",1,0,,9,,85,,9,,875,,86,,15,,3,,55,,65,,7,,75,,2609,,45,,6679,,7548,,7778,,8012
209,"Fujian_Tulou_Fujian_China",1,0,1,0,1,0,1,0,1,0,1,0,,1667,,3889,,5556,,5556,,5556,,6111,,2857,,56,,7143,,7143,,7143,,7586
210,"Alabama_State_Capitol",,4,,6,,75,,7667,,75,,78,,0952,,2381,,5714,,7143,,7619,,8571,,1538,,3409,,6486,,7395,,7559,,8168
211,"Palazzo_dAccursio",,8,,9,,9,,8667,,825,,8,,1667,,2778,,4444,,5,,5,,5556,,2759,,4245,,595,,6341,,6226,,6557
212,"Casa_Grande_Ruins",,6,,7,,8,,8,,775,,76,,1176,,2353,,2941,,4706,,4706,,5294,,1967,,3522,,4301,,5926,,5856,,6241
213,"Stravinsky_Fountain",1,0,1,0,,95,,9333,,875,,9,,2,,2,,3333,,4,,4,,4667,,3333,,3333,,4935,,56,,549,,6146
214,"Angel_Falls_Venezuela",,6,,6,,5,,5,,475,,52,,1765,,2941,,4118,,5294,,5882,,6471,,2727,,3947,,4516,,5143,,5256,,5766
215,"Statue_of_George_IV",,6,,6,,6,,6333,,5,,5,,375,,5,,75,,875,,875,1,0,,4615,,5455,,6667,,7348,,6364,,6667
216,"Palacio_Barolo",,8,,8,,9,,9,,9,,92,,2353,,3529,,4706,,4706,,5882,,6471,,3636,,4898,,618,,618,,7115,,7598
217,"Bridge_of_Remembrance_Christchurch_New_Zealand",1,0,,9,,85,,8,,85,,78,,4167,,5,,6667,,8333,1,0,1,0,,5882,,6429,,7473,,8163,,9189,,8764
218,"John_A._Roebling_Suspension_Bridge",,2,,4,,45,,5333,,45,,46,,0667,,2667,,4667,,6667,,6667,,7333,,1,,32,,4582,,5926,,5373,,5654
219,"Blue_Dome_Santorini",,8,,9,,9,,9333,,9,,92,,125,,3125,,5625,,6875,,75,,75,,2162,,4639,,6923,,7918,,8182,,8263
220,"Fossar_de_les_Moreres",,6,,6,,5,,5333,,475,,46,,2143,,2857,,3571,,5,,5714,,7143,,3158,,3871,,4167,,5161,,5188,,5596
221,"Luxor_Obelisk_France",1,0,,8,,75,,6667,,675,,7,,25,,25,,375,,375,,375,,4375,,4,,381,,5,,48,,4821,,5385
222,"Valle_de_los_Caidos",1,0,,9,,95,,9,,9,,9,,25,,4,,5,,6,,65,,65,,4,,5538,,6552,,72,,7548,,7548
--------------------
"--","Avg.",P@5,P@10,P@20,P@30,P@40,P@50,CR@5,CR@10,CR@20,CR@30,CR@40,CR@50,F1@5,F1@10,F1@20,F1@30,F1@40,F1@50
,,,8063,,7964,,7896,,7836,,7753,,7685,,1571,,258,,4041,,5012,,5767,,6351,,2557,,3812,,5243,,5993,,6469,,6799