--------------------
"Run name","output_runCEDDDtrs"
--------------------
"Average P@20 = ",,7815
"Average CR@20 = ",,4082
"Average F1@20 = ",,5251
--------------------
"Query Id ","Location name",P@5,P@10,P@20,P@30,P@40,P@50,CR@5,CR@10,CR@20,CR@30,CR@40,CR@50,F1@5,F1@10,F1@20,F1@30,F1@40,F1@50
1,"angel_of_the_north",1,0,1,0,1,0,1,0,1,0,1,0,,2,,36,,48,,52,,6,,68,,3333,,5294,,6486,,6842,,75,,8095
2,"big_ben",1,0,1,0,1,0,,9333,,925,,9,,2273,,3182,,3182,,4545,,5,,5455,,3704,,4828,,4828,,6114,,6491,,6792
3,"hearst_castle",,8,,9,,85,,8667,,875,,9,,1667,,2917,,4583,,7083,,75,,75,,2759,,4406,,5955,,7795,,8077,,8182
4,"la_madeleine",,4,,4,,4,,4,,4,,44,,1429,,2857,,3571,,4286,,5,,6429,,2105,,3333,,3774,,4138,,4444,,5224
5,"pont_alexandre_iii",1,0,,9,,9,,9333,,925,,94,,2,,28,,52,,6,,6,,6,,3333,,4271,,6592,,7304,,7279,,7325
6,"neues_museum",,2,,5,,6,,5667,,5,,48,,04,,2,,4,,52,,52,,56,,0667,,2857,,48,,5423,,5098,,5169
7,"montezuma_castle",,6,,6,,7,,7,,725,,68,,25,,3333,,6667,,6667,,75,,75,,3529,,4286,,6829,,6829,,7373,,7133
8,"cn_tower",,4,,5,,55,,6333,,7,,74,,0833,,1667,,2917,,375,,5833,,625,,1379,,25,,3812,,4711,,6364,,6777
9,"acropolis_athens",,8,,7,,85,,8667,,9,,88,,1429,,1429,,4762,,4762,,5238,,5714,,2424,,2373,,6104,,6147,,6622,,6929
10,"agra_fort",1,0,,9,,8,,8333,,875,,88,,2,,32,,44,,6,,72,,72,,3333,,4721,,5677,,6977,,79,,792
11,"albert_memorial",,6,,7,,85,,8667,,9,,88,,0909,,2273,,4091,,5,,5455,,6364,,1579,,3431,,5523,,6341,,6792,,7386
12,"altes_museum",,8,,8,,75,,6667,,625,,6,,1667,,2083,,375,,4583,,5,,5417,,2759,,3306,,5,,5432,,5556,,5693
13,"amiens_cathedral",1,0,1,0,,95,,9667,,975,,98,,16,,32,,52,,68,,8,,8,,2759,,4848,,6721,,7984,,8789,,8809
14,"angkor_wat",1,0,1,0,,9,,8333,,65,,7,,16,,32,,52,,6,,6,,6,,2759,,4848,,6592,,6977,,624,,6462
15,"ara_pacis",,6,,7,,85,,9,,85,,72,,1364,,2273,,4545,,5909,,6364,,6364,,2222,,3431,,5923,,7134,,7278,,6756
16,"arc_de_triomphe",,8,,7,,7,,6667,,65,,72,,125,,25,,4167,,4167,,5,,5833,,2162,,3684,,5224,,5128,,5652,,6445
17,"aztec_ruins",,2,,3,,35,,4,,35,,34,,04,,12,,16,,28,,32,,36,,0667,,1714,,2196,,3294,,3343,,3497
18,"berlin_cathedral",1,0,1,0,1,0,1,0,,975,,98,,2,,4,,56,,64,,68,,72,,3333,,5714,,7179,,7805,,8012,,8301
19,"bok_tower_gardens",1,0,1,0,,95,,8667,,85,,88,,2,,36,,48,,64,,76,,8,,3333,,5294,,6378,,7363,,8025,,8381
20,"brandenburg_gate",,8,,8,,85,,9,,925,,88,,12,,2,,36,,36,,44,,52,,2087,,32,,5058,,5143,,5963,,6537
21,"cabrillo",,0,,0,,1,,2,,175,,16,,0,,0,,1538,,3846,,4615,,5385,,0,,0,,1212,,2632,,2538,,2467
22,"casa_batllo",1,0,1,0,1,0,,9667,,925,,9,,2,,36,,52,,72,,72,,76,,3333,,5294,,6842,,8253,,8097,,8241
23,"casa_rosada",,6,,7,,85,,9,,925,,94,,08,,12,,28,,48,,6,,64,,1412,,2049,,4212,,6261,,7279,,7615
24,"castillo_de_san_marcos",,6,,7,,75,,6333,,65,,7,,12,,24,,44,,48,,56,,68,,2,,3574,,5546,,5461,,6017,,6899
25,"chartres_cathedral",1,0,1,0,1,0,1,0,,975,,96,,2,,32,,4,,56,,68,,72,,3333,,4848,,5714,,7179,,8012,,8229
26,"chichen_itza",,8,,8,,8,,8,,8,,82,,12,,24,,44,,56,,6,,6,,2087,,3692,,5677,,6588,,6857,,693
27,"christ_the_redeemer_rio",,4,,6,,7,,5667,,525,,52,,0435,,1739,,2609,,3043,,3913,,5217,,0784,,2697,,3801,,396,,4484,,5209
28,"civic_center_san_francisco",,6,,4,,55,,5333,,65,,64,,12,,16,,4,,48,,56,,68,,2,,2286,,4632,,5053,,6017,,6594
29,"cologne_cathedral",1,0,1,0,1,0,1,0,,975,,98,,16,,36,,52,,6,,64,,72,,2759,,5294,,6842,,75,,7728,,8301
30,"colosseum",,8,,9,,95,,9667,,975,,98,,16,,32,,44,,52,,6,,64,,2667,,4721,,6014,,6762,,7429,,7743
31,"doge_s_palace",1,0,,9,,85,,9,,925,,92,,2,,28,,28,,4,,44,,44,,3333,,4271,,4212,,5538,,5963,,5953
32,"eiffel_tower",1,0,1,0,1,0,1,0,1,0,1,0,,16,,16,,28,,36,,48,,52,,2759,,2759,,4375,,5294,,6486,,6842
33,"golden_gate_bridge",1,0,,8,,75,,6667,,7,,74,,1739,,2609,,3913,,5217,,5217,,5652,,2963,,3934,,5143,,5854,,5979,,6409
34,"grand_palais",1,0,,9,,9,,8667,,9,,92,,0455,,1364,,3636,,4091,,5,,5455,,087,,2368,,518,,5558,,6429,,6849
35,"guggenheim_museum_bilbao",1,0,1,0,1,0,1,0,1,0,1,0,,12,,16,,36,,44,,52,,6,,2143,,2759,,5294,,6111,,6842,,75
36,"hagia_sophia_istanbul",,8,,9,,9,,9333,,95,,96,,12,,28,,4,,52,,56,,64,,2087,,4271,,5538,,6679,,7046,,768
37,"hoover_dam",1,0,1,0,,9,,8667,,85,,88,,2,,36,,52,,6,,64,,68,,3333,,5294,,6592,,7091,,7302,,7672
38,"humayun_tomb",,8,,8,,8,,8,,675,,72,,12,,28,,4,,52,,56,,72,,2087,,4148,,5333,,6303,,6121,,72
39,"iguazu_falls",,4,,5,,65,,7667,,775,,82,,08,,16,,32,,48,,68,,72,,1333,,2424,,4289,,5904,,7244,,7668
40,"iolani_palace",1,0,,9,,85,,9,,825,,66,,2,,32,,4,,6,,68,,68,,3333,,4721,,544,,72,,7455,,6699
41,"la_mezquita",,6,,5,,65,,7667,,8,,72,,125,,2083,,375,,4583,,5417,,5833,,2069,,2941,,4756,,5737,,646,,6445
42,"la_rambla_barcelona",,8,,8,,8,,8667,,875,,88,,16,,28,,32,,44,,56,,68,,2667,,4148,,4571,,5837,,6829,,7672
43,"la_sainte_chapelle",1,0,1,0,,95,,9667,,95,,96,,2,,28,,48,,56,,64,,64,,3333,,4375,,6378,,7092,,7648,,768
44,"liberty_memorial",1,0,,6,,4,,6,,7,,72,,08,,12,,2,,28,,48,,56,,1481,,2,,2667,,3818,,5695,,63
45,"lincoln_home",1,0,,9,,85,,9,,9,,86,,2778,,3333,,4444,,6111,,6667,,7778,,4348,,4865,,5837,,7279,,766,,8168
46,"machu_picchu",,8,,8,,75,,7333,,65,,68,,16,,28,,44,,56,,56,,56,,2667,,4148,,5546,,6351,,6017,,6142
47,"marble_arch_london",,6,,4,,5,,4667,,375,,38,,1667,,25,,4167,,5833,,5833,,6667,,2609,,3077,,4545,,5185,,4565,,4841
48,"milan_cathedral",1,0,1,0,,95,,8333,,85,,88,,12,,24,,32,,48,,64,,68,,2143,,3871,,4787,,6091,,7302,,7672
49,"mole_antonelliana",,8,,8,,85,,9,,85,,86,,16,,24,,4,,52,,52,,64,,2667,,3692,,544,,6592,,6453,,7339
50,"mont_saint_michel",1,0,,9,,9,,9333,,95,,96,,12,,28,,44,,56,,64,,68,,2143,,4271,,591,,7,,7648,,7961
51,"moulin_rouge",,0,,0,,0,,0,,025,,02,,0,,0,,0,,0,,125,,125,,0,,0,,0,,0,,0417,,0345
52,"nelson_s_column",1,0,1,0,,95,,9333,,925,,94,,2083,,2917,,5,,625,,625,,6667,,3448,,4516,,6552,,7487,,746,,7801
53,"notre_dame_de_paris",,8,,8,,85,,8667,,9,,9,,16,,16,,32,,56,,64,,72,,2667,,2667,,465,,6804,,7481,,8
54,"obelisco",,2,,3,,2,,2333,,175,,14,,0909,,2727,,2727,,3636,,3636,,3636,,125,,2857,,2308,,2843,,2363,,2022
55,"piccadilly_circus",1,0,,8,,8,,7333,,75,,8,,1739,,2609,,5217,,5652,,6522,,6522,,2963,,3934,,6316,,6384,,6977,,7186
56,"place_de_la_concorde",1,0,1,0,1,0,1,0,,975,,98,,16,,28,,44,,56,,64,,68,,2759,,4375,,6111,,7179,,7728,,8029
57,"place_de_la_republique",,4,,2,,2,,2667,,275,,28,,25,,25,,375,,625,,875,,875,,3077,,2222,,2609,,3738,,4185,,4242
58,"place_des_vosges",1,0,,8,,75,,7,,75,,72,,12,,16,,24,,32,,52,,56,,2143,,2667,,3636,,4392,,6142,,63
59,"pont_du_gard",,8,,9,,9,,9,,925,,9,,12,,24,,32,,48,,6,,68,,2087,,3789,,4721,,6261,,7279,,7747
60,"pont_neuf",,8,,8,,8,,8,,725,,74,,12,,24,,48,,6,,68,,72,,2087,,3692,,6,,6857,,7018,,7299
61,"ponte_vecchio",,8,,8,,8,,7667,,8,,82,,125,,25,,4583,,5417,,6667,,7083,,2162,,381,,5828,,6348,,7273,,7601
62,"puerta_de_alcala",,2,,2,,35,,4667,,55,,6,,0526,,1053,,3158,,3158,,4737,,6316,,0833,,1379,,332,,3767,,509,,6154
63,"puerta_del_sol",,6,,6,,5,,5,,45,,42,,15,,25,,3,,4,,4,,45,,24,,3529,,375,,4444,,4235,,4345
64,"red_fort",1,0,1,0,1,0,1,0,1,0,1,0,,16,,28,,44,,56,,64,,72,,2759,,4375,,6111,,7179,,7805,,8372
65,"reims_cathedral",,8,,9,,95,,9667,,975,,98,,12,,28,,36,,48,,56,,56,,2087,,4271,,5221,,6415,,7114,,7127
66,"rialto_bridge",,6,,7,,7,,7667,,65,,68,,125,,3125,,375,,5,,5625,,75,,2069,,4321,,4884,,6053,,6031,,7133
67,"roman_forum_rome",,6,,7,,8,,8,,675,,72,,12,,16,,4,,48,,48,,6,,2,,2605,,5333,,6,,561,,6545
68,"sacre_coeur",,6,,4,,45,,5333,,525,,5,,125,,1667,,25,,3333,,375,,4583,,2069,,2353,,3214,,4103,,4375,,4783
69,"sagrada_familia",,8,,9,,95,,9333,,95,,94,,12,,24,,4,,48,,56,,6,,2087,,3789,,563,,634,,7046,,7325
70,"santa_maria_novella",,6,,6,,5,,5,,525,,6,,12,,24,,32,,4,,4,,48,,2,,3429,,3902,,4444,,4541,,5333
71,"schonbrunn_palace",1,0,1,0,1,0,1,0,1,0,1,0,,2,,28,,48,,52,,64,,64,,3333,,4375,,6486,,6842,,7805,,7805
72,"seville_cathedral",,8,,9,,85,,8333,,875,,9,,16,,32,,48,,48,,56,,64,,2667,,4721,,6135,,6091,,6829,,7481
73,"spanish_steps",,6,,6,,75,,7,,65,,66,,1364,,1818,,4091,,5,,5909,,6818,,2222,,2791,,5294,,5833,,619,,6707
74,"st__basil_cathedral",1,0,1,0,1,0,,8667,,875,,86,,16,,32,,48,,52,,52,,52,,2759,,4848,,6486,,65,,6523,,6481
75,"statue_of_liberty",,8,,8,,85,,8333,,85,,86,,12,,24,,44,,48,,56,,56,,2087,,3692,,5798,,6091,,6752,,6783
76,"stonehenge",,4,,5,,7,,7,,725,,72,,1053,,1579,,4211,,5263,,5789,,6316,,1667,,24,,5258,,6009,,6438,,6729
77,"summer_palace_beijing",,6,,7,,7,,8,,85,,88,,12,,24,,36,,52,,52,,6,,2,,3574,,4755,,6303,,6453,,7135
78,"sydney_opera_house",1,0,1,0,,9,,9,,925,,88,,16,,32,,56,,64,,64,,64,,2759,,4848,,6904,,7481,,7565,,7411
79,"teotihuacan",,4,,7,,8,,8,,775,,72,,08,,24,,4,,44,,56,,6,,1333,,3574,,5333,,5677,,6502,,6545
80,"terracotta_army",,4,,7,,85,,9,,85,,7,,1,,3,,6,,7,,7,,7,,16,,42,,7034,,7875,,7677,,7
81,"the_blue_mosque",,6,,8,,85,,8667,,9,,9,,08,,16,,28,,4,,52,,6,,1412,,2667,,4212,,5474,,6592,,72
82,"the_henry_ford",1,0,,8,,8,,8333,,725,,64,,2,,28,,4,,52,,52,,6,,3333,,4148,,5333,,6404,,6056,,6194
83,"taj_mahal",1,0,,8,,85,,8,,85,,88,,2,,28,,44,,48,,56,,56,,3333,,4148,,5798,,6,,6752,,6844
84,"tour_montparnasse",,2,,5,,65,,6333,,55,,52,,05,,25,,5,,5,,55,,65,,08,,3333,,5652,,5588,,55,,5778
85,"tower_bridge_london",,4,,5,,65,,7,,65,,66,,08,,16,,32,,52,,6,,68,,1333,,2424,,4289,,5967,,624,,6699
86,"trafalgar_square",,6,,5,,45,,4,,45,,48,,1364,,1818,,2727,,3182,,4545,,5,,2222,,2667,,3396,,3544,,4523,,4898
87,"leaning_tower_of_pisa",,6,,5,,45,,4667,,525,,52,,12,,2,,32,,4,,48,,56,,2,,2857,,374,,4308,,5015,,5393
88,"hermitage_museum_saint_petersburg",,6,,8,,9,,9333,,8,,68,,08,,2,,4,,48,,56,,56,,1412,,32,,5538,,634,,6588,,6142
89,"jantar_mantar_jaipur",1,0,1,0,,85,,8333,,825,,86,,2,,32,,52,,56,,68,,68,,3333,,4848,,6453,,6699,,7455,,7595
90,"lake_titicaca_peru",,6,,6,,5,,5333,,55,,54,,125,,1667,,25,,4583,,5,,5417,,2069,,2609,,3333,,493,,5238,,5408
91,"the_great_wall_of_china",,6,,8,,9,,8667,,85,,86,,12,,28,,44,,52,,6,,72,,2,,4148,,591,,65,,7034,,7838
92,"grande_arche_paris",,6,,7,,75,,7,,75,,72,,12,,24,,36,,52,,56,,6,,2,,3574,,4865,,5967,,6412,,6545
93,"el_angel_mexico",1,0,,7,,6,,7333,,75,,64,,1905,,2381,,4286,,5714,,619,,6667,,32,,3553,,5,,6423,,6783,,6531
94,"bibliotheque_nationale_de_france",,4,,6,,75,,7667,,725,,7,,08,,12,,2,,32,,4,,48,,1333,,2,,3158,,4515,,5156,,5695
95,"kronborg_castle",,8,,9,,85,,8,,8,,74,,125,,2917,,4583,,5417,,6667,,7083,,2162,,4406,,5955,,646,,7273,,7238
96,"ajanta_caves",,8,,8,,8,,8667,,9,,92,,1818,,2727,,4091,,5455,,5909,,6818,,2963,,4068,,5414,,6695,,7134,,7832
97,"atomium",,6,,7,,85,,9,,925,,88,,1429,,2857,,381,,4286,,4762,,5238,,2308,,4058,,5261,,5806,,6287,,6567
98,"ellora_caves",1,0,1,0,1,0,1,0,,975,,96,,1818,,3636,,5455,,5909,,5909,,5909,,3077,,5333,,7059,,7429,,7358,,7315
99,"potala_palace",1,0,,8,,85,,8,,775,,8,,2778,,3889,,5,,5556,,6111,,6667,,4348,,5234,,6296,,6557,,6834,,7273
100,"jokhang",1,0,1,0,,8,,8333,,825,,82,,2,,36,,52,,68,,76,,76,,3333,,5294,,6303,,7489,,7912,,7889
101,"rila_monastery",,6,,6,,65,,7333,,775,,82,,12,,24,,32,,36,,44,,44,,2,,3429,,4289,,4829,,5613,,5727
102,"louvre_pyramid",1,0,1,0,,95,,9667,,9,,84,,1667,,2778,,4444,,4444,,6111,,6667,,2857,,4348,,6056,,6089,,7279,,7434
103,"brooklyn_bridge",1,0,,9,,95,,8,,825,,8,,1429,,2381,,3333,,4286,,4762,,5714,,25,,3766,,4935,,5581,,6038,,6667
104,"tower_of_london",,8,,6,,55,,6333,,675,,68,,1304,,2174,,3478,,3913,,5652,,6087,,2243,,3191,,4262,,4837,,6152,,6424
105,"british_museum_london",1,0,1,0,1,0,1,0,1,0,,94,,1,,15,,3,,35,,5,,55,,1818,,2609,,4615,,5185,,6667,,694
106,"buckingham_palace",,4,,6,,75,,5,,475,,46,,1,,2,,2,,2,,3,,35,,16,,3,,3158,,2857,,3677,,3975
107,"charles_bridge_prague",,6,,7,,6,,7,,775,,74,,0833,,2083,,2083,,25,,375,,4167,,1463,,3211,,3093,,3684,,5054,,5331
108,"champs_elysees_paris",,2,,4,,6,,5,,55,,56,,0667,,2,,2667,,3333,,5333,,6,,1,,2667,,3692,,4,,5415,,5793
109,"chrysler_building",1,0,1,0,1,0,1,0,1,0,1,0,,2143,,2857,,5714,,6429,,7143,,7143,,3529,,4444,,7273,,7826,,8333,,8333
110,"moma_new_york",,8,,8,,85,,8667,,9,,92,,2105,,3158,,3684,,4737,,4737,,5789,,3333,,4528,,514,,6126,,6207,,7107
111,"grand_central_terminal",1,0,,9,,95,,9667,,975,,98,,1905,,2381,,2857,,3333,,381,,4762,,32,,3766,,4393,,4957,,5478,,6409
112,"houses_of_parliament",1,0,1,0,,95,,9667,,975,,98,,1739,,3043,,4348,,4783,,4783,,5217,,2963,,4667,,5965,,6399,,6417,,6809
113,"alexanderplatz_berlin",,4,,4,,55,,4667,,6,,66,,08,,16,,32,,36,,48,,52,,1333,,2286,,4046,,4065,,5333,,5817
114,"centre_pompidou",,8,,8,,85,,8333,,775,,64,,1667,,3333,,4444,,5,,5556,,5556,,2759,,4706,,5837,,625,,6472,,5948
115,"sydney_harbour_bridge",1,0,,9,,95,,9667,,975,,98,,25,,375,,625,,625,,6875,,75,,4,,5294,,754,,7592,,8064,,8497
116,"pier_39",,8,,8,,85,,8667,,85,,88,,1429,,2381,,3333,,3333,,5238,,5714,,2424,,367,,4789,,4815,,6482,,6929
117,"coit_tower",,6,,7,,5,,5667,,525,,48,,1333,,2,,3333,,4,,4,,4667,,2182,,3111,,4,,469,,4541,,4732
118,"st_paul_s_cathedral_london",1,0,1,0,1,0,1,0,,9,,86,,2353,,2941,,4706,,6471,,6471,,8235,,381,,4545,,64,,7857,,7529,,8414
119,"cloud_gate",,8,,8,,75,,6667,,75,,66,,25,,25,,3333,,3333,,3333,,3333,,381,,381,,4615,,4444,,4615,,443
120,"musee_d_orsay",1,0,1,0,1,0,1,0,,9,,92,,1905,,3333,,4762,,619,,6667,,7619,,32,,5,,6452,,7647,,766,,8335
121,"pike_place_market",1,0,1,0,,85,,8,,8,,82,,1905,,3333,,4762,,5238,,5714,,619,,32,,5,,6104,,6331,,6667,,7055
122,"royal_palace_madrid",,6,,8,,9,,8667,,775,,78,,1364,,2273,,4091,,4091,,4545,,5455,,2222,,354,,5625,,5558,,573,,642
123,"sony_center_berlin",,8,,9,,95,,9667,,975,,98,,1905,,2857,,4286,,4762,,4762,,5238,,3077,,4337,,5907,,6381,,6399,,6827
124,"red_square_moscow",,8,,7,,7,,6667,,625,,7,,1429,,2381,,3333,,4286,,5238,,619,,2424,,3553,,4516,,5217,,5699,,657
125,"prague_castle",,8,,9,,9,,8667,,875,,9,,12,,24,,44,,56,,64,,68,,2087,,3789,,591,,6804,,7393,,7747
126,"musee_du_louvre",1,0,,9,,95,,9667,,975,,98,,12,,24,,32,,48,,56,,68,,2143,,3789,,4787,,6415,,7114,,8029
127,"millennium_bridge_london",1,0,,8,,8,,8,,85,,82,,2,,28,,4,,48,,48,,52,,3333,,4148,,5333,,6,,6135,,6364
128,"casa_mila",1,0,1,0,,95,,9667,,975,,96,,2,,36,,4,,52,,6,,64,,3333,,5294,,563,,6762,,7429,,768
129,"national_gallery_london",,8,,6,,6,,6333,,6,,5,,1818,,2727,,4091,,5455,,5455,,5455,,2963,,375,,4865,,5861,,5714,,5217
130,"national_mall",1,0,,8,,75,,8,,825,,84,,2,,32,,56,,56,,6,,68,,3333,,4571,,6412,,6588,,6947,,7516
131,"london_city_hall",1,0,1,0,1,0,,9667,,85,,8,,15,,3,,5,,65,,7,,75,,2609,,4615,,6667,,7773,,7677,,7742
132,"holocaust_memorial",,6,,6,,6,,6,,675,,7,,1875,,25,,4375,,5625,,625,,6875,,2857,,3529,,506,,5806,,649,,6937
133,"columbus_circle",,2,,4,,55,,6667,,7,,72,,04,,16,,4,,52,,64,,72,,0667,,2286,,4632,,5843,,6687,,72
134,"siegessaeule",,6,,7,,7,,8,,85,,88,,12,,28,,36,,52,,64,,72,,2,,4,,4755,,6303,,7302,,792
135,"jardin_du_luxembourg",1,0,1,0,1,0,1,0,1,0,1,0,,16,,28,,52,,56,,72,,8,,2759,,4375,,6842,,7179,,8372,,8889
136,"merlion_singapore",,4,,6,,4,,4,,325,,32,,0909,,2727,,3636,,4091,,4091,,4545,,1481,,375,,381,,4045,,3622,,3756
137,"harrods_london",,8,,9,,95,,9667,,9,,82,,16,,24,,36,,56,,6,,64,,2667,,3789,,5221,,7092,,72,,7189
138,"metropolitan_museum_of_art_new_york",1,0,1,0,1,0,1,0,,925,,94,,2,,28,,44,,48,,52,,64,,3333,,4375,,6111,,6486,,6657,,7615
139,"new_york_stock_exchange",,6,,7,,55,,6333,,675,,74,,15,,3,,4,,55,,65,,65,,24,,42,,4632,,5887,,6623,,6921
140,"stephansdom_vienna",1,0,1,0,1,0,1,0,1,0,1,0,,12,,28,,48,,56,,6,,68,,2143,,4375,,6486,,7179,,75,,8095
141,"hms_belfast",,8,,9,,95,,9667,,95,,96,,12,,2,,44,,52,,6,,76,,2087,,3273,,6014,,6762,,7355,,8484
142,"leicester_square",1,0,1,0,,9,,8,,8,,8,,12,,16,,24,,32,,44,,48,,2143,,2759,,3789,,4571,,5677,,6
143,"ciudad_de_las_artes_y_las_ciencias",1,0,,9,,9,,9333,,925,,92,,16,,28,,48,,6,,68,,76,,2759,,4271,,6261,,7304,,7838,,8324
144,"topkapi_palace",1,0,1,0,1,0,,9667,,975,,98,,12,,32,,48,,64,,72,,76,,2143,,4848,,6486,,7701,,8283,,8561
145,"royal_albert_hall",1,0,1,0,,95,,7,,775,,76,,12,,16,,4,,44,,44,,48,,2143,,2759,,563,,5404,,5613,,5884
146,"st_vitus_cathedral",,6,,8,,9,,9333,,95,,96,,08,,24,,4,,56,,6,,64,,1412,,3692,,5538,,7,,7355,,768
147,"castello_sforzesco",1,0,,9,,9,,9,,85,,86,,16,,28,,44,,56,,6,,64,,2759,,4271,,591,,6904,,7034,,7339
148,"rijksmuseum_amsterdam",1,0,1,0,1,0,1,0,1,0,1,0,,2,,28,,32,,52,,6,,68,,3333,,4375,,4848,,6842,,75,,8095
149,"dam_square",,8,,8,,7,,7333,,75,,74,,12,,24,,4,,52,,52,,52,,2087,,3692,,5091,,6085,,6142,,6108
150,"rathaus_vienna",,6,,7,,65,,6,,575,,58,,12,,2,,36,,36,,36,,36,,2,,3111,,4634,,45,,4428,,4443
151,"bath_abbey",1,0,1,0,,95,,9667,,975,,96,,16,,32,,6,,6,,64,,72,,2759,,4848,,7355,,7404,,7728,,8229
152,"salisbury_cathedral",1,0,1,0,1,0,1,0,1,0,1,0,,16,,2,,28,,28,,48,,52,,2759,,3333,,4375,,4375,,6486,,6842
153,"templo_de_debod",,0,,3,,35,,2333,,325,,46,,0,,0909,,1818,,1818,,3182,,3182,,0,,1395,,2393,,2044,,3216,,3762
154,"Niagara_Falls",,6,,5,,6,,6,,625,,64,,1364,,2273,,3182,,4091,,4545,,5,,2222,,3125,,4158,,4865,,5263,,5614
155,"Golden_Gate_Bridge_in_San_Francisco",1,0,,9,,9,,9,,925,,94,,1364,,2273,,3636,,4545,,6364,,6364,,24,,3629,,518,,604,,754,,7589
156,"Neuschwanstein_Castle",1,0,1,0,1,0,1,0,,975,,98,,12,,24,,44,,6,,68,,68,,2143,,3871,,6111,,75,,8012,,8029
157,"Christ_Church_Cathedral_Missouri",1,0,1,0,1,0,1,0,1,0,1,0,,16,,36,,52,,6,,64,,68,,2759,,5294,,6842,,75,,7805,,8095
158,"Mount_Rushmore_in_South_Dakota",1,0,,9,,9,,9333,,95,,96,,16,,24,,32,,4,,52,,6,,2759,,3789,,4721,,56,,6721,,7385
159,"Puerta_de_Toledo",,2,,2,,15,,1,,075,,06,,5,1,0,1,0,1,0,1,0,1,0,,2857,,3333,,2609,,1818,,1395,,1132
160,"Urquhart_Castle",1,0,,9,,85,,7667,,775,,82,,1667,,25,,375,,4583,,5833,,6667,,2857,,3913,,5204,,5737,,6656,,7354
161,"Gare_du_Nord_Paris",,8,,7,,8,,7333,,75,,8,,16,,28,,44,,52,,56,,56,,2667,,4,,5677,,6085,,6412,,6588
162,"Newgrange_in_Ireland",,8,,7,,6,,6667,,625,,62,,1667,,1667,,2917,,4583,,5,,5417,,2759,,2692,,3925,,5432,,5556,,5782
163,"Windmills_at_Kinderdijk",,8,,9,,95,,9333,,95,,92,,12,,32,,48,,64,,72,,8,,2087,,4721,,6378,,7593,,8192,,8558
164,"Conciergerie",,8,,9,,95,,9667,,975,,98,,12,,2,,4,,64,,64,,76,,2087,,3273,,563,,7701,,7728,,8561
165,"Palazzo_Madama",1,0,,8,,7,,7333,,725,,7,,2273,,3636,,4545,,5455,,5909,,6364,,3704,,5,,5512,,6256,,6511,,6667
166,"Split_Rock_Lighthouse",1,0,1,0,,9,,8333,,85,,86,,16,,36,,4,,4,,4,,44,,2759,,5294,,5538,,5405,,544,,5822
167,"The_Little_Mermaid_Denmark",,6,,4,,5,,5,,575,,64,,2143,,2143,,4286,,4286,,5714,,7143,,3158,,2791,,4615,,4615,,5732,,6751
168,"Great_Pyramid_of_Giza",,6,,6,,65,,5667,,65,,66,,2,,2667,,5333,,6,,7333,,7333,,3,,3692,,5859,,5829,,6892,,6947
169,"Pitti_Palace",,8,,8,,85,,8333,,875,,86,,1818,,3182,,4091,,5909,,6818,,6818,,2963,,4553,,5523,,6915,,7664,,7606
170,"Georgia_State_Capitol",,6,,6,,45,,4333,,475,,38,,1053,,2105,,2105,,2632,,2632,,2632,,1791,,3117,,2869,,3275,,3387,,311
171,"Dome_des_Invalides",1,0,1,0,1,0,,9667,,975,,98,,16,,24,,4,,4,,44,,44,,2759,,3871,,5714,,5659,,6064,,6073
172,"Reggia_di_Caserta",,6,,8,,85,,7,,625,,62,,12,,28,,48,,52,,52,,56,,2,,4148,,6135,,5967,,5677,,5885
173,"The_Burj_al_Arab_Hotel",,8,,9,,8,,8,,85,,88,,16,,28,,4,,52,,64,,68,,2667,,4271,,5333,,6303,,7302,,7672
174,"Elephanta_Caves",1,0,,8,,7,,6667,,75,,78,,2083,,25,,3333,,4167,,5417,,5417,,3448,,381,,4516,,5128,,629,,6393
175,"Basilica_of_Santa_Croce",1,0,1,0,1,0,1,0,1,0,1,0,,16,,32,,44,,6,,68,,76,,2759,,4848,,6111,,75,,8095,,8636
176,"Aachen_Cathedral",1,0,1,0,,95,,8667,,9,,92,,2,,24,,36,,44,,56,,56,,3333,,3871,,5221,,5837,,6904,,6962
177,"Monument_to_the_Great_Fire_of_London",,8,,8,,75,,6667,,65,,64,,16,,32,,52,,56,,72,,76,,2667,,4571,,6142,,6087,,6832,,6949
178,"Longmen_Grottoes",,6,,5,,55,,6,,55,,56,,12,,2,,32,,56,,6,,68,,2,,2857,,4046,,5793,,5739,,6142
179,"Louisiana_State_Capitol",,4,,4,,4,,3333,,35,,34,,08,,16,,32,,36,,44,,52,,1333,,2286,,3556,,3462,,3899,,4112
180,"The_Great_Sphinx_at_Giza",1,0,,8,,75,,8,,775,,78,,16,,2,,36,,4,,52,,52,,2759,,32,,4865,,5333,,6224,,624
181,"Teatro_Real_Madrid",,8,,8,,8,,8,,85,,88,,1739,,3043,,5217,,6957,,8696,,8696,,2857,,4409,,6316,,7442,,8597,,8748
182,"Palacio_de_la_Magdalena",,6,,8,,85,,8333,,725,,7,,12,,24,,44,,52,,56,,68,,2,,3692,,5798,,6404,,6319,,6899
183,"Sowjetisches_Ehrenmal",,6,,3,,55,,6333,,65,,72,,12,,12,,32,,44,,6,,68,,2,,1714,,4046,,5193,,624,,6994
184,"Cathedral_of_Trier",1,0,1,0,1,0,1,0,,975,,92,,2,,28,,44,,6,,72,,76,,3333,,4375,,6111,,75,,8283,,8324
185,"Saint_Mary_of_the_Flower",,6,,5,,4,,3,,275,,24,,08,,12,,24,,24,,32,,36,,1412,,1935,,3,,2667,,2958,,288
186,"Skellig_Michael",,8,,9,,7,,7333,,675,,7,,16,,28,,4,,52,,64,,64,,2667,,4271,,5091,,6085,,657,,6687
187,"Chicago_Board_of_Trade_Building",1,0,1,0,1,0,,9667,,95,,88,,2273,,2727,,5455,,5909,,6364,,7273,,3704,,4286,,7059,,7335,,7622,,7964
188,"Pont_de_Normandie_France",,8,,9,,8,,8,,825,,86,,1579,,3684,,5789,,7368,,7368,,7895,,2637,,5228,,6718,,7671,,7784,,8232
189,"Palazzo_Rosso",,0,,0,,0,,0,,075,,08,,0,,0,,0,,0,,0833,,125,,0,,0,,0,,0,,0789,,0976
190,"Piazza_Vittorio_Veneto",1,0,1,0,,75,,5333,,425,,38,,1875,,375,,4375,,5,,5,,5625,,3158,,5455,,5526,,5161,,4595,,4536
191,"Sforza_Castle",1,0,1,0,,95,,9333,,925,,94,,16,,24,,36,,52,,64,,68,,2759,,3871,,5221,,6679,,7565,,7891
192,"Torres_KIO",1,0,1,0,,95,,9,,875,,88,,2,,28,,44,,52,,56,,6,,3333,,4375,,6014,,6592,,6829,,7135
193,"Torre_Picasso",,8,,9,,95,,9667,,95,,88,,1667,,375,,5417,,6667,,6667,,6667,,2759,,5294,,6899,,7891,,7835,,7586
194,"The_Palace_of_Parliament_in_Bucharest",1,0,,9,,95,,9667,,95,,96,,2,,2,,24,,24,,44,,68,,3333,,3273,,3832,,3845,,6014,,7961
195,"Ernest_Hemingway_House",,6,,7,,8,,8,,85,,82,,12,,24,,44,,52,,56,,6,,2,,3574,,5677,,6303,,6752,,693
196,"Castel_dellOvo_Napoli",,6,,7,,8,,8333,,85,,88,,12,,24,,4,,56,,64,,68,,2,,3574,,5333,,6699,,7302,,7672
197,"Villa_Borghese_gardens",1,0,,9,,95,,9667,,95,,96,,2,,28,,36,,56,,6,,76,,3333,,4271,,5221,,7092,,7355,,8484
198,"Saint_Marks_Basilica",1,0,1,0,1,0,1,0,1,0,1,0,,16,,32,,48,,52,,52,,52,,2759,,4848,,6486,,6842,,6842,,6842
199,"Mausoleum_of_the_First_Qin_Emperor",,8,,9,,95,,8667,,75,,8,,16,,32,,4,,48,,52,,52,,2667,,4721,,563,,6178,,6142,,6303
200,"Mausoleum_of_Hadrian",,8,,7,,75,,7667,,825,,84,,1667,,2778,,5,,6111,,6667,,6667,,2759,,3977,,6,,6801,,7374,,7434
201,"Piazza_de_Ferrari",1,0,1,0,1,0,,9667,,925,,9,,2105,,3158,,4211,,4211,,4737,,5263,,3478,,48,,5926,,5866,,6265,,6642
202,"George_Washington_Carver",,2,,6,,75,,8,,7,,7,,0625,,1875,,375,,5,,5625,,625,,0952,,2857,,5,,6154,,6238,,6604
203,"Cathedral_of_Santiago_de_Compostela",,8,,8,,85,,9,,875,,86,,1176,,2353,,5294,,6471,,7059,,8235,,2051,,3636,,6525,,7529,,7814,,8414
204,"Saint-Jacques_Tower",,8,,9,,9,,8333,,85,,78,,2308,,4615,,6154,,6154,,6923,,6923,,3582,,6102,,731,,708,,7631,,7335
205,"Calakmul_Campeche_Mexico",,8,,7,,8,,8,,825,,84,,2143,,2143,,5,,5714,,6429,,7857,,338,,3281,,6154,,6667,,7226,,812
206,"Bran_Castle_in_Transylvania",,8,,8,,85,,8667,,875,,9,,1579,,1579,,4211,,5263,,6316,,6842,,2637,,2637,,5631,,6549,,7336,,7774
207,"Mosteiro_da_Batalha",1,0,1,0,1,0,1,0,1,0,1,0,,2632,,3684,,5789,,5789,,6842,,6842,,4167,,5385,,7333,,7333,,8125,,8125
208,"Wartburg_Castle",1,0,1,0,,95,,9333,,9,,92,,15,,3,,5,,6,,65,,75,,2609,,4615,,6552,,7304,,7548,,8263
209,"Fujian_Tulou_Fujian_China",,8,,9,,95,,9667,,975,,98,,1667,,3333,,6111,,6667,,6667,,7778,,2759,,4865,,7438,,7891,,7919,,8673
210,"Alabama_State_Capitol",,8,,6,,6,,6667,,725,,72,,1905,,2857,,5238,,6667,,7143,,8571,,3077,,3871,,5593,,6667,,7196,,7826
211,"Palazzo_dAccursio",1,0,,7,,75,,7667,,775,,76,,2222,,2778,,3333,,3889,,4444,,4444,,3636,,3977,,4615,,516,,5649,,5609
212,"Casa_Grande_Ruins",,8,,9,,8,,8,,825,,84,,2353,,2941,,3529,,4118,,4706,,4706,,3636,,4433,,4898,,5437,,5993,,6032
213,"Stravinsky_Fountain",1,0,,9,,85,,9,,875,,9,,2667,,2667,,4,,4,,6667,,6667,,4211,,4114,,544,,5538,,7568,,766
214,"Angel_Falls_Venezuela",,6,,3,,45,,5333,,525,,46,,1765,,1765,,3529,,5294,,6471,,6471,,2727,,2222,,3956,,5314,,5797,,5377
215,"Statue_of_George_IV",,6,,6,,6,,4667,,425,,44,,375,,5,,625,,625,,625,,75,,4615,,5455,,6122,,5344,,506,,5546
216,"Palacio_Barolo",1,0,,9,,85,,8333,,875,,9,,1765,,3529,,4706,,5294,,5882,,6471,,3,,507,,6058,,6475,,7035,,7529
217,"Bridge_of_Remembrance_Christchurch_New_Zealand",,6,,5,,55,,7,,775,,78,,25,,3333,,5,,75,,9167,1,0,,3529,,4,,5238,,7241,,8399,,8764
218,"John_A._Roebling_Suspension_Bridge",,8,,5,,45,,4667,,5,,56,,2667,,3333,,5333,,6667,,6667,,8,,4,,4,,4881,,549,,5714,,6588
219,"Blue_Dome_Santorini",,8,,8,,75,,8333,,875,,88,,25,,4375,,625,,625,,75,,8125,,381,,5657,,6818,,7143,,8077,,8449
220,"Fossar_de_les_Moreres",,4,,5,,55,,7,,675,,56,,0714,,2143,,3571,,6429,,7857,,7857,,1212,,3,,4331,,6702,,7262,,6539
221,"Luxor_Obelisk_France",1,0,,8,,8,,7667,,775,,78,,1875,,3125,,375,,4375,,4375,,5,,3158,,4494,,5106,,5571,,5593,,6094
222,"Valle_de_los_Caidos",,8,,9,,9,,8667,,9,,88,,15,,35,,6,,65,,75,,75,,2526,,504,,72,,7429,,8182,,8098
--------------------
"--","Avg.",P@5,P@10,P@20,P@30,P@40,P@50,CR@5,CR@10,CR@20,CR@30,CR@40,CR@50,F1@5,F1@10,F1@20,F1@30,F1@40,F1@50
,,,7748,,7739,,7815,,7805,,7783,,7756,,1531,,2597,,4082,,5008,,5732,,6258,,2508,,38,,5251,,598,,6477,,6793