--------------------
"Run name","output_runTAMURASilhouette"
--------------------
"Average P@20 = ",,7002
"Average CR@20 = ",,3698
"Average F1@20 = ",,4728
--------------------
"Query Id ","Location name",P@5,P@10,P@20,P@30,P@40,P@50,CR@5,CR@10,CR@20,CR@30,CR@40,CR@50,F1@5,F1@10,F1@20,F1@30,F1@40,F1@50
1,"angel_of_the_north",1,0,,9,,85,,9,,9,,84,,16,,32,,48,,6,,76,,8,,2759,,4721,,6135,,72,,8241,,8195
2,"big_ben",1,0,1,0,1,0,1,0,1,0,1,0,,1364,,3182,,5,,5909,,6818,,6818,,24,,4828,,6667,,7429,,8108,,8108
3,"hearst_castle",1,0,,9,,95,,9667,,95,,94,,2083,,2917,,5833,,75,,7917,,8333,,3448,,4406,,7228,,8447,,8636,,8835
4,"la_madeleine",,8,,5,,5,,4333,,375,,36,,2143,,2143,,4286,,5,,5714,,5714,,338,,3,,4615,,4643,,4528,,4417
5,"pont_alexandre_iii",,8,,9,,8,,8333,,8,,84,,16,,24,,36,,44,,56,,6,,2667,,3789,,4966,,5759,,6588,,7
6,"neues_museum",,8,,7,,65,,7333,,75,,74,,12,,2,,28,,4,,52,,64,,2087,,3111,,3914,,5176,,6142,,6864
7,"montezuma_castle",,8,,8,,7,,6667,,7,,72,,25,,4167,,5,,75,,8333,,8333,,381,,5479,,5833,,7059,,7609,,7725
8,"cn_tower",,6,,6,,6,,5,,475,,56,,125,,2083,,375,,4583,,5,,625,,2069,,3093,,4615,,4783,,4872,,5907
9,"acropolis_athens",,8,,7,,8,,7667,,775,,74,,1429,,2381,,381,,4762,,5238,,5238,,2424,,3553,,5161,,5875,,6251,,6134
10,"agra_fort",1,0,1,0,,9,,8667,,875,,8,,2,,36,,48,,56,,72,,72,,3333,,5294,,6261,,6804,,79,,7579
11,"albert_memorial",,8,,9,,85,,8,,775,,78,,1818,,2273,,3636,,4545,,5,,5909,,2963,,3629,,5094,,5797,,6078,,6724
12,"altes_museum",,8,,9,,8,,8333,,8,,8,,125,,2083,,25,,4167,,625,,75,,2162,,3383,,381,,5556,,7018,,7742
13,"amiens_cathedral",1,0,1,0,,95,,9667,,975,,98,,16,,24,,36,,48,,6,,76,,2759,,3871,,5221,,6415,,7429,,8561
14,"angkor_wat",,6,,5,,6,,6,,65,,68,,12,,2,,28,,44,,6,,68,,2,,2857,,3818,,5077,,624,,68
15,"ara_pacis",,8,,8,,7,,6333,,65,,62,,1818,,3182,,4545,,5455,,5909,,6364,,2963,,4553,,5512,,5861,,619,,6281
16,"arc_de_triomphe",,2,,4,,4,,4667,,5,,5,,0417,,1667,,2083,,375,,4167,,4167,,069,,2353,,274,,4158,,4545,,4545
17,"aztec_ruins",,6,,4,,35,,2667,,25,,24,,12,,16,,24,,24,,28,,36,,2,,2286,,2847,,2526,,2642,,288
18,"berlin_cathedral",1,0,1,0,1,0,1,0,,95,,9,,2,,32,,48,,6,,64,,72,,3333,,4848,,6486,,75,,7648,,8
19,"bok_tower_gardens",1,0,1,0,,9,,9333,,95,,92,,16,,24,,32,,44,,68,,8,,2759,,3871,,4721,,5981,,7926,,8558
20,"brandenburg_gate",,8,,9,,9,,8667,,875,,82,,12,,2,,44,,52,,56,,64,,2087,,3273,,591,,65,,6829,,7189
21,"cabrillo",,2,,1,,1,,0667,,075,,1,,0769,,0769,,1538,,1538,,2308,,3846,,1111,,087,,1212,,093,,1132,,1587
22,"casa_batllo",1,0,1,0,,95,,9667,,975,,98,,16,,24,,4,,52,,56,,64,,2759,,3871,,563,,6762,,7114,,7743
23,"casa_rosada",1,0,1,0,,9,,8,,775,,78,,2,,32,,44,,52,,64,,72,,3333,,4848,,591,,6303,,7011,,7488
24,"castillo_de_san_marcos",1,0,,9,,85,,8333,,8,,82,,2,,28,,56,,68,,68,,68,,3333,,4271,,6752,,7489,,7351,,7435
25,"chartres_cathedral",,8,,9,,9,,9333,,95,,94,,16,,28,,52,,72,,8,,84,,2667,,4271,,6592,,8129,,8686,,8872
26,"chichen_itza",1,0,1,0,1,0,1,0,,975,,96,,12,,2,,32,,36,,48,,48,,2143,,3333,,4848,,5294,,6433,,64
27,"christ_the_redeemer_rio",,6,,6,,5,,4667,,375,,44,,1304,,2174,,3478,,3913,,4348,,4783,,2143,,3191,,4103,,4257,,4027,,4583
28,"civic_center_san_francisco",,4,,3,,2,,2333,,2,,18,,08,,12,,16,,16,,2,,24,,1333,,1714,,1778,,1898,,2,,2057
29,"cologne_cathedral",1,0,,9,,95,,9333,,95,,94,,16,,2,,36,,48,,64,,72,,2759,,3273,,5221,,634,,7648,,8154
30,"colosseum",1,0,,8,,8,,8,,85,,86,,16,,24,,48,,6,,6,,6,,2759,,3692,,6,,6857,,7034,,7068
31,"doge_s_palace",1,0,1,0,,95,,9333,,9,,88,,2,,28,,44,,48,,6,,64,,3333,,4375,,6014,,634,,72,,7411
32,"eiffel_tower",1,0,1,0,1,0,1,0,,975,,96,,16,,28,,48,,56,,6,,68,,2759,,4375,,6486,,7179,,7429,,7961
33,"golden_gate_bridge",1,0,,9,,9,,9333,,95,,94,,2174,,3478,,5217,,6522,,6957,,6957,,3571,,5017,,6606,,7678,,8032,,7996
34,"grand_palais",1,0,,8,,9,,9,,9,,9,,1818,,2273,,5,,5,,5,,5909,,3077,,354,,6429,,6429,,6429,,7134
35,"guggenheim_museum_bilbao",1,0,1,0,,95,,9,,925,,92,,2,,36,,48,,52,,52,,56,,3333,,5294,,6378,,6592,,6657,,6962
36,"hagia_sophia_istanbul",1,0,,9,,9,,9,,9,,88,,16,,24,,36,,48,,6,,64,,2759,,3789,,5143,,6261,,72,,7411
37,"hoover_dam",,6,,6,,8,,8667,,875,,88,,08,,16,,32,,52,,6,,72,,1412,,2526,,4571,,65,,7119,,792
38,"humayun_tomb",,4,,4,,65,,6333,,725,,74,,08,,16,,44,,56,,6,,64,,1333,,2286,,5248,,5944,,6566,,6864
39,"iguazu_falls",,8,,6,,7,,8,,8,,8,,08,,16,,32,,52,,64,,64,,1455,,2526,,4392,,6303,,7111,,7111
40,"iolani_palace",1,0,,8,,7,,7,,7,,68,,2,,28,,44,,56,,72,,84,,3333,,4148,,5404,,6222,,7099,,7516
41,"la_mezquita",,4,,2,,45,,4667,,525,,52,,0833,,0833,,2917,,4167,,625,,7083,,1379,,1176,,3539,,4403,,5707,,5997
42,"la_rambla_barcelona",,4,,6,,7,,7667,,725,,74,,08,,16,,36,,48,,52,,64,,1333,,2526,,4755,,5904,,6056,,6864
43,"la_sainte_chapelle",,8,,8,,85,,9,,925,,94,,12,,28,,44,,64,,68,,76,,2087,,4148,,5798,,7481,,7838,,8405
44,"liberty_memorial",,0,,1,,15,,2,,275,,36,,0,,04,,12,,24,,28,,44,,0,,0571,,1333,,2182,,2775,,396
45,"lincoln_home",,0,,0,,0,,0333,,05,,16,,0,,0,,0,,0556,,1111,,3889,,0,,0,,0,,0417,,069,,2267
46,"machu_picchu",1,0,,9,,9,,9,,825,,8,,12,,24,,4,,64,,68,,72,,2143,,3789,,5538,,7481,,7455,,7579
47,"marble_arch_london",,0,,1,,1,,1333,,15,,16,,0,,0833,,1667,,25,,3333,,4167,,0,,0909,,125,,1739,,2069,,2312
48,"milan_cathedral",1,0,1,0,1,0,,9667,,925,,94,,16,,32,,52,,56,,56,,68,,2759,,4848,,6842,,7092,,6976,,7891
49,"mole_antonelliana",,4,,5,,65,,6667,,675,,7,,08,,16,,4,,56,,64,,72,,1333,,2424,,4952,,6087,,657,,7099
50,"mont_saint_michel",1,0,1,0,,95,,9333,,95,,96,,2,,32,,44,,52,,56,,56,,3333,,4848,,6014,,6679,,7046,,7074
51,"moulin_rouge",,0,,0,,2,,2,,225,,22,,0,,0,,375,,5,,625,,875,,0,,0,,2609,,2857,,3309,,3516
52,"nelson_s_column",1,0,,8,,8,,7333,,775,,8,,1667,,2083,,3333,,4583,,5417,,625,,2857,,3306,,4706,,5641,,6377,,7018
53,"notre_dame_de_paris",1,0,,9,,75,,7333,,8,,76,,2,,28,,36,,52,,6,,68,,3333,,4271,,4865,,6085,,6857,,7178
54,"obelisco",,0,,1,,1,,0667,,05,,06,,0,,0909,,1818,,1818,,1818,,2727,,0,,0952,,129,,0976,,0784,,0984
55,"piccadilly_circus",,4,,4,,35,,5,,525,,58,,087,,1739,,1739,,3478,,4348,,5652,,1429,,2424,,2324,,4103,,4757,,5725
56,"place_de_la_concorde",1,0,1,0,1,0,1,0,,975,,96,,2,,24,,44,,6,,68,,68,,3333,,3871,,6111,,75,,8012,,7961
57,"place_de_la_republique",,2,,2,,15,,1333,,15,,14,,125,,25,,375,,5,,625,,625,,1538,,2222,,2143,,2105,,2419,,2288
58,"place_des_vosges",1,0,,9,,9,,9333,,9,,86,,2,,32,,48,,6,,6,,64,,3333,,4721,,6261,,7304,,72,,7339
59,"pont_du_gard",,6,,6,,55,,6333,,575,,58,,12,,2,,4,,44,,52,,56,,2,,3,,4632,,5193,,5461,,5698
60,"pont_neuf",1,0,,9,,9,,8,,775,,72,,16,,24,,48,,64,,72,,76,,2759,,3789,,6261,,7111,,7465,,7395
61,"ponte_vecchio",,4,,7,,75,,7333,,775,,7,,0833,,2917,,375,,4167,,5417,,5417,,1379,,4118,,5,,5314,,6377,,6107
62,"puerta_de_alcala",,6,,5,,45,,4333,,425,,42,,1053,,1579,,3158,,4211,,5263,,6842,,1791,,24,,3711,,4271,,4703,,5205
63,"puerta_del_sol",1,0,,6,,6,,6,,575,,5,,25,,3,,45,,5,,5,,55,,4,,4,,5143,,5455,,5349,,5238
64,"red_fort",1,0,1,0,,9,,9,,875,,9,,2,,36,,48,,6,,64,,68,,3333,,5294,,6261,,72,,7393,,7747
65,"reims_cathedral",,6,,6,,65,,7,,725,,78,,12,,2,,36,,52,,64,,68,,2,,3,,4634,,5967,,6799,,7266
66,"rialto_bridge",,0,,2,,25,,2,,3,,26,,0,,0625,,125,,1875,,375,,375,,0,,0952,,1667,,1935,,3333,,3071
67,"roman_forum_rome",1,0,1,0,,95,,9667,,925,,92,,16,,28,,44,,72,,8,,84,,2759,,4375,,6014,,8253,,858,,8782
68,"sacre_coeur",,6,,5,,4,,4333,,475,,48,,0833,,1667,,25,,3333,,375,,4583,,1463,,25,,3077,,3768,,4191,,4689
69,"sagrada_familia",1,0,,9,,95,,9,,9,,92,,2,,36,,56,,68,,72,,76,,3333,,5143,,7046,,7747,,8,,8324
70,"santa_maria_novella",,6,,6,,8,,7333,,675,,64,,12,,2,,44,,52,,56,,56,,2,,3,,5677,,6085,,6121,,5973
71,"schonbrunn_palace",,8,,6,,65,,7,,725,,76,,12,,2,,28,,4,,52,,64,,2087,,3,,3914,,5091,,6056,,6949
72,"seville_cathedral",1,0,,8,,9,,9,,9,,9,,16,,28,,44,,64,,68,,68,,2759,,4148,,591,,7481,,7747,,7747
73,"spanish_steps",,4,,5,,6,,6667,,625,,6,,0909,,2273,,4091,,5455,,6364,,6818,,1481,,3125,,4865,,6,,6306,,6383
74,"st__basil_cathedral",,8,,8,,9,,8333,,8,,78,,08,,24,,36,,4,,44,,48,,1455,,3692,,5143,,5405,,5677,,5943
75,"statue_of_liberty",,6,,4,,5,,5,,55,,54,,12,,16,,24,,32,,4,,44,,2,,2286,,3243,,3902,,4632,,4849
76,"stonehenge",,4,,6,,5,,6333,,625,,62,,1053,,2632,,4737,,7368,,7895,,7895,,1667,,3659,,4865,,6812,,6977,,6945
77,"summer_palace_beijing",,6,,8,,7,,7333,,725,,76,,12,,28,,44,,48,,52,,64,,2,,4148,,5404,,5802,,6056,,6949
78,"sydney_opera_house",,6,,5,,6,,6667,,7,,68,,12,,16,,28,,4,,56,,68,,2,,2424,,3818,,5,,6222,,68
79,"teotihuacan",1,0,,8,,85,,8333,,825,,78,,16,,24,,36,,52,,64,,68,,2759,,3692,,5058,,6404,,7208,,7266
80,"terracotta_army",,2,,2,,3,,4667,,55,,62,,05,,1,,25,,45,,6,,7,,08,,1333,,2727,,4582,,5739,,6576
81,"the_blue_mosque",1,0,,7,,7,,7333,,725,,74,,16,,2,,24,,4,,52,,6,,2759,,3111,,3574,,5176,,6056,,6627
82,"the_henry_ford",1,0,1,0,,9,,8333,,775,,76,,16,,24,,4,,48,,6,,68,,2759,,3871,,5538,,6091,,6764,,7178
83,"taj_mahal",,6,,8,,8,,7333,,8,,8,,12,,2,,28,,32,,36,,56,,2,,32,,4148,,4456,,4966,,6588
84,"tour_montparnasse",,4,,3,,4,,3667,,35,,38,,1,,15,,3,,35,,45,,55,,16,,2,,3429,,3581,,3937,,4495
85,"tower_bridge_london",,6,,5,,6,,6,,525,,56,,12,,12,,36,,44,,44,,48,,2,,1935,,45,,5077,,4788,,5169
86,"trafalgar_square",,6,,6,,45,,4,,475,,46,,1364,,2273,,2727,,3182,,5,,5909,,2222,,3297,,3396,,3544,,4872,,5173
87,"leaning_tower_of_pisa",1,0,1,0,,8,,7333,,775,,74,,16,,24,,32,,44,,64,,68,,2759,,3871,,4571,,55,,7011,,7087
88,"hermitage_museum_saint_petersburg",,6,,7,,7,,7333,,7,,74,,12,,24,,4,,4,,44,,56,,2,,3574,,5091,,5176,,5404,,6375
89,"jantar_mantar_jaipur",,8,,9,,85,,8,,8,,74,,12,,32,,48,,56,,72,,72,,2087,,4721,,6135,,6588,,7579,,7299
90,"lake_titicaca_peru",,4,,4,,3,,2333,,35,,42,,0833,,0833,,1667,,2083,,375,,5,,1379,,1379,,2143,,2201,,3621,,4565
91,"the_great_wall_of_china",,6,,6,,65,,6333,,65,,7,,12,,16,,36,,48,,64,,68,,2,,2526,,4634,,5461,,645,,6899
92,"grande_arche_paris",,8,,7,,7,,6,,625,,64,,12,,16,,32,,44,,48,,56,,2087,,2605,,4392,,5077,,543,,5973
93,"el_angel_mexico",,0,,0,,05,,1333,,175,,22,,0,,0,,0476,,1905,,3333,,5238,,0,,0,,0488,,1569,,2295,,3099
94,"bibliotheque_nationale_de_france",1,0,1,0,,95,,9,,85,,82,,04,,16,,32,,4,,44,,6,,0769,,2759,,4787,,5538,,5798,,693
95,"kronborg_castle",1,0,1,0,,9,,9333,,875,,84,,1667,,2917,,4167,,5,,5833,,5833,,2857,,4516,,5696,,6512,,7,,6885
96,"ajanta_caves",1,0,,9,,85,,8333,,85,,86,,1818,,2727,,4545,,5455,,5909,,6364,,3077,,4186,,5923,,6593,,6972,,7315
97,"atomium",1,0,1,0,1,0,1,0,,95,,94,,1429,,1905,,3333,,4286,,6667,,7619,,25,,32,,5,,6,,7835,,8416
98,"ellora_caves",1,0,1,0,1,0,,9333,,925,,92,,1364,,2273,,3636,,5,,5455,,6364,,24,,3704,,5333,,6512,,6862,,7523
99,"potala_palace",,4,,6,,65,,7,,725,,76,,1111,,1667,,2778,,3889,,6111,,6111,,1739,,2609,,3892,,5,,6632,,6775
100,"jokhang",,6,,6,,5,,5667,,625,,66,,12,,2,,28,,44,,6,,6,,2,,3,,359,,4954,,6122,,6286
101,"rila_monastery",1,0,1,0,,95,,8667,,875,,84,,12,,2,,32,,36,,36,,4,,2143,,3333,,4787,,5087,,5101,,5419
102,"louvre_pyramid",1,0,1,0,,95,,9333,,9,,88,,2222,,2778,,4444,,6111,,6111,,6667,,3636,,4348,,6056,,7386,,7279,,7586
103,"brooklyn_bridge",1,0,,9,,9,,8667,,875,,9,,1905,,1905,,381,,4762,,4762,,619,,32,,3144,,5353,,6147,,6167,,7335
104,"tower_of_london",,8,,8,,7,,6667,,625,,6,,1304,,3043,,5217,,5217,,5652,,5652,,2243,,4409,,5979,,5854,,5936,,5821
105,"british_museum_london",1,0,1,0,,95,,9667,,975,,96,,1,,15,,3,,45,,5,,65,,1818,,2609,,456,,6141,,661,,7752
106,"buckingham_palace",,0,,2,,35,,3,,3,,3,,0,,1,,35,,4,,45,,55,,0,,1333,,35,,3429,,36,,3882
107,"charles_bridge_prague",,8,,9,,75,,7667,,625,,62,,125,,25,,3333,,4583,,4583,,5417,,2162,,3913,,4615,,5737,,5288,,5782
108,"champs_elysees_paris",,6,,5,,5,,5333,,5,,52,,2,,2,,3333,,5333,,5333,,6,,3,,2857,,4,,5333,,5161,,5571
109,"chrysler_building",1,0,1,0,,95,,9333,,875,,86,,2143,,3571,,5,,5714,,5714,,6429,,3529,,5263,,6552,,7089,,6914,,7357
110,"moma_new_york",1,0,1,0,,85,,8667,,85,,84,,2632,,3158,,5263,,5789,,6316,,6316,,4167,,48,,6501,,6942,,7247,,721
111,"grand_central_terminal",1,0,1,0,1,0,1,0,1,0,,98,,1429,,1429,,2857,,5238,,7143,,7143,,25,,25,,4444,,6875,,8333,,8263
112,"houses_of_parliament",1,0,,8,,7,,6667,,725,,78,,1739,,2174,,4348,,4783,,5217,,5217,,2963,,3419,,5364,,557,,6068,,6253
113,"alexanderplatz_berlin",,4,,6,,65,,5667,,525,,56,,08,,2,,4,,52,,52,,64,,1333,,3,,4952,,5423,,5225,,5973
114,"centre_pompidou",,8,,8,,75,,6333,,625,,62,,1667,,3333,,3889,,4444,,5,,5556,,2759,,4706,,5122,,5223,,5556,,586
115,"sydney_harbour_bridge",,0,,3,,55,,6333,,65,,66,,0,,1875,,375,,5,,5625,,625,,0,,2308,,4459,,5588,,6031,,642
116,"pier_39",1,0,1,0,,95,,9333,,95,,92,,1429,,2381,,5238,,5714,,6667,,7143,,25,,3846,,6753,,7089,,7835,,8042
117,"coit_tower",,4,,6,,65,,5333,,6,,58,,1333,,2,,3333,,3333,,4667,,4667,,2,,3,,4407,,4103,,525,,5172
118,"st_paul_s_cathedral_london",,8,,6,,55,,6667,,7,,7,,1765,,2353,,2941,,4706,,7647,,8235,,2892,,338,,3833,,5517,,7309,,7568
119,"cloud_gate",,8,,8,,85,,7667,,8,,78,,25,,4167,,6667,,75,,8333,,8333,,381,,5479,,7473,,7582,,8163,,8058
120,"musee_d_orsay",1,0,,9,,95,,9333,,95,,94,,2381,,3333,,4762,,5238,,5714,,6667,,3846,,4865,,6344,,671,,7136,,7801
121,"pike_place_market",,8,,7,,75,,7333,,75,,72,,1429,,1905,,381,,4286,,5238,,5714,,2424,,2995,,5053,,541,,6168,,6372
122,"royal_palace_madrid",1,0,,9,,8,,7667,,775,,76,,2273,,3182,,4545,,5455,,6364,,6364,,3704,,4701,,5797,,6374,,6989,,6927
123,"sony_center_berlin",,8,,9,,9,,9,,9,,9,,0952,,1905,,2857,,381,,4762,,5238,,1702,,3144,,4337,,5353,,6228,,6622
124,"red_square_moscow",1,0,,7,,4,,5333,,525,,54,,1905,,1905,,1905,,381,,4286,,5238,,32,,2995,,2581,,4444,,4719,,5318
125,"prague_castle",,6,,8,,7,,7333,,775,,82,,08,,24,,36,,52,,64,,72,,1412,,3692,,4755,,6085,,7011,,7668
126,"musee_du_louvre",,8,,9,,9,,9333,,95,,94,,12,,24,,36,,52,,68,,72,,2087,,3789,,5143,,6679,,7926,,8154
127,"millennium_bridge_london",1,0,1,0,,85,,8333,,825,,8,,12,,28,,36,,48,,6,,68,,2143,,4375,,5058,,6091,,6947,,7351
128,"casa_mila",,8,,9,,95,,9333,,95,,96,,12,,16,,2,,4,,56,,64,,2087,,2717,,3304,,56,,7046,,768
129,"national_gallery_london",,0,,4,,35,,3333,,425,,42,,0,,1818,,2273,,3636,,6818,,7273,,0,,25,,2756,,3478,,5236,,5325
130,"national_mall",,4,,4,,45,,5,,55,,54,,08,,16,,28,,32,,44,,48,,1333,,2286,,3452,,3902,,4889,,5082
131,"london_city_hall",,6,,6,,65,,6,,6,,64,,1,,25,,55,,6,,65,,7,,1714,,3529,,5958,,6,,624,,6687
132,"holocaust_memorial",,6,,6,,55,,5,,45,,46,,125,,1875,,375,,5,,5,,5,,2069,,2857,,4459,,5,,4737,,4792
133,"columbus_circle",,4,,6,,65,,6,,55,,5,,08,,2,,28,,32,,4,,48,,1333,,3,,3914,,4174,,4632,,4898
134,"siegessaeule",,6,,8,,8,,7,,625,,62,,12,,28,,4,,52,,52,,56,,2,,4148,,5333,,5967,,5677,,5885
135,"jardin_du_luxembourg",1,0,1,0,,95,,9333,,95,,94,,2,,32,,56,,72,,84,,84,,3333,,4848,,7046,,8129,,8916,,8872
136,"merlion_singapore",,2,,5,,5,,4667,,475,,46,,0455,,1818,,3636,,4091,,5909,,6364,,0741,,2667,,4211,,436,,5267,,534
137,"harrods_london",,8,,9,,9,,9,,9,,84,,12,,2,,4,,52,,6,,64,,2087,,3273,,5538,,6592,,72,,7265
138,"metropolitan_museum_of_art_new_york",1,0,,9,,9,,8667,,875,,88,,16,,28,,48,,56,,6,,68,,2759,,4271,,6261,,6804,,7119,,7672
139,"new_york_stock_exchange",,4,,3,,35,,3667,,35,,38,,1,,1,,15,,3,,35,,4,,16,,15,,21,,33,,35,,3897
140,"stephansdom_vienna",,4,,5,,65,,6333,,7,,68,,08,,2,,32,,44,,56,,6,,1333,,2857,,4289,,5193,,6222,,6375
141,"hms_belfast",,8,,9,,9,,8667,,825,,78,,12,,24,,44,,52,,72,,76,,2087,,3789,,591,,65,,7689,,7699
142,"leicester_square",,6,,8,,75,,6667,,65,,62,,12,,28,,32,,32,,36,,4,,2,,4148,,4486,,4324,,4634,,4863
143,"ciudad_de_las_artes_y_las_ciencias",1,0,1,0,1,0,,9667,,925,,92,,08,,16,,36,,48,,56,,64,,1481,,2759,,5294,,6415,,6976,,7549
144,"topkapi_palace",1,0,1,0,1,0,,9667,,975,,98,,12,,2,,36,,48,,64,,72,,2143,,3333,,5294,,6415,,7728,,8301
145,"royal_albert_hall",,8,,7,,65,,5667,,6,,6,,08,,16,,24,,28,,36,,4,,1455,,2605,,3506,,3748,,45,,48
146,"st_vitus_cathedral",1,0,1,0,1,0,,9667,,975,,96,,2,,28,,44,,52,,68,,76,,3333,,4375,,6111,,6762,,8012,,8484
147,"castello_sforzesco",1,0,1,0,,9,,9,,875,,88,,12,,24,,36,,44,,52,,64,,2143,,3871,,5143,,591,,6523,,7411
148,"rijksmuseum_amsterdam",1,0,,9,,95,,9667,,975,,98,,08,,24,,36,,44,,56,,64,,1481,,3789,,5221,,6047,,7114,,7743
149,"dam_square",,8,,8,,6,,6,,55,,52,,12,,2,,32,,44,,44,,52,,2087,,32,,4174,,5077,,4889,,52
150,"rathaus_vienna",1,0,,7,,55,,5333,,525,,5,,16,,24,,32,,44,,48,,56,,2759,,3574,,4046,,4822,,5015,,5283
151,"bath_abbey",1,0,1,0,,95,,8333,,8,,76,,16,,32,,48,,52,,6,,64,,2759,,4848,,6378,,6404,,6857,,6949
152,"salisbury_cathedral",1,0,1,0,1,0,,9,,925,,86,,16,,24,,4,,44,,44,,52,,2759,,3871,,5714,,591,,5963,,6481
153,"templo_de_debod",,4,,5,,45,,3667,,35,,34,,0909,,2273,,2727,,3636,,3636,,4091,,1481,,3125,,3396,,3651,,3567,,3714
154,"Niagara_Falls",,6,,6,,45,,4667,,4,,44,,0909,,2273,,2727,,3182,,3636,,5,,1579,,3297,,3396,,3784,,381,,4681
155,"Golden_Gate_Bridge_in_San_Francisco",,8,,9,,85,,9,,925,,94,,1818,,3636,,5455,,7727,,7727,,7727,,2963,,518,,6645,,8315,,842,,8482
156,"Neuschwanstein_Castle",1,0,,9,,9,,8333,,825,,86,,2,,28,,44,,68,,76,,8,,3333,,4271,,591,,7489,,7912,,8289
157,"Christ_Church_Cathedral_Missouri",,8,,8,,85,,7667,,825,,84,,12,,24,,4,,48,,56,,68,,2087,,3692,,544,,5904,,6671,,7516
158,"Mount_Rushmore_in_South_Dakota",1,0,,8,,9,,9,,875,,84,,16,,24,,32,,4,,52,,56,,2759,,3692,,4721,,5538,,6523,,672
159,"Puerta_de_Toledo",,0,,1,,1,,1333,,1,,08,,0,,5,1,0,1,0,1,0,1,0,,0,,1667,,1818,,2353,,1818,,1481
160,"Urquhart_Castle",1,0,1,0,,95,,9,,875,,86,,1667,,25,,5417,,625,,7083,,7083,,2857,,4,,6899,,7377,,7829,,7768
161,"Gare_du_Nord_Paris",,4,,5,,45,,5,,425,,4,,08,,2,,28,,36,,36,,44,,1333,,2857,,3452,,4186,,3898,,419
162,"Newgrange_in_Ireland",,8,,8,,7,,6333,,65,,64,,1667,,2083,,375,,4167,,5,,625,,2759,,3306,,4884,,5026,,5652,,6324
163,"Windmills_at_Kinderdijk",1,0,,9,,95,,9667,,95,,9,,16,,28,,44,,6,,68,,68,,2759,,4271,,6014,,7404,,7926,,7747
164,"Conciergerie",1,0,1,0,1,0,,9667,,975,,98,,2,,24,,36,,48,,64,,8,,3333,,3871,,5294,,6415,,7728,,8809
165,"Palazzo_Madama",1,0,,9,,75,,6333,,6,,58,,1818,,3182,,5,,5,,5455,,5909,,3077,,4701,,6,,5588,,5714,,5854
166,"Split_Rock_Lighthouse",,6,,6,,65,,5667,,5,,46,,08,,16,,28,,32,,32,,36,,1412,,2526,,3914,,409,,3902,,4039
167,"The_Little_Mermaid_Denmark",,2,,1,,1,,0667,,05,,04,,0714,,0714,,1429,,1429,,1429,,1429,,1053,,0833,,1176,,0909,,0741,,0625
168,"Great_Pyramid_of_Giza",1,0,,9,,9,,8667,,825,,76,,2,,2,,5333,,6667,,7333,,7333,,3333,,3273,,6698,,7536,,7765,,7464
169,"Pitti_Palace",,8,,4,,45,,4333,,475,,48,,1818,,1818,,2727,,3636,,4545,,5,,2963,,25,,3396,,3954,,4645,,4898
170,"Georgia_State_Capitol",,0,,0,,05,,0333,,075,,06,,0,,0,,0526,,0526,,1579,,1579,,0,,0,,0513,,0408,,1017,,087
171,"Dome_des_Invalides",,8,,9,,8,,8667,,875,,9,,16,,24,,28,,32,,48,,56,,2667,,3789,,4148,,4674,,6199,,6904
172,"Reggia_di_Caserta",,8,,7,,75,,7333,,725,,72,,08,,16,,36,,48,,56,,6,,1455,,2605,,4865,,5802,,6319,,6545
173,"The_Burj_al_Arab_Hotel",,2,,4,,55,,5,,55,,54,,04,,16,,32,,4,,44,,44,,0667,,2286,,4046,,4444,,4889,,4849
174,"Elephanta_Caves",1,0,1,0,1,0,,9667,,975,,96,,2083,,2917,,4583,,5417,,5833,,6667,,3448,,4516,,6286,,6943,,7299,,7869
175,"Basilica_of_Santa_Croce",1,0,1,0,1,0,,9667,,95,,96,,16,,28,,48,,56,,64,,64,,2759,,4375,,6486,,7092,,7648,,768
176,"Aachen_Cathedral",,8,,8,,85,,9,,925,,92,,12,,2,,4,,6,,64,,68,,2087,,32,,544,,72,,7565,,782
177,"Monument_to_the_Great_Fire_of_London",,8,,6,,5,,5667,,575,,56,,16,,2,,32,,44,,48,,64,,2667,,3,,3902,,4954,,5232,,5973
178,"Longmen_Grottoes",,6,,6,,7,,5333,,575,,58,,12,,24,,44,,48,,56,,68,,2,,3429,,5404,,5053,,5674,,626
179,"Louisiana_State_Capitol",,8,,7,,65,,6,,45,,42,,12,,2,,36,,52,,52,,52,,2087,,3111,,4634,,5571,,4825,,4647
180,"The_Great_Sphinx_at_Giza",,6,,6,,6,,6,,55,,54,,12,,16,,24,,36,,48,,6,,2,,2526,,3429,,45,,5126,,5684
181,"Teatro_Real_Madrid",,6,,7,,7,,6333,,575,,56,,1304,,2609,,4783,,5217,,5652,,6522,,2143,,3801,,5683,,5721,,5701,,6026
182,"Palacio_de_la_Magdalena",,6,,6,,7,,6,,625,,64,,12,,2,,48,,52,,72,,8,,2,,3,,5695,,5571,,6691,,7111
183,"Sowjetisches_Ehrenmal",,6,,7,,6,,5667,,6,,62,,12,,24,,32,,4,,48,,6,,2,,3574,,4174,,469,,5333,,6098
184,"Cathedral_of_Trier",,6,,7,,8,,7667,,775,,76,,12,,24,,28,,36,,44,,48,,2,,3574,,4148,,4899,,5613,,5884
185,"Saint_Mary_of_the_Flower",,0,,2,,25,,2333,,325,,36,,0,,08,,16,,24,,44,,48,,0,,1143,,1951,,2366,,3739,,4114
186,"Skellig_Michael",1,0,,9,,95,,9667,,875,,88,,16,,28,,4,,44,,52,,6,,2759,,4271,,563,,6047,,6523,,7135
187,"Chicago_Board_of_Trade_Building",,0,,2,,15,,1667,,225,,22,,0,,0909,,0909,,1818,,3182,,3636,,0,,125,,1132,,1739,,2636,,2741
188,"Pont_de_Normandie_France",,8,,7,,7,,6667,,625,,58,,1053,,2105,,3684,,4737,,5263,,5789,,186,,3237,,4828,,5538,,5714,,5795
189,"Palazzo_Rosso",,0,,0,,05,,0333,,025,,06,,0,,0,,0417,,0417,,0417,,125,,0,,0,,0455,,037,,0312,,0811
190,"Piazza_Vittorio_Veneto",,8,,6,,55,,5333,,5,,44,,1875,,25,,4375,,5,,625,,6875,,3038,,3529,,4873,,5161,,5556,,5366
191,"Sforza_Castle",,8,,9,,95,,9333,,9,,88,,12,,24,,48,,6,,64,,68,,2087,,3789,,6378,,7304,,7481,,7672
192,"Torres_KIO",1,0,1,0,,9,,8667,,85,,86,,12,,16,,32,,48,,52,,6,,2143,,2759,,4721,,6178,,6453,,7068
193,"Torre_Picasso",1,0,,8,,8,,8,,75,,76,,1667,,25,,4167,,5,,625,,7083,,2857,,381,,5479,,6154,,6818,,7333
194,"The_Palace_of_Parliament_in_Bucharest",1,0,1,0,1,0,1,0,,975,,92,,16,,32,,4,,52,,56,,6,,2759,,4848,,5714,,6842,,7114,,7263
195,"Ernest_Hemingway_House",,8,,7,,55,,5667,,625,,62,,12,,24,,36,,48,,6,,68,,2087,,3574,,4352,,5197,,6122,,6486
196,"Castel_dellOvo_Napoli",1,0,,9,,75,,7,,675,,66,,16,,24,,4,,56,,6,,64,,2759,,3789,,5217,,6222,,6353,,6498
197,"Villa_Borghese_gardens",,6,,8,,8,,8333,,8,,82,,12,,28,,36,,52,,52,,6,,2,,4148,,4966,,6404,,6303,,693
198,"Saint_Marks_Basilica",,8,,8,,8,,8,,825,,86,,12,,24,,44,,52,,56,,64,,2087,,3692,,5677,,6303,,6671,,7339
199,"Mausoleum_of_the_First_Qin_Emperor",,4,,7,,75,,7667,,775,,82,,08,,2,,4,,56,,6,,72,,1333,,3111,,5217,,6472,,6764,,7668
200,"Mausoleum_of_Hadrian",,6,,4,,45,,5,,5,,52,,1111,,1667,,2778,,3333,,3889,,4444,,1875,,2353,,3435,,4,,4375,,4793
201,"Piazza_de_Ferrari",1,0,,8,,8,,8,,8,,82,,2105,,3158,,5263,,6316,,7895,,8421,,3478,,4528,,6349,,7059,,7947,,8309
202,"George_Washington_Carver",,0,,5,,55,,5667,,55,,54,,0,,1875,,3125,,375,,4375,,5,,0,,2727,,3986,,4513,,4873,,5192
203,"Cathedral_of_Santiago_de_Compostela",,8,,7,,6,,6,,625,,6,,1176,,2353,,4706,,5882,,6471,,7647,,2051,,3522,,5275,,5941,,6358,,6724
204,"Saint-Jacques_Tower",1,0,,8,,8,,7,,725,,76,,2308,,2308,,4615,,4615,,6154,,7692,,375,,3582,,5854,,5563,,6657,,7646
205,"Calakmul_Campeche_Mexico",,4,,4,,35,,3333,,275,,28,,0714,,1429,,3571,,4286,,4286,,5,,1212,,2105,,3535,,375,,335,,359
206,"Bran_Castle_in_Transylvania",1,0,,8,,8,,8,,85,,86,,1579,,2105,,3158,,5263,,7895,,7895,,2727,,3333,,4528,,6349,,8186,,8232
207,"Mosteiro_da_Batalha",1,0,1,0,1,0,1,0,,975,,98,,2632,,4211,,5263,,6316,,6316,,6842,,4167,,5926,,6897,,7742,,7666,,8058
208,"Wartburg_Castle",1,0,,9,,8,,8667,,875,,88,,2,,35,,4,,5,,5,,6,,3333,,504,,5333,,6341,,6364,,7135
209,"Fujian_Tulou_Fujian_China",,8,,8,,85,,9,,925,,94,,1111,,2222,,4444,,5556,,6667,,7778,,1951,,3478,,5837,,687,,7749,,8512
210,"Alabama_State_Capitol",,4,,5,,55,,4667,,475,,56,,0952,,1905,,381,,5238,,619,,7619,,1538,,2759,,4501,,4936,,5375,,6455
211,"Palazzo_dAccursio",,6,,5,,45,,5333,,525,,48,,1111,,2222,,2778,,3333,,3889,,4444,,1875,,3077,,3435,,4103,,4468,,4615
212,"Casa_Grande_Ruins",,8,,7,,75,,7,,675,,7,,1765,,2353,,2941,,3529,,5294,,5294,,2892,,3522,,4225,,4693,,5934,,6029
213,"Stravinsky_Fountain",1,0,1,0,1,0,,9,,9,,88,,2667,,3333,,4,,5333,,6,,6667,,4211,,5,,5714,,6698,,72,,7586
214,"Angel_Falls_Venezuela",1,0,,8,,6,,6667,,6,,52,,2353,,2941,,4118,,5882,,6471,,6471,,381,,4301,,4884,,625,,6226,,5766
215,"Statue_of_George_IV",,0,,0,,0,,0333,,05,,04,,0,,0,,0,,125,,25,,25,,0,,0,,0,,0526,,0833,,069
216,"Palacio_Barolo",1,0,,9,,85,,9,,925,,94,,2353,,3529,,5294,,6471,,7059,,7059,,381,,507,,6525,,7529,,8007,,8063
217,"Bridge_of_Remembrance_Christchurch_New_Zealand",,2,,1,,05,,0333,,025,,02,,0833,,0833,,0833,,0833,,0833,,0833,,1176,,0909,,0625,,0476,,0385,,0323
218,"John_A._Roebling_Suspension_Bridge",,6,,7,,7,,6,,6,,52,,1333,,2667,,4667,,5333,,7333,,8,,2182,,3862,,56,,5647,,66,,6303
219,"Blue_Dome_Santorini",,6,,5,,65,,5333,,525,,46,,1875,,3125,,5625,,5625,,625,,625,,2857,,3846,,6031,,5475,,5707,,53
220,"Fossar_de_les_Moreres",,8,,8,,65,,6333,,55,,52,,2143,,4286,,5,,5,,5,,5,,338,,5581,,5652,,5588,,5238,,5098
221,"Luxor_Obelisk_France",,8,,8,,8,,8,,825,,84,,125,,25,,4375,,4375,,4375,,5,,2162,,381,,5657,,5657,,5718,,6269
222,"Valle_de_los_Caidos",,8,,9,,95,,9667,,925,,88,,1,,25,,5,,55,,65,,75,,1778,,3913,,6552,,7011,,7635,,8098
--------------------
"--","Avg.",P@5,P@10,P@20,P@30,P@40,P@50,CR@5,CR@10,CR@20,CR@30,CR@40,CR@50,F1@5,F1@10,F1@20,F1@30,F1@40,F1@50
,,,7198,,7081,,7002,,6902,,6884,,6849,,1314,,2246,,3698,,4695,,5507,,6132,,2202,,3349,,4728,,5468,,5983,,6323