--------------------
"Run name","output_runLUMDunnIndex"
--------------------
"Average P@20 = ",,7759
"Average CR@20 = ",,4069
"Average F1@20 = ",,5234
--------------------
"Query Id ","Location name",P@5,P@10,P@20,P@30,P@40,P@50,CR@5,CR@10,CR@20,CR@30,CR@40,CR@50,F1@5,F1@10,F1@20,F1@30,F1@40,F1@50
1,"angel_of_the_north",1,0,1,0,1,0,1,0,1,0,1,0,,2,,28,,44,,56,,72,,72,,3333,,4375,,6111,,7179,,8372,,8372
2,"big_ben",,8,,9,,8,,8,,775,,8,,1818,,2273,,3636,,4091,,5,,5909,,2963,,3629,,5,,5414,,6078,,6797
3,"hearst_castle",1,0,,9,,95,,8667,,85,,86,,2083,,3333,,5417,,6667,,75,,8333,,3448,,4865,,6899,,7536,,7969,,8465
4,"la_madeleine",,2,,1,,3,,2667,,275,,28,,0714,,0714,,2857,,4286,,5714,,5714,,1053,,0833,,2927,,3288,,3713,,3758
5,"pont_alexandre_iii",1,0,1,0,1,0,1,0,1,0,,96,,12,,24,,32,,48,,56,,64,,2143,,3871,,4848,,6486,,7179,,768
6,"neues_museum",,2,,1,,35,,5667,,675,,62,,04,,04,,28,,6,,76,,76,,0667,,0571,,3111,,5829,,715,,6829
7,"montezuma_castle",,6,,8,,5,,6333,,7,,66,,25,,5,,5,,6667,,75,,75,,3529,,6154,,5,,6496,,7241,,7021
8,"cn_tower",,6,,6,,8,,6667,,675,,64,,125,,2083,,375,,4583,,5833,,625,,2069,,3093,,5106,,5432,,6258,,6324
9,"acropolis_athens",1,0,,9,,9,,9,,925,,9,,2381,,3333,,381,,4286,,5714,,619,,3846,,4865,,5353,,5806,,7064,,7335
10,"agra_fort",,8,,9,,8,,8667,,875,,88,,12,,24,,44,,48,,6,,72,,2087,,3789,,5677,,6178,,7119,,792
11,"albert_memorial",,8,,8,,65,,7333,,775,,78,,1364,,1364,,1818,,3636,,4545,,5909,,233,,233,,2842,,4862,,573,,6724
12,"altes_museum",,8,,9,,55,,5667,,65,,7,,125,,3333,,4167,,5417,,625,,75,,2162,,4865,,4741,,5539,,6373,,7241
13,"amiens_cathedral",1,0,1,0,,95,,9667,,975,,98,,12,,32,,52,,72,,8,,84,,2143,,4848,,6721,,8253,,8789,,9046
14,"angkor_wat",1,0,,6,,75,,8333,,85,,82,,16,,2,,36,,52,,64,,72,,2759,,3,,4865,,6404,,7302,,7668
15,"ara_pacis",,8,,8,,7,,6667,,675,,66,,1818,,3182,,5,,5455,,6364,,6364,,2963,,4553,,5833,,6,,6551,,648
16,"arc_de_triomphe",,8,,9,,75,,7667,,65,,64,,125,,2083,,4583,,5833,,6667,,7083,,2162,,3383,,569,,6626,,6582,,6724
17,"aztec_ruins",,0,,0,,3,,2,,325,,32,,0,,0,,2,,2,,32,,44,,0,,0,,24,,2,,3225,,3705
18,"berlin_cathedral",1,0,,9,,95,,9333,,95,,96,,12,,28,,52,,6,,64,,68,,2143,,4271,,6721,,7304,,7648,,7961
19,"bok_tower_gardens",1,0,,7,,85,,9,,925,,9,,2,,28,,48,,64,,64,,72,,3333,,4,,6135,,7481,,7565,,8
20,"brandenburg_gate",1,0,1,0,1,0,1,0,,975,,9,,2,,28,,4,,6,,68,,72,,3333,,4375,,5714,,75,,8012,,8
21,"cabrillo",,0,,3,,15,,1333,,1,,1,,0,,2308,,2308,,3077,,3077,,3846,,0,,2609,,1818,,186,,1509,,1587
22,"casa_batllo",1,0,1,0,1,0,1,0,,975,,98,,16,,2,,48,,56,,68,,72,,2759,,3333,,6486,,7179,,8012,,8301
23,"casa_rosada",,6,,8,,85,,9,,9,,92,,12,,2,,36,,52,,6,,68,,2,,32,,5058,,6592,,72,,782
24,"castillo_de_san_marcos",,6,,8,,75,,7667,,825,,8,,08,,16,,36,,52,,68,,72,,1412,,2667,,4865,,6197,,7455,,7579
25,"chartres_cathedral",1,0,1,0,,95,,9333,,925,,94,,2,,28,,56,,64,,72,,8,,3333,,4375,,7046,,7593,,8097,,8644
26,"chichen_itza",1,0,,9,,9,,9,,925,,9,,2,,2,,4,,6,,72,,8,,3333,,3273,,5538,,72,,8097,,8471
27,"christ_the_redeemer_rio",,0,,5,,55,,5667,,525,,54,,0,,1739,,3478,,4348,,5217,,6087,,0,,2581,,4262,,492,,5234,,5723
28,"civic_center_san_francisco",,6,,7,,65,,5333,,575,,56,,08,,24,,32,,36,,48,,48,,1412,,3574,,4289,,4299,,5232,,5169
29,"cologne_cathedral",1,0,1,0,,95,,9333,,95,,96,,2,,28,,48,,48,,56,,6,,3333,,4375,,6378,,634,,7046,,7385
30,"colosseum",1,0,1,0,1,0,,9333,,85,,88,,12,,24,,48,,52,,64,,76,,2143,,3871,,6486,,6679,,7302,,8156
31,"doge_s_palace",1,0,,9,,85,,9,,875,,88,,16,,2,,36,,4,,4,,44,,2759,,3273,,5058,,5538,,549,,5867
32,"eiffel_tower",1,0,1,0,1,0,,9333,,925,,88,,2,,24,,36,,44,,48,,56,,3333,,3871,,5294,,5981,,632,,6844
33,"golden_gate_bridge",1,0,,9,,9,,8667,,8,,78,,2174,,3043,,4783,,5217,,5217,,6087,,3571,,4549,,6246,,6514,,6316,,6838
34,"grand_palais",1,0,1,0,,95,,9333,,925,,9,,1818,,3182,,5,,5455,,6364,,7273,,3077,,4828,,6552,,6885,,754,,8045
35,"guggenheim_museum_bilbao",1,0,1,0,1,0,,9333,,925,,94,,2,,24,,52,,6,,64,,72,,3333,,3871,,6842,,7304,,7565,,8154
36,"hagia_sophia_istanbul",1,0,1,0,1,0,,9333,,95,,96,,2,,32,,36,,52,,68,,72,,3333,,4848,,5294,,6679,,7926,,8229
37,"hoover_dam",1,0,1,0,,9,,9,,9,,9,,12,,2,,36,,48,,64,,72,,2143,,3333,,5143,,6261,,7481,,8
38,"humayun_tomb",,4,,4,,6,,6667,,725,,74,,08,,16,,32,,44,,56,,68,,1333,,2286,,4174,,5301,,6319,,7087
39,"iguazu_falls",,6,,8,,85,,7667,,775,,78,,12,,24,,36,,4,,56,,64,,2,,3692,,5058,,5257,,6502,,7031
40,"iolani_palace",1,0,1,0,,7,,7,,625,,62,,16,,24,,32,,48,,52,,56,,2759,,3871,,4392,,5695,,5677,,5885
41,"la_mezquita",,8,,9,,8,,7667,,675,,64,,125,,2917,,375,,4583,,5833,,6667,,2162,,4406,,5106,,5737,,6258,,6531
42,"la_rambla_barcelona",,8,,9,,85,,9,,925,,9,,08,,12,,28,,36,,48,,52,,1455,,2118,,4212,,5143,,632,,6592
43,"la_sainte_chapelle",1,0,,9,,95,,9333,,95,,94,,2,,36,,52,,64,,8,,84,,3333,,5143,,6721,,7593,,8686,,8872
44,"liberty_memorial",,8,,6,,75,,6667,,675,,64,,12,,16,,32,,44,,52,,56,,2087,,2526,,4486,,5301,,5874,,5973
45,"lincoln_home",1,0,,9,,85,,9,,725,,68,,2222,,2778,,5556,,6667,,6667,,6667,,3636,,4245,,6719,,766,,6946,,6733
46,"machu_picchu",1,0,,9,,75,,8,,85,,86,,16,,28,,4,,6,,68,,76,,2759,,4271,,5217,,6857,,7556,,8069
47,"marble_arch_london",,8,,5,,4,,3333,,375,,34,,1667,,1667,,25,,3333,,6667,,6667,,2759,,25,,3077,,3333,,48,,4503
48,"milan_cathedral",,8,,9,,8,,8667,,9,,9,,12,,24,,44,,56,,68,,72,,2087,,3789,,5677,,6804,,7747,,8
49,"mole_antonelliana",1,0,,9,,7,,7667,,675,,68,,16,,28,,36,,44,,52,,56,,2759,,4271,,4755,,5591,,5874,,6142
50,"mont_saint_michel",1,0,1,0,1,0,,9667,,95,,94,,2,,28,,4,,52,,64,,72,,3333,,4375,,5714,,6762,,7648,,8154
51,"moulin_rouge",,0,,0,,05,,1333,,1,,12,,0,,0,,125,,5,,5,,5,,0,,0,,0714,,2105,,1667,,1935
52,"nelson_s_column",,8,,9,,95,,9667,,975,,96,,125,,2917,,5,,5417,,75,,8333,,2162,,4406,,6552,,6943,,8478,,8922
53,"notre_dame_de_paris",1,0,,9,,95,,8667,,875,,86,,2,,24,,52,,52,,56,,64,,3333,,3789,,6721,,65,,6829,,7339
54,"obelisco",,2,,1,,15,,2,,175,,18,,0909,,0909,,1818,,3636,,4545,,5455,,125,,0952,,1644,,2581,,2527,,2707
55,"piccadilly_circus",1,0,,8,,75,,7,,725,,72,,2174,,3478,,5217,,5652,,6522,,6957,,3571,,4848,,6154,,6254,,6867,,7076
56,"place_de_la_concorde",1,0,1,0,1,0,1,0,1,0,1,0,,2,,2,,4,,48,,68,,68,,3333,,3333,,5714,,6486,,8095,,8095
57,"place_de_la_republique",,2,,3,,25,,1667,,125,,14,,125,,375,,5,,5,,5,,625,,1538,,3333,,3333,,25,,2,,2288
58,"place_des_vosges",1,0,,9,,95,,8333,,725,,74,,16,,2,,48,,6,,68,,8,,2759,,3273,,6378,,6977,,7018,,7688
59,"pont_du_gard",,8,,8,,9,,8,,75,,76,,16,,2,,36,,48,,52,,56,,2667,,32,,5143,,6,,6142,,6448
60,"pont_neuf",1,0,,9,,9,,7333,,675,,62,,16,,24,,44,,48,,52,,6,,2759,,3789,,591,,5802,,5874,,6098
61,"ponte_vecchio",1,0,,9,,85,,8,,8,,84,,125,,2083,,375,,5417,,5833,,625,,2222,,3383,,5204,,646,,6747,,7167
62,"puerta_de_alcala",,2,,1,,45,,6,,65,,62,,0526,,0526,,2632,,4737,,6316,,6842,,0833,,069,,3321,,5294,,6407,,6505
63,"puerta_del_sol",,4,,3,,45,,3,,325,,36,,1,,15,,35,,35,,4,,5,,16,,2,,3937,,3231,,3586,,4186
64,"red_fort",1,0,1,0,1,0,,9667,,975,,98,,2,,4,,68,,72,,76,,76,,3333,,5714,,8095,,8253,,8542,,8561
65,"reims_cathedral",1,0,1,0,1,0,1,0,,925,,94,,2,,24,,4,,52,,6,,64,,3333,,3871,,5714,,6842,,7279,,7615
66,"rialto_bridge",1,0,,9,,6,,5,,375,,44,,1875,,3125,,375,,5625,,5625,,6875,,3158,,4639,,4615,,5294,,45,,5366
67,"roman_forum_rome",,6,,7,,8,,6667,,675,,68,,12,,2,,36,,44,,52,,56,,2,,3111,,4966,,5301,,5874,,6142
68,"sacre_coeur",,4,,5,,55,,6,,5,,5,,0833,,2083,,375,,5,,5417,,5833,,1379,,2941,,4459,,5455,,52,,5385
69,"sagrada_familia",,8,,9,,95,,8667,,9,,92,,12,,2,,36,,44,,56,,6,,2087,,3273,,5221,,5837,,6904,,7263
70,"santa_maria_novella",1,0,,5,,6,,5333,,6,,62,,16,,16,,32,,4,,56,,68,,2759,,2424,,4174,,4571,,5793,,6486
71,"schonbrunn_palace",1,0,1,0,1,0,1,0,1,0,1,0,,2,,32,,44,,52,,68,,72,,3333,,4848,,6111,,6842,,8095,,8372
72,"seville_cathedral",,6,,8,,85,,9,,925,,9,,12,,28,,4,,56,,64,,68,,2,,4148,,544,,6904,,7565,,7747
73,"spanish_steps",1,0,,9,,75,,8,,675,,66,,1364,,2273,,4545,,5909,,6364,,6818,,24,,3629,,566,,6797,,6551,,6707
74,"st__basil_cathedral",1,0,1,0,,9,,8333,,85,,84,,16,,32,,48,,6,,64,,64,,2759,,4848,,6261,,6977,,7302,,7265
75,"statue_of_liberty",,8,,8,,8,,8667,,875,,86,,12,,16,,32,,48,,52,,6,,2087,,2667,,4571,,6178,,6523,,7068
76,"stonehenge",,2,,3,,55,,5,,525,,52,,0526,,1579,,3684,,4211,,4737,,5789,,0833,,2069,,4413,,4571,,498,,5479
77,"summer_palace_beijing",,8,,7,,85,,9,,85,,86,,16,,2,,4,,56,,64,,68,,2667,,3111,,544,,6904,,7302,,7595
78,"sydney_opera_house",1,0,,9,,85,,8667,,9,,92,,12,,28,,44,,56,,6,,64,,2143,,4271,,5798,,6804,,72,,7549
79,"teotihuacan",1,0,,8,,6,,7,,75,,74,,2,,28,,36,,56,,68,,76,,3333,,4148,,45,,6222,,7133,,7499
80,"terracotta_army",,8,,8,,4,,5,,6,,58,,2,,4,,4,,55,,6,,7,,32,,5333,,4,,5238,,6,,6344
81,"the_blue_mosque",,8,,9,,9,,9,,925,,92,,12,,24,,48,,64,,68,,68,,2087,,3789,,6261,,7481,,7838,,782
82,"the_henry_ford",1,0,,8,,55,,5667,,65,,66,,16,,24,,32,,44,,6,,68,,2759,,3692,,4046,,4954,,624,,6699
83,"taj_mahal",,8,,9,,85,,9,,9,,88,,08,,24,,36,,48,,56,,56,,1455,,3789,,5058,,6261,,6904,,6844
84,"tour_montparnasse",,8,,8,,7,,5333,,475,,5,,15,,25,,4,,45,,5,,55,,2526,,381,,5091,,4881,,4872,,5238
85,"tower_bridge_london",,6,,6,,6,,5333,,575,,56,,12,,2,,36,,44,,56,,6,,2,,3,,45,,4822,,5674,,5793
86,"trafalgar_square",,6,,6,,45,,4667,,45,,46,,1364,,1818,,2273,,2727,,4091,,5,,2222,,2791,,302,,3443,,4286,,4792
87,"leaning_tower_of_pisa",,8,,6,,5,,5667,,625,,6,,12,,16,,24,,36,,52,,52,,2087,,2526,,3243,,4403,,5677,,5571
88,"hermitage_museum_saint_petersburg",1,0,,9,,85,,9,,9,,88,,16,,2,,36,,56,,64,,64,,2759,,3273,,5058,,6904,,7481,,7411
89,"jantar_mantar_jaipur",,6,,8,,9,,9,,875,,86,,12,,28,,48,,68,,72,,84,,2,,4148,,6261,,7747,,79,,8499
90,"lake_titicaca_peru",,2,,4,,5,,6,,575,,6,,0417,,1667,,2917,,4583,,5,,625,,069,,2353,,3684,,5197,,5349,,6122
91,"the_great_wall_of_china",1,0,,8,,9,,8667,,85,,84,,2,,24,,44,,52,,56,,64,,3333,,3692,,591,,65,,6752,,7265
92,"grande_arche_paris",,4,,5,,55,,6333,,6,,66,,08,,12,,32,,4,,48,,48,,1333,,1935,,4046,,4903,,5333,,5558
93,"el_angel_mexico",,6,,8,,6,,6667,,55,,54,,0952,,2857,,4286,,6667,,6667,,6667,,1644,,4211,,5,,6667,,6027,,5967
94,"bibliotheque_nationale_de_france",,4,,6,,7,,7333,,75,,78,,08,,12,,36,,52,,64,,68,,1333,,2,,4755,,6085,,6906,,7266
95,"kronborg_castle",,6,,7,,65,,7,,775,,82,,125,,2917,,4583,,5417,,625,,6667,,2069,,4118,,5376,,6107,,692,,7354
96,"ajanta_caves",1,0,,9,,95,,9667,,95,,9,,1818,,2727,,5,,5455,,5909,,6364,,3077,,4186,,6552,,6974,,7286,,7456
97,"atomium",,8,,9,,9,,9333,,95,,96,,1429,,2857,,4286,,4762,,5238,,5238,,2424,,4337,,5806,,6306,,6753,,6778
98,"ellora_caves",1,0,1,0,,95,,9667,,975,,96,,1818,,3182,,5,,5909,,5909,,5909,,3077,,4828,,6552,,7335,,7358,,7315
99,"potala_palace",1,0,1,0,1,0,,8333,,775,,72,,2222,,3333,,5556,,6667,,7222,,7778,,3636,,5,,7143,,7407,,7477,,7478
100,"jokhang",,8,,9,,8,,8667,,825,,8,,12,,24,,44,,68,,72,,76,,2087,,3789,,5677,,7621,,7689,,7795
101,"rila_monastery",,6,,7,,85,,9,,875,,9,,12,,2,,36,,44,,48,,52,,2,,3111,,5058,,591,,6199,,6592
102,"louvre_pyramid",1,0,1,0,1,0,,9667,,975,,92,,1111,,2778,,4444,,5556,,7222,,7222,,2,,4348,,6154,,7056,,8298,,8092
103,"brooklyn_bridge",1,0,1,0,,85,,9,,85,,84,,1429,,1905,,3333,,4762,,5714,,619,,25,,32,,4789,,6228,,6834,,7128
104,"tower_of_london",,4,,7,,75,,6667,,675,,7,,087,,1304,,2174,,3913,,4783,,6087,,1429,,2199,,3371,,4932,,5598,,6512
105,"british_museum_london",1,0,1,0,1,0,,9333,,95,,92,,15,,25,,45,,6,,6,,6,,2609,,4,,6207,,7304,,7355,,7263
106,"buckingham_palace",,4,,4,,25,,3333,,375,,4,,1,,2,,2,,3,,4,,4,,16,,2667,,2222,,3158,,3871,,4
107,"charles_bridge_prague",1,0,1,0,,75,,6333,,6,,64,,1667,,2917,,375,,4167,,5417,,5833,,2857,,4516,,5,,5026,,5693,,6104
108,"champs_elysees_paris",,4,,6,,7,,6,,525,,54,,0667,,2667,,4667,,6,,6,,6667,,1143,,3692,,56,,6,,56,,5967
109,"chrysler_building",1,0,1,0,1,0,,9667,,975,,98,,2143,,3571,,6429,,7143,,7857,,7857,,3529,,5263,,7826,,8215,,8702,,8722
110,"moma_new_york",,8,,8,,9,,9333,,85,,86,,1579,,2105,,4737,,4737,,6316,,6316,,2637,,3333,,6207,,6284,,7247,,7283
111,"grand_central_terminal",1,0,1,0,1,0,1,0,1,0,1,0,,0952,,2381,,381,,5238,,5714,,5714,,1739,,3846,,5517,,6875,,7273,,7273
112,"houses_of_parliament",1,0,1,0,1,0,,9333,,875,,88,,1304,,3043,,3478,,4348,,5217,,5217,,2308,,4667,,5161,,5932,,6537,,6551
113,"alexanderplatz_berlin",,8,,4,,6,,6667,,7,,64,,12,,12,,32,,44,,56,,56,,2087,,1846,,4174,,5301,,6222,,5973
114,"centre_pompidou",1,0,1,0,,85,,9,,85,,8,,1667,,3333,,4444,,6111,,7778,,7778,,2857,,5,,5837,,7279,,8123,,7887
115,"sydney_harbour_bridge",1,0,1,0,1,0,1,0,1,0,1,0,,25,,3125,,4375,,5,,625,,6875,,4,,4762,,6087,,6667,,7692,,8148
116,"pier_39",,8,,9,,95,,9,,9,,9,,0952,,2381,,4286,,4762,,5714,,619,,1702,,3766,,5907,,6228,,699,,7335
117,"coit_tower",,6,,7,,65,,7,,7,,72,,2,,2667,,5333,,6,,6,,6667,,3,,3862,,5859,,6462,,6462,,6923
118,"st_paul_s_cathedral_london",1,0,1,0,,9,,8667,,775,,78,,2353,,2941,,5294,,7059,,7647,,8235,,381,,4545,,6667,,7781,,7698,,8012
119,"cloud_gate",,6,,8,,45,,6,,675,,72,,1667,,3333,,3333,,5,,6667,,6667,,2609,,4706,,383,,5455,,6708,,6923
120,"musee_d_orsay",,8,,9,,9,,9,,875,,88,,1429,,2381,,3333,,4286,,4762,,7143,,2424,,3766,,4865,,5806,,6167,,7885
121,"pike_place_market",1,0,,9,,8,,7333,,8,,84,,2381,,2857,,381,,4762,,5238,,619,,3846,,4337,,5161,,5774,,6331,,7128
122,"royal_palace_madrid",,8,,9,,8,,8667,,875,,88,,1818,,2727,,3182,,6364,,6818,,6818,,2963,,4186,,4553,,7339,,7664,,7683
123,"sony_center_berlin",,8,,9,,85,,9,,825,,86,,0952,,1905,,2857,,3333,,381,,5714,,1702,,3144,,4277,,4865,,5212,,6866
124,"red_square_moscow",,6,,8,,7,,7,,675,,66,,0952,,1905,,3333,,3333,,4286,,4762,,1644,,3077,,4516,,4516,,5243,,5532
125,"prague_castle",1,0,1,0,1,0,,9333,,85,,84,,2,,28,,6,,64,,76,,8,,3333,,4375,,75,,7593,,8025,,8195
126,"musee_du_louvre",1,0,1,0,1,0,1,0,1,0,1,0,,2,,32,,44,,6,,72,,72,,3333,,4848,,6111,,75,,8372,,8372
127,"millennium_bridge_london",,8,,7,,8,,8,,8,,82,,16,,24,,44,,48,,56,,6,,2667,,3574,,5677,,6,,6588,,693
128,"casa_mila",,8,,9,,85,,8667,,9,,92,,12,,24,,4,,44,,52,,6,,2087,,3789,,544,,5837,,6592,,7263
129,"national_gallery_london",1,0,,8,,65,,7667,,65,,64,,1364,,2727,,4545,,5909,,6364,,6364,,24,,4068,,535,,6674,,6431,,6382
130,"national_mall",,8,,9,,85,,8667,,825,,84,,12,,28,,4,,6,,68,,76,,2087,,4271,,544,,7091,,7455,,798
131,"london_city_hall",1,0,1,0,,95,,8,,725,,76,,25,,4,,6,,65,,7,,7,,4,,5714,,7355,,7172,,7123,,7288
132,"holocaust_memorial",,8,,6,,65,,6,,5,,5,,25,,3125,,4375,,5,,625,,625,,381,,411,,523,,5455,,5556,,5556
133,"columbus_circle",,6,,5,,6,,6,,55,,58,,12,,2,,4,,48,,56,,64,,2,,2857,,48,,5333,,555,,6085
134,"siegessaeule",,8,,9,,85,,6333,,575,,58,,16,,28,,48,,52,,56,,64,,2667,,4271,,6135,,5711,,5674,,6085
135,"jardin_du_luxembourg",1,0,1,0,1,0,1,0,,95,,96,,16,,32,,6,,64,,72,,84,,2759,,4848,,75,,7805,,8192,,896
136,"merlion_singapore",,4,,2,,35,,4667,,4,,46,,0909,,0909,,2727,,4545,,5455,,6364,,1481,,125,,3066,,4605,,4615,,534
137,"harrods_london",1,0,1,0,,75,,8,,825,,84,,16,,32,,4,,52,,6,,64,,2759,,4848,,5217,,6303,,6947,,7265
138,"metropolitan_museum_of_art_new_york",1,0,1,0,,95,,9667,,975,,96,,16,,28,,44,,6,,72,,72,,2759,,4375,,6014,,7404,,8283,,8229
139,"new_york_stock_exchange",,8,,9,,7,,6,,525,,6,,15,,25,,35,,45,,55,,65,,2526,,3913,,4667,,5143,,5372,,624
140,"stephansdom_vienna",1,0,1,0,1,0,,9667,,975,,98,,16,,36,,56,,6,,72,,76,,2759,,5294,,7179,,7404,,8283,,8561
141,"hms_belfast",,8,,9,,95,,9,,925,,94,,16,,28,,48,,56,,64,,76,,2667,,4271,,6378,,6904,,7565,,8405
142,"leicester_square",,8,,9,,8,,7667,,775,,78,,16,,24,,4,,48,,52,,52,,2667,,3789,,5333,,5904,,6224,,624
143,"ciudad_de_las_artes_y_las_ciencias",1,0,1,0,,95,,9667,,975,,96,,16,,24,,32,,48,,56,,68,,2759,,3871,,4787,,6415,,7114,,7961
144,"topkapi_palace",1,0,,9,,95,,9333,,95,,96,,2,,32,,48,,56,,76,,76,,3333,,4721,,6378,,7,,8444,,8484
145,"royal_albert_hall",1,0,,8,,8,,6333,,6,,62,,16,,24,,32,,4,,48,,48,,2759,,3692,,4571,,4903,,5333,,5411
146,"st_vitus_cathedral",,8,,9,,95,,9,,925,,94,,16,,24,,36,,52,,6,,6,,2667,,3789,,5221,,6592,,7279,,7325
147,"castello_sforzesco",1,0,1,0,1,0,,9667,,9,,92,,16,,32,,4,,52,,52,,52,,2759,,4848,,5714,,6762,,6592,,6644
148,"rijksmuseum_amsterdam",1,0,,9,,95,,9667,,975,,98,,2,,24,,36,,56,,68,,68,,3333,,3789,,5221,,7092,,8012,,8029
149,"dam_square",,8,,9,,75,,6667,,6,,66,,12,,28,,36,,44,,56,,56,,2087,,4271,,4865,,5301,,5793,,6059
150,"rathaus_vienna",,6,,8,,8,,7,,625,,66,,12,,24,,24,,4,,48,,56,,2,,3692,,3692,,5091,,543,,6059
151,"bath_abbey",1,0,1,0,,95,,9333,,9,,92,,16,,24,,4,,52,,68,,76,,2759,,3871,,563,,6679,,7747,,8324
152,"salisbury_cathedral",1,0,1,0,1,0,1,0,1,0,,96,,12,,24,,32,,4,,48,,52,,2143,,3871,,4848,,5714,,6486,,6746
153,"templo_de_debod",,2,,4,,5,,5333,,5,,5,,0455,,1364,,2273,,3182,,4091,,5,,0741,,2034,,3125,,3986,,45,,5
154,"Niagara_Falls",,6,,6,,5,,6667,,625,,6,,0909,,1818,,2273,,4545,,5455,,5909,,1579,,2791,,3125,,5405,,5825,,5954
155,"Golden_Gate_Bridge_in_San_Francisco",,8,,9,,9,,9,,9,,92,,1364,,2273,,3636,,5455,,5455,,6364,,233,,3629,,518,,6792,,6792,,7523
156,"Neuschwanstein_Castle",1,0,1,0,,95,,9667,,975,,98,,16,,24,,36,,52,,56,,6,,2759,,3871,,5221,,6762,,7114,,7443
157,"Christ_Church_Cathedral_Missouri",1,0,1,0,1,0,,9333,,775,,8,,16,,28,,44,,56,,56,,6,,2759,,4375,,6111,,7,,6502,,6857
158,"Mount_Rushmore_in_South_Dakota",,8,,8,,9,,9333,,925,,92,,12,,24,,44,,56,,68,,72,,2087,,3692,,591,,7,,7838,,8078
159,"Puerta_de_Toledo",,2,,2,,1,,0667,,075,,06,,5,,5,,5,,5,1,0,1,0,,2857,,2857,,1667,,1176,,1395,,1132
160,"Urquhart_Castle",1,0,,9,,95,,9,,9,,9,,1667,,25,,3333,,5833,,625,,7083,,2857,,3913,,4935,,7079,,7377,,7927
161,"Gare_du_Nord_Paris",,8,,7,,85,,8333,,7,,74,,16,,2,,24,,4,,48,,56,,2667,,3111,,3743,,5405,,5695,,6375
162,"Newgrange_in_Ireland",,8,,7,,75,,7333,,675,,72,,1667,,2917,,4583,,5,,5,,5417,,2759,,4118,,569,,5946,,5745,,6182
163,"Windmills_at_Kinderdijk",1,0,1,0,,8,,8667,,85,,86,,12,,2,,32,,44,,48,,56,,2143,,3333,,4571,,5837,,6135,,6783
164,"Conciergerie",,8,,9,,95,,9667,,975,,98,,12,,28,,52,,52,,56,,6,,2087,,4271,,6721,,6762,,7114,,7443
165,"Palazzo_Madama",,8,,8,,75,,6667,,675,,72,,1818,,2727,,4091,,5,,7273,,8182,,2963,,4068,,5294,,5714,,7002,,766
166,"Split_Rock_Lighthouse",1,0,1,0,,9,,8667,,85,,86,,12,,2,,28,,44,,6,,6,,2143,,3333,,4271,,5837,,7034,,7068
167,"The_Little_Mermaid_Denmark",1,0,,8,,7,,6667,,65,,6,,2857,,3571,,4286,,5714,,7857,,7857,,4444,,4938,,5316,,6154,,7114,,6804
168,"Great_Pyramid_of_Giza",,6,,8,,75,,6333,,6,,58,,2,,4,,5333,,6,,6667,,8,,3,,5333,,6234,,6162,,6316,,6725
169,"Pitti_Palace",,4,,6,,65,,6,,5,,56,,0909,,2273,,3636,,4545,,4545,,5,,1481,,3297,,4664,,5172,,4762,,5283
170,"Georgia_State_Capitol",,2,,6,,45,,3,,225,,26,,0526,,2105,,2632,,2632,,2632,,2632,,0833,,3117,,3321,,2804,,2426,,2616
171,"Dome_des_Invalides",1,0,1,0,1,0,1,0,1,0,1,0,,12,,24,,4,,48,,56,,64,,2143,,3871,,5714,,6486,,7179,,7805
172,"Reggia_di_Caserta",1,0,,7,,55,,6,,55,,62,,2,,28,,4,,52,,56,,64,,3333,,4,,4632,,5571,,555,,6298
173,"The_Burj_al_Arab_Hotel",,6,,7,,85,,7667,,825,,84,,12,,24,,32,,4,,6,,64,,2,,3574,,465,,5257,,6947,,7265
174,"Elephanta_Caves",1,0,1,0,,95,,9667,,875,,9,,1667,,2917,,5417,,625,,6667,,6667,,2857,,4516,,6899,,7592,,7568,,766
175,"Basilica_of_Santa_Croce",1,0,1,0,1,0,1,0,1,0,1,0,,16,,2,,52,,52,,56,,6,,2759,,3333,,6842,,6842,,7179,,75
176,"Aachen_Cathedral",1,0,,9,,9,,9333,,925,,9,,16,,24,,36,,44,,6,,68,,2759,,3789,,5143,,5981,,7279,,7747
177,"Monument_to_the_Great_Fire_of_London",,6,,6,,4,,5333,,575,,58,,12,,24,,28,,44,,6,,68,,2,,3429,,3294,,4822,,5872,,626
178,"Longmen_Grottoes",,8,,8,,55,,6,,675,,58,,16,,32,,4,,52,,68,,72,,2667,,4571,,4632,,5571,,6775,,6425
179,"Louisiana_State_Capitol",,2,,4,,3,,3,,35,,36,,04,,12,,16,,28,,44,,56,,0667,,1846,,2087,,2897,,3899,,4383
180,"The_Great_Sphinx_at_Giza",1,0,1,0,,85,,9,,9,,92,,12,,24,,36,,52,,64,,72,,2143,,3871,,5058,,6592,,7481,,8078
181,"Teatro_Real_Madrid",,8,,9,,85,,6,,625,,66,,1739,,3478,,5652,,5652,,6957,,6957,,2857,,5017,,679,,5821,,6584,,6774
182,"Palacio_de_la_Magdalena",1,0,1,0,,85,,8,,775,,78,,16,,28,,36,,48,,64,,68,,2759,,4375,,5058,,6,,7011,,7266
183,"Sowjetisches_Ehrenmal",,8,,5,,6,,7,,7,,7,,16,,16,,32,,6,,68,,72,,2667,,2424,,4174,,6462,,6899,,7099
184,"Cathedral_of_Trier",1,0,1,0,1,0,,9,,925,,92,,16,,28,,48,,64,,8,,84,,2759,,4375,,6486,,7481,,858,,8782
185,"Saint_Mary_of_the_Flower",,0,,0,,1,,1667,,35,,42,,0,,0,,08,,12,,32,,36,,0,,0,,0889,,1395,,3343,,3877
186,"Skellig_Michael",,6,,6,,65,,6333,,65,,7,,12,,2,,36,,48,,56,,68,,2,,3,,4634,,5461,,6017,,6899
187,"Chicago_Board_of_Trade_Building",,8,,9,,9,,7,,575,,62,,1364,,2727,,3636,,4091,,4545,,5909,,233,,4186,,518,,5164,,5077,,6051
188,"Pont_de_Normandie_France",1,0,1,0,1,0,,9,,875,,78,,2632,,4737,,6842,,6842,,8421,,8947,,4167,,6429,,8125,,7774,,8582,,8334
189,"Palazzo_Rosso",,0,,0,,1,,1333,,1,,1,,0,,0,,0833,,1667,,1667,,1667,,0,,0,,0909,,1481,,125,,125
190,"Piazza_Vittorio_Veneto",1,0,,6,,35,,5,,475,,48,,25,,3125,,375,,6875,,9375,,9375,,4,,411,,3621,,5789,,6305,,6349
191,"Sforza_Castle",1,0,1,0,1,0,,9667,,95,,96,,16,,28,,48,,56,,64,,72,,2759,,4375,,6486,,7092,,7648,,8229
192,"Torres_KIO",,8,,9,,9,,9,,8,,8,,12,,24,,36,,52,,6,,6,,2087,,3789,,5143,,6592,,6857,,6857
193,"Torre_Picasso",,8,,9,,8,,7333,,75,,72,,125,,2917,,5,,5833,,7083,,75,,2162,,4406,,6154,,6498,,7286,,7347
194,"The_Palace_of_Parliament_in_Bucharest",,8,,9,,95,,9667,,9,,9,,12,,16,,32,,52,,52,,6,,2087,,2717,,4787,,6762,,6592,,72
195,"Ernest_Hemingway_House",1,0,,9,,85,,8,,8,,82,,2,,32,,4,,48,,56,,6,,3333,,4721,,544,,6,,6588,,693
196,"Castel_dellOvo_Napoli",,8,,7,,85,,8333,,85,,88,,12,,24,,48,,56,,72,,76,,2087,,3574,,6135,,6699,,7796,,8156
197,"Villa_Borghese_gardens",1,0,1,0,1,0,,9667,,975,,98,,12,,28,,56,,72,,76,,88,,2143,,4375,,7179,,8253,,8542,,9273
198,"Saint_Marks_Basilica",1,0,1,0,1,0,1,0,,925,,92,,12,,2,,24,,32,,48,,52,,2143,,3333,,3871,,4848,,632,,6644
199,"Mausoleum_of_the_First_Qin_Emperor",,8,,8,,75,,8,,775,,8,,16,,32,,48,,56,,6,,6,,2667,,4571,,5854,,6588,,6764,,6857
200,"Mausoleum_of_Hadrian",,4,,5,,7,,5333,,45,,48,,0556,,1667,,4444,,5,,5,,5556,,0976,,25,,5437,,5161,,4737,,515
201,"Piazza_de_Ferrari",1,0,1,0,,95,,9667,,875,,88,,2105,,3158,,5263,,5263,,5263,,5789,,3478,,48,,6774,,6816,,6573,,6984
202,"George_Washington_Carver",,2,,5,,6,,5333,,525,,52,,0625,,25,,5,,5625,,6875,,6875,,0952,,3333,,5455,,5475,,5954,,5921
203,"Cathedral_of_Santiago_de_Compostela",,8,,7,,75,,8,,775,,82,,1176,,1765,,3529,,5294,,7059,,7647,,2051,,2819,,48,,6372,,7388,,7914
204,"Saint-Jacques_Tower",1,0,,7,,8,,7,,75,,76,,2308,,2308,,3077,,4615,,6154,,6923,,375,,3471,,4444,,5563,,6761,,7246
205,"Calakmul_Campeche_Mexico",1,0,1,0,,95,,8667,,8,,8,,2143,,3571,,6429,,6429,,7857,,7857,,3529,,5263,,7668,,7382,,7928,,7928
206,"Bran_Castle_in_Transylvania",1,0,,9,,85,,8667,,9,,88,,1579,,2632,,4211,,5263,,6842,,7368,,2727,,4072,,5631,,6549,,7774,,8021
207,"Mosteiro_da_Batalha",1,0,1,0,1,0,1,0,1,0,1,0,,2105,,3684,,5263,,5789,,7368,,7895,,3478,,5385,,6897,,7333,,8485,,8824
208,"Wartburg_Castle",1,0,1,0,,95,,9333,,925,,92,,2,,4,,55,,7,,75,,8,,3333,,5714,,6967,,8,,8284,,8558
209,"Fujian_Tulou_Fujian_China",,8,,9,,95,,9667,,925,,94,,2222,,3333,,5,,6111,,7778,,8333,,3478,,4865,,6552,,7488,,845,,8835
210,"Alabama_State_Capitol",,4,,5,,75,,7333,,725,,74,,0952,,1905,,4762,,5714,,619,,8095,,1538,,2759,,5825,,6423,,6678,,7732
211,"Palazzo_dAccursio",,8,,8,,8,,7667,,65,,64,,1667,,2778,,3889,,5556,,6111,,6111,,2759,,4124,,5234,,6443,,63,,6252
212,"Casa_Grande_Ruins",1,0,,9,,8,,7333,,725,,74,,2353,,2941,,4118,,5294,,5882,,5882,,381,,4433,,5437,,6149,,6495,,6554
213,"Stravinsky_Fountain",1,0,1,0,,95,,8,,825,,78,,2,,3333,,4667,,4667,,4667,,4667,,3333,,5,,6259,,5895,,5961,,584
214,"Angel_Falls_Venezuela",1,0,,8,,55,,6,,55,,54,,2941,,4118,,4706,,6471,,7059,,7059,,4545,,5437,,5072,,6226,,6183,,6119
215,"Statue_of_George_IV",,6,,7,,55,,5,,425,,34,,375,,625,,75,,875,1,0,1,0,,4615,,6604,,6346,,6364,,5965,,5075
216,"Palacio_Barolo",,8,,7,,85,,9,,9,,92,,1765,,2941,,4706,,5882,,6471,,6471,,2892,,4142,,6058,,7115,,7529,,7598
217,"Bridge_of_Remembrance_Christchurch_New_Zealand",1,0,1,0,,8,,7,,525,,56,,3333,,6667,,9167,1,0,1,0,1,0,,5,,8,,8544,,8235,,6885,,7179
218,"John_A._Roebling_Suspension_Bridge",,4,,3,,35,,4333,,475,,42,,1333,,2,,3333,,5333,,6667,,7333,,2,,24,,3415,,4782,,5547,,5341
219,"Blue_Dome_Santorini",1,0,,9,,95,,9,,9,,92,,3125,,5625,,8125,,875,,9375,,9375,,4762,,6923,,8759,,8873,,9184,,9287
220,"Fossar_de_les_Moreres",,6,,8,,6,,5,,375,,4,,2143,,4286,,5,,5,,5,,6429,,3158,,5581,,5455,,5,,4286,,4932
221,"Luxor_Obelisk_France",,8,,9,,75,,6667,,675,,72,,25,,25,,3125,,3125,,375,,4375,,381,,3913,,4412,,4255,,4821,,5443
222,"Valle_de_los_Caidos",1,0,1,0,,9,,9333,,925,,9,,25,,35,,5,,6,,7,,75,,4,,5185,,6429,,7304,,7969,,8182
--------------------
"--","Avg.",P@5,P@10,P@20,P@30,P@40,P@50,CR@5,CR@10,CR@20,CR@30,CR@40,CR@50,F1@5,F1@10,F1@20,F1@30,F1@40,F1@50
,,,7946,,7959,,7759,,7647,,7509,,7531,,1523,,2551,,4069,,5155,,6055,,6571,,2508,,3788,,5234,,6038,,6554,,6864