--------------------
"Run name","output_runSCHDaviesBouldin"
--------------------
"Average P@20 = ",,7786
"Average CR@20 = ",,4071
"Average F1@20 = ",,5243
--------------------
"Query Id ","Location name",P@5,P@10,P@20,P@30,P@40,P@50,CR@5,CR@10,CR@20,CR@30,CR@40,CR@50,F1@5,F1@10,F1@20,F1@30,F1@40,F1@50
1,"angel_of_the_north",1,0,1,0,1,0,1,0,,975,,98,,16,,36,,48,,68,,72,,76,,2759,,5294,,6486,,8095,,8283,,8561
2,"big_ben",,6,,7,,85,,8333,,875,,82,,0909,,2273,,3636,,4545,,5,,5909,,1579,,3431,,5094,,5882,,6364,,6869
3,"hearst_castle",1,0,1,0,1,0,,9667,,95,,94,,1667,,375,,625,,6667,,7083,,75,,2857,,5455,,7692,,7891,,8116,,8343
4,"la_madeleine",,2,,5,,3,,4,,35,,34,,0714,,2857,,2857,,5,,6429,,7143,,1053,,3636,,2927,,4444,,4532,,4607
5,"pont_alexandre_iii",1,0,1,0,,95,,9667,,95,,92,,2,,32,,4,,52,,68,,76,,3333,,4848,,563,,6762,,7926,,8324
6,"neues_museum",,4,,4,,3,,3667,,525,,62,,08,,16,,24,,32,,52,,6,,1333,,2286,,2667,,3417,,5225,,6098
7,"montezuma_castle",,6,,7,,4,,5667,,6,,64,,25,,5,,5,,6667,,75,,75,,3529,,5833,,4444,,6126,,6667,,6906
8,"cn_tower",,8,,5,,55,,6,,6,,58,,1667,,2083,,3333,,4583,,5417,,6667,,2759,,2941,,4151,,5197,,5693,,6203
9,"acropolis_athens",,4,,7,,85,,8667,,875,,88,,0952,,1905,,381,,4286,,4286,,4762,,1538,,2995,,5261,,5735,,5753,,618
10,"agra_fort",1,0,,9,,9,,9,,9,,92,,12,,28,,44,,52,,68,,76,,2143,,4271,,591,,6592,,7747,,8324
11,"albert_memorial",,8,,8,,85,,8,,8,,82,,1364,,2727,,3636,,4091,,5,,7273,,233,,4068,,5094,,5414,,6154,,7709
12,"altes_museum",,8,,8,,8,,5333,,625,,68,,1667,,25,,4583,,4583,,5417,,625,,2759,,381,,5828,,493,,5804,,6513
13,"amiens_cathedral",1,0,1,0,1,0,1,0,1,0,1,0,,2,,32,,64,,72,,8,,88,,3333,,4848,,7805,,8372,,8889,,9362
14,"angkor_wat",1,0,,9,,75,,8,,85,,88,,2,,28,,4,,48,,6,,68,,3333,,4271,,5217,,6,,7034,,7672
15,"ara_pacis",,0,,4,,5,,5667,,575,,64,,0,,1818,,3636,,5455,,6364,,6818,,0,,25,,4211,,5559,,6041,,6602
16,"arc_de_triomphe",,4,,7,,85,,7333,,725,,72,,0417,,2083,,4167,,5417,,5833,,6667,,0755,,3211,,5592,,6231,,6465,,6923
17,"aztec_ruins",,4,,2,,25,,3,,275,,38,,08,,08,,2,,32,,36,,48,,1333,,1143,,2222,,3097,,3118,,4242
18,"berlin_cathedral",1,0,1,0,,95,,9667,,9,,86,,2,,32,,4,,44,,52,,64,,3333,,4848,,563,,6047,,6592,,7339
19,"bok_tower_gardens",,8,,7,,8,,8333,,85,,86,,16,,24,,4,,48,,6,,64,,2667,,3574,,5333,,6091,,7034,,7339
20,"brandenburg_gate",1,0,,8,,9,,9,,9,,88,,12,,24,,4,,44,,52,,56,,2143,,3692,,5538,,591,,6592,,6844
21,"cabrillo",,0,,1,,15,,2,,175,,16,,0,,0769,,2308,,4615,,5385,,6154,,0,,087,,1818,,2791,,2642,,254
22,"casa_batllo",1,0,1,0,1,0,1,0,1,0,,98,,12,,28,,4,,48,,56,,76,,2143,,4375,,5714,,6486,,7179,,8561
23,"casa_rosada",1,0,,9,,95,,9333,,95,,92,,16,,2,,44,,56,,68,,76,,2759,,3273,,6014,,7,,7926,,8324
24,"castillo_de_san_marcos",,8,,8,,75,,7667,,775,,82,,16,,24,,4,,6,,72,,8,,2667,,3692,,5217,,6732,,7465,,8099
25,"chartres_cathedral",1,0,1,0,,95,,9,,925,,9,,2,,24,,52,,64,,68,,76,,3333,,3871,,6721,,7481,,7838,,8241
26,"chichen_itza",,8,,9,,85,,8667,,9,,88,,16,,36,,52,,64,,72,,8,,2667,,5143,,6453,,7363,,8,,8381
27,"christ_the_redeemer_rio",,8,,7,,7,,6667,,6,,6,,1304,,2174,,3043,,4348,,5652,,6087,,2243,,3318,,4242,,5263,,5821,,6043
28,"civic_center_san_francisco",,8,,8,,85,,8,,675,,56,,16,,28,,52,,6,,6,,6,,2667,,4148,,6453,,6857,,6353,,5793
29,"cologne_cathedral",1,0,1,0,,95,,9333,,95,,94,,2,,28,,4,,64,,68,,76,,3333,,4375,,563,,7593,,7926,,8405
30,"colosseum",1,0,1,0,1,0,,9667,,825,,86,,16,,24,,48,,56,,56,,68,,2759,,3871,,6486,,7092,,6671,,7595
31,"doge_s_palace",,8,,9,,85,,7,,775,,82,,12,,28,,36,,44,,52,,52,,2087,,4271,,5058,,5404,,6224,,6364
32,"eiffel_tower",1,0,1,0,1,0,,9667,,95,,88,,12,,24,,36,,4,,44,,56,,2143,,3871,,5294,,5659,,6014,,6844
33,"golden_gate_bridge",,8,,7,,7,,7667,,7,,74,,1739,,2174,,3913,,4348,,4783,,4783,,2857,,3318,,502,,5549,,5683,,581
34,"grand_palais",1,0,1,0,,95,,9333,,95,,94,,1818,,3636,,5,,5455,,5455,,5909,,3077,,5333,,6552,,6885,,693,,7257
35,"guggenheim_museum_bilbao",,8,,9,,95,,9667,,95,,96,,16,,28,,44,,52,,64,,72,,2667,,4271,,6014,,6762,,7648,,8229
36,"hagia_sophia_istanbul",,8,,9,,95,,8667,,9,,9,,16,,32,,48,,6,,68,,8,,2667,,4721,,6378,,7091,,7747,,8471
37,"hoover_dam",1,0,,9,,85,,9,,9,,92,,2,,28,,44,,56,,68,,76,,3333,,4271,,5798,,6904,,7747,,8324
38,"humayun_tomb",,8,,8,,65,,7,,75,,8,,16,,24,,36,,52,,64,,84,,2667,,3692,,4634,,5967,,6906,,8195
39,"iguazu_falls",,8,,8,,7,,7667,,725,,76,,12,,28,,4,,48,,52,,6,,2087,,4148,,5091,,5904,,6056,,6706
40,"iolani_palace",,8,,8,,85,,6333,,65,,66,,16,,28,,44,,48,,52,,64,,2667,,4148,,5798,,5461,,5778,,6498
41,"la_mezquita",,8,,9,,85,,7,,675,,64,,125,,2917,,4167,,5,,5417,,6667,,2162,,4406,,5592,,5833,,601,,6531
42,"la_rambla_barcelona",,8,,9,,9,,9,,9,,88,,16,,28,,4,,52,,56,,6,,2667,,4271,,5538,,6592,,6904,,7135
43,"la_sainte_chapelle",1,0,1,0,,95,,9667,,95,,96,,2,,32,,52,,56,,76,,88,,3333,,4848,,6721,,7092,,8444,,9183
44,"liberty_memorial",,6,,4,,65,,7,,675,,7,,08,,08,,28,,44,,56,,68,,1412,,1333,,3914,,5404,,6121,,6899
45,"lincoln_home",,8,,8,,85,,9,,925,,76,,1667,,3333,,5556,,7778,,8889,,8889,,2759,,4706,,6719,,8344,,9066,,8194
46,"machu_picchu",,8,,9,,7,,7,,775,,76,,16,,32,,52,,6,,68,,72,,2667,,4721,,5967,,6462,,7244,,7395
47,"marble_arch_london",,4,,3,,4,,3667,,325,,26,,1667,,25,,4167,,5,,5833,,5833,,2353,,2727,,4082,,4231,,4174,,3597
48,"milan_cathedral",1,0,,8,,85,,8667,,9,,88,,16,,24,,44,,52,,6,,64,,2759,,3692,,5798,,65,,72,,7411
49,"mole_antonelliana",,8,,9,,75,,7333,,775,,7,,16,,24,,32,,4,,6,,64,,2667,,3789,,4486,,5176,,6764,,6687
50,"mont_saint_michel",1,0,1,0,1,0,1,0,,975,,94,,2,,32,,48,,64,,8,,84,,3333,,4848,,6486,,7805,,8789,,8872
51,"moulin_rouge",,6,,3,,15,,1333,,225,,2,,375,,375,,375,,375,,75,,875,,4615,,3333,,2143,,1967,,3462,,3256
52,"nelson_s_column",,8,,9,,95,,9667,,95,,94,,125,,2083,,375,,5417,,7083,,75,,2162,,3383,,5377,,6943,,8116,,8343
53,"notre_dame_de_paris",,8,,8,,85,,8667,,85,,8,,08,,2,,4,,52,,64,,68,,1455,,32,,544,,65,,7302,,7351
54,"obelisco",,0,,1,,1,,1,,15,,14,,0,,0909,,1818,,1818,,4545,,4545,,0,,0952,,129,,129,,2256,,2141
55,"piccadilly_circus",,6,,8,,75,,7667,,8,,72,,1304,,2609,,4348,,5217,,6087,,6957,,2143,,3934,,5505,,6209,,6914,,7076
56,"place_de_la_concorde",1,0,1,0,1,0,,9667,,95,,96,,2,,28,,44,,52,,56,,64,,3333,,4375,,6111,,6762,,7046,,768
57,"place_de_la_republique",,2,,3,,3,,2,,175,,14,,125,,25,,5,,5,,5,,5,,1538,,2727,,375,,2857,,2593,,2188
58,"place_des_vosges",,8,,7,,75,,7667,,675,,7,,12,,2,,32,,52,,64,,72,,2087,,3111,,4486,,6197,,657,,7099
59,"pont_du_gard",,4,,6,,8,,7333,,7,,76,,08,,2,,36,,48,,52,,64,,1333,,3,,4966,,5802,,5967,,6949
60,"pont_neuf",,6,,8,,85,,7333,,725,,68,,12,,28,,52,,56,,68,,76,,2,,4148,,6453,,6351,,7018,,7178
61,"ponte_vecchio",,8,,8,,85,,7333,,625,,64,,125,,2083,,375,,4167,,4583,,5833,,2162,,3306,,5204,,5314,,5288,,6104
62,"puerta_de_alcala",,8,,5,,55,,6333,,7,,7,,1579,,2105,,2632,,5263,,6316,,6842,,2637,,2963,,356,,5749,,664,,692
63,"puerta_del_sol",,0,,2,,45,,3667,,3,,28,,0,,1,,3,,3,,35,,4,,0,,1333,,36,,33,,3231,,3294
64,"red_fort",1,0,1,0,1,0,1,0,1,0,1,0,,2,,32,,44,,6,,64,,68,,3333,,4848,,6111,,75,,7805,,8095
65,"reims_cathedral",1,0,,9,,95,,9667,,975,,92,,2,,32,,44,,52,,64,,76,,3333,,4721,,6014,,6762,,7728,,8324
66,"rialto_bridge",,8,,9,,8,,7667,,675,,54,,25,,25,,5,,5625,,6875,,6875,,381,,3913,,6154,,6489,,6812,,6049
67,"roman_forum_rome",,4,,6,,65,,6667,,7,,68,,08,,2,,32,,44,,64,,76,,1333,,3,,4289,,5301,,6687,,7178
68,"sacre_coeur",,6,,7,,6,,6333,,625,,58,,0833,,1667,,25,,3333,,5,,625,,1463,,2692,,3529,,4368,,5556,,6017
69,"sagrada_familia",1,0,1,0,,95,,9333,,95,,94,,2,,32,,44,,52,,6,,68,,3333,,4848,,6014,,6679,,7355,,7891
70,"santa_maria_novella",,6,,7,,6,,6667,,575,,62,,12,,2,,32,,4,,44,,56,,2,,3111,,4174,,5,,4985,,5885
71,"schonbrunn_palace",1,0,1,0,1,0,1,0,1,0,1,0,,16,,24,,36,,48,,6,,68,,2759,,3871,,5294,,6486,,75,,8095
72,"seville_cathedral",1,0,1,0,,85,,9,,925,,94,,2,,32,,36,,44,,6,,64,,3333,,4848,,5058,,591,,7279,,7615
73,"spanish_steps",1,0,1,0,,8,,7667,,75,,68,,1818,,3636,,5,,6364,,6818,,6818,,3077,,5333,,6154,,6955,,7143,,6809
74,"st__basil_cathedral",1,0,1,0,,9,,9,,85,,88,,2,,4,,56,,56,,64,,68,,3333,,5714,,6904,,6904,,7302,,7672
75,"statue_of_liberty",,6,,8,,85,,8,,85,,84,,12,,24,,4,,52,,56,,6,,2,,3692,,544,,6303,,6752,,7
76,"stonehenge",,4,,6,,7,,5667,,5,,52,,0526,,2105,,4737,,5789,,6316,,6316,,093,,3117,,565,,5727,,5581,,5704
77,"summer_palace_beijing",,8,,9,,95,,9333,,9,,86,,12,,28,,4,,56,,6,,6,,2087,,4271,,563,,7,,72,,7068
78,"sydney_opera_house",1,0,1,0,1,0,,9333,,925,,94,,16,,2,,44,,56,,6,,6,,2759,,3333,,6111,,7,,7279,,7325
79,"teotihuacan",,8,,7,,65,,6333,,675,,7,,16,,28,,36,,48,,6,,6,,2667,,4,,4634,,5461,,6353,,6462
80,"terracotta_army",,6,,8,,55,,5333,,625,,66,,15,,35,,35,,4,,65,,75,,24,,487,,4278,,4571,,6373,,7021
81,"the_blue_mosque",1,0,,9,,85,,9,,925,,94,,16,,28,,44,,6,,68,,72,,2759,,4271,,5798,,72,,7838,,8154
82,"the_henry_ford",,8,,8,,7,,6333,,675,,74,,12,,24,,36,,4,,56,,64,,2087,,3692,,4755,,4903,,6121,,6864
83,"taj_mahal",1,0,,9,,85,,9,,925,,9,,16,,2,,4,,52,,72,,76,,2759,,3273,,544,,6592,,8097,,8241
84,"tour_montparnasse",,6,,4,,55,,4667,,425,,38,,1,,15,,3,,4,,4,,4,,1714,,2182,,3882,,4308,,4121,,3897
85,"tower_bridge_london",,2,,5,,55,,6333,,55,,58,,04,,12,,32,,48,,6,,68,,0667,,1935,,4046,,5461,,5739,,626
86,"trafalgar_square",,6,,6,,55,,4667,,475,,56,,1364,,2273,,4091,,4091,,4545,,4545,,2222,,3297,,4692,,436,,4645,,5018
87,"leaning_tower_of_pisa",1,0,,8,,5,,5,,625,,66,,16,,16,,2,,36,,48,,6,,2759,,2667,,2857,,4186,,543,,6286
88,"hermitage_museum_saint_petersburg",1,0,,9,,75,,8333,,85,,88,,16,,24,,36,,52,,64,,64,,2759,,3789,,4865,,6404,,7302,,7411
89,"jantar_mantar_jaipur",,8,,7,,7,,8,,75,,76,,16,,24,,4,,6,,6,,68,,2667,,3574,,5091,,6857,,6667,,7178
90,"lake_titicaca_peru",,8,,8,,55,,4667,,525,,52,,125,,25,,3333,,375,,4583,,5833,,2162,,381,,4151,,4158,,4894,,5498
91,"the_great_wall_of_china",,6,,8,,8,,8667,,85,,84,,12,,28,,32,,52,,52,,6,,2,,4148,,4571,,65,,6453,,7
92,"grande_arche_paris",,8,,7,,7,,7,,65,,66,,16,,28,,4,,48,,56,,6,,2667,,4,,5091,,5695,,6017,,6286
93,"el_angel_mexico",,4,,6,,65,,6,,6,,48,,0476,,1905,,381,,4762,,5714,,5714,,0851,,2892,,4804,,531,,5854,,5217
94,"bibliotheque_nationale_de_france",,4,,6,,75,,7,,725,,76,,08,,24,,4,,48,,56,,72,,1333,,3429,,5217,,5695,,6319,,7395
95,"kronborg_castle",1,0,1,0,,8,,7667,,775,,82,,2083,,3333,,4583,,5417,,6667,,6667,,3448,,5,,5828,,6348,,7168,,7354
96,"ajanta_caves",,8,,6,,75,,8333,,875,,9,,1818,,2727,,4545,,5455,,6818,,6818,,2963,,375,,566,,6593,,7664,,7759
97,"atomium",1,0,,9,,9,,9333,,95,,92,,1429,,1905,,381,,4286,,4762,,5714,,25,,3144,,5353,,5874,,6344,,705
98,"ellora_caves",1,0,1,0,,95,,9667,,95,,96,,2273,,3182,,4545,,5455,,5455,,5455,,3704,,4828,,6149,,6974,,693,,6957
99,"potala_palace",,8,,8,,9,,8333,,85,,84,,2222,,3889,,6667,,6667,,6667,,7778,,3478,,5234,,766,,7407,,7473,,8077
100,"jokhang",1,0,1,0,,9,,8333,,8,,74,,2,,28,,44,,52,,68,,72,,3333,,4375,,591,,6404,,7351,,7299
101,"rila_monastery",1,0,,9,,85,,9,,925,,9,,16,,28,,36,,48,,48,,56,,2759,,4271,,5058,,6261,,632,,6904
102,"louvre_pyramid",,8,,9,,85,,8667,,9,,86,,1667,,2778,,4444,,5,,6667,,7222,,2759,,4245,,5837,,6341,,766,,7851
103,"brooklyn_bridge",1,0,,9,,8,,7667,,775,,74,,1905,,2857,,3333,,381,,4762,,5714,,32,,4337,,4706,,509,,5899,,6449
104,"tower_of_london",,8,,7,,8,,7667,,75,,74,,087,,1304,,3043,,3913,,4783,,6087,,1569,,2199,,4409,,5181,,5841,,668
105,"british_museum_london",1,0,,9,,95,,9667,,975,,96,,2,,3,,5,,5,,6,,6,,3333,,45,,6552,,6591,,7429,,7385
106,"buckingham_palace",,2,,4,,5,,4667,,4,,4,,05,,15,,2,,3,,35,,45,,08,,2182,,2857,,3652,,3733,,4235
107,"charles_bridge_prague",,8,,9,,7,,6333,,5,,52,,1667,,25,,3333,,375,,375,,4583,,2759,,3913,,4516,,4711,,4286,,4872
108,"champs_elysees_paris",,8,,6,,45,,5333,,5,,44,,2667,,3333,,3333,,4667,,6,,6,,4,,4286,,383,,4978,,5455,,5077
109,"chrysler_building",1,0,1,0,1,0,,9667,,95,,96,,1429,,2857,,5,,6429,,8571,1,0,,25,,4444,,6667,,7722,,9012,,9796
110,"moma_new_york",1,0,1,0,,95,,9667,,95,,88,,1579,,2105,,3684,,5263,,5789,,6316,,2727,,3478,,5309,,6816,,7194,,7354
111,"grand_central_terminal",,8,,9,,95,,9333,,95,,92,,1429,,1429,,2381,,3333,,381,,4286,,2424,,2466,,3808,,4912,,5438,,5847
112,"houses_of_parliament",,8,,9,,95,,9667,,9,,88,,1739,,3043,,3478,,4348,,5217,,6087,,2857,,4549,,5092,,5998,,6606,,7196
113,"alexanderplatz_berlin",,6,,7,,5,,6333,,65,,68,,12,,16,,2,,36,,4,,52,,2,,2605,,2857,,4591,,4952,,5893
114,"centre_pompidou",,8,,7,,75,,6667,,7,,72,,2222,,3889,,4444,,5,,7222,,7778,,3478,,5,,5581,,5714,,7109,,7478
115,"sydney_harbour_bridge",1,0,1,0,1,0,1,0,,975,,98,,25,,375,,5625,,5625,,6875,,6875,,4,,5455,,72,,72,,8064,,8081
116,"pier_39",1,0,1,0,,95,,9,,875,,9,,1905,,3333,,4762,,619,,619,,6667,,32,,5,,6344,,7335,,7251,,766
117,"coit_tower",,6,,7,,65,,6667,,7,,74,,2,,2667,,4,,4667,,5333,,6,,3,,3862,,4952,,549,,6054,,6627
118,"st_paul_s_cathedral_london",,6,,8,,85,,7667,,75,,68,,1176,,2353,,5294,,5882,,5882,,7059,,1967,,3636,,6525,,6657,,6593,,6927
119,"cloud_gate",,6,,8,,75,,6667,,7,,66,,1667,,25,,3333,,4167,,5833,,6667,,2609,,381,,4615,,5128,,6364,,6633
120,"musee_d_orsay",,8,,9,,9,,9333,,925,,92,,1429,,2381,,381,,619,,6667,,7619,,2424,,3766,,5353,,7444,,7749,,8335
121,"pike_place_market",,8,,8,,9,,8,,775,,82,,1905,,2381,,4286,,4286,,5238,,5238,,3077,,367,,5806,,5581,,6251,,6393
122,"royal_palace_madrid",,8,,7,,75,,8333,,825,,84,,1818,,1818,,4091,,5455,,7273,,7727,,2963,,2887,,5294,,6593,,7731,,805
123,"sony_center_berlin",1,0,,9,,95,,9333,,95,,88,,1905,,2381,,2857,,3333,,381,,4286,,32,,3766,,4393,,4912,,5438,,5764
124,"red_square_moscow",,4,,7,,65,,7,,675,,62,,0476,,1429,,3333,,4762,,5238,,5714,,0851,,2373,,4407,,5668,,5899,,5947
125,"prague_castle",1,0,1,0,,95,,8667,,85,,84,,16,,32,,6,,6,,72,,76,,2759,,4848,,7355,,7091,,7796,,798
126,"musee_du_louvre",1,0,1,0,1,0,1,0,1,0,1,0,,12,,28,,36,,56,,64,,68,,2143,,4375,,5294,,7179,,7805,,8095
127,"millennium_bridge_london",,8,,9,,9,,8333,,825,,78,,16,,28,,48,,52,,6,,64,,2667,,4271,,6261,,6404,,6947,,7031
128,"casa_mila",1,0,,9,,95,,9,,9,,92,,16,,28,,44,,56,,68,,72,,2759,,4271,,6014,,6904,,7747,,8078
129,"national_gallery_london",,6,,7,,7,,7333,,75,,64,,0909,,2727,,3636,,4545,,5909,,6364,,1579,,3925,,4786,,5612,,661,,6382
130,"national_mall",1,0,1,0,,95,,9667,,95,,86,,2,,32,,44,,68,,84,,88,,3333,,4848,,6014,,7984,,8916,,8699
131,"london_city_hall",1,0,1,0,1,0,,9333,,85,,74,,1,,25,,4,,5,,7,,75,,1818,,4,,5714,,6512,,7677,,745
132,"holocaust_memorial",,6,,3,,5,,5333,,5,,46,,1875,,1875,,375,,5625,,625,,6875,,2857,,2308,,4286,,5475,,5556,,5512
133,"columbus_circle",,8,,5,,7,,6,,575,,52,,12,,16,,4,,48,,56,,64,,2087,,2424,,5091,,5333,,5674,,5738
134,"siegessaeule",,8,,7,,85,,7,,6,,54,,16,,2,,4,,56,,6,,6,,2667,,3111,,544,,6222,,6,,5684
135,"jardin_du_luxembourg",1,0,,8,,85,,9,,925,,92,,2,,28,,48,,56,,64,,72,,3333,,4148,,6135,,6904,,7565,,8078
136,"merlion_singapore",,2,,2,,15,,2667,,325,,42,,0455,,0909,,1364,,3182,,4545,,5909,,0741,,125,,1429,,2902,,379,,491
137,"harrods_london",,6,,7,,85,,7333,,8,,84,,12,,28,,44,,52,,56,,68,,2,,4,,5798,,6085,,6588,,7516
138,"metropolitan_museum_of_art_new_york",1,0,1,0,,95,,9,,925,,94,,16,,36,,56,,68,,8,,8,,2759,,5294,,7046,,7747,,858,,8644
139,"new_york_stock_exchange",,6,,5,,75,,6,,575,,56,,1,,2,,3,,35,,5,,55,,1714,,2857,,4286,,4421,,5349,,555
140,"stephansdom_vienna",1,0,1,0,1,0,1,0,,975,,96,,16,,28,,44,,48,,64,,68,,2759,,4375,,6111,,6486,,7728,,7961
141,"hms_belfast",1,0,1,0,1,0,,9667,,925,,94,,2,,32,,4,,52,,68,,84,,3333,,4848,,5714,,6762,,7838,,8872
142,"leicester_square",,2,,6,,75,,7667,,75,,74,,04,,16,,32,,4,,56,,64,,0667,,2526,,4486,,5257,,6412,,6864
143,"ciudad_de_las_artes_y_las_ciencias",1,0,1,0,1,0,,9333,,925,,94,,16,,36,,48,,56,,64,,68,,2759,,5294,,6486,,7,,7565,,7891
144,"topkapi_palace",1,0,1,0,1,0,,9667,,95,,96,,16,,24,,48,,52,,52,,64,,2759,,3871,,6486,,6762,,6721,,768
145,"royal_albert_hall",1,0,,8,,85,,7667,,7,,64,,16,,24,,4,,44,,48,,56,,2759,,3692,,544,,5591,,5695,,5973
146,"st_vitus_cathedral",1,0,1,0,,95,,9667,,95,,92,,2,,32,,48,,56,,6,,64,,3333,,4848,,6378,,7092,,7355,,7549
147,"castello_sforzesco",,8,,9,,9,,9333,,925,,94,,16,,32,,52,,6,,64,,68,,2667,,4721,,6592,,7304,,7565,,7891
148,"rijksmuseum_amsterdam",1,0,1,0,1,0,1,0,,975,,98,,16,,28,,4,,56,,56,,72,,2759,,4375,,5714,,7179,,7114,,8301
149,"dam_square",1,0,,7,,6,,7,,625,,62,,2,,24,,36,,44,,52,,64,,3333,,3574,,45,,5404,,5677,,6298
150,"rathaus_vienna",,4,,7,,8,,6333,,575,,6,,08,,2,,24,,28,,36,,44,,1333,,3111,,3692,,3883,,4428,,5077
151,"bath_abbey",1,0,1,0,,95,,9667,,975,,92,,16,,32,,44,,52,,64,,68,,2759,,4848,,6014,,6762,,7728,,782
152,"salisbury_cathedral",1,0,1,0,1,0,1,0,1,0,,96,,12,,2,,28,,48,,56,,6,,2143,,3333,,4375,,6486,,7179,,7385
153,"templo_de_debod",,4,,5,,35,,5667,,525,,54,,0909,,1818,,2273,,3182,,3636,,4545,,1481,,2667,,2756,,4075,,4297,,4936
154,"Niagara_Falls",,8,,6,,65,,6667,,7,,64,,1818,,2273,,3182,,4545,,5455,,5909,,2963,,3297,,4272,,5405,,6131,,6145
155,"Golden_Gate_Bridge_in_San_Francisco",1,0,1,0,,95,,9667,,975,,98,,0909,,1818,,3182,,4545,,5909,,6818,,1667,,3077,,4767,,6183,,7358,,8042
156,"Neuschwanstein_Castle",,8,,8,,9,,9,,875,,88,,16,,24,,6,,64,,64,,68,,2667,,3692,,72,,7481,,7393,,7672
157,"Christ_Church_Cathedral_Missouri",1,0,1,0,1,0,1,0,,975,,78,,2,,32,,56,,6,,64,,64,,3333,,4848,,7179,,75,,7728,,7031
158,"Mount_Rushmore_in_South_Dakota",1,0,,8,,9,,9333,,9,,9,,16,,28,,4,,56,,6,,68,,2759,,4148,,5538,,7,,72,,7747
159,"Puerta_de_Toledo",,0,,1,,05,,0333,,025,,02,,0,,5,,5,,5,,5,,5,,0,,1667,,0909,,0625,,0476,,0385
160,"Urquhart_Castle",1,0,,7,,8,,8333,,875,,86,,2083,,2917,,5,,6667,,6667,,7917,,3448,,4118,,6154,,7407,,7568,,8244
161,"Gare_du_Nord_Paris",,4,,6,,6,,7333,,725,,66,,08,,16,,2,,24,,4,,48,,1333,,2526,,3,,3616,,5156,,5558
162,"Newgrange_in_Ireland",,4,,5,,6,,6,,575,,66,,0833,,1667,,3333,,4583,,4583,,4583,,1379,,25,,4286,,5197,,5101,,541
163,"Windmills_at_Kinderdijk",1,0,,9,,95,,8667,,875,,88,,16,,2,,44,,56,,56,,64,,2759,,3273,,6014,,6804,,6829,,7411
164,"Conciergerie",,8,,9,,95,,9667,,975,,96,,12,,28,,44,,64,,64,,68,,2087,,4271,,6014,,7701,,7728,,7961
165,"Palazzo_Madama",,8,,8,,7,,7333,,7,,66,,1818,,3636,,4091,,5455,,6818,,6818,,2963,,5,,5164,,6256,,6908,,6707
166,"Split_Rock_Lighthouse",,4,,7,,75,,7667,,825,,8,,08,,2,,28,,32,,44,,52,,1333,,3111,,4078,,4515,,5739,,6303
167,"The_Little_Mermaid_Denmark",,6,,6,,75,,8333,,675,,6,,2143,,2857,,5,,7857,,7857,,7857,,3158,,3871,,6,,8088,,7262,,6804
168,"Great_Pyramid_of_Giza",,6,,7,,6,,6667,,575,,56,,2,,4,,5333,,8,,8,,8,,3,,5091,,5647,,7273,,6691,,6588
169,"Pitti_Palace",1,0,,8,,75,,6333,,5,,46,,1818,,2727,,4545,,5,,5,,5455,,3077,,4068,,566,,5588,,5,,4991
170,"Georgia_State_Capitol",,6,,4,,4,,4,,325,,26,,1579,,1579,,2105,,2632,,2632,,2632,,25,,2264,,2759,,3175,,2908,,2616
171,"Dome_des_Invalides",1,0,1,0,1,0,1,0,1,0,1,0,,12,,28,,4,,44,,52,,6,,2143,,4375,,5714,,6111,,6842,,75
172,"Reggia_di_Caserta",,4,,7,,55,,5333,,5,,54,,08,,24,,32,,44,,52,,64,,1333,,3574,,4046,,4822,,5098,,5858
173,"The_Burj_al_Arab_Hotel",,8,,8,,9,,8333,,825,,84,,16,,28,,32,,4,,52,,64,,2667,,4148,,4721,,5405,,6379,,7265
174,"Elephanta_Caves",1,0,1,0,,95,,9,,925,,8,,1667,,3333,,5,,6667,,75,,75,,2857,,5,,6552,,766,,8284,,7742
175,"Basilica_of_Santa_Croce",1,0,1,0,1,0,1,0,1,0,1,0,,12,,24,,36,,56,,56,,68,,2143,,3871,,5294,,7179,,7179,,8095
176,"Aachen_Cathedral",1,0,1,0,,85,,9,,925,,94,,16,,32,,4,,56,,6,,68,,2759,,4848,,544,,6904,,7279,,7891
177,"Monument_to_the_Great_Fire_of_London",,6,,6,,45,,5,,575,,62,,08,,12,,24,,4,,6,,72,,1412,,2,,313,,4444,,5872,,6663
178,"Longmen_Grottoes",,8,,9,,8,,6,,575,,62,,16,,36,,56,,6,,68,,72,,2667,,5143,,6588,,6,,6231,,6663
179,"Louisiana_State_Capitol",,0,,2,,25,,2667,,375,,42,,0,,08,,16,,24,,52,,64,,0,,1143,,1951,,2526,,4358,,5072
180,"The_Great_Sphinx_at_Giza",,6,,8,,8,,8333,,85,,88,,12,,28,,36,,52,,68,,76,,2,,4148,,4966,,6404,,7556,,8156
181,"Teatro_Real_Madrid",1,0,1,0,1,0,,6667,,625,,62,,1739,,3043,,5652,,5652,,6522,,6957,,2963,,4667,,7222,,6118,,6383,,6557
182,"Palacio_de_la_Magdalena",,8,,8,,85,,7667,,725,,68,,16,,24,,36,,48,,56,,68,,2667,,3692,,5058,,5904,,6319,,68
183,"Sowjetisches_Ehrenmal",1,0,,7,,75,,7,,725,,7,,2,,24,,4,,56,,72,,8,,3333,,3574,,5217,,6222,,7225,,7467
184,"Cathedral_of_Trier",1,0,,9,,95,,9667,,9,,9,,16,,32,,44,,56,,68,,84,,2759,,4721,,6014,,7092,,7747,,869
185,"Saint_Mary_of_the_Flower",,4,,3,,2,,1667,,325,,38,,08,,12,,16,,2,,4,,52,,1333,,1714,,1778,,1818,,3586,,4391
186,"Skellig_Michael",1,0,,8,,75,,7667,,775,,74,,16,,28,,52,,56,,64,,72,,2759,,4148,,6142,,6472,,7011,,7299
187,"Chicago_Board_of_Trade_Building",,8,,9,,95,,8667,,65,,58,,1818,,3182,,4545,,5909,,5909,,6818,,2963,,4701,,6149,,7027,,619,,6268
188,"Pont_de_Normandie_France",1,0,,9,,95,,9667,,9,,8,,2105,,3684,,6842,,8421,,8421,,8421,,3478,,5228,,7955,,9001,,8701,,8205
189,"Palazzo_Rosso",,4,,2,,1,,1333,,175,,16,,0833,,0833,,0833,,1667,,25,,2917,,1379,,1176,,0909,,1481,,2059,,2066
190,"Piazza_Vittorio_Veneto",,2,,3,,45,,3667,,375,,4,,0625,,1875,,4375,,5,,5625,,6875,,0952,,2308,,4437,,4231,,45,,5057
191,"Sforza_Castle",,8,,9,,95,,9667,,975,,94,,12,,28,,44,,52,,64,,68,,2087,,4271,,6014,,6762,,7728,,7891
192,"Torres_KIO",1,0,1,0,,9,,9333,,825,,72,,16,,36,,44,,56,,64,,64,,2759,,5294,,591,,7,,7208,,6776
193,"Torre_Picasso",1,0,1,0,1,0,,8333,,75,,78,,125,,2917,,5,,5,,5833,,625,,2222,,4516,,6667,,625,,6562,,694
194,"The_Palace_of_Parliament_in_Bucharest",1,0,,9,,95,,9667,,975,,86,,16,,2,,28,,52,,68,,68,,2759,,3273,,4325,,6762,,8012,,7595
195,"Ernest_Hemingway_House",1,0,1,0,1,0,,8667,,825,,84,,2,,28,,4,,48,,6,,72,,3333,,4375,,5714,,6178,,6947,,7754
196,"Castel_dellOvo_Napoli",,6,,8,,9,,9,,85,,82,,12,,24,,48,,68,,72,,76,,2,,3692,,6261,,7747,,7796,,7889
197,"Villa_Borghese_gardens",,8,,9,,95,,9667,,975,,98,,12,,28,,48,,64,,68,,84,,2087,,4271,,6378,,7701,,8012,,9046
198,"Saint_Marks_Basilica",,8,,9,,95,,9667,,975,,96,,12,,24,,28,,28,,4,,44,,2087,,3789,,4325,,4342,,5673,,6034
199,"Mausoleum_of_the_First_Qin_Emperor",,8,,7,,85,,8,,85,,82,,16,,24,,44,,56,,64,,68,,2667,,3574,,5798,,6588,,7302,,7435
200,"Mausoleum_of_Hadrian",,8,,8,,8,,8333,,675,,62,,1111,,2778,,3889,,6111,,6111,,6111,,1951,,4124,,5234,,7051,,6415,,6155
201,"Piazza_de_Ferrari",1,0,,9,,95,,9667,,975,,94,,2105,,3158,,3684,,5263,,5789,,5789,,3478,,4675,,5309,,6816,,7265,,7166
202,"George_Washington_Carver",,4,,5,,7,,7,,6,,58,,0625,,1875,,4375,,5625,,5625,,5625,,1081,,2727,,5385,,6238,,5806,,5711
203,"Cathedral_of_Santiago_de_Compostela",,8,,7,,75,,7333,,775,,72,,1765,,2941,,5294,,5882,,6471,,7059,,2892,,4142,,6207,,6528,,7053,,7129
204,"Saint-Jacques_Tower",,8,,8,,8,,7667,,7,,72,,2308,,3077,,3077,,3846,,5385,,6154,,3582,,4444,,4444,,5122,,6087,,6636
205,"Calakmul_Campeche_Mexico",,6,,6,,8,,7667,,75,,74,,2143,,3571,,5714,,7143,,7857,,8571,,3158,,4478,,6667,,7395,,7674,,7943
206,"Bran_Castle_in_Transylvania",1,0,1,0,,95,,9,,875,,82,,2105,,3158,,3158,,4737,,5789,,6316,,3478,,48,,474,,6207,,6968,,7136
207,"Mosteiro_da_Batalha",1,0,1,0,1,0,1,0,1,0,1,0,,1579,,3158,,5263,,5789,,6316,,6842,,2727,,48,,6897,,7333,,7742,,8125
208,"Wartburg_Castle",,8,,9,,95,,9333,,925,,86,,2,,35,,6,,65,,85,,85,,32,,504,,7355,,7663,,8859,,855
209,"Fujian_Tulou_Fujian_China",1,0,1,0,1,0,1,0,1,0,,98,,2222,,2222,,4444,,6667,,7222,,8889,,3636,,3636,,6154,,8,,8387,,9322
210,"Alabama_State_Capitol",,6,,7,,65,,7333,,775,,74,,1429,,2857,,4762,,619,,7619,,7619,,2308,,4058,,5497,,6714,,7684,,7508
211,"Palazzo_dAccursio",,4,,6,,7,,7333,,625,,62,,1111,,2222,,3333,,5556,,6111,,7222,,1739,,3243,,4516,,6322,,618,,6672
212,"Casa_Grande_Ruins",1,0,,7,,8,,8,,8,,76,,2941,,3529,,4706,,4706,,5882,,5882,,4545,,4693,,5926,,5926,,678,,6632
213,"Stravinsky_Fountain",,8,,9,,95,,9333,,85,,76,,2,,3333,,4667,,5333,,5333,,5333,,32,,4865,,6259,,6788,,6554,,6268
214,"Angel_Falls_Venezuela",,6,,7,,7,,6,,575,,52,,1765,,2941,,4706,,5294,,5882,,6471,,2727,,4142,,5628,,5625,,5815,,5766
215,"Statue_of_George_IV",,2,,5,,55,,5,,45,,36,,125,,5,,625,,75,,75,,75,,1538,,5,,5851,,6,,5625,,4865
216,"Palacio_Barolo",1,0,,9,,9,,9333,,95,,94,,1765,,2941,,4706,,4706,,7059,,7059,,3,,4433,,618,,6257,,8099,,8063
217,"Bridge_of_Remembrance_Christchurch_New_Zealand",1,0,,6,,75,,7333,,7,,56,,3333,,3333,,75,,9167,,9167,,9167,,5,,4286,,75,,8148,,7938,,6953
218,"John_A._Roebling_Suspension_Bridge",,2,,2,,3,,4,,45,,46,,0667,,1333,,4,,5333,,6667,,6667,,1,,16,,3429,,4571,,5373,,5444
219,"Blue_Dome_Santorini",1,0,,9,,9,,9333,,95,,94,,25,,3125,,5625,,75,,875,,875,,4,,4639,,6923,,8317,,911,,9063
220,"Fossar_de_les_Moreres",,0,,3,,5,,4,,325,,3,,0,,2143,,4286,,5,,5,,5714,,0,,25,,4615,,4444,,3939,,3934
221,"Luxor_Obelisk_France",,8,,8,,75,,7333,,775,,82,,1875,,25,,3125,,375,,5,,5625,,3038,,381,,4412,,4962,,6078,,6673
222,"Valle_de_los_Caidos",,8,,7,,85,,8667,,9,,88,,2,,3,,5,,55,,6,,65,,32,,42,,6296,,6729,,72,,7477
--------------------
"--","Avg.",P@5,P@10,P@20,P@30,P@40,P@50,CR@5,CR@10,CR@20,CR@30,CR@40,CR@50,F1@5,F1@10,F1@20,F1@30,F1@40,F1@50
,,,7649,,7739,,7786,,7676,,7584,,7453,,1486,,2599,,4071,,5101,,5971,,6602,,246,,3818,,5243,,6013,,6549,,6863