--------------------
"Run name","output_runFCTHXBIndex"
--------------------
"Average P@20 = ",,7759
"Average CR@20 = ",,416
"Average F1@20 = ",,5312
--------------------
"Query Id ","Location name",P@5,P@10,P@20,P@30,P@40,P@50,CR@5,CR@10,CR@20,CR@30,CR@40,CR@50,F1@5,F1@10,F1@20,F1@30,F1@40,F1@50
1,"angel_of_the_north",1,0,1,0,1,0,1,0,,975,,98,,16,,36,,44,,48,,56,,64,,2759,,5294,,6111,,6486,,7114,,7743
2,"big_ben",1,0,,8,,85,,8667,,85,,86,,1818,,2727,,4091,,5,,5455,,5909,,3077,,4068,,5523,,6341,,6645,,7005
3,"hearst_castle",1,0,,9,,85,,9,,9,,9,,2083,,2917,,5,,6667,,75,,75,,3448,,4406,,6296,,766,,8182,,8182
4,"la_madeleine",,4,,4,,4,,4,,4,,42,,1429,,2857,,4286,,6429,,6429,,7857,,2105,,3333,,4138,,4932,,4932,,5474
5,"pont_alexandre_iii",1,0,1,0,,95,,9667,,975,,98,,12,,24,,36,,6,,64,,64,,2143,,3871,,5221,,7404,,7728,,7743
6,"neues_museum",,0,,4,,5,,5,,45,,46,,0,,16,,32,,4,,4,,44,,0,,2286,,3902,,4444,,4235,,4498
7,"montezuma_castle",,6,,7,,65,,7333,,725,,68,,1667,,25,,5,,5833,,75,,75,,2609,,3684,,5652,,6498,,7373,,7133
8,"cn_tower",,6,,4,,55,,5,,5,,56,,125,,1667,,375,,375,,4583,,5833,,2069,,2353,,4459,,4286,,4783,,5714
9,"acropolis_athens",,8,,9,,9,,8667,,85,,86,,1429,,2381,,4762,,4762,,5238,,5238,,2424,,3766,,6228,,6147,,6482,,6511
10,"agra_fort",1,0,,8,,85,,8333,,875,,86,,2,,28,,44,,56,,68,,72,,3333,,4148,,5798,,6699,,7653,,7838
11,"albert_memorial",,8,,9,,85,,8667,,9,,82,,1818,,2727,,4091,,5,,5,,5909,,2963,,4186,,5523,,6341,,6429,,6869
12,"altes_museum",1,0,,9,,9,,7667,,675,,66,,1667,,2917,,4583,,5417,,5417,,5833,,2857,,4406,,6074,,6348,,601,,6193
13,"amiens_cathedral",1,0,1,0,,95,,9333,,95,,96,,12,,24,,48,,72,,8,,84,,2143,,3871,,6378,,8129,,8686,,896
14,"angkor_wat",1,0,1,0,,95,,8333,,7,,74,,16,,36,,48,,6,,6,,64,,2759,,5294,,6378,,6977,,6462,,6864
15,"ara_pacis",,8,,8,,8,,8667,,875,,76,,1364,,2727,,5,,5909,,6364,,6364,,233,,4068,,6154,,7027,,7368,,6927
16,"arc_de_triomphe",1,0,,9,,8,,7667,,7,,72,,2083,,3333,,5,,5,,5417,,625,,3448,,4865,,6154,,6053,,6107,,6691
17,"aztec_ruins",,2,,2,,35,,3667,,325,,36,,04,,08,,24,,4,,4,,44,,0667,,1143,,2847,,3826,,3586,,396
18,"berlin_cathedral",1,0,,9,,95,,9333,,95,,96,,16,,24,,44,,56,,6,,64,,2759,,3789,,6014,,7,,7355,,768
19,"bok_tower_gardens",1,0,1,0,1,0,,8333,,85,,88,,2,,32,,56,,64,,8,,8,,3333,,4848,,7179,,724,,8242,,8381
20,"brandenburg_gate",1,0,1,0,1,0,,9667,,975,,94,,2,,32,,48,,56,,56,,64,,3333,,4848,,6486,,7092,,7114,,7615
21,"cabrillo",,2,,2,,1,,1667,,175,,16,,0769,,1538,,1538,,3846,,4615,,5385,,1111,,1739,,1212,,2326,,2538,,2467
22,"casa_batllo",1,0,1,0,1,0,1,0,,95,,94,,16,,32,,52,,72,,76,,84,,2759,,4848,,6842,,8372,,8444,,8872
23,"casa_rosada",1,0,,9,,85,,8333,,875,,9,,12,,28,,48,,52,,68,,72,,2143,,4271,,6135,,6404,,7653,,8
24,"castillo_de_san_marcos",,6,,6,,75,,8,,775,,68,,12,,24,,48,,64,,64,,64,,2,,3429,,5854,,7111,,7011,,6594
25,"chartres_cathedral",1,0,1,0,1,0,1,0,,975,,96,,2,,36,,48,,56,,72,,72,,3333,,5294,,6486,,7179,,8283,,8229
26,"chichen_itza",1,0,1,0,,9,,8333,,825,,84,,2,,4,,44,,52,,64,,72,,3333,,5714,,591,,6404,,7208,,7754
27,"christ_the_redeemer_rio",,0,,2,,4,,5333,,55,,52,,0,,087,,2174,,3478,,3913,,4348,,0,,1212,,2817,,4211,,4573,,4736
28,"civic_center_san_francisco",,8,,7,,55,,5333,,625,,7,,12,,24,,32,,44,,6,,64,,2087,,3574,,4046,,4822,,6122,,6687
29,"cologne_cathedral",1,0,1,0,1,0,1,0,1,0,,98,,12,,24,,36,,56,,64,,64,,2143,,3871,,5294,,7179,,7805,,7743
30,"colosseum",1,0,1,0,,95,,9333,,95,,96,,2,,4,,52,,6,,6,,68,,3333,,5714,,6721,,7304,,7355,,7961
31,"doge_s_palace",1,0,,9,,85,,9,,925,,94,,2,,28,,4,,52,,52,,52,,3333,,4271,,544,,6592,,6657,,6696
32,"eiffel_tower",1,0,,7,,85,,9,,925,,94,,16,,2,,36,,44,,44,,52,,2759,,3111,,5058,,591,,5963,,6696
33,"golden_gate_bridge",,8,,8,,85,,7667,,825,,8,,1304,,2174,,4348,,4783,,5652,,6087,,2243,,3419,,5753,,5891,,6708,,6914
34,"grand_palais",,8,,9,,8,,8667,,875,,9,,1364,,2727,,2727,,4545,,5,,5455,,233,,4186,,4068,,5963,,6364,,6792
35,"guggenheim_museum_bilbao",1,0,1,0,,95,,9,,925,,94,,2,,4,,52,,52,,52,,56,,3333,,5714,,6721,,6592,,6657,,7019
36,"hagia_sophia_istanbul",1,0,1,0,1,0,1,0,1,0,1,0,,12,,28,,44,,6,,6,,6,,2143,,4375,,6111,,75,,75,,75
37,"hoover_dam",1,0,,9,,95,,9333,,95,,92,,16,,32,,48,,48,,6,,64,,2759,,4721,,6378,,634,,7355,,7549
38,"humayun_tomb",,4,,7,,7,,7333,,65,,7,,04,,16,,36,,48,,52,,56,,0727,,2605,,4755,,5802,,5778,,6222
39,"iguazu_falls",,6,,6,,8,,8333,,825,,86,,12,,2,,44,,48,,64,,72,,2,,3,,5677,,6091,,7208,,7838
40,"iolani_palace",1,0,,8,,9,,8667,,875,,84,,2,,28,,4,,52,,6,,76,,3333,,4148,,5538,,65,,7119,,798
41,"la_mezquita",,6,,5,,55,,6667,,725,,7,,125,,125,,2917,,4167,,5,,5417,,2069,,2,,3812,,5128,,5918,,6107
42,"la_rambla_barcelona",,6,,8,,85,,9,,925,,92,,08,,28,,32,,4,,48,,6,,1412,,4148,,465,,5538,,632,,7263
43,"la_sainte_chapelle",1,0,1,0,1,0,,9333,,95,,96,,16,,28,,48,,6,,68,,72,,2759,,4375,,6486,,7304,,7926,,8229
44,"liberty_memorial",,6,,7,,6,,5333,,625,,7,,08,,2,,32,,36,,44,,56,,1412,,3111,,4174,,4299,,5164,,6222
45,"lincoln_home",1,0,,9,,8,,7333,,725,,78,,2222,,3333,,3889,,4444,,5,,7222,,3636,,4865,,5234,,5535,,5918,,75
46,"machu_picchu",,6,,7,,75,,7667,,725,,74,,12,,24,,36,,52,,6,,64,,2,,3574,,4865,,6197,,6566,,6864
47,"marble_arch_london",,6,,3,,45,,4667,,375,,4,,1667,,1667,,4167,,5833,,6667,,75,,2609,,2143,,4327,,5185,,48,,5217
48,"milan_cathedral",1,0,1,0,1,0,1,0,1,0,,96,,16,,28,,48,,64,,64,,64,,2759,,4375,,6486,,7805,,7805,,768
49,"mole_antonelliana",1,0,,8,,85,,8,,85,,72,,16,,2,,28,,32,,44,,48,,2759,,32,,4212,,4571,,5798,,576
50,"mont_saint_michel",1,0,1,0,1,0,1,0,1,0,1,0,,16,,28,,48,,64,,68,,68,,2759,,4375,,6486,,7805,,8095,,8095
51,"moulin_rouge",,0,,2,,1,,1,,075,,06,,0,,25,,25,,375,,375,,375,,0,,2222,,1429,,1579,,125,,1034
52,"nelson_s_column",1,0,1,0,,95,,9333,,95,,96,,1667,,3333,,5,,5417,,5833,,625,,2857,,5,,6552,,6855,,7228,,7571
53,"notre_dame_de_paris",,8,,8,,8,,8333,,875,,9,,12,,2,,36,,56,,64,,72,,2087,,32,,4966,,6699,,7393,,8
54,"obelisco",,2,,3,,3,,2333,,175,,16,,0909,,2727,,3636,,4545,,4545,,5455,,125,,2857,,3288,,3084,,2527,,2474
55,"piccadilly_circus",1,0,1,0,,85,,8,,8,,82,,2174,,3913,,4348,,4783,,5652,,6522,,3571,,5625,,5753,,5986,,6624,,7265
56,"place_de_la_concorde",1,0,1,0,1,0,1,0,,975,,98,,2,,32,,44,,48,,56,,6,,3333,,4848,,6111,,6486,,7114,,7443
57,"place_de_la_republique",,4,,3,,25,,2667,,275,,22,,25,,375,,5,,625,,75,,75,,3077,,3333,,3333,,3738,,4024,,3402
58,"place_des_vosges",1,0,,9,,8,,7667,,8,,8,,08,,2,,36,,52,,64,,64,,1481,,3273,,4966,,6197,,7111,,7111
59,"pont_du_gard",,8,,8,,85,,8667,,85,,88,,16,,28,,4,,48,,56,,64,,2667,,4148,,544,,6178,,6752,,7411
60,"pont_neuf",,8,,6,,75,,7667,,75,,76,,12,,16,,36,,48,,6,,72,,2087,,2526,,4865,,5904,,6667,,7395
61,"ponte_vecchio",1,0,,9,,75,,7333,,75,,8,,1667,,3333,,4583,,5417,,5833,,6667,,2857,,4865,,569,,6231,,6562,,7273
62,"puerta_de_alcala",,2,,6,,6,,5667,,575,,66,,0526,,3158,,5263,,5789,,6316,,6316,,0833,,4138,,5607,,5727,,602,,6455
63,"puerta_del_sol",,6,,3,,35,,3667,,35,,38,,15,,15,,25,,35,,35,,4,,24,,2,,2917,,3581,,35,,3897
64,"red_fort",1,0,1,0,1,0,1,0,1,0,1,0,,2,,32,,4,,6,,64,,72,,3333,,4848,,5714,,75,,7805,,8372
65,"reims_cathedral",1,0,1,0,1,0,,9667,,975,,98,,16,,28,,48,,48,,52,,56,,2759,,4375,,6486,,6415,,6783,,7127
66,"rialto_bridge",1,0,,9,,85,,8667,,725,,7,,25,,375,,5,,625,,625,,75,,4,,5294,,6296,,7263,,6713,,7241
67,"roman_forum_rome",,4,,5,,6,,6667,,7,,64,,08,,2,,36,,44,,52,,52,,1333,,2857,,45,,5301,,5967,,5738
68,"sacre_coeur",,6,,6,,45,,5333,,55,,56,,125,,2083,,2917,,375,,375,,5,,2069,,3093,,3539,,4404,,4459,,5283
69,"sagrada_familia",1,0,1,0,,95,,9667,,975,,96,,16,,28,,44,,52,,6,,68,,2759,,4375,,6014,,6762,,7429,,7961
70,"santa_maria_novella",,8,,5,,55,,5667,,55,,64,,16,,2,,4,,48,,52,,52,,2667,,2857,,4632,,5197,,5346,,5738
71,"schonbrunn_palace",1,0,1,0,1,0,1,0,1,0,1,0,,2,,32,,48,,56,,6,,6,,3333,,4848,,6486,,7179,,75,,75
72,"seville_cathedral",,8,,9,,9,,8667,,875,,9,,12,,28,,48,,48,,52,,64,,2087,,4271,,6261,,6178,,6523,,7481
73,"spanish_steps",,6,,7,,55,,6667,,7,,6,,0909,,2273,,3182,,5455,,6364,,6364,,1579,,3431,,4031,,6,,6667,,6176
74,"st__basil_cathedral",1,0,1,0,,95,,9333,,9,,9,,2,,36,,44,,56,,6,,6,,3333,,5294,,6014,,7,,72,,72
75,"statue_of_liberty",,8,,7,,85,,8333,,85,,8,,12,,24,,4,,44,,56,,6,,2087,,3574,,544,,5759,,6752,,6857
76,"stonehenge",,8,,7,,65,,6667,,7,,68,,1053,,1579,,2632,,4737,,5263,,5789,,186,,2577,,3746,,5538,,6009,,6254
77,"summer_palace_beijing",1,0,1,0,,85,,8667,,875,,9,,2,,28,,4,,44,,44,,52,,3333,,4375,,544,,5837,,5856,,6592
78,"sydney_opera_house",1,0,,9,,95,,9333,,925,,94,,16,,28,,44,,52,,64,,64,,2759,,4271,,6014,,6679,,7565,,7615
79,"teotihuacan",,6,,6,,75,,7,,7,,66,,12,,2,,48,,52,,56,,6,,2,,3,,5854,,5967,,6222,,6286
80,"terracotta_army",,6,,5,,6,,6667,,725,,68,,15,,25,,5,,55,,65,,7,,24,,3333,,5455,,6027,,6855,,6899
81,"the_blue_mosque",,6,,8,,9,,8667,,875,,9,,12,,32,,44,,52,,6,,68,,2,,4571,,591,,65,,7119,,7747
82,"the_henry_ford",,8,,9,,85,,8667,,8,,68,,16,,28,,48,,6,,6,,68,,2667,,4271,,6135,,7091,,6857,,68
83,"taj_mahal",1,0,1,0,,95,,9667,,95,,92,,16,,28,,48,,56,,6,,64,,2759,,4375,,6378,,7092,,7355,,7549
84,"tour_montparnasse",,2,,2,,4,,5,,525,,5,,05,,1,,25,,4,,5,,55,,08,,1333,,3077,,4444,,5122,,5238
85,"tower_bridge_london",,6,,6,,55,,6333,,65,,64,,12,,2,,32,,48,,56,,64,,2,,3,,4046,,5461,,6017,,64
86,"trafalgar_square",,6,,5,,5,,4333,,45,,44,,1364,,2273,,2727,,3182,,4545,,5455,,2222,,3125,,3529,,3669,,4523,,4871
87,"leaning_tower_of_pisa",,6,,6,,6,,5333,,55,,56,,08,,2,,28,,32,,44,,48,,1412,,3,,3818,,4,,4889,,5169
88,"hermitage_museum_saint_petersburg",1,0,1,0,1,0,1,0,,85,,82,,16,,28,,4,,52,,52,,56,,2759,,4375,,5714,,6842,,6453,,6655
89,"jantar_mantar_jaipur",,8,,8,,8,,8,,825,,86,,16,,28,,44,,64,,76,,84,,2667,,4148,,5677,,7111,,7912,,8499
90,"lake_titicaca_peru",,6,,4,,35,,4667,,5,,52,,125,,1667,,25,,5,,5417,,5833,,2069,,2353,,2917,,4828,,52,,5498
91,"the_great_wall_of_china",,8,,9,,85,,8333,,85,,86,,16,,24,,44,,52,,52,,6,,2667,,3789,,5798,,6404,,6453,,7068
92,"grande_arche_paris",,4,,7,,65,,6333,,725,,7,,08,,24,,32,,4,,52,,56,,1333,,3574,,4289,,4903,,6056,,6222
93,"el_angel_mexico",,6,,5,,55,,6,,7,,7,,0952,,1905,,381,,5714,,7143,,7143,,1644,,2759,,4501,,5854,,7071,,7071
94,"bibliotheque_nationale_de_france",,8,,7,,7,,7667,,775,,76,,16,,28,,44,,56,,56,,6,,2667,,4,,5404,,6472,,6502,,6706
95,"kronborg_castle",,6,,8,,75,,7667,,8,,74,,0833,,2917,,375,,5,,5833,,625,,1463,,4275,,5,,6053,,6747,,6777
96,"ajanta_caves",,8,,9,,85,,8667,,9,,92,,1818,,3182,,4091,,5,,6364,,6818,,2963,,4701,,5523,,6341,,7456,,7832
97,"atomium",,8,,8,,9,,9333,,95,,96,,1905,,2381,,4762,,4762,,5238,,5714,,3077,,367,,6228,,6306,,6753,,7164
98,"ellora_caves",1,0,1,0,1,0,1,0,,975,,94,,1818,,3182,,5,,5455,,5455,,5909,,3077,,4828,,6667,,7059,,6996,,7257
99,"potala_palace",1,0,,8,,8,,8667,,825,,8,,1667,,3333,,5,,6111,,7222,,7222,,2857,,4706,,6154,,7168,,7702,,7591
100,"jokhang",1,0,,9,,8,,8,,825,,8,,2,,32,,52,,68,,72,,72,,3333,,4721,,6303,,7351,,7689,,7579
101,"rila_monastery",,6,,7,,75,,8333,,85,,88,,12,,2,,36,,4,,4,,48,,2,,3111,,4865,,5405,,544,,6212
102,"louvre_pyramid",1,0,1,0,,95,,9333,,9,,92,,1667,,2222,,3333,,5556,,5556,,6111,,2857,,3636,,4935,,6965,,687,,7344
103,"brooklyn_bridge",1,0,1,0,1,0,,9,,9,,84,,1429,,2857,,4762,,4762,,5714,,619,,25,,4444,,6452,,6228,,699,,7128
104,"tower_of_london",,6,,6,,65,,7333,,775,,76,,1304,,2174,,3043,,3913,,5217,,5652,,2143,,3191,,4146,,5103,,6236,,6483
105,"british_museum_london",1,0,1,0,1,0,1,0,1,0,1,0,,1,,25,,35,,45,,55,,65,,1818,,4,,5185,,6207,,7097,,7879
106,"buckingham_palace",,2,,1,,3,,3667,,425,,4,,05,,05,,25,,3,,35,,35,,08,,0667,,2727,,33,,3839,,3733
107,"charles_bridge_prague",,8,,5,,65,,7333,,725,,64,,125,,125,,3333,,4167,,4583,,4583,,2162,,2,,4407,,5314,,5616,,5341
108,"champs_elysees_paris",,6,,4,,55,,5,,5,,54,,2,,2667,,3333,,4667,,5333,,6,,3,,32,,4151,,4828,,5161,,5684
109,"chrysler_building",1,0,,9,,95,,9667,,975,,98,,2143,,3571,,5,,7143,,8571,,8571,,3529,,5114,,6552,,8215,,9123,,9145
110,"moma_new_york",,6,,8,,85,,8667,,9,,9,,1053,,2105,,2632,,3684,,4737,,5263,,1791,,3333,,4019,,517,,6207,,6642
111,"grand_central_terminal",1,0,1,0,1,0,1,0,1,0,1,0,,1429,,3333,,381,,4762,,4762,,619,,25,,5,,5517,,6452,,6452,,7647
112,"houses_of_parliament",1,0,1,0,,95,,9667,,975,,98,,1739,,2609,,4348,,4348,,4348,,4348,,2963,,4138,,5965,,5998,,6014,,6023
113,"alexanderplatz_berlin",,4,,6,,6,,5333,,65,,68,,08,,2,,36,,36,,56,,56,,1333,,3,,45,,4299,,6017,,6142
114,"centre_pompidou",1,0,,9,,85,,8667,,825,,66,,2222,,3333,,5,,5,,5556,,5556,,3636,,4865,,6296,,6341,,664,,6033
115,"sydney_harbour_bridge",1,0,1,0,1,0,1,0,,975,,98,,25,,3125,,375,,4375,,5,,625,,4,,4762,,5455,,6087,,661,,7632
116,"pier_39",1,0,,8,,85,,8667,,875,,9,,1905,,2857,,381,,381,,4762,,5714,,32,,4211,,5261,,5293,,6167,,699
117,"coit_tower",,2,,5,,6,,6667,,575,,56,,0667,,2667,,4,,4,,4,,4,,1,,3478,,48,,5,,4718,,4667
118,"st_paul_s_cathedral_london",1,0,,9,,85,,9,,9,,86,,2941,,3529,,5294,,5882,,7059,,7059,,4545,,507,,6525,,7115,,7912,,7754
119,"cloud_gate",1,0,,8,,75,,6667,,675,,7,,25,,3333,,4167,,4167,,4167,,4167,,4,,4706,,5357,,5128,,5153,,5224
120,"musee_d_orsay",1,0,1,0,1,0,,9333,,9,,92,,1905,,2857,,4286,,5238,,6667,,6667,,32,,4444,,6,,671,,766,,7731
121,"pike_place_market",1,0,,9,,9,,8,,8,,82,,1905,,381,,4762,,5238,,5238,,5238,,32,,5353,,6228,,6331,,6331,,6393
122,"royal_palace_madrid",,8,,8,,85,,9,,925,,9,,1818,,2273,,4091,,5455,,6818,,7727,,2963,,354,,5523,,6792,,785,,8315
123,"sony_center_berlin",,8,,9,,95,,9667,,975,,98,,1905,,2381,,3333,,381,,4286,,5238,,3077,,3766,,4935,,5465,,5954,,6827
124,"red_square_moscow",,6,,6,,8,,8,,7,,7,,1429,,1905,,3333,,3333,,4286,,5238,,2308,,2892,,4706,,4706,,5316,,5992
125,"prague_castle",1,0,,8,,9,,8667,,875,,88,,12,,24,,48,,56,,68,,76,,2143,,3692,,6261,,6804,,7653,,8156
126,"musee_du_louvre",1,0,1,0,1,0,,9667,,975,,98,,2,,28,,52,,68,,72,,72,,3333,,4375,,6842,,7984,,8283,,8301
127,"millennium_bridge_london",,8,,8,,8,,8333,,75,,74,,16,,2,,32,,48,,48,,48,,2667,,32,,4571,,6091,,5854,,5823
128,"casa_mila",1,0,1,0,1,0,,9333,,95,,92,,2,,32,,52,,52,,6,,64,,3333,,4848,,6842,,6679,,7355,,7549
129,"national_gallery_london",,6,,7,,65,,7333,,55,,6,,1364,,2727,,3636,,5,,5,,5455,,2222,,3925,,4664,,5946,,5238,,5714
130,"national_mall",1,0,1,0,1,0,1,0,1,0,,94,,2,,32,,48,,64,,68,,72,,3333,,4848,,6486,,7805,,8095,,8154
131,"london_city_hall",1,0,,9,,9,,9333,,825,,78,,2,,35,,5,,75,,75,,8,,3333,,504,,6429,,8317,,7857,,7899
132,"holocaust_memorial",,8,,8,,65,,6,,65,,68,,1875,,375,,4375,,5625,,625,,75,,3038,,5106,,523,,5806,,6373,,7133
133,"columbus_circle",,2,,4,,5,,5333,,6,,62,,04,,16,,4,,48,,6,,72,,0667,,2286,,4444,,5053,,6,,6663
134,"siegessaeule",,8,,6,,65,,7667,,825,,66,,16,,24,,4,,64,,76,,76,,2667,,3429,,4952,,6976,,7912,,7065
135,"jardin_du_luxembourg",1,0,1,0,,95,,9667,,975,,98,,16,,36,,52,,56,,6,,64,,2759,,5294,,6721,,7092,,7429,,7743
136,"merlion_singapore",,0,,4,,4,,3667,,35,,32,,0,,1818,,3182,,4091,,4545,,5,,0,,25,,3544,,3867,,3955,,3902
137,"harrods_london",1,0,1,0,,95,,9667,,925,,86,,2,,28,,4,,52,,6,,64,,3333,,4375,,563,,6762,,7279,,7339
138,"metropolitan_museum_of_art_new_york",1,0,1,0,,95,,9667,,95,,94,,12,,28,,44,,52,,6,,64,,2143,,4375,,6014,,6762,,7355,,7615
139,"new_york_stock_exchange",,8,,5,,55,,6667,,725,,68,,2,,25,,35,,45,,5,,55,,32,,3333,,4278,,5373,,5918,,6081
140,"stephansdom_vienna",1,0,1,0,1,0,1,0,1,0,1,0,,12,,28,,44,,56,,72,,72,,2143,,4375,,6111,,7179,,8372,,8372
141,"hms_belfast",1,0,1,0,,95,,9667,,975,,98,,16,,28,,44,,48,,52,,64,,2759,,4375,,6014,,6415,,6783,,7743
142,"leicester_square",,8,,7,,75,,7667,,725,,72,,16,,2,,36,,48,,48,,56,,2667,,3111,,4865,,5904,,5776,,63
143,"ciudad_de_las_artes_y_las_ciencias",1,0,1,0,,95,,9667,,95,,96,,2,,24,,48,,6,,64,,68,,3333,,3871,,6378,,7404,,7648,,7961
144,"topkapi_palace",,8,,9,,95,,9667,,95,,96,,12,,24,,44,,52,,6,,68,,2087,,3789,,6014,,6762,,7355,,7961
145,"royal_albert_hall",1,0,,9,,75,,8,,675,,74,,2,,36,,4,,52,,52,,56,,3333,,5143,,5217,,6303,,5874,,6375
146,"st_vitus_cathedral",,8,,8,,9,,9333,,95,,96,,12,,28,,44,,52,,6,,64,,2087,,4148,,591,,6679,,7355,,768
147,"castello_sforzesco",,8,,9,,95,,9333,,9,,9,,04,,2,,36,,48,,56,,56,,0762,,3273,,5221,,634,,6904,,6904
148,"rijksmuseum_amsterdam",1,0,1,0,1,0,1,0,1,0,1,0,,16,,32,,44,,6,,6,,68,,2759,,4848,,6111,,75,,75,,8095
149,"dam_square",1,0,,7,,75,,7,,725,,74,,12,,2,,4,,48,,48,,48,,2143,,3111,,5217,,5695,,5776,,5823
150,"rathaus_vienna",,8,,8,,8,,8,,8,,8,,12,,24,,32,,32,,32,,44,,2087,,3692,,4571,,4571,,4571,,5677
151,"bath_abbey",1,0,1,0,,95,,9667,,975,,96,,2,,36,,52,,64,,68,,72,,3333,,5294,,6721,,7701,,8012,,8229
152,"salisbury_cathedral",1,0,1,0,1,0,1,0,1,0,1,0,,16,,28,,4,,44,,52,,52,,2759,,4375,,5714,,6111,,6842,,6842
153,"templo_de_debod",,2,,3,,35,,4,,3,,4,,0455,,1364,,2273,,2727,,2727,,3182,,0741,,1875,,2756,,3243,,2857,,3544
154,"Niagara_Falls",,2,,2,,5,,6,,55,,58,,0455,,0909,,3182,,4091,,4545,,5,,0741,,125,,3889,,4865,,4977,,537
155,"Golden_Gate_Bridge_in_San_Francisco",1,0,1,0,1,0,,9333,,925,,94,,1364,,2727,,4091,,5455,,5909,,6818,,24,,4286,,5806,,6885,,7211,,7904
156,"Neuschwanstein_Castle",1,0,1,0,1,0,1,0,1,0,,98,,16,,24,,4,,6,,76,,76,,2759,,3871,,5714,,75,,8636,,8561
157,"Christ_Church_Cathedral_Missouri",1,0,,9,,9,,9333,,95,,96,,2,,28,,48,,52,,6,,64,,3333,,4271,,6261,,6679,,7355,,768
158,"Mount_Rushmore_in_South_Dakota",,8,,9,,9,,9333,,95,,96,,12,,28,,48,,52,,64,,68,,2087,,4271,,6261,,6679,,7648,,7961
159,"Puerta_de_Toledo",,2,,1,,15,,1,,075,,06,,5,,5,1,0,1,0,1,0,1,0,,2857,,1667,,2609,,1818,,1395,,1132
160,"Urquhart_Castle",1,0,,8,,9,,9,,85,,8,,125,,25,,5,,6667,,6667,,6667,,2222,,381,,6429,,766,,7473,,7273
161,"Gare_du_Nord_Paris",,8,,7,,7,,7,,75,,8,,12,,2,,36,,4,,44,,44,,2087,,3111,,4755,,5091,,5546,,5677
162,"Newgrange_in_Ireland",,6,,7,,65,,6667,,675,,7,,0833,,1667,,375,,5833,,5833,,5833,,1463,,2692,,4756,,6222,,6258,,6364
163,"Windmills_at_Kinderdijk",1,0,,9,,95,,9333,,85,,84,,16,,28,,36,,44,,48,,6,,2759,,4271,,5221,,5981,,6135,,7
164,"Conciergerie",,8,,9,,9,,9333,,95,,96,,12,,28,,4,,6,,72,,72,,2087,,4271,,5538,,7304,,8192,,8229
165,"Palazzo_Madama",1,0,,7,,75,,7667,,75,,7,,2273,,2727,,5,,6364,,7273,,7273,,3704,,3925,,6,,6955,,7385,,7134
166,"Split_Rock_Lighthouse",1,0,,8,,85,,8333,,875,,9,,16,,28,,28,,44,,44,,48,,2759,,4148,,4212,,5759,,5856,,6261
167,"The_Little_Mermaid_Denmark",,8,,7,,65,,7,,675,,64,,2143,,3571,,5714,,6429,,6429,,7143,,338,,473,,6082,,6702,,6585,,6751
168,"Great_Pyramid_of_Giza",,6,,7,,7,,6667,,6,,66,,2,,2667,,4667,,6,,6667,,7333,,3,,3862,,56,,6316,,6316,,6947
169,"Pitti_Palace",,8,,7,,75,,7667,,775,,76,,1364,,2273,,4091,,5455,,5455,,5909,,233,,3431,,5294,,6374,,6403,,6649
170,"Georgia_State_Capitol",,8,,5,,45,,4333,,475,,38,,1579,,2105,,2632,,2632,,2632,,2632,,2637,,2963,,3321,,3275,,3387,,311
171,"Dome_des_Invalides",1,0,1,0,1,0,1,0,1,0,,98,,08,,24,,48,,52,,56,,56,,1481,,3871,,6486,,6842,,7179,,7127
172,"Reggia_di_Caserta",,4,,4,,6,,5333,,475,,5,,08,,16,,36,,44,,44,,52,,1333,,2286,,45,,4822,,4568,,5098
173,"The_Burj_al_Arab_Hotel",,6,,7,,8,,7667,,825,,86,,12,,24,,4,,44,,6,,64,,2,,3574,,5333,,5591,,6947,,7339
174,"Elephanta_Caves",1,0,,9,,95,,9667,,975,,96,,2083,,3333,,5417,,6667,,6667,,75,,3448,,4865,,6899,,7891,,7919,,8421
175,"Basilica_of_Santa_Croce",1,0,1,0,1,0,1,0,1,0,1,0,,08,,2,,36,,44,,52,,68,,1481,,3333,,5294,,6111,,6842,,8095
176,"Aachen_Cathedral",1,0,1,0,1,0,,9667,,9,,92,,2,,28,,4,,48,,52,,6,,3333,,4375,,5714,,6415,,6592,,7263
177,"Monument_to_the_Great_Fire_of_London",,6,,6,,7,,6667,,65,,54,,12,,2,,4,,48,,52,,56,,2,,3,,5091,,5581,,5778,,5498
178,"Longmen_Grottoes",,2,,6,,6,,6667,,575,,58,,04,,2,,36,,6,,64,,72,,0667,,3,,45,,6316,,6058,,6425
179,"Louisiana_State_Capitol",,2,,4,,35,,3667,,325,,32,,04,,12,,24,,36,,4,,44,,0667,,1846,,2847,,3633,,3586,,3705
180,"The_Great_Sphinx_at_Giza",1,0,1,0,,9,,8667,,875,,88,,2,,32,,44,,52,,56,,64,,3333,,4848,,591,,65,,6829,,7411
181,"Teatro_Real_Madrid",1,0,,7,,65,,7,,75,,78,,1739,,2609,,3913,,6087,,6957,,7826,,2963,,3801,,4885,,6512,,7218,,7813
182,"Palacio_de_la_Magdalena",,6,,7,,8,,8333,,8,,72,,12,,28,,36,,6,,6,,64,,2,,4,,4966,,6977,,6857,,6776
183,"Sowjetisches_Ehrenmal",,6,,6,,7,,6,,675,,68,,12,,24,,44,,48,,56,,72,,2,,3429,,5404,,5333,,6121,,6994
184,"Cathedral_of_Trier",1,0,1,0,,9,,9333,,95,,92,,2,,32,,6,,68,,76,,8,,3333,,4848,,72,,7868,,8444,,8558
185,"Saint_Mary_of_the_Flower",,2,,3,,3,,2333,,25,,22,,04,,12,,2,,24,,32,,36,,0667,,1714,,24,,2366,,2807,,2731
186,"Skellig_Michael",,8,,8,,85,,7333,,7,,7,,12,,28,,48,,52,,6,,64,,2087,,4148,,6135,,6085,,6462,,6687
187,"Chicago_Board_of_Trade_Building",1,0,,6,,6,,7,,775,,8,,2273,,2727,,4091,,4545,,5909,,6364,,3704,,375,,4865,,5512,,6705,,7089
188,"Pont_de_Normandie_France",1,0,,9,,9,,9333,,925,,94,,2632,,3684,,5263,,6842,,7368,,7895,,4167,,5228,,6642,,7896,,8203,,8582
189,"Palazzo_Rosso",,0,,0,,05,,0333,,05,,06,,0,,0,,0417,,0417,,0833,,125,,0,,0,,0455,,037,,0625,,0811
190,"Piazza_Vittorio_Veneto",,6,,4,,5,,5,,5,,4,,125,,1875,,4375,,5,,6875,,6875,,2069,,2553,,4667,,5,,5789,,5057
191,"Sforza_Castle",1,0,1,0,,95,,9333,,925,,94,,16,,28,,44,,52,,56,,68,,2759,,4375,,6014,,6679,,6976,,7891
192,"Torres_KIO",1,0,,8,,85,,8667,,85,,88,,16,,28,,44,,56,,56,,64,,2759,,4148,,5798,,6804,,6752,,7411
193,"Torre_Picasso",,8,,8,,75,,8,,85,,84,,125,,25,,2917,,5417,,625,,7083,,2162,,381,,42,,646,,7203,,7686
194,"The_Palace_of_Parliament_in_Bucharest",1,0,1,0,,9,,9,,925,,94,,16,,24,,36,,52,,56,,56,,2759,,3871,,5143,,6592,,6976,,7019
195,"Ernest_Hemingway_House",,6,,6,,75,,8,,8,,8,,12,,2,,4,,48,,56,,64,,2,,3,,5217,,6,,6588,,7111
196,"Castel_dellOvo_Napoli",,8,,8,,9,,8333,,85,,88,,16,,28,,52,,56,,6,,72,,2667,,4148,,6592,,6699,,7034,,792
197,"Villa_Borghese_gardens",1,0,,9,,95,,9667,,975,,98,,2,,32,,48,,64,,72,,8,,3333,,4721,,6378,,7701,,8283,,8809
198,"Saint_Marks_Basilica",1,0,1,0,1,0,,9667,,975,,98,,2,,24,,36,,52,,52,,52,,3333,,3871,,5294,,6762,,6783,,6795
199,"Mausoleum_of_the_First_Qin_Emperor",,8,,8,,75,,8333,,8,,74,,16,,28,,4,,44,,52,,56,,2667,,4148,,5217,,5759,,6303,,6375
200,"Mausoleum_of_Hadrian",,8,,6,,65,,7333,,775,,78,,1667,,1667,,3333,,5,,5556,,6111,,2759,,2609,,4407,,5946,,6472,,6853
201,"Piazza_de_Ferrari",1,0,,9,,9,,9333,,925,,92,,2105,,2632,,4211,,4737,,4737,,5263,,3478,,4072,,5737,,6284,,6265,,6696
202,"George_Washington_Carver",,2,,3,,55,,6333,,675,,66,,0625,,1875,,4375,,5625,,625,,625,,0952,,2308,,4873,,5958,,649,,642
203,"Cathedral_of_Santiago_de_Compostela",1,0,,9,,85,,9,,9,,84,,1765,,3529,,5294,,7059,,7647,,8235,,3,,507,,6525,,7912,,8269,,8317
204,"Saint-Jacques_Tower",,6,,6,,6,,7,,75,,72,,1538,,3077,,4615,,4615,,4615,,6154,,2449,,4068,,5217,,5563,,5714,,6636
205,"Calakmul_Campeche_Mexico",,8,,9,,85,,9,,85,,84,,2143,,5,,5714,,7857,,7857,,7857,,338,,6429,,6834,,839,,8166,,812
206,"Bran_Castle_in_Transylvania",1,0,,9,,8,,8333,,825,,86,,2105,,2632,,4211,,5263,,5789,,6842,,3478,,4072,,5517,,6452,,6804,,7621
207,"Mosteiro_da_Batalha",1,0,1,0,1,0,1,0,1,0,1,0,,2632,,4211,,5789,,6316,,6316,,7368,,4167,,5926,,7333,,7742,,7742,,8485
208,"Wartburg_Castle",1,0,,9,,9,,9,,925,,92,,15,,35,,55,,7,,8,,8,,2609,,504,,6828,,7875,,858,,8558
209,"Fujian_Tulou_Fujian_China",1,0,1,0,1,0,1,0,1,0,1,0,,2222,,3333,,5,,6111,,6667,,7222,,3636,,5,,6667,,7586,,8,,8387
210,"Alabama_State_Capitol",,8,,8,,65,,6667,,725,,74,,1905,,2857,,381,,619,,7619,,8095,,3077,,4211,,4804,,642,,743,,7732
211,"Palazzo_dAccursio",1,0,,9,,9,,9,,875,,86,,1667,,3333,,5,,5556,,5556,,6111,,2857,,4865,,6429,,687,,6796,,7145
212,"Casa_Grande_Ruins",1,0,1,0,,9,,8333,,75,,8,,2353,,4118,,4118,,4706,,4706,,4706,,381,,5833,,565,,6015,,5783,,5926
213,"Stravinsky_Fountain",1,0,,8,,85,,9,,9,,92,,1333,,1333,,2,,2667,,4,,6,,2353,,2286,,3238,,4114,,5538,,7263
214,"Angel_Falls_Venezuela",1,0,,8,,55,,6333,,575,,52,,2353,,3529,,4118,,5882,,7059,,7647,,381,,4898,,4709,,61,,6338,,619
215,"Statue_of_George_IV",,6,,5,,6,,6333,,525,,52,,25,,375,,75,,75,,75,,875,,3529,,4286,,6667,,6867,,6176,,6523
216,"Palacio_Barolo",,8,,9,,85,,8667,,9,,92,,1765,,4118,,5882,,6471,,6471,,7059,,2892,,565,,6953,,7409,,7529,,7988
217,"Bridge_of_Remembrance_Christchurch_New_Zealand",,8,,7,,6,,7,,775,,78,,25,,3333,,5833,,8333,,9167,1,0,,381,,4516,,5915,,7609,,8399,,8764
218,"John_A._Roebling_Suspension_Bridge",,6,,4,,45,,4667,,45,,46,,1333,,2,,4667,,6667,,6667,,6667,,2182,,2667,,4582,,549,,5373,,5444
219,"Blue_Dome_Santorini",,8,,9,,9,,9333,,95,,96,,1875,,375,,5,,625,,75,,875,,3038,,5294,,6429,,7487,,8382,,9155
220,"Fossar_de_les_Moreres",,8,,4,,4,,4667,,425,,4,,1429,,1429,,3571,,4286,,6429,,7143,,2424,,2105,,3774,,4468,,5117,,5128
221,"Luxor_Obelisk_France",1,0,,9,,85,,7667,,725,,72,,25,,3125,,4375,,4375,,4375,,5,,4,,4639,,5777,,5571,,5457,,5902
222,"Valle_de_los_Caidos",1,0,,8,,9,,9,,875,,88,,25,,3,,5,,6,,7,,7,,4,,4364,,6429,,72,,7778,,7797
--------------------
"--","Avg.",P@5,P@10,P@20,P@30,P@40,P@50,CR@5,CR@10,CR@20,CR@30,CR@40,CR@50,F1@5,F1@10,F1@20,F1@30,F1@40,F1@50
,,,7928,,7676,,7759,,7829,,7803,,7759,,1523,,264,,416,,5171,,577,,6285,,2512,,3863,,5312,,6104,,6494,,6798