--------------------
"Run name","output_runSCHDunnIndex"
--------------------
"Average P@20 = ",,789
"Average CR@20 = ",,4088
"Average F1@20 = ",,5263
--------------------
"Query Id ","Location name",P@5,P@10,P@20,P@30,P@40,P@50,CR@5,CR@10,CR@20,CR@30,CR@40,CR@50,F1@5,F1@10,F1@20,F1@30,F1@40,F1@50
1,"angel_of_the_north",1,0,1,0,1,0,1,0,1,0,1,0,,2,,28,,44,,52,,6,,68,,3333,,4375,,6111,,6842,,75,,8095
2,"big_ben",1,0,1,0,,8,,8333,,8,,76,,1364,,3182,,4091,,5,,6364,,6818,,24,,4828,,5414,,625,,7089,,7188
3,"hearst_castle",1,0,1,0,,9,,9333,,9,,92,,2083,,375,,5417,,5833,,6667,,7083,,3448,,5455,,6763,,7179,,766,,8004
4,"la_madeleine",,2,,4,,35,,4333,,425,,46,,0714,,2857,,4286,,6429,,7857,,8571,,1053,,3333,,3853,,5177,,5516,,5987
5,"pont_alexandre_iii",1,0,,9,,95,,9667,,975,,98,,16,,24,,44,,64,,68,,72,,2759,,3789,,6014,,7701,,8012,,8301
6,"neues_museum",,2,,1,,25,,2667,,4,,46,,04,,04,,2,,24,,48,,64,,0667,,0571,,2222,,2526,,4364,,5353
7,"montezuma_castle",,6,,6,,7,,6333,,6,,6,,25,,4167,,5833,,6667,,6667,,75,,3529,,4918,,6364,,6496,,6316,,6667
8,"cn_tower",,4,,6,,6,,7,,675,,66,,0833,,1667,,3333,,5,,5417,,625,,1379,,2609,,4286,,5833,,601,,642
9,"acropolis_athens",1,0,1,0,,95,,8667,,825,,82,,2381,,3333,,4286,,5238,,5238,,5238,,3846,,5,,5907,,653,,6408,,6393
10,"agra_fort",1,0,1,0,,85,,8333,,85,,86,,2,,36,,48,,52,,64,,72,,3333,,5294,,6135,,6404,,7302,,7838
11,"albert_memorial",,6,,7,,7,,7333,,75,,78,,0455,,1818,,3182,,3636,,5,,6364,,0845,,2887,,4375,,4862,,6,,7009
12,"altes_museum",,8,,8,,7,,7333,,725,,74,,125,,25,,4583,,5417,,6667,,7917,,2162,,381,,554,,6231,,6946,,765
13,"amiens_cathedral",1,0,1,0,,95,,9667,,925,,94,,16,,32,,48,,64,,8,,84,,2759,,4848,,6378,,7701,,858,,8872
14,"angkor_wat",,8,,8,,8,,7667,,825,,82,,12,,24,,4,,56,,6,,6,,2087,,3692,,5333,,6472,,6947,,693
15,"ara_pacis",,6,,7,,8,,7667,,7,,68,,1364,,1818,,5,,5909,,6818,,7273,,2222,,2887,,6154,,6674,,6908,,7028
16,"arc_de_triomphe",1,0,1,0,,85,,8667,,9,,84,,2083,,3333,,4167,,5833,,6667,,7083,,3448,,5,,5592,,6973,,766,,7686
17,"aztec_ruins",,0,,0,,1,,1333,,15,,14,,0,,0,,08,,16,,2,,24,,0,,0,,0889,,1455,,1714,,1768
18,"berlin_cathedral",1,0,1,0,,95,,9667,,975,,98,,16,,32,,52,,56,,6,,68,,2759,,4848,,6721,,7092,,7429,,8029
19,"bok_tower_gardens",,8,,9,,9,,8333,,85,,86,,16,,28,,52,,6,,76,,76,,2667,,4271,,6592,,6977,,8025,,8069
20,"brandenburg_gate",1,0,1,0,,95,,9333,,925,,88,,16,,28,,4,,48,,6,,72,,2759,,4375,,563,,634,,7279,,792
21,"cabrillo",,2,,3,,25,,2,,175,,14,,0769,,2308,,3846,,4615,,4615,,4615,,1111,,2609,,303,,2791,,2538,,2148
22,"casa_batllo",1,0,1,0,1,0,1,0,1,0,1,0,,2,,28,,56,,68,,76,,8,,3333,,4375,,7179,,8095,,8636,,8889
23,"casa_rosada",1,0,1,0,1,0,1,0,,975,,98,,16,,32,,48,,52,,64,,8,,2759,,4848,,6486,,6842,,7728,,8809
24,"castillo_de_san_marcos",,8,,8,,8,,6333,,7,,74,,16,,28,,36,,4,,52,,56,,2667,,4148,,4966,,4903,,5967,,6375
25,"chartres_cathedral",1,0,1,0,,9,,9333,,925,,92,,2,,32,,4,,56,,68,,76,,3333,,4848,,5538,,7,,7838,,8324
26,"chichen_itza",1,0,,8,,85,,8667,,85,,84,,12,,24,,48,,6,,64,,76,,2143,,3692,,6135,,7091,,7302,,798
27,"christ_the_redeemer_rio",,4,,5,,5,,5333,,575,,64,,0435,,1304,,1739,,3913,,4783,,6087,,0784,,2069,,2581,,4514,,5222,,624
28,"civic_center_san_francisco",,6,,7,,65,,7,,65,,66,,12,,28,,32,,48,,56,,6,,2,,4,,4289,,5695,,6017,,6286
29,"cologne_cathedral",1,0,1,0,,95,,9667,,975,,98,,16,,2,,48,,56,,64,,72,,2759,,3333,,6378,,7092,,7728,,8301
30,"colosseum",1,0,1,0,1,0,1,0,1,0,,98,,16,,36,,48,,52,,56,,6,,2759,,5294,,6486,,6842,,7179,,7443
31,"doge_s_palace",1,0,,9,,9,,8667,,875,,82,,2,,28,,36,,52,,56,,56,,3333,,4271,,5143,,65,,6829,,6655
32,"eiffel_tower",1,0,1,0,1,0,,9667,,925,,94,,12,,16,,36,,48,,52,,56,,2143,,2759,,5294,,6415,,6657,,7019
33,"golden_gate_bridge",1,0,1,0,,85,,9,,825,,82,,1739,,2174,,3478,,4783,,5217,,6087,,2963,,3571,,4936,,6246,,6392,,6987
34,"grand_palais",1,0,1,0,,9,,9333,,9,,92,,2273,,3636,,4091,,4545,,5909,,6818,,3704,,5333,,5625,,6114,,7134,,7832
35,"guggenheim_museum_bilbao",1,0,1,0,1,0,,9667,,975,,98,,2,,28,,4,,52,,68,,72,,3333,,4375,,5714,,6762,,8012,,8301
36,"hagia_sophia_istanbul",1,0,1,0,1,0,1,0,1,0,,96,,08,,2,,36,,48,,56,,6,,1481,,3333,,5294,,6486,,7179,,7385
37,"hoover_dam",1,0,,9,,95,,9333,,95,,92,,12,,24,,32,,48,,56,,64,,2143,,3789,,4787,,634,,7046,,7549
38,"humayun_tomb",,6,,7,,75,,7333,,675,,72,,12,,28,,44,,52,,6,,68,,2,,4,,5546,,6085,,6353,,6994
39,"iguazu_falls",,4,,6,,8,,8333,,85,,84,,08,,2,,4,,52,,64,,76,,1333,,3,,5333,,6404,,7302,,798
40,"iolani_palace",1,0,,7,,65,,7333,,675,,7,,16,,2,,32,,52,,52,,6,,2759,,3111,,4289,,6085,,5874,,6462
41,"la_mezquita",1,0,,8,,7,,7,,75,,78,,2083,,2917,,4583,,4583,,5833,,6667,,3448,,4275,,554,,554,,6562,,7189
42,"la_rambla_barcelona",,8,,9,,95,,9667,,95,,94,,12,,12,,28,,4,,48,,52,,2087,,2118,,4325,,5659,,6378,,6696
43,"la_sainte_chapelle",1,0,1,0,,95,,9667,,95,,94,,2,,36,,56,,64,,68,,68,,3333,,5294,,7046,,7701,,7926,,7891
44,"liberty_memorial",,8,,6,,7,,6667,,65,,62,,12,,12,,24,,32,,44,,52,,2087,,2,,3574,,4324,,5248,,5656
45,"lincoln_home",1,0,1,0,,9,,9,,825,,82,,2222,,3333,,3333,,6111,,6667,,8333,,3636,,5,,4865,,7279,,7374,,8266
46,"machu_picchu",,8,,6,,55,,6333,,65,,72,,16,,2,,28,,44,,48,,6,,2667,,3,,3711,,5193,,5522,,6545
47,"marble_arch_london",,8,,8,,6,,5,,425,,38,,3333,,5,,6667,,6667,,6667,,8333,,4706,,6154,,6316,,5714,,5191,,522
48,"milan_cathedral",,8,,8,,8,,8667,,875,,88,,16,,2,,36,,44,,56,,68,,2667,,32,,4966,,5837,,6829,,7672
49,"mole_antonelliana",,8,,8,,9,,8667,,775,,7,,12,,2,,44,,48,,56,,56,,2087,,32,,591,,6178,,6502,,6222
50,"mont_saint_michel",1,0,1,0,,95,,9667,,975,,98,,2,,32,,48,,6,,68,,72,,3333,,4848,,6378,,7404,,8012,,8301
51,"moulin_rouge",,0,,1,,05,,0667,,1,,12,,0,,125,,125,,25,,25,,375,,0,,1111,,0714,,1053,,1429,,1818
52,"nelson_s_column",1,0,1,0,,95,,9667,,9,,92,,1667,,2917,,4583,,625,,625,,6667,,2857,,4516,,6183,,7592,,7377,,7731
53,"notre_dame_de_paris",,8,,9,,95,,9667,,975,,94,,12,,24,,52,,56,,56,,64,,2087,,3789,,6721,,7092,,7114,,7615
54,"obelisco",,2,,2,,2,,1667,,125,,16,,0909,,1818,,3636,,3636,,3636,,3636,,125,,1905,,2581,,2286,,186,,2222
55,"piccadilly_circus",1,0,1,0,,85,,8,,8,,8,,1304,,2609,,3913,,4783,,5217,,5652,,2308,,4138,,5359,,5986,,6316,,6624
56,"place_de_la_concorde",,8,,9,,95,,9667,,975,,98,,12,,2,,36,,48,,52,,64,,2087,,3273,,5221,,6415,,6783,,7743
57,"place_de_la_republique",,4,,3,,35,,2333,,225,,22,,25,,375,,625,,625,,75,,75,,3077,,3333,,4487,,3398,,3462,,3402
58,"place_des_vosges",1,0,,8,,75,,8,,825,,78,,12,,2,,32,,44,,64,,68,,2143,,32,,4486,,5677,,7208,,7266
59,"pont_du_gard",,8,,8,,7,,7667,,775,,76,,12,,28,,32,,44,,52,,6,,2087,,4148,,4392,,5591,,6224,,6706
60,"pont_neuf",1,0,,9,,85,,8667,,8,,84,,16,,2,,28,,44,,6,,8,,2759,,3273,,4212,,5837,,6857,,8195
61,"ponte_vecchio",,4,,7,,8,,8,,775,,78,,0833,,2083,,5,,5417,,7083,,7083,,1379,,3211,,6154,,646,,7402,,7424
62,"puerta_de_alcala",,4,,5,,55,,5667,,55,,58,,1053,,2632,,3684,,4211,,5263,,5789,,1667,,3448,,4413,,4831,,5379,,5795
63,"puerta_del_sol",,6,,5,,55,,4333,,425,,42,,15,,2,,3,,35,,4,,5,,24,,2857,,3882,,3872,,4121,,4565
64,"red_fort",1,0,1,0,1,0,,9667,,975,,98,,2,,36,,48,,56,,64,,64,,3333,,5294,,6486,,7092,,7728,,7743
65,"reims_cathedral",1,0,1,0,1,0,1,0,1,0,,98,,16,,28,,44,,48,,6,,64,,2759,,4375,,6111,,6486,,75,,7743
66,"rialto_bridge",,8,,9,,85,,7667,,65,,58,,25,,375,,5,,5,,5625,,5625,,381,,5294,,6296,,6053,,6031,,5711
67,"roman_forum_rome",,6,,7,,8,,6667,,675,,62,,12,,24,,4,,44,,52,,56,,2,,3574,,5333,,5301,,5874,,5885
68,"sacre_coeur",,4,,3,,4,,5333,,575,,58,,0833,,125,,1667,,375,,4167,,4583,,1379,,1765,,2353,,4404,,4832,,512
69,"sagrada_familia",,8,,9,,95,,9333,,95,,96,,16,,32,,36,,52,,56,,64,,2667,,4721,,5221,,6679,,7046,,768
70,"santa_maria_novella",,6,,7,,75,,6667,,625,,56,,12,,24,,44,,48,,56,,56,,2,,3574,,5546,,5581,,5907,,56
71,"schonbrunn_palace",1,0,1,0,1,0,1,0,1,0,,98,,2,,32,,52,,64,,68,,68,,3333,,4848,,6842,,7805,,8095,,8029
72,"seville_cathedral",1,0,1,0,,9,,9,,925,,92,,16,,32,,44,,56,,6,,6,,2759,,4848,,591,,6904,,7279,,7263
73,"spanish_steps",1,0,1,0,,8,,7667,,7,,72,,1364,,3182,,4091,,5455,,5909,,6818,,24,,4828,,5414,,6374,,6408,,7004
74,"st__basil_cathedral",1,0,,9,,85,,9,,825,,82,,2,,24,,44,,48,,6,,64,,3333,,3789,,5798,,6261,,6947,,7189
75,"statue_of_liberty",,8,,7,,7,,8,,775,,76,,16,,2,,36,,48,,52,,64,,2667,,3111,,4755,,6,,6224,,6949
76,"stonehenge",,8,,8,,75,,7,,65,,62,,1579,,2105,,3684,,4737,,5263,,5789,,2637,,3333,,4941,,565,,5817,,5988
77,"summer_palace_beijing",1,0,1,0,,95,,9667,,9,,9,,2,,32,,4,,48,,6,,6,,3333,,4848,,563,,6415,,72,,72
78,"sydney_opera_house",1,0,1,0,,95,,9667,,95,,96,,16,,28,,44,,56,,6,,64,,2759,,4375,,6014,,7092,,7355,,768
79,"teotihuacan",,6,,8,,75,,6,,65,,66,,12,,24,,4,,44,,44,,52,,2,,3692,,5217,,5077,,5248,,5817
80,"terracotta_army",,2,,5,,6,,6333,,6,,62,,05,,25,,4,,5,,6,,75,,08,,3333,,48,,5588,,6,,6788
81,"the_blue_mosque",1,0,,9,,9,,8667,,9,,9,,2,,32,,44,,52,,6,,64,,3333,,4721,,591,,65,,72,,7481
82,"the_henry_ford",1,0,,9,,8,,7333,,775,,7,,2,,24,,36,,4,,52,,56,,3333,,3789,,4966,,5176,,6224,,6222
83,"taj_mahal",,8,,8,,85,,8667,,875,,86,,12,,24,,48,,6,,72,,72,,2087,,3692,,6135,,7091,,79,,7838
84,"tour_montparnasse",1,0,,8,,45,,5333,,45,,44,,15,,2,,25,,45,,45,,55,,2609,,32,,3214,,4881,,45,,4889
85,"tower_bridge_london",,6,,7,,6,,5667,,575,,56,,12,,28,,4,,44,,6,,6,,2,,4,,48,,4954,,5872,,5793
86,"trafalgar_square",,8,,7,,5,,5333,,475,,48,,1818,,2273,,2727,,4545,,4545,,5455,,2963,,3431,,3529,,4908,,4645,,5106
87,"leaning_tower_of_pisa",,6,,6,,55,,6,,625,,64,,12,,24,,32,,48,,52,,64,,2,,3429,,4046,,5333,,5677,,64
88,"hermitage_museum_saint_petersburg",,8,,8,,8,,8333,,85,,86,,12,,24,,32,,48,,56,,64,,2087,,3692,,4571,,6091,,6752,,7339
89,"jantar_mantar_jaipur",1,0,1,0,,85,,8333,,775,,8,,16,,32,,48,,68,,8,,88,,2759,,4848,,6135,,7489,,7873,,8381
90,"lake_titicaca_peru",,6,,5,,5,,4333,,45,,48,,0833,,1667,,2917,,3333,,5,,625,,1463,,25,,3684,,3768,,4737,,543
91,"the_great_wall_of_china",1,0,1,0,,9,,8667,,875,,86,,2,,28,,4,,48,,64,,68,,3333,,4375,,5538,,6178,,7393,,7595
92,"grande_arche_paris",,8,,5,,7,,6333,,6,,6,,12,,12,,32,,44,,48,,52,,2087,,1935,,4392,,5193,,5333,,5571
93,"el_angel_mexico",1,0,,9,,7,,6333,,575,,56,,1905,,3333,,4762,,5238,,5238,,6667,,32,,4865,,5668,,5734,,5482,,6087
94,"bibliotheque_nationale_de_france",,6,,7,,65,,6667,,725,,76,,12,,16,,36,,44,,56,,72,,2,,2605,,4634,,5301,,6319,,7395
95,"kronborg_castle",,8,,8,,7,,6667,,725,,74,,1667,,3333,,4167,,5,,5833,,5833,,2759,,4706,,5224,,5714,,6465,,6524
96,"ajanta_caves",,8,,9,,85,,8,,85,,86,,1818,,3182,,5,,5909,,6818,,7273,,2963,,4701,,6296,,6797,,7567,,7881
97,"atomium",1,0,1,0,,95,,9667,,975,,94,,2381,,3333,,4762,,5238,,5238,,5238,,3846,,5,,6344,,6794,,6815,,6727
98,"ellora_caves",1,0,1,0,1,0,1,0,1,0,,96,,1818,,2727,,4091,,5,,5455,,5455,,3077,,4286,,5806,,6667,,7059,,6957
99,"potala_palace",,8,,8,,9,,9,,85,,86,,1667,,3333,,3889,,5,,6111,,6667,,2759,,4706,,5431,,6429,,711,,7511
100,"jokhang",,8,,8,,75,,8333,,8,,8,,16,,32,,4,,56,,64,,8,,2667,,4571,,5217,,6699,,7111,,8
101,"rila_monastery",,8,,8,,8,,8333,,825,,86,,16,,24,,32,,36,,4,,48,,2667,,3692,,4571,,5028,,5388,,6161
102,"louvre_pyramid",1,0,1,0,1,0,,9,,875,,84,,1111,,1667,,3889,,5,,7222,,7778,,2,,2857,,56,,6429,,7913,,8077
103,"brooklyn_bridge",1,0,,9,,8,,8667,,825,,86,,0952,,2381,,381,,4762,,4762,,5714,,1739,,3766,,5161,,6147,,6038,,6866
104,"tower_of_london",,8,,9,,8,,8333,,775,,78,,1739,,1739,,3043,,4348,,4348,,5652,,2857,,2915,,4409,,5714,,5571,,6555
105,"british_museum_london",1,0,1,0,1,0,1,0,,95,,96,,1,,2,,3,,4,,5,,55,,1818,,3333,,4615,,5714,,6552,,6993
106,"buckingham_palace",,8,,6,,45,,4667,,4,,44,,2,,25,,3,,3,,35,,45,,32,,3529,,36,,3652,,3733,,4449
107,"charles_bridge_prague",1,0,,9,,75,,7667,,725,,64,,125,,1667,,25,,375,,4167,,4167,,2222,,2812,,375,,5036,,5292,,5047
108,"champs_elysees_paris",1,0,,7,,4,,5,,45,,5,,2667,,2667,,2667,,4,,4667,,5333,,4211,,3862,,32,,4444,,4582,,5161
109,"chrysler_building",1,0,1,0,1,0,1,0,1,0,1,0,,2143,,4286,,7143,,8571,,9286,,9286,,3529,,6,,8333,,9231,,963,,963
110,"moma_new_york",,6,,7,,85,,8667,,9,,92,,1053,,2105,,4211,,4737,,5789,,6316,,1791,,3237,,5631,,6126,,7046,,749
111,"grand_central_terminal",1,0,1,0,1,0,1,0,1,0,,96,,0952,,1429,,1905,,4762,,5238,,6667,,1739,,25,,32,,6452,,6875,,7869
112,"houses_of_parliament",1,0,1,0,,95,,9667,,975,,94,,2174,,3043,,3913,,4348,,4783,,5217,,3571,,4667,,5543,,5998,,6417,,671
113,"alexanderplatz_berlin",,4,,4,,4,,4667,,55,,6,,08,,12,,24,,36,,4,,48,,1333,,1846,,3,,4065,,4632,,5333
114,"centre_pompidou",,6,,7,,8,,7,,725,,66,,1667,,2222,,5,,5,,6667,,6667,,2609,,3373,,6154,,5833,,6946,,6633
115,"sydney_harbour_bridge",1,0,1,0,,95,,9667,,975,,98,,3125,,375,,5625,,625,,6875,,6875,,4762,,5455,,7066,,7592,,8064,,8081
116,"pier_39",,8,,9,,9,,9333,,925,,9,,1905,,2857,,4286,,5238,,619,,6667,,3077,,4337,,5806,,671,,7417,,766
117,"coit_tower",,8,,7,,65,,6333,,625,,6,,0667,,0667,,2667,,4667,,5333,,5333,,1231,,1217,,3782,,5374,,5755,,5647
118,"st_paul_s_cathedral_london",1,0,,9,,9,,9333,,85,,82,,2941,,3529,,5882,,6471,,7059,,7647,,4545,,507,,7115,,7643,,7713,,7914
119,"cloud_gate",,4,,4,,5,,5667,,6,,62,,1667,,25,,3333,,3333,,3333,,5,,2353,,3077,,4,,4198,,4286,,5536
120,"musee_d_orsay",1,0,1,0,1,0,,9667,,975,,98,,1905,,3333,,4762,,619,,7143,,8095,,32,,5,,6452,,7548,,8245,,8866
121,"pike_place_market",,8,,7,,75,,7333,,75,,78,,1905,,2381,,3333,,4762,,5238,,5238,,3077,,3553,,4615,,5774,,6168,,6267
122,"royal_palace_madrid",,8,,8,,8,,7667,,8,,82,,1818,,2727,,3636,,4545,,6364,,6818,,2963,,4068,,5,,5707,,7089,,7446
123,"sony_center_berlin",1,0,1,0,,95,,9333,,925,,92,,1905,,2857,,4286,,4286,,5714,,5714,,32,,4444,,5907,,5874,,7064,,705
124,"red_square_moscow",1,0,,9,,8,,8,,725,,72,,1429,,2857,,381,,5714,,619,,7143,,25,,4337,,5161,,6667,,6678,,7171
125,"prague_castle",1,0,,9,,95,,9,,875,,82,,16,,24,,4,,56,,64,,68,,2759,,3789,,563,,6904,,7393,,7435
126,"musee_du_louvre",,8,,9,,95,,9667,,95,,96,,16,,28,,48,,56,,68,,76,,2667,,4271,,6378,,7092,,7926,,8484
127,"millennium_bridge_london",,8,,6,,7,,7,,775,,78,,16,,2,,32,,44,,6,,64,,2667,,3,,4392,,5404,,6764,,7031
128,"casa_mila",1,0,1,0,,95,,9667,,925,,94,,16,,28,,4,,44,,56,,64,,2759,,4375,,563,,6047,,6976,,7615
129,"national_gallery_london",,6,,7,,8,,8333,,775,,74,,1364,,2727,,4545,,5455,,5909,,6364,,2222,,3925,,5797,,6593,,6705,,6843
130,"national_mall",1,0,,9,,95,,9667,,925,,92,,16,,28,,44,,6,,64,,8,,2759,,4271,,6014,,7404,,7565,,8558
131,"london_city_hall",1,0,1,0,,9,,9,,85,,78,,2,,3,,5,,5,,55,,55,,3333,,4615,,6429,,6429,,6679,,6451
132,"holocaust_memorial",,8,,8,,65,,6333,,6,,58,,25,,375,,5,,5625,,5625,,6875,,381,,5106,,5652,,5958,,5806,,6292
133,"columbus_circle",,6,,5,,55,,6,,55,,56,,12,,16,,36,,44,,52,,64,,2,,2424,,4352,,5077,,5346,,5973
134,"siegessaeule",,8,,7,,8,,7667,,725,,74,,16,,2,,36,,44,,56,,68,,2667,,3111,,4966,,5591,,6319,,7087
135,"jardin_du_luxembourg",1,0,1,0,,95,,9667,,975,,96,,2,,36,,48,,6,,68,,8,,3333,,5294,,6378,,7404,,8012,,8727
136,"merlion_singapore",,0,,1,,15,,2333,,275,,32,,0,,0455,,1364,,2727,,3636,,4545,,0,,0625,,1429,,2515,,3132,,3756
137,"harrods_london",1,0,1,0,,9,,8333,,825,,8,,16,,32,,4,,44,,52,,6,,2759,,4848,,5538,,5759,,6379,,6857
138,"metropolitan_museum_of_art_new_york",1,0,1,0,1,0,,9667,,975,,98,,16,,32,,44,,6,,68,,68,,2759,,4848,,6111,,7404,,8012,,8029
139,"new_york_stock_exchange",1,0,,8,,8,,7667,,725,,7,,2,,3,,4,,4,,45,,5,,3333,,4364,,5333,,5257,,5553,,5833
140,"stephansdom_vienna",1,0,1,0,1,0,1,0,1,0,1,0,,2,,36,,56,,64,,68,,72,,3333,,5294,,7179,,7805,,8095,,8372
141,"hms_belfast",1,0,1,0,1,0,1,0,,975,,98,,12,,24,,48,,52,,6,,68,,2143,,3871,,6486,,6842,,7429,,8029
142,"leicester_square",,8,,8,,8,,7667,,725,,74,,16,,16,,28,,48,,56,,56,,2667,,2667,,4148,,5904,,6319,,6375
143,"ciudad_de_las_artes_y_las_ciencias",1,0,,9,,95,,9333,,95,,96,,2,,32,,36,,48,,48,,6,,3333,,4721,,5221,,634,,6378,,7385
144,"topkapi_palace",1,0,1,0,,95,,9667,,975,,98,,2,,36,,48,,6,,6,,64,,3333,,5294,,6378,,7404,,7429,,7743
145,"royal_albert_hall",,8,,9,,7,,6333,,6,,6,,12,,28,,36,,4,,44,,44,,2087,,4271,,4755,,4903,,5077,,5077
146,"st_vitus_cathedral",1,0,1,0,,85,,8667,,9,,92,,12,,2,,32,,52,,6,,6,,2143,,3333,,465,,65,,72,,7263
147,"castello_sforzesco",,8,,9,,9,,9333,,95,,96,,12,,24,,36,,44,,56,,6,,2087,,3789,,5143,,5981,,7046,,7385
148,"rijksmuseum_amsterdam",1,0,1,0,1,0,1,0,,975,,96,,16,,2,,32,,4,,48,,56,,2759,,3333,,4848,,5714,,6433,,7074
149,"dam_square",,6,,6,,75,,7667,,7,,62,,12,,2,,36,,36,,36,,36,,2,,3,,4865,,4899,,4755,,4555
150,"rathaus_vienna",1,0,,9,,8,,7667,,75,,72,,12,,2,,28,,32,,36,,36,,2143,,3273,,4148,,4515,,4865,,48
151,"bath_abbey",1,0,1,0,,95,,9667,,975,,98,,12,,24,,44,,6,,64,,68,,2143,,3871,,6014,,7404,,7728,,8029
152,"salisbury_cathedral",1,0,1,0,1,0,,9667,,95,,94,,16,,2,,36,,44,,44,,52,,2759,,3333,,5294,,6047,,6014,,6696
153,"templo_de_debod",,4,,4,,45,,4667,,425,,4,,0455,,0909,,2727,,3636,,3636,,4091,,0816,,1481,,3396,,4088,,3919,,4045
154,"Niagara_Falls",,8,,6,,7,,6667,,65,,64,,1818,,1818,,3636,,4545,,4545,,5909,,2963,,2791,,4786,,5405,,535,,6145
155,"Golden_Gate_Bridge_in_San_Francisco",,8,,9,,95,,9333,,925,,94,,0909,,2273,,5,,5455,,5909,,6818,,1633,,3629,,6552,,6885,,7211,,7904
156,"Neuschwanstein_Castle",1,0,1,0,1,0,1,0,1,0,1,0,,16,,32,,44,,56,,6,,64,,2759,,4848,,6111,,7179,,75,,7805
157,"Christ_Church_Cathedral_Missouri",1,0,1,0,,95,,9333,,9,,88,,16,,28,,44,,6,,6,,6,,2759,,4375,,6014,,7304,,72,,7135
158,"Mount_Rushmore_in_South_Dakota",,8,,9,,95,,9333,,9,,9,,16,,24,,4,,52,,6,,64,,2667,,3789,,563,,6679,,72,,7481
159,"Puerta_de_Toledo",,0,,0,,1,,1,,075,,06,,0,,0,1,0,1,0,1,0,1,0,,0,,0,,1818,,1818,,1395,,1132
160,"Urquhart_Castle",,8,,8,,85,,8667,,875,,88,,125,,25,,5,,5833,,625,,625,,2162,,381,,6296,,6973,,7292,,7309
161,"Gare_du_Nord_Paris",,8,,9,,9,,8667,,825,,82,,16,,28,,32,,4,,44,,48,,2667,,4271,,4721,,5474,,5739,,6055
162,"Newgrange_in_Ireland",,8,,8,,7,,6333,,65,,64,,1667,,2083,,4167,,4583,,5,,5,,2759,,3306,,5224,,5318,,5652,,5614
163,"Windmills_at_Kinderdijk",1,0,,9,,9,,8667,,9,,92,,12,,16,,36,,44,,56,,68,,2143,,2717,,5143,,5837,,6904,,782
164,"Conciergerie",1,0,,9,,95,,9667,,975,,98,,2,,28,,48,,68,,76,,76,,3333,,4271,,6378,,7984,,8542,,8561
165,"Palazzo_Madama",1,0,1,0,,9,,7333,,7,,7,,2273,,3636,,5909,,5909,,7273,,7727,,3704,,5333,,7134,,6545,,7134,,7346
166,"Split_Rock_Lighthouse",1,0,,8,,85,,8333,,8,,8,,08,,16,,24,,36,,4,,48,,1481,,2667,,3743,,5028,,5333,,6
167,"The_Little_Mermaid_Denmark",,8,,8,,85,,7667,,675,,62,,2143,,3571,,7143,,7857,,7857,,8571,,338,,4938,,7763,,7761,,7262,,7195
168,"Great_Pyramid_of_Giza",,8,,6,,5,,5667,,575,,6,,2667,,4,,4667,,6,,6667,,6667,,4,,48,,4828,,5829,,6174,,6316
169,"Pitti_Palace",1,0,,8,,8,,8667,,775,,76,,1818,,2273,,4091,,5455,,5455,,5909,,3077,,354,,5414,,6695,,6403,,6649
170,"Georgia_State_Capitol",,8,,6,,5,,4,,35,,32,,1579,,2105,,2632,,2632,,2632,,2632,,2637,,3117,,3448,,3175,,3004,,2888
171,"Dome_des_Invalides",1,0,1,0,1,0,1,0,1,0,1,0,,16,,32,,4,,44,,56,,56,,2759,,4848,,5714,,6111,,7179,,7179
172,"Reggia_di_Caserta",,8,,8,,6,,6,,6,,62,,16,,28,,4,,48,,52,,6,,2667,,4148,,48,,5333,,5571,,6098
173,"The_Burj_al_Arab_Hotel",,8,,9,,85,,8667,,825,,82,,16,,28,,36,,44,,6,,64,,2667,,4271,,5058,,5837,,6947,,7189
174,"Elephanta_Caves",1,0,1,0,,95,,9333,,875,,86,,2083,,2917,,4583,,5,,5833,,5833,,3448,,4516,,6183,,6512,,7,,6952
175,"Basilica_of_Santa_Croce",1,0,1,0,1,0,1,0,1,0,1,0,,12,,24,,36,,44,,64,,76,,2143,,3871,,5294,,6111,,7805,,8636
176,"Aachen_Cathedral",1,0,1,0,,95,,9,,9,,92,,16,,28,,36,,44,,52,,6,,2759,,4375,,5221,,591,,6592,,7263
177,"Monument_to_the_Great_Fire_of_London",,6,,5,,55,,5333,,6,,56,,12,,2,,36,,44,,56,,56,,2,,2857,,4352,,4822,,5793,,56
178,"Longmen_Grottoes",,2,,3,,45,,5,,45,,52,,04,,12,,32,,52,,56,,68,,0667,,1714,,374,,5098,,499,,5893
179,"Louisiana_State_Capitol",,2,,3,,25,,3,,325,,32,,04,,12,,16,,24,,28,,4,,0667,,1714,,1951,,2667,,3008,,3556
180,"The_Great_Sphinx_at_Giza",,8,,8,,9,,8667,,85,,84,,16,,28,,36,,48,,6,,64,,2667,,4148,,5143,,6178,,7034,,7265
181,"Teatro_Real_Madrid",1,0,,9,,75,,8,,75,,7,,1304,,3043,,4783,,6087,,7391,,7391,,2308,,4549,,5841,,6914,,7445,,719
182,"Palacio_de_la_Magdalena",1,0,,7,,8,,8667,,875,,82,,16,,24,,44,,52,,6,,68,,2759,,3574,,5677,,65,,7119,,7435
183,"Sowjetisches_Ehrenmal",,6,,6,,6,,5333,,6,,56,,12,,24,,32,,36,,48,,56,,2,,3429,,4174,,4299,,5333,,56
184,"Cathedral_of_Trier",1,0,1,0,,95,,8667,,85,,88,,2,,32,,52,,6,,68,,76,,3333,,4848,,6721,,7091,,7556,,8156
185,"Saint_Mary_of_the_Flower",,0,,2,,35,,3,,4,,42,,0,,08,,24,,32,,48,,48,,0,,1143,,2847,,3097,,4364,,448
186,"Skellig_Michael",,8,,8,,7,,7667,,725,,72,,16,,28,,4,,6,,64,,68,,2667,,4148,,5091,,6732,,6799,,6994
187,"Chicago_Board_of_Trade_Building",1,0,,9,,9,,7667,,75,,64,,1818,,2727,,5455,,5455,,5455,,5455,,3077,,4186,,6792,,6374,,6316,,589
188,"Pont_de_Normandie_France",1,0,,9,,95,,9667,,925,,84,,2105,,4211,,5789,,6842,,7368,,7368,,3478,,5737,,7194,,8013,,8203,,785
189,"Palazzo_Rosso",,0,,0,,05,,0333,,025,,06,,0,,0,,0417,,0417,,0417,,125,,0,,0,,0455,,037,,0312,,0811
190,"Piazza_Vittorio_Veneto",,8,,8,,7,,5667,,525,,46,,1875,,3125,,5,,5,,6875,,75,,3038,,4494,,5833,,5312,,5954,,5702
191,"Sforza_Castle",1,0,1,0,,95,,9333,,95,,96,,2,,4,,52,,64,,68,,72,,3333,,5714,,6721,,7593,,7926,,8229
192,"Torres_KIO",1,0,,9,,9,,8667,,875,,82,,2,,32,,52,,56,,64,,68,,3333,,4721,,6592,,6804,,7393,,7435
193,"Torre_Picasso",1,0,,9,,9,,8333,,725,,66,,2083,,25,,4583,,625,,625,,625,,3448,,3913,,6074,,7143,,6713,,642
194,"The_Palace_of_Parliament_in_Bucharest",1,0,,9,,9,,8667,,85,,88,,12,,16,,32,,4,,48,,64,,2143,,2717,,4721,,5474,,6135,,7411
195,"Ernest_Hemingway_House",1,0,,9,,8,,8333,,775,,76,,2,,32,,4,,52,,56,,56,,3333,,4721,,5333,,6404,,6502,,6448
196,"Castel_dellOvo_Napoli",1,0,,9,,9,,8333,,8,,8,,2,,36,,56,,6,,64,,68,,3333,,5143,,6904,,6977,,7111,,7351
197,"Villa_Borghese_gardens",1,0,1,0,1,0,1,0,1,0,1,0,,16,,36,,48,,64,,76,,84,,2759,,5294,,6486,,7805,,8636,,913
198,"Saint_Marks_Basilica",1,0,1,0,1,0,1,0,1,0,1,0,,16,,24,,4,,48,,52,,56,,2759,,3871,,5714,,6486,,6842,,7179
199,"Mausoleum_of_the_First_Qin_Emperor",,8,,9,,95,,8667,,85,,84,,12,,24,,4,,44,,6,,68,,2087,,3789,,563,,5837,,7034,,7516
200,"Mausoleum_of_Hadrian",1,0,1,0,,9,,7333,,675,,64,,2222,,2778,,5556,,6111,,6111,,6667,,3636,,4348,,687,,6667,,6415,,6531
201,"Piazza_de_Ferrari",1,0,1,0,,9,,9,,925,,9,,2105,,3158,,4211,,4737,,4737,,5263,,3478,,48,,5737,,6207,,6265,,6642
202,"George_Washington_Carver",,8,,8,,7,,7667,,7,,7,,1875,,375,,4375,,625,,6875,,6875,,3038,,5106,,5385,,6886,,6937,,6937
203,"Cathedral_of_Santiago_de_Compostela",1,0,,9,,85,,8,,775,,7,,1765,,2941,,4706,,5294,,6471,,7059,,3,,4433,,6058,,6372,,7053,,7029
204,"Saint-Jacques_Tower",1,0,,8,,9,,8,,825,,8,,2308,,3077,,3846,,3846,,6154,,8462,,375,,4444,,5389,,5195,,7049,,8224
205,"Calakmul_Campeche_Mexico",1,0,,9,,95,,9,,9,,86,,2143,,3571,,5714,,6429,,7143,,7143,,3529,,5114,,7136,,75,,7965,,7804
206,"Bran_Castle_in_Transylvania",1,0,1,0,,9,,8667,,9,,86,,1579,,3158,,3158,,3684,,5789,,6842,,2727,,48,,4675,,517,,7046,,7621
207,"Mosteiro_da_Batalha",1,0,1,0,1,0,1,0,1,0,1,0,,1053,,3158,,4211,,5789,,6316,,6842,,1905,,48,,5926,,7333,,7742,,8125
208,"Wartburg_Castle",1,0,1,0,,9,,9,,9,,92,,2,,35,,55,,65,,75,,8,,3333,,5185,,6828,,7548,,8182,,8558
209,"Fujian_Tulou_Fujian_China",1,0,1,0,1,0,1,0,,975,,96,,2222,,3333,,4444,,6111,,7222,,7222,,3636,,5,,6154,,7586,,8298,,8243
210,"Alabama_State_Capitol",,6,,8,,75,,8333,,775,,74,,1429,,3333,,6667,,8095,,8095,,9048,,2308,,4706,,7059,,8213,,7919,,8141
211,"Palazzo_dAccursio",,8,,7,,7,,7,,675,,66,,1667,,1667,,1667,,4444,,6111,,6111,,2759,,2692,,2692,,5437,,6415,,6346
212,"Casa_Grande_Ruins",,6,,7,,75,,7667,,75,,74,,1765,,2941,,4118,,4706,,4706,,5294,,2727,,4142,,5316,,5832,,5783,,6172
213,"Stravinsky_Fountain",1,0,1,0,,95,,9667,,95,,94,,2667,,2667,,3333,,4667,,4667,,5333,,4211,,4211,,4935,,6295,,6259,,6805
214,"Angel_Falls_Venezuela",1,0,,8,,7,,6333,,575,,58,,2353,,2941,,4706,,5294,,5882,,7059,,381,,4301,,5628,,5767,,5815,,6368
215,"Statue_of_George_IV",,8,,8,,6,,6,,525,,46,,5,,5,,5,,625,,75,,75,,6154,,6154,,5455,,6122,,6176,,5702
216,"Palacio_Barolo",,8,,9,,9,,9,,9,,9,,2353,,2941,,5882,,5882,,6471,,7647,,3636,,4433,,7115,,7115,,7529,,8269
217,"Bridge_of_Remembrance_Christchurch_New_Zealand",,8,,9,,8,,7,,65,,62,,25,,4167,,6667,,8333,,8333,,8333,,381,,5696,,7273,,7609,,7303,,711
218,"John_A._Roebling_Suspension_Bridge",,2,,3,,35,,3667,,425,,44,,0667,,2,,4,,6,,6667,,6667,,1,,24,,3733,,4552,,5191,,5301
219,"Blue_Dome_Santorini",,8,,9,,95,,9333,,95,,96,,25,,375,,625,,6875,,75,,8125,,381,,5294,,754,,7918,,8382,,8801
220,"Fossar_de_les_Moreres",,6,,6,,65,,5667,,475,,4,,1429,,2857,,5714,,6429,,7143,,7143,,2308,,3871,,6082,,6024,,5706,,5128
221,"Luxor_Obelisk_France",1,0,,8,,8,,7333,,725,,68,,1875,,25,,3125,,375,,4375,,4375,,3158,,381,,4494,,4962,,5457,,5324
222,"Valle_de_los_Caidos",,8,,9,,9,,9333,,925,,92,,15,,3,,5,,65,,7,,75,,2526,,45,,6429,,7663,,7969,,8263
--------------------
"--","Avg.",P@5,P@10,P@20,P@30,P@40,P@50,CR@5,CR@10,CR@20,CR@30,CR@40,CR@50,F1@5,F1@10,F1@20,F1@30,F1@40,F1@50
,,,8207,,8081,,789,,7815,,7688,,7621,,1577,,2606,,4088,,5054,,5788,,6374,,261,,3882,,5263,,6014,,6474,,6804