--------------------
"Run name","output_runCNN_ADSumSquaredError"
--------------------
"Average P@20 = ",,7133
"Average CR@20 = ",,4102
"Average F1@20 = ",,5138
--------------------
"Query Id ","Location name",P@5,P@10,P@20,P@30,P@40,P@50,CR@5,CR@10,CR@20,CR@30,CR@40,CR@50,F1@5,F1@10,F1@20,F1@30,F1@40,F1@50
1,"angel_of_the_north",1,0,1,0,,95,,9333,,95,,94,,16,,24,,48,,56,,6,,64,,2759,,3871,,6378,,7,,7355,,7615
2,"big_ben",,8,,8,,7,,7,,725,,72,,0909,,2273,,3636,,4091,,4091,,4091,,1633,,354,,4786,,5164,,523,,5217
3,"hearst_castle",1,0,1,0,,9,,8667,,9,,92,,2083,,4167,,5833,,6667,,75,,8333,,3448,,5882,,7079,,7536,,8182,,8745
4,"la_madeleine",,6,,6,,55,,4667,,45,,42,,2143,,3571,,6429,,7857,,7857,,8571,,3158,,4478,,5928,,5856,,5723,,5638
5,"pont_alexandre_iii",1,0,,8,,9,,9333,,925,,92,,16,,28,,56,,64,,72,,84,,2759,,4148,,6904,,7593,,8097,,8782
6,"neues_museum",,8,,7,,8,,7667,,775,,8,,16,,24,,36,,56,,64,,72,,2667,,3574,,4966,,6472,,7011,,7579
7,"montezuma_castle",,6,,8,,8,,7333,,7,,66,,25,,5833,,75,,75,,9167,,9167,,3529,,6747,,7742,,7416,,7938,,7674
8,"cn_tower",,6,,7,,5,,5667,,6,,56,,125,,2083,,2917,,5,,6667,,7083,,2069,,3211,,3684,,5312,,6316,,6255
9,"acropolis_athens",,4,,5,,7,,6667,,7,,7,,0952,,2381,,4286,,4762,,4762,,619,,1538,,3226,,5316,,5556,,5668,,657
10,"agra_fort",,6,,8,,85,,9,,9,,9,,08,,2,,4,,56,,64,,72,,1412,,32,,544,,6904,,7481,,8
11,"albert_memorial",,8,,9,,9,,8667,,825,,82,,1818,,3182,,3636,,5455,,5909,,6364,,2963,,4701,,518,,6695,,6886,,7166
12,"altes_museum",,8,,9,,8,,8333,,75,,76,,1667,,2917,,4167,,625,,625,,6667,,2759,,4406,,5479,,7143,,6818,,7103
13,"amiens_cathedral",1,0,1,0,1,0,,9667,,975,,96,,2,,36,,52,,68,,76,,76,,3333,,5294,,6842,,7984,,8542,,8484
14,"angkor_wat",,8,,9,,85,,8333,,875,,86,,16,,32,,44,,6,,64,,64,,2667,,4721,,5798,,6977,,7393,,7339
15,"ara_pacis",,8,,7,,75,,7333,,7,,66,,1818,,3182,,5455,,7273,,8182,,8636,,2963,,4375,,6316,,7303,,7545,,7482
16,"arc_de_triomphe",,4,,6,,7,,7667,,8,,78,,0833,,2083,,375,,5833,,6667,,6667,,1379,,3093,,4884,,6626,,7273,,7189
17,"aztec_ruins",,2,,1,,4,,3333,,325,,34,,04,,04,,32,,32,,4,,48,,0667,,0571,,3556,,3265,,3586,,398
18,"berlin_cathedral",1,0,,9,,9,,9,,925,,88,,16,,24,,48,,6,,68,,72,,2759,,3789,,6261,,72,,7838,,792
19,"bok_tower_gardens",1,0,1,0,,9,,8667,,875,,88,,16,,32,,48,,6,,64,,64,,2759,,4848,,6261,,7091,,7393,,7411
20,"brandenburg_gate",1,0,1,0,,9,,8667,,875,,9,,2,,36,,48,,56,,68,,76,,3333,,5294,,6261,,6804,,7653,,8241
21,"cabrillo",,0,,1,,05,,0667,,075,,08,,0,,0769,,0769,,1538,,2308,,3077,,0,,087,,0606,,093,,1132,,127
22,"casa_batllo",1,0,1,0,1,0,1,0,,925,,94,,16,,32,,48,,56,,56,,64,,2759,,4848,,6486,,7179,,6976,,7615
23,"casa_rosada",,8,,9,,9,,8667,,875,,88,,16,,24,,44,,52,,68,,68,,2667,,3789,,591,,65,,7653,,7672
24,"castillo_de_san_marcos",,6,,7,,75,,7667,,8,,84,,12,,28,,4,,56,,68,,72,,2,,4,,5217,,6472,,7351,,7754
25,"chartres_cathedral",1,0,,9,,95,,8667,,875,,9,,16,,28,,52,,56,,68,,72,,2759,,4271,,6721,,6804,,7653,,8
26,"chichen_itza",1,0,,9,,85,,8333,,875,,9,,2,,28,,48,,68,,72,,8,,3333,,4271,,6135,,7489,,79,,8471
27,"christ_the_redeemer_rio",,4,,4,,4,,5333,,5,,46,,087,,1739,,3043,,5217,,6087,,6087,,1429,,2424,,3457,,5275,,549,,524
28,"civic_center_san_francisco",,2,,4,,45,,5667,,575,,58,,04,,16,,32,,44,,48,,56,,0667,,2286,,374,,4954,,5232,,5698
29,"cologne_cathedral",1,0,1,0,,95,,9333,,9,,9,,16,,28,,48,,64,,76,,8,,2759,,4375,,6378,,7593,,8241,,8471
30,"colosseum",1,0,1,0,,9,,9333,,925,,94,,2,,32,,36,,56,,56,,56,,3333,,4848,,5143,,7,,6976,,7019
31,"doge_s_palace",,8,,9,,95,,9333,,875,,88,,16,,28,,4,,48,,52,,64,,2667,,4271,,563,,634,,6523,,7411
32,"eiffel_tower",,8,,8,,85,,9,,9,,88,,12,,2,,4,,52,,56,,6,,2087,,32,,544,,6592,,6904,,7135
33,"golden_gate_bridge",1,0,,9,,9,,9,,775,,78,,1739,,2609,,3913,,5217,,5217,,5652,,2963,,4045,,5455,,6606,,6236,,6555
34,"grand_palais",1,0,,9,,85,,8667,,9,,92,,1818,,3636,,5909,,5909,,6818,,7727,,3077,,518,,6972,,7027,,7759,,84
35,"guggenheim_museum_bilbao",,8,,7,,8,,8667,,85,,84,,16,,28,,44,,56,,6,,64,,2667,,4,,5677,,6804,,7034,,7265
36,"hagia_sophia_istanbul",1,0,1,0,1,0,,9667,,925,,92,,16,,28,,48,,56,,64,,68,,2759,,4375,,6486,,7092,,7565,,782
37,"hoover_dam",,8,,8,,85,,8667,,9,,9,,16,,28,,44,,6,,68,,76,,2667,,4148,,5798,,7091,,7747,,8241
38,"humayun_tomb",,8,,8,,8,,8333,,8,,82,,12,,24,,36,,6,,68,,76,,2087,,3692,,4966,,6977,,7351,,7889
39,"iguazu_falls",,8,,6,,65,,7333,,775,,76,,12,,2,,36,,48,,64,,72,,2087,,3,,4634,,5802,,7011,,7395
40,"iolani_palace",,2,,3,,6,,5667,,575,,56,,04,,12,,4,,44,,6,,64,,0667,,1714,,48,,4954,,5872,,5973
41,"la_mezquita",,2,,2,,3,,4333,,525,,52,,0417,,0833,,25,,4167,,4167,,4583,,069,,1176,,2727,,4248,,4646,,4872
42,"la_rambla_barcelona",1,0,1,0,,9,,8,,85,,88,,16,,28,,48,,52,,56,,64,,2759,,4375,,6261,,6303,,6752,,7411
43,"la_sainte_chapelle",,8,,9,,9,,9333,,925,,92,,16,,36,,52,,56,,68,,68,,2667,,5143,,6592,,7,,7838,,782
44,"liberty_memorial",,4,,4,,65,,6333,,625,,68,,08,,16,,4,,48,,6,,76,,1333,,2286,,4952,,5461,,6122,,7178
45,"lincoln_home",,6,,7,,65,,6,,6,,56,,1111,,2222,,3889,,5,,6111,,6111,,1875,,3373,,4866,,5455,,6055,,5844
46,"machu_picchu",,8,,7,,8,,8333,,825,,82,,16,,28,,48,,6,,68,,76,,2667,,4,,6,,6977,,7455,,7889
47,"marble_arch_london",,2,,2,,25,,2667,,225,,22,,0833,,1667,,4167,,4167,,4167,,4167,,1176,,1818,,3125,,3252,,2922,,288
48,"milan_cathedral",,8,,9,,9,,8667,,8,,82,,16,,32,,44,,6,,68,,72,,2667,,4721,,591,,7091,,7351,,7668
49,"mole_antonelliana",1,0,,8,,7,,6333,,7,,68,,16,,28,,32,,36,,4,,44,,2759,,4148,,4392,,4591,,5091,,5343
50,"mont_saint_michel",1,0,,8,,8,,7333,,8,,8,,16,,28,,44,,48,,68,,68,,2759,,4148,,5677,,5802,,7351,,7351
51,"moulin_rouge",,0,,1,,05,,1,,075,,1,,0,,125,,125,,375,,375,,5,,0,,1111,,0714,,1579,,125,,1667
52,"nelson_s_column",1,0,1,0,,9,,8667,,875,,84,,2083,,375,,5417,,6667,,7083,,8333,,3448,,5455,,6763,,7536,,7829,,8367
53,"notre_dame_de_paris",,8,,9,,85,,8333,,85,,86,,16,,36,,44,,64,,72,,76,,2667,,5143,,5798,,724,,7796,,8069
54,"obelisco",,2,,1,,1,,1667,,2,,16,,0909,,0909,,1818,,3636,,5455,,5455,,125,,0952,,129,,2286,,2927,,2474
55,"piccadilly_circus",,8,,9,,7,,7,,7,,72,,1304,,3043,,3913,,5652,,6522,,6957,,2243,,4549,,502,,6254,,6752,,7076
56,"place_de_la_concorde",1,0,1,0,1,0,1,0,1,0,,98,,16,,32,,52,,6,,72,,76,,2759,,4848,,6842,,75,,8372,,8561
57,"place_de_la_republique",,2,,1,,1,,0667,,05,,08,,125,,125,,25,,25,,25,,5,,1538,,1111,,1429,,1053,,0833,,1379
58,"place_des_vosges",,8,,7,,65,,6667,,675,,68,,16,,24,,4,,52,,52,,56,,2667,,3574,,4952,,5843,,5874,,6142
59,"pont_du_gard",,6,,4,,7,,7,,675,,68,,12,,16,,32,,36,,52,,6,,2,,2286,,4392,,4755,,5874,,6375
60,"pont_neuf",,4,,3,,55,,5333,,55,,6,,08,,12,,36,,52,,64,,76,,1333,,1714,,4352,,5266,,5916,,6706
61,"ponte_vecchio",,6,,8,,7,,7667,,75,,74,,125,,3333,,5,,625,,625,,7083,,2069,,4706,,5833,,6886,,6818,,7238
62,"puerta_de_alcala",,8,,7,,65,,6,,65,,64,,2105,,2105,,4211,,5263,,6316,,6842,,3333,,3237,,5111,,5607,,6407,,6614
63,"puerta_del_sol",,4,,4,,5,,3667,,375,,4,,1,,2,,35,,4,,6,,7,,16,,2667,,4118,,3826,,4615,,5091
64,"red_fort",1,0,1,0,1,0,,9667,,975,,98,,16,,32,,52,,56,,64,,76,,2759,,4848,,6842,,7092,,7728,,8561
65,"reims_cathedral",,6,,8,,8,,8667,,85,,88,,12,,2,,44,,56,,64,,72,,2,,32,,5677,,6804,,7302,,792
66,"rialto_bridge",,4,,5,,45,,4667,,5,,48,,125,,125,,3125,,4375,,5625,,625,,1905,,2,,3689,,4516,,5294,,543
67,"roman_forum_rome",,6,,6,,65,,7,,7,,72,,12,,2,,36,,6,,68,,76,,2,,3,,4634,,6462,,6899,,7395
68,"sacre_coeur",,6,,6,,45,,5,,5,,54,,125,,2083,,3333,,4583,,5417,,6667,,2069,,3093,,383,,4783,,52,,5967
69,"sagrada_familia",1,0,1,0,,95,,9333,,9,,9,,2,,36,,44,,64,,68,,68,,3333,,5294,,6014,,7593,,7747,,7747
70,"santa_maria_novella",,4,,4,,35,,4667,,5,,46,,08,,16,,28,,36,,4,,52,,1333,,2286,,3111,,4065,,4444,,4882
71,"schonbrunn_palace",1,0,1,0,1,0,1,0,,975,,98,,16,,32,,52,,64,,68,,68,,2759,,4848,,6842,,7805,,8012,,8029
72,"seville_cathedral",1,0,1,0,1,0,1,0,,975,,98,,2,,32,,56,,72,,72,,84,,3333,,4848,,7179,,8372,,8283,,9046
73,"spanish_steps",,6,,6,,65,,7,,7,,7,,0909,,1818,,3636,,5909,,6818,,7273,,1579,,2791,,4664,,6408,,6908,,7134
74,"st__basil_cathedral",,8,,8,,8,,8,,775,,82,,16,,28,,48,,52,,6,,76,,2667,,4148,,6,,6303,,6764,,7889
75,"statue_of_liberty",,8,,8,,8,,8333,,85,,82,,16,,32,,4,,64,,72,,72,,2667,,4571,,5333,,724,,7796,,7668
76,"stonehenge",,4,,4,,35,,3333,,4,,44,,1053,,2105,,2632,,3158,,4211,,4737,,1667,,2759,,3004,,3243,,4103,,4562
77,"summer_palace_beijing",,8,,8,,85,,8333,,825,,86,,16,,28,,48,,6,,68,,76,,2667,,4148,,6135,,6977,,7455,,8069
78,"sydney_opera_house",,8,,9,,8,,8,,8,,82,,16,,32,,48,,6,,6,,64,,2667,,4721,,6,,6857,,6857,,7189
79,"teotihuacan",,6,,6,,8,,7333,,75,,76,,12,,16,,4,,52,,56,,56,,2,,2526,,5333,,6085,,6412,,6448
80,"terracotta_army",1,0,,6,,55,,6,,6,,58,,2,,25,,3,,5,,65,,7,,3333,,3529,,3882,,5455,,624,,6344
81,"the_blue_mosque",1,0,1,0,,9,,9,,925,,94,,2,,28,,48,,56,,6,,64,,3333,,4375,,6261,,6904,,7279,,7615
82,"the_henry_ford",,8,,6,,75,,7,,7,,64,,16,,24,,48,,56,,64,,72,,2667,,3429,,5854,,6222,,6687,,6776
83,"taj_mahal",1,0,,9,,9,,9,,9,,86,,2,,36,,48,,64,,72,,84,,3333,,5143,,6261,,7481,,8,,8499
84,"tour_montparnasse",,6,,4,,45,,4667,,425,,4,,15,,2,,4,,4,,45,,55,,24,,2667,,4235,,4308,,4371,,4632
85,"tower_bridge_london",,6,,6,,7,,6333,,575,,54,,12,,24,,44,,48,,6,,6,,2,,3429,,5404,,5461,,5872,,5684
86,"trafalgar_square",,6,,6,,65,,6,,625,,62,,1364,,1818,,3182,,4091,,4545,,5455,,2222,,2791,,4272,,4865,,5263,,5803
87,"leaning_tower_of_pisa",,6,,6,,6,,6667,,725,,7,,12,,2,,36,,48,,6,,68,,2,,3,,45,,5581,,6566,,6899
88,"hermitage_museum_saint_petersburg",1,0,,9,,85,,8333,,85,,84,,12,,24,,4,,44,,6,,72,,2143,,3789,,544,,5759,,7034,,7754
89,"jantar_mantar_jaipur",,8,,8,,8,,8,,8,,82,,16,,24,,48,,6,,76,,84,,2667,,3692,,6,,6857,,7795,,8299
90,"lake_titicaca_peru",,6,,6,,55,,6,,55,,58,,125,,25,,375,,5417,,625,,75,,2069,,3529,,4459,,5693,,5851,,6541
91,"the_great_wall_of_china",,8,,8,,75,,7333,,725,,74,,16,,24,,44,,56,,64,,72,,2667,,3692,,5546,,6351,,6799,,7299
92,"grande_arche_paris",,2,,4,,4,,4667,,45,,54,,04,,16,,28,,44,,52,,56,,0667,,2286,,3294,,4529,,4825,,5498
93,"el_angel_mexico",,8,,7,,55,,4667,,375,,4,,1429,,2857,,381,,4762,,4762,,619,,2424,,4058,,4501,,4714,,4196,,486
94,"bibliotheque_nationale_de_france",,4,,4,,55,,6667,,725,,76,,08,,16,,36,,52,,6,,64,,1333,,2286,,4352,,5843,,6566,,6949
95,"kronborg_castle",,8,,8,,9,,8333,,825,,82,,1667,,25,,5,,5833,,625,,6667,,2759,,381,,6429,,6863,,7112,,7354
96,"ajanta_caves",,8,,9,,9,,9333,,925,,9,,1364,,2727,,5,,5455,,5455,,6364,,233,,4186,,6429,,6885,,6862,,7456
97,"atomium",,6,,7,,75,,8333,,875,,9,,1429,,2381,,381,,5238,,5714,,6667,,2308,,3553,,5053,,6433,,6914,,766
98,"ellora_caves",1,0,1,0,,95,,9333,,95,,96,,2273,,3182,,4545,,4545,,4545,,5909,,3704,,4828,,6149,,6114,,6149,,7315
99,"potala_palace",,8,,8,,8,,8,,8,,8,,1667,,2778,,3889,,6111,,6667,,7778,,2759,,4124,,5234,,6929,,7273,,7887
100,"jokhang",,6,,6,,65,,7,,725,,74,,12,,24,,4,,48,,52,,64,,2,,3429,,4952,,5695,,6056,,6864
101,"rila_monastery",1,0,1,0,,9,,8667,,85,,86,,16,,28,,36,,4,,44,,44,,2759,,4375,,5143,,5474,,5798,,5822
102,"louvre_pyramid",,8,,8,,65,,7333,,725,,72,,2222,,3333,,5,,5,,5556,,6111,,3478,,4706,,5652,,5946,,6291,,6611
103,"brooklyn_bridge",,6,,6,,6,,6667,,725,,78,,1429,,2381,,3333,,4762,,5714,,6667,,2308,,3409,,4286,,5556,,6391,,7189
104,"tower_of_london",,4,,5,,55,,6333,,675,,66,,087,,1739,,2609,,4348,,4348,,5217,,1429,,2581,,3539,,5156,,5289,,5828
105,"british_museum_london",,8,,9,,9,,9,,85,,88,,1,,3,,4,,4,,5,,55,,1778,,45,,5538,,5538,,6296,,6769
106,"buckingham_palace",,6,,3,,35,,3,,225,,3,,15,,15,,3,,35,,35,,6,,24,,2,,3231,,3231,,2739,,4
107,"charles_bridge_prague",,6,,6,,6,,6333,,625,,64,,125,,2083,,2917,,4167,,5,,6667,,2069,,3093,,3925,,5026,,5556,,6531
108,"champs_elysees_paris",,6,,3,,5,,5,,525,,46,,1333,,1333,,4,,5333,,6,,6,,2182,,1846,,4444,,5161,,56,,5208
109,"chrysler_building",,8,,9,,9,,9,,925,,92,,2143,,4286,,5714,,6429,,7143,,8571,,338,,5806,,699,,75,,8061,,8875
110,"moma_new_york",1,0,,8,,85,,8667,,825,,82,,2105,,3158,,3158,,4211,,5263,,5789,,3478,,4528,,4605,,5668,,6426,,6787
111,"grand_central_terminal",1,0,,9,,9,,8333,,825,,86,,1429,,1905,,381,,4286,,5714,,5714,,25,,3144,,5353,,566,,6752,,6866
112,"houses_of_parliament",1,0,,9,,7,,8,,8,,82,,1304,,2609,,3043,,4783,,5652,,6087,,2308,,4045,,4242,,5986,,6624,,6987
113,"alexanderplatz_berlin",,8,,8,,75,,8,,8,,8,,16,,24,,32,,48,,56,,56,,2667,,3692,,4486,,6,,6588,,6588
114,"centre_pompidou",,2,,5,,55,,5667,,65,,64,,0556,,1667,,3333,,3889,,5,,6111,,087,,25,,4151,,4612,,5652,,6252
115,"sydney_harbour_bridge",1,0,1,0,1,0,1,0,,95,,92,,25,,3125,,5625,,5625,,625,,6875,,4,,4762,,72,,72,,754,,7869
116,"pier_39",1,0,,9,,85,,8667,,85,,88,,1905,,2857,,381,,5238,,5714,,619,,32,,4337,,5261,,653,,6834,,7268
117,"coit_tower",,4,,3,,45,,5333,,5,,48,,1333,,2,,4,,6,,6,,6,,2,,24,,4235,,5647,,5455,,5333
118,"st_paul_s_cathedral_london",,4,,7,,65,,7667,,725,,68,,1176,,2941,,4118,,5294,,5882,,6471,,1818,,4142,,5042,,6263,,6495,,6631
119,"cloud_gate",,8,,7,,65,,7,,725,,72,,25,,3333,,4167,,5,,5,,5833,,381,,4516,,5078,,5833,,5918,,6445
120,"musee_d_orsay",1,0,1,0,1,0,,9,,9,,9,,1905,,381,,4286,,4762,,5714,,7143,,32,,5517,,6,,6228,,699,,7965
121,"pike_place_market",,6,,7,,65,,7667,,75,,72,,1429,,2857,,4286,,6667,,6667,,6667,,2308,,4058,,5166,,7132,,7059,,6923
122,"royal_palace_madrid",1,0,,8,,8,,8,,825,,84,,1818,,2273,,4545,,5909,,7273,,8182,,3077,,354,,5797,,6797,,7731,,8289
123,"sony_center_berlin",,8,,9,,95,,9,,9,,92,,1429,,2381,,5238,,5714,,5714,,619,,2424,,3766,,6753,,699,,699,,7401
124,"red_square_moscow",1,0,,8,,8,,7,,65,,7,,1429,,2857,,4286,,5714,,5714,,6667,,25,,4211,,5581,,6292,,6082,,6829
125,"prague_castle",1,0,1,0,,9,,8333,,8,,78,,16,,32,,48,,6,,64,,68,,2759,,4848,,6261,,6977,,7111,,7266
126,"musee_du_louvre",1,0,1,0,,95,,9667,,975,,98,,2,,28,,56,,72,,8,,8,,3333,,4375,,7046,,8253,,8789,,8809
127,"millennium_bridge_london",1,0,1,0,,9,,8,,85,,84,,2,,32,,36,,48,,68,,68,,3333,,4848,,5143,,6,,7556,,7516
128,"casa_mila",1,0,1,0,1,0,1,0,1,0,1,0,,16,,28,,44,,56,,6,,68,,2759,,4375,,6111,,7179,,75,,8095
129,"national_gallery_london",,8,,7,,7,,7,,625,,6,,1818,,2727,,4091,,5455,,5455,,6364,,2963,,3925,,5164,,6131,,5825,,6176
130,"national_mall",,6,,6,,6,,6,,65,,64,,12,,2,,36,,52,,72,,76,,2,,3,,45,,5571,,6832,,6949
131,"london_city_hall",,6,,6,,7,,7,,7,,72,,15,,3,,55,,6,,65,,7,,24,,4,,616,,6462,,6741,,7099
132,"holocaust_memorial",,8,,5,,4,,5,,475,,48,,25,,3125,,4375,,625,,6875,,75,,381,,3846,,4179,,5556,,5618,,5854
133,"columbus_circle",,6,,7,,6,,5667,,5,,46,,12,,28,,4,,52,,6,,64,,2,,4,,48,,5423,,5455,,5353
134,"siegessaeule",,6,,5,,55,,5333,,6,,58,,12,,2,,4,,44,,68,,68,,2,,2857,,4632,,4822,,6375,,626
135,"jardin_du_luxembourg",,8,,9,,9,,9,,925,,94,,12,,28,,52,,6,,76,,88,,2087,,4271,,6592,,72,,8344,,909
136,"merlion_singapore",,8,,6,,45,,4667,,525,,54,,1818,,2727,,3182,,4545,,5909,,5909,,2963,,375,,3728,,4605,,556,,5643
137,"harrods_london",,6,,6,,6,,6667,,7,,76,,12,,24,,4,,48,,56,,68,,2,,3429,,48,,5581,,6222,,7178
138,"metropolitan_museum_of_art_new_york",1,0,1,0,1,0,,9667,,925,,94,,2,,28,,44,,52,,6,,64,,3333,,4375,,6111,,6762,,7279,,7615
139,"new_york_stock_exchange",,4,,6,,5,,5667,,55,,52,,1,,25,,35,,45,,55,,55,,16,,3529,,4118,,5016,,55,,5346
140,"stephansdom_vienna",1,0,,9,,85,,8667,,875,,9,,16,,28,,56,,64,,68,,72,,2759,,4271,,6752,,7363,,7653,,8
141,"hms_belfast",1,0,1,0,1,0,,9667,,95,,96,,2,,24,,48,,64,,64,,72,,3333,,3871,,6486,,7701,,7648,,8229
142,"leicester_square",,8,,7,,8,,7667,,75,,68,,16,,28,,44,,56,,68,,72,,2667,,4,,5677,,6472,,7133,,6994
143,"ciudad_de_las_artes_y_las_ciencias",1,0,1,0,,95,,9667,,975,,98,,16,,32,,64,,76,,84,,88,,2759,,4848,,7648,,851,,9025,,9273
144,"topkapi_palace",1,0,1,0,,95,,9667,,975,,96,,16,,32,,48,,64,,76,,76,,2759,,4848,,6378,,7701,,8542,,8484
145,"royal_albert_hall",,8,,8,,65,,6667,,675,,66,,12,,24,,36,,48,,56,,6,,2087,,3692,,4634,,5581,,6121,,6286
146,"st_vitus_cathedral",,8,,8,,9,,9,,9,,92,,16,,28,,4,,44,,48,,56,,2667,,4148,,5538,,591,,6261,,6962
147,"castello_sforzesco",1,0,,9,,95,,9667,,975,,94,,2,,36,,48,,6,,76,,84,,3333,,5143,,6378,,7404,,8542,,8872
148,"rijksmuseum_amsterdam",1,0,1,0,,95,,9667,,975,,98,,08,,24,,44,,64,,72,,76,,1481,,3871,,6014,,7701,,8283,,8561
149,"dam_square",,6,,5,,65,,6333,,6,,58,,12,,16,,4,,52,,6,,68,,2,,2424,,4952,,5711,,6,,626
150,"rathaus_vienna",,0,,4,,5,,5667,,6,,54,,0,,16,,28,,36,,44,,48,,0,,2286,,359,,4403,,5077,,5082
151,"bath_abbey",1,0,,9,,9,,9333,,95,,94,,16,,2,,4,,52,,64,,76,,2759,,3273,,5538,,6679,,7648,,8405
152,"salisbury_cathedral",,8,,8,,9,,9333,,95,,96,,16,,28,,36,,48,,64,,68,,2667,,4148,,5143,,634,,7648,,7961
153,"templo_de_debod",1,0,,8,,65,,6,,6,,6,,2273,,3182,,4091,,5,,5455,,5909,,3704,,4553,,5021,,5455,,5714,,5954
154,"Niagara_Falls",,6,,6,,65,,6333,,625,,62,,1364,,2273,,4545,,5,,5455,,6364,,2222,,3297,,535,,5588,,5825,,6281
155,"Golden_Gate_Bridge_in_San_Francisco",1,0,1,0,,95,,9667,,95,,96,,2273,,4091,,4545,,6364,,7273,,8182,,3704,,5806,,6149,,7675,,8238,,8834
156,"Neuschwanstein_Castle",1,0,,9,,9,,9,,9,,92,,2,,28,,48,,6,,68,,72,,3333,,4271,,6261,,72,,7747,,8078
157,"Christ_Church_Cathedral_Missouri",,8,,8,,8,,8,,825,,8,,16,,24,,4,,48,,56,,56,,2667,,3692,,5333,,6,,6671,,6588
158,"Mount_Rushmore_in_South_Dakota",,8,,8,,9,,8667,,9,,92,,16,,24,,4,,52,,64,,68,,2667,,3692,,5538,,65,,7481,,782
159,"Puerta_de_Toledo",,0,,0,,0,,0,,025,,02,,0,,0,,0,,0,,5,,5,,0,,0,,0,,0,,0476,,0385
160,"Urquhart_Castle",1,0,,9,,95,,9667,,95,,92,,2083,,3333,,5,,625,,75,,875,,3448,,4865,,6552,,7592,,8382,,8969
161,"Gare_du_Nord_Paris",,6,,5,,65,,6667,,65,,64,,04,,08,,28,,48,,56,,6,,075,,1379,,3914,,5581,,6017,,6194
162,"Newgrange_in_Ireland",,6,,6,,7,,7,,675,,66,,125,,25,,4167,,5417,,5417,,5833,,2069,,3529,,5224,,6107,,601,,6193
163,"Windmills_at_Kinderdijk",1,0,,8,,85,,9,,925,,94,,16,,24,,32,,4,,6,,64,,2759,,3692,,465,,5538,,7279,,7615
164,"Conciergerie",1,0,1,0,,9,,9333,,95,,92,,16,,24,,48,,56,,64,,72,,2759,,3871,,6261,,7,,7648,,8078
165,"Palazzo_Madama",,2,,2,,3,,4667,,475,,52,,0455,,0909,,2273,,4545,,5,,6364,,0741,,125,,2586,,4605,,4872,,5723
166,"Split_Rock_Lighthouse",,6,,5,,6,,6333,,65,,68,,12,,16,,24,,28,,36,,48,,2,,2424,,3429,,3883,,4634,,5628
167,"The_Little_Mermaid_Denmark",,4,,3,,3,,3333,,3,,32,,1429,,2143,,3571,,5,,5714,,5714,,2105,,25,,3261,,4,,3934,,4103
168,"Great_Pyramid_of_Giza",,6,,5,,65,,5333,,525,,52,,2,,3333,,5333,,5333,,5333,,6,,3,,4,,5859,,5333,,5291,,5571
169,"Pitti_Palace",,6,,5,,65,,7,,7,,7,,1364,,1818,,3636,,5455,,5455,,5909,,2222,,2667,,4664,,6131,,6131,,6408
170,"Georgia_State_Capitol",,2,,2,,3,,2333,,2,,22,,0526,,1053,,2105,,2105,,2105,,2105,,0833,,1379,,2474,,2213,,2051,,2152
171,"Dome_des_Invalides",1,0,1,0,,95,,9667,,95,,94,,16,,24,,4,,52,,6,,64,,2759,,3871,,563,,6762,,7355,,7615
172,"Reggia_di_Caserta",,4,,5,,65,,7,,675,,72,,08,,2,,36,,48,,52,,68,,1333,,2857,,4634,,5695,,5874,,6994
173,"The_Burj_al_Arab_Hotel",1,0,,7,,75,,7333,,75,,74,,2,,24,,44,,48,,52,,56,,3333,,3574,,5546,,5802,,6142,,6375
174,"Elephanta_Caves",,8,,6,,55,,6667,,7,,68,,125,,1667,,375,,625,,625,,625,,2162,,2609,,4459,,6452,,6604,,6513
175,"Basilica_of_Santa_Croce",1,0,1,0,1,0,,9667,,975,,98,,2,,28,,44,,56,,76,,8,,3333,,4375,,6111,,7092,,8542,,8809
176,"Aachen_Cathedral",1,0,1,0,1,0,,9667,,975,,96,,2,,32,,52,,64,,72,,76,,3333,,4848,,6842,,7701,,8283,,8484
177,"Monument_to_the_Great_Fire_of_London",,8,,7,,65,,6333,,65,,62,,16,,24,,4,,48,,6,,6,,2667,,3574,,4952,,5461,,624,,6098
178,"Longmen_Grottoes",,6,,6,,65,,5667,,625,,6,,12,,16,,32,,44,,6,,68,,2,,2526,,4289,,4954,,6122,,6375
179,"Louisiana_State_Capitol",,2,,4,,35,,3,,3,,34,,04,,16,,28,,36,,48,,56,,0667,,2286,,3111,,3273,,3692,,4231
180,"The_Great_Sphinx_at_Giza",,6,,7,,6,,6,,525,,5,,12,,24,,4,,52,,52,,56,,2,,3574,,48,,5571,,5225,,5283
181,"Teatro_Real_Madrid",,8,,6,,5,,5333,,55,,6,,1739,,2174,,3913,,4783,,6087,,6957,,2857,,3191,,439,,5043,,5779,,6443
182,"Palacio_de_la_Magdalena",,8,,8,,6,,6333,,65,,68,,16,,24,,4,,52,,68,,68,,2667,,3692,,48,,5711,,6647,,68
183,"Sowjetisches_Ehrenmal",,6,,6,,75,,6,,625,,6,,12,,2,,48,,56,,68,,72,,2,,3,,5854,,5793,,6513,,6545
184,"Cathedral_of_Trier",,8,,7,,85,,8333,,825,,82,,12,,12,,4,,44,,48,,68,,2087,,2049,,544,,5759,,6069,,7435
185,"Saint_Mary_of_the_Flower",,4,,4,,45,,4,,375,,42,,04,,12,,2,,24,,24,,32,,0727,,1846,,2769,,3,,2927,,3632
186,"Skellig_Michael",,4,,4,,5,,5,,6,,66,,08,,16,,28,,32,,44,,48,,1333,,2286,,359,,3902,,5077,,5558
187,"Chicago_Board_of_Trade_Building",,8,,7,,65,,6333,,625,,62,,1364,,2727,,4091,,5,,5455,,5455,,233,,3925,,5021,,5588,,5825,,5803
188,"Pont_de_Normandie_France",,8,,6,,65,,7,,675,,66,,1579,,2105,,4211,,6842,,7895,,8947,,2637,,3117,,5111,,692,,7278,,7596
189,"Palazzo_Rosso",,2,,1,,05,,0667,,075,,08,,0417,,0417,,0417,,0833,,0833,,125,,069,,0588,,0455,,0741,,0789,,0976
190,"Piazza_Vittorio_Veneto",,4,,3,,35,,3333,,3,,28,,125,,1875,,4375,,625,,6875,,75,,1905,,2308,,3889,,4348,,4177,,4078
191,"Sforza_Castle",1,0,1,0,,95,,9667,,95,,92,,16,,36,,48,,52,,6,,64,,2759,,5294,,6378,,6762,,7355,,7549
192,"Torres_KIO",,6,,6,,75,,8,,8,,8,,12,,2,,4,,52,,6,,6,,2,,3,,5217,,6303,,6857,,6857
193,"Torre_Picasso",,4,,5,,65,,7,,675,,74,,0833,,2083,,4167,,5833,,5833,,625,,1379,,2941,,5078,,6364,,6258,,6777
194,"The_Palace_of_Parliament_in_Bucharest",1,0,,8,,9,,8,,775,,74,,16,,28,,48,,52,,64,,72,,2759,,4148,,6261,,6303,,7011,,7299
195,"Ernest_Hemingway_House",,8,,9,,95,,8,,8,,8,,08,,2,,44,,48,,6,,64,,1455,,3273,,6014,,6,,6857,,7111
196,"Castel_dellOvo_Napoli",,8,,9,,9,,8333,,85,,86,,12,,32,,52,,56,,72,,72,,2087,,4721,,6592,,6699,,7796,,7838
197,"Villa_Borghese_gardens",1,0,1,0,1,0,1,0,,95,,96,,16,,28,,48,,64,,68,,68,,2759,,4375,,6486,,7805,,7926,,7961
198,"Saint_Marks_Basilica",1,0,1,0,1,0,,9667,,975,,96,,16,,28,,4,,56,,6,,68,,2759,,4375,,5714,,7092,,7429,,7961
199,"Mausoleum_of_the_First_Qin_Emperor",,8,,8,,85,,8667,,85,,84,,16,,2,,44,,64,,72,,76,,2667,,32,,5798,,7363,,7796,,798
200,"Mausoleum_of_Hadrian",1,0,,9,,7,,6667,,65,,6,,1667,,3333,,4444,,5556,,6667,,6667,,2857,,4865,,5437,,6061,,6582,,6316
201,"Piazza_de_Ferrari",,6,,8,,9,,9333,,925,,94,,1579,,2632,,4737,,6842,,7368,,7895,,25,,396,,6207,,7896,,8203,,8582
202,"George_Washington_Carver",,0,,4,,45,,4333,,45,,44,,0,,1875,,375,,5,,5,,5625,,0,,2553,,4091,,4643,,4737,,4938
203,"Cathedral_of_Santiago_de_Compostela",,4,,5,,6,,6333,,7,,7,,1176,,2353,,5294,,5294,,6471,,6471,,1818,,32,,5625,,5767,,6725,,6725
204,"Saint-Jacques_Tower",,8,,7,,7,,7333,,725,,74,,2308,,3846,,3846,,4615,,6154,,6154,,3582,,4965,,4965,,5665,,6657,,672
205,"Calakmul_Campeche_Mexico",,8,,7,,75,,7333,,75,,68,,2143,,3571,,5714,,7857,,7857,,8571,,338,,473,,6486,,7586,,7674,,7584
206,"Bran_Castle_in_Transylvania",1,0,1,0,,85,,7333,,8,,82,,2105,,4211,,4737,,4737,,5263,,5789,,3478,,5926,,6083,,5756,,6349,,6787
207,"Mosteiro_da_Batalha",1,0,1,0,1,0,1,0,1,0,1,0,,2632,,3684,,5263,,5789,,6316,,6842,,4167,,5385,,6897,,7333,,7742,,8125
208,"Wartburg_Castle",1,0,1,0,,9,,9,,875,,9,,2,,25,,5,,65,,85,,85,,3333,,4,,6429,,7548,,8623,,8743
209,"Fujian_Tulou_Fujian_China",,8,,9,,95,,9,,925,,9,,2222,,3889,,6667,,6667,,6667,,7222,,3478,,5431,,7835,,766,,7749,,8014
210,"Alabama_State_Capitol",,4,,4,,55,,5667,,625,,66,,0952,,1905,,4286,,5714,,619,,6667,,1538,,2581,,4818,,569,,622,,6633
211,"Palazzo_dAccursio",,0,,4,,25,,2333,,275,,28,,0,,2222,,2778,,3333,,3333,,3889,,0,,2857,,2632,,2745,,3014,,3256
212,"Casa_Grande_Ruins",,8,,7,,65,,7,,725,,74,,2353,,2941,,4118,,4706,,5882,,5882,,3636,,4142,,5042,,5628,,6495,,6554
213,"Stravinsky_Fountain",,8,,8,,75,,7333,,75,,76,,2,,2,,2667,,4667,,5333,,5333,,32,,32,,3934,,5704,,6234,,6268
214,"Angel_Falls_Venezuela",,4,,4,,5,,6,,575,,52,,1176,,2353,,3529,,5882,,7059,,7647,,1818,,2963,,4138,,5941,,6338,,619
215,"Statue_of_George_IV",,0,,0,,05,,0667,,125,,2,,0,,0,,125,,25,,5,,625,,0,,0,,0714,,1053,,2,,303
216,"Palacio_Barolo",,6,,7,,8,,7667,,825,,82,,1176,,2941,,4118,,5882,,7059,,8235,,1967,,4142,,5437,,6657,,7608,,8218
217,"Bridge_of_Remembrance_Christchurch_New_Zealand",,4,,3,,35,,3667,,425,,44,,1667,,25,,4167,,4167,,5833,,6667,,2353,,2727,,3804,,3901,,4917,,5301
218,"John_A._Roebling_Suspension_Bridge",,4,,6,,6,,5333,,575,,64,,1333,,3333,,4,,5333,,5333,,6667,,2,,4286,,48,,5333,,5534,,6531
219,"Blue_Dome_Santorini",,6,,6,,75,,7333,,8,,76,,1875,,375,,625,,75,,75,,75,,2857,,4615,,6818,,7416,,7742,,755
220,"Fossar_de_les_Moreres",,0,,2,,2,,2667,,25,,28,,0,,1429,,2143,,2857,,3571,,4286,,0,,1667,,2069,,2759,,2941,,3387
221,"Luxor_Obelisk_France",,6,,8,,75,,7667,,825,,82,,125,,3125,,375,,5,,5625,,5625,,2069,,4494,,5,,6053,,6689,,6673
222,"Valle_de_los_Caidos",1,0,,8,,9,,8667,,825,,84,,25,,4,,6,,7,,75,,75,,4,,5333,,72,,7745,,7857,,7925
--------------------
"--","Avg.",P@5,P@10,P@20,P@30,P@40,P@50,CR@5,CR@10,CR@20,CR@30,CR@40,CR@50,F1@5,F1@10,F1@20,F1@30,F1@40,F1@50
,,,7126,,7036,,7133,,7161,,7185,,72,,1428,,2505,,4102,,5218,,5996,,6587,,2359,,3648,,5138,,5948,,642,,6748