--------------------
"Run name","output_runCOSINESumSquaredError"
--------------------
"Average P@20 = ",,7622
"Average CR@20 = ",,4352
"Average F1@20 = ",,5427
--------------------
"Query Id ","Location name",P@5,P@10,P@20,P@30,P@40,P@50,CR@5,CR@10,CR@20,CR@30,CR@40,CR@50,F1@5,F1@10,F1@20,F1@30,F1@40,F1@50
1,"angel_of_the_north",1,0,,9,,95,,9667,,975,,98,,16,,28,,52,,64,,72,,8,,2759,,4271,,6721,,7701,,8283,,8809
2,"big_ben",,8,,9,,8,,8667,,875,,86,,1364,,2727,,3182,,5455,,5909,,5909,,233,,4186,,4553,,6695,,7054,,7005
3,"hearst_castle",,6,,8,,85,,7667,,825,,84,,125,,3333,,5,,5833,,75,,8333,,2069,,4706,,6296,,6626,,7857,,8367
4,"la_madeleine",,2,,2,,15,,1333,,225,,32,,0714,,1429,,2143,,2857,,4286,,5714,,1053,,1667,,1765,,1818,,2951,,4103
5,"pont_alexandre_iii",,8,,9,,85,,8667,,875,,86,,16,,32,,48,,6,,72,,76,,2667,,4721,,6135,,7091,,79,,8069
6,"neues_museum",,2,,6,,7,,6667,,6,,54,,04,,24,,48,,56,,6,,6,,0667,,3429,,5695,,6087,,6,,5684
7,"montezuma_castle",,4,,7,,7,,6333,,65,,54,,1667,,4167,,6667,,6667,,75,,75,,2353,,5224,,6829,,6496,,6964,,6279
8,"cn_tower",,8,,8,,7,,7,,725,,7,,1667,,2917,,4167,,5417,,625,,6667,,2759,,4275,,5224,,6107,,6713,,6829
9,"acropolis_athens",,6,,6,,8,,7667,,775,,78,,1429,,1905,,4762,,5238,,5714,,6667,,2308,,2892,,597,,6224,,6578,,7189
10,"agra_fort",,8,,9,,95,,9,,875,,86,,16,,36,,56,,56,,6,,72,,2667,,5143,,7046,,6904,,7119,,7838
11,"albert_memorial",,4,,6,,65,,7333,,75,,72,,0909,,2727,,3636,,5455,,5909,,7273,,1481,,375,,4664,,6256,,661,,7236
12,"altes_museum",,8,,7,,85,,8,,85,,86,,1667,,2917,,4167,,5,,7083,,75,,2759,,4118,,5592,,6154,,7727,,8012
13,"amiens_cathedral",,8,,9,,9,,9333,,95,,96,,12,,24,,56,,68,,72,,76,,2087,,3789,,6904,,7868,,8192,,8484
14,"angkor_wat",1,0,,8,,8,,8333,,85,,84,,2,,28,,36,,48,,6,,68,,3333,,4148,,4966,,6091,,7034,,7516
15,"ara_pacis",,8,,6,,6,,6333,,65,,66,,1364,,1818,,3636,,5909,,6818,,7273,,233,,2791,,4528,,6114,,6655,,692
16,"arc_de_triomphe",1,0,,8,,7,,7,,675,,66,,2083,,3333,,5417,,625,,625,,75,,3448,,4706,,6107,,6604,,649,,7021
17,"aztec_ruins",,0,,2,,2,,2667,,35,,42,,0,,08,,16,,28,,4,,48,,0,,1143,,1778,,2732,,3733,,448
18,"berlin_cathedral",1,0,1,0,1,0,,9333,,95,,96,,2,,36,,52,,56,,6,,6,,3333,,5294,,6842,,7,,7355,,7385
19,"bok_tower_gardens",1,0,,9,,9,,9,,9,,84,,2,,32,,44,,6,,72,,8,,3333,,4721,,591,,72,,8,,8195
20,"brandenburg_gate",1,0,,9,,9,,9333,,95,,96,,2,,32,,48,,56,,56,,6,,3333,,4721,,6261,,7,,7046,,7385
21,"cabrillo",,2,,1,,1,,1,,15,,12,,0769,,0769,,1538,,2308,,3846,,3846,,1111,,087,,1212,,1395,,2158,,1829
22,"casa_batllo",1,0,1,0,1,0,,9667,,975,,98,,16,,36,,56,,72,,76,,76,,2759,,5294,,7179,,8253,,8542,,8561
23,"casa_rosada",1,0,1,0,,9,,8667,,85,,88,,2,,28,,44,,6,,72,,8,,3333,,4375,,591,,7091,,7796,,8381
24,"castillo_de_san_marcos",,6,,7,,8,,8,,8,,76,,04,,2,,4,,56,,64,,64,,075,,3111,,5333,,6588,,7111,,6949
25,"chartres_cathedral",1,0,,9,,95,,9333,,925,,94,,2,,36,,52,,56,,64,,72,,3333,,5143,,6721,,7,,7565,,8154
26,"chichen_itza",1,0,,8,,85,,9,,875,,84,,2,,24,,52,,6,,64,,68,,3333,,3692,,6453,,72,,7393,,7516
27,"christ_the_redeemer_rio",,8,,6,,55,,6,,65,,64,,1739,,2609,,3913,,5217,,5652,,6522,,2857,,3636,,4573,,5581,,6047,,646
28,"civic_center_san_francisco",1,0,,8,,6,,6333,,65,,72,,16,,28,,4,,48,,56,,68,,2759,,4148,,48,,5461,,6017,,6994
29,"cologne_cathedral",1,0,1,0,,9,,9,,9,,92,,16,,28,,4,,56,,68,,76,,2759,,4375,,5538,,6904,,7747,,8324
30,"colosseum",1,0,,9,,95,,9333,,95,,96,,2,,36,,56,,6,,72,,72,,3333,,5143,,7046,,7304,,8192,,8229
31,"doge_s_palace",,8,,8,,85,,8,,775,,78,,08,,2,,32,,36,,4,,48,,1455,,32,,465,,4966,,5277,,5943
32,"eiffel_tower",1,0,1,0,1,0,,9333,,95,,92,,16,,2,,4,,6,,64,,64,,2759,,3333,,5714,,7304,,7648,,7549
33,"golden_gate_bridge",,8,,9,,95,,8667,,9,,92,,1739,,2609,,3913,,4348,,6087,,6522,,2857,,4045,,5543,,5791,,7262,,7633
34,"grand_palais",1,0,1,0,1,0,,9667,,95,,96,,1818,,3636,,4545,,5,,5,,5909,,3077,,5333,,625,,6591,,6552,,7315
35,"guggenheim_museum_bilbao",1,0,,9,,95,,9333,,95,,96,,12,,28,,56,,6,,68,,68,,2143,,4271,,7046,,7304,,7926,,7961
36,"hagia_sophia_istanbul",1,0,1,0,,95,,9,,925,,92,,2,,28,,52,,56,,76,,76,,3333,,4375,,6721,,6904,,8344,,8324
37,"hoover_dam",1,0,,9,,95,,9333,,9,,92,,12,,24,,44,,56,,64,,76,,2143,,3789,,6014,,7,,7481,,8324
38,"humayun_tomb",1,0,,8,,85,,7667,,775,,76,,16,,28,,44,,48,,6,,64,,2759,,4148,,5798,,5904,,6764,,6949
39,"iguazu_falls",,6,,8,,8,,7,,75,,76,,08,,2,,36,,48,,56,,68,,1412,,32,,4966,,5695,,6412,,7178
40,"iolani_palace",1,0,,9,,8,,7,,775,,8,,16,,32,,52,,56,,6,,72,,2759,,4721,,6303,,6222,,6764,,7579
41,"la_mezquita",,6,,5,,5,,5667,,55,,58,,125,,2083,,375,,5417,,625,,75,,2069,,2941,,4286,,5539,,5851,,6541
42,"la_rambla_barcelona",,6,,7,,85,,8333,,85,,88,,08,,2,,44,,52,,72,,72,,1412,,3111,,5798,,6404,,7796,,792
43,"la_sainte_chapelle",1,0,1,0,1,0,1,0,,975,,98,,2,,4,,56,,68,,76,,8,,3333,,5714,,7179,,8095,,8542,,8809
44,"liberty_memorial",,6,,7,,65,,7333,,75,,64,,08,,2,,36,,48,,48,,52,,1412,,3111,,4634,,5802,,5854,,5738
45,"lincoln_home",,6,,7,,5,,5333,,625,,66,,1667,,2778,,3889,,6111,,7778,,8333,,2609,,3977,,4375,,5696,,6931,,7366
46,"machu_picchu",,8,,8,,75,,7667,,75,,78,,16,,32,,44,,56,,6,,68,,2667,,4571,,5546,,6472,,6667,,7266
47,"marble_arch_london",,6,,3,,35,,4,,325,,34,,1667,,1667,,4167,,5833,,6667,,6667,,2609,,2143,,3804,,4746,,437,,4503
48,"milan_cathedral",1,0,1,0,1,0,,9667,,925,,94,,2,,24,,48,,6,,72,,72,,3333,,3871,,6486,,7404,,8097,,8154
49,"mole_antonelliana",1,0,,8,,85,,7667,,775,,74,,16,,28,,32,,44,,52,,52,,2759,,4148,,465,,5591,,6224,,6108
50,"mont_saint_michel",1,0,1,0,,9,,9333,,925,,86,,2,,36,,6,,68,,76,,76,,3333,,5294,,72,,7868,,8344,,8069
51,"moulin_rouge",,4,,2,,2,,1333,,1,,08,,25,,25,,375,,375,,375,,375,,3077,,2222,,2609,,1967,,1579,,1319
52,"nelson_s_column",1,0,1,0,,95,,9667,,95,,94,,1667,,3333,,4583,,5833,,6667,,75,,2857,,5,,6183,,7276,,7835,,8343
53,"notre_dame_de_paris",,6,,8,,85,,8,,85,,84,,12,,24,,36,,48,,6,,64,,2,,3692,,5058,,6,,7034,,7265
54,"obelisco",,2,,3,,2,,1667,,175,,14,,0909,,2727,,3636,,4545,,5455,,5455,,125,,2857,,2581,,2439,,265,,2228
55,"piccadilly_circus",,8,,6,,6,,6333,,7,,74,,1739,,2174,,4348,,5217,,7826,,8261,,2857,,3191,,5042,,5721,,739,,7807
56,"place_de_la_concorde",1,0,1,0,,95,,9333,,95,,96,,12,,24,,4,,52,,68,,76,,2143,,3871,,563,,6679,,7926,,8484
57,"place_de_la_republique",,2,,2,,25,,1667,,175,,2,,125,,25,,5,,5,,625,,75,,1538,,2222,,3333,,25,,2734,,3158
58,"place_des_vosges",1,0,,9,,8,,8,,725,,68,,2,,32,,48,,56,,68,,72,,3333,,4721,,6,,6588,,7018,,6994
59,"pont_du_gard",,6,,7,,75,,8,,85,,88,,12,,2,,36,,36,,4,,56,,2,,3111,,4865,,4966,,544,,6844
60,"pont_neuf",,6,,5,,6,,6,,6,,62,,12,,16,,32,,4,,48,,56,,2,,2424,,4174,,48,,5333,,5885
61,"ponte_vecchio",,8,,7,,7,,7,,7,,68,,125,,25,,4167,,5417,,6667,,6667,,2162,,3684,,5224,,6107,,6829,,6733
62,"puerta_de_alcala",,4,,6,,65,,6333,,6,,54,,1053,,2632,,4737,,5263,,5789,,5789,,1667,,3659,,548,,5749,,5893,,5588
63,"puerta_del_sol",,4,,6,,5,,5667,,55,,54,,1,,25,,4,,6,,6,,65,,16,,3529,,4444,,5829,,5739,,5899
64,"red_fort",,8,,9,,95,,9667,,975,,98,,16,,32,,44,,56,,64,,68,,2667,,4721,,6014,,7092,,7728,,8029
65,"reims_cathedral",1,0,,9,,85,,8333,,85,,88,,16,,24,,36,,44,,6,,6,,2759,,3789,,5058,,5759,,7034,,7135
66,"rialto_bridge",,8,,9,,65,,7,,725,,7,,25,,4375,,5625,,6875,,75,,8125,,381,,5888,,6031,,6937,,7373,,7521
67,"roman_forum_rome",,8,,8,,8,,8667,,825,,8,,12,,28,,4,,48,,6,,6,,2087,,4148,,5333,,6178,,6947,,6857
68,"sacre_coeur",,8,,7,,7,,6,,525,,56,,125,,25,,4167,,4583,,5417,,5833,,2162,,3684,,5224,,5197,,5332,,5714
69,"sagrada_familia",,8,,8,,85,,8667,,9,,92,,16,,24,,4,,52,,6,,64,,2667,,3692,,544,,65,,72,,7549
70,"santa_maria_novella",,2,,3,,45,,4333,,35,,3,,04,,08,,28,,36,,4,,44,,0667,,1263,,3452,,3933,,3733,,3568
71,"schonbrunn_palace",1,0,,9,,95,,9667,,975,,98,,2,,36,,56,,72,,76,,84,,3333,,5143,,7046,,8253,,8542,,9046
72,"seville_cathedral",,8,,8,,9,,9333,,925,,92,,16,,28,,48,,56,,68,,72,,2667,,4148,,6261,,7,,7838,,8078
73,"spanish_steps",,6,,4,,55,,5667,,6,,64,,1364,,1818,,5,,5909,,6818,,7273,,2222,,25,,5238,,5785,,6383,,6809
74,"st__basil_cathedral",1,0,1,0,1,0,,9333,,95,,94,,16,,28,,52,,6,,68,,72,,2759,,4375,,6842,,7304,,7926,,8154
75,"statue_of_liberty",,8,,8,,75,,7667,,8,,8,,16,,24,,36,,56,,6,,6,,2667,,3692,,4865,,6472,,6857,,6857
76,"stonehenge",,6,,5,,45,,5,,5,,52,,1579,,2105,,2632,,4211,,4211,,5263,,25,,2963,,3321,,4571,,4571,,5231
77,"summer_palace_beijing",1,0,,9,,95,,8667,,875,,86,,2,,36,,48,,64,,68,,76,,3333,,5143,,6378,,7363,,7653,,8069
78,"sydney_opera_house",1,0,,9,,95,,9667,,925,,92,,2,,32,,44,,56,,6,,76,,3333,,4721,,6014,,7092,,7279,,8324
79,"teotihuacan",1,0,1,0,,85,,8667,,8,,68,,16,,32,,44,,56,,64,,64,,2759,,4848,,5798,,6804,,7111,,6594
80,"terracotta_army",,4,,6,,55,,6,,575,,56,,1,,25,,45,,55,,65,,7,,16,,3529,,495,,5739,,6102,,6222
81,"the_blue_mosque",,8,,9,,9,,9333,,95,,96,,12,,28,,36,,48,,52,,6,,2087,,4271,,5143,,634,,6721,,7385
82,"the_henry_ford",,6,,8,,7,,7,,7,,68,,12,,24,,4,,48,,56,,56,,2,,3692,,5091,,5695,,6222,,6142
83,"taj_mahal",,8,,9,,9,,9,,925,,92,,16,,32,,52,,64,,72,,76,,2667,,4721,,6592,,7481,,8097,,8324
84,"tour_montparnasse",,8,,6,,55,,5,,475,,44,,15,,2,,35,,5,,5,,6,,2526,,3,,4278,,5,,4872,,5077
85,"tower_bridge_london",,4,,7,,6,,6333,,65,,62,,08,,2,,32,,44,,52,,56,,1333,,3111,,4174,,5193,,5778,,5885
86,"trafalgar_square",,8,,7,,65,,5667,,575,,54,,1818,,2727,,3636,,5,,5,,5,,2963,,3925,,4664,,5312,,5349,,5192
87,"leaning_tower_of_pisa",,4,,4,,6,,6,,6,,6,,08,,16,,4,,52,,6,,6,,1333,,2286,,48,,5571,,6,,6
88,"hermitage_museum_saint_petersburg",,8,,8,,75,,8,,8,,84,,16,,28,,4,,52,,56,,56,,2667,,4148,,5217,,6303,,6588,,672
89,"jantar_mantar_jaipur",1,0,,9,,95,,9,,9,,84,,2,,32,,52,,64,,64,,64,,3333,,4721,,6721,,7481,,7481,,7265
90,"lake_titicaca_peru",,6,,7,,65,,5333,,5,,58,,125,,25,,4167,,5,,5417,,625,,2069,,3684,,5078,,5161,,52,,6017
91,"the_great_wall_of_china",,8,,9,,9,,8667,,85,,84,,16,,32,,52,,56,,6,,68,,2667,,4721,,6592,,6804,,7034,,7516
92,"grande_arche_paris",,4,,5,,6,,6,,55,,56,,08,,2,,4,,48,,52,,52,,1333,,2857,,48,,5333,,5346,,5393
93,"el_angel_mexico",,8,,8,,5,,5333,,5,,5,,1429,,2857,,2857,,5238,,5714,,619,,2424,,4211,,3636,,5285,,5333,,5532
94,"bibliotheque_nationale_de_france",,8,,8,,8,,7,,725,,74,,16,,28,,48,,52,,6,,64,,2667,,4148,,6,,5967,,6566,,6864
95,"kronborg_castle",,8,,8,,9,,8667,,9,,86,,125,,2083,,5,,5833,,625,,6667,,2162,,3306,,6429,,6973,,7377,,7511
96,"ajanta_caves",1,0,1,0,,9,,9333,,95,,92,,1818,,2727,,3636,,5455,,6818,,7273,,3077,,4286,,518,,6885,,7939,,8124
97,"atomium",,8,,8,,8,,8333,,875,,9,,1429,,3333,,4286,,5714,,5714,,5714,,2424,,4706,,5581,,678,,6914,,699
98,"ellora_caves",1,0,1,0,,95,,9667,,95,,96,,2273,,3636,,5,,5909,,5909,,6364,,3704,,5333,,6552,,7335,,7286,,7654
99,"potala_palace",,8,,9,,85,,8333,,775,,82,,2222,,3889,,4444,,6111,,6111,,6667,,3478,,5431,,5837,,7051,,6834,,7354
100,"jokhang",1,0,1,0,,75,,8333,,725,,74,,2,,36,,44,,6,,64,,68,,3333,,5294,,5546,,6977,,6799,,7087
101,"rila_monastery",,6,,6,,65,,6667,,75,,74,,12,,2,,32,,36,,36,,44,,2,,3,,4289,,4675,,4865,,5519
102,"louvre_pyramid",,8,,8,,85,,8,,825,,82,,2222,,2778,,4444,,5,,5556,,5556,,3478,,4124,,5837,,6154,,664,,6624
103,"brooklyn_bridge",,8,,8,,9,,8333,,825,,8,,1905,,2857,,4286,,5238,,619,,6667,,3077,,4211,,5806,,6433,,7073,,7273
104,"tower_of_london",,6,,7,,6,,6333,,7,,72,,1304,,2609,,3478,,4783,,6087,,6522,,2143,,3801,,4404,,545,,6512,,6844
105,"british_museum_london",1,0,,9,,85,,8667,,875,,88,,1,,15,,25,,35,,4,,5,,1818,,2571,,3864,,4986,,549,,6377
106,"buckingham_palace",,2,,2,,4,,4,,425,,42,,05,,1,,3,,35,,4,,45,,08,,1333,,3429,,3733,,4121,,4345
107,"charles_bridge_prague",,8,,8,,8,,8,,8,,76,,125,,25,,375,,5417,,625,,625,,2162,,381,,5106,,646,,7018,,6859
108,"champs_elysees_paris",,6,,5,,45,,5,,525,,52,,1333,,2,,3333,,4667,,6,,6,,2182,,2857,,383,,4828,,56,,5571
109,"chrysler_building",1,0,,9,,85,,9,,925,,92,,2143,,2857,,5714,,7143,,7857,,8571,,3529,,4337,,6834,,7965,,8497,,8875
110,"moma_new_york",,6,,8,,7,,7667,,8,,82,,1579,,2105,,3158,,4211,,5263,,5789,,25,,3333,,4352,,5436,,6349,,6787
111,"grand_central_terminal",,8,,9,,9,,9333,,95,,96,,1905,,2857,,381,,4286,,5238,,619,,3077,,4337,,5353,,5874,,6753,,7527
112,"houses_of_parliament",1,0,1,0,1,0,,9333,,9,,9,,1739,,3043,,3043,,3913,,3913,,4348,,2963,,4667,,4667,,5514,,5455,,5863
113,"alexanderplatz_berlin",,6,,6,,65,,7,,7,,68,,12,,2,,36,,48,,52,,52,,2,,3,,4634,,5695,,5967,,5893
114,"centre_pompidou",,8,,8,,9,,8,,8,,76,,1667,,3333,,3889,,5,,5556,,7222,,2759,,4706,,5431,,6154,,6557,,7406
115,"sydney_harbour_bridge",1,0,1,0,1,0,,9333,,95,,94,,1875,,375,,5,,5625,,6875,,75,,3158,,5455,,6667,,7019,,7977,,8343
116,"pier_39",,6,,6,,7,,7667,,825,,86,,1429,,2381,,4762,,5714,,5714,,5714,,2308,,3409,,5668,,6548,,6752,,6866
117,"coit_tower",,8,,7,,55,,6333,,7,,66,,2,,2667,,3333,,4667,,6,,6667,,32,,3862,,4151,,5374,,6462,,6633
118,"st_paul_s_cathedral_london",,8,,8,,7,,7667,,7,,72,,1765,,3529,,4706,,5294,,5882,,5882,,2892,,4898,,5628,,6263,,6393,,6475
119,"cloud_gate",,8,,7,,8,,7,,7,,68,,25,,4167,,5833,,6667,,75,,75,,381,,5224,,6747,,6829,,7241,,7133
120,"musee_d_orsay",1,0,1,0,1,0,1,0,,975,,98,,1905,,2857,,4762,,619,,6667,,7143,,32,,4444,,6452,,7647,,7919,,8263
121,"pike_place_market",,8,,9,,9,,9,,875,,86,,1429,,381,,5238,,619,,619,,619,,2424,,5353,,6622,,7335,,7251,,7199
122,"royal_palace_madrid",1,0,,9,,9,,7667,,725,,74,,2273,,3636,,5909,,6364,,6818,,7273,,3704,,518,,7134,,6955,,7027,,7336
123,"sony_center_berlin",,8,,9,,95,,9333,,95,,96,,1905,,2857,,4286,,4762,,5238,,5714,,3077,,4337,,5907,,6306,,6753,,7164
124,"red_square_moscow",,8,,8,,8,,7333,,75,,72,,1429,,2381,,4762,,4762,,5714,,5714,,2424,,367,,597,,5774,,6486,,6372
125,"prague_castle",,8,,7,,85,,8333,,85,,84,,16,,2,,4,,56,,64,,76,,2667,,3111,,544,,6699,,7302,,798
126,"musee_du_louvre",1,0,1,0,1,0,,9667,,975,,98,,16,,28,,48,,64,,68,,68,,2759,,4375,,6486,,7701,,8012,,8029
127,"millennium_bridge_london",1,0,,9,,85,,8333,,875,,88,,12,,24,,36,,52,,64,,72,,2143,,3789,,5058,,6404,,7393,,792
128,"casa_mila",1,0,,9,,85,,9,,925,,94,,16,,2,,44,,52,,56,,64,,2759,,3273,,5798,,6592,,6976,,7615
129,"national_gallery_london",,8,,8,,7,,6333,,6,,6,,1364,,3182,,5,,5909,,5909,,6364,,233,,4553,,5833,,6114,,5954,,6176
130,"national_mall",1,0,1,0,,8,,7667,,725,,7,,2,,4,,44,,48,,64,,68,,3333,,5714,,5677,,5904,,6799,,6899
131,"london_city_hall",1,0,,9,,85,,8,,825,,78,,15,,35,,5,,6,,7,,7,,2609,,504,,6296,,6857,,7574,,7378
132,"holocaust_memorial",,8,,8,,65,,6333,,65,,62,,25,,4375,,5,,5625,,625,,625,,381,,5657,,5652,,5958,,6373,,6225
133,"columbus_circle",,4,,7,,5,,4667,,45,,48,,08,,2,,28,,36,,44,,52,,1333,,3111,,359,,4065,,4449,,4992
134,"siegessaeule",1,0,,6,,6,,6667,,625,,56,,2,,24,,4,,6,,68,,68,,3333,,3429,,48,,6316,,6513,,6142
135,"jardin_du_luxembourg",1,0,1,0,,9,,9333,,95,,96,,2,,32,,44,,6,,8,,88,,3333,,4848,,591,,7304,,8686,,9183
136,"merlion_singapore",,4,,5,,6,,5333,,5,,48,,0455,,1818,,4091,,5,,5455,,5909,,0816,,2667,,4865,,5161,,5217,,5297
137,"harrods_london",1,0,,9,,95,,9333,,875,,88,,2,,36,,6,,68,,72,,76,,3333,,5143,,7355,,7868,,79,,8156
138,"metropolitan_museum_of_art_new_york",1,0,1,0,1,0,1,0,1,0,1,0,,12,,24,,48,,56,,6,,6,,2143,,3871,,6486,,7179,,75,,75
139,"new_york_stock_exchange",,8,,6,,55,,5667,,55,,56,,2,,25,,45,,55,,65,,7,,32,,3529,,495,,5582,,5958,,6222
140,"stephansdom_vienna",1,0,1,0,,9,,8333,,875,,9,,16,,32,,48,,56,,64,,76,,2759,,4848,,6261,,6699,,7393,,8241
141,"hms_belfast",1,0,,9,,95,,9333,,95,,94,,16,,28,,44,,48,,52,,64,,2759,,4271,,6014,,634,,6721,,7615
142,"leicester_square",,4,,6,,7,,7667,,75,,76,,04,,2,,4,,4,,52,,56,,0727,,3,,5091,,5257,,6142,,6448
143,"ciudad_de_las_artes_y_las_ciencias",1,0,,9,,95,,9333,,9,,86,,2,,28,,48,,56,,64,,68,,3333,,4271,,6378,,7,,7481,,7595
144,"topkapi_palace",1,0,,9,,95,,9333,,95,,94,,2,,28,,44,,6,,68,,76,,3333,,4271,,6014,,7304,,7926,,8405
145,"royal_albert_hall",,8,,5,,65,,7,,75,,7,,16,,2,,48,,48,,52,,52,,2667,,2857,,5522,,5695,,6142,,5967
146,"st_vitus_cathedral",,8,,9,,9,,9,,925,,94,,12,,16,,4,,52,,56,,6,,2087,,2717,,5538,,6592,,6976,,7325
147,"castello_sforzesco",1,0,1,0,1,0,1,0,,925,,92,,16,,2,,36,,48,,64,,68,,2759,,3333,,5294,,6486,,7565,,782
148,"rijksmuseum_amsterdam",1,0,1,0,1,0,1,0,1,0,1,0,,16,,28,,52,,64,,68,,68,,2759,,4375,,6842,,7805,,8095,,8095
149,"dam_square",,8,,7,,7,,7,,7,,7,,12,,2,,4,,48,,6,,6,,2087,,3111,,5091,,5695,,6462,,6462
150,"rathaus_vienna",1,0,,8,,75,,6667,,625,,58,,16,,2,,4,,44,,48,,52,,2759,,32,,5217,,5301,,543,,5484
151,"bath_abbey",1,0,,9,,95,,9333,,95,,96,,2,,32,,48,,56,,6,,72,,3333,,4721,,6378,,7,,7355,,8229
152,"salisbury_cathedral",1,0,,9,,95,,9667,,975,,98,,16,,2,,32,,52,,56,,6,,2759,,3273,,4787,,6762,,7114,,7443
153,"templo_de_debod",,4,,6,,45,,4333,,425,,42,,0909,,2273,,3636,,5,,5455,,5455,,1481,,3297,,4022,,4643,,4778,,4746
154,"Niagara_Falls",,8,,9,,7,,7333,,7,,66,,1364,,3182,,3636,,5455,,5455,,5909,,233,,4701,,4786,,6256,,6131,,6235
155,"Golden_Gate_Bridge_in_San_Francisco",1,0,1,0,1,0,,9667,,975,,98,,0909,,2273,,4091,,5,,7273,,7727,,1667,,3704,,5806,,6591,,8331,,8641
156,"Neuschwanstein_Castle",1,0,1,0,1,0,1,0,,95,,92,,2,,36,,44,,48,,52,,6,,3333,,5294,,6111,,6486,,6721,,7263
157,"Christ_Church_Cathedral_Missouri",1,0,,9,,9,,8333,,75,,7,,2,,32,,52,,64,,72,,76,,3333,,4721,,6592,,724,,7347,,7288
158,"Mount_Rushmore_in_South_Dakota",1,0,1,0,1,0,,9333,,9,,92,,16,,28,,4,,48,,6,,6,,2759,,4375,,5714,,634,,72,,7263
159,"Puerta_de_Toledo",,2,,1,,1,,1,,075,,06,,5,,5,1,0,1,0,1,0,1,0,,2857,,1667,,1818,,1818,,1395,,1132
160,"Urquhart_Castle",,8,,9,,95,,9667,,875,,84,,125,,2917,,5417,,6667,,6667,,7917,,2162,,4406,,6899,,7891,,7568,,8151
161,"Gare_du_Nord_Paris",,8,,9,,85,,8333,,825,,84,,16,,24,,36,,44,,64,,68,,2667,,3789,,5058,,5759,,7208,,7516
162,"Newgrange_in_Ireland",,2,,6,,65,,6333,,65,,7,,0417,,1667,,2917,,3333,,4167,,5417,,069,,2609,,4027,,4368,,5078,,6107
163,"Windmills_at_Kinderdijk",,8,,9,,95,,8333,,825,,86,,16,,28,,44,,48,,56,,68,,2667,,4271,,6014,,6091,,6671,,7595
164,"Conciergerie",1,0,1,0,,95,,9667,,95,,94,,16,,28,,44,,64,,76,,76,,2759,,4375,,6014,,7701,,8444,,8405
165,"Palazzo_Madama",,8,,8,,7,,6667,,65,,64,,1818,,3182,,5,,6364,,6818,,7273,,2963,,4553,,5833,,6512,,6655,,6809
166,"Split_Rock_Lighthouse",,8,,9,,75,,7333,,725,,7,,16,,32,,4,,44,,48,,48,,2667,,4721,,5217,,55,,5776,,5695
167,"The_Little_Mermaid_Denmark",1,0,,7,,6,,6,,625,,68,,2857,,3571,,4286,,5714,,6429,,6429,,4444,,473,,5,,5854,,6338,,6609
168,"Great_Pyramid_of_Giza",,6,,8,,8,,6667,,625,,58,,1333,,3333,,5333,,5333,,5333,,5333,,2182,,4706,,64,,5926,,5755,,5557
169,"Pitti_Palace",,2,,6,,6,,5667,,65,,62,,0455,,1818,,3182,,4545,,4545,,5,,0741,,2791,,4158,,5045,,535,,5536
170,"Georgia_State_Capitol",1,0,,5,,65,,6667,,65,,58,,2105,,2105,,2632,,2632,,3684,,3684,,3478,,2963,,3746,,3774,,4703,,4506
171,"Dome_des_Invalides",1,0,1,0,1,0,,9667,,975,,94,,16,,28,,4,,52,,64,,64,,2759,,4375,,5714,,6762,,7728,,7615
172,"Reggia_di_Caserta",,8,,7,,75,,7333,,65,,6,,16,,28,,52,,56,,6,,64,,2667,,4,,6142,,6351,,624,,6194
173,"The_Burj_al_Arab_Hotel",1,0,,9,,8,,7667,,825,,84,,2,,32,,48,,56,,68,,72,,3333,,4721,,6,,6472,,7455,,7754
174,"Elephanta_Caves",1,0,,9,,8,,7667,,75,,72,,2083,,3333,,5,,5417,,5833,,5833,,3448,,4865,,6154,,6348,,6562,,6445
175,"Basilica_of_Santa_Croce",1,0,1,0,1,0,1,0,1,0,1,0,,2,,32,,48,,56,,72,,8,,3333,,4848,,6486,,7179,,8372,,8889
176,"Aachen_Cathedral",1,0,1,0,,95,,9667,,9,,9,,16,,32,,56,,6,,68,,76,,2759,,4848,,7046,,7404,,7747,,8241
177,"Monument_to_the_Great_Fire_of_London",,6,,6,,55,,6,,625,,62,,12,,2,,28,,4,,52,,6,,2,,3,,3711,,48,,5677,,6098
178,"Longmen_Grottoes",,4,,7,,65,,5667,,625,,66,,08,,28,,44,,52,,6,,76,,1333,,4,,5248,,5423,,6122,,7065
179,"Louisiana_State_Capitol",,6,,7,,5,,5,,5,,5,,12,,24,,36,,56,,64,,72,,2,,3574,,4186,,5283,,5614,,5902
180,"The_Great_Sphinx_at_Giza",,8,,9,,75,,8333,,825,,82,,16,,36,,52,,6,,68,,8,,2667,,5143,,6142,,6977,,7455,,8099
181,"Teatro_Real_Madrid",,8,,6,,65,,6667,,7,,76,,1739,,2174,,4348,,5652,,6957,,7826,,2857,,3191,,521,,6118,,6978,,7711
182,"Palacio_de_la_Magdalena",,4,,7,,6,,6667,,7,,7,,08,,28,,44,,52,,6,,68,,1333,,4,,5077,,5843,,6462,,6899
183,"Sowjetisches_Ehrenmal",,4,,6,,6,,5667,,6,,66,,08,,24,,44,,52,,64,,64,,1333,,3429,,5077,,5423,,6194,,6498
184,"Cathedral_of_Trier",1,0,,9,,9,,8667,,9,,9,,2,,32,,44,,48,,6,,68,,3333,,4721,,591,,6178,,72,,7747
185,"Saint_Mary_of_the_Flower",,2,,4,,4,,3667,,375,,32,,04,,16,,28,,36,,44,,44,,0667,,2286,,3294,,3633,,4049,,3705
186,"Skellig_Michael",1,0,,8,,85,,8,,8,,82,,2,,24,,52,,64,,72,,76,,3333,,3692,,6453,,7111,,7579,,7889
187,"Chicago_Board_of_Trade_Building",,8,,7,,75,,7667,,8,,84,,1818,,3182,,4091,,5455,,5909,,7273,,2963,,4375,,5294,,6374,,6797,,7796
188,"Pont_de_Normandie_France",1,0,,9,,9,,8667,,875,,88,,2105,,3684,,5263,,6316,,7368,,8421,,3478,,5228,,6642,,7307,,8,,8606
189,"Palazzo_Rosso",,0,,1,,05,,0333,,05,,06,,0,,0417,,0417,,0417,,0833,,125,,0,,0588,,0455,,037,,0625,,0811
190,"Piazza_Vittorio_Veneto",,8,,7,,6,,5667,,5,,44,,125,,25,,4375,,625,,6875,,6875,,2162,,3684,,506,,5944,,5789,,5366
191,"Sforza_Castle",1,0,1,0,1,0,,9667,,975,,98,,12,,2,,36,,44,,52,,6,,2143,,3333,,5294,,6047,,6783,,7443
192,"Torres_KIO",1,0,,9,,85,,8667,,875,,86,,12,,24,,44,,56,,6,,6,,2143,,3789,,5798,,6804,,7119,,7068
193,"Torre_Picasso",1,0,,8,,85,,8667,,85,,88,,1667,,25,,4583,,5833,,625,,6667,,2857,,381,,5955,,6973,,7203,,7586
194,"The_Palace_of_Parliament_in_Bucharest",1,0,,8,,85,,8667,,85,,8,,12,,2,,4,,52,,56,,6,,2143,,32,,544,,65,,6752,,6857
195,"Ernest_Hemingway_House",,8,,9,,7,,7,,75,,78,,16,,28,,32,,48,,52,,6,,2667,,4271,,4392,,5695,,6142,,6783
196,"Castel_dellOvo_Napoli",,4,,6,,6,,6667,,7,,74,,08,,2,,4,,52,,6,,68,,1333,,3,,48,,5843,,6462,,7087
197,"Villa_Borghese_gardens",1,0,1,0,1,0,,9667,,975,,98,,16,,28,,52,,6,,68,,76,,2759,,4375,,6842,,7404,,8012,,8561
198,"Saint_Marks_Basilica",1,0,,8,,9,,9,,9,,86,,2,,28,,44,,52,,64,,68,,3333,,4148,,591,,6592,,7481,,7595
199,"Mausoleum_of_the_First_Qin_Emperor",,8,,7,,8,,8667,,875,,9,,16,,24,,52,,68,,72,,72,,2667,,3574,,6303,,7621,,79,,8
200,"Mausoleum_of_Hadrian",,8,,7,,65,,6,,55,,56,,2222,,3889,,4444,,5,,5556,,6111,,3478,,5,,5279,,5455,,5528,,5844
201,"Piazza_de_Ferrari",1,0,1,0,,95,,9333,,95,,94,,1579,,2632,,4737,,6316,,6316,,6842,,2727,,4167,,6322,,7534,,7587,,792
202,"George_Washington_Carver",,4,,5,,55,,5333,,55,,6,,0625,,25,,5625,,625,,625,,6875,,1081,,3333,,5562,,5755,,5851,,6408
203,"Cathedral_of_Santiago_de_Compostela",,8,,7,,7,,6667,,675,,68,,1765,,2941,,4118,,5294,,5294,,6471,,2892,,4142,,5185,,5902,,5934,,6631
204,"Saint-Jacques_Tower",1,0,,9,,7,,7333,,75,,74,,2308,,2308,,3077,,6154,,7692,,7692,,375,,3673,,4275,,6692,,7595,,7543
205,"Calakmul_Campeche_Mexico",,8,,9,,8,,7333,,75,,7,,2143,,5,,5714,,7143,,7857,,7857,,338,,6429,,6667,,7237,,7674,,7404
206,"Bran_Castle_in_Transylvania",1,0,,8,,8,,8667,,9,,88,,2105,,3158,,4211,,5789,,7368,,7895,,3478,,4528,,5517,,6942,,8103,,8323
207,"Mosteiro_da_Batalha",1,0,1,0,1,0,1,0,1,0,1,0,,1579,,3684,,5789,,6316,,6842,,6842,,2727,,5385,,7333,,7742,,8125,,8125
208,"Wartburg_Castle",1,0,,9,,9,,9,,875,,88,,2,,4,,5,,55,,8,,9,,3333,,5538,,6429,,6828,,8358,,8899
209,"Fujian_Tulou_Fujian_China",1,0,1,0,,95,,9333,,9,,84,,1667,,3333,,5,,7222,,7778,,8333,,2857,,5,,6552,,8143,,8344,,8367
210,"Alabama_State_Capitol",,8,,8,,75,,6333,,625,,64,,1905,,381,,4762,,5238,,5238,,619,,3077,,5161,,5825,,5734,,5699,,6293
211,"Palazzo_dAccursio",,6,,7,,5,,4667,,525,,52,,1111,,2778,,2778,,4444,,6111,,6667,,1875,,3977,,3571,,4553,,5648,,5843
212,"Casa_Grande_Ruins",1,0,,9,,9,,8667,,825,,78,,1765,,2941,,4706,,5294,,5294,,5294,,3,,4433,,618,,6573,,645,,6307
213,"Stravinsky_Fountain",1,0,1,0,,9,,9,,875,,82,,2,,2,,3333,,4,,4,,4667,,3333,,3333,,4865,,5538,,549,,5948
214,"Angel_Falls_Venezuela",,6,,6,,6,,6,,55,,52,,1765,,2353,,5294,,7059,,7647,,7647,,2727,,338,,5625,,6486,,6398,,619
215,"Statue_of_George_IV",,4,,4,,3,,3667,,375,,34,,25,,5,,5,,5,,625,,625,,3077,,4444,,375,,4231,,4688,,4404
216,"Palacio_Barolo",,8,,9,,8,,7333,,725,,78,,1765,,4118,,5882,,5882,,6471,,7059,,2892,,565,,678,,6528,,6838,,7411
217,"Bridge_of_Remembrance_Christchurch_New_Zealand",,6,,5,,45,,4667,,425,,4,,1667,,25,,5,,5833,,6667,,75,,2609,,3333,,4737,,5185,,5191,,5217
218,"John_A._Roebling_Suspension_Bridge",,4,,3,,4,,4333,,55,,56,,1333,,2,,4667,,6,,6667,,7333,,2,,24,,4308,,5032,,6027,,6351
219,"Blue_Dome_Santorini",1,0,1,0,1,0,,9333,,95,,92,,3125,,4375,,6875,,75,,875,,875,,4762,,6087,,8148,,8317,,911,,8969
220,"Fossar_de_les_Moreres",,4,,3,,45,,3667,,325,,3,,1429,,2143,,4286,,4286,,5,,5,,2105,,25,,439,,3952,,3939,,375
221,"Luxor_Obelisk_France",,4,,7,,85,,8,,75,,74,,0625,,1875,,3125,,375,,375,,4375,,1081,,2958,,457,,5106,,5,,5499
222,"Valle_de_los_Caidos",1,0,,9,,95,,9,,9,,9,,25,,35,,55,,7,,75,,85,,4,,504,,6967,,7875,,8182,,8743
--------------------
"--","Avg.",P@5,P@10,P@20,P@30,P@40,P@50,CR@5,CR@10,CR@20,CR@30,CR@40,CR@50,F1@5,F1@10,F1@20,F1@30,F1@40,F1@50
,,,7811,,7739,,7622,,753,,7542,,7495,,1556,,2741,,4352,,5358,,6106,,6593,,2551,,3977,,5427,,6141,,6617,,6882