--------------------
"Run name","output_runCN3X3DaviesBouldin"
--------------------
"Average P@20 = ",,7714
"Average CR@20 = ",,4095
"Average F1@20 = ",,5256
--------------------
"Query Id ","Location name",P@5,P@10,P@20,P@30,P@40,P@50,CR@5,CR@10,CR@20,CR@30,CR@40,CR@50,F1@5,F1@10,F1@20,F1@30,F1@40,F1@50
1,"angel_of_the_north",1,0,,9,,95,,9667,,975,,98,,2,,36,,48,,64,,68,,68,,3333,,5143,,6378,,7701,,8012,,8029
2,"big_ben",1,0,1,0,,95,,8667,,9,,76,,2273,,3182,,4545,,5,,5455,,5909,,3704,,4828,,6149,,6341,,6792,,6649
3,"hearst_castle",,6,,7,,8,,8333,,825,,84,,125,,25,,5,,625,,75,,75,,2069,,3684,,6154,,7143,,7857,,7925
4,"la_madeleine",,4,,5,,45,,4,,375,,34,,1429,,2857,,5,,6429,,7143,,7857,,2105,,3636,,4737,,4932,,4918,,4746
5,"pont_alexandre_iii",,8,,9,,9,,9333,,95,,96,,16,,28,,36,,56,,72,,76,,2667,,4271,,5143,,7,,8192,,8484
6,"neues_museum",,6,,7,,8,,5667,,575,,66,,12,,28,,44,,48,,56,,72,,2,,4,,5677,,5197,,5674,,6887
7,"montezuma_castle",,8,,7,,65,,6,,65,,62,,3333,,4167,,5,,5,,75,,75,,4706,,5224,,5652,,5455,,6964,,6788
8,"cn_tower",,8,,6,,8,,7,,7,,66,,1667,,25,,5,,625,,7083,,7917,,2759,,3529,,6154,,6604,,7041,,7199
9,"acropolis_athens",,6,,8,,75,,8333,,825,,82,,0952,,2381,,2857,,5238,,5238,,5238,,1644,,367,,4138,,6433,,6408,,6393
10,"agra_fort",1,0,1,0,,9,,9,,9,,9,,2,,28,,48,,64,,76,,8,,3333,,4375,,6261,,7481,,8241,,8471
11,"albert_memorial",1,0,,8,,7,,7333,,775,,82,,1818,,2727,,3636,,4091,,4545,,6364,,3077,,4068,,4786,,5252,,573,,7166
12,"altes_museum",,8,,9,,75,,5667,,65,,72,,1667,,375,,5417,,5833,,75,,7917,,2759,,5294,,629,,5749,,6964,,7541
13,"amiens_cathedral",1,0,1,0,1,0,1,0,1,0,,98,,16,,28,,56,,68,,72,,84,,2759,,4375,,7179,,8095,,8372,,9046
14,"angkor_wat",,4,,7,,65,,7667,,825,,86,,08,,24,,36,,56,,68,,72,,1333,,3574,,4634,,6472,,7455,,7838
15,"ara_pacis",1,0,1,0,,7,,7333,,625,,66,,1818,,3636,,4545,,6364,,6818,,6818,,3077,,5333,,5512,,6814,,6522,,6707
16,"arc_de_triomphe",,8,,6,,8,,7667,,725,,7,,125,,125,,2917,,5417,,625,,6667,,2162,,2069,,4275,,6348,,6713,,6829
17,"aztec_ruins",,6,,3,,2,,3,,25,,36,,12,,12,,16,,24,,28,,48,,2,,1714,,1778,,2667,,2642,,4114
18,"berlin_cathedral",,8,,8,,9,,9,,925,,9,,16,,32,,4,,6,,64,,68,,2667,,4571,,5538,,72,,7565,,7747
19,"bok_tower_gardens",1,0,1,0,1,0,,8667,,875,,88,,08,,24,,44,,48,,6,,6,,1481,,3871,,6111,,6178,,7119,,7135
20,"brandenburg_gate",1,0,1,0,1,0,1,0,,975,,92,,16,,24,,48,,52,,6,,68,,2759,,3871,,6486,,6842,,7429,,782
21,"cabrillo",,2,,3,,15,,1,,1,,08,,0769,,2308,,2308,,2308,,3077,,3077,,1111,,2609,,1818,,1395,,1509,,127
22,"casa_batllo",1,0,1,0,1,0,1,0,,975,,96,,12,,32,,4,,56,,68,,84,,2143,,4848,,5714,,7179,,8012,,896
23,"casa_rosada",,8,,9,,9,,9333,,925,,92,,08,,24,,36,,56,,72,,72,,1455,,3789,,5143,,7,,8097,,8078
24,"castillo_de_san_marcos",1,0,,8,,65,,7,,7,,74,,16,,24,,36,,56,,64,,72,,2759,,3692,,4634,,6222,,6687,,7299
25,"chartres_cathedral",1,0,1,0,1,0,,9667,,925,,9,,16,,32,,48,,56,,68,,72,,2759,,4848,,6486,,7092,,7838,,8
26,"chichen_itza",1,0,1,0,,85,,8,,85,,86,,16,,36,,48,,56,,64,,72,,2759,,5294,,6135,,6588,,7302,,7838
27,"christ_the_redeemer_rio",,8,,6,,65,,6667,,6,,54,,1739,,1739,,3478,,5217,,6087,,6522,,2857,,2697,,4532,,5854,,6043,,5908
28,"civic_center_san_francisco",1,0,1,0,,85,,9,,8,,68,,16,,28,,56,,6,,64,,68,,2759,,4375,,6752,,72,,7111,,68
29,"cologne_cathedral",1,0,1,0,1,0,,9667,,975,,98,,12,,28,,48,,64,,76,,88,,2143,,4375,,6486,,7701,,8542,,9273
30,"colosseum",,6,,8,,8,,8667,,875,,82,,12,,12,,32,,48,,6,,64,,2,,2087,,4571,,6178,,7119,,7189
31,"doge_s_palace",1,0,1,0,1,0,,8333,,85,,88,,2,,32,,36,,44,,48,,52,,3333,,4848,,5294,,5759,,6135,,6537
32,"eiffel_tower",1,0,1,0,1,0,1,0,1,0,,92,,12,,2,,36,,4,,52,,68,,2143,,3333,,5294,,5714,,6842,,782
33,"golden_gate_bridge",,6,,6,,75,,8333,,725,,76,,1304,,2609,,3478,,5217,,5217,,6522,,2143,,3636,,4752,,6417,,6068,,702
34,"grand_palais",1,0,1,0,,95,,9333,,95,,94,,1364,,2727,,4091,,4091,,5,,5455,,24,,4286,,5719,,5688,,6552,,6903
35,"guggenheim_museum_bilbao",1,0,1,0,1,0,1,0,,975,,96,,2,,32,,52,,56,,56,,64,,3333,,4848,,6842,,7179,,7114,,768
36,"hagia_sophia_istanbul",,8,,9,,95,,9333,,9,,9,,16,,24,,4,,48,,6,,72,,2667,,3789,,563,,634,,72,,8
37,"hoover_dam",,8,,8,,9,,9,,9,,88,,16,,24,,4,,56,,64,,72,,2667,,3692,,5538,,6904,,7481,,792
38,"humayun_tomb",1,0,1,0,,8,,8333,,85,,86,,2,,32,,48,,56,,68,,76,,3333,,4848,,6,,6699,,7556,,8069
39,"iguazu_falls",,8,,7,,8,,8,,75,,76,,16,,16,,4,,44,,52,,6,,2667,,2605,,5333,,5677,,6142,,6706
40,"iolani_palace",,8,,8,,75,,7,,625,,64,,16,,24,,44,,6,,68,,76,,2667,,3692,,5546,,6462,,6513,,6949
41,"la_mezquita",,6,,7,,8,,6333,,6,,58,,125,,25,,4583,,5,,5833,,6667,,2069,,3684,,5828,,5588,,5915,,6203
42,"la_rambla_barcelona",,8,,9,,95,,9333,,95,,96,,16,,2,,36,,44,,44,,52,,2667,,3273,,5221,,5981,,6014,,6746
43,"la_sainte_chapelle",,8,,9,,85,,9,,9,,92,,16,,36,,52,,6,,76,,84,,2667,,5143,,6453,,72,,8241,,8782
44,"liberty_memorial",,8,,4,,7,,7333,,625,,66,,08,,08,,36,,44,,48,,6,,1455,,1333,,4755,,55,,543,,6286
45,"lincoln_home",,6,,7,,8,,8,,825,,68,,1667,,3889,,5556,,6667,,7222,,7222,,2609,,5,,6557,,7273,,7702,,7005
46,"machu_picchu",1,0,1,0,,85,,7667,,775,,76,,2,,28,,48,,56,,64,,72,,3333,,4375,,6135,,6472,,7011,,7395
47,"marble_arch_london",,0,,2,,4,,3667,,325,,26,,0,,1667,,3333,,4167,,4167,,4167,,0,,1818,,3636,,3901,,3652,,3202
48,"milan_cathedral",,8,,9,,95,,9333,,95,,96,,12,,28,,44,,56,,64,,64,,2087,,4271,,6014,,7,,7648,,768
49,"mole_antonelliana",,8,,9,,85,,8,,725,,68,,16,,24,,36,,44,,56,,6,,2667,,3789,,5058,,5677,,6319,,6375
50,"mont_saint_michel",,8,,8,,9,,9,,9,,88,,16,,28,,48,,52,,68,,72,,2667,,4148,,6261,,6592,,7747,,792
51,"moulin_rouge",,0,,0,,0,,1333,,225,,2,,0,,0,,0,,375,,625,,75,,0,,0,,0,,1967,,3309,,3158
52,"nelson_s_column",1,0,,9,,95,,9333,,95,,96,,2083,,3333,,5,,6667,,75,,8333,,3448,,4865,,6552,,7778,,8382,,8922
53,"notre_dame_de_paris",1,0,,9,,95,,9333,,9,,88,,2,,28,,4,,56,,56,,68,,3333,,4271,,563,,7,,6904,,7672
54,"obelisco",,2,,2,,1,,1,,1,,16,,0909,,1818,,1818,,2727,,3636,,5455,,125,,1905,,129,,1463,,1569,,2474
55,"piccadilly_circus",,8,,8,,8,,7333,,775,,72,,087,,2609,,3478,,4783,,5652,,6087,,1569,,3934,,4848,,5789,,6537,,6597
56,"place_de_la_concorde",1,0,1,0,1,0,,9667,,975,,96,,2,,36,,44,,52,,56,,6,,3333,,5294,,6111,,6762,,7114,,7385
57,"place_de_la_republique",,2,,1,,2,,1667,,175,,16,,125,,125,,25,,375,,375,,5,,1538,,1111,,2222,,2308,,2386,,2424
58,"place_des_vosges",,8,,7,,7,,8,,7,,68,,16,,28,,32,,56,,56,,64,,2667,,4,,4392,,6588,,6222,,6594
59,"pont_du_gard",,8,,9,,9,,8333,,725,,74,,12,,28,,48,,56,,56,,6,,2087,,4271,,6261,,6699,,6319,,6627
60,"pont_neuf",,8,,9,,85,,7333,,7,,66,,16,,32,,52,,6,,64,,68,,2667,,4721,,6453,,66,,6687,,6699
61,"ponte_vecchio",,6,,6,,7,,8,,775,,74,,0417,,125,,4167,,5833,,625,,7083,,0779,,2069,,5224,,6747,,692,,7238
62,"puerta_de_alcala",,6,,3,,6,,6667,,675,,68,,1579,,1579,,3684,,6316,,6316,,7895,,25,,2069,,4565,,6486,,6526,,7307
63,"puerta_del_sol",,4,,5,,55,,4,,35,,32,,1,,25,,4,,4,,45,,5,,16,,3333,,4632,,4,,3937,,3902
64,"red_fort",1,0,1,0,1,0,,9667,,975,,98,,2,,4,,56,,6,,64,,72,,3333,,5714,,7179,,7404,,7728,,8301
65,"reims_cathedral",1,0,1,0,1,0,,9667,,975,,94,,16,,32,,32,,48,,48,,56,,2759,,4848,,4848,,6415,,6433,,7019
66,"rialto_bridge",,8,,9,,8,,7667,,65,,54,,1875,,375,,625,,6875,,6875,,6875,,3038,,5294,,7018,,7249,,6682,,6049
67,"roman_forum_rome",1,0,,8,,8,,7333,,7,,7,,16,,24,,36,,48,,6,,76,,2759,,3692,,4966,,5802,,6462,,7288
68,"sacre_coeur",,4,,5,,55,,6,,6,,58,,0833,,2083,,375,,5,,625,,7083,,1379,,2941,,4459,,5455,,6122,,6378
69,"sagrada_familia",1,0,1,0,,95,,9667,,95,,94,,16,,28,,36,,44,,52,,64,,2759,,4375,,5221,,6047,,6721,,7615
70,"santa_maria_novella",,6,,6,,45,,5667,,525,,56,,12,,2,,32,,44,,44,,56,,2,,3,,374,,4954,,4788,,56
71,"schonbrunn_palace",1,0,1,0,1,0,1,0,1,0,1,0,,16,,32,,52,,56,,68,,68,,2759,,4848,,6842,,7179,,8095,,8095
72,"seville_cathedral",1,0,,9,,85,,9,,925,,94,,12,,2,,36,,48,,56,,64,,2143,,3273,,5058,,6261,,6976,,7615
73,"spanish_steps",,8,,9,,7,,6667,,625,,6,,1818,,2273,,3636,,4545,,5909,,6818,,2963,,3629,,4786,,5405,,6075,,6383
74,"st__basil_cathedral",1,0,,9,,95,,9,,9,,86,,2,,24,,44,,56,,6,,64,,3333,,3789,,6014,,6904,,72,,7339
75,"statue_of_liberty",,8,,9,,85,,8333,,775,,78,,12,,2,,36,,48,,6,,64,,2087,,3273,,5058,,6091,,6764,,7031
76,"stonehenge",,8,,7,,7,,5333,,55,,56,,1053,,2105,,4211,,4737,,5263,,5263,,186,,3237,,5258,,5017,,5379,,5426
77,"summer_palace_beijing",,8,,9,,9,,9333,,9,,84,,16,,28,,44,,6,,68,,72,,2667,,4271,,591,,7304,,7747,,7754
78,"sydney_opera_house",1,0,,9,,9,,9,,9,,9,,16,,24,,4,,52,,6,,64,,2759,,3789,,5538,,6592,,72,,7481
79,"teotihuacan",,6,,7,,65,,6333,,65,,7,,12,,24,,36,,48,,56,,6,,2,,3574,,4634,,5461,,6017,,6462
80,"terracotta_army",,8,,8,,65,,5333,,575,,64,,2,,35,,45,,45,,75,,75,,32,,487,,5318,,4881,,6509,,6906
81,"the_blue_mosque",1,0,1,0,,95,,9667,,975,,98,,12,,24,,44,,48,,64,,72,,2143,,3871,,6014,,6415,,7728,,8301
82,"the_henry_ford",,4,,6,,75,,6,,625,,68,,08,,2,,32,,4,,48,,56,,1333,,3,,4486,,48,,543,,6142
83,"taj_mahal",1,0,,9,,95,,9333,,9,,9,,2,,32,,44,,48,,6,,72,,3333,,4721,,6014,,634,,72,,8
84,"tour_montparnasse",,0,,3,,55,,4667,,35,,32,,0,,15,,35,,4,,4,,45,,0,,2,,4278,,4308,,3733,,374
85,"tower_bridge_london",,8,,7,,7,,6667,,525,,54,,16,,2,,36,,48,,48,,52,,2667,,3111,,4755,,5581,,5015,,5298
86,"trafalgar_square",,8,,8,,55,,4667,,45,,46,,1364,,2273,,3182,,3636,,3636,,5,,233,,354,,4031,,4088,,4022,,4792
87,"leaning_tower_of_pisa",1,0,,9,,7,,6,,625,,7,,2,,28,,44,,52,,6,,68,,3333,,4271,,5404,,5571,,6122,,6899
88,"hermitage_museum_saint_petersburg",,8,,9,,75,,8333,,875,,9,,12,,24,,32,,56,,68,,76,,2087,,3789,,4486,,6699,,7653,,8241
89,"jantar_mantar_jaipur",,8,,9,,95,,9,,925,,88,,16,,36,,48,,56,,76,,88,,2667,,5143,,6378,,6904,,8344,,88
90,"lake_titicaca_peru",1,0,,8,,65,,6333,,65,,62,,1667,,25,,3333,,4167,,5833,,6667,,2857,,381,,4407,,5026,,6149,,6425
91,"the_great_wall_of_china",1,0,1,0,,85,,8333,,825,,76,,16,,32,,48,,52,,56,,64,,2759,,4848,,6135,,6404,,6671,,6949
92,"grande_arche_paris",,6,,6,,6,,6333,,65,,66,,12,,2,,4,,44,,56,,64,,2,,3,,48,,5193,,6017,,6498
93,"el_angel_mexico",,6,,5,,6,,6,,6,,48,,1429,,2381,,4286,,619,,7143,,7143,,2308,,3226,,5,,6094,,6522,,5742
94,"bibliotheque_nationale_de_france",,8,,8,,8,,7,,775,,78,,16,,2,,36,,48,,64,,68,,2667,,32,,4966,,5695,,7011,,7266
95,"kronborg_castle",,8,,7,,7,,6667,,75,,74,,125,,2083,,375,,5417,,625,,6667,,2162,,3211,,4884,,5977,,6818,,7014
96,"ajanta_caves",1,0,1,0,,9,,9333,,95,,9,,1364,,2727,,4545,,5455,,5909,,5909,,24,,4286,,604,,6885,,7286,,7134
97,"atomium",1,0,,9,,95,,9333,,95,,94,,2381,,2857,,381,,381,,4762,,4762,,3846,,4337,,5438,,5411,,6344,,6321
98,"ellora_caves",1,0,1,0,1,0,,9667,,975,,96,,1818,,2273,,4091,,5,,5,,5,,3077,,3704,,5806,,6591,,661,,6575
99,"potala_palace",,6,,8,,75,,7667,,8,,8,,1667,,3333,,5,,5556,,6667,,7222,,2609,,4706,,6,,6443,,7273,,7591
100,"jokhang",1,0,1,0,,85,,8333,,825,,76,,2,,4,,6,,76,,84,,84,,3333,,5714,,7034,,795,,8324,,798
101,"rila_monastery",,8,,8,,8,,8667,,9,,92,,12,,24,,36,,48,,52,,52,,2087,,3692,,4966,,6178,,6592,,6644
102,"louvre_pyramid",,8,,9,,9,,9,,9,,88,,2222,,3333,,5,,5556,,6111,,6667,,3478,,4865,,6429,,687,,7279,,7586
103,"brooklyn_bridge",1,0,1,0,,95,,9333,,9,,86,,0952,,1429,,3333,,5238,,619,,7143,,1739,,25,,4935,,671,,7335,,7804
104,"tower_of_london",,4,,6,,6,,6667,,7,,72,,087,,2609,,3478,,4348,,4783,,5217,,1429,,3636,,4404,,5263,,5683,,605
105,"british_museum_london",1,0,1,0,1,0,,9333,,95,,92,,15,,3,,45,,55,,65,,65,,2609,,4615,,6207,,6921,,7719,,7618
106,"buckingham_palace",,2,,4,,4,,4,,35,,34,,05,,2,,25,,35,,35,,45,,08,,2667,,3077,,3733,,35,,3873
107,"charles_bridge_prague",,8,,8,,9,,6667,,575,,52,,1667,,25,,3333,,375,,4167,,4583,,2759,,381,,4865,,48,,4832,,4872
108,"champs_elysees_paris",,6,,4,,5,,4333,,425,,42,,1333,,2,,4,,4,,5333,,6667,,2182,,2667,,4444,,416,,473,,5153
109,"chrysler_building",1,0,1,0,1,0,1,0,,975,,98,,3571,,4286,,6429,,7143,,7857,,7857,,5263,,6,,7826,,8333,,8702,,8722
110,"moma_new_york",,8,,8,,8,,8667,,85,,84,,2105,,2632,,3684,,5263,,5789,,7368,,3333,,396,,5045,,6549,,6888,,785
111,"grand_central_terminal",1,0,1,0,1,0,,9667,,975,,94,,1429,,2381,,381,,5714,,5714,,619,,25,,3846,,5517,,7183,,7206,,7465
112,"houses_of_parliament",1,0,1,0,1,0,1,0,,925,,94,,087,,2609,,3913,,4348,,4348,,5652,,16,,4138,,5625,,6061,,5915,,706
113,"alexanderplatz_berlin",,8,,7,,55,,5667,,6,,66,,12,,2,,32,,4,,48,,52,,2087,,3111,,4046,,469,,5333,,5817
114,"centre_pompidou",,4,,6,,7,,6333,,7,,76,,1111,,3333,,3889,,4444,,6111,,7778,,1739,,4286,,5,,5223,,6525,,7688
115,"sydney_harbour_bridge",1,0,1,0,1,0,1,0,,975,,98,,1875,,3125,,5,,5625,,625,,6875,,3158,,4762,,6667,,72,,7617,,8081
116,"pier_39",1,0,1,0,,95,,9,,9,,88,,1905,,2857,,4762,,619,,6667,,6667,,32,,4444,,6344,,7335,,766,,7586
117,"coit_tower",,4,,6,,55,,6,,65,,7,,0667,,2,,3333,,4,,5333,,6,,1143,,3,,4151,,48,,5859,,6462
118,"st_paul_s_cathedral_london",,6,,8,,9,,9,,825,,78,,1176,,2941,,5294,,7059,,8235,,8235,,1967,,4301,,6667,,7912,,8243,,8012
119,"cloud_gate",,4,,6,,7,,6,,675,,66,,1667,,3333,,5,,5833,,5833,,5833,,2353,,4286,,5833,,5915,,6258,,6193
120,"musee_d_orsay",1,0,,9,,8,,8667,,875,,88,,0952,,2381,,4286,,5714,,6667,,6667,,1739,,3766,,5581,,6887,,7568,,7586
121,"pike_place_market",,8,,9,,9,,8333,,75,,8,,1429,,3333,,4762,,5238,,5238,,5238,,2424,,4865,,6228,,6433,,6168,,6331
122,"royal_palace_madrid",,8,,9,,85,,8,,85,,84,,0909,,2727,,3636,,3636,,6818,,7273,,1633,,4186,,5094,,5,,7567,,7796
123,"sony_center_berlin",,8,,8,,9,,8667,,875,,86,,1905,,2381,,3333,,381,,4286,,4762,,3077,,367,,4865,,5293,,5753,,613
124,"red_square_moscow",,8,,7,,65,,7333,,7,,7,,0952,,1429,,2857,,4286,,5238,,5238,,1702,,2373,,3969,,541,,5992,,5992
125,"prague_castle",1,0,,9,,9,,8333,,825,,82,,16,,24,,52,,64,,68,,72,,2759,,3789,,6592,,724,,7455,,7668
126,"musee_du_louvre",1,0,,9,,95,,9667,,975,,96,,16,,24,,36,,64,,68,,76,,2759,,3789,,5221,,7701,,8012,,8484
127,"millennium_bridge_london",,6,,7,,7,,7333,,775,,72,,04,,2,,32,,4,,48,,52,,075,,3111,,4392,,5176,,5928,,6039
128,"casa_mila",1,0,,9,,95,,9667,,9,,92,,2,,32,,4,,6,,68,,72,,3333,,4721,,563,,7404,,7747,,8078
129,"national_gallery_london",,6,,8,,7,,6667,,7,,6,,1364,,3182,,4545,,5,,6364,,6364,,2222,,4553,,5512,,5714,,6667,,6176
130,"national_mall",,4,,5,,75,,8333,,875,,86,,08,,16,,4,,56,,72,,88,,1333,,2424,,5217,,6699,,79,,8699
131,"london_city_hall",,8,,9,,9,,9,,825,,68,,15,,35,,45,,6,,75,,75,,2526,,504,,6,,72,,7857,,7133
132,"holocaust_memorial",,8,,8,,75,,6,,525,,42,,1875,,3125,,5,,5625,,625,,625,,3038,,4494,,6,,5806,,5707,,5024
133,"columbus_circle",,4,,4,,6,,5333,,525,,5,,08,,16,,44,,48,,56,,64,,1333,,2286,,5077,,5053,,5419,,5614
134,"siegessaeule",,2,,3,,65,,6,,6,,5,,04,,12,,28,,48,,56,,56,,0667,,1714,,3914,,5333,,5793,,5283
135,"jardin_du_luxembourg",1,0,1,0,1,0,1,0,,975,,92,,16,,24,,44,,6,,64,,68,,2759,,3871,,6111,,75,,7728,,782
136,"merlion_singapore",,6,,4,,4,,4333,,5,,58,,0909,,1364,,2727,,4091,,5909,,7273,,1579,,2034,,3243,,4209,,5417,,6453
137,"harrods_london",1,0,1,0,,75,,7667,,775,,82,,16,,24,,36,,48,,56,,6,,2759,,3871,,4865,,5904,,6502,,693
138,"metropolitan_museum_of_art_new_york",1,0,,9,,95,,9,,925,,94,,2,,32,,52,,6,,72,,76,,3333,,4721,,6721,,72,,8097,,8405
139,"new_york_stock_exchange",1,0,,7,,65,,7333,,625,,56,,15,,2,,45,,6,,65,,65,,2609,,3111,,5318,,66,,6373,,6017
140,"stephansdom_vienna",1,0,1,0,1,0,1,0,1,0,1,0,,16,,36,,48,,56,,6,,64,,2759,,5294,,6486,,7179,,75,,7805
141,"hms_belfast",1,0,1,0,1,0,,9667,,925,,92,,2,,36,,52,,68,,72,,8,,3333,,5294,,6842,,7984,,8097,,8558
142,"leicester_square",,6,,5,,65,,6667,,675,,68,,08,,12,,24,,32,,44,,48,,1412,,1935,,3506,,4324,,5327,,5628
143,"ciudad_de_las_artes_y_las_ciencias",1,0,1,0,,95,,9667,,975,,98,,2,,36,,52,,56,,64,,68,,3333,,5294,,6721,,7092,,7728,,8029
144,"topkapi_palace",1,0,1,0,,95,,9667,,95,,96,,16,,28,,48,,6,,76,,76,,2759,,4375,,6378,,7404,,8444,,8484
145,"royal_albert_hall",,0,,5,,5,,6333,,55,,58,,0,,16,,28,,32,,4,,52,,0,,2424,,359,,4252,,4632,,5484
146,"st_vitus_cathedral",1,0,,9,,9,,9333,,9,,92,,16,,16,,36,,44,,6,,72,,2759,,2717,,5143,,5981,,72,,8078
147,"castello_sforzesco",,8,,9,,85,,9,,9,,92,,12,,24,,28,,4,,48,,48,,2087,,3789,,4212,,5538,,6261,,6309
148,"rijksmuseum_amsterdam",1,0,1,0,1,0,1,0,,975,,96,,2,,28,,44,,56,,6,,72,,3333,,4375,,6111,,7179,,7429,,8229
149,"dam_square",,4,,5,,5,,6,,55,,52,,08,,2,,2,,36,,36,,48,,1333,,2857,,2857,,45,,4352,,4992
150,"rathaus_vienna",,6,,8,,8,,6667,,675,,66,,12,,2,,24,,32,,4,,44,,2,,32,,3692,,4324,,5023,,528
151,"bath_abbey",,4,,7,,8,,8667,,9,,9,,04,,24,,36,,44,,56,,68,,0727,,3574,,4966,,5837,,6904,,7747
152,"salisbury_cathedral",1,0,1,0,1,0,1,0,,975,,94,,16,,28,,4,,48,,48,,52,,2759,,4375,,5714,,6486,,6433,,6696
153,"templo_de_debod",,4,,5,,45,,4333,,5,,54,,0909,,1818,,3182,,4091,,4545,,5,,1481,,2667,,3728,,4209,,4762,,5192
154,"Niagara_Falls",,2,,5,,55,,6,,625,,62,,0455,,2273,,4091,,5,,5909,,5909,,0741,,3125,,4692,,5455,,6075,,6051
155,"Golden_Gate_Bridge_in_San_Francisco",1,0,1,0,,9,,9333,,95,,96,,1818,,2727,,5,,5909,,7273,,7727,,3077,,4286,,6429,,7237,,8238,,8562
156,"Neuschwanstein_Castle",1,0,1,0,1,0,1,0,,975,,98,,12,,24,,44,,6,,72,,72,,2143,,3871,,6111,,75,,8283,,8301
157,"Christ_Church_Cathedral_Missouri",,8,,9,,95,,9667,,975,,94,,12,,28,,44,,64,,72,,72,,2087,,4271,,6014,,7701,,8283,,8154
158,"Mount_Rushmore_in_South_Dakota",1,0,,9,,9,,9333,,95,,92,,12,,2,,32,,52,,64,,72,,2143,,3273,,4721,,6679,,7648,,8078
159,"Puerta_de_Toledo",,0,,0,,05,,0333,,025,,02,,0,,0,,5,,5,,5,,5,,0,,0,,0909,,0625,,0476,,0385
160,"Urquhart_Castle",1,0,1,0,,9,,9,,85,,82,,2083,,375,,4583,,5417,,625,,6667,,3448,,5455,,6074,,6763,,7203,,7354
161,"Gare_du_Nord_Paris",,6,,7,,7,,8,,8,,68,,08,,2,,36,,36,,48,,48,,1412,,3111,,4755,,4966,,6,,5628
162,"Newgrange_in_Ireland",,6,,7,,7,,6333,,65,,72,,125,,25,,375,,4583,,5,,5417,,2069,,3684,,4884,,5318,,5652,,6182
163,"Windmills_at_Kinderdijk",1,0,1,0,,9,,9,,9,,92,,16,,32,,4,,52,,52,,64,,2759,,4848,,5538,,6592,,6592,,7549
164,"Conciergerie",1,0,1,0,1,0,1,0,,975,,96,,12,,16,,52,,6,,68,,72,,2143,,2759,,6842,,75,,8012,,8229
165,"Palazzo_Madama",,6,,7,,8,,7,,675,,68,,1364,,2273,,4545,,5455,,6364,,7727,,2222,,3431,,5797,,6131,,6551,,7234
166,"Split_Rock_Lighthouse",,2,,5,,65,,7,,725,,74,,04,,16,,24,,32,,44,,56,,0667,,2424,,3506,,4392,,5476,,6375
167,"The_Little_Mermaid_Denmark",,6,,6,,55,,6667,,65,,54,,2143,,2857,,5714,,7857,,8571,,8571,,3158,,3871,,5605,,7213,,7393,,6626
168,"Great_Pyramid_of_Giza",,4,,5,,45,,5333,,575,,58,,1333,,2667,,3333,,5333,,7333,,8,,2,,3478,,383,,5333,,6446,,6725
169,"Pitti_Palace",,8,,8,,85,,8333,,75,,62,,0455,,1818,,4545,,5,,5455,,5455,,086,,2963,,5923,,625,,6316,,5803
170,"Georgia_State_Capitol",,2,,1,,5,,3667,,275,,22,,0526,,0526,,2632,,2632,,2632,,2632,,0833,,069,,3448,,3064,,2689,,2397
171,"Dome_des_Invalides",1,0,1,0,1,0,1,0,1,0,,96,,2,,28,,44,,48,,64,,68,,3333,,4375,,6111,,6486,,7805,,7961
172,"Reggia_di_Caserta",,6,,7,,6,,6,,6,,62,,08,,24,,4,,48,,6,,68,,1412,,3574,,48,,5333,,6,,6486
173,"The_Burj_al_Arab_Hotel",,4,,4,,65,,7667,,725,,78,,04,,12,,4,,48,,6,,68,,0727,,1846,,4952,,5904,,6566,,7266
174,"Elephanta_Caves",1,0,,9,,95,,9667,,875,,84,,2083,,2917,,4583,,5833,,6667,,75,,3448,,4406,,6183,,7276,,7568,,7925
175,"Basilica_of_Santa_Croce",1,0,1,0,1,0,1,0,1,0,1,0,,2,,24,,4,,48,,52,,64,,3333,,3871,,5714,,6486,,6842,,7805
176,"Aachen_Cathedral",1,0,1,0,1,0,,9333,,925,,92,,12,,2,,36,,48,,6,,6,,2143,,3333,,5294,,634,,7279,,7263
177,"Monument_to_the_Great_Fire_of_London",,8,,8,,65,,6,,65,,64,,16,,28,,44,,56,,6,,68,,2667,,4148,,5248,,5793,,624,,6594
178,"Longmen_Grottoes",1,0,,9,,7,,6333,,65,,68,,12,,24,,44,,52,,76,,8,,2143,,3789,,5404,,5711,,7007,,7351
179,"Louisiana_State_Capitol",,4,,4,,25,,2667,,375,,38,,08,,16,,2,,32,,48,,6,,1333,,2286,,2222,,2909,,4211,,4653
180,"The_Great_Sphinx_at_Giza",1,0,1,0,1,0,,9,,875,,84,,16,,24,,56,,68,,72,,76,,2759,,3871,,7179,,7747,,79,,798
181,"Teatro_Real_Madrid",,4,,7,,85,,6333,,6,,64,,087,,3043,,5217,,5652,,6957,,8261,,1429,,4242,,6466,,5973,,6443,,7212
182,"Palacio_de_la_Magdalena",,8,,7,,8,,8,,8,,72,,16,,24,,48,,6,,68,,68,,2667,,3574,,6,,6857,,7351,,6994
183,"Sowjetisches_Ehrenmal",,4,,4,,55,,6667,,725,,7,,08,,16,,36,,56,,64,,72,,1333,,2286,,4352,,6087,,6799,,7099
184,"Cathedral_of_Trier",1,0,,9,,95,,8667,,85,,84,,16,,28,,48,,6,,72,,84,,2759,,4271,,6378,,7091,,7796,,84
185,"Saint_Mary_of_the_Flower",,6,,5,,25,,2,,3,,4,,08,,08,,08,,08,,24,,36,,1412,,1379,,1212,,1143,,2667,,3789
186,"Skellig_Michael",,2,,3,,55,,6333,,6,,6,,04,,12,,4,,48,,56,,6,,0667,,1714,,4632,,5461,,5793,,6
187,"Chicago_Board_of_Trade_Building",,2,,5,,75,,8,,65,,64,,0455,,2273,,5,,5909,,6364,,7273,,0741,,3125,,6,,6797,,6431,,6809
188,"Pont_de_Normandie_France",,8,,7,,75,,8,,825,,78,,1579,,3158,,5789,,7895,,8947,,9474,,2637,,4352,,6535,,7947,,8585,,8556
189,"Palazzo_Rosso",,0,,0,,05,,0667,,125,,1,,0,,0,,0417,,0833,,2083,,2083,,0,,0,,0455,,0741,,1562,,1351
190,"Piazza_Vittorio_Veneto",,4,,5,,4,,3667,,45,,42,,125,,3125,,375,,4375,,625,,6875,,1905,,3846,,3871,,399,,5233,,5214
191,"Sforza_Castle",,6,,8,,85,,9,,925,,92,,12,,24,,4,,6,,64,,68,,2,,3692,,544,,72,,7565,,782
192,"Torres_KIO",1,0,,8,,85,,8667,,825,,78,,2,,32,,52,,64,,64,,68,,3333,,4571,,6453,,7363,,7208,,7266
193,"Torre_Picasso",1,0,1,0,1,0,,7667,,775,,8,,0833,,1667,,4167,,4583,,5833,,6667,,1538,,2857,,5882,,5737,,6656,,7273
194,"The_Palace_of_Parliament_in_Bucharest",,8,,9,,95,,9667,,975,,9,,08,,16,,24,,44,,64,,64,,1455,,2717,,3832,,6047,,7728,,7481
195,"Ernest_Hemingway_House",,8,,9,,9,,9,,825,,82,,16,,36,,6,,68,,68,,76,,2667,,5143,,72,,7747,,7455,,7889
196,"Castel_dellOvo_Napoli",,6,,7,,85,,9,,85,,84,,12,,24,,52,,72,,72,,76,,2,,3574,,6453,,8,,7796,,798
197,"Villa_Borghese_gardens",1,0,1,0,1,0,1,0,,975,,98,,2,,28,,52,,64,,76,,84,,3333,,4375,,6842,,7805,,8542,,9046
198,"Saint_Marks_Basilica",,8,,9,,95,,9667,,975,,96,,08,,12,,28,,28,,4,,44,,1455,,2118,,4325,,4342,,5673,,6034
199,"Mausoleum_of_the_First_Qin_Emperor",1,0,,9,,75,,8,,8,,78,,2,,36,,36,,44,,56,,64,,3333,,5143,,4865,,5677,,6588,,7031
200,"Mausoleum_of_Hadrian",,8,,6,,65,,6,,625,,58,,2222,,3333,,4444,,6111,,7222,,7222,,3478,,4286,,5279,,6055,,6701,,6433
201,"Piazza_de_Ferrari",,8,,9,,95,,9667,,925,,88,,1053,,2105,,4737,,5263,,6316,,6316,,186,,3412,,6322,,6816,,7506,,7354
202,"George_Washington_Carver",,8,,6,,8,,6667,,6,,58,,25,,375,,5625,,5625,,625,,625,,381,,4615,,6606,,6102,,6122,,6017
203,"Cathedral_of_Santiago_de_Compostela",,6,,7,,85,,8667,,825,,78,,1176,,2353,,4118,,7059,,8824,,8824,,1967,,3522,,5548,,7781,,8527,,828
204,"Saint-Jacques_Tower",1,0,,7,,75,,7667,,75,,76,,3077,,3077,,3846,,6154,,9231,,9231,,4706,,4275,,5085,,6827,,8276,,8336
205,"Calakmul_Campeche_Mexico",,6,,8,,75,,8,,725,,72,,2143,,4286,,6429,,6429,,6429,,7857,,3158,,5581,,6923,,7129,,6815,,7514
206,"Bran_Castle_in_Transylvania",1,0,1,0,,9,,8667,,875,,88,,2632,,3684,,3684,,4211,,5263,,6316,,4167,,5385,,5228,,5668,,6573,,7354
207,"Mosteiro_da_Batalha",1,0,1,0,1,0,1,0,1,0,1,0,,2632,,3684,,4737,,6842,,7368,,7368,,4167,,5385,,6429,,8125,,8485,,8485
208,"Wartburg_Castle",,8,,9,,95,,9333,,95,,88,,15,,2,,45,,7,,8,,8,,2526,,3273,,6107,,8,,8686,,8381
209,"Fujian_Tulou_Fujian_China",1,0,,9,,9,,9,,925,,92,,2778,,3333,,5,,6667,,6667,,7222,,4348,,4865,,6429,,766,,7749,,8092
210,"Alabama_State_Capitol",1,0,,7,,65,,7667,,825,,8,,2381,,2381,,4762,,619,,7143,,7619,,3846,,3553,,5497,,685,,7657,,7805
211,"Palazzo_dAccursio",,2,,4,,6,,7333,,625,,64,,0556,,1111,,2778,,4444,,4444,,5556,,087,,1739,,3797,,5535,,5195,,5948
212,"Casa_Grande_Ruins",1,0,,8,,8,,8333,,825,,76,,2941,,2941,,3529,,3529,,4118,,4706,,4545,,4301,,4898,,4959,,5493,,5813
213,"Stravinsky_Fountain",1,0,,8,,9,,9333,,9,,84,,2667,,3333,,5333,,5333,,5333,,5333,,4211,,4706,,6698,,6788,,6698,,6524
214,"Angel_Falls_Venezuela",,6,,6,,45,,5667,,55,,52,,1765,,1765,,2941,,5294,,6471,,7647,,2727,,2727,,3557,,5474,,5946,,619
215,"Statue_of_George_IV",,2,,1,,3,,3333,,325,,32,,125,,125,,5,,625,,75,,75,,1538,,1111,,375,,4348,,4535,,4486
216,"Palacio_Barolo",,6,,8,,8,,8667,,9,,92,,1765,,2353,,3529,,5294,,7059,,7647,,2727,,3636,,4898,,6573,,7912,,8352
217,"Bridge_of_Remembrance_Christchurch_New_Zealand",,8,,8,,5,,5667,,65,,56,,1667,,3333,,4167,,5833,,8333,,8333,,2759,,4706,,4545,,5749,,7303,,6699
218,"John_A._Roebling_Suspension_Bridge",,0,,3,,35,,4,,45,,48,,0,,2,,4,,5333,,6,,7333,,0,,24,,3733,,4571,,5143,,5802
219,"Blue_Dome_Santorini",,8,,9,,9,,9,,925,,9,,25,,5,,5625,,6875,,75,,8125,,381,,6429,,6923,,7795,,8284,,854
220,"Fossar_de_les_Moreres",,2,,2,,45,,4333,,375,,3,,0714,,1429,,5,,5714,,5714,,5714,,1053,,1667,,4737,,4929,,4528,,3934
221,"Luxor_Obelisk_France",,8,,8,,8,,6667,,725,,78,,1875,,25,,3125,,3125,,5,,5625,,3038,,381,,4494,,4255,,5918,,6536
222,"Valle_de_los_Caidos",1,0,1,0,,9,,8667,,9,,9,,2,,3,,55,,55,,65,,8,,3333,,4615,,6828,,6729,,7548,,8471
--------------------
"--","Avg.",P@5,P@10,P@20,P@30,P@40,P@50,CR@5,CR@10,CR@20,CR@30,CR@40,CR@50,F1@5,F1@10,F1@20,F1@30,F1@40,F1@50
,,,7514,,7649,,7714,,7635,,7564,,7446,,1427,,2513,,4095,,5166,,6022,,6611,,2367,,3725,,5256,,6048,,6576,,686