--------------------
"Run name","output_runPHOGSumSquaredError"
--------------------
"Average P@20 = ",,7766
"Average CR@20 = ",,4139
"Average F1@20 = ",,529
--------------------
"Query Id ","Location name",P@5,P@10,P@20,P@30,P@40,P@50,CR@5,CR@10,CR@20,CR@30,CR@40,CR@50,F1@5,F1@10,F1@20,F1@30,F1@40,F1@50
1,"angel_of_the_north",1,0,1,0,1,0,1,0,1,0,,96,,12,,2,,4,,52,,6,,64,,2143,,3333,,5714,,6842,,75,,768
2,"big_ben",,6,,6,,75,,8,,825,,8,,0909,,2273,,4091,,4545,,5,,6364,,1579,,3297,,5294,,5797,,6226,,7089
3,"hearst_castle",,8,,9,,9,,9333,,95,,92,,125,,3333,,5417,,7083,,8333,,875,,2162,,4865,,6763,,8054,,8879,,8969
4,"la_madeleine",,4,,5,,4,,4667,,375,,34,,0714,,2143,,3571,,5714,,6429,,7143,,1212,,3,,3774,,5138,,4737,,4607
5,"pont_alexandre_iii",1,0,1,0,1,0,,9667,,975,,96,,12,,24,,32,,52,,6,,64,,2143,,3871,,4848,,6762,,7429,,768
6,"neues_museum",,8,,4,,3,,4333,,575,,66,,12,,12,,16,,36,,48,,56,,2087,,1846,,2087,,3933,,5232,,6059
7,"montezuma_castle",,6,,7,,55,,6,,65,,66,,25,,4167,,4167,,5,,6667,,6667,,3529,,5224,,4741,,5455,,6582,,6633
8,"cn_tower",,6,,6,,55,,6333,,6,,6,,0833,,2083,,3333,,4583,,5417,,625,,1463,,3093,,4151,,5318,,5693,,6122
9,"acropolis_athens",,8,,8,,9,,8667,,875,,82,,1429,,3333,,4762,,4762,,5238,,5238,,2424,,4706,,6228,,6147,,6553,,6393
10,"agra_fort",,8,,7,,75,,8333,,875,,9,,16,,2,,4,,48,,68,,76,,2667,,3111,,5217,,6091,,7653,,8241
11,"albert_memorial",,8,,9,,75,,7333,,75,,8,,1818,,3182,,3636,,4545,,5,,5909,,2963,,4701,,4898,,5612,,6,,6797
12,"altes_museum",,6,,7,,8,,6,,6,,66,,125,,2083,,375,,4167,,5,,5833,,2069,,3211,,5106,,4918,,5455,,6193
13,"amiens_cathedral",1,0,,9,,95,,9667,,95,,96,,16,,32,,6,,68,,72,,84,,2759,,4721,,7355,,7984,,8192,,896
14,"angkor_wat",,8,,9,,7,,8,,85,,86,,16,,32,,4,,6,,72,,72,,2667,,4721,,5091,,6857,,7796,,7838
15,"ara_pacis",,2,,6,,6,,7,,625,,68,,0455,,2727,,4545,,6364,,6364,,6364,,0741,,375,,5172,,6667,,6306,,6575
16,"arc_de_triomphe",,8,,9,,95,,8333,,75,,7,,1667,,375,,5,,5833,,625,,7083,,2759,,5294,,6552,,6863,,6818,,7041
17,"aztec_ruins",,4,,3,,15,,3,,225,,36,,08,,12,,12,,28,,28,,48,,1333,,1714,,1333,,2897,,2495,,4114
18,"berlin_cathedral",1,0,,9,,95,,9667,,9,,86,,2,,32,,36,,4,,52,,64,,3333,,4721,,5221,,5659,,6592,,7339
19,"bok_tower_gardens",,8,,9,,8,,8333,,85,,88,,16,,36,,48,,56,,68,,72,,2667,,5143,,6,,6699,,7556,,792
20,"brandenburg_gate",,8,,9,,95,,9333,,95,,88,,16,,32,,4,,44,,56,,64,,2667,,4721,,563,,5981,,7046,,7411
21,"cabrillo",,2,,2,,25,,1667,,15,,14,,0769,,1538,,3077,,3077,,3846,,4615,,1111,,1739,,2759,,2162,,2158,,2148
22,"casa_batllo",1,0,1,0,1,0,1,0,,95,,96,,2,,28,,44,,6,,68,,88,,3333,,4375,,6111,,75,,7926,,9183
23,"casa_rosada",1,0,,9,,95,,9667,,975,,96,,2,,32,,4,,48,,6,,72,,3333,,4721,,563,,6415,,7429,,8229
24,"castillo_de_san_marcos",1,0,1,0,,85,,7667,,675,,74,,16,,32,,4,,48,,6,,72,,2759,,4848,,544,,5904,,6353,,7299
25,"chartres_cathedral",1,0,1,0,,95,,9333,,95,,92,,16,,28,,52,,64,,76,,76,,2759,,4375,,6721,,7593,,8444,,8324
26,"chichen_itza",,6,,6,,8,,8333,,85,,86,,12,,2,,32,,52,,64,,76,,2,,3,,4571,,6404,,7302,,8069
27,"christ_the_redeemer_rio",,6,,6,,6,,6,,475,,48,,1304,,2609,,4348,,5217,,5217,,6522,,2143,,3636,,5042,,5581,,4973,,553
28,"civic_center_san_francisco",,6,,6,,75,,7667,,7,,6,,12,,24,,48,,48,,48,,52,,2,,3429,,5854,,5904,,5695,,5571
29,"cologne_cathedral",1,0,1,0,1,0,,9667,,975,,96,,12,,2,,32,,48,,64,,72,,2143,,3333,,4848,,6415,,7728,,8229
30,"colosseum",,8,,7,,85,,9,,875,,86,,16,,24,,44,,56,,6,,64,,2667,,3574,,5798,,6904,,7119,,7339
31,"doge_s_palace",1,0,1,0,,9,,8,,85,,86,,16,,24,,4,,44,,52,,52,,2759,,3871,,5538,,5677,,6453,,6481
32,"eiffel_tower",1,0,1,0,1,0,,9667,,925,,88,,12,,24,,4,,44,,44,,48,,2143,,3871,,5714,,6047,,5963,,6212
33,"golden_gate_bridge",1,0,,9,,9,,9,,775,,8,,2174,,3043,,4348,,5217,,5652,,5652,,3571,,4549,,5863,,6606,,6537,,6624
34,"grand_palais",1,0,1,0,,9,,9,,9,,92,,1818,,2727,,3636,,4091,,5,,5909,,3077,,4286,,518,,5625,,6429,,7196
35,"guggenheim_museum_bilbao",1,0,1,0,1,0,1,0,,975,,98,,16,,32,,44,,56,,6,,64,,2759,,4848,,6111,,7179,,7429,,7743
36,"hagia_sophia_istanbul",1,0,1,0,1,0,1,0,,925,,94,,2,,36,,52,,64,,72,,76,,3333,,5294,,6842,,7805,,8097,,8405
37,"hoover_dam",1,0,,9,,9,,8667,,875,,9,,12,,24,,44,,56,,72,,8,,2143,,3789,,591,,6804,,79,,8471
38,"humayun_tomb",1,0,,9,,7,,6667,,725,,72,,2,,28,,4,,44,,68,,76,,3333,,4271,,5091,,5301,,7018,,7395
39,"iguazu_falls",,8,,8,,75,,7667,,775,,8,,16,,28,,4,,44,,52,,64,,2667,,4148,,5217,,5591,,6224,,7111
40,"iolani_palace",1,0,,8,,75,,8,,75,,76,,2,,32,,52,,6,,6,,68,,3333,,4571,,6142,,6857,,6667,,7178
41,"la_mezquita",1,0,,9,,95,,7333,,7,,64,,1667,,2917,,5,,5417,,5833,,6667,,2857,,4406,,6552,,6231,,6364,,6531
42,"la_rambla_barcelona",1,0,1,0,1,0,,9333,,95,,96,,16,,24,,4,,44,,52,,64,,2759,,3871,,5714,,5981,,6721,,768
43,"la_sainte_chapelle",1,0,1,0,1,0,1,0,,975,,98,,2,,4,,48,,64,,64,,72,,3333,,5714,,6486,,7805,,7728,,8301
44,"liberty_memorial",,8,,5,,65,,7333,,625,,64,,08,,12,,28,,44,,44,,52,,1455,,1935,,3914,,55,,5164,,5738
45,"lincoln_home",1,0,1,0,,95,,9,,875,,7,,2778,,4444,,6667,,7778,,8333,,8333,,4348,,6154,,7835,,8344,,8537,,7609
46,"machu_picchu",,6,,7,,65,,6667,,725,,74,,12,,24,,44,,56,,64,,72,,2,,3574,,5248,,6087,,6799,,7299
47,"marble_arch_london",,0,,3,,45,,3667,,3,,28,,0,,25,,5,,5833,,6667,,75,,0,,2727,,4737,,4503,,4138,,4078
48,"milan_cathedral",,8,,9,,75,,8333,,875,,9,,16,,24,,36,,52,,64,,68,,2667,,3789,,4865,,6404,,7393,,7747
49,"mole_antonelliana",,8,,9,,8,,7667,,775,,72,,12,,2,,36,,44,,52,,6,,2087,,3273,,4966,,5591,,6224,,6545
50,"mont_saint_michel",,6,,8,,9,,9333,,95,,92,,12,,28,,44,,56,,72,,76,,2,,4148,,591,,7,,8192,,8324
51,"moulin_rouge",,0,,1,,05,,0333,,2,,16,,0,,125,,125,,125,,75,,75,,0,,1111,,0714,,0526,,3158,,2637
52,"nelson_s_column",1,0,1,0,1,0,1,0,,975,,98,,2083,,2917,,5,,5833,,625,,7083,,3448,,4516,,6667,,7368,,7617,,8223
53,"notre_dame_de_paris",1,0,1,0,1,0,1,0,,95,,86,,2,,4,,52,,64,,76,,76,,3333,,5714,,6842,,7805,,8444,,8069
54,"obelisco",,4,,4,,25,,1667,,125,,24,,1818,,3636,,3636,,3636,,3636,,6364,,25,,381,,2963,,2286,,186,,3485
55,"piccadilly_circus",,4,,6,,7,,7333,,75,,74,,087,,2609,,5217,,5652,,6522,,6957,,1429,,3636,,5979,,6384,,6977,,7171
56,"place_de_la_concorde",1,0,,9,,95,,9667,,975,,96,,12,,16,,36,,6,,68,,72,,2143,,2717,,5221,,7404,,8012,,8229
57,"place_de_la_republique",,2,,2,,2,,1667,,125,,12,,125,,25,,375,,5,,5,,625,,1538,,2222,,2609,,25,,2,,2013
58,"place_des_vosges",1,0,,8,,75,,8333,,725,,72,,16,,2,,28,,44,,52,,64,,2759,,32,,4078,,5759,,6056,,6776
59,"pont_du_gard",,8,,8,,85,,8667,,825,,84,,16,,24,,48,,6,,6,,64,,2667,,3692,,6135,,7091,,6947,,7265
60,"pont_neuf",,8,,9,,9,,8,,75,,7,,12,,2,,4,,56,,64,,76,,2087,,3273,,5538,,6588,,6906,,7288
61,"ponte_vecchio",,6,,7,,8,,8333,,7,,64,,125,,25,,3333,,4583,,5417,,5833,,2069,,3684,,4706,,5914,,6107,,6104
62,"puerta_de_alcala",,2,,6,,5,,5,,575,,6,,0526,,2105,,2632,,3684,,5789,,6842,,0833,,3117,,3448,,4242,,577,,6393
63,"puerta_del_sol",,0,,1,,25,,3333,,325,,28,,0,,05,,25,,3,,4,,4,,0,,0667,,25,,3158,,3586,,3294
64,"red_fort",1,0,1,0,1,0,1,0,1,0,1,0,,2,,28,,48,,6,,64,,64,,3333,,4375,,6486,,75,,7805,,7805
65,"reims_cathedral",1,0,,8,,85,,9,,925,,9,,2,,28,,36,,52,,64,,76,,3333,,4148,,5058,,6592,,7565,,8241
66,"rialto_bridge",,6,,6,,75,,7333,,625,,52,,1875,,25,,5,,625,,625,,6875,,2857,,3529,,6,,6748,,625,,5921
67,"roman_forum_rome",1,0,,9,,85,,7667,,725,,76,,16,,28,,44,,56,,64,,76,,2759,,4271,,5798,,6472,,6799,,76
68,"sacre_coeur",,6,,7,,6,,6667,,75,,64,,125,,2917,,4167,,4583,,625,,625,,2069,,4118,,4918,,5432,,6818,,6324
69,"sagrada_familia",1,0,,9,,95,,9333,,95,,96,,16,,28,,48,,56,,56,,68,,2759,,4271,,6378,,7,,7046,,7961
70,"santa_maria_novella",1,0,,7,,55,,6333,,55,,58,,16,,2,,36,,4,,4,,52,,2759,,3111,,4352,,4903,,4632,,5484
71,"schonbrunn_palace",1,0,1,0,1,0,1,0,1,0,1,0,,16,,32,,52,,52,,64,,68,,2759,,4848,,6842,,6842,,7805,,8095
72,"seville_cathedral",1,0,1,0,,8,,8667,,9,,92,,16,,28,,28,,44,,6,,64,,2759,,4375,,4148,,5837,,72,,7549
73,"spanish_steps",1,0,,7,,55,,5667,,575,,56,,2273,,3182,,4091,,5,,5909,,5909,,3704,,4375,,4692,,5312,,5828,,575
74,"st__basil_cathedral",1,0,1,0,,9,,9,,85,,88,,2,,32,,4,,48,,6,,68,,3333,,4848,,5538,,6261,,7034,,7672
75,"statue_of_liberty",,6,,6,,8,,7333,,775,,78,,08,,2,,4,,52,,6,,68,,1412,,3,,5333,,6085,,6764,,7266
76,"stonehenge",,2,,5,,6,,4333,,475,,48,,0526,,2105,,4211,,4737,,5263,,5789,,0833,,2963,,4948,,4526,,4993,,5249
77,"summer_palace_beijing",,8,,8,,9,,9333,,85,,8,,16,,24,,32,,48,,6,,64,,2667,,3692,,4721,,634,,7034,,7111
78,"sydney_opera_house",,8,,9,,9,,9333,,925,,9,,16,,36,,4,,48,,6,,68,,2667,,5143,,5538,,634,,7279,,7747
79,"teotihuacan",,6,,5,,6,,6333,,65,,7,,12,,2,,36,,52,,64,,68,,2,,2857,,45,,5711,,645,,6899
80,"terracotta_army",1,0,,9,,5,,5,,6,,64,,2,,4,,45,,6,,75,,8,,3333,,5538,,4737,,5455,,6667,,7111
81,"the_blue_mosque",,8,,9,,9,,9333,,95,,96,,12,,28,,4,,56,,56,,64,,2087,,4271,,5538,,7,,7046,,768
82,"the_henry_ford",,4,,7,,6,,6,,675,,74,,08,,24,,28,,36,,48,,56,,1333,,3574,,3818,,45,,561,,6375
83,"taj_mahal",1,0,,9,,95,,9333,,95,,94,,16,,28,,4,,56,,64,,72,,2759,,4271,,563,,7,,7648,,8154
84,"tour_montparnasse",,4,,4,,5,,5333,,425,,4,,1,,15,,35,,5,,5,,5,,16,,2182,,4118,,5161,,4595,,4444
85,"tower_bridge_london",,8,,5,,55,,4667,,425,,42,,16,,2,,36,,4,,4,,52,,2667,,2857,,4352,,4308,,4121,,4647
86,"trafalgar_square",,4,,4,,45,,4333,,5,,48,,0909,,1818,,3182,,4091,,5455,,5455,,1481,,25,,3728,,4209,,5217,,5106
87,"leaning_tower_of_pisa",,8,,8,,6,,6,,6,,68,,12,,16,,24,,4,,48,,6,,2087,,2667,,3429,,48,,5333,,6375
88,"hermitage_museum_saint_petersburg",1,0,1,0,,95,,8333,,875,,9,,2,,36,,4,,52,,68,,72,,3333,,5294,,563,,6404,,7653,,8
89,"jantar_mantar_jaipur",,6,,7,,8,,8333,,8,,82,,12,,24,,48,,56,,64,,76,,2,,3574,,6,,6699,,7111,,7889
90,"lake_titicaca_peru",,4,,6,,6,,5333,,575,,58,,0833,,2083,,375,,4583,,5833,,7083,,1379,,3093,,4615,,493,,5791,,6378
91,"the_great_wall_of_china",,6,,6,,75,,7667,,8,,76,,12,,2,,4,,44,,52,,6,,2,,3,,5217,,5591,,6303,,6706
92,"grande_arche_paris",1,0,,8,,7,,7333,,65,,68,,16,,24,,28,,32,,4,,52,,2759,,3692,,4,,4456,,4952,,5893
93,"el_angel_mexico",,8,,9,,65,,5667,,55,,44,,1905,,3333,,381,,4286,,5714,,5714,,3077,,4865,,4804,,488,,5605,,4972
94,"bibliotheque_nationale_de_france",,8,,6,,75,,7,,75,,76,,16,,2,,28,,4,,56,,64,,2667,,3,,4078,,5091,,6412,,6949
95,"kronborg_castle",,6,,8,,7,,6333,,725,,78,,125,,2083,,4167,,5,,5,,5833,,2069,,3306,,5224,,5588,,5918,,6675
96,"ajanta_caves",1,0,1,0,,95,,9667,,975,,94,,1818,,3182,,4545,,5455,,5909,,5909,,3077,,4828,,6149,,6974,,7358,,7257
97,"atomium",1,0,,8,,9,,9,,925,,92,,2381,,3333,,4286,,4762,,5238,,619,,3846,,4706,,5806,,6228,,6689,,7401
98,"ellora_caves",1,0,1,0,,95,,9333,,95,,96,,2273,,3182,,3636,,5,,5,,5,,3704,,4828,,526,,6512,,6552,,6575
99,"potala_palace",,8,,9,,9,,9,,8,,8,,2222,,3889,,3889,,4444,,6111,,7222,,3478,,5431,,5431,,595,,6929,,7591
100,"jokhang",1,0,1,0,,85,,8333,,85,,78,,2,,28,,48,,64,,76,,76,,3333,,4375,,6135,,724,,8025,,7699
101,"rila_monastery",,8,,8,,75,,8333,,875,,86,,12,,24,,4,,44,,48,,52,,2087,,3692,,5217,,5759,,6199,,6481
102,"louvre_pyramid",,6,,7,,8,,8333,,85,,86,,1667,,2778,,3889,,5,,5556,,6667,,2609,,3977,,5234,,625,,6719,,7511
103,"brooklyn_bridge",1,0,,8,,9,,8333,,875,,82,,1905,,2857,,4286,,4286,,4762,,619,,32,,4211,,5806,,566,,6167,,7055
104,"tower_of_london",,6,,5,,7,,7,,725,,72,,1304,,1304,,3478,,4348,,6087,,6087,,2143,,2069,,4647,,5364,,6618,,6597
105,"british_museum_london",,8,,9,,95,,9667,,975,,94,,2,,35,,5,,6,,6,,65,,32,,504,,6552,,7404,,7429,,7686
106,"buckingham_palace",,6,,7,,55,,4667,,4,,42,,15,,15,,25,,3,,35,,45,,24,,2471,,3438,,3652,,3733,,4345
107,"charles_bridge_prague",1,0,,9,,9,,7333,,675,,58,,1667,,25,,375,,4167,,5,,5,,2857,,3913,,5294,,5314,,5745,,537
108,"champs_elysees_paris",,6,,8,,7,,6667,,625,,58,,2,,2667,,4,,4667,,6,,7333,,3,,4,,5091,,549,,6122,,6477
109,"chrysler_building",1,0,1,0,,95,,9667,,95,,96,,2857,,5,,6429,,6429,,8571,,9286,,4444,,6667,,7668,,7722,,9012,,944
110,"moma_new_york",,8,,8,,85,,8667,,85,,84,,1053,,1579,,3158,,4211,,4737,,5263,,186,,2637,,4605,,5668,,6083,,6471
111,"grand_central_terminal",,8,,9,,95,,9333,,95,,94,,0952,,1429,,2381,,3333,,4286,,5238,,1702,,2466,,3808,,4912,,5907,,6727
112,"houses_of_parliament",,8,,9,,95,,9667,,925,,92,,1739,,2609,,3913,,4348,,4783,,5652,,2857,,4045,,5543,,5998,,6305,,7002
113,"alexanderplatz_berlin",,6,,5,,55,,6333,,725,,68,,12,,2,,32,,4,,56,,6,,2,,2857,,4046,,4903,,6319,,6375
114,"centre_pompidou",,6,,7,,7,,7,,7,,72,,1111,,2222,,4444,,4444,,5,,6111,,1875,,3373,,5437,,5437,,5833,,6611
115,"sydney_harbour_bridge",1,0,1,0,1,0,1,0,1,0,,98,,1875,,1875,,5,,625,,625,,625,,3158,,3158,,6667,,7692,,7692,,7632
116,"pier_39",1,0,1,0,1,0,,8667,,85,,86,,1429,,3333,,4762,,5238,,5714,,619,,25,,5,,6452,,653,,6834,,7199
117,"coit_tower",,4,,6,,6,,6333,,65,,7,,1333,,2667,,4667,,5333,,5333,,6,,2,,3692,,525,,579,,5859,,6462
118,"st_paul_s_cathedral_london",,8,,8,,9,,8667,,875,,82,,2353,,4118,,5294,,7647,,7647,,8235,,3636,,5437,,6667,,8125,,8161,,8218
119,"cloud_gate",,6,,7,,55,,6,,65,,68,,25,,3333,,4167,,5833,,5833,,5833,,3529,,4516,,4741,,5915,,6149,,628
120,"musee_d_orsay",,8,,9,,9,,9333,,95,,96,,1429,,2857,,4762,,5238,,5714,,619,,2424,,4337,,6228,,671,,7136,,7527
121,"pike_place_market",1,0,,9,,85,,8333,,775,,82,,2381,,2857,,4762,,5238,,619,,619,,3846,,4337,,6104,,6433,,6883,,7055
122,"royal_palace_madrid",,8,,8,,8,,8333,,875,,88,,1364,,2727,,4091,,5,,7273,,7273,,233,,4068,,5414,,625,,7943,,7964
123,"sony_center_berlin",1,0,,8,,9,,9333,,925,,9,,1905,,2381,,381,,4762,,4762,,4762,,32,,367,,5353,,6306,,6287,,6228
124,"red_square_moscow",,4,,6,,6,,6667,,65,,64,,0476,,1429,,3333,,4762,,5238,,5238,,0851,,2308,,4286,,5556,,5801,,5761
125,"prague_castle",1,0,,8,,85,,8,,825,,82,,2,,28,,44,,56,,64,,68,,3333,,4148,,5798,,6588,,7208,,7435
126,"musee_du_louvre",1,0,1,0,1,0,,9667,,975,,96,,12,,24,,48,,6,,76,,76,,2143,,3871,,6486,,7404,,8542,,8484
127,"millennium_bridge_london",,8,,8,,8,,8333,,825,,76,,16,,24,,4,,44,,48,,48,,2667,,3692,,5333,,5759,,6069,,5884
128,"casa_mila",1,0,,9,,95,,9667,,95,,96,,16,,24,,44,,6,,64,,76,,2759,,3789,,6014,,7404,,7648,,8484
129,"national_gallery_london",,8,,7,,7,,6333,,725,,66,,1818,,3182,,4091,,5455,,5909,,5909,,2963,,4375,,5164,,5861,,6511,,6235
130,"national_mall",,8,,9,,95,,9,,875,,8,,12,,28,,44,,6,,8,,8,,2087,,4271,,6014,,72,,8358,,8
131,"london_city_hall",1,0,,9,,95,,9,,9,,78,,25,,35,,45,,5,,75,,8,,4,,504,,6107,,6429,,8182,,7899
132,"holocaust_memorial",,4,,5,,6,,6,,6,,52,,125,,25,,4375,,5625,,75,,75,,1905,,3333,,506,,5806,,6667,,6142
133,"columbus_circle",,6,,6,,65,,5667,,55,,5,,08,,2,,36,,48,,56,,64,,1412,,3,,4634,,5197,,555,,5614
134,"siegessaeule",,6,,6,,8,,7,,625,,5,,12,,2,,44,,56,,64,,64,,2,,3,,5677,,6222,,6324,,5614
135,"jardin_du_luxembourg",,8,,9,,95,,9667,,95,,92,,12,,28,,52,,68,,76,,84,,2087,,4271,,6721,,7984,,8444,,8782
136,"merlion_singapore",,2,,2,,15,,2667,,375,,48,,0455,,0909,,1364,,2727,,4545,,5909,,0741,,125,,1429,,2697,,411,,5297
137,"harrods_london",,8,,8,,9,,8,,85,,84,,16,,28,,52,,56,,64,,68,,2667,,4148,,6592,,6588,,7302,,7516
138,"metropolitan_museum_of_art_new_york",1,0,1,0,,9,,9333,,95,,96,,16,,28,,4,,52,,68,,72,,2759,,4375,,5538,,6679,,7926,,8229
139,"new_york_stock_exchange",,4,,4,,7,,6333,,55,,56,,1,,2,,35,,4,,45,,6,,16,,2667,,4667,,4903,,495,,5793
140,"stephansdom_vienna",1,0,1,0,1,0,1,0,1,0,,98,,2,,32,,56,,64,,72,,76,,3333,,4848,,7179,,7805,,8372,,8561
141,"hms_belfast",,6,,8,,9,,9,,925,,94,,12,,24,,32,,44,,6,,76,,2,,3692,,4721,,591,,7279,,8405
142,"leicester_square",,6,,8,,85,,8,,75,,7,,12,,24,,32,,44,,44,,52,,2,,3692,,465,,5677,,5546,,5967
143,"ciudad_de_las_artes_y_las_ciencias",1,0,1,0,,95,,9333,,925,,94,,2,,32,,44,,52,,6,,72,,3333,,4848,,6014,,6679,,7279,,8154
144,"topkapi_palace",1,0,1,0,1,0,,9333,,95,,96,,2,,32,,44,,48,,72,,84,,3333,,4848,,6111,,634,,8192,,896
145,"royal_albert_hall",1,0,,7,,75,,7667,,675,,6,,16,,24,,36,,4,,48,,52,,2759,,3574,,4865,,5257,,561,,5571
146,"st_vitus_cathedral",1,0,1,0,1,0,1,0,,925,,94,,12,,32,,4,,52,,68,,76,,2143,,4848,,5714,,6842,,7838,,8405
147,"castello_sforzesco",1,0,1,0,,85,,8667,,875,,88,,2,,32,,4,,44,,48,,52,,3333,,4848,,544,,5837,,6199,,6537
148,"rijksmuseum_amsterdam",1,0,1,0,1,0,1,0,,975,,96,,16,,24,,28,,44,,48,,64,,2759,,3871,,4375,,6111,,6433,,768
149,"dam_square",1,0,,8,,75,,7333,,7,,62,,2,,32,,48,,48,,6,,6,,3333,,4571,,5854,,5802,,6462,,6098
150,"rathaus_vienna",,6,,6,,8,,7,,65,,6,,12,,24,,24,,36,,44,,52,,2,,3429,,3692,,4755,,5248,,5571
151,"bath_abbey",,8,,9,,95,,9667,,975,,98,,16,,32,,56,,6,,64,,72,,2667,,4721,,7046,,7404,,7728,,8301
152,"salisbury_cathedral",1,0,,9,,95,,9667,,975,,96,,2,,28,,36,,44,,48,,56,,3333,,4271,,5221,,6047,,6433,,7074
153,"templo_de_debod",,2,,2,,25,,3667,,45,,46,,0455,,0909,,1818,,2727,,4091,,5,,0741,,125,,2105,,3128,,4286,,4792
154,"Niagara_Falls",,4,,6,,65,,6333,,625,,68,,0909,,2273,,4091,,5,,5455,,6364,,1481,,3297,,5021,,5588,,5825,,6575
155,"Golden_Gate_Bridge_in_San_Francisco",,8,,9,,95,,9667,,975,,98,,1364,,3182,,3636,,5,,5909,,6818,,233,,4701,,526,,6591,,7358,,8042
156,"Neuschwanstein_Castle",,8,,9,,95,,9667,,925,,94,,16,,28,,56,,56,,64,,76,,2667,,4271,,7046,,7092,,7565,,8405
157,"Christ_Church_Cathedral_Missouri",1,0,,9,,9,,9333,,925,,76,,2,,28,,52,,6,,68,,68,,3333,,4271,,6592,,7304,,7838,,7178
158,"Mount_Rushmore_in_South_Dakota",1,0,,9,,9,,9333,,95,,9,,16,,24,,32,,4,,52,,56,,2759,,3789,,4721,,56,,6721,,6904
159,"Puerta_de_Toledo",,0,,1,,05,,0333,,025,,02,,0,,5,,5,,5,,5,,5,,0,,1667,,0909,,0625,,0476,,0385
160,"Urquhart_Castle",1,0,1,0,1,0,,8333,,875,,88,,1667,,2917,,4167,,5,,5417,,6667,,2857,,4516,,5882,,625,,6691,,7586
161,"Gare_du_Nord_Paris",,8,,7,,65,,7667,,775,,66,,16,,24,,28,,32,,44,,52,,2667,,3574,,3914,,4515,,5613,,5817
162,"Newgrange_in_Ireland",,4,,6,,6,,5667,,575,,6,,0833,,2083,,375,,375,,4583,,5,,1379,,3093,,4615,,4513,,5101,,5455
163,"Windmills_at_Kinderdijk",,8,,9,,9,,9,,925,,92,,12,,28,,44,,6,,6,,72,,2087,,4271,,591,,72,,7279,,8078
164,"Conciergerie",,6,,8,,9,,9333,,95,,96,,12,,28,,52,,68,,72,,8,,2,,4148,,6592,,7868,,8192,,8727
165,"Palazzo_Madama",,8,,9,,75,,6667,,575,,58,,1364,,3636,,4545,,5455,,5909,,6818,,233,,518,,566,,6,,5828,,6268
166,"Split_Rock_Lighthouse",,8,,7,,85,,8,,825,,8,,16,,28,,36,,44,,48,,52,,2667,,4,,5058,,5677,,6069,,6303
167,"The_Little_Mermaid_Denmark",,8,,9,,9,,8,,7,,56,,2857,,3571,,6429,,7143,,7143,,7143,,4211,,5114,,75,,7547,,7071,,6278
168,"Great_Pyramid_of_Giza",,6,,6,,6,,6,,6,,6,,2,,4,,4667,,6667,,7333,,7333,,3,,48,,525,,6316,,66,,66
169,"Pitti_Palace",,8,,8,,85,,7667,,625,,54,,1818,,3182,,4091,,4545,,4545,,5,,2963,,4553,,5523,,5707,,5263,,5192
170,"Georgia_State_Capitol",,2,,2,,55,,4,,3,,24,,0526,,1053,,2632,,2632,,2632,,2632,,0833,,1379,,356,,3175,,2804,,251
171,"Dome_des_Invalides",1,0,,9,,95,,9333,,95,,96,,2,,28,,36,,4,,44,,6,,3333,,4271,,5221,,56,,6014,,7385
172,"Reggia_di_Caserta",,8,,8,,7,,5667,,625,,62,,16,,24,,4,,48,,6,,6,,2667,,3692,,5091,,5197,,6122,,6098
173,"The_Burj_al_Arab_Hotel",,6,,8,,75,,8,,8,,84,,12,,2,,4,,48,,56,,68,,2,,32,,5217,,6,,6588,,7516
174,"Elephanta_Caves",,8,,6,,8,,8667,,875,,8,,125,,2083,,5,,5833,,7083,,75,,2162,,3093,,6154,,6973,,7829,,7742
175,"Basilica_of_Santa_Croce",1,0,1,0,1,0,1,0,1,0,1,0,,16,,24,,4,,6,,6,,64,,2759,,3871,,5714,,75,,75,,7805
176,"Aachen_Cathedral",,8,,9,,9,,8667,,875,,9,,12,,28,,32,,44,,48,,68,,2087,,4271,,4721,,5837,,6199,,7747
177,"Monument_to_the_Great_Fire_of_London",,2,,4,,5,,5333,,55,,58,,04,,16,,36,,44,,56,,68,,0667,,2286,,4186,,4822,,555,,626
178,"Longmen_Grottoes",,8,,8,,7,,5667,,6,,62,,16,,28,,48,,52,,64,,72,,2667,,4148,,5695,,5423,,6194,,6663
179,"Louisiana_State_Capitol",,2,,3,,4,,3,,25,,34,,04,,08,,24,,28,,28,,52,,0667,,1263,,3,,2897,,2642,,4112
180,"The_Great_Sphinx_at_Giza",,4,,5,,7,,7667,,8,,82,,08,,16,,4,,52,,6,,68,,1333,,2424,,5091,,6197,,6857,,7435
181,"Teatro_Real_Madrid",,8,,8,,9,,7667,,65,,62,,1739,,3043,,6087,,6522,,6522,,7391,,2857,,4409,,7262,,7048,,6511,,6743
182,"Palacio_de_la_Magdalena",,6,,8,,8,,8333,,8,,74,,12,,28,,48,,52,,56,,68,,2,,4148,,6,,6404,,6588,,7087
183,"Sowjetisches_Ehrenmal",,4,,4,,45,,6,,625,,64,,04,,12,,24,,36,,6,,68,,0727,,1846,,313,,45,,6122,,6594
184,"Cathedral_of_Trier",1,0,1,0,1,0,1,0,,925,,92,,16,,24,,36,,6,,72,,88,,2759,,3871,,5294,,75,,8097,,8996
185,"Saint_Mary_of_the_Flower",,2,,2,,15,,2,,4,,46,,04,,08,,08,,16,,36,,44,,0667,,1143,,1043,,1778,,3789,,4498
186,"Skellig_Michael",1,0,,9,,85,,7667,,7,,7,,16,,24,,52,,6,,64,,68,,2759,,3789,,6453,,6732,,6687,,6899
187,"Chicago_Board_of_Trade_Building",,6,,8,,9,,8667,,65,,6,,1364,,3182,,4091,,4545,,4545,,5,,2222,,4553,,5625,,5963,,535,,5455
188,"Pont_de_Normandie_France",,8,,8,,9,,9333,,825,,76,,2105,,3684,,5789,,6316,,7368,,7895,,3333,,5045,,7046,,7534,,7784,,7745
189,"Palazzo_Rosso",,2,,1,,1,,0667,,15,,12,,0417,,0417,,0833,,0833,,2083,,2083,,069,,0588,,0909,,0741,,1744,,1523
190,"Piazza_Vittorio_Veneto",,4,,3,,55,,3667,,4,,42,,0625,,125,,5,,5,,6875,,8125,,1081,,1765,,5238,,4231,,5057,,5538
191,"Sforza_Castle",1,0,1,0,,95,,9667,,975,,94,,16,,28,,44,,64,,72,,76,,2759,,4375,,6014,,7701,,8283,,8405
192,"Torres_KIO",1,0,1,0,,95,,9333,,85,,82,,16,,2,,32,,48,,56,,64,,2759,,3333,,4787,,634,,6752,,7189
193,"Torre_Picasso",1,0,1,0,1,0,,7,,7,,72,,1667,,2917,,5,,5417,,5833,,6667,,2857,,4516,,6667,,6107,,6364,,6923
194,"The_Palace_of_Parliament_in_Bucharest",,8,,8,,9,,9,,925,,86,,12,,24,,28,,44,,52,,6,,2087,,3692,,4271,,591,,6657,,7068
195,"Ernest_Hemingway_House",,6,,6,,75,,8333,,775,,76,,12,,24,,44,,52,,6,,64,,2,,3429,,5546,,6404,,6764,,6949
196,"Castel_dellOvo_Napoli",1,0,,9,,8,,8667,,825,,82,,2,,28,,48,,68,,76,,76,,3333,,4271,,6,,7621,,7912,,7889
197,"Villa_Borghese_gardens",1,0,1,0,1,0,1,0,,975,,98,,2,,28,,44,,64,,64,,8,,3333,,4375,,6111,,7805,,7728,,8809
198,"Saint_Marks_Basilica",1,0,1,0,1,0,1,0,1,0,,9,,08,,24,,28,,32,,36,,48,,1481,,3871,,4375,,4848,,5294,,6261
199,"Mausoleum_of_the_First_Qin_Emperor",,8,,9,,9,,7667,,8,,8,,16,,28,,52,,52,,6,,68,,2667,,4271,,6592,,6197,,6857,,7351
200,"Mausoleum_of_Hadrian",,8,,9,,8,,8,,625,,52,,1667,,3889,,4444,,6667,,6667,,6667,,2759,,5431,,5714,,7273,,6452,,5843
201,"Piazza_de_Ferrari",1,0,1,0,1,0,,9667,,95,,92,,2105,,3158,,4737,,5789,,5789,,5789,,3478,,48,,6429,,7242,,7194,,7107
202,"George_Washington_Carver",,6,,5,,75,,6667,,6,,62,,1875,,1875,,5,,5625,,625,,625,,2857,,2727,,6,,6102,,6122,,6225
203,"Cathedral_of_Santiago_de_Compostela",,8,,8,,8,,8333,,825,,82,,1765,,2941,,5294,,6471,,7647,,8235,,2892,,4301,,6372,,7285,,7937,,8218
204,"Saint-Jacques_Tower",1,0,,9,,85,,8333,,825,,78,,3846,,6154,,6923,,6923,,6923,,6923,,5556,,731,,7631,,7563,,7529,,7335
205,"Calakmul_Campeche_Mexico",,6,,7,,85,,8667,,8,,82,,2143,,2857,,5714,,7143,,7143,,8571,,3158,,4058,,6834,,7831,,7547,,8382
206,"Bran_Castle_in_Transylvania",1,0,,9,,9,,9333,,875,,86,,1579,,2105,,4211,,6842,,7895,,7895,,2727,,3412,,5737,,7896,,83,,8232
207,"Mosteiro_da_Batalha",1,0,1,0,1,0,1,0,1,0,1,0,,2105,,3684,,4737,,6316,,7368,,7368,,3478,,5385,,6429,,7742,,8485,,8485
208,"Wartburg_Castle",1,0,1,0,1,0,,9667,,975,,92,,2,,4,,6,,75,,85,,85,,3333,,5714,,75,,8447,,9082,,8836
209,"Fujian_Tulou_Fujian_China",1,0,1,0,1,0,1,0,1,0,,98,,2778,,3333,,5556,,6111,,7222,,7222,,4348,,5,,7143,,7586,,8387,,8316
210,"Alabama_State_Capitol",,8,,7,,75,,8,,825,,8,,1905,,2857,,619,,8095,,9048,,9048,,3077,,4058,,6783,,8047,,863,,8492
211,"Palazzo_dAccursio",,4,,4,,55,,6333,,625,,62,,1111,,2222,,3333,,3889,,5,,6111,,1739,,2857,,4151,,4819,,5556,,6155
212,"Casa_Grande_Ruins",1,0,,9,,85,,8667,,85,,8,,2353,,2941,,3529,,3529,,4706,,4706,,381,,4433,,4988,,5016,,6058,,5926
213,"Stravinsky_Fountain",,8,,9,,95,,9333,,8,,78,,2,,4,,4,,5333,,5333,,5333,,32,,5538,,563,,6788,,64,,6335
214,"Angel_Falls_Venezuela",,8,,7,,65,,5667,,5,,48,,2353,,4118,,5882,,6471,,7059,,8235,,3636,,5185,,6176,,6042,,5854,,6065
215,"Statue_of_George_IV",,6,,6,,6,,5333,,4,,34,,375,,5,,75,,875,,875,,875,,4615,,5455,,6667,,6627,,549,,4897
216,"Palacio_Barolo",,8,,9,,85,,9,,925,,92,,1765,,2941,,4706,,6471,,7647,,8235,,2892,,4433,,6058,,7529,,8372,,8691
217,"Bridge_of_Remembrance_Christchurch_New_Zealand",,6,,7,,65,,7667,,675,,56,,25,,5,,6667,,9167,,9167,,9167,,3529,,5833,,6582,,835,,7775,,6953
218,"John_A._Roebling_Suspension_Bridge",,0,,3,,35,,3667,,45,,5,,0,,2,,4667,,5333,,6,,7333,,0,,24,,4,,4346,,5143,,5946
219,"Blue_Dome_Santorini",1,0,1,0,,9,,9333,,875,,88,,1875,,3125,,625,,6875,,75,,8125,,3158,,4762,,7377,,7918,,8077,,8449
220,"Fossar_de_les_Moreres",,0,,1,,4,,3667,,3,,26,,0,,0714,,4286,,5714,,5714,,5714,,0,,0833,,4138,,4467,,3934,,3574
221,"Luxor_Obelisk_France",,8,,8,,8,,7333,,775,,82,,1875,,25,,25,,3125,,5,,5625,,3038,,381,,381,,4382,,6078,,6673
222,"Valle_de_los_Caidos",1,0,1,0,,9,,9,,925,,9,,25,,4,,55,,65,,7,,8,,4,,5714,,6828,,7548,,7969,,8471
--------------------
"--","Avg.",P@5,P@10,P@20,P@30,P@40,P@50,CR@5,CR@10,CR@20,CR@30,CR@40,CR@50,F1@5,F1@10,F1@20,F1@30,F1@40,F1@50
,,,7559,,7658,,7766,,7682,,7578,,7459,,1511,,2664,,4139,,5104,,5918,,657,,2489,,3877,,529,,6012,,6506,,6839