--------------------
"Run name","output_runDICEDaviesBouldin"
--------------------
"Average P@20 = ",,7847
"Average CR@20 = ",,4082
"Average F1@20 = ",,5239
--------------------
"Query Id ","Location name",P@5,P@10,P@20,P@30,P@40,P@50,CR@5,CR@10,CR@20,CR@30,CR@40,CR@50,F1@5,F1@10,F1@20,F1@30,F1@40,F1@50
1,"angel_of_the_north",1,0,1,0,1,0,1,0,1,0,1,0,,12,,24,,44,,52,,6,,68,,2143,,3871,,6111,,6842,,75,,8095
2,"big_ben",,6,,6,,8,,8,,8,,8,,1364,,2273,,4091,,5,,5455,,7273,,2222,,3297,,5414,,6154,,6486,,7619
3,"hearst_castle",1,0,,9,,7,,7667,,825,,86,,1667,,2917,,4583,,7083,,75,,7917,,2857,,4406,,554,,7363,,7857,,8244
4,"la_madeleine",,2,,4,,2,,3333,,3,,28,,0714,,2857,,2857,,5714,,5714,,6429,,1053,,3333,,2353,,4211,,3934,,3901
5,"pont_alexandre_iii",1,0,,9,,95,,9667,,95,,92,,16,,24,,36,,56,,6,,76,,2759,,3789,,5221,,7092,,7355,,8324
6,"neues_museum",,0,,0,,25,,5,,625,,7,,0,,0,,16,,36,,52,,6,,0,,0,,1951,,4186,,5677,,6462
7,"montezuma_castle",,8,,7,,8,,7,,725,,7,,1667,,25,,4167,,5,,5833,,6667,,2759,,3684,,5479,,5833,,6465,,6829
8,"cn_tower",,6,,6,,55,,6333,,7,,74,,0833,,1667,,2917,,375,,5833,,625,,1463,,2609,,3812,,4711,,6364,,6777
9,"acropolis_athens",,8,,9,,9,,9333,,9,,86,,1429,,3333,,5238,,5714,,619,,619,,2424,,4865,,6622,,7089,,7335,,7199
10,"agra_fort",,8,,8,,9,,9,,9,,88,,16,,24,,48,,6,,72,,8,,2667,,3692,,6261,,72,,8,,8381
11,"albert_memorial",1,0,1,0,,9,,7,,775,,74,,0909,,2273,,3636,,4545,,5,,5909,,1667,,3704,,518,,5512,,6078,,6571
12,"altes_museum",,8,,7,,8,,7667,,8,,78,,1667,,25,,4167,,4583,,5833,,7083,,2759,,3684,,5479,,5737,,6747,,7424
13,"amiens_cathedral",1,0,1,0,1,0,,9667,,95,,96,,08,,24,,48,,64,,64,,68,,1481,,3871,,6486,,7701,,7648,,7961
14,"angkor_wat",1,0,1,0,,95,,9,,725,,74,,12,,2,,32,,48,,52,,56,,2143,,3333,,4787,,6261,,6056,,6375
15,"ara_pacis",,0,,3,,55,,6667,,6,,64,,0,,1364,,3636,,5909,,6364,,6364,,0,,1875,,4378,,6265,,6176,,6382
16,"arc_de_triomphe",,8,,9,,95,,8667,,8,,82,,1667,,25,,4167,,4583,,5417,,6667,,2759,,3913,,5793,,5996,,646,,7354
17,"aztec_ruins",,4,,3,,35,,3,,325,,34,,08,,12,,24,,28,,32,,4,,1333,,1714,,2847,,2897,,3225,,3676
18,"berlin_cathedral",1,0,,9,,95,,9667,,975,,98,,2,,28,,44,,52,,6,,68,,3333,,4271,,6014,,6762,,7429,,8029
19,"bok_tower_gardens",1,0,,9,,85,,9,,9,,92,,2,,32,,44,,56,,68,,72,,3333,,4721,,5798,,6904,,7747,,8078
20,"brandenburg_gate",1,0,1,0,1,0,1,0,,975,,98,,08,,16,,32,,44,,48,,52,,1481,,2759,,4848,,6111,,6433,,6795
21,"cabrillo",,0,,2,,25,,3,,275,,22,,0,,1538,,3846,,6154,,6154,,6154,,0,,1739,,303,,4034,,3801,,3241
22,"casa_batllo",1,0,1,0,1,0,1,0,1,0,1,0,,2,,4,,52,,6,,68,,76,,3333,,5714,,6842,,75,,8095,,8636
23,"casa_rosada",1,0,1,0,,9,,9333,,925,,92,,2,,4,,44,,68,,72,,76,,3333,,5714,,591,,7868,,8097,,8324
24,"castillo_de_san_marcos",1,0,,8,,5,,6667,,7,,66,,16,,2,,28,,48,,6,,6,,2759,,32,,359,,5581,,6462,,6286
25,"chartres_cathedral",1,0,1,0,,95,,9333,,925,,92,,2,,28,,48,,64,,68,,68,,3333,,4375,,6378,,7593,,7838,,782
26,"chichen_itza",1,0,,8,,85,,8667,,875,,84,,2,,28,,52,,6,,76,,8,,3333,,4148,,6453,,7091,,8135,,8195
27,"christ_the_redeemer_rio",,6,,7,,7,,7667,,7,,66,,1304,,2609,,3478,,4348,,5217,,5217,,2143,,3801,,4647,,5549,,5979,,5828
28,"civic_center_san_francisco",,8,,9,,85,,8,,825,,78,,16,,32,,44,,6,,6,,6,,2667,,4721,,5798,,6857,,6947,,6783
29,"cologne_cathedral",1,0,1,0,,95,,9,,9,,92,,16,,24,,44,,48,,52,,56,,2759,,3871,,6014,,6261,,6592,,6962
30,"colosseum",1,0,1,0,,95,,9667,,975,,96,,16,,32,,44,,48,,56,,68,,2759,,4848,,6014,,6415,,7114,,7961
31,"doge_s_palace",1,0,,8,,8,,7333,,75,,8,,12,,24,,32,,36,,36,,44,,2143,,3692,,4571,,4829,,4865,,5677
32,"eiffel_tower",1,0,1,0,,95,,9,,875,,88,,16,,32,,44,,52,,6,,68,,2759,,4848,,6014,,6592,,7119,,7672
33,"golden_gate_bridge",,6,,7,,8,,7333,,775,,8,,087,,2609,,3478,,3913,,4783,,5217,,1519,,3801,,4848,,5103,,5915,,6316
34,"grand_palais",1,0,,9,,9,,8667,,9,,92,,1364,,1818,,4091,,4545,,5455,,5455,,24,,3025,,5625,,5963,,6792,,6849
35,"guggenheim_museum_bilbao",1,0,1,0,1,0,,9667,,975,,98,,2,,24,,48,,52,,56,,64,,3333,,3871,,6486,,6762,,7114,,7743
36,"hagia_sophia_istanbul",1,0,1,0,,95,,9333,,95,,9,,2,,36,,48,,6,,68,,72,,3333,,5294,,6378,,7304,,7926,,8
37,"hoover_dam",1,0,,9,,8,,8667,,9,,88,,16,,2,,28,,44,,52,,56,,2759,,3273,,4148,,5837,,6592,,6844
38,"humayun_tomb",,6,,8,,8,,8333,,8,,8,,12,,32,,52,,64,,68,,72,,2,,4571,,6303,,724,,7351,,7579
39,"iguazu_falls",,4,,6,,75,,8,,75,,76,,08,,2,,4,,52,,56,,64,,1333,,3,,5217,,6303,,6412,,6949
40,"iolani_palace",,8,,9,,75,,6667,,725,,68,,16,,32,,4,,44,,48,,56,,2667,,4721,,5217,,5301,,5776,,6142
41,"la_mezquita",,6,,8,,85,,8667,,825,,72,,125,,25,,5,,625,,625,,6667,,2069,,381,,6296,,7263,,7112,,6923
42,"la_rambla_barcelona",,8,,8,,85,,9,,925,,9,,16,,24,,36,,44,,44,,56,,2667,,3692,,5058,,591,,5963,,6904
43,"la_sainte_chapelle",1,0,,8,,9,,9333,,925,,94,,2,,24,,48,,6,,68,,72,,3333,,3692,,6261,,7304,,7838,,8154
44,"liberty_memorial",,6,,7,,8,,8667,,85,,86,,12,,28,,4,,64,,68,,68,,2,,4,,5333,,7363,,7556,,7595
45,"lincoln_home",,8,,6,,5,,4667,,525,,54,,2222,,3333,,4444,,6111,,7778,,8333,,3478,,4286,,4706,,5292,,6269,,6553
46,"machu_picchu",,6,,7,,6,,7333,,725,,76,,12,,24,,4,,56,,64,,68,,2,,3574,,48,,6351,,6799,,7178
47,"marble_arch_london",,8,,6,,4,,3,,3,,28,,3333,,3333,,4167,,4167,,5833,,6667,,4706,,4286,,4082,,3488,,3962,,3944
48,"milan_cathedral",1,0,1,0,,85,,8333,,875,,9,,16,,32,,48,,56,,64,,68,,2759,,4848,,6135,,6699,,7393,,7747
49,"mole_antonelliana",,6,,7,,85,,7,,75,,74,,12,,24,,4,,4,,48,,56,,2,,3574,,544,,5091,,5854,,6375
50,"mont_saint_michel",1,0,1,0,,95,,9667,,975,,98,,2,,24,,4,,52,,56,,6,,3333,,3871,,563,,6762,,7114,,7443
51,"moulin_rouge",,2,,4,,4,,4,,325,,26,,125,,375,,625,,875,,875,,875,,1538,,3871,,4878,,549,,474,,4009
52,"nelson_s_column",1,0,,9,,95,,9667,,975,,98,,125,,1667,,3333,,4583,,5417,,5833,,2222,,2812,,4935,,6218,,6964,,7313
53,"notre_dame_de_paris",,8,,9,,9,,9333,,95,,94,,12,,24,,32,,52,,6,,76,,2087,,3789,,4721,,6679,,7355,,8405
54,"obelisco",,2,,1,,3,,3667,,3,,24,,0909,,0909,,3636,,4545,,4545,,4545,,125,,0952,,3288,,4059,,3614,,3141
55,"piccadilly_circus",1,0,,9,,85,,8667,,775,,78,,1739,,2174,,3913,,5217,,5652,,6957,,2963,,3502,,5359,,6514,,6537,,7354
56,"place_de_la_concorde",1,0,1,0,,95,,9667,,975,,98,,16,,24,,44,,56,,72,,72,,2759,,3871,,6014,,7092,,8283,,8301
57,"place_de_la_republique",,2,,3,,25,,2333,,225,,26,,125,,375,,625,,625,,625,,875,,1538,,3333,,3571,,3398,,3309,,4009
58,"place_des_vosges",,6,,6,,7,,7667,,75,,72,,12,,24,,36,,56,,64,,68,,2,,3429,,4755,,6472,,6906,,6994
59,"pont_du_gard",,8,,5,,6,,6,,675,,66,,16,,2,,28,,28,,36,,4,,2667,,2857,,3818,,3818,,4696,,4981
60,"pont_neuf",,6,,8,,85,,7667,,8,,76,,12,,24,,48,,56,,64,,68,,2,,3692,,6135,,6472,,7111,,7178
61,"ponte_vecchio",,6,,8,,85,,7667,,8,,78,,125,,25,,5,,5417,,625,,625,,2069,,381,,6296,,6348,,7018,,694
62,"puerta_de_alcala",,6,,7,,75,,6333,,625,,62,,1579,,2105,,4737,,4737,,6316,,6316,,25,,3237,,5806,,542,,6283,,6257
63,"puerta_del_sol",,4,,6,,35,,3667,,35,,36,,1,,3,,3,,4,,5,,5,,16,,4,,3231,,3826,,4118,,4186
64,"red_fort",1,0,1,0,1,0,,9667,,975,,98,,2,,32,,56,,68,,76,,8,,3333,,4848,,7179,,7984,,8542,,8809
65,"reims_cathedral",1,0,1,0,1,0,1,0,1,0,1,0,,16,,2,,36,,56,,68,,72,,2759,,3333,,5294,,7179,,8095,,8372
66,"rialto_bridge",,6,,7,,6,,5667,,5,,54,,1875,,4375,,5625,,625,,625,,8125,,2857,,5385,,5806,,5944,,5556,,6488
67,"roman_forum_rome",,8,,8,,75,,6333,,725,,72,,16,,32,,48,,52,,6,,68,,2667,,4571,,5854,,5711,,6566,,6994
68,"sacre_coeur",,8,,4,,6,,6,,6,,56,,1667,,1667,,3333,,4583,,5,,5,,2759,,2353,,4286,,5197,,5455,,5283
69,"sagrada_familia",1,0,,9,,95,,9667,,95,,96,,16,,24,,32,,4,,44,,6,,2759,,3789,,4787,,5659,,6014,,7385
70,"santa_maria_novella",,6,,7,,7,,7333,,725,,72,,12,,28,,44,,52,,6,,64,,2,,4,,5404,,6085,,6566,,6776
71,"schonbrunn_palace",1,0,1,0,1,0,1,0,1,0,,98,,16,,24,,4,,52,,56,,6,,2759,,3871,,5714,,6842,,7179,,7443
72,"seville_cathedral",1,0,,8,,85,,9,,925,,94,,2,,24,,48,,52,,6,,64,,3333,,3692,,6135,,6592,,7279,,7615
73,"spanish_steps",,8,,7,,7,,7,,675,,68,,1818,,1818,,3636,,4545,,5909,,6364,,2963,,2887,,4786,,5512,,6302,,6575
74,"st__basil_cathedral",1,0,,9,,85,,8667,,875,,84,,16,,28,,56,,64,,72,,72,,2759,,4271,,6752,,7363,,79,,7754
75,"statue_of_liberty",,8,,9,,9,,8667,,8,,78,,08,,16,,28,,44,,48,,56,,1455,,2717,,4271,,5837,,6,,6519
76,"stonehenge",,8,,6,,4,,3667,,475,,46,,1053,,1579,,2105,,2632,,4211,,5263,,186,,25,,2759,,3064,,4464,,4909
77,"summer_palace_beijing",1,0,1,0,1,0,,9667,,975,,96,,12,,24,,36,,44,,56,,6,,2143,,3871,,5294,,6047,,7114,,7385
78,"sydney_opera_house",1,0,,9,,95,,8,,85,,86,,16,,24,,32,,48,,52,,52,,2759,,3789,,4787,,6,,6453,,6481
79,"teotihuacan",1,0,1,0,,85,,8333,,775,,76,,16,,32,,48,,6,,6,,6,,2759,,4848,,6135,,6977,,6764,,6706
80,"terracotta_army",,8,,8,,6,,6667,,6,,6,,2,,3,,4,,6,,6,,8,,32,,4364,,48,,6316,,6,,6857
81,"the_blue_mosque",,6,,8,,85,,8667,,9,,9,,04,,24,,28,,4,,48,,6,,075,,3692,,4212,,5474,,6261,,72
82,"the_henry_ford",,6,,8,,7,,7333,,775,,8,,12,,24,,4,,6,,68,,72,,2,,3692,,5091,,66,,7244,,7579
83,"taj_mahal",1,0,1,0,1,0,,9333,,925,,92,,16,,2,,4,,56,,64,,68,,2759,,3333,,5714,,7,,7565,,782
84,"tour_montparnasse",,4,,5,,6,,4333,,375,,42,,1,,25,,45,,5,,5,,5,,16,,3333,,5143,,4643,,4286,,4565
85,"tower_bridge_london",1,0,1,0,,8,,6333,,675,,64,,12,,2,,36,,44,,52,,52,,2143,,3333,,4966,,5193,,5874,,5738
86,"trafalgar_square",,6,,7,,5,,5333,,45,,44,,0909,,1818,,1818,,2727,,2727,,3636,,1579,,2887,,2667,,3609,,3396,,3982
87,"leaning_tower_of_pisa",,6,,5,,5,,4333,,425,,46,,12,,2,,28,,32,,4,,44,,2,,2857,,359,,3681,,4121,,4498
88,"hermitage_museum_saint_petersburg",1,0,1,0,,95,,9333,,9,,78,,16,,24,,36,,4,,48,,52,,2759,,3871,,5221,,56,,6261,,624
89,"jantar_mantar_jaipur",1,0,,8,,8,,7333,,8,,84,,16,,24,,4,,6,,68,,72,,2759,,3692,,5333,,66,,7351,,7754
90,"lake_titicaca_peru",,4,,4,,65,,6,,525,,52,,0833,,1667,,4583,,5,,5417,,625,,1379,,2353,,5376,,5455,,5332,,5677
91,"the_great_wall_of_china",,8,,8,,85,,8667,,775,,8,,16,,28,,44,,52,,56,,6,,2667,,4148,,5798,,65,,6502,,6857
92,"grande_arche_paris",,6,,8,,65,,5667,,575,,66,,08,,2,,28,,28,,36,,4,,1412,,32,,3914,,3748,,4428,,4981
93,"el_angel_mexico",1,0,1,0,,85,,6667,,75,,68,,1429,,2381,,4286,,5238,,6667,,7143,,25,,3846,,5698,,5867,,7059,,6967
94,"bibliotheque_nationale_de_france",,6,,6,,75,,7333,,75,,78,,12,,24,,44,,56,,72,,76,,2,,3429,,5546,,6351,,7347,,7699
95,"kronborg_castle",,8,,8,,75,,8333,,825,,82,,1667,,25,,4583,,5,,5417,,625,,2759,,381,,569,,625,,654,,7093
96,"ajanta_caves",1,0,1,0,,9,,9333,,95,,94,,2273,,4545,,5909,,6364,,6818,,6818,,3704,,625,,7134,,7568,,7939,,7904
97,"atomium",1,0,,8,,8,,8333,,875,,9,,0952,,2381,,3333,,4286,,5238,,5714,,1739,,367,,4706,,566,,6553,,699
98,"ellora_caves",1,0,1,0,1,0,,9333,,95,,96,,1818,,3182,,3636,,4545,,5,,5,,3077,,4828,,5333,,6114,,6552,,6575
99,"potala_palace",1,0,,7,,8,,7667,,75,,74,,2222,,3333,,3889,,5,,6111,,6667,,3636,,4516,,5234,,6053,,6735,,7014
100,"jokhang",,8,,8,,8,,8333,,825,,84,,08,,2,,32,,52,,56,,68,,1455,,32,,4571,,6404,,6671,,7516
101,"rila_monastery",,6,,6,,8,,8,,85,,88,,08,,16,,32,,36,,4,,44,,1412,,2526,,4571,,4966,,544,,5867
102,"louvre_pyramid",1,0,1,0,,9,,9333,,95,,92,,1667,,2222,,3333,,3889,,5,,5556,,2857,,3636,,4865,,549,,6552,,6928
103,"brooklyn_bridge",1,0,,9,,85,,9,,9,,84,,1429,,1905,,3333,,4762,,4762,,5714,,25,,3144,,4789,,6228,,6228,,6802
104,"tower_of_london",,6,,7,,7,,6667,,625,,7,,1304,,2174,,3043,,3913,,3913,,5217,,2143,,3318,,4242,,4932,,4813,,5979
105,"british_museum_london",1,0,1,0,1,0,,9667,,975,,96,,25,,3,,35,,55,,55,,55,,4,,4615,,5185,,7011,,7033,,6993
106,"buckingham_palace",,4,,4,,25,,3,,35,,32,,1,,1,,1,,25,,4,,4,,16,,16,,1429,,2727,,3733,,3556
107,"charles_bridge_prague",,8,,7,,5,,4,,475,,44,,1667,,25,,375,,375,,4167,,4167,,2759,,3684,,4286,,3871,,4439,,428
108,"champs_elysees_paris",,4,,6,,6,,6,,6,,64,,0667,,2,,2667,,4,,5333,,5333,,1143,,3,,3692,,48,,5647,,5818
109,"chrysler_building",1,0,1,0,,95,,9333,,95,,94,,2857,,4286,,6429,,7857,,8571,,8571,,4444,,6,,7668,,8532,,9012,,8967
110,"moma_new_york",,8,,9,,85,,8333,,8,,78,,1579,,3158,,3684,,3684,,5789,,5789,,2637,,4675,,514,,5109,,6718,,6646
111,"grand_central_terminal",1,0,1,0,,95,,9667,,975,,98,,1429,,2857,,381,,4762,,4762,,4762,,25,,4444,,5438,,6381,,6399,,6409
112,"houses_of_parliament",1,0,,8,,85,,8333,,825,,84,,1739,,2609,,4348,,4348,,4348,,4348,,2963,,3934,,5753,,5714,,5695,,573
113,"alexanderplatz_berlin",,8,,9,,9,,7667,,775,,76,,16,,32,,44,,48,,52,,56,,2667,,4721,,591,,5904,,6224,,6448
114,"centre_pompidou",1,0,1,0,,75,,7667,,7,,68,,2778,,3333,,3333,,4444,,6111,,6667,,4348,,5,,4615,,5627,,6525,,6733
115,"sydney_harbour_bridge",1,0,1,0,1,0,1,0,1,0,1,0,,1875,,3125,,5,,5625,,5625,,5625,,3158,,4762,,6667,,72,,72,,72
116,"pier_39",1,0,,9,,9,,8667,,8,,84,,2381,,381,,4762,,5238,,5714,,6667,,3846,,5353,,6228,,653,,6667,,7434
117,"coit_tower",,4,,6,,7,,7667,,725,,7,,1333,,4,,4667,,5333,,5333,,6,,2,,48,,56,,6291,,6146,,6462
118,"st_paul_s_cathedral_london",1,0,1,0,,9,,8667,,875,,86,,2353,,3529,,4706,,5294,,7059,,8235,,381,,5217,,618,,6573,,7814,,8414
119,"cloud_gate",,8,,9,,8,,6667,,7,,7,,25,,3333,,4167,,5,,5,,6667,,381,,4865,,5479,,5714,,5833,,6829
120,"musee_d_orsay",1,0,,9,,95,,9333,,9,,92,,1429,,2381,,4762,,619,,619,,6667,,25,,3766,,6344,,7444,,7335,,7731
121,"pike_place_market",1,0,1,0,,9,,8667,,9,,84,,1905,,2857,,4762,,5238,,5238,,5238,,32,,4444,,6228,,653,,6622,,6453
122,"royal_palace_madrid",1,0,,9,,95,,9,,875,,86,,2273,,3636,,5455,,5909,,6364,,7273,,3704,,518,,693,,7134,,7368,,7881
123,"sony_center_berlin",1,0,,7,,85,,9,,9,,92,,0952,,1429,,3333,,381,,4762,,5238,,1739,,2373,,4789,,5353,,6228,,6675
124,"red_square_moscow",,8,,5,,7,,7,,675,,66,,1905,,2381,,4286,,4762,,619,,6667,,3077,,3226,,5316,,5668,,6458,,6633
125,"prague_castle",,8,,9,,95,,9333,,875,,84,,12,,24,,4,,6,,64,,64,,2087,,3789,,563,,7304,,7393,,7265
126,"musee_du_louvre",1,0,1,0,1,0,1,0,1,0,1,0,,16,,28,,4,,52,,52,,6,,2759,,4375,,5714,,6842,,6842,,75
127,"millennium_bridge_london",,8,,9,,8,,8667,,75,,76,,16,,24,,36,,52,,52,,52,,2667,,3789,,4966,,65,,6142,,6175
128,"casa_mila",1,0,,9,,95,,9333,,95,,94,,2,,28,,48,,52,,56,,64,,3333,,4271,,6378,,6679,,7046,,7615
129,"national_gallery_london",,6,,8,,75,,7667,,7,,7,,1364,,2727,,4545,,5,,5455,,5455,,2222,,4068,,566,,6053,,6131,,6131
130,"national_mall",,8,,8,,85,,8,,775,,78,,16,,32,,52,,68,,76,,8,,2667,,4571,,6453,,7351,,7674,,7899
131,"london_city_hall",,4,,7,,75,,7667,,75,,74,,1,,3,,5,,65,,7,,7,,16,,42,,6,,7035,,7241,,7194
132,"holocaust_memorial",,4,,5,,65,,5333,,575,,54,,125,,3125,,5,,5,,625,,6875,,1905,,3846,,5652,,5161,,599,,6049
133,"columbus_circle",,8,,6,,75,,7,,675,,62,,16,,24,,52,,6,,72,,72,,2667,,3429,,6142,,6462,,6968,,6663
134,"siegessaeule",1,0,1,0,,95,,9667,,775,,68,,2,,32,,48,,68,,68,,72,,3333,,4848,,6378,,7984,,7244,,6994
135,"jardin_du_luxembourg",1,0,1,0,1,0,1,0,,95,,96,,2,,32,,48,,64,,72,,8,,3333,,4848,,6486,,7805,,8192,,8727
136,"merlion_singapore",,6,,5,,55,,5,,45,,4,,1364,,2273,,3182,,3182,,4091,,4545,,2222,,3125,,4031,,3889,,4286,,4255
137,"harrods_london",1,0,1,0,1,0,,9333,,85,,84,,16,,24,,48,,56,,56,,56,,2759,,3871,,6486,,7,,6752,,672
138,"metropolitan_museum_of_art_new_york",1,0,1,0,1,0,1,0,1,0,1,0,,16,,28,,4,,48,,56,,56,,2759,,4375,,5714,,6486,,7179,,7179
139,"new_york_stock_exchange",,6,,7,,7,,6,,5,,46,,15,,3,,5,,55,,55,,6,,24,,42,,5833,,5739,,5238,,5208
140,"stephansdom_vienna",1,0,1,0,1,0,1,0,1,0,1,0,,16,,28,,52,,52,,56,,64,,2759,,4375,,6842,,6842,,7179,,7805
141,"hms_belfast",1,0,,9,,95,,9667,,975,,98,,2,,28,,44,,56,,56,,64,,3333,,4271,,6014,,7092,,7114,,7743
142,"leicester_square",,6,,7,,85,,7,,725,,76,,12,,16,,2,,32,,4,,48,,2,,2605,,3238,,4392,,5156,,5884
143,"ciudad_de_las_artes_y_las_ciencias",1,0,1,0,,95,,9333,,95,,94,,16,,24,,44,,48,,52,,6,,2759,,3871,,6014,,634,,6721,,7325
144,"topkapi_palace",1,0,1,0,1,0,,9667,,95,,92,,2,,32,,48,,64,,72,,76,,3333,,4848,,6486,,7701,,8192,,8324
145,"royal_albert_hall",,6,,5,,5,,5,,6,,68,,12,,12,,16,,28,,48,,48,,2,,1935,,2424,,359,,5333,,5628
146,"st_vitus_cathedral",1,0,1,0,1,0,1,0,,95,,96,,16,,28,,48,,52,,6,,64,,2759,,4375,,6486,,6842,,7355,,768
147,"castello_sforzesco",,8,,8,,9,,9333,,9,,92,,12,,24,,36,,44,,6,,6,,2087,,3692,,5143,,5981,,72,,7263
148,"rijksmuseum_amsterdam",1,0,1,0,1,0,1,0,1,0,1,0,,12,,16,,28,,44,,56,,76,,2143,,2759,,4375,,6111,,7179,,8636
149,"dam_square",,4,,6,,5,,5,,55,,62,,08,,24,,36,,44,,56,,56,,1333,,3429,,4186,,4681,,555,,5885
150,"rathaus_vienna",,8,,9,,95,,8667,,85,,7,,16,,2,,2,,2,,32,,36,,2667,,3273,,3304,,325,,465,,4755
151,"bath_abbey",,8,,8,,9,,9333,,95,,94,,08,,2,,44,,52,,56,,68,,1455,,32,,591,,6679,,7046,,7891
152,"salisbury_cathedral",1,0,1,0,1,0,1,0,,95,,92,,2,,28,,36,,44,,48,,52,,3333,,4375,,5294,,6111,,6378,,6644
153,"templo_de_debod",,6,,6,,6,,5,,575,,54,,1364,,2727,,3182,,4091,,5,,5455,,2222,,375,,4158,,45,,5349,,5427
154,"Niagara_Falls",,8,,7,,65,,7,,625,,66,,1364,,2727,,3636,,5,,5909,,6818,,233,,3925,,4664,,5833,,6075,,6707
155,"Golden_Gate_Bridge_in_San_Francisco",1,0,1,0,,95,,9667,,975,,98,,1818,,2727,,4091,,6818,,8182,,8182,,3077,,4286,,5719,,7996,,8897,,8918
156,"Neuschwanstein_Castle",1,0,1,0,1,0,1,0,,975,,98,,16,,24,,4,,64,,68,,68,,2759,,3871,,5714,,7805,,8012,,8029
157,"Christ_Church_Cathedral_Missouri",1,0,1,0,1,0,1,0,,85,,76,,16,,32,,44,,48,,52,,52,,2759,,4848,,6111,,6486,,6453,,6175
158,"Mount_Rushmore_in_South_Dakota",,8,,8,,9,,9333,,95,,96,,12,,16,,28,,4,,52,,64,,2087,,2667,,4271,,56,,6721,,768
159,"Puerta_de_Toledo",,4,,3,,15,,1,,075,,06,1,0,1,0,1,0,1,0,1,0,1,0,,5714,,4615,,2609,,1818,,1395,,1132
160,"Urquhart_Castle",1,0,,8,,85,,8333,,875,,88,,2083,,2917,,4583,,5833,,6667,,6667,,3448,,4275,,5955,,6863,,7568,,7586
161,"Gare_du_Nord_Paris",,8,,7,,75,,6333,,6,,68,,16,,24,,28,,28,,32,,48,,2667,,3574,,4078,,3883,,4174,,5628
162,"Newgrange_in_Ireland",,6,,7,,7,,6,,625,,7,,125,,25,,2917,,4167,,4583,,5417,,2069,,3684,,4118,,4918,,5288,,6107
163,"Windmills_at_Kinderdijk",,8,,9,,8,,8333,,875,,88,,16,,24,,32,,56,,64,,64,,2667,,3789,,4571,,6699,,7393,,7411
164,"Conciergerie",1,0,1,0,1,0,,9333,,95,,96,,2,,32,,4,,48,,6,,68,,3333,,4848,,5714,,634,,7355,,7961
165,"Palazzo_Madama",,6,,5,,55,,6333,,625,,6,,1364,,2273,,4091,,5909,,5909,,6818,,2222,,3125,,4692,,6114,,6075,,6383
166,"Split_Rock_Lighthouse",1,0,1,0,,9,,8333,,875,,86,,16,,24,,32,,44,,48,,56,,2759,,3871,,4721,,5759,,6199,,6783
167,"The_Little_Mermaid_Denmark",1,0,1,0,1,0,,8,,725,,58,,2143,,4286,,7143,,7857,,7857,,7857,,3529,,6,,8333,,7928,,7541,,6674
168,"Great_Pyramid_of_Giza",,2,,4,,6,,6333,,6,,58,,0667,,2667,,4667,,6,,6,,6667,,1,,32,,525,,6162,,6,,6203
169,"Pitti_Palace",,8,,8,,75,,7,,65,,62,,1364,,2727,,3636,,4091,,4545,,5,,233,,4068,,4898,,5164,,535,,5536
170,"Georgia_State_Capitol",,4,,5,,45,,5,,475,,38,,0526,,1579,,2105,,2632,,2632,,2632,,093,,24,,2869,,3448,,3387,,311
171,"Dome_des_Invalides",1,0,1,0,1,0,1,0,1,0,,98,,2,,36,,48,,56,,6,,6,,3333,,5294,,6486,,7179,,75,,7443
172,"Reggia_di_Caserta",,8,,9,,8,,7667,,75,,76,,16,,24,,4,,48,,6,,6,,2667,,3789,,5333,,5904,,6667,,6706
173,"The_Burj_al_Arab_Hotel",,8,,8,,9,,8333,,8,,84,,12,,24,,4,,52,,56,,68,,2087,,3692,,5538,,6404,,6588,,7516
174,"Elephanta_Caves",1,0,1,0,1,0,1,0,,9,,88,,125,,2083,,4167,,5,,5,,5417,,2222,,3448,,5882,,6667,,6429,,6706
175,"Basilica_of_Santa_Croce",1,0,1,0,1,0,1,0,1,0,1,0,,2,,28,,32,,4,,64,,64,,3333,,4375,,4848,,5714,,7805,,7805
176,"Aachen_Cathedral",,8,,9,,9,,8333,,875,,9,,16,,2,,36,,44,,56,,56,,2667,,3273,,5143,,5759,,6829,,6904
177,"Monument_to_the_Great_Fire_of_London",,2,,4,,35,,5,,575,,58,,04,,16,,2,,36,,48,,6,,0667,,2286,,2545,,4186,,5232,,5898
178,"Longmen_Grottoes",,6,,7,,5,,6,,6,,62,,12,,28,,32,,48,,56,,64,,2,,4,,3902,,5333,,5793,,6298
179,"Louisiana_State_Capitol",,2,,4,,35,,3,,4,,42,,04,,16,,24,,28,,48,,6,,0667,,2286,,2847,,2897,,4364,,4941
180,"The_Great_Sphinx_at_Giza",1,0,1,0,,95,,9,,85,,88,,16,,32,,4,,48,,52,,56,,2759,,4848,,563,,6261,,6453,,6844
181,"Teatro_Real_Madrid",,8,,8,,8,,8,,775,,78,,1739,,3043,,5217,,6087,,6957,,7826,,2857,,4409,,6316,,6914,,7332,,7813
182,"Palacio_de_la_Magdalena",1,0,,9,,8,,7,,675,,64,,16,,28,,4,,48,,56,,6,,2759,,4271,,5333,,5695,,6121,,6194
183,"Sowjetisches_Ehrenmal",,4,,5,,5,,6667,,7,,7,,08,,2,,32,,52,,68,,76,,1333,,2857,,3902,,5843,,6899,,7288
184,"Cathedral_of_Trier",,6,,8,,9,,9333,,95,,9,,12,,24,,56,,72,,8,,88,,2,,3692,,6904,,8129,,8686,,8899
185,"Saint_Mary_of_the_Flower",,4,,3,,3,,3,,425,,42,,04,,08,,2,,32,,48,,52,,0727,,1263,,24,,3097,,4508,,4647
186,"Skellig_Michael",,6,,8,,8,,7333,,7,,7,,08,,28,,44,,48,,52,,56,,1412,,4148,,5677,,5802,,5967,,6222
187,"Chicago_Board_of_Trade_Building",1,0,1,0,1,0,1,0,,95,,92,,1818,,3182,,4545,,6364,,6364,,7727,,3077,,4828,,625,,7778,,7622,,84
188,"Pont_de_Normandie_France",,8,,9,,7,,6333,,675,,68,,2105,,3684,,5263,,7368,,7895,,7895,,3333,,5228,,6009,,6812,,7278,,7307
189,"Palazzo_Rosso",,2,,1,,1,,1,,1,,1,,0417,,0417,,0833,,125,,125,,1667,,069,,0588,,0909,,1111,,1111,,125
190,"Piazza_Vittorio_Veneto",1,0,,8,,5,,4,,5,,46,,25,,375,,4375,,5,,8125,,875,,4,,5106,,4667,,4444,,619,,603
191,"Sforza_Castle",1,0,1,0,1,0,,9667,,975,,96,,16,,28,,52,,56,,68,,72,,2759,,4375,,6842,,7092,,8012,,8229
192,"Torres_KIO",1,0,1,0,1,0,,9333,,9,,9,,2,,28,,4,,48,,56,,56,,3333,,4375,,5714,,634,,6904,,6904
193,"Torre_Picasso",1,0,1,0,,85,,6667,,725,,76,,2083,,375,,5417,,5833,,5833,,625,,3448,,5455,,6617,,6222,,6465,,6859
194,"The_Palace_of_Parliament_in_Bucharest",,8,,9,,95,,8667,,825,,86,,12,,28,,44,,56,,64,,76,,2087,,4271,,6014,,6804,,7208,,8069
195,"Ernest_Hemingway_House",,4,,7,,7,,6667,,725,,76,,08,,24,,4,,52,,64,,68,,1333,,3574,,5091,,5843,,6799,,7178
196,"Castel_dellOvo_Napoli",,6,,8,,9,,8667,,8,,78,,08,,28,,48,,6,,68,,72,,1412,,4148,,6261,,7091,,7351,,7488
197,"Villa_Borghese_gardens",1,0,,9,,95,,9667,,975,,98,,2,,24,,44,,64,,84,,88,,3333,,3789,,6014,,7701,,9025,,9273
198,"Saint_Marks_Basilica",,8,,9,,95,,9333,,925,,92,,08,,12,,36,,4,,48,,52,,1455,,2118,,5221,,56,,632,,6644
199,"Mausoleum_of_the_First_Qin_Emperor",,8,,9,,75,,8,,775,,8,,12,,24,,36,,52,,56,,68,,2087,,3789,,4865,,6303,,6502,,7351
200,"Mausoleum_of_Hadrian",,6,,5,,5,,4667,,475,,52,,0556,,1111,,2778,,4444,,4444,,5,,1017,,1818,,3571,,4553,,4592,,5098
201,"Piazza_de_Ferrari",1,0,1,0,1,0,,9667,,875,,88,,2105,,2632,,4737,,5263,,6316,,6842,,3478,,4167,,6429,,6816,,7336,,7699
202,"George_Washington_Carver",,4,,5,,7,,8,,675,,72,,0625,,125,,3125,,5,,5,,5625,,1081,,2,,4321,,6154,,5745,,6316
203,"Cathedral_of_Santiago_de_Compostela",1,0,,8,,9,,9,,9,,86,,1765,,2941,,5882,,5882,,7647,,8824,,3,,4301,,7115,,7115,,8269,,871
204,"Saint-Jacques_Tower",,8,,9,,95,,9333,,825,,82,,1538,,3077,,4615,,4615,,5385,,6923,,2581,,4586,,6213,,6176,,6516,,7508
205,"Calakmul_Campeche_Mexico",,8,,8,,9,,8667,,875,,88,,2143,,2857,,3571,,4286,,5714,,7143,,338,,4211,,5114,,5735,,6914,,7885
206,"Bran_Castle_in_Transylvania",,4,,7,,8,,8,,825,,86,,0526,,2632,,3684,,4211,,5789,,6842,,093,,3825,,5045,,5517,,6804,,7621
207,"Mosteiro_da_Batalha",1,0,1,0,1,0,1,0,1,0,1,0,,2632,,3684,,4737,,5789,,6316,,6842,,4167,,5385,,6429,,7333,,7742,,8125
208,"Wartburg_Castle",,8,,9,,85,,9,,925,,9,,2,,3,,55,,65,,9,,9,,32,,45,,6679,,7548,,9123,,9
209,"Fujian_Tulou_Fujian_China",1,0,1,0,1,0,1,0,1,0,,98,,1111,,3333,,3889,,6111,,6667,,7222,,2,,5,,56,,7586,,8,,8316
210,"Alabama_State_Capitol",,6,,6,,75,,7667,,75,,76,,1429,,2381,,3333,,381,,5714,,7143,,2308,,3409,,4615,,509,,6486,,7364
211,"Palazzo_dAccursio",,6,,5,,5,,5,,5,,58,,1111,,1667,,2778,,2778,,3333,,3889,,1875,,25,,3571,,3571,,4,,4656
212,"Casa_Grande_Ruins",,6,,6,,65,,7333,,725,,74,,1176,,2353,,2941,,3529,,4706,,5294,,1967,,338,,405,,4765,,5707,,6172
213,"Stravinsky_Fountain",1,0,1,0,1,0,,8333,,85,,84,,3333,,4,,4667,,4667,,4667,,5333,,5,,5714,,6364,,5983,,6025,,6524
214,"Angel_Falls_Venezuela",,4,,4,,6,,7,,625,,58,,1176,,2353,,5294,,7059,,7647,,7647,,1818,,2963,,5625,,7029,,6878,,6597
215,"Statue_of_George_IV",,6,,5,,45,,4667,,5,,44,,25,,5,,5,,5,,75,,875,,3529,,5,,4737,,4828,,6,,5856
216,"Palacio_Barolo",1,0,,9,,9,,9333,,875,,88,,2941,,4118,,6471,,7647,,8235,,8824,,4545,,565,,7529,,8406,,8485,,8812
217,"Bridge_of_Remembrance_Christchurch_New_Zealand",,4,,5,,75,,8,,6,,5,,1667,,3333,,6667,,9167,,9167,,9167,,2353,,4,,7059,,8544,,7253,,6471
218,"John_A._Roebling_Suspension_Bridge",,2,,2,,4,,5,,475,,5,,0667,,1333,,4,,6667,,6667,,7333,,1,,16,,4,,5714,,5547,,5946
219,"Blue_Dome_Santorini",1,0,,9,,95,,9667,,925,,94,,3125,,5,,625,,75,,75,,8125,,4762,,6429,,754,,8447,,8284,,8716
220,"Fossar_de_les_Moreres",,2,,4,,4,,2667,,2,,28,,0714,,2857,,5,,5,,5,,5714,,1053,,3333,,4444,,3478,,2857,,3758
221,"Luxor_Obelisk_France",,8,,8,,7,,7333,,775,,78,,1875,,3125,,375,,4375,,5625,,625,,3038,,4494,,4884,,548,,6519,,694
222,"Valle_de_los_Caidos",,8,,8,,9,,9,,925,,92,,2,,3,,5,,65,,75,,8,,32,,4364,,6429,,7548,,8284,,8558
--------------------
"--","Avg.",P@5,P@10,P@20,P@30,P@40,P@50,CR@5,CR@10,CR@20,CR@30,CR@40,CR@50,F1@5,F1@10,F1@20,F1@30,F1@40,F1@50
,,,7784,,7851,,7847,,7734,,7671,,7628,,1525,,2626,,4082,,51,,5818,,6365,,2483,,3835,,5239,,6,,6464,,6776