--------------------
"Run name","output_runJCDXBIndex"
--------------------
"Average P@20 = ",,7966
"Average CR@20 = ",,3803
"Average F1@20 = ",,5041
--------------------
"Query Id ","Location name",P@5,P@10,P@20,P@30,P@40,P@50,CR@5,CR@10,CR@20,CR@30,CR@40,CR@50,F1@5,F1@10,F1@20,F1@30,F1@40,F1@50
1,"angel_of_the_north",1,0,1,0,1,0,1,0,1,0,1,0,,16,,28,,4,,52,,56,,68,,2759,,4375,,5714,,6842,,7179,,8095
2,"big_ben",1,0,1,0,,95,,9333,,925,,92,,2273,,2727,,4091,,4545,,5455,,5909,,3704,,4286,,5719,,6114,,6862,,7196
3,"hearst_castle",1,0,,9,,95,,9333,,825,,84,,2083,,3333,,5833,,7083,,75,,7917,,3448,,4865,,7228,,8054,,7857,,8151
4,"la_madeleine",,0,,1,,15,,2,,3,,36,,0,,0714,,2143,,3571,,5714,,7143,,0,,0833,,1765,,2564,,3934,,4787
5,"pont_alexandre_iii",1,0,1,0,1,0,1,0,,975,,94,,2,,28,,4,,56,,64,,8,,3333,,4375,,5714,,7179,,7728,,8644
6,"neues_museum",,2,,1,,25,,5,,625,,7,,04,,04,,12,,36,,6,,68,,0667,,0571,,1622,,4186,,6122,,6899
7,"montezuma_castle",1,0,,7,,6,,6333,,55,,56,,3333,,4167,,5,,5833,,5833,,6667,,5,,5224,,5455,,6073,,5662,,6087
8,"cn_tower",,4,,6,,55,,6667,,7,,72,,0833,,1667,,2917,,4167,,5833,,625,,1379,,2609,,3812,,5128,,6364,,6691
9,"acropolis_athens",,6,,7,,85,,8667,,9,,88,,0476,,1905,,4286,,4762,,5238,,5714,,0882,,2995,,5698,,6147,,6622,,6929
10,"agra_fort",1,0,,9,,9,,9,,9,,88,,16,,32,,48,,56,,76,,76,,2759,,4721,,6261,,6904,,8241,,8156
11,"albert_memorial",,6,,8,,8,,8333,,75,,74,,0909,,1364,,2727,,3636,,4545,,5,,1579,,233,,4068,,5063,,566,,5968
12,"altes_museum",,8,,8,,55,,6,,675,,72,,1667,,25,,375,,5833,,7083,,75,,2759,,381,,4459,,5915,,6913,,7347
13,"amiens_cathedral",1,0,1,0,1,0,,9667,,9,,92,,16,,32,,56,,64,,72,,84,,2759,,4848,,7179,,7701,,8,,8782
14,"angkor_wat",1,0,,8,,75,,8333,,875,,88,,16,,24,,4,,6,,72,,76,,2759,,3692,,5217,,6977,,79,,8156
15,"ara_pacis",1,0,,9,,65,,7,,6,,66,,2273,,3636,,4545,,6818,,6818,,6818,,3704,,518,,535,,6908,,6383,,6707
16,"arc_de_triomphe",,8,,9,,75,,7667,,7,,7,,125,,25,,375,,5,,5417,,625,,2162,,3913,,5,,6053,,6107,,6604
17,"aztec_ruins",,0,,0,,25,,2,,25,,36,,0,,0,,2,,2,,32,,52,,0,,0,,2222,,2,,2807,,4255
18,"berlin_cathedral",1,0,1,0,,95,,9667,,975,,94,,16,,32,,44,,56,,64,,64,,2759,,4848,,6014,,7092,,7728,,7615
19,"bok_tower_gardens",1,0,,7,,85,,8667,,9,,9,,2,,24,,4,,56,,56,,64,,3333,,3574,,544,,6804,,6904,,7481
20,"brandenburg_gate",1,0,1,0,,95,,9667,,975,,9,,16,,16,,36,,44,,56,,6,,2759,,2759,,5221,,6047,,7114,,72
21,"cabrillo",,0,,3,,25,,1667,,175,,16,,0,,2308,,3077,,3077,,4615,,5385,,0,,2609,,2759,,2162,,2538,,2467
22,"casa_batllo",1,0,1,0,1,0,1,0,1,0,1,0,,16,,28,,4,,6,,68,,76,,2759,,4375,,5714,,75,,8095,,8636
23,"casa_rosada",,8,,7,,85,,9,,925,,94,,12,,12,,24,,52,,64,,68,,2087,,2049,,3743,,6592,,7565,,7891
24,"castillo_de_san_marcos",1,0,,8,,7,,6333,,65,,72,,2,,28,,32,,4,,48,,6,,3333,,4148,,4392,,4903,,5522,,6545
25,"chartres_cathedral",1,0,1,0,1,0,1,0,,975,,94,,16,,2,,44,,68,,72,,76,,2759,,3333,,6111,,8095,,8283,,8405
26,"chichen_itza",1,0,,9,,85,,9,,925,,92,,16,,28,,44,,52,,6,,72,,2759,,4271,,5798,,6592,,7279,,8078
27,"christ_the_redeemer_rio",,6,,8,,65,,6,,575,,58,,1304,,2609,,3913,,4783,,5652,,6087,,2143,,3934,,4885,,5323,,5701,,594
28,"civic_center_san_francisco",1,0,,9,,9,,8333,,7,,58,,2,,28,,4,,44,,48,,52,,3333,,4271,,5538,,5759,,5695,,5484
29,"cologne_cathedral",1,0,1,0,1,0,,9667,,975,,98,,12,,24,,4,,48,,6,,64,,2143,,3871,,5714,,6415,,7429,,7743
30,"colosseum",1,0,1,0,1,0,1,0,1,0,1,0,,16,,16,,32,,52,,56,,6,,2759,,2759,,4848,,6842,,7179,,75
31,"doge_s_palace",1,0,1,0,,75,,8,,825,,86,,16,,28,,36,,48,,52,,52,,2759,,4375,,4865,,6,,6379,,6481
32,"eiffel_tower",1,0,1,0,1,0,1,0,1,0,1,0,,16,,16,,28,,4,,48,,52,,2759,,2759,,4375,,5714,,6486,,6842
33,"golden_gate_bridge",,8,,7,,75,,8333,,725,,78,,1739,,3043,,4348,,4783,,4783,,5217,,2857,,4242,,5505,,6077,,5763,,6253
34,"grand_palais",1,0,,9,,9,,9333,,925,,94,,0909,,2273,,3636,,4091,,5,,5909,,1667,,3629,,518,,5688,,6491,,7257
35,"guggenheim_museum_bilbao",1,0,1,0,1,0,1,0,1,0,,98,,12,,16,,32,,44,,56,,64,,2143,,2759,,4848,,6111,,7179,,7743
36,"hagia_sophia_istanbul",1,0,1,0,1,0,,9667,,975,,98,,12,,16,,36,,56,,6,,72,,2143,,2759,,5294,,7092,,7429,,8301
37,"hoover_dam",1,0,,9,,95,,9667,,975,,94,,16,,2,,4,,48,,52,,64,,2759,,3273,,563,,6415,,6783,,7615
38,"humayun_tomb",,8,,6,,65,,6,,675,,7,,08,,16,,36,,48,,64,,68,,1455,,2526,,4634,,5333,,657,,6899
39,"iguazu_falls",,4,,6,,75,,8,,825,,86,,08,,2,,28,,48,,64,,68,,1333,,3,,4078,,6,,7208,,7595
40,"iolani_palace",1,0,1,0,,85,,8333,,825,,78,,16,,2,,28,,44,,64,,68,,2759,,3333,,4212,,5759,,7208,,7266
41,"la_mezquita",,8,,8,,75,,6667,,575,,56,,1667,,3333,,5,,5417,,5833,,6667,,2759,,4706,,6,,5977,,5791,,6087
42,"la_rambla_barcelona",1,0,1,0,,95,,9667,,975,,94,,16,,24,,36,,36,,36,,44,,2759,,3871,,5221,,5246,,5258,,5994
43,"la_sainte_chapelle",1,0,1,0,,95,,9333,,925,,94,,16,,28,,56,,64,,68,,72,,2759,,4375,,7046,,7593,,7838,,8154
44,"liberty_memorial",,8,,4,,7,,7333,,65,,68,,04,,04,,32,,48,,48,,6,,0762,,0727,,4392,,5802,,5522,,6375
45,"lincoln_home",1,0,1,0,1,0,,8667,,9,,88,,2222,,3889,,5,,6667,,7778,,8889,,3636,,56,,6667,,7536,,8344,,8844
46,"machu_picchu",1,0,,7,,6,,7,,775,,8,,2,,28,,4,,56,,68,,76,,3333,,4,,48,,6222,,7244,,7795
47,"marble_arch_london",,6,,5,,4,,2667,,275,,24,,25,,25,,3333,,3333,,4167,,5,,3529,,3333,,3636,,2963,,3313,,3243
48,"milan_cathedral",1,0,1,0,,9,,9,,9,,9,,12,,24,,36,,44,,6,,64,,2143,,3871,,5143,,591,,72,,7481
49,"mole_antonelliana",1,0,1,0,,85,,8667,,75,,7,,12,,2,,2,,32,,4,,48,,2143,,3333,,3238,,4674,,5217,,5695
50,"mont_saint_michel",1,0,1,0,1,0,1,0,,95,,94,,16,,32,,44,,6,,72,,72,,2759,,4848,,6111,,75,,8192,,8154
51,"moulin_rouge",,0,,0,,0,,2667,,225,,2,,0,,0,,0,,625,,625,,75,,0,,0,,0,,3738,,3309,,3158
52,"nelson_s_column",,8,,9,,95,,9667,,975,,98,,0417,,1667,,2917,,5,,5833,,5833,,0792,,2812,,4463,,6591,,7299,,7313
53,"notre_dame_de_paris",1,0,1,0,1,0,,9333,,875,,82,,2,,28,,52,,56,,64,,68,,3333,,4375,,6842,,7,,7393,,7435
54,"obelisco",,2,,1,,1,,0667,,125,,12,,0909,,0909,,0909,,0909,,3636,,4545,,125,,0952,,0952,,0769,,186,,1899
55,"piccadilly_circus",1,0,,9,,75,,7667,,775,,72,,2174,,3478,,3913,,4783,,6087,,6957,,3571,,5017,,5143,,5891,,6819,,7076
56,"place_de_la_concorde",1,0,1,0,,95,,9667,,975,,96,,16,,28,,44,,56,,64,,72,,2759,,4375,,6014,,7092,,7728,,8229
57,"place_de_la_republique",,2,,3,,35,,3333,,25,,22,,125,,375,,625,,75,,75,,875,,1538,,3333,,4487,,4615,,375,,3516
58,"place_des_vosges",,8,,7,,85,,8,,7,,7,,12,,12,,4,,52,,64,,72,,2087,,2049,,544,,6303,,6687,,7099
59,"pont_du_gard",,8,,8,,85,,9,,875,,8,,12,,2,,36,,48,,6,,6,,2087,,32,,5058,,6261,,7119,,6857
60,"pont_neuf",,8,,9,,8,,6,,625,,58,,12,,24,,44,,44,,56,,64,,2087,,3789,,5677,,5077,,5907,,6085
61,"ponte_vecchio",1,0,1,0,,9,,9,,925,,88,,125,,2083,,3333,,5,,5833,,5833,,2222,,3448,,4865,,6429,,7155,,7016
62,"puerta_de_alcala",,2,,2,,45,,5667,,6,,6,,0526,,1053,,2105,,4211,,5263,,6842,,0833,,1379,,2869,,4831,,5607,,6393
63,"puerta_del_sol",,8,,6,,45,,3,,275,,24,,2,,2,,3,,3,,35,,4,,32,,3,,36,,3,,308,,3
64,"red_fort",1,0,1,0,1,0,1,0,1,0,1,0,,16,,32,,44,,64,,72,,76,,2759,,4848,,6111,,7805,,8372,,8636
65,"reims_cathedral",1,0,1,0,1,0,1,0,1,0,,94,,16,,24,,32,,4,,6,,68,,2759,,3871,,4848,,5714,,75,,7891
66,"rialto_bridge",1,0,1,0,,9,,7333,,7,,7,,125,,25,,375,,5,,625,,75,,2222,,4,,5294,,5946,,6604,,7241
67,"roman_forum_rome",,8,,8,,7,,6667,,575,,64,,16,,28,,36,,48,,48,,64,,2667,,4148,,4755,,5581,,5232,,64
68,"sacre_coeur",,2,,4,,55,,5667,,625,,62,,0417,,0833,,2083,,3333,,375,,5,,069,,1379,,3022,,4198,,4688,,5536
69,"sagrada_familia",,8,,9,,9,,9333,,95,,96,,12,,24,,4,,48,,6,,64,,2087,,3789,,5538,,634,,7355,,768
70,"santa_maria_novella",,8,,4,,65,,5667,,575,,62,,16,,16,,32,,36,,44,,64,,2667,,2286,,4289,,4403,,4985,,6298
71,"schonbrunn_palace",1,0,1,0,1,0,1,0,1,0,1,0,,2,,4,,52,,56,,72,,72,,3333,,5714,,6842,,7179,,8372,,8372
72,"seville_cathedral",,6,,7,,85,,9,,925,,94,,12,,24,,32,,44,,56,,6,,2,,3574,,465,,591,,6976,,7325
73,"spanish_steps",,8,,7,,6,,6,,55,,54,,1364,,1818,,3636,,4545,,5455,,6364,,233,,2887,,4528,,5172,,5477,,5842
74,"st__basil_cathedral",1,0,1,0,,95,,9333,,85,,86,,16,,32,,48,,52,,52,,6,,2759,,4848,,6378,,6679,,6453,,7068
75,"statue_of_liberty",1,0,1,0,,95,,9,,8,,82,,12,,2,,32,,48,,52,,6,,2143,,3333,,4787,,6261,,6303,,693
76,"stonehenge",,8,,6,,55,,4333,,525,,52,,1053,,1579,,3158,,3684,,4737,,5263,,186,,25,,4012,,3982,,498,,5231
77,"summer_palace_beijing",1,0,1,0,,95,,9,,85,,82,,12,,32,,4,,56,,64,,64,,2143,,4848,,563,,6904,,7302,,7189
78,"sydney_opera_house",1,0,1,0,,95,,9667,,95,,88,,16,,28,,4,,44,,56,,56,,2759,,4375,,563,,6047,,7046,,6844
79,"teotihuacan",,8,,8,,6,,6,,575,,6,,16,,28,,36,,48,,56,,56,,2667,,4148,,45,,5333,,5674,,5793
80,"terracotta_army",,8,,9,,45,,5,,55,,6,,15,,3,,3,,35,,6,,7,,2526,,45,,36,,4118,,5739,,6462
81,"the_blue_mosque",,8,,8,,85,,9,,925,,94,,16,,24,,36,,52,,52,,64,,2667,,3692,,5058,,6592,,6657,,7615
82,"the_henry_ford",,8,,9,,65,,7,,7,,76,,16,,28,,32,,48,,56,,64,,2667,,4271,,4289,,5695,,6222,,6949
83,"taj_mahal",1,0,,8,,9,,9,,9,,9,,16,,28,,32,,48,,6,,68,,2759,,4148,,4721,,6261,,72,,7747
84,"tour_montparnasse",,8,,8,,65,,4333,,4,,38,,2,,3,,45,,45,,5,,5,,32,,4364,,5318,,4415,,4444,,4318
85,"tower_bridge_london",1,0,1,0,,75,,6333,,65,,6,,16,,24,,36,,44,,52,,52,,2759,,3871,,4865,,5193,,5778,,5571
86,"trafalgar_square",,6,,6,,45,,5,,425,,44,,1364,,2273,,2273,,2727,,3636,,4545,,2222,,3297,,302,,3529,,3919,,4472
87,"leaning_tower_of_pisa",,6,,5,,45,,5,,625,,7,,12,,16,,24,,4,,52,,72,,2,,2424,,313,,4444,,5677,,7099
88,"hermitage_museum_saint_petersburg",1,0,1,0,,85,,7667,,775,,82,,12,,24,,28,,44,,52,,52,,2143,,3871,,4212,,5591,,6224,,6364
89,"jantar_mantar_jaipur",,8,,8,,75,,8333,,85,,82,,12,,28,,44,,56,,64,,72,,2087,,4148,,5546,,6699,,7302,,7668
90,"lake_titicaca_peru",,4,,4,,5,,5333,,45,,44,,0417,,125,,3333,,375,,4583,,5417,,0755,,1905,,4,,4404,,4541,,4856
91,"the_great_wall_of_china",1,0,,9,,9,,9,,825,,8,,16,,24,,44,,52,,52,,64,,2759,,3789,,591,,6592,,6379,,7111
92,"grande_arche_paris",,8,,7,,65,,6,,6,,68,,12,,2,,28,,32,,32,,44,,2087,,3111,,3914,,4174,,4174,,5343
93,"el_angel_mexico",1,0,1,0,,85,,7333,,675,,66,,1905,,2857,,4286,,5238,,6667,,7619,,32,,4444,,5698,,6111,,6708,,7073
94,"bibliotheque_nationale_de_france",,4,,6,,75,,7667,,725,,7,,08,,12,,2,,36,,4,,48,,1333,,2,,3158,,4899,,5156,,5695
95,"kronborg_castle",,6,,7,,7,,7,,775,,82,,125,,25,,375,,5417,,625,,6667,,2069,,3684,,4884,,6107,,692,,7354
96,"ajanta_caves",1,0,,9,,95,,9667,,975,,94,,1818,,2727,,5,,5455,,6364,,6364,,3077,,4186,,6552,,6974,,7701,,7589
97,"atomium",,8,,9,,95,,9667,,975,,98,,1429,,3333,,381,,4286,,4286,,4762,,2424,,4865,,5438,,5939,,5954,,6409
98,"ellora_caves",1,0,1,0,1,0,,9667,,95,,94,,1818,,2273,,3182,,4545,,5455,,5455,,3077,,3704,,4828,,6183,,693,,6903
99,"potala_palace",1,0,1,0,,95,,9,,825,,82,,2222,,2778,,3889,,6111,,7222,,7778,,3636,,4348,,5519,,7279,,7702,,7983
100,"jokhang",,8,,9,,85,,8667,,825,,78,,12,,24,,44,,72,,8,,84,,2087,,3789,,5798,,7866,,8123,,8089
101,"rila_monastery",,4,,7,,75,,8333,,875,,9,,08,,2,,28,,36,,4,,48,,1333,,3111,,4078,,5028,,549,,6261
102,"louvre_pyramid",,8,,9,,85,,8667,,9,,86,,1111,,3333,,4444,,5,,5,,5556,,1951,,4865,,5837,,6341,,6429,,675
103,"brooklyn_bridge",1,0,1,0,,85,,8667,,875,,88,,0952,,2857,,2857,,4286,,5714,,6667,,1739,,4444,,4277,,5735,,6914,,7586
104,"tower_of_london",,4,,7,,8,,8,,775,,78,,0435,,087,,3478,,3478,,3478,,4783,,0784,,1547,,4848,,4848,,4802,,593
105,"british_museum_london",1,0,1,0,1,0,1,0,1,0,,94,,1,,15,,3,,35,,5,,55,,1818,,2609,,4615,,5185,,6667,,694
106,"buckingham_palace",,8,,7,,4,,4,,325,,36,,2,,2,,2,,25,,25,,35,,32,,3111,,2667,,3077,,2826,,3549
107,"charles_bridge_prague",1,0,1,0,1,0,,8333,,675,,62,,0833,,125,,2917,,3333,,375,,4167,,1538,,2222,,4516,,4762,,4821,,4984
108,"champs_elysees_paris",,6,,6,,65,,6,,65,,6,,1333,,2,,2667,,3333,,4667,,5333,,2182,,3,,3782,,4286,,5433,,5647
109,"chrysler_building",1,0,1,0,1,0,1,0,,975,,98,,2857,,5,,6429,,8571,1,0,1,0,,4444,,6667,,7826,,9231,,9873,,9899
110,"moma_new_york",,6,,7,,85,,9,,9,,9,,1579,,1579,,3158,,3684,,4211,,6316,,25,,2577,,4605,,5228,,5737,,7423
111,"grand_central_terminal",1,0,1,0,1,0,1,0,,975,,98,,0952,,1905,,2381,,2857,,4762,,5238,,1739,,32,,3846,,4444,,6399,,6827
112,"houses_of_parliament",1,0,1,0,1,0,1,0,1,0,1,0,,1304,,2609,,2609,,3478,,3913,,4348,,2308,,4138,,4138,,5161,,5625,,6061
113,"alexanderplatz_berlin",,0,,3,,6,,6,,675,,64,,0,,08,,32,,4,,48,,52,,0,,1263,,4174,,48,,561,,5738
114,"centre_pompidou",,6,,8,,75,,7,,75,,72,,1667,,3333,,4444,,6111,,7222,,7222,,2609,,4706,,5581,,6525,,7358,,7211
115,"sydney_harbour_bridge",1,0,1,0,1,0,1,0,1,0,1,0,,1875,,25,,5625,,5625,,5625,,625,,3158,,4,,72,,72,,72,,7692
116,"pier_39",1,0,,9,,95,,9,,925,,94,,2381,,2857,,4286,,5714,,619,,7143,,3846,,4337,,5907,,699,,7417,,8117
117,"coit_tower",,6,,7,,6,,6,,6,,56,,1333,,2,,2667,,4,,4667,,5333,,2182,,3111,,3692,,48,,525,,5463
118,"st_paul_s_cathedral_london",1,0,1,0,1,0,,9333,,9,,82,,2353,,2353,,5882,,6471,,7059,,7647,,381,,381,,7407,,7643,,7912,,7914
119,"cloud_gate",,6,,7,,7,,7333,,625,,56,,25,,25,,3333,,4167,,4167,,4167,,3529,,3684,,4516,,5314,,5,,4778
120,"musee_d_orsay",1,0,,9,,95,,9667,,95,,94,,1429,,2381,,4286,,4286,,5714,,6667,,25,,3766,,5907,,5939,,7136,,7801
121,"pike_place_market",1,0,,9,,9,,8667,,9,,82,,1429,,2857,,4762,,4762,,5238,,5238,,25,,4337,,6228,,6147,,6622,,6393
122,"royal_palace_madrid",,6,,8,,8,,8667,,825,,84,,1364,,2727,,4545,,5909,,6364,,6364,,2222,,4068,,5797,,7027,,7185,,7241
123,"sony_center_berlin",,8,,9,,95,,9667,,975,,94,,1429,,1905,,4286,,4286,,4762,,5238,,2424,,3144,,5907,,5939,,6399,,6727
124,"red_square_moscow",,8,,8,,8,,7667,,725,,7,,1429,,2381,,3333,,5238,,5714,,6667,,2424,,367,,4706,,6224,,6391,,6829
125,"prague_castle",1,0,,9,,85,,8333,,875,,82,,16,,28,,4,,52,,64,,72,,2759,,4271,,544,,6404,,7393,,7668
126,"musee_du_louvre",1,0,1,0,1,0,1,0,1,0,1,0,,2,,24,,44,,6,,64,,68,,3333,,3871,,6111,,75,,7805,,8095
127,"millennium_bridge_london",,8,,7,,75,,7667,,8,,74,,16,,24,,44,,44,,52,,52,,2667,,3574,,5546,,5591,,6303,,6108
128,"casa_mila",1,0,1,0,1,0,1,0,,975,,94,,2,,32,,4,,52,,64,,68,,3333,,4848,,5714,,6842,,7728,,7891
129,"national_gallery_london",1,0,1,0,,65,,7333,,725,,64,,1818,,3182,,3636,,5455,,6818,,6818,,3077,,4828,,4664,,6256,,7027,,6602
130,"national_mall",1,0,1,0,,9,,9,,9,,86,,2,,36,,44,,64,,8,,84,,3333,,5294,,591,,7481,,8471,,8499
131,"london_city_hall",1,0,1,0,1,0,,9667,,95,,92,,2,,45,,5,,5,,6,,7,,3333,,6207,,6667,,6591,,7355,,7951
132,"holocaust_memorial",,8,,9,,8,,7,,7,,7,,125,,3125,,4375,,5,,5625,,625,,2162,,4639,,5657,,5833,,6238,,6604
133,"columbus_circle",,2,,6,,65,,5667,,525,,5,,04,,24,,44,,44,,52,,6,,0667,,3429,,5248,,4954,,5225,,5455
134,"siegessaeule",1,0,1,0,1,0,,9,,8,,7,,2,,2,,44,,56,,72,,76,,3333,,3333,,6111,,6904,,7579,,7288
135,"jardin_du_luxembourg",1,0,1,0,1,0,1,0,1,0,1,0,,12,,28,,44,,6,,68,,76,,2143,,4375,,6111,,75,,8095,,8636
136,"merlion_singapore",,0,,0,,15,,1333,,25,,26,,0,,0,,1364,,1818,,3636,,5,,0,,0,,1429,,1538,,2963,,3421
137,"harrods_london",1,0,1,0,1,0,,8667,,75,,78,,16,,24,,44,,56,,6,,64,,2759,,3871,,6111,,6804,,6667,,7031
138,"metropolitan_museum_of_art_new_york",1,0,1,0,,9,,9333,,95,,96,,16,,32,,36,,52,,64,,72,,2759,,4848,,5143,,6679,,7648,,8229
139,"new_york_stock_exchange",,8,,9,,95,,8333,,8,,7,,2,,25,,35,,4,,45,,55,,32,,3913,,5115,,5405,,576,,616
140,"stephansdom_vienna",1,0,1,0,1,0,1,0,1,0,,98,,12,,28,,52,,56,,6,,68,,2143,,4375,,6842,,7179,,75,,8029
141,"hms_belfast",1,0,1,0,1,0,1,0,1,0,,94,,12,,16,,32,,44,,52,,56,,2143,,2759,,4848,,6111,,6842,,7019
142,"leicester_square",1,0,1,0,,8,,7333,,725,,72,,16,,16,,28,,4,,48,,56,,2759,,2759,,4148,,5176,,5776,,63
143,"ciudad_de_las_artes_y_las_ciencias",1,0,,9,,95,,9667,,975,,98,,16,,24,,44,,48,,6,,68,,2759,,3789,,6014,,6415,,7429,,8029
144,"topkapi_palace",1,0,,9,,95,,9,,925,,94,,16,,24,,44,,48,,6,,72,,2759,,3789,,6014,,6261,,7279,,8154
145,"royal_albert_hall",1,0,,9,,75,,8,,65,,66,,12,,2,,32,,4,,48,,52,,2143,,3273,,4486,,5333,,5522,,5817
146,"st_vitus_cathedral",,8,,9,,95,,9667,,975,,98,,12,,28,,36,,52,,52,,56,,2087,,4271,,5221,,6762,,6783,,7127
147,"castello_sforzesco",1,0,,9,,9,,9,,9,,92,,12,,2,,36,,44,,6,,6,,2143,,3273,,5143,,591,,72,,7263
148,"rijksmuseum_amsterdam",1,0,1,0,1,0,1,0,1,0,1,0,,16,,16,,36,,44,,56,,72,,2759,,2759,,5294,,6111,,7179,,8372
149,"dam_square",,6,,8,,8,,7333,,75,,72,,12,,2,,28,,36,,4,,44,,2,,32,,4148,,4829,,5217,,5462
150,"rathaus_vienna",1,0,1,0,,9,,8667,,8,,76,,16,,16,,2,,28,,36,,4,,2759,,2759,,3273,,4233,,4966,,5241
151,"bath_abbey",1,0,1,0,,95,,9667,,975,,92,,16,,24,,4,,52,,6,,72,,2759,,3871,,563,,6762,,7429,,8078
152,"salisbury_cathedral",1,0,1,0,1,0,1,0,1,0,1,0,,16,,2,,28,,32,,52,,52,,2759,,3333,,4375,,4848,,6842,,6842
153,"templo_de_debod",,2,,3,,3,,5333,,475,,52,,0455,,0909,,2273,,2273,,2727,,4091,,0741,,1395,,2586,,3187,,3465,,4579
154,"Niagara_Falls",,6,,7,,55,,5667,,6,,64,,0909,,2273,,2727,,3636,,5455,,5909,,1579,,3431,,3646,,443,,5714,,6145
155,"Golden_Gate_Bridge_in_San_Francisco",1,0,,8,,9,,9,,925,,94,,1364,,2273,,3182,,4545,,5455,,6364,,24,,354,,4701,,604,,6862,,7589
156,"Neuschwanstein_Castle",1,0,1,0,1,0,1,0,,975,,98,,12,,2,,44,,6,,64,,72,,2143,,3333,,6111,,75,,7728,,8301
157,"Christ_Church_Cathedral_Missouri",1,0,1,0,1,0,1,0,,975,,88,,16,,32,,48,,56,,6,,6,,2759,,4848,,6486,,7179,,7429,,7135
158,"Mount_Rushmore_in_South_Dakota",,8,,9,,95,,9667,,9,,88,,12,,28,,36,,56,,56,,64,,2087,,4271,,5221,,7092,,6904,,7411
159,"Puerta_de_Toledo",,2,,1,,05,,0333,,025,,02,,5,,5,,5,,5,,5,,5,,2857,,1667,,0909,,0625,,0476,,0385
160,"Urquhart_Castle",1,0,1,0,,8,,8,,8,,8,,1667,,25,,375,,5417,,5417,,6667,,2857,,4,,5106,,646,,646,,7273
161,"Gare_du_Nord_Paris",1,0,,6,,8,,8333,,75,,7,,16,,16,,24,,32,,4,,48,,2759,,2526,,3692,,4624,,5217,,5695
162,"Newgrange_in_Ireland",,8,,6,,7,,7,,675,,7,,125,,2083,,375,,5,,5,,5417,,2162,,3093,,4884,,5833,,5745,,6107
163,"Windmills_at_Kinderdijk",1,0,,9,,85,,8667,,875,,9,,16,,32,,4,,48,,56,,64,,2759,,4721,,544,,6178,,6829,,7481
164,"Conciergerie",1,0,1,0,1,0,1,0,1,0,,96,,12,,24,,48,,64,,72,,72,,2143,,3871,,6486,,7805,,8372,,8229
165,"Palazzo_Madama",1,0,,8,,8,,8667,,8,,74,,2273,,3636,,5,,6364,,6364,,6364,,3704,,5,,6154,,7339,,7089,,6843
166,"Split_Rock_Lighthouse",1,0,1,0,1,0,,9,,9,,92,,12,,2,,28,,28,,44,,52,,2143,,3333,,4375,,4271,,591,,6644
167,"The_Little_Mermaid_Denmark",1,0,1,0,,95,,8667,,825,,76,,2857,,5,,5714,,6429,,7143,,7857,,4444,,6667,,7136,,7382,,7657,,7726
168,"Great_Pyramid_of_Giza",,6,,7,,6,,6333,,625,,6,,2,,3333,,5333,,6,,8,,8,,3,,4516,,5647,,6162,,7018,,6857
169,"Pitti_Palace",,6,,7,,85,,7667,,6,,52,,1364,,3182,,4091,,4545,,4545,,5,,2222,,4375,,5523,,5707,,5172,,5098
170,"Georgia_State_Capitol",1,0,,9,,8,,6333,,475,,38,,2105,,2632,,2632,,2632,,2632,,2632,,3478,,4072,,396,,3718,,3387,,311
171,"Dome_des_Invalides",1,0,1,0,1,0,,9667,,975,,98,,16,,24,,4,,44,,44,,44,,2759,,3871,,5714,,6047,,6064,,6073
172,"Reggia_di_Caserta",,8,,7,,55,,5333,,475,,52,,16,,24,,36,,44,,52,,52,,2667,,3574,,4352,,4822,,4965,,52
173,"The_Burj_al_Arab_Hotel",,8,,7,,8,,7667,,8,,84,,16,,24,,36,,48,,52,,64,,2667,,3574,,4966,,5904,,6303,,7265
174,"Elephanta_Caves",1,0,1,0,,95,,9667,,9,,82,,1667,,2917,,5,,6667,,7083,,75,,2857,,4516,,6552,,7891,,7927,,7834
175,"Basilica_of_Santa_Croce",1,0,1,0,1,0,1,0,1,0,1,0,,12,,16,,2,,48,,64,,64,,2143,,2759,,3333,,6486,,7805,,7805
176,"Aachen_Cathedral",1,0,,9,,95,,9667,,975,,96,,16,,2,,44,,48,,64,,68,,2759,,3273,,6014,,6415,,7728,,7961
177,"Monument_to_the_Great_Fire_of_London",1,0,,7,,55,,5,,525,,52,,16,,2,,32,,36,,52,,56,,2759,,3111,,4046,,4186,,5225,,5393
178,"Longmen_Grottoes",,8,,8,,55,,6333,,625,,64,,16,,32,,4,,56,,64,,72,,2667,,4571,,4632,,5944,,6324,,6776
179,"Louisiana_State_Capitol",,4,,3,,2,,2,,225,,3,,08,,12,,16,,16,,24,,4,,1333,,1714,,1778,,1778,,2323,,3429
180,"The_Great_Sphinx_at_Giza",1,0,1,0,,85,,8667,,825,,82,,2,,28,,48,,56,,64,,68,,3333,,4375,,6135,,6804,,7208,,7435
181,"Teatro_Real_Madrid",1,0,1,0,,85,,6,,6,,62,,2174,,3478,,5217,,5652,,6957,,7826,,3571,,5161,,6466,,5821,,6443,,6919
182,"Palacio_de_la_Magdalena",,4,,7,,8,,8333,,85,,8,,08,,24,,4,,48,,48,,68,,1333,,3574,,5333,,6091,,6135,,7351
183,"Sowjetisches_Ehrenmal",,6,,5,,6,,6667,,7,,68,,12,,2,,44,,64,,8,,84,,2,,2857,,5077,,6531,,7467,,7516
184,"Cathedral_of_Trier",1,0,1,0,1,0,1,0,,925,,9,,2,,32,,48,,64,,68,,76,,3333,,4848,,6486,,7805,,7838,,8241
185,"Saint_Mary_of_the_Flower",,2,,1,,15,,1333,,125,,1,,04,,04,,08,,12,,16,,16,,0667,,0571,,1043,,1263,,1404,,1231
186,"Skellig_Michael",1,0,,7,,8,,7,,725,,68,,2,,24,,44,,56,,6,,6,,3333,,3574,,5677,,6222,,6566,,6375
187,"Chicago_Board_of_Trade_Building",1,0,1,0,,95,,7667,,575,,6,,2273,,3182,,3636,,4091,,4091,,5455,,3704,,4828,,526,,5335,,4781,,5714
188,"Pont_de_Normandie_France",1,0,1,0,1,0,1,0,,975,,96,,2105,,4211,,5789,,7368,,7895,,8421,,3478,,5926,,7333,,8485,,8725,,8972
189,"Palazzo_Rosso",,0,,0,,0,,0333,,075,,12,,0,,0,,0,,0417,,125,,1667,,0,,0,,0,,037,,0937,,1395
190,"Piazza_Vittorio_Veneto",1,0,1,0,,7,,5333,,425,,38,,1875,,375,,4375,,5,,5,,5625,,3158,,5455,,5385,,5161,,4595,,4536
191,"Sforza_Castle",1,0,1,0,,95,,9333,,95,,96,,16,,28,,44,,56,,6,,72,,2759,,4375,,6014,,7,,7355,,8229
192,"Torres_KIO",,8,,8,,9,,9,,85,,88,,16,,16,,44,,52,,6,,64,,2667,,2667,,591,,6592,,7034,,7411
193,"Torre_Picasso",1,0,1,0,,9,,7,,7,,74,,1667,,2917,,4583,,5417,,6667,,6667,,2857,,4516,,6074,,6107,,6829,,7014
194,"The_Palace_of_Parliament_in_Bucharest",1,0,,9,,95,,9667,,975,,92,,16,,24,,32,,48,,56,,6,,2759,,3789,,4787,,6415,,7114,,7263
195,"Ernest_Hemingway_House",1,0,1,0,,9,,7333,,725,,74,,12,,2,,4,,44,,52,,64,,2143,,3333,,5538,,55,,6056,,6864
196,"Castel_dellOvo_Napoli",,8,,9,,85,,9,,9,,9,,16,,28,,4,,6,,68,,76,,2667,,4271,,544,,72,,7747,,8241
197,"Villa_Borghese_gardens",1,0,1,0,1,0,1,0,1,0,,98,,12,,28,,52,,68,,8,,88,,2143,,4375,,6842,,8095,,8889,,9273
198,"Saint_Marks_Basilica",1,0,1,0,1,0,1,0,1,0,1,0,,16,,24,,4,,4,,4,,44,,2759,,3871,,5714,,5714,,5714,,6111
199,"Mausoleum_of_the_First_Qin_Emperor",,8,,9,,7,,8,,775,,8,,12,,24,,32,,48,,48,,6,,2087,,3789,,4392,,6,,5928,,6857
200,"Mausoleum_of_Hadrian",1,0,,8,,85,,7667,,6,,48,,1111,,2222,,3889,,5,,5,,5,,2,,3478,,5336,,6053,,5455,,4898
201,"Piazza_de_Ferrari",1,0,1,0,,95,,9333,,85,,86,,2105,,3158,,4211,,5263,,6316,,6842,,3478,,48,,5835,,6731,,7247,,7621
202,"George_Washington_Carver",,2,,6,,75,,7333,,7,,66,,0625,,25,,375,,4375,,5625,,6875,,0952,,3529,,5,,548,,6238,,6735
203,"Cathedral_of_Santiago_de_Compostela",1,0,1,0,1,0,,9667,,9,,84,,1765,,2941,,5882,,6471,,7647,,8824,,3,,4545,,7407,,7752,,8269,,8607
204,"Saint-Jacques_Tower",,8,,9,,9,,7667,,725,,74,,3077,,3077,,3846,,5385,,6923,,6923,,4444,,4586,,5389,,6326,,7083,,7154
205,"Calakmul_Campeche_Mexico",1,0,1,0,1,0,,9333,,85,,84,,2857,,3571,,5,,6429,,6429,,7857,,4444,,5263,,6667,,7613,,7321,,812
206,"Bran_Castle_in_Transylvania",1,0,1,0,,85,,9,,9,,9,,2105,,2632,,3158,,3684,,4737,,6316,,3478,,4167,,4605,,5228,,6207,,7423
207,"Mosteiro_da_Batalha",1,0,1,0,1,0,1,0,1,0,1,0,,2632,,3158,,4737,,5789,,6316,,6842,,4167,,48,,6429,,7333,,7742,,8125
208,"Wartburg_Castle",1,0,1,0,,9,,9333,,95,,92,,2,,3,,45,,7,,75,,85,,3333,,4615,,6,,8,,8382,,8836
209,"Fujian_Tulou_Fujian_China",1,0,1,0,1,0,1,0,1,0,,96,,1667,,2222,,4444,,6111,,6667,,7778,,2857,,3636,,6154,,7586,,8,,8593
210,"Alabama_State_Capitol",,6,,6,,75,,7333,,75,,74,,1429,,2381,,5714,,7143,,7619,,7619,,2308,,3409,,6486,,7237,,7559,,7508
211,"Palazzo_dAccursio",1,0,1,0,,9,,7333,,75,,76,,1667,,2222,,3333,,3889,,4444,,5,,2857,,3636,,4865,,5083,,5581,,6032
212,"Casa_Grande_Ruins",,8,,9,,8,,8,,85,,82,,1765,,2941,,3529,,4118,,4118,,5294,,2892,,4433,,4898,,5437,,5548,,6434
213,"Stravinsky_Fountain",1,0,1,0,1,0,1,0,1,0,,96,,1333,,2667,,4667,,5333,,6,,6,,2353,,4211,,6364,,6957,,75,,7385
214,"Angel_Falls_Venezuela",,8,,8,,6,,5667,,575,,56,,1765,,3529,,4118,,5882,,5882,,6471,,2892,,4898,,4884,,5772,,5815,,6004
215,"Statue_of_George_IV",1,0,,8,,6,,5333,,5,,5,,375,,5,,625,,625,,625,,75,,5455,,6154,,6122,,5755,,5556,,6
216,"Palacio_Barolo",,8,,7,,8,,8667,,9,,9,,2353,,2941,,4118,,5294,,5882,,7059,,3636,,4142,,5437,,6573,,7115,,7912
217,"Bridge_of_Remembrance_Christchurch_New_Zealand",,8,,9,,95,,7667,,675,,54,,25,,4167,,8333,,9167,,9167,,9167,,381,,5696,,8879,,835,,7775,,6796
218,"John_A._Roebling_Suspension_Bridge",,2,,5,,4,,5,,5,,52,,0667,,3333,,4,,6,,6,,6667,,1,,4,,4,,5455,,5455,,5843
219,"Blue_Dome_Santorini",1,0,,9,,9,,9333,,95,,96,,3125,,375,,4375,,625,,625,,6875,,4762,,5294,,5888,,7487,,754,,8012
220,"Fossar_de_les_Moreres",,6,,7,,45,,3333,,25,,2,,2143,,4286,,5,,5714,,5714,,5714,,3158,,5316,,4737,,4211,,3478,,2963
221,"Luxor_Obelisk_France",,8,,8,,75,,7667,,8,,8,,125,,25,,25,,375,,5625,,625,,2162,,381,,375,,5036,,6606,,7018
222,"Valle_de_los_Caidos",1,0,1,0,,85,,9,,9,,88,,2,,4,,45,,6,,65,,7,,3333,,5714,,5885,,72,,7548,,7797
--------------------
"--","Avg.",P@5,P@10,P@20,P@30,P@40,P@50,CR@5,CR@10,CR@20,CR@30,CR@40,CR@50,F1@5,F1@10,F1@20,F1@30,F1@40,F1@50
,,,8261,,8198,,7966,,7856,,772,,7622,,1515,,247,,3803,,4857,,5645,,6298,,2508,,3713,,5041,,5874,,6378,,6742