--------------------
"Run name","output_runGABORDunnIndex"
--------------------
"Average P@20 = ",,784
"Average CR@20 = ",,4005
"Average F1@20 = ",,5177
--------------------
"Query Id ","Location name",P@5,P@10,P@20,P@30,P@40,P@50,CR@5,CR@10,CR@20,CR@30,CR@40,CR@50,F1@5,F1@10,F1@20,F1@30,F1@40,F1@50
1,"angel_of_the_north",,8,,9,,95,,9667,,95,,96,,16,,28,,52,,68,,72,,76,,2667,,4271,,6721,,7984,,8192,,8484
2,"big_ben",,8,,9,,95,,9,,9,,82,,1818,,3182,,4545,,5455,,5455,,6364,,2963,,4701,,6149,,6792,,6792,,7166
3,"hearst_castle",,6,,8,,85,,9,,9,,92,,125,,3333,,5,,625,,7083,,75,,2069,,4706,,6296,,7377,,7927,,8263
4,"la_madeleine",,4,,2,,45,,4333,,4,,34,,1429,,1429,,5,,6429,,7857,,7857,,2105,,1667,,4737,,5177,,5301,,4746
5,"pont_alexandre_iii",1,0,1,0,1,0,1,0,1,0,1,0,,16,,28,,4,,56,,68,,8,,2759,,4375,,5714,,7179,,8095,,8889
6,"neues_museum",,2,,1,,15,,4333,,575,,66,,04,,04,,08,,36,,52,,64,,0667,,0571,,1043,,3933,,5461,,6498
7,"montezuma_castle",,4,,7,,4,,5333,,6,,64,,1667,,5,,5,,6667,,75,,8333,,2353,,5833,,4444,,5926,,6667,,724
8,"cn_tower",,6,,4,,7,,7333,,675,,62,,125,,1667,,375,,5,,625,,7083,,2069,,2353,,4884,,5946,,649,,6612
9,"acropolis_athens",1,0,,9,,95,,9333,,925,,88,,1429,,2381,,3333,,5238,,5238,,5714,,25,,3766,,4935,,671,,6689,,6929
10,"agra_fort",,8,,7,,8,,8333,,85,,88,,12,,24,,48,,52,,64,,72,,2087,,3574,,6,,6404,,7302,,792
11,"albert_memorial",1,0,,9,,75,,8,,825,,84,,1364,,1818,,3182,,4091,,5,,6364,,24,,3025,,4468,,5414,,6226,,7241
12,"altes_museum",,6,,8,,55,,4667,,575,,66,,125,,2917,,375,,4167,,5,,5833,,2069,,4275,,4459,,4403,,5349,,6193
13,"amiens_cathedral",1,0,1,0,1,0,,9667,,9,,92,,16,,32,,48,,64,,72,,8,,2759,,4848,,6486,,7701,,8,,8558
14,"angkor_wat",,6,,7,,65,,7333,,8,,84,,12,,24,,36,,48,,72,,76,,2,,3574,,4634,,5802,,7579,,798
15,"ara_pacis",,2,,6,,5,,6333,,6,,66,,0455,,2273,,3636,,6364,,7273,,7273,,0741,,3297,,4211,,6348,,6575,,692
16,"arc_de_triomphe",,8,,9,,75,,7667,,65,,64,,1667,,2917,,4167,,5833,,5833,,625,,2759,,4406,,5357,,6626,,6149,,6324
17,"aztec_ruins",,2,,1,,25,,2333,,25,,36,,04,,04,,2,,24,,36,,4,,0667,,0571,,2222,,2366,,2951,,3789
18,"berlin_cathedral",1,0,1,0,,95,,9667,,925,,92,,2,,36,,48,,52,,64,,76,,3333,,5294,,6378,,6762,,7565,,8324
19,"bok_tower_gardens",,8,,8,,75,,8,,8,,82,,16,,28,,4,,52,,56,,56,,2667,,4148,,5217,,6303,,6588,,6655
20,"brandenburg_gate",1,0,1,0,,95,,9667,,95,,9,,16,,28,,4,,48,,52,,64,,2759,,4375,,563,,6415,,6721,,7481
21,"cabrillo",,0,,2,,1,,1667,,15,,14,,0,,1538,,1538,,3846,,4615,,5385,,0,,1739,,1212,,2326,,2264,,2222
22,"casa_batllo",1,0,1,0,1,0,1,0,,95,,96,,16,,24,,4,,56,,68,,76,,2759,,3871,,5714,,7179,,7926,,8484
23,"casa_rosada",,8,,8,,9,,9333,,925,,92,,16,,2,,44,,52,,68,,76,,2667,,32,,591,,6679,,7838,,8324
24,"castillo_de_san_marcos",,8,,8,,6,,5667,,6,,68,,08,,16,,24,,32,,52,,64,,1455,,2667,,3429,,409,,5571,,6594
25,"chartres_cathedral",,8,,9,,95,,9333,,95,,94,,16,,24,,48,,64,,76,,76,,2667,,3789,,6378,,7593,,8444,,8405
26,"chichen_itza",,8,,9,,8,,8,,85,,86,,12,,28,,4,,52,,64,,76,,2087,,4271,,5333,,6303,,7302,,8069
27,"christ_the_redeemer_rio",,6,,6,,65,,5333,,525,,54,,087,,1739,,3043,,4348,,6087,,6087,,1519,,2697,,4146,,479,,5638,,5723
28,"civic_center_san_francisco",,6,,8,,85,,8,,675,,54,,12,,24,,36,,48,,56,,56,,2,,3692,,5058,,6,,6121,,5498
29,"cologne_cathedral",1,0,1,0,,95,,9667,,975,,96,,2,,36,,48,,64,,76,,84,,3333,,5294,,6378,,7701,,8542,,896
30,"colosseum",,6,,8,,9,,9,,825,,86,,12,,24,,44,,56,,56,,72,,2,,3692,,591,,6904,,6671,,7838
31,"doge_s_palace",1,0,1,0,,8,,8667,,9,,92,,16,,24,,36,,44,,52,,52,,2759,,3871,,4966,,5837,,6592,,6644
32,"eiffel_tower",1,0,1,0,1,0,,9667,,975,,92,,12,,2,,4,,44,,44,,6,,2143,,3333,,5714,,6047,,6064,,7263
33,"golden_gate_bridge",,8,,7,,8,,8,,65,,68,,1304,,2174,,3478,,5217,,5217,,5217,,2243,,3318,,4848,,6316,,5788,,5904
34,"grand_palais",,8,,9,,85,,9,,9,,92,,0909,,2273,,3636,,4091,,5455,,5909,,1633,,3629,,5094,,5625,,6792,,7196
35,"guggenheim_museum_bilbao",1,0,1,0,1,0,,9667,,975,,96,,16,,24,,4,,48,,52,,68,,2759,,3871,,5714,,6415,,6783,,7961
36,"hagia_sophia_istanbul",,8,,9,,95,,8667,,9,,9,,16,,28,,44,,56,,68,,76,,2667,,4271,,6014,,6804,,7747,,8241
37,"hoover_dam",1,0,1,0,,95,,8667,,9,,88,,2,,24,,44,,56,,72,,76,,3333,,3871,,6014,,6804,,8,,8156
38,"humayun_tomb",1,0,1,0,,9,,9,,875,,86,,2,,28,,52,,64,,72,,76,,3333,,4375,,6592,,7481,,79,,8069
39,"iguazu_falls",,6,,8,,85,,7667,,725,,74,,12,,28,,36,,52,,6,,68,,2,,4148,,5058,,6197,,6566,,7087
40,"iolani_palace",,8,,9,,8,,6667,,675,,66,,16,,32,,4,,44,,56,,6,,2667,,4721,,5333,,5301,,6121,,6286
41,"la_mezquita",,8,,8,,85,,7,,6,,56,,1667,,25,,375,,4167,,5,,625,,2759,,381,,5204,,5224,,5455,,5907
42,"la_rambla_barcelona",1,0,1,0,1,0,,9667,,975,,94,,16,,28,,4,,44,,56,,6,,2759,,4375,,5714,,6047,,7114,,7325
43,"la_sainte_chapelle",1,0,1,0,,95,,9667,,95,,96,,2,,36,,48,,52,,64,,84,,3333,,5294,,6378,,6762,,7648,,896
44,"liberty_memorial",,6,,5,,6,,7,,65,,7,,08,,08,,28,,44,,48,,64,,1412,,1379,,3818,,5404,,5522,,6687
45,"lincoln_home",1,0,1,0,,95,,9,,85,,68,,2778,,3889,,5556,,6111,,6667,,6667,,4348,,56,,7011,,7279,,7473,,6733
46,"machu_picchu",,6,,6,,65,,7,,775,,7,,12,,2,,4,,56,,68,,72,,2,,3,,4952,,6222,,7244,,7099
47,"marble_arch_london",,2,,5,,5,,3333,,325,,28,,0833,,25,,4167,,4167,,5,,5833,,1176,,3333,,4545,,3704,,3939,,3784
48,"milan_cathedral",1,0,1,0,,8,,8333,,875,,88,,12,,2,,4,,6,,72,,72,,2143,,3333,,5333,,6977,,79,,792
49,"mole_antonelliana",1,0,1,0,,85,,8,,8,,7,,16,,24,,32,,44,,56,,6,,2759,,3871,,465,,5677,,6588,,6462
50,"mont_saint_michel",1,0,1,0,1,0,,9667,,975,,94,,12,,28,,4,,6,,76,,8,,2143,,4375,,5714,,7404,,8542,,8644
51,"moulin_rouge",,2,,1,,05,,1333,,15,,14,,125,,125,,125,,375,,625,,75,,1538,,1111,,0714,,1967,,2419,,236
52,"nelson_s_column",1,0,,9,,95,,9667,,975,,94,,1667,,2917,,4583,,5417,,7083,,7917,,2857,,4406,,6183,,6943,,8205,,8595
53,"notre_dame_de_paris",1,0,1,0,1,0,,9667,,875,,82,,16,,28,,48,,6,,68,,76,,2759,,4375,,6486,,7404,,7653,,7889
54,"obelisco",,2,,2,,1,,1,,15,,28,,0909,,0909,,0909,,1818,,3636,,7273,,125,,125,,0952,,129,,2124,,4043
55,"piccadilly_circus",,8,,8,,75,,7,,75,,7,,1739,,3043,,4348,,5217,,5652,,6522,,2857,,4409,,5505,,5979,,6446,,6752
56,"place_de_la_concorde",1,0,1,0,1,0,1,0,,975,,96,,16,,24,,44,,52,,6,,68,,2759,,3871,,6111,,6842,,7429,,7961
57,"place_de_la_republique",,2,,2,,25,,1667,,15,,12,,125,,25,,5,,5,,5,,5,,1538,,2222,,3333,,25,,2308,,1935
58,"place_des_vosges",1,0,,7,,85,,8333,,725,,7,,16,,16,,28,,48,,6,,64,,2759,,2605,,4212,,6091,,6566,,6687
59,"pont_du_gard",,4,,6,,75,,7333,,7,,74,,08,,2,,44,,52,,6,,64,,1333,,3,,5546,,6085,,6462,,6864
60,"pont_neuf",,8,,9,,8,,7333,,7,,64,,16,,24,,4,,48,,56,,68,,2667,,3789,,5333,,5802,,6222,,6594
61,"ponte_vecchio",1,0,,9,,9,,8333,,725,,72,,1667,,2917,,5,,5833,,625,,7083,,2857,,4406,,6429,,6863,,6713,,7141
62,"puerta_de_alcala",,8,,5,,5,,6333,,675,,66,,1579,,1579,,1579,,4737,,5789,,6316,,2637,,24,,24,,542,,6233,,6455
63,"puerta_del_sol",,4,,7,,5,,3333,,275,,24,,1,,3,,4,,4,,45,,45,,16,,42,,4444,,3636,,3414,,313
64,"red_fort",1,0,1,0,1,0,1,0,,975,,98,,2,,36,,52,,64,,72,,72,,3333,,5294,,6842,,7805,,8283,,8301
65,"reims_cathedral",1,0,1,0,1,0,1,0,1,0,,96,,2,,28,,48,,48,,6,,68,,3333,,4375,,6486,,6486,,75,,7961
66,"rialto_bridge",,8,,9,,75,,6667,,6,,48,,25,,375,,5,,5625,,6875,,6875,,381,,5294,,6,,6102,,6408,,5653
67,"roman_forum_rome",,6,,7,,8,,7333,,675,,74,,12,,24,,44,,48,,64,,76,,2,,3574,,5677,,5802,,657,,7499
68,"sacre_coeur",,4,,4,,55,,6,,55,,54,,0833,,125,,25,,4583,,5417,,5833,,1379,,1905,,3438,,5197,,5458,,5608
69,"sagrada_familia",,8,,9,,95,,9667,,95,,94,,12,,24,,4,,48,,56,,64,,2087,,3789,,563,,6415,,7046,,7615
70,"santa_maria_novella",,4,,6,,6,,6,,575,,62,,08,,2,,28,,4,,44,,6,,1333,,3,,3818,,48,,4985,,6098
71,"schonbrunn_palace",1,0,1,0,1,0,1,0,1,0,1,0,,16,,32,,44,,52,,64,,68,,2759,,4848,,6111,,6842,,7805,,8095
72,"seville_cathedral",,6,,7,,85,,9,,925,,94,,12,,28,,44,,56,,64,,72,,2,,4,,5798,,6904,,7565,,8154
73,"spanish_steps",,6,,8,,7,,6667,,625,,58,,1364,,2273,,4545,,5909,,5909,,6364,,2222,,354,,5512,,6265,,6075,,6069
74,"st__basil_cathedral",1,0,1,0,,85,,9,,85,,88,,2,,4,,52,,64,,64,,68,,3333,,5714,,6453,,7481,,7302,,7672
75,"statue_of_liberty",,6,,8,,85,,8333,,85,,82,,08,,2,,4,,52,,56,,6,,1412,,32,,544,,6404,,6752,,693
76,"stonehenge",,8,,7,,7,,5333,,575,,56,,2105,,3158,,3684,,4737,,5263,,5789,,3333,,4352,,4828,,5017,,5496,,5693
77,"summer_palace_beijing",,8,,9,,95,,9333,,875,,86,,16,,24,,36,,48,,6,,64,,2667,,3789,,5221,,634,,7119,,7339
78,"sydney_opera_house",1,0,1,0,,95,,9333,,925,,92,,16,,28,,4,,56,,68,,72,,2759,,4375,,563,,7,,7838,,8078
79,"teotihuacan",,6,,7,,6,,7,,725,,76,,12,,24,,36,,56,,68,,72,,2,,3574,,45,,6222,,7018,,7395
80,"terracotta_army",,6,,8,,6,,5,,55,,6,,15,,35,,4,,4,,65,,65,,24,,487,,48,,4444,,5958,,624
81,"the_blue_mosque",1,0,,9,,85,,9,,925,,94,,16,,24,,4,,52,,6,,72,,2759,,3789,,544,,6592,,7279,,8154
82,"the_henry_ford",,8,,9,,7,,6667,,675,,74,,16,,28,,36,,52,,64,,8,,2667,,4271,,4755,,5843,,657,,7688
83,"taj_mahal",1,0,1,0,,9,,9,,875,,86,,2,,32,,36,,48,,6,,68,,3333,,4848,,5143,,6261,,7119,,7595
84,"tour_montparnasse",,4,,7,,65,,4667,,4,,36,,1,,3,,45,,5,,55,,55,,16,,42,,5318,,4828,,4632,,4352
85,"tower_bridge_london",,4,,7,,55,,5,,5,,52,,08,,2,,32,,4,,44,,48,,1333,,3111,,4046,,4444,,4681,,4992
86,"trafalgar_square",,6,,6,,45,,4,,375,,38,,0909,,2273,,2727,,3182,,3636,,4091,,1579,,3297,,3396,,3544,,3692,,394
87,"leaning_tower_of_pisa",,8,,7,,45,,4667,,6,,64,,12,,24,,28,,4,,56,,68,,2087,,3574,,3452,,4308,,5793,,6594
88,"hermitage_museum_saint_petersburg",1,0,1,0,,75,,8333,,85,,86,,12,,24,,4,,56,,68,,72,,2143,,3871,,5217,,6699,,7556,,7838
89,"jantar_mantar_jaipur",,8,,7,,75,,7667,,725,,72,,16,,24,,52,,6,,68,,68,,2667,,3574,,6142,,6732,,7018,,6994
90,"lake_titicaca_peru",,6,,6,,55,,6,,575,,56,,0833,,2083,,3333,,4583,,5833,,6667,,1463,,3093,,4151,,5197,,5791,,6087
91,"the_great_wall_of_china",1,0,,9,,85,,8667,,8,,78,,16,,28,,44,,56,,56,,64,,2759,,4271,,5798,,6804,,6588,,7031
92,"grande_arche_paris",,8,,7,,55,,6667,,6,,64,,16,,2,,28,,4,,52,,6,,2667,,3111,,3711,,5,,5571,,6194
93,"el_angel_mexico",1,0,1,0,,75,,7333,,675,,54,,1905,,3333,,4762,,7143,,7619,,7619,,32,,5,,5825,,7237,,7158,,632
94,"bibliotheque_nationale_de_france",,6,,5,,6,,6333,,7,,72,,12,,12,,28,,36,,44,,56,,2,,1935,,3818,,4591,,5404,,63
95,"kronborg_castle",,8,,6,,7,,6333,,725,,76,,125,,2083,,4583,,5417,,5833,,625,,2162,,3093,,554,,5839,,6465,,6859
96,"ajanta_caves",1,0,,8,,9,,9333,,9,,88,,2273,,3636,,5,,5909,,6364,,6818,,3704,,5,,6429,,7237,,7456,,7683
97,"atomium",1,0,,9,,95,,9333,,95,,9,,1429,,2857,,381,,4286,,5238,,5714,,25,,4337,,5438,,5874,,6753,,699
98,"ellora_caves",1,0,1,0,,95,,9667,,95,,96,,2273,,2727,,3636,,5,,5455,,5909,,3704,,4286,,526,,6591,,693,,7315
99,"potala_palace",1,0,,9,,95,,9333,,775,,8,,2778,,3889,,3889,,5556,,6111,,7778,,4348,,5431,,5519,,6965,,6834,,7887
100,"jokhang",1,0,,9,,9,,8667,,825,,76,,2,,32,,48,,64,,68,,72,,3333,,4721,,6261,,7363,,7455,,7395
101,"rila_monastery",,8,,8,,85,,9,,925,,88,,12,,2,,36,,4,,44,,52,,2087,,32,,5058,,5538,,5963,,6537
102,"louvre_pyramid",1,0,1,0,,9,,9,,925,,88,,2222,,2778,,4444,,5,,6111,,6111,,3636,,4348,,595,,6429,,736,,7213
103,"brooklyn_bridge",1,0,,9,,85,,9,,9,,86,,1905,,2857,,3333,,5238,,5714,,6667,,32,,4337,,4789,,6622,,699,,7511
104,"tower_of_london",,6,,8,,8,,7667,,725,,76,,087,,2174,,2609,,3913,,4783,,6087,,1519,,3419,,3934,,5181,,5763,,676
105,"british_museum_london",,8,,9,,95,,9333,,95,,94,,15,,15,,4,,5,,55,,6,,2526,,2571,,563,,6512,,6967,,7325
106,"buckingham_palace",,2,,6,,4,,3667,,3,,34,,05,,2,,2,,25,,3,,4,,08,,3,,2667,,2973,,3,,3676
107,"charles_bridge_prague",,8,,9,,85,,6333,,575,,58,,1667,,2917,,4167,,4583,,4583,,5833,,2759,,4406,,5592,,5318,,5101,,5817
108,"champs_elysees_paris",,4,,4,,65,,6667,,6,,54,,1333,,2667,,4667,,5333,,7333,,7333,,2,,32,,5433,,5926,,66,,622
109,"chrysler_building",1,0,1,0,1,0,1,0,,975,,98,,2143,,3571,,5,,7857,,7857,,7857,,3529,,5263,,6667,,88,,8702,,8722
110,"moma_new_york",1,0,,9,,95,,9667,,875,,88,,1053,,2105,,4211,,4211,,4211,,6316,,1905,,3412,,5835,,5866,,5685,,7354
111,"grand_central_terminal",1,0,1,0,1,0,,9667,,975,,94,,0952,,1905,,1905,,5238,,5714,,5714,,1739,,32,,32,,6794,,7206,,7108
112,"houses_of_parliament",,8,,9,,95,,9667,,925,,92,,1304,,2609,,3043,,4348,,5217,,6087,,2243,,4045,,461,,5998,,6672,,7327
113,"alexanderplatz_berlin",,6,,3,,6,,6333,,7,,62,,12,,12,,4,,48,,52,,6,,2,,1714,,48,,5461,,5967,,6098
114,"centre_pompidou",,6,,7,,75,,6667,,675,,68,,1667,,2778,,4444,,4444,,5556,,6111,,2609,,3977,,5581,,5333,,6095,,6437
115,"sydney_harbour_bridge",1,0,1,0,1,0,1,0,1,0,1,0,,1875,,3125,,5,,5,,5625,,625,,3158,,4762,,6667,,6667,,72,,7692
116,"pier_39",1,0,1,0,1,0,,8667,,875,,9,,1905,,2381,,4286,,5238,,619,,7143,,32,,3846,,6,,653,,7251,,7965
117,"coit_tower",,8,,7,,55,,6333,,6,,66,,2667,,2667,,2667,,4667,,5333,,6,,4,,3862,,3592,,5374,,5647,,6286
118,"st_paul_s_cathedral_london",1,0,1,0,,95,,8667,,85,,8,,2353,,4118,,5294,,6471,,6471,,7647,,381,,5833,,6799,,7409,,7348,,782
119,"cloud_gate",,8,,8,,6,,6333,,65,,7,,25,,3333,,3333,,5833,,5833,,5833,,381,,4706,,4286,,6073,,6149,,6364
120,"musee_d_orsay",,8,,9,,9,,9333,,925,,92,,1905,,381,,5238,,6667,,6667,,6667,,3077,,5353,,6622,,7778,,7749,,7731
121,"pike_place_market",1,0,,9,,95,,8667,,825,,86,,2381,,3333,,5238,,5238,,5238,,5714,,3846,,4865,,6753,,653,,6408,,6866
122,"royal_palace_madrid",,8,,8,,85,,7667,,825,,84,,1364,,2727,,4091,,5909,,7727,,7727,,233,,4068,,5523,,6674,,798,,805
123,"sony_center_berlin",1,0,,9,,95,,8667,,9,,86,,1429,,1905,,2857,,381,,4762,,5238,,25,,3144,,4393,,5293,,6228,,6511
124,"red_square_moscow",,8,,7,,65,,7333,,75,,74,,1905,,1905,,3333,,5238,,6667,,7143,,3077,,2995,,4407,,6111,,7059,,7269
125,"prague_castle",1,0,1,0,,95,,8333,,775,,8,,2,,32,,52,,56,,68,,72,,3333,,4848,,6721,,6699,,7244,,7579
126,"musee_du_louvre",1,0,,9,,95,,9667,,975,,98,,12,,24,,36,,48,,56,,6,,2143,,3789,,5221,,6415,,7114,,7443
127,"millennium_bridge_london",,8,,8,,7,,7667,,8,,78,,12,,28,,32,,4,,48,,52,,2087,,4148,,4392,,5257,,6,,624
128,"casa_mila",1,0,1,0,1,0,,9333,,95,,96,,2,,36,,52,,56,,64,,68,,3333,,5294,,6842,,7,,7648,,7961
129,"national_gallery_london",,8,,9,,6,,7333,,7,,62,,1818,,3182,,3636,,5909,,6364,,6364,,2963,,4701,,4528,,6545,,6667,,6281
130,"national_mall",,6,,8,,9,,9333,,95,,88,,12,,28,,52,,64,,8,,92,,2,,4148,,6592,,7593,,8686,,8996
131,"london_city_hall",1,0,1,0,,95,,9,,825,,68,,15,,35,,5,,65,,8,,8,,2609,,5185,,6552,,7548,,8123,,7351
132,"holocaust_memorial",,6,,7,,65,,6333,,575,,46,,1875,,25,,5,,5625,,6875,,6875,,2857,,3684,,5652,,5958,,6262,,5512
133,"columbus_circle",,4,,7,,75,,6333,,575,,56,,08,,24,,52,,52,,52,,64,,1333,,3574,,6142,,5711,,5461,,5973
134,"siegessaeule",,4,,6,,8,,7,,575,,52,,08,,2,,4,,52,,56,,6,,1333,,3,,5333,,5967,,5674,,5571
135,"jardin_du_luxembourg",1,0,1,0,1,0,1,0,,95,,92,,16,,24,,44,,6,,72,,76,,2759,,3871,,6111,,75,,8192,,8324
136,"merlion_singapore",,4,,3,,2,,2333,,325,,4,,0909,,1364,,1818,,2727,,4545,,5909,,1481,,1875,,1905,,2515,,379,,4771
137,"harrods_london",1,0,1,0,,85,,8667,,875,,9,,2,,32,,48,,6,,64,,68,,3333,,4848,,6135,,7091,,7393,,7747
138,"metropolitan_museum_of_art_new_york",1,0,1,0,,9,,9333,,95,,96,,16,,32,,4,,6,,72,,76,,2759,,4848,,5538,,7304,,8192,,8484
139,"new_york_stock_exchange",,6,,8,,85,,6667,,575,,56,,1,,25,,35,,4,,4,,45,,1714,,381,,4958,,5,,4718,,499
140,"stephansdom_vienna",1,0,1,0,1,0,,9667,,975,,96,,16,,32,,52,,64,,72,,76,,2759,,4848,,6842,,7701,,8283,,8484
141,"hms_belfast",1,0,1,0,1,0,,9333,,95,,96,,12,,2,,36,,52,,64,,8,,2143,,3333,,5294,,6679,,7648,,8727
142,"leicester_square",,8,,9,,85,,8333,,775,,74,,16,,28,,36,,4,,48,,56,,2667,,4271,,5058,,5405,,5928,,6375
143,"ciudad_de_las_artes_y_las_ciencias",,8,,8,,9,,9333,,95,,96,,12,,2,,4,,44,,6,,68,,2087,,32,,5538,,5981,,7355,,7961
144,"topkapi_palace",,8,,9,,95,,9667,,95,,96,,16,,28,,48,,52,,64,,8,,2667,,4271,,6378,,6762,,7648,,8727
145,"royal_albert_hall",,6,,8,,7,,7333,,625,,62,,12,,2,,36,,44,,52,,56,,2,,32,,4755,,55,,5677,,5885
146,"st_vitus_cathedral",1,0,1,0,1,0,1,0,,975,,98,,2,,28,,48,,56,,64,,64,,3333,,4375,,6486,,7179,,7728,,7743
147,"castello_sforzesco",1,0,1,0,,9,,9,,875,,9,,2,,28,,36,,44,,52,,52,,3333,,4375,,5143,,591,,6523,,6592
148,"rijksmuseum_amsterdam",1,0,1,0,1,0,1,0,,95,,96,,16,,2,,32,,44,,48,,72,,2759,,3333,,4848,,6111,,6378,,8229
149,"dam_square",,8,,8,,75,,6333,,55,,62,,16,,2,,28,,36,,36,,52,,2667,,32,,4078,,4591,,4352,,5656
150,"rathaus_vienna",,8,,9,,95,,7667,,725,,68,,16,,16,,2,,28,,32,,4,,2667,,2717,,3304,,4102,,444,,5037
151,"bath_abbey",1,0,1,0,1,0,1,0,1,0,,94,,16,,28,,4,,48,,64,,72,,2759,,4375,,5714,,6486,,7805,,8154
152,"salisbury_cathedral",1,0,1,0,1,0,1,0,,95,,92,,16,,28,,32,,44,,48,,56,,2759,,4375,,4848,,6111,,6378,,6962
153,"templo_de_debod",,6,,4,,35,,5333,,55,,54,,1364,,1364,,2727,,3182,,4545,,5,,2222,,2034,,3066,,3986,,4977,,5192
154,"Niagara_Falls",,8,,7,,6,,6,,675,,66,,1364,,2273,,3636,,5,,6364,,6818,,233,,3431,,4528,,5455,,6551,,6707
155,"Golden_Gate_Bridge_in_San_Francisco",,8,,9,,9,,9333,,95,,94,,1818,,3636,,4545,,5909,,6818,,7273,,2963,,518,,604,,7237,,7939,,8201
156,"Neuschwanstein_Castle",1,0,1,0,1,0,,9667,,95,,94,,2,,28,,52,,6,,6,,72,,3333,,4375,,6842,,7404,,7355,,8154
157,"Christ_Church_Cathedral_Missouri",,8,,9,,95,,9333,,9,,76,,12,,24,,32,,32,,44,,44,,2087,,3789,,4787,,4766,,591,,5573
158,"Mount_Rushmore_in_South_Dakota",1,0,,9,,95,,9667,,95,,9,,12,,28,,36,,56,,6,,68,,2143,,4271,,5221,,7092,,7355,,7747
159,"Puerta_de_Toledo",,2,,2,,1,,0667,,05,,04,,5,1,0,1,0,1,0,1,0,1,0,,2857,,3333,,1818,,125,,0952,,0769
160,"Urquhart_Castle",,6,,7,,7,,7333,,8,,82,,125,,25,,4167,,5,,5833,,7083,,2069,,3684,,5224,,5946,,6747,,7601
161,"Gare_du_Nord_Paris",,8,,8,,8,,8,,725,,66,,16,,2,,24,,28,,4,,52,,2667,,32,,3692,,4148,,5156,,5817
162,"Newgrange_in_Ireland",,8,,7,,75,,6667,,65,,72,,1667,,25,,4167,,5417,,5417,,5417,,2759,,3684,,5357,,5977,,5909,,6182
163,"Windmills_at_Kinderdijk",1,0,1,0,,8,,8,,775,,82,,16,,24,,28,,4,,44,,56,,2759,,3871,,4148,,5333,,5613,,6655
164,"Conciergerie",1,0,1,0,1,0,1,0,,975,,96,,16,,28,,44,,56,,6,,68,,2759,,4375,,6111,,7179,,7429,,7961
165,"Palazzo_Madama",,6,,8,,75,,6333,,575,,56,,1364,,3636,,5,,5,,5909,,7727,,2222,,5,,6,,5588,,5828,,6494
166,"Split_Rock_Lighthouse",1,0,1,0,,95,,9,,9,,86,,16,,24,,32,,4,,52,,6,,2759,,3871,,4787,,5538,,6592,,7068
167,"The_Little_Mermaid_Denmark",,2,,6,,8,,7667,,7,,56,,0714,,2143,,6429,,8571,,8571,,8571,,1053,,3158,,7129,,8094,,7706,,6774
168,"Great_Pyramid_of_Giza",,4,,3,,45,,5333,,525,,56,,1333,,2,,4667,,5333,,5333,,7333,,2,,24,,4582,,5333,,5291,,6351
169,"Pitti_Palace",1,0,,9,,85,,7667,,7,,6,,2273,,4091,,4545,,4545,,5455,,5909,,3704,,5625,,5923,,5707,,6131,,5954
170,"Georgia_State_Capitol",,6,,8,,6,,4,,3,,24,,1579,,2105,,2105,,2105,,2105,,2105,,25,,3333,,3117,,2759,,2474,,2243
171,"Dome_des_Invalides",1,0,1,0,,95,,9667,,975,,98,,2,,28,,44,,48,,6,,68,,3333,,4375,,6014,,6415,,7429,,8029
172,"Reggia_di_Caserta",,6,,6,,55,,5333,,5,,58,,08,,2,,28,,44,,52,,72,,1412,,3,,3711,,4822,,5098,,6425
173,"The_Burj_al_Arab_Hotel",,6,,8,,85,,8,,775,,82,,12,,2,,32,,48,,56,,68,,2,,32,,465,,6,,6502,,7435
174,"Elephanta_Caves",,8,,9,,95,,9667,,925,,84,,1667,,3333,,4583,,5833,,6667,,7083,,2759,,4865,,6183,,7276,,7749,,7686
175,"Basilica_of_Santa_Croce",1,0,1,0,1,0,1,0,1,0,1,0,,12,,2,,4,,44,,44,,52,,2143,,3333,,5714,,6111,,6111,,6842
176,"Aachen_Cathedral",1,0,1,0,1,0,1,0,,975,,98,,16,,28,,48,,56,,64,,68,,2759,,4375,,6486,,7179,,7728,,8029
177,"Monument_to_the_Great_Fire_of_London",,6,,6,,5,,5333,,625,,6,,12,,24,,36,,48,,56,,68,,2,,3429,,4186,,5053,,5907,,6375
178,"Longmen_Grottoes",,6,,7,,65,,7,,725,,72,,12,,24,,48,,6,,64,,76,,2,,3574,,5522,,6462,,6799,,7395
179,"Louisiana_State_Capitol",,4,,4,,3,,3333,,4,,42,,08,,12,,16,,24,,36,,48,,1333,,1846,,2087,,2791,,3789,,448
180,"The_Great_Sphinx_at_Giza",,8,,9,,85,,8333,,875,,88,,16,,28,,36,,56,,64,,68,,2667,,4271,,5058,,6699,,7393,,7672
181,"Teatro_Real_Madrid",,8,,9,,95,,7,,6,,62,,1739,,3043,,5217,,6087,,6957,,7391,,2857,,4549,,6736,,6512,,6443,,6743
182,"Palacio_de_la_Magdalena",,6,,7,,8,,7667,,75,,7,,12,,28,,4,,56,,68,,72,,2,,4,,5333,,6472,,7133,,7099
183,"Sowjetisches_Ehrenmal",,8,,5,,6,,7,,775,,76,,12,,16,,4,,64,,76,,84,,2087,,2424,,48,,6687,,7674,,798
184,"Cathedral_of_Trier",1,0,1,0,1,0,,8333,,825,,8,,2,,32,,44,,6,,76,,84,,3333,,4848,,6111,,6977,,7912,,8195
185,"Saint_Mary_of_the_Flower",,0,,0,,1,,1667,,35,,42,,0,,0,,08,,16,,36,,4,,0,,0,,0889,,1633,,3549,,4098
186,"Skellig_Michael",,8,,8,,7,,7,,725,,74,,16,,28,,4,,52,,56,,6,,2667,,4148,,5091,,5967,,6319,,6627
187,"Chicago_Board_of_Trade_Building",,2,,6,,8,,7667,,575,,58,,0455,,2273,,3636,,4545,,4545,,5909,,0741,,3297,,5,,5707,,5077,,5854
188,"Pont_de_Normandie_France",,8,,9,,95,,9333,,85,,74,,1579,,3684,,5263,,6316,,7368,,7895,,2637,,5228,,6774,,7534,,7894,,7639
189,"Palazzo_Rosso",,0,,0,,0,,0667,,1,,08,,0,,0,,0,,0833,,125,,125,,0,,0,,0,,0741,,1111,,0976
190,"Piazza_Vittorio_Veneto",,4,,7,,45,,4,,525,,5,,125,,375,,4375,,5,,8125,,9375,,1905,,4884,,4437,,4444,,6379,,6522
191,"Sforza_Castle",,8,,9,,9,,9333,,95,,92,,12,,24,,44,,52,,64,,72,,2087,,3789,,591,,6679,,7648,,8078
192,"Torres_KIO",1,0,1,0,,95,,9333,,825,,78,,2,,28,,36,,48,,56,,6,,3333,,4375,,5221,,634,,6671,,6783
193,"Torre_Picasso",,8,,9,,9,,7333,,75,,78,,1667,,25,,4583,,5417,,5417,,7083,,2759,,3913,,6074,,6231,,629,,7424
194,"The_Palace_of_Parliament_in_Bucharest",1,0,1,0,1,0,1,0,1,0,,92,,16,,24,,28,,48,,6,,64,,2759,,3871,,4375,,6486,,75,,7549
195,"Ernest_Hemingway_House",,6,,8,,85,,7667,,75,,76,,12,,24,,32,,48,,52,,6,,2,,3692,,465,,5904,,6142,,6706
196,"Castel_dellOvo_Napoli",1,0,,9,,95,,9667,,95,,86,,16,,28,,48,,72,,76,,8,,2759,,4271,,6378,,8253,,8444,,8289
197,"Villa_Borghese_gardens",1,0,1,0,1,0,1,0,,975,,98,,16,,28,,52,,72,,72,,8,,2759,,4375,,6842,,8372,,8283,,8809
198,"Saint_Marks_Basilica",1,0,1,0,1,0,1,0,1,0,,96,,12,,24,,28,,32,,4,,44,,2143,,3871,,4375,,4848,,5714,,6034
199,"Mausoleum_of_the_First_Qin_Emperor",1,0,,9,,8,,8333,,825,,8,,12,,24,,36,,44,,56,,64,,2143,,3789,,4966,,5759,,6671,,7111
200,"Mausoleum_of_Hadrian",,6,,8,,8,,7667,,625,,5,,1667,,2778,,4444,,5556,,5556,,5556,,2609,,4124,,5714,,6443,,5882,,5263
201,"Piazza_de_Ferrari",1,0,1,0,1,0,,9667,,9,,92,,2632,,4211,,4737,,5263,,5263,,5789,,4167,,5926,,6429,,6816,,6642,,7107
202,"George_Washington_Carver",1,0,,8,,75,,6667,,6,,62,,25,,375,,5,,5625,,625,,6875,,4,,5106,,6,,6102,,6122,,652
203,"Cathedral_of_Santiago_de_Compostela",,6,,8,,85,,7667,,75,,64,,1176,,2353,,6471,,7059,,7647,,7647,,1967,,3636,,7348,,735,,7573,,6968
204,"Saint-Jacques_Tower",,8,,9,,85,,7667,,75,,74,,2308,,3077,,3846,,5385,,8462,,8462,,3582,,4586,,5296,,6326,,7952,,7895
205,"Calakmul_Campeche_Mexico",,8,,9,,85,,8333,,775,,74,,2143,,3571,,5714,,6429,,7143,,8571,,338,,5114,,6834,,7258,,7434,,7943
206,"Bran_Castle_in_Transylvania",1,0,1,0,,95,,9667,,95,,9,,2632,,3684,,4737,,6316,,7895,,7895,,4167,,5385,,6322,,764,,8623,,8411
207,"Mosteiro_da_Batalha",1,0,1,0,1,0,1,0,1,0,1,0,,1579,,3158,,3684,,4737,,5789,,6842,,2727,,48,,5385,,6429,,7333,,8125
208,"Wartburg_Castle",1,0,,9,,9,,9333,,875,,88,,25,,4,,5,,75,,85,,9,,4,,5538,,6429,,8317,,8623,,8899
209,"Fujian_Tulou_Fujian_China",1,0,1,0,1,0,1,0,1,0,,98,,2778,,4444,,5,,7222,,7222,,8889,,4348,,6154,,6667,,8387,,8387,,9322
210,"Alabama_State_Capitol",,6,,5,,7,,7333,,75,,76,,1429,,2381,,5238,,6667,,7143,,7619,,2308,,3226,,5992,,6984,,7317,,761
211,"Palazzo_dAccursio",,6,,8,,85,,7667,,675,,58,,1667,,2778,,2778,,3889,,5,,5,,2609,,4124,,4187,,516,,5745,,537
212,"Casa_Grande_Ruins",,8,,8,,75,,7667,,775,,74,,1765,,2353,,2941,,3529,,4706,,5294,,2892,,3636,,4225,,4834,,5856,,6172
213,"Stravinsky_Fountain",1,0,1,0,1,0,,9667,,875,,86,,2667,,2667,,4667,,5333,,5333,,5333,,4211,,4211,,6364,,6874,,6627,,6584
214,"Angel_Falls_Venezuela",,6,,7,,6,,6,,6,,56,,1765,,2941,,3529,,4706,,6471,,7059,,2727,,4142,,4444,,5275,,6226,,6245
215,"Statue_of_George_IV",,4,,7,,55,,4333,,35,,28,,25,,625,,75,,875,1,0,1,0,,3077,,6604,,6346,,5796,,5185,,4375
216,"Palacio_Barolo",,6,,7,,8,,8667,,9,,9,,1765,,2353,,3529,,5294,,7647,,8235,,2727,,3522,,4898,,6573,,8269,,8601
217,"Bridge_of_Remembrance_Christchurch_New_Zealand",,8,,9,,95,,7333,,675,,54,,25,,4167,,75,,9167,,9167,,9167,,381,,5696,,8382,,8148,,7775,,6796
218,"John_A._Roebling_Suspension_Bridge",,2,,3,,3,,3333,,35,,44,,0667,,2,,2667,,4,,5333,,6,,1,,24,,2824,,3636,,4226,,5077
219,"Blue_Dome_Santorini",1,0,,9,,95,,9667,,85,,84,,3125,,4375,,625,,75,,8125,,8125,,4762,,5888,,754,,8447,,8308,,826
220,"Fossar_de_les_Moreres",,2,,5,,45,,4,,325,,26,,0714,,2857,,5,,5714,,5714,,5714,,1053,,3636,,4737,,4706,,4143,,3574
221,"Luxor_Obelisk_France",,8,,8,,85,,8333,,875,,8,,25,,25,,3125,,3125,,4375,,5,,381,,381,,457,,4545,,5833,,6154
222,"Valle_de_los_Caidos",,8,,9,,95,,9667,,95,,96,,15,,35,,45,,55,,65,,75,,2526,,504,,6107,,7011,,7719,,8421
--------------------
"--","Avg.",P@5,P@10,P@20,P@30,P@40,P@50,CR@5,CR@10,CR@20,CR@30,CR@40,CR@50,F1@5,F1@10,F1@20,F1@30,F1@40,F1@50
,,,7658,,7982,,784,,7704,,7555,,7432,,1531,,2646,,4005,,5114,,5964,,6635,,2504,,3884,,5177,,6004,,6506,,6847