--------------------
"Run name","output_runJCDSumSquaredError"
--------------------
"Average P@20 = ",,6874
"Average CR@20 = ",,3976
"Average F1@20 = ",,4967
--------------------
"Query Id ","Location name",P@5,P@10,P@20,P@30,P@40,P@50,CR@5,CR@10,CR@20,CR@30,CR@40,CR@50,F1@5,F1@10,F1@20,F1@30,F1@40,F1@50
1,"angel_of_the_north",1,0,1,0,,9,,9333,,95,,96,,2,,32,,44,,72,,76,,8,,3333,,4848,,591,,8129,,8444,,8727
2,"big_ben",1,0,1,0,1,0,1,0,,975,,98,,1364,,3636,,5909,,6818,,8182,,8182,,24,,5333,,7429,,8108,,8897,,8918
3,"hearst_castle",1,0,,9,,9,,9,,875,,82,,1667,,2917,,5,,5417,,6667,,75,,2857,,4406,,6429,,6763,,7568,,7834
4,"la_madeleine",,6,,4,,4,,4667,,475,,42,,1429,,2143,,3571,,4286,,5,,5,,2308,,2791,,3774,,4468,,4872,,4565
5,"pont_alexandre_iii",1,0,,9,,9,,9,,75,,74,,2,,32,,52,,56,,6,,6,,3333,,4721,,6592,,6904,,6667,,6627
6,"neues_museum",,6,,7,,8,,8333,,775,,8,,08,,2,,4,,6,,6,,6,,1412,,3111,,5333,,6977,,6764,,6857
7,"montezuma_castle",,6,,7,,7,,6333,,625,,62,,1667,,3333,,5,,5833,,6667,,75,,2609,,4516,,5833,,6073,,6452,,6788
8,"cn_tower",,4,,6,,55,,5333,,475,,56,,0833,,2083,,3333,,375,,4167,,4583,,1379,,3093,,4151,,4404,,4439,,5041
9,"acropolis_athens",,6,,6,,55,,6,,65,,7,,0952,,2381,,4762,,5238,,5714,,5714,,1644,,3409,,5104,,5593,,6082,,6292
10,"agra_fort",1,0,1,0,,95,,9667,,975,,86,,12,,32,,6,,72,,76,,84,,2143,,4848,,7355,,8253,,8542,,8499
11,"albert_memorial",,8,,7,,75,,8,,85,,8,,0909,,1818,,4091,,5,,5,,5,,1633,,2887,,5294,,6154,,6296,,6154
12,"altes_museum",1,0,,8,,8,,8333,,875,,82,,1667,,25,,5,,6667,,6667,,75,,2857,,381,,6154,,7407,,7568,,7834
13,"amiens_cathedral",1,0,1,0,1,0,1,0,1,0,1,0,,2,,36,,52,,6,,6,,68,,3333,,5294,,6842,,75,,75,,8095
14,"angkor_wat",,6,,6,,6,,6,,6,,66,,12,,24,,36,,4,,52,,56,,2,,3429,,45,,48,,5571,,6059
15,"ara_pacis",,6,,5,,45,,5,,525,,54,,1364,,1818,,2727,,4545,,4545,,5455,,2222,,2667,,3396,,4762,,4872,,5427
16,"arc_de_triomphe",,4,,6,,45,,3667,,425,,42,,0417,,1667,,25,,2917,,4167,,4583,,0755,,2609,,3214,,3249,,4208,,4383
17,"aztec_ruins",,4,,3,,35,,4667,,475,,38,,08,,12,,24,,44,,56,,56,,1333,,1714,,2847,,4529,,514,,4528
18,"berlin_cathedral",1,0,,9,,95,,9333,,925,,94,,2,,28,,56,,64,,72,,72,,3333,,4271,,7046,,7593,,8097,,8154
19,"bok_tower_gardens",1,0,1,0,,95,,9667,,975,,98,,16,,32,,44,,48,,52,,6,,2759,,4848,,6014,,6415,,6783,,7443
20,"brandenburg_gate",1,0,,9,,9,,9333,,775,,8,,2,,28,,52,,56,,64,,72,,3333,,4271,,6592,,7,,7011,,7579
21,"cabrillo",,2,,2,,15,,1333,,1,,08,,0769,,1538,,2308,,2308,,2308,,2308,,1111,,1739,,1818,,169,,1395,,1188
22,"casa_batllo",1,0,,9,,9,,9,,925,,92,,2,,36,,6,,72,,72,,76,,3333,,5143,,72,,8,,8097,,8324
23,"casa_rosada",1,0,,6,,7,,7333,,775,,74,,16,,16,,36,,48,,68,,72,,2759,,2526,,4755,,5802,,7244,,7299
24,"castillo_de_san_marcos",,6,,7,,75,,8333,,875,,86,,12,,24,,48,,6,,64,,68,,2,,3574,,5854,,6977,,7393,,7595
25,"chartres_cathedral",1,0,1,0,,9,,9333,,95,,96,,16,,28,,48,,56,,72,,76,,2759,,4375,,6261,,7,,8192,,8484
26,"chichen_itza",1,0,,9,,85,,9,,9,,92,,2,,32,,4,,48,,52,,56,,3333,,4721,,544,,6261,,6592,,6962
27,"christ_the_redeemer_rio",,2,,2,,35,,3333,,475,,52,,0435,,0435,,2174,,3043,,4348,,4783,,0714,,0714,,2682,,3182,,454,,4983
28,"civic_center_san_francisco",,4,,4,,3,,2333,,175,,26,,08,,16,,2,,2,,2,,32,,1333,,2286,,24,,2154,,1867,,2869
29,"cologne_cathedral",1,0,1,0,,95,,9,,9,,92,,16,,36,,44,,52,,64,,68,,2759,,5294,,6014,,6592,,7481,,782
30,"colosseum",,8,,6,,8,,8333,,875,,88,,12,,16,,4,,52,,6,,64,,2087,,2526,,5333,,6404,,7119,,7411
31,"doge_s_palace",1,0,,9,,8,,8,,775,,78,,16,,28,,36,,4,,44,,56,,2759,,4271,,4966,,5333,,5613,,6519
32,"eiffel_tower",1,0,1,0,1,0,1,0,1,0,,96,,2,,36,,48,,64,,68,,68,,3333,,5294,,6486,,7805,,8095,,7961
33,"golden_gate_bridge",1,0,,7,,8,,8667,,875,,88,,1739,,2174,,4348,,5217,,6522,,6957,,2963,,3318,,5634,,6514,,7473,,777
34,"grand_palais",1,0,1,0,,9,,8667,,9,,9,,2273,,4545,,5,,5455,,5909,,5909,,3704,,625,,6429,,6695,,7134,,7134
35,"guggenheim_museum_bilbao",1,0,1,0,,95,,9667,,925,,88,,16,,36,,52,,64,,68,,68,,2759,,5294,,6721,,7701,,7838,,7672
36,"hagia_sophia_istanbul",1,0,1,0,1,0,,9667,,925,,92,,2,,32,,44,,52,,64,,64,,3333,,4848,,6111,,6762,,7565,,7549
37,"hoover_dam",,6,,7,,65,,7,,75,,78,,12,,24,,36,,6,,68,,72,,2,,3574,,4634,,6462,,7133,,7488
38,"humayun_tomb",,6,,8,,75,,7,,775,,8,,12,,32,,48,,6,,64,,76,,2,,4571,,5854,,6462,,7011,,7795
39,"iguazu_falls",,8,,6,,6,,7,,775,,76,,16,,24,,36,,52,,6,,68,,2667,,3429,,45,,5967,,6764,,7178
40,"iolani_palace",,8,,8,,8,,7667,,75,,76,,12,,28,,52,,6,,68,,72,,2087,,4148,,6303,,6732,,7133,,7395
41,"la_mezquita",,4,,5,,55,,6667,,575,,6,,0833,,1667,,3333,,4167,,4583,,5417,,1379,,25,,4151,,5128,,5101,,5693
42,"la_rambla_barcelona",,6,,6,,65,,7,,725,,64,,08,,2,,32,,48,,56,,6,,1412,,3,,4289,,5695,,6319,,6194
43,"la_sainte_chapelle",1,0,1,0,1,0,1,0,,975,,96,,2,,28,,6,,68,,76,,8,,3333,,4375,,75,,8095,,8542,,8727
44,"liberty_memorial",,2,,4,,45,,4,,375,,3,,04,,12,,24,,28,,36,,36,,0667,,1846,,313,,3294,,3673,,3273
45,"lincoln_home",,0,,3,,3,,2667,,225,,2,,0,,1667,,2778,,3889,,4444,,5,,0,,2143,,2885,,3164,,2988,,2857
46,"machu_picchu",,8,,8,,85,,8333,,8,,78,,12,,24,,44,,52,,56,,56,,2087,,3692,,5798,,6404,,6588,,6519
47,"marble_arch_london",,2,,1,,2,,1667,,175,,18,,0833,,0833,,3333,,4167,,4167,,4167,,1176,,0909,,25,,2381,,2465,,2514
48,"milan_cathedral",1,0,,8,,9,,9,,925,,94,,2,,32,,52,,56,,68,,68,,3333,,4571,,6592,,6904,,7838,,7891
49,"mole_antonelliana",1,0,,9,,75,,6,,65,,68,,16,,28,,4,,4,,56,,6,,2759,,4271,,5217,,48,,6017,,6375
50,"mont_saint_michel",1,0,,7,,85,,8667,,825,,84,,16,,24,,48,,64,,8,,88,,2759,,3574,,6135,,7363,,8123,,8595
51,"moulin_rouge",,0,,0,,1,,0667,,05,,06,,0,,0,,25,,25,,25,,375,,0,,0,,1429,,1053,,0833,,1034
52,"nelson_s_column",,8,,9,,75,,8,,75,,66,,1667,,3333,,5,,5833,,625,,6667,,2759,,4865,,6,,6747,,6818,,6633
53,"notre_dame_de_paris",,6,,7,,7,,8,,85,,84,,08,,2,,4,,56,,64,,68,,1412,,3111,,5091,,6588,,7302,,7516
54,"obelisco",,4,,2,,1,,1,,125,,12,,0909,,0909,,0909,,1818,,2727,,3636,,1481,,125,,0952,,129,,1714,,1805
55,"piccadilly_circus",,2,,3,,55,,5,,475,,54,,0435,,1304,,3913,,5217,,5217,,6087,,0714,,1818,,4573,,5106,,4973,,5723
56,"place_de_la_concorde",1,0,1,0,1,0,,9667,,975,,98,,16,,32,,56,,68,,68,,72,,2759,,4848,,7179,,7984,,8012,,8301
57,"place_de_la_republique",,4,,2,,15,,1,,075,,08,,25,,25,,375,,375,,375,,5,,3077,,2222,,2143,,1579,,125,,1379
58,"place_des_vosges",1,0,,8,,75,,8333,,825,,82,,16,,24,,4,,56,,72,,8,,2759,,3692,,5217,,6699,,7689,,8099
59,"pont_du_gard",,4,,5,,55,,5667,,65,,72,,08,,2,,36,,44,,52,,52,,1333,,2857,,4352,,4954,,5778,,6039
60,"pont_neuf",,8,,8,,8,,8,,775,,68,,16,,32,,48,,6,,64,,68,,2667,,4571,,6,,6857,,7011,,68
61,"ponte_vecchio",1,0,,7,,65,,7,,75,,74,,2083,,2083,,4167,,5417,,7083,,7083,,3448,,3211,,5078,,6107,,7286,,7238
62,"puerta_de_alcala",,6,,5,,35,,3333,,35,,34,,1053,,2105,,3158,,3684,,5263,,5789,,1791,,2963,,332,,35,,4204,,4284
63,"puerta_del_sol",,6,,5,,4,,3333,,375,,4,,15,,2,,35,,45,,5,,55,,24,,2857,,3733,,383,,4286,,4632
64,"red_fort",1,0,,9,,9,,8333,,775,,82,,2,,28,,44,,56,,68,,84,,3333,,4271,,591,,6699,,7244,,8299
65,"reims_cathedral",1,0,1,0,,95,,8,,75,,8,,16,,36,,56,,64,,72,,72,,2759,,5294,,7046,,7111,,7347,,7579
66,"rialto_bridge",,0,,2,,25,,3,,225,,18,,0,,125,,1875,,3125,,3125,,3125,,0,,1538,,2143,,3061,,2616,,2284
67,"roman_forum_rome",1,0,,9,,9,,9,,925,,88,,2,,32,,52,,64,,8,,84,,3333,,4721,,6592,,7481,,858,,8595
68,"sacre_coeur",,4,,4,,45,,4333,,5,,48,,0833,,1667,,3333,,4167,,5833,,5833,,1379,,2353,,383,,4248,,5385,,5266
69,"sagrada_familia",1,0,,8,,9,,9333,,925,,92,,2,,32,,56,,68,,72,,76,,3333,,4571,,6904,,7868,,8097,,8324
70,"santa_maria_novella",,4,,4,,55,,5333,,65,,6,,08,,16,,28,,36,,48,,56,,1333,,2286,,3711,,4299,,5522,,5793
71,"schonbrunn_palace",,6,,8,,65,,6667,,675,,72,,12,,24,,28,,4,,52,,64,,2,,3692,,3914,,5,,5874,,6776
72,"seville_cathedral",1,0,1,0,1,0,,9333,,95,,96,,16,,36,,64,,72,,76,,84,,2759,,5294,,7805,,8129,,8444,,896
73,"spanish_steps",,6,,8,,7,,6667,,675,,62,,1364,,3636,,5,,5,,5909,,6364,,2222,,5,,5833,,5714,,6302,,6281
74,"st__basil_cathedral",1,0,,8,,8,,7333,,75,,8,,2,,28,,44,,44,,52,,6,,3333,,4148,,5677,,55,,6142,,6857
75,"statue_of_liberty",,2,,5,,55,,5667,,6,,68,,04,,12,,24,,44,,48,,6,,0667,,1935,,3342,,4954,,5333,,6375
76,"stonehenge",,4,,5,,55,,5667,,55,,58,,1053,,2632,,3684,,4737,,5263,,5789,,1667,,3448,,4413,,516,,5379,,5795
77,"summer_palace_beijing",,8,,8,,75,,7667,,75,,76,,16,,28,,4,,6,,6,,6,,2667,,4148,,5217,,6732,,6667,,6706
78,"sydney_opera_house",,6,,7,,75,,6333,,675,,74,,12,,24,,44,,48,,48,,52,,2,,3574,,5546,,5461,,561,,6108
79,"teotihuacan",,8,,9,,95,,9,,875,,88,,12,,28,,52,,52,,6,,68,,2087,,4271,,6721,,6592,,7119,,7672
80,"terracotta_army",,2,,6,,65,,5,,45,,56,,05,,3,,5,,5,,55,,65,,08,,4,,5652,,5,,495,,6017
81,"the_blue_mosque",,8,,8,,85,,8667,,8,,78,,16,,32,,4,,52,,6,,64,,2667,,4571,,544,,65,,6857,,7031
82,"the_henry_ford",1,0,,7,,5,,5,,475,,48,,2,,28,,36,,4,,44,,48,,3333,,4,,4186,,4444,,4568,,48
83,"taj_mahal",,8,,8,,7,,7333,,8,,76,,16,,24,,36,,52,,64,,68,,2667,,3692,,4755,,6085,,7111,,7178
84,"tour_montparnasse",,2,,5,,4,,4667,,425,,36,,05,,2,,25,,4,,45,,45,,08,,2857,,3077,,4308,,4371,,4
85,"tower_bridge_london",,4,,5,,55,,4667,,45,,48,,04,,16,,2,,28,,32,,4,,0727,,2424,,2933,,35,,374,,4364
86,"trafalgar_square",,6,,4,,5,,5333,,45,,44,,1364,,1818,,3182,,4545,,4545,,5,,2222,,25,,3889,,4908,,4523,,4681
87,"leaning_tower_of_pisa",1,0,,6,,75,,7333,,75,,74,,16,,16,,4,,44,,48,,6,,2759,,2526,,5217,,55,,5854,,6627
88,"hermitage_museum_saint_petersburg",,2,,6,,75,,7667,,725,,66,,04,,24,,4,,56,,64,,68,,0667,,3429,,5217,,6472,,6799,,6699
89,"jantar_mantar_jaipur",,8,,8,,7,,7,,775,,82,,16,,28,,44,,56,,64,,72,,2667,,4148,,5404,,6222,,7011,,7668
90,"lake_titicaca_peru",,4,,5,,6,,5,,475,,48,,0833,,2083,,3333,,4167,,4583,,5417,,1379,,2941,,4286,,4545,,4665,,509
91,"the_great_wall_of_china",,2,,6,,75,,8333,,8,,76,,04,,24,,44,,6,,6,,68,,0667,,3429,,5546,,6977,,6857,,7178
92,"grande_arche_paris",,8,,8,,7,,7,,7,,64,,12,,24,,4,,48,,52,,56,,2087,,3692,,5091,,5695,,5967,,5973
93,"el_angel_mexico",,2,,3,,4,,4,,425,,38,,0476,,1429,,2857,,381,,4286,,4286,,0769,,1935,,3333,,3902,,4268,,4028
94,"bibliotheque_nationale_de_france",1,0,,8,,8,,8,,8,,82,,12,,2,,32,,4,,48,,52,,2143,,32,,4571,,5333,,6,,6364
95,"kronborg_castle",1,0,,7,,75,,8,,825,,86,,2083,,2917,,4167,,5833,,625,,7083,,3448,,4118,,5357,,6747,,7112,,7768
96,"ajanta_caves",1,0,,9,,85,,8333,,85,,84,,1818,,2273,,4091,,5909,,6364,,6364,,3077,,3629,,5523,,6915,,7278,,7241
97,"atomium",1,0,1,0,,95,,9667,,975,,98,,1429,,381,,5238,,619,,6667,,7143,,25,,5517,,6753,,7548,,7919,,8263
98,"ellora_caves",1,0,1,0,1,0,,9667,,95,,96,,1818,,2273,,4545,,5455,,5909,,6818,,3077,,3704,,625,,6974,,7286,,7973
99,"potala_palace",,6,,7,,65,,7,,7,,7,,1667,,3333,,3889,,6111,,6667,,7222,,2609,,4516,,4866,,6525,,6829,,7109
100,"jokhang",,6,,6,,6,,5667,,55,,62,,12,,24,,36,,48,,6,,64,,2,,3429,,45,,5197,,5739,,6298
101,"rila_monastery",1,0,1,0,,9,,9,,925,,9,,12,,2,,28,,32,,32,,4,,2143,,3333,,4271,,4721,,4755,,5538
102,"louvre_pyramid",,8,,9,,95,,9667,,975,,98,,1111,,3889,,5,,6111,,6111,,6667,,1951,,5431,,6552,,7488,,7513,,7935
103,"brooklyn_bridge",,6,,8,,9,,9,,925,,9,,0952,,1905,,381,,5238,,5238,,5714,,1644,,3077,,5353,,6622,,6689,,699
104,"tower_of_london",,6,,6,,7,,6667,,7,,64,,1304,,2609,,4348,,4783,,5217,,6087,,2143,,3636,,5364,,557,,5979,,624
105,"british_museum_london",1,0,1,0,,85,,8667,,9,,92,,15,,35,,35,,45,,5,,5,,2609,,5185,,4958,,5924,,6429,,6479
106,"buckingham_palace",,4,,4,,4,,3667,,325,,38,,1,,2,,4,,55,,55,,6,,16,,2667,,4,,44,,4086,,4653
107,"charles_bridge_prague",,6,,5,,6,,5667,,575,,6,,0833,,1667,,2917,,375,,4167,,5,,1463,,25,,3925,,4513,,4832,,5455
108,"champs_elysees_paris",,0,,1,,35,,4,,45,,46,,0,,0667,,4,,4667,,5333,,5333,,0,,08,,3733,,4308,,4881,,494
109,"chrysler_building",1,0,,9,,8,,8667,,875,,9,,2143,,2857,,5,,5714,,6429,,7143,,3529,,4337,,6154,,6887,,7412,,7965
110,"moma_new_york",,8,,9,,9,,9,,9,,82,,1053,,3158,,4737,,5789,,6842,,7368,,186,,4675,,6207,,7046,,7774,,7762
111,"grand_central_terminal",1,0,,9,,95,,9333,,95,,96,,1905,,2381,,4286,,4286,,4762,,4762,,32,,3766,,5907,,5874,,6344,,6366
112,"houses_of_parliament",,2,,6,,7,,7,,675,,72,,0435,,2174,,4348,,5652,,5652,,6087,,0714,,3191,,5364,,6254,,6152,,6597
113,"alexanderplatz_berlin",,6,,6,,6,,5667,,475,,52,,12,,24,,4,,48,,48,,52,,2,,3429,,48,,5197,,4775,,52
114,"centre_pompidou",1,0,,7,,7,,7,,775,,78,,2222,,2778,,3333,,4444,,5556,,5556,,3636,,3977,,4516,,5437,,6472,,6489
115,"sydney_harbour_bridge",,2,,6,,65,,7,,775,,76,,0625,,1875,,4375,,5625,,6875,,6875,,0952,,2857,,523,,6238,,7286,,7219
116,"pier_39",1,0,1,0,,95,,9333,,95,,94,,0952,,2381,,2857,,4286,,5714,,619,,1739,,3846,,4393,,5874,,7136,,7465
117,"coit_tower",,4,,5,,5,,4333,,475,,56,,1333,,2,,4,,4667,,5333,,5333,,2,,2857,,4444,,4494,,5025,,5463
118,"st_paul_s_cathedral_london",,8,,7,,7,,7,,65,,62,,1176,,2941,,4706,,5294,,5294,,5882,,2051,,4142,,5628,,6029,,5835,,6037
119,"cloud_gate",,8,,9,,85,,8333,,725,,7,,3333,,5,,6667,,75,,75,,8333,,4706,,6429,,7473,,7895,,7373,,7609
120,"musee_d_orsay",1,0,1,0,1,0,1,0,,975,,94,,1905,,2381,,4286,,5714,,619,,619,,32,,3846,,6,,7273,,7573,,7465
121,"pike_place_market",1,0,,8,,75,,7,,675,,72,,0952,,1905,,4286,,5238,,5238,,619,,1739,,3077,,5455,,5992,,5899,,6657
122,"royal_palace_madrid",,8,,7,,7,,6667,,725,,68,,1818,,3182,,4545,,5909,,7727,,7727,,2963,,4375,,5512,,6265,,7481,,7234
123,"sony_center_berlin",1,0,1,0,,95,,9,,8,,76,,1429,,2857,,381,,4286,,4286,,4762,,25,,4444,,5438,,5806,,5581,,5855
124,"red_square_moscow",,8,,8,,7,,5333,,625,,62,,1429,,2381,,381,,4286,,5238,,6667,,2424,,367,,4934,,4752,,5699,,6425
125,"prague_castle",,4,,7,,75,,8,,85,,86,,08,,28,,52,,6,,68,,84,,1333,,4,,6142,,6857,,7556,,8499
126,"musee_du_louvre",1,0,,9,,95,,9667,,95,,96,,2,,32,,48,,6,,68,,72,,3333,,4721,,6378,,7404,,7926,,8229
127,"millennium_bridge_london",1,0,1,0,,9,,7667,,75,,78,,16,,24,,48,,48,,64,,76,,2759,,3871,,6261,,5904,,6906,,7699
128,"casa_mila",1,0,,9,,95,,9333,,95,,96,,16,,28,,4,,44,,52,,6,,2759,,4271,,563,,5981,,6721,,7385
129,"national_gallery_london",,8,,6,,4,,4,,425,,42,,1818,,2727,,3636,,5,,5909,,6818,,2963,,375,,381,,4444,,4944,,5198
130,"national_mall",,4,,7,,75,,6667,,575,,64,,08,,28,,52,,6,,6,,64,,1333,,4,,6142,,6316,,5872,,64
131,"london_city_hall",,6,,6,,55,,5333,,575,,5,,15,,3,,35,,5,,65,,65,,24,,4,,4278,,5161,,6102,,5652
132,"holocaust_memorial",,6,,5,,35,,5,,5,,56,,1875,,3125,,375,,5,,5625,,6875,,2857,,3846,,3621,,5,,5294,,6172
133,"columbus_circle",,8,,8,,6,,5667,,525,,52,,16,,24,,28,,28,,32,,4,,2667,,3692,,3818,,3748,,3976,,4522
134,"siegessaeule",,6,,5,,7,,8,,85,,88,,08,,16,,32,,56,,68,,76,,1412,,2424,,4392,,6588,,7556,,8156
135,"jardin_du_luxembourg",1,0,,8,,9,,8667,,825,,8,,16,,24,,48,,6,,68,,72,,2759,,3692,,6261,,7091,,7455,,7579
136,"merlion_singapore",,4,,4,,3,,3667,,425,,48,,0909,,1818,,2727,,4091,,5455,,5909,,1481,,25,,2857,,3867,,4778,,5297
137,"harrods_london",,8,,9,,85,,8667,,875,,88,,12,,24,,4,,52,,52,,56,,2087,,3789,,544,,65,,6523,,6844
138,"metropolitan_museum_of_art_new_york",,6,,8,,9,,9333,,95,,94,,12,,32,,6,,64,,72,,8,,2,,4571,,72,,7593,,8192,,8644
139,"new_york_stock_exchange",,4,,4,,5,,4,,4,,4,,1,,2,,35,,35,,4,,4,,16,,2667,,4118,,3733,,4,,4
140,"stephansdom_vienna",,8,,9,,75,,7,,75,,74,,12,,28,,4,,56,,68,,72,,2087,,4271,,5217,,6222,,7133,,7299
141,"hms_belfast",,8,,9,,75,,8333,,8,,8,,12,,32,,44,,52,,6,,72,,2087,,4721,,5546,,6404,,6857,,7579
142,"leicester_square",,6,,5,,65,,7,,675,,7,,12,,16,,32,,4,,4,,44,,2,,2424,,4289,,5091,,5023,,5404
143,"ciudad_de_las_artes_y_las_ciencias",1,0,1,0,1,0,,9667,,9,,92,,12,,28,,32,,48,,56,,64,,2143,,4375,,4848,,6415,,6904,,7549
144,"topkapi_palace",,8,,9,,95,,9333,,9,,9,,12,,28,,52,,52,,64,,68,,2087,,4271,,6721,,6679,,7481,,7747
145,"royal_albert_hall",,8,,7,,65,,7,,65,,62,,12,,24,,36,,44,,48,,52,,2087,,3574,,4634,,5404,,5522,,5656
146,"st_vitus_cathedral",1,0,1,0,1,0,,9667,,925,,92,,12,,24,,44,,52,,6,,6,,2143,,3871,,6111,,6762,,7279,,7263
147,"castello_sforzesco",,8,,9,,9,,9,,925,,92,,12,,24,,48,,6,,64,,64,,2087,,3789,,6261,,72,,7565,,7549
148,"rijksmuseum_amsterdam",1,0,1,0,,95,,9667,,975,,98,,16,,32,,44,,52,,64,,68,,2759,,4848,,6014,,6762,,7728,,8029
149,"dam_square",,8,,9,,7,,6333,,65,,62,,16,,28,,36,,48,,52,,6,,2667,,4271,,4755,,5461,,5778,,6098
150,"rathaus_vienna",,2,,3,,4,,4,,425,,44,,04,,12,,32,,36,,44,,48,,0667,,1714,,3556,,3789,,4324,,4591
151,"bath_abbey",1,0,,8,,85,,9,,925,,9,,2,,24,,52,,72,,72,,72,,3333,,3692,,6453,,8,,8097,,8
152,"salisbury_cathedral",1,0,,9,,85,,9,,925,,94,,16,,28,,44,,52,,56,,6,,2759,,4271,,5798,,6592,,6976,,7325
153,"templo_de_debod",,2,,2,,4,,4667,,45,,46,,0455,,0909,,2727,,4091,,5,,5909,,0741,,125,,3243,,436,,4737,,5173
154,"Niagara_Falls",,2,,3,,25,,4,,45,,5,,0455,,0909,,1818,,3182,,4091,,5455,,0741,,1395,,2105,,3544,,4286,,5217
155,"Golden_Gate_Bridge_in_San_Francisco",,8,,9,,95,,9667,,95,,96,,1818,,3636,,5455,,6364,,7273,,8636,,2963,,518,,693,,7675,,8238,,9093
156,"Neuschwanstein_Castle",,8,,7,,8,,8,,85,,88,,16,,24,,48,,6,,64,,72,,2667,,3574,,6,,6857,,7302,,792
157,"Christ_Church_Cathedral_Missouri",,8,,9,,9,,8333,,825,,84,,16,,24,,44,,56,,56,,64,,2667,,3789,,591,,6699,,6671,,7265
158,"Mount_Rushmore_in_South_Dakota",1,0,,8,,8,,8667,,875,,84,,2,,28,,52,,56,,6,,64,,3333,,4148,,6303,,6804,,7119,,7265
159,"Puerta_de_Toledo",,0,,0,,0,,0667,,1,,08,,0,,0,,0,1,0,1,0,1,0,,0,,0,,0,,125,,1818,,1481
160,"Urquhart_Castle",1,0,,9,,85,,8,,775,,82,,2083,,2917,,4167,,625,,7083,,7917,,3448,,4406,,5592,,7018,,7402,,8056
161,"Gare_du_Nord_Paris",,4,,6,,5,,5,,5,,5,,08,,16,,24,,28,,4,,48,,1333,,2526,,3243,,359,,4444,,4898
162,"Newgrange_in_Ireland",,6,,6,,5,,5667,,575,,66,,125,,25,,375,,5417,,625,,7083,,2069,,3529,,4286,,5539,,599,,6833
163,"Windmills_at_Kinderdijk",,8,,9,,95,,9333,,9,,92,,16,,32,,44,,56,,56,,64,,2667,,4721,,6014,,7,,6904,,7549
164,"Conciergerie",1,0,1,0,1,0,1,0,,975,,98,,16,,28,,44,,6,,72,,8,,2759,,4375,,6111,,75,,8283,,8809
165,"Palazzo_Madama",1,0,,7,,55,,5333,,525,,52,,1364,,1818,,3182,,4545,,5,,5909,,24,,2887,,4031,,4908,,5122,,5532
166,"Split_Rock_Lighthouse",,6,,7,,8,,8333,,675,,66,,08,,2,,36,,44,,48,,48,,1412,,3111,,4966,,5759,,561,,5558
167,"The_Little_Mermaid_Denmark",,2,,1,,1,,0667,,075,,06,,0714,,0714,,1429,,1429,,2143,,2143,,1053,,0833,,1176,,0909,,1111,,0938
168,"Great_Pyramid_of_Giza",,8,,6,,65,,7,,7,,72,,2,,2667,,4,,4,,5333,,6,,32,,3692,,4952,,5091,,6054,,6545
169,"Pitti_Palace",,8,,9,,75,,7,,575,,54,,0909,,1818,,3182,,4545,,4545,,4545,,1633,,3025,,4468,,5512,,5077,,4936
170,"Georgia_State_Capitol",,2,,1,,2,,1333,,1,,1,,0526,,0526,,2105,,2105,,2105,,2105,,0833,,069,,2051,,1633,,1356,,1356
171,"Dome_des_Invalides",1,0,1,0,1,0,1,0,,975,,92,,16,,28,,44,,6,,64,,72,,2759,,4375,,6111,,75,,7728,,8078
172,"Reggia_di_Caserta",,6,,6,,7,,7333,,675,,7,,08,,2,,36,,48,,6,,64,,1412,,3,,4755,,5802,,6353,,6687
173,"The_Burj_al_Arab_Hotel",,6,,8,,8,,8,,7,,62,,12,,28,,44,,6,,6,,6,,2,,4148,,5677,,6857,,6462,,6098
174,"Elephanta_Caves",,8,,9,,8,,8667,,9,,92,,1667,,2917,,4167,,5417,,5833,,7083,,2759,,4406,,5479,,6667,,7079,,8004
175,"Basilica_of_Santa_Croce",,8,,9,,95,,9333,,95,,96,,16,,32,,48,,52,,64,,64,,2667,,4721,,6378,,6679,,7648,,768
176,"Aachen_Cathedral",,6,,8,,8,,7667,,8,,82,,12,,28,,36,,56,,64,,64,,2,,4148,,4966,,6472,,7111,,7189
177,"Monument_to_the_Great_Fire_of_London",1,0,,8,,55,,5667,,525,,54,,16,,24,,32,,48,,52,,72,,2759,,3692,,4046,,5197,,5225,,6171
178,"Longmen_Grottoes",,4,,7,,55,,6667,,55,,54,,08,,24,,32,,56,,6,,64,,1333,,3574,,4046,,6087,,5739,,5858
179,"Louisiana_State_Capitol",,2,,1,,3,,3667,,425,,44,,04,,04,,24,,4,,44,,56,,0667,,0571,,2667,,3826,,4324,,4928
180,"The_Great_Sphinx_at_Giza",,6,,5,,65,,6333,,6,,54,,04,,12,,28,,4,,52,,6,,075,,1935,,3914,,4903,,5571,,5684
181,"Teatro_Real_Madrid",,2,,3,,45,,5,,5,,48,,0435,,1304,,3043,,3478,,4783,,4783,,0714,,1818,,3631,,4103,,4889,,4791
182,"Palacio_de_la_Magdalena",,6,,6,,65,,7,,7,,68,,12,,24,,44,,6,,68,,8,,2,,3429,,5248,,6462,,6899,,7351
183,"Sowjetisches_Ehrenmal",,8,,8,,7,,6,,5,,48,,16,,24,,48,,56,,6,,64,,2667,,3692,,5695,,5793,,5455,,5486
184,"Cathedral_of_Trier",,8,,7,,6,,6,,65,,68,,12,,24,,28,,4,,48,,64,,2087,,3574,,3818,,48,,5522,,6594
185,"Saint_Mary_of_the_Flower",,2,,4,,3,,3333,,3,,3,,04,,16,,24,,32,,36,,4,,0667,,2286,,2667,,3265,,3273,,3429
186,"Skellig_Michael",1,0,,9,,85,,8667,,85,,84,,16,,28,,44,,52,,64,,64,,2759,,4271,,5798,,65,,7302,,7265
187,"Chicago_Board_of_Trade_Building",,2,,3,,35,,3333,,25,,28,,0455,,1364,,2727,,3182,,3182,,3636,,0741,,1875,,3066,,3256,,28,,3164
188,"Pont_de_Normandie_France",1,0,,7,,6,,5667,,55,,58,,2105,,2105,,3684,,4737,,4737,,4737,,3478,,3237,,4565,,516,,509,,5215
189,"Palazzo_Rosso",,0,,0,,05,,0333,,025,,04,,0,,0,,0417,,0417,,0417,,0833,,0,,0,,0455,,037,,0312,,0541
190,"Piazza_Vittorio_Veneto",,6,,4,,35,,3,,375,,48,,125,,1875,,375,,375,,5625,,8125,,2069,,2553,,3621,,3333,,45,,6035
191,"Sforza_Castle",,8,,7,,85,,9,,925,,94,,16,,24,,4,,44,,52,,52,,2667,,3574,,544,,591,,6657,,6696
192,"Torres_KIO",,8,,8,,85,,9,,9,,92,,16,,24,,36,,44,,52,,56,,2667,,3692,,5058,,591,,6592,,6962
193,"Torre_Picasso",,8,,6,,65,,7333,,75,,76,,125,,2083,,2917,,3333,,4583,,5,,2162,,3093,,4027,,4583,,569,,6032
194,"The_Palace_of_Parliament_in_Bucharest",1,0,,9,,95,,9667,,975,,96,,2,,32,,48,,56,,68,,8,,3333,,4721,,6378,,7092,,8012,,8727
195,"Ernest_Hemingway_House",,4,,6,,75,,6667,,65,,62,,08,,24,,44,,56,,6,,68,,1333,,3429,,5546,,6087,,624,,6486
196,"Castel_dellOvo_Napoli",,4,,5,,7,,7,,7,,72,,08,,16,,36,,52,,6,,72,,1333,,2424,,4755,,5967,,6462,,72
197,"Villa_Borghese_gardens",,6,,7,,75,,8,,8,,82,,12,,24,,36,,52,,6,,6,,2,,3574,,4865,,6303,,6857,,693
198,"Saint_Marks_Basilica",,8,,9,,9,,9333,,925,,92,,12,,28,,56,,6,,64,,68,,2087,,4271,,6904,,7304,,7565,,782
199,"Mausoleum_of_the_First_Qin_Emperor",,8,,9,,95,,9667,,825,,86,,16,,32,,56,,72,,76,,76,,2667,,4721,,7046,,8253,,7912,,8069
200,"Mausoleum_of_Hadrian",,6,,7,,6,,5667,,525,,54,,1667,,2778,,5,,6111,,6667,,7222,,2609,,3977,,5455,,5881,,5874,,618
201,"Piazza_de_Ferrari",,8,,9,,8,,8,,825,,84,,2105,,3158,,4211,,5789,,6316,,6842,,3333,,4675,,5517,,6718,,7154,,7541
202,"George_Washington_Carver",,4,,4,,4,,5,,6,,6,,125,,1875,,25,,4375,,4375,,5625,,1905,,2553,,3077,,4667,,506,,5806
203,"Cathedral_of_Santiago_de_Compostela",,6,,8,,75,,7333,,7,,7,,1765,,2353,,2941,,5294,,7647,,8235,,2727,,3636,,4225,,6149,,7309,,7568
204,"Saint-Jacques_Tower",,8,,7,,75,,7667,,675,,68,,3077,,3077,,4615,,6154,,6154,,7692,,4444,,4275,,5714,,6827,,6438,,7219
205,"Calakmul_Campeche_Mexico",,2,,4,,35,,3,,225,,2,,0714,,2857,,2857,,2857,,2857,,2857,,1053,,3333,,3146,,2927,,2517,,2353
206,"Bran_Castle_in_Transylvania",,8,,8,,85,,8667,,9,,86,,2105,,3158,,5263,,6316,,6316,,6316,,3333,,4528,,6501,,7307,,7423,,7283
207,"Mosteiro_da_Batalha",1,0,1,0,1,0,1,0,1,0,1,0,,1579,,2632,,4737,,5789,,7368,,7368,,2727,,4167,,6429,,7333,,8485,,8485
208,"Wartburg_Castle",,8,,9,,9,,8667,,825,,84,,15,,4,,6,,6,,7,,7,,2526,,5538,,72,,7091,,7574,,7636
209,"Fujian_Tulou_Fujian_China",1,0,,9,,85,,9,,825,,82,,2778,,4444,,5556,,6667,,7222,,7778,,4348,,595,,6719,,766,,7702,,7983
210,"Alabama_State_Capitol",,0,,4,,5,,4667,,5,,48,,0,,1905,,381,,4762,,619,,619,,0,,2581,,4324,,4714,,5532,,5407
211,"Palazzo_dAccursio",,6,,6,,55,,6,,6,,48,,1667,,2778,,2778,,3333,,3333,,3333,,2609,,3797,,3691,,4286,,4286,,3934
212,"Casa_Grande_Ruins",,8,,7,,8,,8333,,7,,7,,1176,,1765,,4118,,5294,,5882,,6471,,2051,,2819,,5437,,6475,,6393,,6725
213,"Stravinsky_Fountain",,8,,7,,7,,8,,85,,78,,2667,,2667,,4667,,5333,,6,,6,,4,,3862,,56,,64,,7034,,6783
214,"Angel_Falls_Venezuela",,2,,5,,55,,5333,,525,,42,,0588,,2941,,4706,,5294,,6471,,6471,,0909,,3704,,5072,,5314,,5797,,5094
215,"Statue_of_George_IV",,0,,0,,05,,1,,15,,12,,0,,0,,125,,25,,25,,25,,0,,0,,0714,,1429,,1875,,1622
216,"Palacio_Barolo",,8,,8,,8,,8333,,85,,88,,1765,,3529,,5294,,5882,,7647,,7647,,2892,,4898,,6372,,6897,,8051,,8183
217,"Bridge_of_Remembrance_Christchurch_New_Zealand",,2,,1,,05,,0333,,025,,02,,0833,,0833,,0833,,0833,,0833,,0833,,1176,,0909,,0625,,0476,,0385,,0323
218,"John_A._Roebling_Suspension_Bridge",,4,,5,,45,,4,,425,,46,,1333,,2667,,4667,,5333,,5333,,6667,,2,,3478,,4582,,4571,,473,,5444
219,"Blue_Dome_Santorini",,8,,5,,4,,4667,,6,,64,,1875,,25,,4375,,5,,625,,6875,,3038,,3333,,4179,,4828,,6122,,6629
220,"Fossar_de_les_Moreres",,8,,6,,6,,6667,,625,,6,,2143,,3571,,5,,7143,,7857,,7857,,338,,4478,,5455,,6897,,6962,,6804
221,"Luxor_Obelisk_France",,6,,8,,8,,8333,,85,,76,,1875,,25,,4375,,5,,5,,5,,2857,,381,,5657,,625,,6296,,6032
222,"Valle_de_los_Caidos",1,0,1,0,,9,,8333,,85,,86,,2,,25,,45,,55,,6,,8,,3333,,4,,6,,6627,,7034,,8289
--------------------
"--","Avg.",P@5,P@10,P@20,P@30,P@40,P@50,CR@5,CR@10,CR@20,CR@30,CR@40,CR@50,F1@5,F1@10,F1@20,F1@30,F1@40,F1@50
,,,6856,,6865,,6874,,6901,,6867,,6863,,1317,,2422,,3976,,4999,,5649,,6167,,2186,,3542,,4967,,5685,,6081,,6363