--------------------
"Run name","output_runACCXBIndex"
--------------------
"Average P@20 = ",,7126
"Average CR@20 = ",,414
"Average F1@20 = ",,5163
--------------------
"Query Id ","Location name",P@5,P@10,P@20,P@30,P@40,P@50,CR@5,CR@10,CR@20,CR@30,CR@40,CR@50,F1@5,F1@10,F1@20,F1@30,F1@40,F1@50
1,"angel_of_the_north",1,0,1,0,,95,,9333,,95,,96,,2,,32,,44,,56,,68,,68,,3333,,4848,,6014,,7,,7926,,7961
2,"big_ben",,8,,8,,75,,8,,825,,8,,1818,,2727,,3636,,5,,5909,,7273,,2963,,4068,,4898,,6154,,6886,,7619
3,"hearst_castle",1,0,,9,,95,,9,,925,,92,,2083,,2917,,4167,,5,,5417,,75,,3448,,4406,,5793,,6429,,6832,,8263
4,"la_madeleine",,4,,2,,2,,3,,425,,38,,1429,,1429,,2143,,3571,,6429,,7143,,2105,,1667,,2069,,3261,,5117,,4961
5,"pont_alexandre_iii",,8,,8,,85,,8667,,875,,88,,16,,24,,44,,6,,64,,8,,2667,,3692,,5798,,7091,,7393,,8381
6,"neues_museum",,4,,6,,7,,7667,,75,,8,,08,,2,,36,,52,,6,,64,,1333,,3,,4755,,6197,,6667,,7111
7,"montezuma_castle",1,0,,9,,85,,8333,,825,,8,,3333,,5,,6667,,6667,,6667,,75,,5,,6429,,7473,,7407,,7374,,7742
8,"cn_tower",,4,,6,,65,,6667,,65,,6,,0417,,2083,,4167,,5417,,5417,,5417,,0755,,3093,,5078,,5977,,5909,,5693
9,"acropolis_athens",1,0,1,0,,9,,9,,9,,84,,2381,,4286,,5238,,5714,,619,,619,,3846,,6,,6622,,699,,7335,,7128
10,"agra_fort",1,0,1,0,,85,,8333,,85,,86,,16,,28,,44,,52,,6,,72,,2759,,4375,,5798,,6404,,7034,,7838
11,"albert_memorial",,8,,7,,65,,7333,,775,,72,,1364,,2273,,4091,,5455,,7273,,7727,,233,,3431,,5021,,6256,,7504,,7454
12,"altes_museum",,8,,9,,75,,7333,,8,,8,,1667,,2917,,4583,,5833,,6667,,75,,2759,,4406,,569,,6498,,7273,,7742
13,"amiens_cathedral",1,0,,8,,9,,8667,,9,,9,,2,,32,,52,,68,,8,,84,,3333,,4571,,6592,,7621,,8471,,869
14,"angkor_wat",,6,,8,,85,,8,,85,,84,,12,,32,,48,,52,,56,,6,,2,,4571,,6135,,6303,,6752,,7
15,"ara_pacis",,6,,7,,6,,6,,575,,56,,1364,,3182,,5,,6364,,7273,,7273,,2222,,4375,,5455,,6176,,6422,,6328
16,"arc_de_triomphe",,6,,5,,6,,6,,575,,6,,125,,2083,,4583,,5833,,625,,7083,,2069,,2941,,5197,,5915,,599,,6497
17,"aztec_ruins",,2,,2,,4,,4,,45,,44,,04,,08,,32,,4,,48,,52,,0667,,1143,,3556,,4,,4645,,4767
18,"berlin_cathedral",,8,,9,,8,,8333,,875,,9,,12,,28,,36,,48,,56,,6,,2087,,4271,,4966,,6091,,6829,,72
19,"bok_tower_gardens",1,0,,9,,95,,9333,,925,,92,,2,,32,,56,,64,,64,,68,,3333,,4721,,7046,,7593,,7565,,782
20,"brandenburg_gate",1,0,1,0,,95,,8667,,875,,88,,12,,24,,44,,48,,56,,76,,2143,,3871,,6014,,6178,,6829,,8156
21,"cabrillo",,2,,1,,1,,1333,,125,,12,,0769,,0769,,1538,,3077,,3846,,4615,,1111,,087,,1212,,186,,1887,,1905
22,"casa_batllo",1,0,1,0,1,0,1,0,,95,,96,,2,,36,,52,,68,,72,,8,,3333,,5294,,6842,,8095,,8192,,8727
23,"casa_rosada",1,0,,9,,8,,8333,,825,,82,,2,,32,,44,,6,,68,,76,,3333,,4721,,5677,,6977,,7455,,7889
24,"castillo_de_san_marcos",,8,,9,,8,,7667,,775,,8,,16,,28,,4,,52,,6,,64,,2667,,4271,,5333,,6197,,6764,,7111
25,"chartres_cathedral",1,0,1,0,,75,,8,,85,,88,,2,,4,,52,,68,,76,,8,,3333,,5714,,6142,,7351,,8025,,8381
26,"chichen_itza",1,0,,9,,9,,9,,9,,88,,2,,28,,52,,64,,76,,8,,3333,,4271,,6592,,7481,,8241,,8381
27,"christ_the_redeemer_rio",,6,,6,,5,,4667,,475,,46,,1304,,2609,,2609,,3913,,4348,,5652,,2143,,3636,,3429,,4257,,454,,5072
28,"civic_center_san_francisco",,2,,2,,35,,5333,,575,,58,,04,,08,,28,,4,,56,,6,,0667,,1143,,3111,,4571,,5674,,5898
29,"cologne_cathedral",,8,,9,,95,,8667,,9,,92,,16,,28,,4,,52,,64,,72,,2667,,4271,,563,,65,,7481,,8078
30,"colosseum",,8,,9,,85,,8667,,85,,86,,16,,36,,48,,52,,6,,64,,2667,,5143,,6135,,65,,7034,,7339
31,"doge_s_palace",1,0,1,0,,9,,8667,,9,,9,,16,,2,,36,,44,,44,,48,,2759,,3333,,5143,,5837,,591,,6261
32,"eiffel_tower",1,0,,8,,8,,8333,,85,,84,,16,,2,,36,,52,,64,,72,,2759,,32,,4966,,6404,,7302,,7754
33,"golden_gate_bridge",,8,,8,,75,,8,,75,,72,,1739,,2609,,4783,,5217,,5652,,6087,,2857,,3934,,5841,,6316,,6446,,6597
34,"grand_palais",,8,,9,,9,,8667,,85,,88,,1364,,3182,,5,,5909,,6364,,6818,,233,,4701,,6429,,7027,,7278,,7683
35,"guggenheim_museum_bilbao",,8,,9,,95,,9333,,925,,92,,16,,36,,48,,52,,68,,68,,2667,,5143,,6378,,6679,,7838,,782
36,"hagia_sophia_istanbul",1,0,1,0,1,0,,9667,,975,,98,,2,,32,,48,,52,,72,,72,,3333,,4848,,6486,,6762,,8283,,8301
37,"hoover_dam",1,0,,9,,95,,9333,,95,,94,,2,,32,,52,,68,,8,,84,,3333,,4721,,6721,,7868,,8686,,8872
38,"humayun_tomb",,8,,6,,8,,7333,,75,,8,,16,,24,,52,,6,,68,,8,,2667,,3429,,6303,,66,,7133,,8
39,"iguazu_falls",,8,,9,,8,,8,,8,,76,,16,,28,,4,,6,,68,,76,,2667,,4271,,5333,,6857,,7351,,76
40,"iolani_palace",,8,,5,,55,,6,,525,,54,,16,,16,,32,,52,,56,,64,,2667,,2424,,4046,,5571,,5419,,5858
41,"la_mezquita",,2,,5,,4,,4333,,45,,46,,0417,,2083,,3333,,375,,5,,6667,,069,,2941,,3636,,4021,,4737,,5444
42,"la_rambla_barcelona",1,0,,9,,9,,8333,,875,,86,,2,,28,,4,,44,,56,,6,,3333,,4271,,5538,,5759,,6829,,7068
43,"la_sainte_chapelle",,8,,7,,85,,9,,925,,94,,16,,28,,48,,6,,64,,68,,2667,,4,,6135,,72,,7565,,7891
44,"liberty_memorial",1,0,,9,,8,,7667,,775,,72,,16,,28,,4,,56,,6,,64,,2759,,4271,,5333,,6472,,6764,,6776
45,"lincoln_home",,6,,4,,45,,4667,,475,,48,,1667,,2222,,3333,,5556,,6111,,6667,,2609,,2857,,383,,5072,,5345,,5581
46,"machu_picchu",,6,,6,,6,,7,,75,,8,,12,,16,,24,,48,,6,,68,,2,,2526,,3429,,5695,,6667,,7351
47,"marble_arch_london",,4,,2,,15,,1667,,225,,26,,1667,,1667,,25,,4167,,5833,,75,,2353,,1818,,1875,,2381,,3247,,3861
48,"milan_cathedral",,6,,8,,8,,8333,,85,,84,,12,,28,,44,,52,,6,,68,,2,,4148,,5677,,6404,,7034,,7516
49,"mole_antonelliana",1,0,,7,,8,,8,,75,,7,,16,,2,,36,,4,,48,,52,,2759,,3111,,4966,,5333,,5854,,5967
50,"mont_saint_michel",1,0,,9,,95,,9333,,95,,92,,2,,32,,56,,68,,8,,84,,3333,,4721,,7046,,7868,,8686,,8782
51,"moulin_rouge",,2,,1,,1,,1667,,125,,14,,125,,125,,25,,625,,625,,875,,1538,,1111,,1429,,2632,,2083,,2414
52,"nelson_s_column",,8,,8,,75,,8,,775,,82,,1667,,3333,,4583,,5833,,6667,,75,,2759,,4706,,569,,6747,,7168,,7834
53,"notre_dame_de_paris",1,0,,9,,9,,7667,,8,,84,,2,,32,,52,,56,,64,,76,,3333,,4721,,6592,,6472,,7111,,798
54,"obelisco",,2,,2,,15,,1667,,2,,18,,0909,,1818,,2727,,3636,,5455,,5455,,125,,1905,,1935,,2286,,2927,,2707
55,"piccadilly_circus",,4,,5,,7,,6667,,65,,64,,087,,2174,,4348,,6087,,6957,,7391,,1429,,303,,5364,,6364,,6721,,686
56,"place_de_la_concorde",1,0,1,0,,95,,9667,,975,,98,,16,,24,,4,,64,,68,,8,,2759,,3871,,563,,7701,,8012,,8809
57,"place_de_la_republique",,2,,4,,3,,2,,2,,18,,125,,5,,625,,625,,75,,75,,1538,,4444,,4054,,303,,3158,,2903
58,"place_des_vosges",,6,,7,,65,,6667,,6,,58,,12,,24,,36,,48,,56,,6,,2,,3574,,4634,,5581,,5793,,5898
59,"pont_du_gard",,6,,6,,65,,6667,,675,,68,,12,,2,,28,,32,,44,,6,,2,,3,,3914,,4324,,5327,,6375
60,"pont_neuf",,8,,9,,7,,6,,625,,62,,12,,28,,36,,44,,56,,72,,2087,,4271,,4755,,5077,,5907,,6663
61,"ponte_vecchio",,6,,7,,65,,6333,,625,,7,,125,,25,,4167,,5,,5417,,5833,,2069,,3684,,5078,,5588,,5804,,6364
62,"puerta_de_alcala",,4,,6,,6,,4667,,475,,46,,1053,,2105,,4211,,4211,,4737,,5789,,1667,,3117,,4948,,4427,,4743,,5127
63,"puerta_del_sol",,4,,4,,45,,4,,4,,42,,1,,2,,45,,5,,6,,65,,16,,2667,,45,,4444,,48,,5103
64,"red_fort",1,0,1,0,1,0,1,0,1,0,1,0,,16,,24,,4,,52,,68,,76,,2759,,3871,,5714,,6842,,8095,,8636
65,"reims_cathedral",1,0,,9,,9,,9,,875,,88,,2,,32,,44,,48,,52,,6,,3333,,4721,,591,,6261,,6523,,7135
66,"rialto_bridge",,2,,3,,45,,4667,,5,,5,,0625,,1875,,375,,5,,625,,6875,,0952,,2308,,4091,,4828,,5556,,5789
67,"roman_forum_rome",,6,,7,,85,,8,,825,,8,,12,,24,,48,,6,,68,,72,,2,,3574,,6135,,6857,,7455,,7579
68,"sacre_coeur",,6,,7,,75,,6,,55,,6,,125,,2917,,5,,5833,,625,,7083,,2069,,4118,,6,,5915,,5851,,6497
69,"sagrada_familia",,8,,9,,95,,9667,,925,,92,,16,,36,,44,,52,,6,,68,,2667,,5143,,6014,,6762,,7279,,782
70,"santa_maria_novella",,8,,5,,5,,4,,375,,42,,16,,2,,32,,36,,44,,56,,2667,,2857,,3902,,3789,,4049,,48
71,"schonbrunn_palace",1,0,1,0,1,0,1,0,,95,,94,,16,,28,,48,,64,,68,,72,,2759,,4375,,6486,,7805,,7926,,8154
72,"seville_cathedral",,8,,9,,95,,9667,,975,,96,,16,,28,,52,,6,,72,,8,,2667,,4271,,6721,,7404,,8283,,8727
73,"spanish_steps",,6,,7,,7,,6667,,65,,68,,1364,,3182,,3636,,5455,,6364,,6364,,2222,,4375,,4786,,6,,6431,,6575
74,"st__basil_cathedral",,6,,7,,8,,8333,,875,,9,,12,,24,,4,,52,,68,,8,,2,,3574,,5333,,6404,,7653,,8471
75,"statue_of_liberty",,8,,8,,7,,7667,,8,,84,,16,,28,,4,,48,,56,,68,,2667,,4148,,5091,,5904,,6588,,7516
76,"stonehenge",,2,,3,,35,,4,,45,,46,,0526,,1053,,2105,,3158,,3684,,4737,,0833,,1558,,2629,,3529,,4051,,4667
77,"summer_palace_beijing",,8,,8,,85,,8667,,775,,8,,12,,28,,52,,6,,64,,68,,2087,,4148,,6453,,7091,,7011,,7351
78,"sydney_opera_house",,8,,8,,75,,8,,825,,86,,12,,2,,36,,52,,56,,6,,2087,,32,,4865,,6303,,6671,,7068
79,"teotihuacan",,4,,6,,75,,6667,,675,,7,,08,,2,,4,,44,,52,,64,,1333,,3,,5217,,5301,,5874,,6687
80,"terracotta_army",1,0,,7,,75,,7,,675,,72,,15,,2,,45,,6,,7,,75,,2609,,3111,,5625,,6462,,6873,,7347
81,"the_blue_mosque",1,0,1,0,,95,,9667,,975,,98,,12,,24,,4,,52,,56,,64,,2143,,3871,,563,,6762,,7114,,7743
82,"the_henry_ford",,2,,5,,55,,6333,,625,,6,,04,,2,,28,,44,,56,,6,,0667,,2857,,3711,,5193,,5907,,6
83,"taj_mahal",1,0,,9,,95,,9667,,975,,94,,16,,2,,48,,68,,72,,8,,2759,,3273,,6378,,7984,,8283,,8644
84,"tour_montparnasse",,2,,2,,25,,3,,35,,32,,05,,05,,15,,25,,4,,45,,08,,08,,1875,,2727,,3733,,374
85,"tower_bridge_london",,6,,6,,7,,6,,55,,58,,12,,24,,36,,44,,52,,56,,2,,3429,,4755,,5077,,5346,,5698
86,"trafalgar_square",,6,,5,,5,,4667,,525,,54,,1364,,1818,,3182,,4091,,4091,,4545,,2222,,2667,,3889,,436,,4599,,4936
87,"leaning_tower_of_pisa",,8,,8,,75,,7667,,65,,68,,16,,28,,48,,6,,64,,68,,2667,,4148,,5854,,6732,,645,,68
88,"hermitage_museum_saint_petersburg",1,0,,7,,75,,7667,,775,,76,,12,,2,,36,,56,,64,,76,,2143,,3111,,4865,,6472,,7011,,76
89,"jantar_mantar_jaipur",1,0,1,0,,8,,8,,775,,78,,2,,36,,48,,68,,84,,88,,3333,,5294,,6,,7351,,8062,,827
90,"lake_titicaca_peru",,6,,5,,6,,6333,,6,,56,,125,,2083,,4167,,5833,,625,,625,,2069,,2941,,4918,,6073,,6122,,5907
91,"the_great_wall_of_china",1,0,1,0,,8,,8333,,875,,84,,16,,32,,48,,64,,68,,72,,2759,,4848,,6,,724,,7653,,7754
92,"grande_arche_paris",,8,,8,,75,,7333,,725,,7,,12,,24,,4,,44,,52,,52,,2087,,3692,,5217,,55,,6056,,5967
93,"el_angel_mexico",,4,,4,,3,,3333,,425,,4,,0952,,1905,,2857,,4286,,5714,,619,,1538,,2581,,2927,,375,,4875,,486
94,"bibliotheque_nationale_de_france",,6,,6,,7,,7667,,8,,82,,08,,16,,44,,48,,56,,6,,1412,,2526,,5404,,5904,,6588,,693
95,"kronborg_castle",1,0,1,0,,95,,9,,925,,92,,1667,,3333,,4583,,5,,5833,,625,,2857,,5,,6183,,6429,,7155,,7443
96,"ajanta_caves",1,0,,7,,85,,9,,875,,86,,1818,,1818,,4545,,6364,,7727,,8182,,3077,,2887,,5923,,7456,,8207,,8386
97,"atomium",1,0,,8,,85,,7333,,725,,76,,1905,,2857,,4762,,5714,,5714,,5714,,32,,4211,,6104,,6423,,6391,,6524
98,"ellora_caves",1,0,1,0,1,0,,9667,,975,,96,,1818,,2727,,4545,,5455,,6364,,7273,,3077,,4286,,625,,6974,,7701,,8276
99,"potala_palace",,8,,7,,75,,8333,,775,,82,,1667,,2222,,3889,,6667,,6667,,7778,,2759,,3373,,5122,,7407,,7168,,7983
100,"jokhang",,8,,7,,8,,8333,,825,,78,,16,,28,,52,,68,,76,,8,,2667,,4,,6303,,7489,,7912,,7899
101,"rila_monastery",1,0,,9,,85,,8667,,875,,88,,12,,12,,32,,36,,4,,48,,2143,,2118,,465,,5087,,549,,6212
102,"louvre_pyramid",1,0,,9,,85,,8667,,8,,76,,1667,,2778,,3889,,6111,,7222,,7778,,2857,,4245,,5336,,7168,,7591,,7688
103,"brooklyn_bridge",,8,,8,,8,,7,,7,,76,,1905,,2381,,5238,,5714,,619,,6667,,3077,,367,,6331,,6292,,657,,7103
104,"tower_of_london",,4,,5,,6,,6,,625,,64,,087,,1304,,3043,,4783,,6087,,6522,,1429,,2069,,4038,,5323,,6167,,646
105,"british_museum_london",1,0,,9,,95,,9,,875,,88,,2,,3,,4,,55,,6,,7,,3333,,45,,563,,6828,,7119,,7797
106,"buckingham_palace",,2,,3,,4,,5333,,475,,46,,05,,15,,3,,35,,4,,4,,08,,2,,3429,,4226,,4343,,4279
107,"charles_bridge_prague",1,0,,6,,7,,7,,725,,72,,1667,,2083,,375,,5,,5833,,5833,,2857,,3093,,4884,,5833,,6465,,6445
108,"champs_elysees_paris",,4,,4,,4,,3667,,375,,42,,1333,,1333,,2,,3333,,4667,,6,,2,,2,,2667,,3492,,4158,,4941
109,"chrysler_building",,8,,9,,9,,8667,,85,,88,,2143,,3571,,5714,,6429,,7143,,7143,,338,,5114,,699,,7382,,7763,,7885
110,"moma_new_york",,6,,7,,75,,8333,,8,,82,,0526,,2632,,3684,,5789,,6316,,6842,,0968,,3825,,4941,,6832,,7059,,746
111,"grand_central_terminal",,8,,7,,85,,8333,,825,,86,,1429,,2381,,381,,5238,,619,,7143,,2424,,3553,,5261,,6433,,7073,,7804
112,"houses_of_parliament",,8,,8,,85,,8333,,825,,82,,1739,,3478,,4783,,5652,,5652,,6087,,2857,,4848,,6121,,6736,,6708,,6987
113,"alexanderplatz_berlin",,8,,7,,75,,7,,75,,78,,16,,28,,44,,48,,56,,64,,2667,,4,,5546,,5695,,6412,,7031
114,"centre_pompidou",,6,,7,,5,,5333,,55,,62,,1667,,2222,,3333,,3889,,5,,7778,,2609,,3373,,4,,4498,,5238,,69
115,"sydney_harbour_bridge",1,0,1,0,,95,,9667,,95,,94,,1875,,4375,,5,,6875,,75,,75,,3158,,6087,,6552,,8035,,8382,,8343
116,"pier_39",,4,,6,,75,,7333,,775,,8,,0952,,2857,,4762,,5238,,619,,7619,,1538,,3871,,5825,,6111,,6883,,7805
117,"coit_tower",,6,,6,,65,,6,,525,,58,,2,,2667,,3333,,4,,4667,,5333,,3,,3692,,4407,,48,,4941,,5557
118,"st_paul_s_cathedral_london",,2,,4,,65,,6333,,675,,7,,0588,,2353,,3529,,4118,,4706,,4706,,0909,,2963,,4575,,4991,,5546,,5628
119,"cloud_gate",,2,,6,,8,,7667,,725,,68,,0833,,25,,5,,5,,5,,5833,,1176,,3529,,6154,,6053,,5918,,628
120,"musee_d_orsay",1,0,1,0,,95,,9667,,975,,98,,1429,,3333,,5714,,5714,,619,,619,,25,,5,,7136,,7183,,7573,,7588
121,"pike_place_market",,4,,7,,75,,7333,,75,,74,,0952,,2857,,5714,,5714,,7143,,7143,,1538,,4058,,6486,,6423,,7317,,7269
122,"royal_palace_madrid",1,0,,9,,95,,9333,,85,,82,,1818,,3182,,5,,5909,,7727,,8182,,3077,,4701,,6552,,7237,,8095,,8191
123,"sony_center_berlin",1,0,1,0,,85,,9,,9,,92,,1429,,2381,,2857,,381,,4286,,5714,,25,,3846,,4277,,5353,,5806,,705
124,"red_square_moscow",,6,,6,,6,,6333,,625,,64,,1429,,2857,,4762,,5714,,7143,,7619,,2308,,3871,,531,,6008,,6667,,6957
125,"prague_castle",,8,,9,,85,,8,,825,,84,,16,,32,,44,,56,,68,,68,,2667,,4721,,5798,,6588,,7455,,7516
126,"musee_du_louvre",1,0,1,0,1,0,1,0,1,0,1,0,,2,,32,,52,,64,,72,,8,,3333,,4848,,6842,,7805,,8372,,8889
127,"millennium_bridge_london",,6,,8,,85,,8333,,825,,86,,12,,24,,36,,4,,48,,52,,2,,3692,,5058,,5405,,6069,,6481
128,"casa_mila",,6,,8,,9,,9333,,925,,92,,12,,32,,44,,44,,56,,68,,2,,4571,,591,,5981,,6976,,782
129,"national_gallery_london",,6,,8,,55,,5,,55,,52,,1364,,2273,,3182,,3636,,5455,,5909,,2222,,354,,4031,,4211,,5477,,5532
130,"national_mall",,8,,7,,7,,6333,,625,,62,,16,,24,,4,,52,,68,,72,,2667,,3574,,5091,,5711,,6513,,6663
131,"london_city_hall",1,0,,7,,75,,6667,,675,,68,,2,,3,,45,,6,,65,,65,,3333,,42,,5625,,6316,,6623,,6647
132,"holocaust_memorial",,0,,1,,35,,4,,425,,42,,0,,0625,,375,,5,,625,,625,,0,,0769,,3621,,4444,,506,,5024
133,"columbus_circle",,8,,7,,6,,6,,525,,48,,16,,28,,36,,6,,64,,68,,2667,,4,,45,,6,,5768,,5628
134,"siegessaeule",,4,,4,,6,,6667,,6,,58,,08,,16,,44,,6,,64,,68,,1333,,2286,,5077,,6316,,6194,,626
135,"jardin_du_luxembourg",,8,,9,,9,,9,,925,,92,,16,,24,,48,,64,,68,,92,,2667,,3789,,6261,,7481,,7838,,92
136,"merlion_singapore",,6,,6,,55,,5333,,575,,6,,1364,,2727,,4545,,5909,,6818,,8182,,2222,,375,,4977,,5606,,6239,,6923
137,"harrods_london",,8,,9,,65,,7333,,775,,82,,16,,32,,44,,52,,72,,84,,2667,,4721,,5248,,6085,,7465,,8299
138,"metropolitan_museum_of_art_new_york",1,0,1,0,1,0,,9667,,975,,96,,2,,4,,52,,68,,68,,72,,3333,,5714,,6842,,7984,,8012,,8229
139,"new_york_stock_exchange",,4,,3,,3,,3,,45,,46,,05,,1,,25,,4,,45,,5,,0889,,15,,2727,,3429,,45,,4792
140,"stephansdom_vienna",1,0,1,0,,95,,8667,,8,,84,,16,,32,,44,,48,,56,,6,,2759,,4848,,6014,,6178,,6588,,7
141,"hms_belfast",1,0,,9,,85,,8333,,875,,88,,12,,24,,48,,6,,76,,8,,2143,,3789,,6135,,6977,,8135,,8381
142,"leicester_square",1,0,1,0,,9,,8333,,75,,78,,16,,32,,36,,4,,48,,52,,2759,,4848,,5143,,5405,,5854,,624
143,"ciudad_de_las_artes_y_las_ciencias",1,0,1,0,,95,,9,,9,,9,,2,,32,,44,,6,,64,,76,,3333,,4848,,6014,,72,,7481,,8241
144,"topkapi_palace",,8,,9,,9,,9333,,9,,92,,16,,32,,52,,72,,8,,84,,2667,,4721,,6592,,8129,,8471,,8782
145,"royal_albert_hall",,6,,5,,45,,6,,675,,68,,12,,2,,28,,4,,56,,6,,2,,2857,,3452,,48,,6121,,6375
146,"st_vitus_cathedral",1,0,1,0,1,0,,9333,,95,,96,,16,,28,,48,,56,,64,,64,,2759,,4375,,6486,,7,,7648,,768
147,"castello_sforzesco",,8,,7,,85,,9,,9,,92,,16,,24,,4,,56,,64,,68,,2667,,3574,,544,,6904,,7481,,782
148,"rijksmuseum_amsterdam",1,0,1,0,1,0,,9667,,975,,98,,2,,36,,56,,72,,76,,84,,3333,,5294,,7179,,8253,,8542,,9046
149,"dam_square",,6,,6,,6,,6,,575,,54,,12,,24,,32,,44,,52,,56,,2,,3429,,4174,,5077,,5461,,5498
150,"rathaus_vienna",,2,,4,,6,,5,,5,,48,,04,,12,,32,,36,,48,,52,,0667,,1846,,4174,,4186,,4898,,4992
151,"bath_abbey",,8,,8,,9,,9333,,925,,94,,16,,24,,44,,56,,64,,68,,2667,,3692,,591,,7,,7565,,7891
152,"salisbury_cathedral",1,0,,9,,95,,9667,,95,,96,,2,,28,,48,,64,,76,,8,,3333,,4271,,6378,,7701,,8444,,8727
153,"templo_de_debod",,0,,3,,4,,4,,45,,44,,0,,1364,,2273,,3636,,4545,,5,,0,,1875,,2899,,381,,4523,,4681
154,"Niagara_Falls",,4,,4,,45,,5,,525,,54,,0909,,1364,,2727,,4091,,4545,,5,,1481,,2034,,3396,,45,,4872,,5192
155,"Golden_Gate_Bridge_in_San_Francisco",1,0,1,0,,95,,9667,,975,,94,,1364,,3182,,5909,,6818,,8182,,8182,,24,,4828,,7286,,7996,,8897,,8749
156,"Neuschwanstein_Castle",,8,,9,,9,,9333,,95,,9,,16,,24,,36,,44,,52,,6,,2667,,3789,,5143,,5981,,6721,,72
157,"Christ_Church_Cathedral_Missouri",,4,,7,,7,,7333,,75,,76,,08,,28,,48,,68,,76,,8,,1333,,4,,5695,,7057,,755,,7795
158,"Mount_Rushmore_in_South_Dakota",,8,,8,,85,,8667,,85,,86,,16,,32,,52,,56,,64,,68,,2667,,4571,,6453,,6804,,7302,,7595
159,"Puerta_de_Toledo",,0,,0,,0,,0,,0,,0,,0,,0,,0,,0,,0,,0,,0,,0,,0,,0,,0,,0
160,"Urquhart_Castle",,8,,8,,85,,9,,925,,94,,1667,,3333,,5,,625,,7917,,8333,,2759,,4706,,6296,,7377,,8532,,8835
161,"Gare_du_Nord_Paris",,6,,6,,7,,6667,,7,,74,,12,,16,,36,,48,,52,,64,,2,,2526,,4755,,5581,,5967,,6864
162,"Newgrange_in_Ireland",,6,,5,,5,,5667,,575,,6,,125,,2083,,2917,,4583,,5,,5833,,2069,,2941,,3684,,5068,,5349,,5915
163,"Windmills_at_Kinderdijk",1,0,,9,,8,,7333,,75,,78,,2,,28,,4,,44,,52,,64,,3333,,4271,,5333,,55,,6142,,7031
164,"Conciergerie",1,0,1,0,,9,,9333,,95,,94,,2,,32,,4,,52,,6,,68,,3333,,4848,,5538,,6679,,7355,,7891
165,"Palazzo_Madama",,6,,8,,55,,5333,,5,,48,,1364,,3182,,3636,,4545,,5455,,5909,,2222,,4553,,4378,,4908,,5217,,5297
166,"Split_Rock_Lighthouse",,8,,9,,85,,7667,,725,,72,,16,,32,,48,,56,,6,,64,,2667,,4721,,6135,,6472,,6566,,6776
167,"The_Little_Mermaid_Denmark",,4,,4,,4,,4333,,45,,42,,1429,,2857,,4286,,5714,,6429,,6429,,2105,,3333,,4138,,4929,,5294,,5081
168,"Great_Pyramid_of_Giza",1,0,,8,,7,,7,,625,,6,,2667,,3333,,4667,,6,,6667,,8,,4211,,4706,,56,,6462,,6452,,6857
169,"Pitti_Palace",,2,,4,,4,,4667,,5,,56,,0455,,1364,,2273,,3182,,4545,,5455,,0741,,2034,,2899,,3784,,4762,,5526
170,"Georgia_State_Capitol",,2,,1,,15,,1667,,15,,18,,0526,,0526,,1053,,1579,,2105,,3158,,0833,,069,,1237,,1622,,1752,,2293
171,"Dome_des_Invalides",1,0,1,0,1,0,1,0,,95,,94,,16,,28,,44,,6,,64,,72,,2759,,4375,,6111,,75,,7648,,8154
172,"Reggia_di_Caserta",,2,,4,,55,,5667,,65,,7,,04,,16,,36,,48,,6,,68,,0667,,2286,,4352,,5197,,624,,6899
173,"The_Burj_al_Arab_Hotel",,8,,8,,7,,6667,,7,,72,,16,,28,,4,,52,,56,,64,,2667,,4148,,5091,,5843,,6222,,6776
174,"Elephanta_Caves",,4,,7,,75,,7333,,8,,78,,0833,,25,,5,,625,,6667,,7083,,1379,,3684,,6,,6748,,7273,,7424
175,"Basilica_of_Santa_Croce",1,0,1,0,1,0,,9667,,95,,96,,2,,32,,48,,52,,64,,72,,3333,,4848,,6486,,6762,,7648,,8229
176,"Aachen_Cathedral",,8,,9,,9,,9333,,9,,9,,16,,36,,6,,64,,68,,76,,2667,,5143,,72,,7593,,7747,,8241
177,"Monument_to_the_Great_Fire_of_London",,4,,7,,7,,5667,,55,,58,,08,,24,,44,,52,,6,,76,,1333,,3574,,5404,,5423,,5739,,6579
178,"Longmen_Grottoes",,8,,7,,5,,5667,,6,,58,,12,,24,,28,,36,,48,,52,,2087,,3574,,359,,4403,,5333,,5484
179,"Louisiana_State_Capitol",,6,,4,,45,,5,,525,,46,,12,,16,,28,,48,,6,,6,,2,,2286,,3452,,4898,,56,,5208
180,"The_Great_Sphinx_at_Giza",,4,,6,,65,,6667,,675,,68,,08,,24,,4,,56,,56,,72,,1333,,3429,,4952,,6087,,6121,,6994
181,"Teatro_Real_Madrid",,6,,5,,65,,6667,,625,,64,,1304,,2174,,4348,,5217,,6087,,6957,,2143,,303,,521,,5854,,6167,,6667
182,"Palacio_de_la_Magdalena",,2,,6,,7,,6667,,7,,7,,04,,2,,36,,44,,52,,6,,0667,,3,,4755,,5301,,5967,,6462
183,"Sowjetisches_Ehrenmal",,2,,4,,6,,6,,575,,62,,04,,16,,4,,48,,6,,64,,0667,,2286,,48,,5333,,5872,,6298
184,"Cathedral_of_Trier",,6,,7,,7,,7,,725,,76,,12,,28,,44,,52,,68,,76,,2,,4,,5404,,5967,,7018,,76
185,"Saint_Mary_of_the_Flower",,4,,5,,45,,4333,,4,,44,,08,,16,,24,,36,,4,,4,,1333,,2424,,313,,3933,,4,,419
186,"Skellig_Michael",,6,,8,,65,,7,,65,,68,,12,,2,,36,,44,,48,,56,,2,,32,,4634,,5404,,5522,,6142
187,"Chicago_Board_of_Trade_Building",,4,,6,,6,,6333,,625,,64,,0909,,2273,,4091,,4545,,5,,6364,,1481,,3297,,4865,,5292,,5556,,6382
188,"Pont_de_Normandie_France",,4,,5,,6,,6667,,675,,66,,1053,,2105,,5263,,6842,,7895,,8421,,1667,,2963,,5607,,6753,,7278,,74
189,"Palazzo_Rosso",,2,,1,,15,,1333,,125,,12,,0417,,0417,,125,,1667,,2083,,2083,,069,,0588,,1364,,1481,,1562,,1523
190,"Piazza_Vittorio_Veneto",,2,,2,,25,,3,,325,,32,,0625,,125,,25,,4375,,5625,,6875,,0952,,1538,,25,,3559,,412,,4367
191,"Sforza_Castle",,8,,9,,95,,9,,85,,88,,16,,24,,4,,56,,56,,6,,2667,,3789,,563,,6904,,6752,,7135
192,"Torres_KIO",,6,,6,,8,,6667,,725,,74,,12,,2,,4,,4,,44,,48,,2,,3,,5333,,5,,5476,,5823
193,"Torre_Picasso",,6,,7,,6,,6,,65,,68,,125,,25,,4167,,5,,5,,5833,,2069,,3684,,4918,,5455,,5652,,628
194,"The_Palace_of_Parliament_in_Bucharest",,8,,9,,9,,8,,85,,86,,16,,28,,44,,56,,6,,6,,2667,,4271,,591,,6588,,7034,,7068
195,"Ernest_Hemingway_House",,6,,7,,75,,7667,,75,,78,,12,,2,,36,,52,,56,,68,,2,,3111,,4865,,6197,,6412,,7266
196,"Castel_dellOvo_Napoli",,8,,7,,8,,8333,,85,,8,,16,,24,,52,,6,,76,,76,,2667,,3574,,6303,,6977,,8025,,7795
197,"Villa_Borghese_gardens",1,0,1,0,,95,,9333,,9,,92,,16,,32,,56,,68,,72,,8,,2759,,4848,,7046,,7868,,8,,8558
198,"Saint_Marks_Basilica",1,0,,9,,95,,9667,,95,,94,,2,,28,,44,,56,,6,,64,,3333,,4271,,6014,,7092,,7355,,7615
199,"Mausoleum_of_the_First_Qin_Emperor",,8,,9,,9,,8667,,875,,86,,12,,24,,36,,56,,64,,76,,2087,,3789,,5143,,6804,,7393,,8069
200,"Mausoleum_of_Hadrian",,8,,5,,35,,5,,575,,54,,2222,,2222,,3333,,4444,,5556,,6667,,3478,,3077,,3415,,4706,,5651,,5967
201,"Piazza_de_Ferrari",1,0,,9,,95,,9333,,95,,92,,2105,,2632,,5789,,5789,,6316,,6842,,3478,,4072,,7194,,7146,,7587,,7848
202,"George_Washington_Carver",,4,,6,,55,,6333,,55,,48,,125,,3125,,4375,,625,,625,,625,,1905,,411,,4873,,6291,,5851,,543
203,"Cathedral_of_Santiago_de_Compostela",,6,,7,,85,,7333,,675,,66,,1765,,2941,,5294,,6471,,6471,,8235,,2727,,4142,,6525,,6875,,6607,,7328
204,"Saint-Jacques_Tower",1,0,,6,,7,,6667,,7,,7,,3077,,3077,,4615,,4615,,5385,,7692,,4706,,4068,,5563,,5455,,6087,,733
205,"Calakmul_Campeche_Mexico",1,0,,8,,65,,6667,,65,,68,,3571,,5,,5714,,6429,,7143,,7143,,5263,,6154,,6082,,6545,,6806,,6967
206,"Bran_Castle_in_Transylvania",,6,,8,,85,,8667,,825,,84,,1579,,4211,,5789,,6316,,6842,,6842,,25,,5517,,6888,,7307,,748,,7541
207,"Mosteiro_da_Batalha",1,0,1,0,1,0,1,0,1,0,1,0,,2105,,3684,,5263,,6316,,6316,,7368,,3478,,5385,,6897,,7742,,7742,,8485
208,"Wartburg_Castle",,8,,9,,9,,9,,85,,88,,15,,3,,55,,65,,75,,8,,2526,,45,,6828,,7548,,7969,,8381
209,"Fujian_Tulou_Fujian_China",,8,,8,,9,,8333,,85,,84,,2222,,3333,,5556,,5556,,6667,,6667,,3478,,4706,,687,,6667,,7473,,7434
210,"Alabama_State_Capitol",,8,,9,,8,,7333,,675,,72,,0952,,2381,,4762,,619,,7143,,7619,,1702,,3766,,597,,6714,,6941,,7404
211,"Palazzo_dAccursio",,4,,3,,3,,2333,,35,,38,,1111,,1667,,2778,,3333,,3889,,4444,,1739,,2143,,2885,,2745,,3684,,4097
212,"Casa_Grande_Ruins",,4,,6,,55,,6333,,725,,74,,1176,,2941,,4118,,4706,,5294,,5882,,1818,,3947,,4709,,54,,612,,6554
213,"Stravinsky_Fountain",,4,,4,,65,,7333,,8,,78,,1333,,2,,4667,,4667,,4667,,5333,,2,,2667,,5433,,5704,,5895,,6335
214,"Angel_Falls_Venezuela",,4,,4,,45,,5,,525,,52,,1176,,2353,,3529,,5882,,6471,,6471,,1818,,2963,,3956,,5405,,5797,,5766
215,"Statue_of_George_IV",,0,,1,,15,,1667,,175,,16,,0,,125,,25,,25,,375,,375,,0,,1111,,1875,,2,,2386,,2243
216,"Palacio_Barolo",1,0,1,0,,95,,9667,,925,,9,,2353,,4118,,5294,,5294,,5882,,5882,,381,,5833,,6799,,6841,,7191,,7115
217,"Bridge_of_Remembrance_Christchurch_New_Zealand",,2,,2,,3,,4,,375,,38,,0833,,1667,,4167,,5833,,6667,,75,,1176,,1818,,3488,,4746,,48,,5044
218,"John_A._Roebling_Suspension_Bridge",,4,,6,,5,,4333,,475,,52,,1333,,3333,,5333,,6,,7333,,7333,,2,,4286,,5161,,5032,,5766,,6085
219,"Blue_Dome_Santorini",,8,,9,,9,,9,,85,,76,,25,,375,,625,,75,,8125,,8125,,381,,5294,,7377,,8182,,8308,,7854
220,"Fossar_de_les_Moreres",,2,,2,,25,,3,,275,,3,,0714,,1429,,3571,,5,,5714,,7143,,1053,,1667,,2941,,375,,3713,,4225
221,"Luxor_Obelisk_France",,6,,7,,8,,7667,,775,,8,,0625,,125,,3125,,375,,5,,5,,1132,,2121,,4494,,5036,,6078,,6154
222,"Valle_de_los_Caidos",1,0,1,0,,9,,9333,,825,,86,,25,,45,,6,,65,,7,,75,,4,,6207,,72,,7663,,7574,,8012
--------------------
"--","Avg.",P@5,P@10,P@20,P@30,P@40,P@50,CR@5,CR@10,CR@20,CR@30,CR@40,CR@50,F1@5,F1@10,F1@20,F1@30,F1@40,F1@50
,,,6901,,7032,,7126,,7123,,7146,,7181,,1405,,2534,,414,,5217,,6015,,6658,,2314,,3677,,5163,,5925,,6417,,6781