--------------------
"Run name","output_runBM25DaviesBouldin"
--------------------
"Average P@20 = ",,7383
"Average CR@20 = ",,4321
"Average F1@20 = ",,5341
--------------------
"Query Id ","Location name",P@5,P@10,P@20,P@30,P@40,P@50,CR@5,CR@10,CR@20,CR@30,CR@40,CR@50,F1@5,F1@10,F1@20,F1@30,F1@40,F1@50
1,"angel_of_the_north",1,0,1,0,,95,,9667,,975,,98,,2,,28,,48,,6,,68,,72,,3333,,4375,,6378,,7404,,8012,,8301
2,"big_ben",1,0,1,0,,8,,8,,825,,84,,2273,,3182,,3636,,4545,,5909,,6818,,3704,,4828,,5,,5797,,6886,,7527
3,"hearst_castle",1,0,1,0,,95,,9333,,925,,9,,2083,,2917,,5,,625,,6667,,75,,3448,,4516,,6552,,7487,,7749,,8182
4,"la_madeleine",,2,,3,,4,,3667,,35,,38,,0714,,2143,,3571,,4286,,5714,,7857,,1053,,25,,3774,,3952,,4341,,5123
5,"pont_alexandre_iii",1,0,1,0,,85,,8667,,875,,86,,2,,32,,4,,56,,64,,64,,3333,,4848,,544,,6804,,7393,,7339
6,"neues_museum",,6,,7,,8,,8,,825,,82,,08,,16,,4,,52,,68,,68,,1412,,2605,,5333,,6303,,7455,,7435
7,"montezuma_castle",,8,,7,,75,,7333,,7,,7,,25,,3333,,6667,,75,,75,,9167,,381,,4516,,7059,,7416,,7241,,7938
8,"cn_tower",,6,,6,,7,,6,,575,,64,,125,,2083,,4167,,5,,5833,,7083,,2069,,3093,,5224,,5455,,5791,,6724
9,"acropolis_athens",,8,,8,,7,,7333,,75,,74,,1905,,381,,4286,,5714,,6667,,6667,,3077,,5161,,5316,,6423,,7059,,7014
10,"agra_fort",1,0,1,0,,85,,9,,9,,92,,2,,32,,4,,64,,68,,76,,3333,,4848,,544,,7481,,7747,,8324
11,"albert_memorial",,8,,6,,75,,7667,,775,,76,,0909,,1818,,3182,,5,,6364,,7727,,1633,,2791,,4468,,6053,,6989,,7663
12,"altes_museum",,6,,7,,8,,8333,,75,,76,,125,,2917,,5,,5833,,5833,,625,,2069,,4118,,6154,,6863,,6562,,6859
13,"amiens_cathedral",1,0,,9,,9,,9333,,925,,92,,16,,28,,56,,64,,72,,76,,2759,,4271,,6904,,7593,,8097,,8324
14,"angkor_wat",,6,,8,,85,,8667,,775,,78,,12,,28,,48,,52,,64,,72,,2,,4148,,6135,,65,,7011,,7488
15,"ara_pacis",,4,,6,,55,,5333,,525,,58,,0909,,2727,,4545,,5909,,6364,,7273,,1481,,375,,4977,,5606,,5753,,6453
16,"arc_de_triomphe",1,0,,8,,75,,7333,,75,,76,,2083,,2917,,4583,,5833,,5833,,5833,,3448,,4275,,569,,6498,,6562,,66
17,"aztec_ruins",,4,,4,,3,,3333,,375,,4,,04,,08,,16,,32,,44,,44,,0727,,1333,,2087,,3265,,4049,,419
18,"berlin_cathedral",,8,,9,,85,,9,,925,,92,,16,,32,,48,,56,,6,,68,,2667,,4721,,6135,,6904,,7279,,782
19,"bok_tower_gardens",,8,,9,,95,,9333,,95,,96,,12,,24,,36,,52,,64,,84,,2087,,3789,,5221,,6679,,7648,,896
20,"brandenburg_gate",1,0,,9,,9,,9,,9,,9,,2,,32,,48,,6,,64,,72,,3333,,4721,,6261,,72,,7481,,8
21,"cabrillo",,0,,2,,25,,2,,2,,16,,0,,1538,,3846,,4615,,5385,,5385,,0,,1739,,303,,2791,,2917,,2467
22,"casa_batllo",1,0,,9,,95,,9667,,975,,96,,2,,32,,56,,64,,68,,8,,3333,,4721,,7046,,7701,,8012,,8727
23,"casa_rosada",,8,,8,,8,,8667,,875,,9,,16,,32,,48,,68,,76,,8,,2667,,4571,,6,,7621,,8135,,8471
24,"castillo_de_san_marcos",,8,,9,,85,,7667,,8,,82,,16,,36,,52,,56,,64,,72,,2667,,5143,,6453,,6472,,7111,,7668
25,"chartres_cathedral",1,0,,9,,9,,9333,,925,,94,,16,,28,,44,,6,,6,,6,,2759,,4271,,591,,7304,,7279,,7325
26,"chichen_itza",1,0,1,0,,95,,9,,9,,9,,2,,36,,56,,6,,68,,72,,3333,,5294,,7046,,72,,7747,,8
27,"christ_the_redeemer_rio",,0,,1,,45,,4333,,375,,36,,0,,0435,,3043,,3913,,4783,,5217,,0,,0606,,3631,,4112,,4204,,426
28,"civic_center_san_francisco",,8,,4,,55,,5333,,55,,6,,12,,12,,28,,36,,44,,48,,2087,,1846,,3711,,4299,,4889,,5333
29,"cologne_cathedral",1,0,1,0,,95,,9333,,9,,92,,2,,36,,48,,68,,72,,72,,3333,,5294,,6378,,7868,,8,,8078
30,"colosseum",,8,,8,,75,,8,,85,,84,,16,,24,,4,,44,,48,,56,,2667,,3692,,5217,,5677,,6135,,672
31,"doge_s_palace",,8,,8,,9,,9,,85,,8,,12,,28,,44,,56,,6,,6,,2087,,4148,,591,,6904,,7034,,6857
32,"eiffel_tower",,8,,9,,85,,8667,,85,,86,,16,,28,,4,,48,,56,,6,,2667,,4271,,544,,6178,,6752,,7068
33,"golden_gate_bridge",,8,,8,,75,,7333,,775,,8,,1739,,3043,,3913,,4348,,5652,,6087,,2857,,4409,,5143,,5459,,6537,,6914
34,"grand_palais",1,0,,9,,95,,9,,925,,92,,1818,,3182,,5455,,5455,,5909,,6818,,3077,,4701,,693,,6792,,7211,,7832
35,"guggenheim_museum_bilbao",1,0,1,0,,9,,9,,9,,92,,2,,32,,48,,56,,6,,68,,3333,,4848,,6261,,6904,,72,,782
36,"hagia_sophia_istanbul",1,0,1,0,1,0,1,0,,975,,96,,2,,32,,52,,68,,76,,8,,3333,,4848,,6842,,8095,,8542,,8727
37,"hoover_dam",1,0,1,0,1,0,,9,,9,,9,,2,,32,,4,,48,,68,,72,,3333,,4848,,5714,,6261,,7747,,8
38,"humayun_tomb",,6,,8,,85,,8667,,825,,84,,12,,28,,44,,6,,64,,64,,2,,4148,,5798,,7091,,7208,,7265
39,"iguazu_falls",1,0,,8,,8,,8667,,8,,78,,16,,24,,48,,64,,68,,68,,2759,,3692,,6,,7363,,7351,,7266
40,"iolani_palace",,8,,7,,75,,8,,75,,74,,16,,28,,52,,6,,72,,72,,2667,,4,,6142,,6857,,7347,,7299
41,"la_mezquita",,8,,5,,45,,5,,55,,5,,125,,125,,2083,,375,,375,,375,,2162,,2,,2848,,4286,,4459,,4286
42,"la_rambla_barcelona",,8,,9,,95,,8667,,9,,88,,16,,28,,4,,52,,6,,6,,2667,,4271,,563,,65,,72,,7135
43,"la_sainte_chapelle",1,0,,8,,9,,9333,,9,,92,,2,,32,,56,,64,,68,,8,,3333,,4571,,6904,,7593,,7747,,8558
44,"liberty_memorial",,6,,6,,5,,5333,,6,,66,,08,,12,,24,,36,,52,,6,,1412,,2,,3243,,4299,,5571,,6286
45,"lincoln_home",,4,,4,,45,,5333,,55,,6,,1111,,2222,,3333,,5556,,6111,,7222,,1739,,2857,,383,,5442,,5789,,6555
46,"machu_picchu",1,0,1,0,,95,,9333,,875,,88,,16,,36,,56,,72,,8,,84,,2759,,5294,,7046,,8129,,8358,,8595
47,"marble_arch_london",,2,,3,,25,,2667,,225,,24,,0833,,1667,,25,,5,,5,,6667,,1176,,2143,,25,,3478,,3103,,3529
48,"milan_cathedral",1,0,1,0,1,0,,9667,,925,,9,,16,,36,,48,,6,,68,,76,,2759,,5294,,6486,,7404,,7838,,8241
49,"mole_antonelliana",,8,,7,,65,,6,,65,,68,,12,,2,,28,,4,,52,,6,,2087,,3111,,3914,,48,,5778,,6375
50,"mont_saint_michel",1,0,1,0,1,0,,9667,,925,,92,,2,,36,,52,,56,,64,,68,,3333,,5294,,6842,,7092,,7565,,782
51,"moulin_rouge",,2,,1,,1,,1333,,1,,08,,125,,125,,25,,375,,375,,375,,1538,,1111,,1429,,1967,,1579,,1319
52,"nelson_s_column",,6,,8,,85,,9,,875,,86,,125,,2917,,4167,,6667,,6667,,75,,2069,,4275,,5592,,766,,7568,,8012
53,"notre_dame_de_paris",1,0,,9,,85,,8667,,875,,88,,2,,32,,52,,6,,64,,64,,3333,,4721,,6453,,7091,,7393,,7411
54,"obelisco",,8,,4,,25,,3,,25,,22,,3636,,3636,,4545,,5455,,5455,,6364,,5,,381,,3226,,3871,,3429,,327
55,"piccadilly_circus",,8,,8,,7,,6667,,625,,68,,1739,,3478,,5217,,6522,,6957,,7826,,2857,,4848,,5979,,6593,,6584,,7277
56,"place_de_la_concorde",1,0,1,0,1,0,1,0,1,0,1,0,,16,,28,,48,,6,,72,,8,,2759,,4375,,6486,,75,,8372,,8889
57,"place_de_la_republique",,0,,0,,15,,2,,2,,22,,0,,0,,375,,75,,75,,75,,0,,0,,2143,,3158,,3158,,3402
58,"place_des_vosges",,6,,7,,75,,7667,,7,,68,,12,,24,,4,,6,,64,,68,,2,,3574,,5217,,6732,,6687,,68
59,"pont_du_gard",,6,,7,,65,,7333,,675,,7,,12,,2,,32,,4,,48,,56,,2,,3111,,4289,,5176,,561,,6222
60,"pont_neuf",,6,,7,,65,,6667,,675,,68,,12,,28,,48,,64,,76,,84,,2,,4,,5522,,6531,,715,,7516
61,"ponte_vecchio",,8,,8,,75,,7333,,75,,74,,1667,,2917,,4167,,5833,,7083,,7083,,2759,,4275,,5357,,6498,,7286,,7238
62,"puerta_de_alcala",,8,,6,,6,,5667,,625,,54,,2105,,3158,,4737,,6316,,6842,,6842,,3333,,4138,,5294,,5974,,6533,,6036
63,"puerta_del_sol",,2,,4,,4,,4,,375,,38,,05,,15,,3,,4,,55,,65,,08,,2182,,3429,,4,,4459,,4796
64,"red_fort",1,0,1,0,1,0,1,0,1,0,1,0,,12,,28,,44,,68,,72,,72,,2143,,4375,,6111,,8095,,8372,,8372
65,"reims_cathedral",,8,,8,,8,,7667,,775,,82,,12,,24,,4,,48,,56,,72,,2087,,3692,,5333,,5904,,6502,,7668
66,"rialto_bridge",,4,,6,,6,,5667,,525,,46,,125,,3125,,4375,,625,,6875,,6875,,1905,,411,,506,,5944,,5954,,5512
67,"roman_forum_rome",,6,,7,,75,,7,,725,,74,,12,,24,,44,,56,,76,,76,,2,,3574,,5546,,6222,,7421,,7499
68,"sacre_coeur",,2,,5,,65,,5333,,5,,48,,0417,,2083,,375,,4583,,5,,5417,,069,,2941,,4756,,493,,5,,509
69,"sagrada_familia",,8,,9,,95,,9333,,95,,96,,16,,32,,44,,56,,64,,64,,2667,,4721,,6014,,7,,7648,,768
70,"santa_maria_novella",,4,,5,,4,,4333,,525,,54,,08,,2,,24,,36,,48,,52,,1333,,2857,,3,,3933,,5015,,5298
71,"schonbrunn_palace",1,0,1,0,,85,,9,,9,,92,,2,,32,,4,,48,,64,,68,,3333,,4848,,544,,6261,,7481,,782
72,"seville_cathedral",1,0,1,0,,95,,9667,,975,,98,,2,,28,,48,,6,,64,,68,,3333,,4375,,6378,,7404,,7728,,8029
73,"spanish_steps",,8,,8,,8,,7333,,65,,7,,1818,,2727,,4091,,6364,,6818,,7727,,2963,,4068,,5414,,6814,,6655,,7346
74,"st__basil_cathedral",1,0,1,0,,95,,9333,,925,,9,,2,,36,,56,,72,,72,,76,,3333,,5294,,7046,,8129,,8097,,8241
75,"statue_of_liberty",1,0,,7,,75,,7667,,775,,76,,16,,24,,44,,6,,6,,6,,2759,,3574,,5546,,6732,,6764,,6706
76,"stonehenge",,6,,4,,4,,4,,45,,54,,1053,,1053,,2105,,3158,,3158,,5263,,1791,,1667,,2759,,3529,,3711,,5331
77,"summer_palace_beijing",,8,,7,,85,,9,,9,,86,,12,,24,,36,,48,,56,,68,,2087,,3574,,5058,,6261,,6904,,7595
78,"sydney_opera_house",1,0,,9,,85,,8667,,875,,88,,2,,32,,48,,6,,64,,68,,3333,,4721,,6135,,7091,,7393,,7672
79,"teotihuacan",,8,,9,,85,,7667,,725,,76,,16,,32,,48,,52,,68,,76,,2667,,4721,,6135,,6197,,7018,,76
80,"terracotta_army",,6,,5,,65,,6667,,65,,7,,1,,2,,45,,65,,7,,75,,1714,,2857,,5318,,6582,,6741,,7241
81,"the_blue_mosque",1,0,1,0,,95,,9667,,975,,98,,16,,28,,56,,6,,68,,72,,2759,,4375,,7046,,7404,,8012,,8301
82,"the_henry_ford",,4,,6,,65,,6,,55,,6,,08,,24,,44,,48,,52,,56,,1333,,3429,,5248,,5333,,5346,,5793
83,"taj_mahal",,8,,8,,9,,9,,9,,88,,12,,24,,44,,6,,72,,76,,2087,,3692,,591,,72,,8,,8156
84,"tour_montparnasse",,4,,3,,45,,5,,425,,4,,1,,15,,35,,5,,5,,55,,16,,2,,3937,,5,,4595,,4632
85,"tower_bridge_london",,8,,7,,65,,6,,5,,48,,16,,2,,32,,4,,44,,52,,2667,,3111,,4289,,48,,4681,,4992
86,"trafalgar_square",,2,,3,,45,,4667,,425,,44,,0455,,1364,,2273,,3182,,3636,,3636,,0741,,1875,,302,,3784,,3919,,3982
87,"leaning_tower_of_pisa",1,0,1,0,,75,,7333,,725,,72,,16,,32,,44,,52,,64,,64,,2759,,4848,,5546,,6085,,6799,,6776
88,"hermitage_museum_saint_petersburg",1,0,,9,,85,,9,,9,,9,,16,,28,,44,,56,,72,,8,,2759,,4271,,5798,,6904,,8,,8471
89,"jantar_mantar_jaipur",,8,,8,,9,,8333,,8,,78,,16,,28,,48,,64,,72,,8,,2667,,4148,,6261,,724,,7579,,7899
90,"lake_titicaca_peru",,6,,6,,65,,6667,,625,,62,,125,,25,,4583,,5,,625,,7083,,2069,,3529,,5376,,5714,,625,,6612
91,"the_great_wall_of_china",,8,,9,,9,,9,,85,,82,,16,,32,,56,,64,,68,,72,,2667,,4721,,6904,,7481,,7556,,7668
92,"grande_arche_paris",,6,,8,,75,,7333,,625,,6,,12,,28,,4,,44,,44,,52,,2,,4148,,5217,,55,,5164,,5571
93,"el_angel_mexico",,4,,3,,45,,4667,,375,,38,,0952,,0952,,3333,,4762,,5238,,619,,1538,,1446,,383,,4714,,4371,,4709
94,"bibliotheque_nationale_de_france",1,0,,9,,85,,9,,875,,86,,2,,32,,44,,56,,68,,68,,3333,,4721,,5798,,6904,,7653,,7595
95,"kronborg_castle",,8,,9,,9,,9,,875,,88,,1667,,25,,375,,5,,625,,625,,2759,,3913,,5294,,6429,,7292,,7309
96,"ajanta_caves",1,0,1,0,,95,,9667,,95,,94,,2273,,3636,,5455,,7727,,7727,,7727,,3704,,5333,,693,,8589,,8522,,8482
97,"atomium",,8,,7,,8,,8333,,825,,82,,1429,,2857,,4286,,5238,,619,,619,,2424,,4058,,5581,,6433,,7073,,7055
98,"ellora_caves",1,0,1,0,1,0,1,0,,95,,96,,1364,,2273,,4091,,5455,,6818,,7273,,24,,3704,,5806,,7059,,7939,,8276
99,"potala_palace",1,0,,9,,8,,8,,825,,8,,2778,,3889,,5556,,7222,,7222,,7222,,4348,,5431,,6557,,7591,,7702,,7591
100,"jokhang",1,0,,8,,8,,8333,,825,,82,,16,,28,,48,,68,,76,,8,,2759,,4148,,6,,7489,,7912,,8099
101,"rila_monastery",1,0,1,0,1,0,,9333,,9,,9,,16,,24,,32,,4,,4,,4,,2759,,3871,,4848,,56,,5538,,5538
102,"louvre_pyramid",,8,,9,,8,,8667,,85,,84,,1667,,3333,,4444,,5556,,7222,,7222,,2759,,4865,,5714,,6771,,7809,,7767
103,"brooklyn_bridge",,4,,7,,85,,8667,,8,,82,,0952,,2857,,619,,6667,,7143,,8095,,1538,,4058,,7164,,7536,,7547,,8147
104,"tower_of_london",,8,,7,,75,,7667,,775,,72,,1304,,2609,,4348,,5217,,5652,,5652,,2243,,3801,,5505,,6209,,6537,,6333
105,"british_museum_london",1,0,1,0,1,0,,9333,,95,,92,,25,,4,,55,,6,,7,,8,,4,,5714,,7097,,7304,,8061,,8558
106,"buckingham_palace",,4,,5,,5,,3333,,275,,28,,1,,2,,4,,4,,45,,5,,16,,2857,,4444,,3636,,3414,,359
107,"charles_bridge_prague",,8,,7,,6,,6667,,7,,68,,1667,,25,,375,,4583,,5417,,625,,2759,,3684,,4615,,5432,,6107,,6513
108,"champs_elysees_paris",,4,,4,,45,,4333,,475,,46,,1333,,2667,,4,,5333,,6,,6,,2,,32,,4235,,4782,,5302,,5208
109,"chrysler_building",1,0,1,0,,95,,9333,,875,,9,,2857,,4286,,5714,,5714,,6429,,6429,,4444,,6,,7136,,7089,,7412,,75
110,"moma_new_york",,6,,7,,8,,8667,,85,,82,,1579,,3158,,6316,,6842,,6842,,7368,,25,,4352,,7059,,7647,,7581,,7762
111,"grand_central_terminal",,8,,9,,95,,9667,,925,,92,,1905,,3333,,5238,,5238,,619,,7143,,3077,,4865,,6753,,6794,,7417,,8042
112,"houses_of_parliament",1,0,,9,,85,,8333,,875,,86,,2174,,3043,,3913,,4783,,4783,,5217,,3571,,4549,,5359,,6077,,6185,,6495
113,"alexanderplatz_berlin",,6,,7,,8,,8,,775,,74,,12,,16,,36,,44,,48,,52,,2,,2605,,4966,,5677,,5928,,6108
114,"centre_pompidou",1,0,,8,,75,,7,,75,,72,,2778,,3333,,4444,,5556,,7222,,8889,,4348,,4706,,5581,,6195,,7358,,7956
115,"sydney_harbour_bridge",1,0,1,0,,95,,9667,,925,,94,,1875,,3125,,5,,625,,75,,8125,,3158,,4762,,6552,,7592,,8284,,8716
116,"pier_39",,8,,8,,8,,8,,775,,82,,0952,,2857,,4762,,619,,6667,,7619,,1702,,4211,,597,,698,,7168,,7899
117,"coit_tower",,6,,6,,6,,6,,625,,6,,1333,,2,,3333,,3333,,4,,4667,,2182,,3,,4286,,4286,,4878,,525
118,"st_paul_s_cathedral_london",,4,,5,,45,,5333,,625,,6,,0588,,2353,,4118,,5882,,6471,,7059,,1026,,32,,43,,5594,,6358,,6486
119,"cloud_gate",,2,,6,,65,,7,,725,,74,,0833,,1667,,25,,5,,5833,,5833,,1176,,2609,,3611,,5833,,6465,,6524
120,"musee_d_orsay",1,0,1,0,1,0,1,0,,925,,92,,1905,,2381,,2857,,4762,,5238,,5714,,32,,3846,,4444,,6452,,6689,,705
121,"pike_place_market",,8,,8,,9,,9333,,85,,86,,1429,,2381,,4286,,4286,,5238,,619,,2424,,367,,5806,,5874,,6482,,7199
122,"royal_palace_madrid",,6,,5,,65,,6667,,725,,72,,1364,,2273,,4545,,5455,,6364,,7273,,2222,,3125,,535,,6,,6778,,7236
123,"sony_center_berlin",,8,,9,,9,,8333,,875,,88,,1905,,2857,,381,,381,,4286,,4762,,3077,,4337,,5353,,5229,,5753,,618
124,"red_square_moscow",,8,,8,,65,,6,,675,,68,,1905,,2857,,381,,5714,,7143,,7619,,3077,,4211,,4804,,5854,,6941,,7186
125,"prague_castle",,8,,7,,7,,7667,,8,,82,,16,,24,,44,,56,,64,,68,,2667,,3574,,5404,,6472,,7111,,7435
126,"musee_du_louvre",1,0,1,0,1,0,1,0,,975,,98,,16,,32,,52,,6,,64,,64,,2759,,4848,,6842,,75,,7728,,7743
127,"millennium_bridge_london",,4,,7,,85,,8333,,825,,78,,08,,24,,4,,56,,64,,72,,1333,,3574,,544,,6699,,7208,,7488
128,"casa_mila",1,0,1,0,,9,,9333,,925,,94,,16,,32,,52,,68,,84,,88,,2759,,4848,,6592,,7868,,8805,,909
129,"national_gallery_london",,6,,6,,45,,4667,,5,,52,,1364,,2727,,3636,,4091,,4545,,5,,2222,,375,,4022,,436,,4762,,5098
130,"national_mall",,6,,7,,75,,7667,,75,,7,,08,,24,,52,,68,,76,,8,,1412,,3574,,6142,,7207,,755,,7467
131,"london_city_hall",,6,,8,,75,,7333,,675,,7,,15,,3,,55,,6,,6,,7,,24,,4364,,6346,,66,,6353,,7
132,"holocaust_memorial",,4,,4,,45,,4333,,475,,42,,125,,1875,,375,,5,,5,,5,,1905,,2553,,4091,,4643,,4872,,4565
133,"columbus_circle",,2,,2,,5,,5333,,525,,5,,04,,08,,36,,48,,6,,68,,0667,,1143,,4186,,5053,,56,,5763
134,"siegessaeule",,2,,6,,5,,5333,,575,,58,,04,,2,,32,,44,,56,,6,,0667,,3,,3902,,4822,,5674,,5898
135,"jardin_du_luxembourg",,8,,8,,9,,9,,875,,9,,16,,28,,48,,68,,76,,8,,2667,,4148,,6261,,7747,,8135,,8471
136,"merlion_singapore",,6,,5,,35,,3667,,4,,48,,1364,,2273,,2727,,4545,,5,,6364,,2222,,3125,,3066,,4059,,4444,,5472
137,"harrods_london",1,0,,9,,75,,8,,825,,82,,2,,36,,48,,52,,64,,68,,3333,,5143,,5854,,6303,,7208,,7435
138,"metropolitan_museum_of_art_new_york",1,0,1,0,1,0,1,0,1,0,,98,,12,,32,,52,,76,,76,,76,,2143,,4848,,6842,,8636,,8636,,8561
139,"new_york_stock_exchange",,8,,6,,45,,5333,,5,,52,,2,,3,,45,,6,,65,,7,,32,,4,,45,,5647,,5652,,5967
140,"stephansdom_vienna",1,0,1,0,,95,,9,,925,,94,,2,,36,,48,,64,,68,,76,,3333,,5294,,6378,,7481,,7838,,8405
141,"hms_belfast",,8,,9,,9,,9333,,9,,9,,16,,32,,4,,48,,68,,88,,2667,,4721,,5538,,634,,7747,,8899
142,"leicester_square",1,0,1,0,,95,,8667,,8,,76,,2,,32,,48,,56,,72,,76,,3333,,4848,,6378,,6804,,7579,,76
143,"ciudad_de_las_artes_y_las_ciencias",1,0,1,0,1,0,1,0,,95,,94,,2,,4,,64,,72,,84,,84,,3333,,5714,,7805,,8372,,8916,,8872
144,"topkapi_palace",1,0,1,0,1,0,1,0,1,0,1,0,,16,,28,,48,,64,,68,,76,,2759,,4375,,6486,,7805,,8095,,8636
145,"royal_albert_hall",,8,,7,,75,,6667,,625,,58,,16,,2,,4,,44,,52,,56,,2667,,3111,,5217,,5301,,5677,,5698
146,"st_vitus_cathedral",1,0,1,0,1,0,,9667,,975,,98,,2,,32,,44,,56,,64,,64,,3333,,4848,,6111,,7092,,7728,,7743
147,"castello_sforzesco",,8,,9,,85,,8667,,875,,9,,16,,32,,44,,48,,52,,68,,2667,,4721,,5798,,6178,,6523,,7747
148,"rijksmuseum_amsterdam",1,0,1,0,,95,,9667,,975,,98,,2,,36,,44,,56,,72,,72,,3333,,5294,,6014,,7092,,8283,,8301
149,"dam_square",,4,,4,,4,,4,,45,,48,,08,,16,,28,,32,,48,,56,,1333,,2286,,3294,,3556,,4645,,5169
150,"rathaus_vienna",,6,,8,,6,,5,,55,,56,,12,,2,,36,,36,,44,,52,,2,,32,,45,,4186,,4889,,5393
151,"bath_abbey",1,0,,9,,85,,9,,9,,92,,16,,32,,4,,52,,6,,72,,2759,,4721,,544,,6592,,72,,8078
152,"salisbury_cathedral",,6,,8,,9,,9333,,95,,96,,12,,32,,56,,6,,64,,8,,2,,4571,,6904,,7304,,7648,,8727
153,"templo_de_debod",,8,,7,,55,,5333,,45,,4,,1818,,3182,,3636,,4545,,5,,5909,,2963,,4375,,4378,,4908,,4737,,4771
154,"Niagara_Falls",,4,,6,,65,,6333,,575,,56,,0909,,2273,,3636,,5,,5455,,5455,,1481,,3297,,4664,,5588,,5598,,5526
155,"Golden_Gate_Bridge_in_San_Francisco",,8,,9,,95,,9667,,975,,96,,1818,,3636,,5,,6818,,6818,,8182,,2963,,518,,6552,,7996,,8025,,8834
156,"Neuschwanstein_Castle",1,0,1,0,1,0,,9667,,95,,9,,12,,2,,44,,48,,56,,64,,2143,,3333,,6111,,6415,,7046,,7481
157,"Christ_Church_Cathedral_Missouri",,8,,9,,95,,8667,,85,,86,,16,,28,,44,,48,,64,,68,,2667,,4271,,6014,,6178,,7302,,7595
158,"Mount_Rushmore_in_South_Dakota",1,0,,8,,8,,8667,,875,,9,,2,,28,,44,,48,,6,,72,,3333,,4148,,5677,,6178,,7119,,8
159,"Puerta_de_Toledo",,2,,1,,1,,0667,,075,,06,,5,,5,1,0,1,0,1,0,1,0,,2857,,1667,,1818,,125,,1395,,1132
160,"Urquhart_Castle",,8,,9,,75,,8333,,825,,82,,125,,3333,,4583,,5833,,75,,75,,2162,,4865,,569,,6863,,7857,,7834
161,"Gare_du_Nord_Paris",,4,,7,,75,,7667,,8,,8,,08,,24,,44,,6,,64,,68,,1333,,3574,,5546,,6732,,7111,,7351
162,"Newgrange_in_Ireland",1,0,,9,,85,,8333,,8,,8,,1667,,3333,,4167,,4583,,5,,5,,2857,,4865,,5592,,5914,,6154,,6154
163,"Windmills_at_Kinderdijk",1,0,,8,,9,,8667,,9,,9,,2,,2,,32,,44,,52,,6,,3333,,32,,4721,,5837,,6592,,72
164,"Conciergerie",1,0,,9,,95,,9333,,95,,94,,16,,24,,52,,56,,64,,76,,2759,,3789,,6721,,7,,7648,,8405
165,"Palazzo_Madama",,6,,6,,5,,4667,,475,,44,,1364,,2727,,3636,,3636,,3636,,4545,,2222,,375,,4211,,4088,,4119,,4472
166,"Split_Rock_Lighthouse",,6,,8,,75,,6667,,675,,72,,08,,24,,4,,44,,52,,52,,1412,,3692,,5217,,5301,,5874,,6039
167,"The_Little_Mermaid_Denmark",,8,,4,,45,,5333,,475,,44,,2143,,2143,,3571,,5,,5,,6429,,338,,2791,,3982,,5161,,4872,,5224
168,"Great_Pyramid_of_Giza",,4,,5,,5,,6,,575,,58,,1333,,2667,,4,,6,,6667,,6667,,2,,3478,,4444,,6,,6174,,6203
169,"Pitti_Palace",,6,,4,,5,,5333,,575,,62,,1364,,1818,,2727,,3636,,4545,,4545,,2222,,25,,3529,,4324,,5077,,5245
170,"Georgia_State_Capitol",,4,,5,,35,,3,,3,,26,,1053,,2105,,2632,,3158,,3158,,3158,,1667,,2963,,3004,,3077,,3077,,2852
171,"Dome_des_Invalides",1,0,1,0,1,0,1,0,1,0,1,0,,16,,2,,4,,52,,56,,56,,2759,,3333,,5714,,6842,,7179,,7179
172,"Reggia_di_Caserta",1,0,,9,,75,,6667,,7,,7,,12,,24,,44,,52,,64,,68,,2143,,3789,,5546,,5843,,6687,,6899
173,"The_Burj_al_Arab_Hotel",1,0,,9,,7,,7667,,725,,74,,2,,36,,48,,6,,64,,68,,3333,,5143,,5695,,6732,,6799,,7087
174,"Elephanta_Caves",,4,,6,,75,,7333,,725,,72,,0417,,2083,,4167,,4583,,5417,,625,,0755,,3093,,5357,,5641,,6201,,6691
175,"Basilica_of_Santa_Croce",1,0,,9,,95,,9667,,975,,98,,16,,24,,36,,6,,68,,68,,2759,,3789,,5221,,7404,,8012,,8029
176,"Aachen_Cathedral",,8,,9,,85,,8667,,875,,9,,16,,24,,48,,52,,64,,68,,2667,,3789,,6135,,65,,7393,,7747
177,"Monument_to_the_Great_Fire_of_London",,4,,6,,7,,7667,,725,,74,,08,,24,,48,,68,,68,,76,,1333,,3429,,5695,,7207,,7018,,7499
178,"Longmen_Grottoes",,8,,7,,7,,7333,,625,,6,,16,,28,,44,,52,,56,,68,,2667,,4,,5404,,6085,,5907,,6375
179,"Louisiana_State_Capitol",,2,,6,,4,,4,,4,,36,,04,,16,,24,,36,,52,,52,,0667,,2526,,3,,3789,,4522,,4255
180,"The_Great_Sphinx_at_Giza",1,0,,8,,7,,6667,,7,,7,,2,,32,,48,,56,,64,,68,,3333,,4571,,5695,,6087,,6687,,6899
181,"Teatro_Real_Madrid",,6,,7,,7,,6667,,65,,66,,1304,,3043,,4348,,5217,,5652,,6957,,2143,,4242,,5364,,5854,,6047,,6774
182,"Palacio_de_la_Magdalena",1,0,,7,,75,,7,,7,,74,,2,,28,,48,,68,,76,,8,,3333,,4,,5854,,6899,,7288,,7688
183,"Sowjetisches_Ehrenmal",,4,,5,,45,,4667,,525,,52,,08,,16,,24,,36,,56,,72,,1333,,2424,,313,,4065,,5419,,6039
184,"Cathedral_of_Trier",,8,,9,,85,,8667,,85,,84,,16,,28,,4,,6,,72,,76,,2667,,4271,,544,,7091,,7796,,798
185,"Saint_Mary_of_the_Flower",,4,,7,,6,,6333,,55,,54,,08,,24,,32,,4,,48,,52,,1333,,3574,,4174,,4903,,5126,,5298
186,"Skellig_Michael",1,0,,7,,7,,7333,,7,,66,,16,,24,,44,,56,,56,,6,,2759,,3574,,5404,,6351,,6222,,6286
187,"Chicago_Board_of_Trade_Building",,6,,8,,75,,7,,65,,66,,0909,,2727,,5,,6364,,6818,,7273,,1579,,4068,,6,,6667,,6655,,692
188,"Pont_de_Normandie_France",,6,,7,,75,,6667,,575,,6,,1579,,3684,,4737,,5263,,5789,,7895,,25,,4828,,5806,,5882,,577,,6818
189,"Palazzo_Rosso",,0,,1,,15,,2,,15,,12,,0,,0417,,125,,25,,25,,25,,0,,0588,,1364,,2222,,1875,,1622
190,"Piazza_Vittorio_Veneto",,2,,2,,15,,2,,175,,18,,0625,,125,,1875,,25,,3125,,375,,0952,,1538,,1667,,2222,,2244,,2432
191,"Sforza_Castle",1,0,,8,,9,,8667,,875,,88,,16,,2,,36,,4,,48,,6,,2759,,32,,5143,,5474,,6199,,7135
192,"Torres_KIO",,8,,7,,75,,7333,,775,,78,,16,,28,,44,,52,,64,,72,,2667,,4,,5546,,6085,,7011,,7488
193,"Torre_Picasso",1,0,,9,,75,,7333,,725,,7,,2083,,3333,,4583,,5417,,5417,,5833,,3448,,4865,,569,,6231,,6201,,6364
194,"The_Palace_of_Parliament_in_Bucharest",,8,,8,,75,,7667,,825,,82,,16,,24,,28,,48,,56,,6,,2667,,3692,,4078,,5904,,6671,,693
195,"Ernest_Hemingway_House",,6,,5,,6,,6667,,675,,72,,12,,2,,4,,52,,6,,76,,2,,2857,,48,,5843,,6353,,7395
196,"Castel_dellOvo_Napoli",,6,,7,,75,,8333,,85,,86,,12,,28,,48,,72,,8,,84,,2,,4,,5854,,7725,,8242,,8499
197,"Villa_Borghese_gardens",1,0,1,0,,95,,9333,,95,,96,,16,,28,,4,,52,,6,,72,,2759,,4375,,563,,6679,,7355,,8229
198,"Saint_Marks_Basilica",,8,,8,,9,,9,,9,,92,,12,,24,,4,,44,,48,,56,,2087,,3692,,5538,,591,,6261,,6962
199,"Mausoleum_of_the_First_Qin_Emperor",1,0,1,0,,95,,8667,,875,,86,,2,,36,,52,,56,,76,,92,,3333,,5294,,6721,,6804,,8135,,889
200,"Mausoleum_of_Hadrian",,2,,4,,4,,5,,525,,6,,0556,,2222,,3889,,5,,6667,,7778,,087,,2857,,3944,,5,,5874,,6774
201,"Piazza_de_Ferrari",1,0,1,0,1,0,,9667,,925,,9,,1579,,3158,,4211,,4737,,5789,,5789,,2727,,48,,5926,,6358,,7122,,7046
202,"George_Washington_Carver",,6,,6,,6,,5,,45,,46,,1875,,25,,375,,5,,5625,,6875,,2857,,3529,,4615,,5,,5,,5512
203,"Cathedral_of_Santiago_de_Compostela",,6,,8,,7,,6667,,675,,64,,1765,,3529,,5294,,6471,,6471,,7647,,2727,,4898,,6029,,6567,,6607,,6968
204,"Saint-Jacques_Tower",,6,,7,,75,,8,,775,,72,,2308,,3846,,4615,,6154,,7692,,7692,,3333,,4965,,5714,,6957,,7721,,7438
205,"Calakmul_Campeche_Mexico",,4,,6,,55,,6333,,675,,68,,1429,,3571,,5,,6429,,7143,,7143,,2105,,4478,,5238,,6381,,6941,,6967
206,"Bran_Castle_in_Transylvania",1,0,1,0,1,0,,8667,,825,,82,,2105,,3684,,5789,,7368,,7368,,8421,,3478,,5385,,7333,,7965,,7784,,8309
207,"Mosteiro_da_Batalha",1,0,1,0,1,0,1,0,1,0,1,0,,2632,,4211,,5789,,7895,,8421,,8421,,4167,,5926,,7333,,8824,,9143,,9143
208,"Wartburg_Castle",1,0,1,0,1,0,,9,,875,,86,,2,,4,,7,,75,,75,,75,,3333,,5714,,8235,,8182,,8077,,8012
209,"Fujian_Tulou_Fujian_China",1,0,1,0,,95,,9,,925,,88,,2778,,4444,,5556,,6667,,7222,,7778,,4348,,6154,,7011,,766,,8111,,8257
210,"Alabama_State_Capitol",1,0,,8,,8,,7333,,675,,66,,1905,,2857,,4762,,619,,6667,,7143,,32,,4211,,597,,6714,,6708,,6861
211,"Palazzo_dAccursio",,4,,4,,45,,3667,,45,,46,,1111,,2222,,4444,,5556,,6111,,6111,,1739,,2857,,4472,,4418,,5183,,5249
212,"Casa_Grande_Ruins",,8,,8,,65,,7,,75,,78,,2353,,2941,,3529,,3529,,5294,,5294,,3636,,4301,,4575,,4693,,6207,,6307
213,"Stravinsky_Fountain",,8,,9,,9,,8,,8,,84,,2667,,3333,,6,,6,,6,,6,,4,,4865,,72,,6857,,6857,,7
214,"Angel_Falls_Venezuela",,4,,4,,4,,4,,475,,48,,1176,,1176,,2941,,4118,,6471,,6471,,1818,,1818,,339,,4058,,5478,,5511
215,"Statue_of_George_IV",,2,,3,,3,,3,,25,,24,,125,,375,,625,,75,,75,,875,,1538,,3333,,4054,,4286,,375,,3767
216,"Palacio_Barolo",1,0,1,0,,95,,9,,875,,9,,2941,,3529,,5882,,7059,,7059,,8824,,4545,,5217,,7266,,7912,,7814,,8911
217,"Bridge_of_Remembrance_Christchurch_New_Zealand",,4,,4,,45,,4,,375,,34,,1667,,25,,5,,6667,,75,,75,,2353,,3077,,4737,,5,,5,,4679
218,"John_A._Roebling_Suspension_Bridge",,4,,3,,3,,4,,475,,54,,1333,,1333,,2667,,4667,,6,,6667,,2,,1846,,2824,,4308,,5302,,5967
219,"Blue_Dome_Santorini",,8,,8,,85,,8667,,825,,84,,25,,4375,,625,,75,,75,,75,,381,,5657,,7203,,8041,,7857,,7925
220,"Fossar_de_les_Moreres",,6,,7,,45,,4,,325,,28,,1429,,3571,,4286,,5,,5,,5714,,2308,,473,,439,,4444,,3939,,3758
221,"Luxor_Obelisk_France",,8,,9,,85,,9,,85,,84,,125,,1875,,375,,5,,625,,625,,2162,,3103,,5204,,6429,,7203,,7167
222,"Valle_de_los_Caidos",1,0,1,0,,95,,9667,,875,,9,,2,,3,,55,,65,,75,,8,,3333,,4615,,6967,,7773,,8077,,8471
--------------------
"--","Avg.",P@5,P@10,P@20,P@30,P@40,P@50,CR@5,CR@10,CR@20,CR@30,CR@40,CR@50,F1@5,F1@10,F1@20,F1@30,F1@40,F1@50
,,,7351,,7437,,7383,,7374,,7292,,7294,,1523,,2697,,4321,,5445,,6169,,6736,,2481,,3898,,5341,,613,,6548,,6853