--------------------
"Run name","output_runJACKARDDaviesBouldin"
--------------------
"Average P@20 = ",,7673
"Average CR@20 = ",,4041
"Average F1@20 = ",,5175
--------------------
"Query Id ","Location name",P@5,P@10,P@20,P@30,P@40,P@50,CR@5,CR@10,CR@20,CR@30,CR@40,CR@50,F1@5,F1@10,F1@20,F1@30,F1@40,F1@50
1,"angel_of_the_north",1,0,1,0,1,0,1,0,1,0,,96,,12,,2,,32,,52,,52,,6,,2143,,3333,,4848,,6842,,6842,,7385
2,"big_ben",,6,,6,,75,,7667,,775,,8,,1364,,2273,,4091,,5455,,6364,,7727,,2222,,3297,,5294,,6374,,6989,,7861
3,"hearst_castle",1,0,,9,,95,,8667,,8,,82,,2083,,375,,5833,,7083,,7083,,7917,,3448,,5294,,7228,,7795,,7514,,8056
4,"la_madeleine",,4,,4,,4,,3333,,425,,44,,0714,,1429,,2143,,3571,,5,,7143,,1212,,2105,,2791,,3448,,4595,,5446
5,"pont_alexandre_iii",1,0,1,0,,95,,9333,,95,,94,,16,,32,,44,,56,,64,,68,,2759,,4848,,6014,,7,,7648,,7891
6,"neues_museum",,4,,3,,35,,3333,,325,,44,,08,,12,,2,,24,,28,,4,,1333,,1714,,2545,,2791,,3008,,419
7,"montezuma_castle",,6,,7,,7,,6,,625,,64,,0833,,25,,4167,,5833,,6667,,75,,1463,,3684,,5224,,5915,,6452,,6906
8,"cn_tower",,8,,6,,65,,6333,,7,,68,,1667,,25,,4167,,5,,6667,,6667,,2759,,3529,,5078,,5588,,6829,,6733
9,"acropolis_athens",,6,,7,,7,,7333,,8,,8,,1429,,2381,,3333,,4286,,5714,,5714,,2308,,3553,,4516,,541,,6667,,6667
10,"agra_fort",1,0,,9,,95,,9,,875,,88,,2,,32,,48,,52,,64,,68,,3333,,4721,,6378,,6592,,7393,,7672
11,"albert_memorial",,6,,5,,65,,6667,,725,,7,,0909,,1364,,2273,,3636,,4545,,5455,,1579,,2143,,3368,,4706,,5588,,6131
12,"altes_museum",1,0,,9,,9,,9333,,95,,88,,125,,1667,,375,,4583,,625,,6667,,2222,,2812,,5294,,6148,,754,,7586
13,"amiens_cathedral",1,0,,9,,95,,9333,,925,,9,,16,,28,,48,,64,,8,,8,,2759,,4271,,6378,,7593,,858,,8471
14,"angkor_wat",,8,,8,,9,,9,,925,,86,,12,,2,,4,,48,,6,,68,,2087,,32,,5538,,6261,,7279,,7595
15,"ara_pacis",,4,,7,,85,,7667,,6,,64,,0909,,2727,,5909,,6818,,7273,,7273,,1481,,3925,,6972,,7218,,6575,,6809
16,"arc_de_triomphe",1,0,,7,,55,,5333,,525,,58,,2083,,25,,375,,5,,5417,,625,,3448,,3684,,4459,,5161,,5332,,6017
17,"aztec_ruins",,4,,4,,5,,5,,5,,5,,04,,12,,32,,4,,52,,56,,0727,,1846,,3902,,4444,,5098,,5283
18,"berlin_cathedral",1,0,,9,,85,,9,,925,,94,,2,,36,,44,,64,,72,,72,,3333,,5143,,5798,,7481,,8097,,8154
19,"bok_tower_gardens",1,0,,9,,9,,8667,,9,,92,,16,,32,,44,,48,,6,,68,,2759,,4721,,591,,6178,,72,,782
20,"brandenburg_gate",1,0,1,0,,95,,9333,,95,,92,,16,,28,,44,,56,,64,,72,,2759,,4375,,6014,,7,,7648,,8078
21,"cabrillo",,4,,3,,3,,2667,,25,,2,,1538,,2308,,3846,,3846,,5385,,5385,,2222,,2609,,3371,,315,,3415,,2917
22,"casa_batllo",1,0,1,0,1,0,1,0,1,0,1,0,,16,,36,,6,,6,,72,,76,,2759,,5294,,75,,75,,8372,,8636
23,"casa_rosada",1,0,1,0,,85,,9,,925,,94,,2,,32,,44,,56,,6,,64,,3333,,4848,,5798,,6904,,7279,,7615
24,"castillo_de_san_marcos",,8,,7,,7,,7333,,725,,72,,12,,2,,36,,52,,6,,64,,2087,,3111,,4755,,6085,,6566,,6776
25,"chartres_cathedral",1,0,1,0,1,0,,9333,,95,,96,,2,,36,,52,,6,,68,,72,,3333,,5294,,6842,,7304,,7926,,8229
26,"chichen_itza",1,0,,9,,9,,8667,,85,,86,,16,,32,,52,,56,,56,,64,,2759,,4721,,6592,,6804,,6752,,7339
27,"christ_the_redeemer_rio",,2,,5,,55,,6333,,65,,66,,0435,,1739,,3043,,4348,,5217,,6087,,0714,,2581,,3919,,5156,,5788,,6333
28,"civic_center_san_francisco",,6,,6,,65,,5667,,625,,68,,12,,24,,36,,44,,6,,6,,2,,3429,,4634,,4954,,6122,,6375
29,"cologne_cathedral",1,0,1,0,1,0,1,0,1,0,1,0,,12,,24,,4,,52,,56,,68,,2143,,3871,,5714,,6842,,7179,,8095
30,"colosseum",1,0,1,0,,95,,9667,,95,,96,,16,,32,,36,,48,,6,,72,,2759,,4848,,5221,,6415,,7355,,8229
31,"doge_s_palace",1,0,,9,,8,,8333,,825,,86,,16,,28,,4,,48,,48,,52,,2759,,4271,,5333,,6091,,6069,,6481
32,"eiffel_tower",,6,,7,,8,,8667,,9,,92,,12,,16,,24,,32,,48,,52,,2,,2605,,3692,,4674,,6261,,6644
33,"golden_gate_bridge",,8,,9,,9,,9,,85,,86,,1304,,2609,,4348,,4348,,5217,,5652,,2243,,4045,,5863,,5863,,6466,,6821
34,"grand_palais",1,0,1,0,,95,,9667,,95,,94,,1818,,4091,,5455,,6364,,6364,,6364,,3077,,5806,,693,,7675,,7622,,7589
35,"guggenheim_museum_bilbao",1,0,1,0,1,0,1,0,1,0,1,0,,16,,32,,4,,4,,44,,56,,2759,,4848,,5714,,5714,,6111,,7179
36,"hagia_sophia_istanbul",,8,,9,,85,,9,,925,,92,,16,,28,,44,,56,,72,,84,,2667,,4271,,5798,,6904,,8097,,8782
37,"hoover_dam",1,0,,9,,9,,8667,,875,,88,,12,,2,,36,,44,,48,,6,,2143,,3273,,5143,,5837,,6199,,7135
38,"humayun_tomb",,8,,6,,75,,7667,,775,,76,,12,,2,,48,,68,,72,,72,,2087,,3,,5854,,7207,,7465,,7395
39,"iguazu_falls",,8,,6,,75,,8333,,85,,76,,12,,16,,36,,52,,6,,64,,2087,,2526,,4865,,6404,,7034,,6949
40,"iolani_palace",,8,,9,,8,,6667,,75,,68,,16,,32,,44,,48,,56,,6,,2667,,4721,,5677,,5581,,6412,,6375
41,"la_mezquita",,6,,3,,35,,3333,,325,,4,,125,,125,,25,,3333,,4167,,5833,,2069,,1765,,2917,,3333,,3652,,4746
42,"la_rambla_barcelona",1,0,,8,,85,,8667,,9,,92,,16,,2,,4,,48,,52,,6,,2759,,32,,544,,6178,,6592,,7263
43,"la_sainte_chapelle",1,0,1,0,1,0,1,0,,975,,92,,16,,32,,52,,56,,64,,64,,2759,,4848,,6842,,7179,,7728,,7549
44,"liberty_memorial",1,0,,9,,75,,6333,,6,,68,,16,,16,,24,,36,,44,,48,,2759,,2717,,3636,,4591,,5077,,5628
45,"lincoln_home",,4,,4,,35,,3333,,35,,46,,1111,,2222,,3333,,3333,,3333,,6667,,1739,,2857,,3415,,3333,,3415,,5444
46,"machu_picchu",,8,,8,,85,,8667,,8,,82,,16,,24,,4,,48,,52,,68,,2667,,3692,,544,,6178,,6303,,7435
47,"marble_arch_london",,6,,4,,4,,4,,425,,38,,25,,3333,,5833,,75,,75,,75,,3529,,3636,,4746,,5217,,5426,,5044
48,"milan_cathedral",1,0,1,0,,8,,8667,,875,,9,,16,,32,,48,,64,,64,,72,,2759,,4848,,6,,7363,,7393,,8
49,"mole_antonelliana",,4,,4,,65,,6667,,675,,7,,08,,12,,28,,36,,4,,44,,1333,,1846,,3914,,4675,,5023,,5404
50,"mont_saint_michel",1,0,,9,,9,,9333,,9,,9,,16,,32,,52,,6,,68,,72,,2759,,4721,,6592,,7304,,7747,,8
51,"moulin_rouge",,4,,4,,4,,3667,,35,,28,,25,,5,,625,,75,,875,,875,,3077,,4444,,4878,,4925,,5,,4242
52,"nelson_s_column",1,0,1,0,,95,,9667,,975,,98,,1667,,2917,,4583,,5833,,7083,,75,,2857,,4516,,6183,,7276,,8205,,8497
53,"notre_dame_de_paris",1,0,1,0,,8,,7667,,8,,82,,2,,32,,36,,4,,56,,64,,3333,,4848,,4966,,5257,,6588,,7189
54,"obelisco",,2,,1,,1,,0667,,05,,04,,0909,,0909,,0909,,0909,,0909,,0909,,125,,0952,,0952,,0769,,0645,,0556
55,"piccadilly_circus",1,0,,9,,9,,9333,,925,,86,,1739,,2174,,4348,,6087,,7391,,7391,,2963,,3502,,5863,,7368,,8217,,795
56,"place_de_la_concorde",1,0,1,0,1,0,1,0,1,0,,98,,16,,28,,4,,48,,56,,6,,2759,,4375,,5714,,6486,,7179,,7443
57,"place_de_la_republique",,2,,2,,25,,3,,275,,22,,125,,25,,375,,625,,75,,75,,1538,,2222,,3,,4054,,4024,,3402
58,"place_des_vosges",,8,,8,,8,,8667,,75,,74,,16,,24,,48,,68,,76,,84,,2667,,3692,,6,,7621,,755,,7868
59,"pont_du_gard",1,0,,9,,65,,6667,,625,,62,,16,,2,,32,,32,,36,,44,,2759,,3273,,4289,,4324,,4569,,5147
60,"pont_neuf",,6,,8,,75,,7667,,8,,78,,12,,24,,4,,64,,76,,76,,2,,3692,,5217,,6976,,7795,,7699
61,"ponte_vecchio",,8,,9,,95,,9333,,9,,86,,125,,1667,,375,,5,,5833,,5833,,2162,,2812,,5377,,6512,,7079,,6952
62,"puerta_de_alcala",,6,,5,,4,,4,,425,,52,,1053,,1579,,2632,,3684,,4737,,5789,,1791,,24,,3175,,3836,,448,,5479
63,"puerta_del_sol",,8,,9,,7,,6333,,525,,42,,2,,3,,4,,45,,5,,5,,32,,45,,5091,,5262,,5122,,4565
64,"red_fort",1,0,1,0,,95,,9667,,975,,98,,2,,32,,48,,52,,68,,72,,3333,,4848,,6378,,6762,,8012,,8301
65,"reims_cathedral",,8,,9,,95,,9667,,95,,94,,16,,24,,36,,52,,68,,68,,2667,,3789,,5221,,6762,,7926,,7891
66,"rialto_bridge",,6,,7,,7,,6333,,575,,56,,1875,,4375,,625,,625,,75,,8125,,2857,,5385,,6604,,6291,,6509,,663
67,"roman_forum_rome",,4,,7,,85,,8333,,825,,74,,08,,28,,36,,44,,56,,56,,1333,,4,,5058,,5759,,6671,,6375
68,"sacre_coeur",,6,,3,,5,,5333,,575,,6,,125,,125,,1667,,25,,3333,,375,,2069,,1765,,25,,3404,,422,,4615
69,"sagrada_familia",1,0,1,0,,9,,9333,,875,,9,,2,,32,,4,,52,,56,,64,,3333,,4848,,5538,,6679,,6829,,7481
70,"santa_maria_novella",,8,,7,,6,,5,,425,,54,,12,,16,,2,,24,,32,,48,,2087,,2605,,3,,3243,,3651,,5082
71,"schonbrunn_palace",1,0,1,0,1,0,1,0,1,0,1,0,,2,,32,,48,,56,,68,,72,,3333,,4848,,6486,,7179,,8095,,8372
72,"seville_cathedral",,8,,9,,95,,9667,,975,,98,,16,,2,,36,,52,,68,,72,,2667,,3273,,5221,,6762,,8012,,8301
73,"spanish_steps",,6,,7,,75,,7,,7,,7,,1364,,2273,,4545,,5455,,6364,,6818,,2222,,3431,,566,,6131,,6667,,6908
74,"st__basil_cathedral",1,0,1,0,,95,,8667,,9,,9,,16,,32,,44,,52,,56,,6,,2759,,4848,,6014,,65,,6904,,72
75,"statue_of_liberty",1,0,,9,,9,,9333,,95,,94,,2,,24,,4,,48,,48,,52,,3333,,3789,,5538,,634,,6378,,6696
76,"stonehenge",,8,,9,,75,,6667,,625,,6,,1579,,2105,,3158,,4211,,5263,,5789,,2637,,3412,,4444,,5161,,5714,,5893
77,"summer_palace_beijing",,6,,8,,75,,7333,,75,,76,,12,,24,,36,,48,,64,,64,,2,,3692,,4865,,5802,,6906,,6949
78,"sydney_opera_house",,8,,8,,7,,8,,825,,86,,12,,16,,28,,44,,48,,48,,2087,,2667,,4,,5677,,6069,,6161
79,"teotihuacan",1,0,1,0,,85,,7667,,7,,74,,2,,32,,44,,52,,56,,6,,3333,,4848,,5798,,6197,,6222,,6627
80,"terracotta_army",,6,,7,,55,,6333,,625,,62,,15,,3,,4,,5,,6,,75,,24,,42,,4632,,5588,,6122,,6788
81,"the_blue_mosque",,6,,8,,85,,8667,,9,,9,,08,,24,,28,,4,,48,,6,,1412,,3692,,4212,,5474,,6261,,72
82,"the_henry_ford",1,0,,9,,85,,9,,875,,9,,2,,28,,44,,48,,6,,68,,3333,,4271,,5798,,6261,,7119,,7747
83,"taj_mahal",1,0,1,0,,9,,8667,,8,,84,,2,,4,,52,,72,,76,,76,,3333,,5714,,6592,,7866,,7795,,798
84,"tour_montparnasse",,4,,6,,65,,5667,,5,,46,,1,,25,,45,,5,,55,,55,,16,,3529,,5318,,5312,,5238,,501
85,"tower_bridge_london",,8,,8,,8,,6667,,575,,56,,16,,24,,36,,44,,48,,56,,2667,,3692,,4966,,5301,,5232,,56
86,"trafalgar_square",,8,,8,,85,,7,,7,,64,,1364,,2273,,3636,,3636,,5,,5,,233,,354,,5094,,4786,,5833,,5614
87,"leaning_tower_of_pisa",,4,,6,,5,,5667,,575,,62,,08,,2,,28,,44,,52,,6,,1333,,3,,359,,4954,,5461,,6098
88,"hermitage_museum_saint_petersburg",1,0,1,0,1,0,,9667,,9,,82,,16,,32,,4,,44,,48,,52,,2759,,4848,,5714,,6047,,6261,,6364
89,"jantar_mantar_jaipur",1,0,1,0,,9,,8667,,8,,82,,16,,28,,36,,52,,72,,84,,2759,,4375,,5143,,65,,7579,,8299
90,"lake_titicaca_peru",,8,,6,,45,,5333,,5,,48,,1667,,1667,,1667,,3333,,4583,,625,,2759,,2609,,2432,,4103,,4783,,543
91,"the_great_wall_of_china",,8,,9,,95,,9667,,9,,86,,16,,28,,32,,36,,36,,44,,2667,,4271,,4787,,5246,,5143,,5822
92,"grande_arche_paris",,6,,7,,7,,6333,,625,,64,,08,,2,,36,,44,,48,,52,,1412,,3111,,4755,,5193,,543,,5738
93,"el_angel_mexico",,8,,8,,8,,6667,,6,,64,,1429,,2857,,381,,4762,,5714,,6667,,2424,,4211,,5161,,5556,,5854,,6531
94,"bibliotheque_nationale_de_france",,8,,7,,75,,7,,65,,7,,12,,24,,32,,36,,4,,52,,2087,,3574,,4486,,4755,,4952,,5967
95,"kronborg_castle",1,0,,8,,75,,7667,,775,,74,,2083,,2917,,375,,5833,,5833,,5833,,3448,,4275,,5,,6626,,6656,,6524
96,"ajanta_caves",1,0,1,0,,9,,9,,9,,92,,2273,,4545,,5455,,5909,,6364,,6818,,3704,,625,,6792,,7134,,7456,,7832
97,"atomium",,8,,9,,9,,9333,,95,,96,,1905,,2381,,4286,,4762,,4762,,4762,,3077,,3766,,5806,,6306,,6344,,6366
98,"ellora_caves",1,0,1,0,,95,,9667,,925,,94,,1818,,3182,,4545,,5909,,5909,,6364,,3077,,4828,,6149,,7335,,7211,,7589
99,"potala_palace",1,0,,9,,95,,9667,,925,,88,,1667,,1667,,3333,,3333,,4444,,5556,,2857,,2812,,4935,,4957,,6004,,6811
100,"jokhang",,8,,7,,75,,7333,,775,,8,,12,,24,,44,,56,,68,,68,,2087,,3574,,5546,,6351,,7244,,7351
101,"rila_monastery",,8,,9,,95,,9667,,925,,92,,12,,2,,32,,36,,44,,44,,2087,,3273,,4787,,5246,,5963,,5953
102,"louvre_pyramid",,8,,8,,9,,8,,775,,8,,1667,,2222,,3333,,3889,,5556,,5556,,2759,,3478,,4865,,5234,,6472,,6557
103,"brooklyn_bridge",,8,,9,,95,,9667,,9,,86,,1429,,2381,,4286,,4762,,5238,,619,,2424,,3766,,5907,,6381,,6622,,7199
104,"tower_of_london",,6,,7,,55,,6333,,65,,66,,1304,,2609,,3478,,4783,,4783,,5217,,2143,,3801,,4262,,545,,5511,,5828
105,"british_museum_london",1,0,1,0,1,0,,9667,,975,,98,,2,,25,,35,,45,,5,,6,,3333,,4,,5185,,6141,,661,,7443
106,"buckingham_palace",,2,,4,,45,,4333,,425,,42,,05,,2,,3,,3,,3,,3,,08,,2667,,36,,3545,,3517,,35
107,"charles_bridge_prague",,6,,6,,6,,5667,,6,,58,,125,,1667,,2917,,375,,4167,,4167,,2069,,2609,,3925,,4513,,4918,,4849
108,"champs_elysees_paris",,8,,7,,55,,4667,,5,,46,,2667,,3333,,5333,,6,,6,,6,,4,,4516,,5415,,525,,5455,,5208
109,"chrysler_building",1,0,1,0,,95,,9667,,975,,96,,2857,,5,,5714,,7857,,8571,,8571,,4444,,6667,,7136,,8668,,9123,,9057
110,"moma_new_york",,6,,7,,8,,8333,,875,,9,,1579,,2632,,3158,,4211,,5263,,5789,,25,,3825,,4528,,5594,,6573,,7046
111,"grand_central_terminal",1,0,1,0,,95,,9667,,95,,96,,1905,,2857,,4286,,5238,,5238,,5238,,32,,4444,,5907,,6794,,6753,,6778
112,"houses_of_parliament",,8,,8,,8,,8,,8,,84,,1739,,2609,,3043,,3913,,4783,,5217,,2857,,3934,,4409,,5255,,5986,,6437
113,"alexanderplatz_berlin",,6,,6,,65,,6333,,65,,72,,08,,16,,28,,32,,36,,44,,1412,,2526,,3914,,4252,,4634,,5462
114,"centre_pompidou",,6,,8,,6,,6667,,65,,64,,1667,,3889,,5,,5,,6667,,7222,,2609,,5234,,5455,,5714,,6582,,6786
115,"sydney_harbour_bridge",1,0,1,0,1,0,1,0,1,0,1,0,,3125,,4375,,4375,,625,,6875,,75,,4762,,6087,,6087,,7692,,8148,,8571
116,"pier_39",,6,,7,,8,,8,,85,,86,,1429,,1905,,381,,4762,,5714,,619,,2308,,2995,,5161,,597,,6834,,7199
117,"coit_tower",,4,,6,,8,,7667,,75,,74,,1333,,3333,,4,,4667,,5333,,6,,2,,4286,,5333,,5802,,6234,,6627
118,"st_paul_s_cathedral_london",,8,,8,,8,,8,,725,,72,,2353,,3529,,4706,,6471,,6471,,7059,,3636,,4898,,5926,,7154,,6838,,7129
119,"cloud_gate",1,0,,9,,85,,9,,9,,9,,3333,,5,,5833,,75,,75,,75,,5,,6429,,6919,,8182,,8182,,8182
120,"musee_d_orsay",1,0,1,0,,95,,9333,,925,,9,,1905,,1905,,4286,,5238,,5714,,6667,,32,,32,,5907,,671,,7064,,766
121,"pike_place_market",,8,,8,,8,,8,,825,,82,,1905,,2381,,4286,,4286,,4762,,5238,,3077,,367,,5581,,5581,,6038,,6393
122,"royal_palace_madrid",1,0,1,0,,9,,8667,,875,,84,,2273,,3636,,5455,,5909,,6364,,6818,,3704,,5333,,6792,,7027,,7368,,7527
123,"sony_center_berlin",,8,,9,,95,,8667,,875,,9,,1905,,2857,,4286,,4286,,5238,,5238,,3077,,4337,,5907,,5735,,6553,,6622
124,"red_square_moscow",,8,,8,,65,,6333,,675,,68,,1429,,1905,,2857,,4286,,5714,,7619,,2424,,3077,,3969,,5112,,6189,,7186
125,"prague_castle",,8,,9,,9,,8667,,9,,9,,12,,24,,44,,48,,56,,6,,2087,,3789,,591,,6178,,6904,,72
126,"musee_du_louvre",1,0,1,0,1,0,1,0,1,0,1,0,,2,,28,,44,,56,,64,,68,,3333,,4375,,6111,,7179,,7805,,8095
127,"millennium_bridge_london",1,0,1,0,,85,,8333,,825,,82,,2,,32,,44,,56,,6,,68,,3333,,4848,,5798,,6699,,6947,,7435
128,"casa_mila",1,0,,9,,9,,9333,,95,,94,,2,,24,,4,,6,,64,,72,,3333,,3789,,5538,,7304,,7648,,8154
129,"national_gallery_london",,8,,7,,7,,6333,,65,,64,,0909,,1364,,2727,,4091,,4545,,4545,,1633,,2283,,3925,,4971,,535,,5316
130,"national_mall",,8,,9,,95,,9,,875,,88,,16,,28,,4,,56,,6,,68,,2667,,4271,,563,,6904,,7119,,7672
131,"london_city_hall",,8,,7,,7,,6333,,625,,64,,2,,3,,45,,5,,55,,55,,32,,42,,5478,,5588,,5851,,5916
132,"holocaust_memorial",,4,,4,,35,,3333,,35,,32,,125,,125,,25,,375,,4375,,4375,,1905,,1905,,2917,,3529,,3889,,3696
133,"columbus_circle",,6,,7,,8,,6667,,675,,64,,12,,24,,56,,6,,72,,76,,2,,3574,,6588,,6316,,6968,,6949
134,"siegessaeule",,4,,2,,5,,4667,,475,,46,,08,,08,,36,,44,,48,,56,,1333,,1143,,4186,,4529,,4775,,5051
135,"jardin_du_luxembourg",1,0,1,0,1,0,1,0,1,0,,98,,16,,24,,44,,52,,56,,72,,2759,,3871,,6111,,6842,,7179,,8301
136,"merlion_singapore",,6,,7,,55,,6,,6,,62,,0909,,2727,,4545,,5909,,5909,,6364,,1579,,3925,,4977,,5954,,5954,,6281
137,"harrods_london",1,0,,9,,95,,9333,,85,,82,,2,,24,,44,,56,,56,,56,,3333,,3789,,6014,,7,,6752,,6655
138,"metropolitan_museum_of_art_new_york",1,0,1,0,1,0,1,0,1,0,,98,,2,,28,,4,,52,,56,,64,,3333,,4375,,5714,,6842,,7179,,7743
139,"new_york_stock_exchange",1,0,,7,,6,,7,,75,,76,,25,,35,,4,,55,,6,,6,,4,,4667,,48,,616,,6667,,6706
140,"stephansdom_vienna",1,0,1,0,,95,,9333,,95,,96,,16,,24,,44,,56,,72,,72,,2759,,3871,,6014,,7,,8192,,8229
141,"hms_belfast",1,0,1,0,1,0,1,0,1,0,1,0,,16,,24,,32,,44,,52,,6,,2759,,3871,,4848,,6111,,6842,,75
142,"leicester_square",1,0,1,0,,85,,8333,,775,,74,,16,,28,,44,,52,,56,,6,,2759,,4375,,5798,,6404,,6502,,6627
143,"ciudad_de_las_artes_y_las_ciencias",1,0,1,0,,95,,9667,,95,,94,,16,,32,,52,,56,,6,,64,,2759,,4848,,6721,,7092,,7355,,7615
144,"topkapi_palace",1,0,1,0,1,0,,9333,,9,,92,,16,,28,,44,,56,,6,,72,,2759,,4375,,6111,,7,,72,,8078
145,"royal_albert_hall",,6,,7,,6,,5667,,6,,68,,12,,2,,24,,32,,48,,48,,2,,3111,,3429,,409,,5333,,5628
146,"st_vitus_cathedral",,8,,9,,95,,9,,9,,9,,16,,36,,48,,52,,6,,6,,2667,,5143,,6378,,6592,,72,,72
147,"castello_sforzesco",1,0,,8,,9,,9,,9,,9,,2,,24,,36,,4,,44,,52,,3333,,3692,,5143,,5538,,591,,6592
148,"rijksmuseum_amsterdam",1,0,,9,,95,,9667,,975,,98,,2,,32,,52,,64,,72,,76,,3333,,4721,,6721,,7701,,8283,,8561
149,"dam_square",,4,,5,,5,,5333,,575,,6,,08,,2,,32,,44,,52,,52,,1333,,2857,,3902,,4822,,5461,,5571
150,"rathaus_vienna",1,0,,7,,7,,7667,,75,,76,,16,,2,,24,,24,,24,,36,,2759,,3111,,3574,,3656,,3636,,4886
151,"bath_abbey",,8,,9,,9,,9,,9,,9,,12,,28,,4,,52,,56,,76,,2087,,4271,,5538,,6592,,6904,,8241
152,"salisbury_cathedral",,8,,9,,95,,9667,,975,,96,,08,,24,,4,,44,,44,,44,,1455,,3789,,563,,6047,,6064,,6034
153,"templo_de_debod",,0,,0,,2,,2333,,225,,36,,0,,0,,0909,,1818,,2273,,3182,,0,,0,,125,,2044,,2261,,3378
154,"Niagara_Falls",,4,,5,,55,,5,,425,,54,,0455,,1818,,3182,,4091,,4091,,5455,,0816,,2667,,4031,,45,,4169,,5427
155,"Golden_Gate_Bridge_in_San_Francisco",1,0,1,0,1,0,,9667,,975,,98,,1818,,2273,,4545,,5455,,6818,,7727,,3077,,3704,,625,,6974,,8025,,8641
156,"Neuschwanstein_Castle",1,0,,9,,95,,9667,,95,,96,,16,,24,,4,,64,,68,,68,,2759,,3789,,563,,7701,,7926,,7961
157,"Christ_Church_Cathedral_Missouri",,8,,9,,95,,9667,,925,,94,,16,,28,,48,,52,,56,,6,,2667,,4271,,6378,,6762,,6976,,7325
158,"Mount_Rushmore_in_South_Dakota",,8,,8,,9,,9,,9,,88,,12,,2,,44,,6,,6,,64,,2087,,32,,591,,72,,72,,7411
159,"Puerta_de_Toledo",,2,,3,,15,,1,,075,,06,,5,1,0,1,0,1,0,1,0,1,0,,2857,,4615,,2609,,1818,,1395,,1132
160,"Urquhart_Castle",,8,,9,,9,,8667,,825,,84,,1667,,3333,,4167,,5,,5417,,6667,,2759,,4865,,5696,,6341,,654,,7434
161,"Gare_du_Nord_Paris",1,0,,9,,85,,8333,,825,,86,,2,,24,,36,,4,,4,,44,,3333,,3789,,5058,,5405,,5388,,5822
162,"Newgrange_in_Ireland",,2,,4,,5,,6667,,7,,74,,0417,,1667,,375,,4583,,4583,,5,,069,,2353,,4286,,5432,,554,,5968
163,"Windmills_at_Kinderdijk",,8,,7,,75,,8333,,85,,86,,12,,24,,32,,44,,48,,56,,2087,,3574,,4486,,5759,,6135,,6783
164,"Conciergerie",,8,,9,,95,,9667,,975,,96,,12,,24,,32,,44,,48,,64,,2087,,3789,,4787,,6047,,6433,,768
165,"Palazzo_Madama",,8,,9,,65,,6667,,575,,6,,1818,,3636,,5,,6364,,6818,,7273,,2963,,518,,5652,,6512,,6239,,6575
166,"Split_Rock_Lighthouse",,8,,8,,9,,8333,,85,,82,,16,,24,,32,,44,,44,,44,,2667,,3692,,4721,,5759,,5798,,5727
167,"The_Little_Mermaid_Denmark",1,0,,6,,45,,5,,425,,44,,2857,,3571,,5,,7143,,7143,,7143,,4444,,4478,,4737,,5882,,5329,,5446
168,"Great_Pyramid_of_Giza",,8,,8,,75,,7,,65,,72,,2667,,3333,,5333,,6,,6667,,7333,,4,,4706,,6234,,6462,,6582,,7266
169,"Pitti_Palace",,6,,7,,65,,6333,,65,,62,,0909,,2727,,3636,,4545,,5,,5455,,1579,,3925,,4664,,5292,,5652,,5803
170,"Georgia_State_Capitol",,6,,5,,35,,2333,,175,,18,,1579,,2105,,2632,,2632,,2632,,2632,,25,,2963,,3004,,2473,,2102,,2138
171,"Dome_des_Invalides",1,0,1,0,1,0,1,0,,975,,98,,16,,24,,4,,48,,52,,56,,2759,,3871,,5714,,6486,,6783,,7127
172,"Reggia_di_Caserta",,8,,8,,75,,7333,,775,,72,,16,,24,,4,,6,,6,,64,,2667,,3692,,5217,,66,,6764,,6776
173,"The_Burj_al_Arab_Hotel",,8,,8,,8,,7667,,775,,82,,16,,28,,44,,48,,48,,56,,2667,,4148,,5677,,5904,,5928,,6655
174,"Elephanta_Caves",1,0,1,0,,95,,8667,,875,,88,,125,,2083,,3333,,4583,,4583,,5417,,2222,,3448,,4935,,5996,,6016,,6706
175,"Basilica_of_Santa_Croce",1,0,1,0,1,0,1,0,1,0,1,0,,2,,28,,4,,44,,52,,68,,3333,,4375,,5714,,6111,,6842,,8095
176,"Aachen_Cathedral",,8,,8,,85,,8667,,875,,88,,12,,2,,36,,44,,52,,56,,2087,,32,,5058,,5837,,6523,,6844
177,"Monument_to_the_Great_Fire_of_London",,6,,6,,7,,6667,,7,,68,,12,,2,,44,,6,,64,,64,,2,,3,,5404,,6316,,6687,,6594
178,"Longmen_Grottoes",,4,,5,,5,,5,,5,,52,,08,,2,,36,,48,,56,,64,,1333,,2857,,4186,,4898,,5283,,5738
179,"Louisiana_State_Capitol",,2,,3,,55,,4667,,45,,46,,04,,12,,4,,44,,52,,64,,0667,,1714,,4632,,4529,,4825,,5353
180,"The_Great_Sphinx_at_Giza",,8,,9,,85,,9,,875,,88,,16,,32,,52,,64,,68,,72,,2667,,4721,,6453,,7481,,7653,,792
181,"Teatro_Real_Madrid",1,0,1,0,1,0,1,0,,975,,84,,2174,,2609,,5217,,6957,,7826,,7826,,3571,,4138,,6857,,8205,,8683,,8103
182,"Palacio_de_la_Magdalena",,8,,9,,9,,8333,,775,,74,,16,,28,,48,,6,,64,,72,,2667,,4271,,6261,,6977,,7011,,7299
183,"Sowjetisches_Ehrenmal",,4,,5,,6,,6,,65,,68,,08,,16,,36,,44,,6,,68,,1333,,2424,,45,,5077,,624,,68
184,"Cathedral_of_Trier",1,0,,9,,8,,7667,,825,,86,,2,,28,,44,,48,,68,,8,,3333,,4271,,5677,,5904,,7455,,8289
185,"Saint_Mary_of_the_Flower",,2,,3,,2,,2667,,4,,38,,04,,08,,08,,24,,36,,4,,0667,,1263,,1143,,2526,,3789,,3897
186,"Skellig_Michael",,8,,7,,7,,7,,675,,68,,16,,28,,48,,56,,56,,64,,2667,,4,,5695,,6222,,6121,,6594
187,"Chicago_Board_of_Trade_Building",,8,,9,,9,,9,,9,,84,,1818,,4091,,4545,,5455,,6364,,6818,,2963,,5625,,604,,6792,,7456,,7527
188,"Pont_de_Normandie_France",1,0,1,0,,95,,9667,,975,,96,,1579,,2632,,4737,,6316,,6842,,8421,,2727,,4167,,6322,,764,,8041,,8972
189,"Palazzo_Rosso",,0,,0,,1,,1,,075,,08,,0,,0,,0833,,125,,125,,1667,,0,,0,,0909,,1111,,0937,,1081
190,"Piazza_Vittorio_Veneto",,6,,5,,55,,5333,,575,,52,,125,,25,,4375,,5,,6875,,8125,,2069,,3333,,4873,,5161,,6262,,6341
191,"Sforza_Castle",1,0,1,0,,9,,9333,,95,,96,,16,,2,,4,,6,,64,,72,,2759,,3333,,5538,,7304,,7648,,8229
192,"Torres_KIO",1,0,,9,,95,,9667,,975,,92,,16,,2,,32,,48,,56,,56,,2759,,3273,,4787,,6415,,7114,,6962
193,"Torre_Picasso",,8,,8,,9,,9,,875,,88,,125,,2083,,4167,,5833,,625,,6667,,2162,,3306,,5696,,7079,,7292,,7586
194,"The_Palace_of_Parliament_in_Bucharest",,8,,9,,95,,9333,,9,,84,,12,,28,,44,,56,,72,,76,,2087,,4271,,6014,,7,,8,,798
195,"Ernest_Hemingway_House",1,0,1,0,,85,,8333,,8,,82,,2,,28,,52,,64,,68,,68,,3333,,4375,,6453,,724,,7351,,7435
196,"Castel_dellOvo_Napoli",,4,,7,,85,,9,,9,,88,,08,,24,,48,,56,,72,,76,,1333,,3574,,6135,,6904,,8,,8156
197,"Villa_Borghese_gardens",,8,,8,,9,,9333,,95,,96,,16,,24,,44,,56,,64,,76,,2667,,3692,,591,,7,,7648,,8484
198,"Saint_Marks_Basilica",,8,,9,,9,,9,,9,,9,,12,,24,,36,,4,,56,,56,,2087,,3789,,5143,,5538,,6904,,6904
199,"Mausoleum_of_the_First_Qin_Emperor",,8,,7,,75,,8,,825,,8,,16,,28,,44,,48,,6,,68,,2667,,4,,5546,,6,,6947,,7351
200,"Mausoleum_of_Hadrian",,6,,6,,6,,5333,,525,,54,,1667,,2222,,3889,,4444,,4444,,5,,2609,,3243,,4719,,4848,,4814,,5192
201,"Piazza_de_Ferrari",1,0,1,0,,95,,9667,,975,,94,,1579,,3158,,3684,,4737,,5263,,5263,,2727,,48,,5309,,6358,,6836,,6748
202,"George_Washington_Carver",,4,,4,,45,,4333,,55,,54,,125,,125,,1875,,3125,,4375,,5,,1905,,1905,,2647,,3631,,4873,,5192
203,"Cathedral_of_Santiago_de_Compostela",,6,,8,,85,,8,,75,,7,,1765,,3529,,4706,,6471,,7059,,7647,,2727,,4898,,6058,,7154,,7273,,7309
204,"Saint-Jacques_Tower",,4,,4,,45,,5333,,65,,72,,1538,,2308,,3077,,3846,,3846,,5385,,2222,,2927,,3655,,4469,,4833,,6161
205,"Calakmul_Campeche_Mexico",,8,,9,,85,,8333,,775,,74,,2143,,2857,,4286,,4286,,5,,6429,,338,,4337,,5698,,566,,6078,,688
206,"Bran_Castle_in_Transylvania",,8,,8,,7,,8,,775,,8,,1579,,2632,,4211,,6316,,6842,,7895,,2637,,396,,5258,,7059,,7268,,7947
207,"Mosteiro_da_Batalha",1,0,1,0,1,0,1,0,1,0,1,0,,2105,,4211,,5263,,6316,,6316,,7368,,3478,,5926,,6897,,7742,,7742,,8485
208,"Wartburg_Castle",,8,,9,,85,,9,,9,,9,,2,,4,,65,,7,,8,,85,,32,,5538,,7367,,7875,,8471,,8743
209,"Fujian_Tulou_Fujian_China",1,0,1,0,1,0,1,0,1,0,,92,,1667,,3333,,5,,5556,,7222,,7778,,2857,,5,,6667,,7143,,8387,,8429
210,"Alabama_State_Capitol",,8,,5,,65,,7,,725,,72,,1905,,2381,,4762,,619,,619,,7143,,3077,,3226,,5497,,657,,6678,,7171
211,"Palazzo_dAccursio",,4,,6,,65,,6,,625,,62,,1111,,2222,,3333,,4444,,4444,,5556,,1739,,3243,,4407,,5106,,5195,,586
212,"Casa_Grande_Ruins",,8,,9,,7,,7,,775,,8,,1765,,2353,,3529,,4118,,4118,,4706,,2892,,3731,,4693,,5185,,5378,,5926
213,"Stravinsky_Fountain",,8,,7,,7,,6667,,725,,78,,1333,,2,,4667,,5333,,5333,,6,,2286,,3111,,56,,5926,,6146,,6783
214,"Angel_Falls_Venezuela",,4,,4,,55,,6,,475,,52,,1176,,1765,,4706,,5882,,5882,,7647,,1818,,2449,,5072,,5941,,5256,,619
215,"Statue_of_George_IV",,6,,4,,35,,2667,,275,,26,,375,,375,,5,,625,,75,,75,,4615,,3871,,4118,,3738,,4024,,3861
216,"Palacio_Barolo",1,0,,9,,9,,9,,85,,88,,2941,,4118,,6471,,7059,,8235,,8824,,4545,,565,,7529,,7912,,8366,,8812
217,"Bridge_of_Remembrance_Christchurch_New_Zealand",,0,,2,,5,,6667,,65,,6,,0,,1667,,5,,8333,,8333,1,0,,0,,1818,,5,,7407,,7303,,75
218,"John_A._Roebling_Suspension_Bridge",,2,,3,,35,,4667,,45,,48,,0667,,2,,4,,6,,8,,8,,1,,24,,3733,,525,,576,,6
219,"Blue_Dome_Santorini",,8,,8,,8,,8667,,9,,92,,1875,,375,,5625,,5625,,625,,6875,,3038,,5106,,6606,,6822,,7377,,7869
220,"Fossar_de_les_Moreres",,2,,5,,55,,5333,,5,,44,,0714,,2857,,5,,5714,,7143,,7143,,1053,,3636,,5238,,5517,,5882,,5446
221,"Luxor_Obelisk_France",1,0,,9,,8,,8,,825,,82,,1875,,25,,375,,5,,5625,,625,,3158,,3913,,5106,,6154,,6689,,7093
222,"Valle_de_los_Caidos",,8,,9,,9,,9,,925,,92,,2,,3,,45,,55,,65,,75,,32,,45,,6,,6828,,7635,,8263
--------------------
"--","Avg.",P@5,P@10,P@20,P@30,P@40,P@50,CR@5,CR@10,CR@20,CR@30,CR@40,CR@50,F1@5,F1@10,F1@20,F1@30,F1@40,F1@50
,,,7667,,7694,,7673,,7626,,7588,,7588,,1544,,2595,,4041,,5026,,5719,,6304,,2522,,3786,,5175,,5918,,6365,,6725