--------------------
"Run name","output_runJACKARDSilhouette"
--------------------
"Average P@20 = ",,7457
"Average CR@20 = ",,4372
"Average F1@20 = ",,5399
--------------------
"Query Id ","Location name",P@5,P@10,P@20,P@30,P@40,P@50,CR@5,CR@10,CR@20,CR@30,CR@40,CR@50,F1@5,F1@10,F1@20,F1@30,F1@40,F1@50
1,"angel_of_the_north",1,0,1,0,1,0,1,0,1,0,1,0,,16,,2,,4,,48,,6,,64,,2759,,3333,,5714,,6486,,75,,7805
2,"big_ben",,8,,7,,75,,7333,,775,,74,,1818,,3182,,3182,,3636,,5,,5909,,2963,,4375,,4468,,4862,,6078,,6571
3,"hearst_castle",1,0,1,0,,95,,9667,,9,,9,,1667,,3333,,5,,5417,,625,,7917,,2857,,5,,6552,,6943,,7377,,8424
4,"la_madeleine",,2,,4,,4,,4333,,4,,42,,0714,,2143,,3571,,3571,,5714,,7143,,1053,,2791,,3774,,3916,,4706,,529
5,"pont_alexandre_iii",,8,,9,,9,,9,,9,,92,,12,,24,,44,,48,,6,,68,,2087,,3789,,591,,6261,,72,,782
6,"neues_museum",,8,,7,,75,,7667,,75,,76,,16,,24,,4,,48,,56,,6,,2667,,3574,,5217,,5904,,6412,,6706
7,"montezuma_castle",,6,,8,,7,,6667,,7,,68,,25,,3333,,5833,,75,,75,,75,,3529,,4706,,6364,,7059,,7241,,7133
8,"cn_tower",,8,,6,,6,,6,,55,,6,,1667,,1667,,2917,,4167,,5,,5833,,2759,,2609,,3925,,4918,,5238,,5915
9,"acropolis_athens",,8,,8,,8,,8333,,8,,8,,1905,,2857,,4286,,4762,,5714,,5714,,3077,,4211,,5581,,6061,,6667,,6667
10,"agra_fort",1,0,1,0,,95,,9667,,9,,9,,2,,36,,48,,52,,52,,6,,3333,,5294,,6378,,6762,,6592,,72
11,"albert_memorial",,8,,8,,85,,8333,,85,,86,,1818,,3182,,4091,,4545,,5455,,5909,,2963,,4553,,5523,,5882,,6645,,7005
12,"altes_museum",,6,,7,,7,,7667,,8,,8,,125,,2917,,4167,,4583,,625,,625,,2069,,4118,,5224,,5737,,7018,,7018
13,"amiens_cathedral",1,0,1,0,1,0,,9333,,95,,96,,16,,28,,48,,6,,72,,72,,2759,,4375,,6486,,7304,,8192,,8229
14,"angkor_wat",,8,,8,,8,,8,,8,,82,,16,,28,,36,,48,,56,,6,,2667,,4148,,4966,,6,,6588,,693
15,"ara_pacis",,6,,3,,55,,6333,,65,,66,,1364,,1364,,4091,,5909,,6818,,6818,,2222,,1875,,4692,,6114,,6655,,6707
16,"arc_de_triomphe",1,0,,9,,75,,6667,,7,,7,,2083,,375,,4583,,5833,,75,,7917,,3448,,5294,,569,,6222,,7241,,743
17,"aztec_ruins",,6,,3,,35,,3333,,375,,38,,12,,12,,24,,36,,52,,56,,2,,1714,,2847,,3462,,4358,,4528
18,"berlin_cathedral",1,0,,9,,85,,9,,875,,86,,2,,36,,48,,6,,68,,72,,3333,,5143,,6135,,72,,7653,,7838
19,"bok_tower_gardens",,8,,9,,9,,8667,,85,,88,,16,,28,,48,,56,,64,,72,,2667,,4271,,6261,,6804,,7302,,792
20,"brandenburg_gate",1,0,,9,,9,,9333,,875,,9,,2,,32,,48,,56,,56,,64,,3333,,4721,,6261,,7,,6829,,7481
21,"cabrillo",,2,,2,,2,,1667,,15,,14,,0769,,1538,,2308,,3077,,3846,,3846,,1111,,1739,,2143,,2162,,2158,,2053
22,"casa_batllo",1,0,1,0,1,0,,9667,,95,,96,,2,,32,,48,,52,,68,,8,,3333,,4848,,6486,,6762,,7926,,8727
23,"casa_rosada",1,0,1,0,1,0,,9333,,9,,88,,2,,36,,64,,76,,76,,84,,3333,,5294,,7805,,8378,,8241,,8595
24,"castillo_de_san_marcos",,8,,9,,8,,8333,,8,,8,,16,,2,,4,,6,,68,,68,,2667,,3273,,5333,,6977,,7351,,7351
25,"chartres_cathedral",1,0,,9,,95,,9333,,925,,94,,2,,32,,52,,6,,6,,68,,3333,,4721,,6721,,7304,,7279,,7891
26,"chichen_itza",1,0,,9,,9,,9,,875,,88,,2,,36,,52,,6,,68,,8,,3333,,5143,,6592,,72,,7653,,8381
27,"christ_the_redeemer_rio",,6,,4,,6,,6,,625,,58,,1304,,1739,,4783,,5217,,5217,,6522,,2143,,2424,,5323,,5581,,5687,,614
28,"civic_center_san_francisco",,2,,6,,55,,5,,5,,54,,04,,16,,28,,32,,4,,44,,0667,,2526,,3711,,3902,,4444,,4849
29,"cologne_cathedral",1,0,1,0,,95,,9667,,9,,9,,16,,28,,4,,56,,6,,68,,2759,,4375,,563,,7092,,72,,7747
30,"colosseum",1,0,1,0,1,0,,9667,,975,,96,,16,,28,,44,,48,,6,,64,,2759,,4375,,6111,,6415,,7429,,768
31,"doge_s_palace",,8,,8,,8,,8,,8,,82,,08,,16,,24,,36,,44,,48,,1455,,2667,,3692,,4966,,5677,,6055
32,"eiffel_tower",1,0,1,0,,95,,9,,85,,86,,16,,24,,4,,44,,48,,6,,2759,,3871,,563,,591,,6135,,7068
33,"golden_gate_bridge",1,0,,9,,9,,8667,,825,,84,,2174,,3478,,4783,,6087,,6087,,6087,,3571,,5017,,6246,,7151,,7005,,7059
34,"grand_palais",1,0,1,0,1,0,1,0,,95,,96,,2273,,4091,,6818,,7273,,7273,,7727,,3704,,5806,,8108,,8421,,8238,,8562
35,"guggenheim_museum_bilbao",1,0,,9,,9,,9,,875,,9,,16,,24,,52,,6,,64,,72,,2759,,3789,,6592,,72,,7393,,8
36,"hagia_sophia_istanbul",,8,,9,,9,,9333,,95,,96,,16,,28,,4,,6,,64,,84,,2667,,4271,,5538,,7304,,7648,,896
37,"hoover_dam",1,0,1,0,,95,,9667,,95,,94,,2,,32,,52,,64,,72,,8,,3333,,4848,,6721,,7701,,8192,,8644
38,"humayun_tomb",1,0,,8,,85,,8333,,775,,82,,16,,28,,48,,48,,48,,56,,2759,,4148,,6135,,6091,,5928,,6655
39,"iguazu_falls",,8,,8,,8,,8,,725,,76,,16,,32,,48,,56,,56,,64,,2667,,4571,,6,,6588,,6319,,6949
40,"iolani_palace",,8,,9,,65,,5333,,6,,66,,16,,36,,44,,48,,64,,76,,2667,,5143,,5248,,5053,,6194,,7065
41,"la_mezquita",,2,,3,,25,,3667,,325,,36,,0417,,125,,1667,,375,,4167,,5,,069,,1765,,2,,3708,,3652,,4186
42,"la_rambla_barcelona",,8,,9,,7,,8,,85,,88,,12,,32,,44,,56,,68,,72,,2087,,4721,,5404,,6588,,7556,,792
43,"la_sainte_chapelle",1,0,1,0,,95,,9667,,925,,94,,16,,28,,56,,64,,72,,8,,2759,,4375,,7046,,7701,,8097,,8644
44,"liberty_memorial",,6,,7,,75,,7333,,7,,72,,12,,2,,28,,4,,52,,72,,2,,3111,,4078,,5176,,5967,,72
45,"lincoln_home",,8,,5,,55,,5333,,575,,56,,2222,,2778,,5,,6111,,7778,,7778,,3478,,3571,,5238,,5696,,6612,,6512
46,"machu_picchu",,8,,7,,75,,8333,,85,,82,,12,,24,,36,,6,,64,,64,,2087,,3574,,4865,,6977,,7302,,7189
47,"marble_arch_london",,4,,4,,35,,3333,,275,,26,,1667,,3333,,5,,5833,,5833,,6667,,2353,,3636,,4118,,4242,,3738,,3741
48,"milan_cathedral",1,0,1,0,1,0,,9667,,95,,94,,2,,32,,6,,64,,64,,68,,3333,,4848,,75,,7701,,7648,,7891
49,"mole_antonelliana",,6,,5,,7,,6333,,7,,66,,08,,16,,44,,52,,6,,64,,1412,,2424,,5404,,5711,,6462,,6498
50,"mont_saint_michel",1,0,1,0,,9,,9,,9,,9,,16,,36,,44,,6,,68,,68,,2759,,5294,,591,,72,,7747,,7747
51,"moulin_rouge",,2,,1,,1,,1,,1,,12,,125,,125,,25,,375,,5,,625,,1538,,1111,,1429,,1579,,1667,,2013
52,"nelson_s_column",1,0,,9,,85,,9,,9,,88,,2083,,2917,,4167,,6667,,75,,7917,,3448,,4406,,5592,,766,,8182,,8335
53,"notre_dame_de_paris",1,0,1,0,,85,,8,,85,,8,,2,,32,,4,,44,,56,,56,,3333,,4848,,544,,5677,,6752,,6588
54,"obelisco",,2,,3,,25,,2333,,2,,2,,0909,,2727,,3636,,3636,,3636,,4545,,125,,2857,,2963,,2843,,2581,,2778
55,"piccadilly_circus",1,0,1,0,,65,,7,,725,,76,,2174,,3913,,3913,,5652,,6522,,7391,,3571,,5625,,4885,,6254,,6867,,7494
56,"place_de_la_concorde",1,0,1,0,1,0,1,0,1,0,1,0,,2,,32,,52,,72,,76,,8,,3333,,4848,,6842,,8372,,8636,,8889
57,"place_de_la_republique",,2,,2,,25,,2333,,175,,18,,125,,25,,5,,625,,625,,75,,1538,,2222,,3333,,3398,,2734,,2903
58,"place_des_vosges",,8,,8,,65,,6667,,625,,62,,16,,28,,48,,56,,6,,68,,2667,,4148,,5522,,6087,,6122,,6486
59,"pont_du_gard",,8,,8,,8,,7333,,725,,74,,16,,28,,32,,36,,44,,56,,2667,,4148,,4571,,4829,,5476,,6375
60,"pont_neuf",,6,,7,,7,,7,,675,,68,,12,,24,,36,,48,,64,,68,,2,,3574,,4755,,5695,,657,,68
61,"ponte_vecchio",,8,,8,,75,,7,,7,,72,,125,,25,,4167,,4583,,5,,5417,,2162,,381,,5357,,554,,5833,,6182
62,"puerta_de_alcala",,6,,5,,6,,5333,,55,,56,,1579,,2105,,3684,,5263,,6316,,6316,,25,,2963,,4565,,5298,,588,,5936
63,"puerta_del_sol",,2,,5,,55,,4333,,5,,48,,05,,25,,45,,5,,7,,7,,08,,3333,,495,,4643,,5833,,5695
64,"red_fort",1,0,,9,,95,,9667,,975,,98,,2,,36,,48,,64,,76,,76,,3333,,5143,,6378,,7701,,8542,,8561
65,"reims_cathedral",1,0,1,0,,95,,9667,,95,,92,,2,,28,,44,,48,,52,,56,,3333,,4375,,6014,,6415,,6721,,6962
66,"rialto_bridge",,4,,6,,55,,4667,,475,,52,,125,,3125,,4375,,5,,5625,,6875,,1905,,411,,4873,,4828,,5151,,5921
67,"roman_forum_rome",,6,,7,,7,,7667,,775,,78,,12,,24,,4,,52,,52,,56,,2,,3574,,5091,,6197,,6224,,6519
68,"sacre_coeur",,6,,6,,6,,5667,,575,,56,,125,,2083,,3333,,4583,,5,,5417,,2069,,3093,,4286,,5068,,5349,,5507
69,"sagrada_familia",1,0,,9,,9,,9,,9,,9,,16,,24,,44,,56,,64,,68,,2759,,3789,,591,,6904,,7481,,7747
70,"santa_maria_novella",,6,,5,,45,,5,,55,,52,,12,,2,,32,,4,,48,,52,,2,,2857,,374,,4444,,5126,,52
71,"schonbrunn_palace",,8,,9,,95,,9333,,925,,92,,16,,24,,44,,56,,68,,76,,2667,,3789,,6014,,7,,7838,,8324
72,"seville_cathedral",,8,,9,,95,,9667,,975,,98,,16,,2,,4,,52,,6,,68,,2667,,3273,,563,,6762,,7429,,8029
73,"spanish_steps",,6,,8,,75,,8,,7,,68,,1364,,3182,,4545,,5455,,5909,,6364,,2222,,4553,,566,,6486,,6408,,6575
74,"st__basil_cathedral",1,0,1,0,,95,,8667,,875,,88,,16,,28,,48,,6,,68,,72,,2759,,4375,,6378,,7091,,7653,,792
75,"statue_of_liberty",1,0,,9,,85,,8333,,825,,84,,16,,32,,48,,48,,6,,64,,2759,,4721,,6135,,6091,,6947,,7265
76,"stonehenge",,6,,7,,75,,7333,,725,,7,,1579,,1579,,4211,,5263,,6316,,7368,,25,,2577,,5393,,6128,,6751,,7179
77,"summer_palace_beijing",,8,,6,,65,,7333,,775,,76,,16,,2,,36,,52,,6,,6,,2667,,3,,4634,,6085,,6764,,6706
78,"sydney_opera_house",1,0,,8,,85,,9,,9,,86,,16,,2,,4,,52,,6,,64,,2759,,32,,544,,6592,,72,,7339
79,"teotihuacan",,8,,9,,8,,8,,75,,76,,12,,28,,48,,6,,64,,68,,2087,,4271,,6,,6857,,6906,,7178
80,"terracotta_army",,4,,6,,65,,6667,,675,,68,,1,,3,,4,,55,,65,,8,,16,,4,,4952,,6027,,6623,,7351
81,"the_blue_mosque",1,0,1,0,,9,,9,,925,,92,,2,,32,,4,,52,,56,,6,,3333,,4848,,5538,,6592,,6976,,7263
82,"the_henry_ford",,6,,6,,55,,5667,,575,,56,,12,,2,,32,,48,,6,,64,,2,,3,,4046,,5197,,5872,,5973
83,"taj_mahal",1,0,,9,,9,,9,,9,,9,,2,,36,,56,,72,,8,,84,,3333,,5143,,6904,,8,,8471,,869
84,"tour_montparnasse",,4,,5,,45,,4333,,425,,42,,1,,25,,25,,4,,55,,6,,16,,3333,,3214,,416,,4795,,4941
85,"tower_bridge_london",,6,,6,,7,,6333,,625,,6,,12,,24,,36,,36,,44,,48,,2,,3429,,4755,,4591,,5164,,5333
86,"trafalgar_square",,6,,8,,7,,6333,,6,,62,,1364,,2273,,3182,,4545,,5455,,6364,,2222,,354,,4375,,5292,,5714,,6281
87,"leaning_tower_of_pisa",,6,,5,,6,,5667,,55,,58,,12,,16,,44,,52,,52,,64,,2,,2424,,5077,,5423,,5346,,6085
88,"hermitage_museum_saint_petersburg",,8,,8,,85,,8333,,85,,84,,16,,28,,52,,56,,68,,72,,2667,,4148,,6453,,6699,,7556,,7754
89,"jantar_mantar_jaipur",1,0,1,0,,9,,9,,875,,88,,2,,36,,52,,6,,68,,72,,3333,,5294,,6592,,72,,7653,,792
90,"lake_titicaca_peru",1,0,,6,,55,,5333,,475,,46,,2083,,25,,375,,4167,,5,,5,,3448,,3529,,4459,,4678,,4872,,4792
91,"the_great_wall_of_china",,8,,8,,85,,8,,825,,82,,16,,24,,52,,6,,68,,68,,2667,,3692,,6453,,6857,,7455,,7435
92,"grande_arche_paris",,6,,6,,75,,7,,725,,7,,12,,24,,36,,4,,48,,52,,2,,3429,,4865,,5091,,5776,,5967
93,"el_angel_mexico",,2,,4,,4,,3667,,4,,42,,0476,,1905,,3333,,4286,,5238,,5714,,0769,,2581,,3636,,3952,,4536,,4841
94,"bibliotheque_nationale_de_france",,6,,8,,75,,7333,,75,,76,,12,,32,,48,,56,,68,,76,,2,,4571,,5854,,6351,,7133,,76
95,"kronborg_castle",,6,,8,,85,,9,,875,,9,,0833,,2083,,375,,5417,,5833,,625,,1463,,3306,,5204,,6763,,7,,7377
96,"ajanta_caves",1,0,1,0,,9,,9333,,925,,94,,2273,,4545,,5,,6364,,7273,,7727,,3704,,625,,6429,,7568,,8143,,8482
97,"atomium",1,0,,8,,75,,8333,,8,,8,,0952,,1905,,2381,,4286,,5238,,5238,,1739,,3077,,3614,,566,,6331,,6331
98,"ellora_caves",1,0,1,0,,95,,9667,,975,,96,,1818,,3182,,4545,,5,,5455,,6818,,3077,,4828,,6149,,6591,,6996,,7973
99,"potala_palace",1,0,1,0,,95,,9667,,85,,84,,2222,,3889,,5556,,6667,,6667,,7778,,3636,,56,,7011,,7891,,7473,,8077
100,"jokhang",,6,,8,,85,,8667,,85,,8,,12,,28,,56,,72,,76,,76,,2,,4148,,6752,,7866,,8025,,7795
101,"rila_monastery",,8,,9,,9,,9333,,9,,88,,16,,24,,36,,4,,44,,48,,2667,,3789,,5143,,56,,591,,6212
102,"louvre_pyramid",,8,,8,,8,,8,,775,,78,,2222,,2778,,3889,,3889,,5556,,5556,,3478,,4124,,5234,,5234,,6472,,6489
103,"brooklyn_bridge",1,0,1,0,,8,,8333,,825,,84,,2381,,3333,,4762,,4762,,5714,,619,,3846,,5,,597,,6061,,6752,,7128
104,"tower_of_london",,6,,6,,55,,6,,6,,66,,1304,,2174,,3478,,4783,,5217,,6087,,2143,,3191,,4262,,5323,,5581,,6333
105,"british_museum_london",1,0,1,0,1,0,1,0,1,0,,98,,15,,25,,5,,5,,6,,65,,2609,,4,,6667,,6667,,75,,7816
106,"buckingham_palace",,8,,5,,4,,4,,375,,4,,15,,15,,2,,35,,35,,5,,2526,,2308,,2667,,3733,,3621,,4444
107,"charles_bridge_prague",,6,,7,,7,,6333,,65,,66,,0833,,1667,,25,,3333,,3333,,4167,,1463,,2692,,3684,,4368,,4407,,5108
108,"champs_elysees_paris",,8,,6,,55,,4667,,5,,46,,2667,,3333,,5333,,6,,6,,6,,4,,4286,,5415,,525,,5455,,5208
109,"chrysler_building",1,0,1,0,,95,,9667,,95,,96,,2143,,4286,,5714,,6429,,7857,,9286,,3529,,6,,7136,,7722,,8601,,944
110,"moma_new_york",,6,,8,,75,,8333,,85,,86,,1579,,2632,,3684,,5789,,5789,,6842,,25,,396,,4941,,6832,,6888,,7621
111,"grand_central_terminal",1,0,1,0,,95,,9333,,95,,94,,1429,,2381,,381,,619,,619,,7143,,25,,3846,,5438,,7444,,7496,,8117
112,"houses_of_parliament",,8,,8,,85,,8667,,85,,86,,1304,,2609,,3478,,3913,,4348,,5217,,2243,,3934,,4936,,5392,,5753,,6495
113,"alexanderplatz_berlin",,8,,9,,85,,8667,,9,,86,,16,,28,,4,,48,,56,,6,,2667,,4271,,544,,6178,,6904,,7068
114,"centre_pompidou",,6,,7,,75,,7667,,775,,74,,1111,,2778,,5,,5556,,6667,,7222,,1875,,3977,,6,,6443,,7168,,731
115,"sydney_harbour_bridge",1,0,1,0,1,0,1,0,1,0,1,0,,25,,3125,,5625,,75,,8125,,8125,,4,,4762,,72,,8571,,8966,,8966
116,"pier_39",1,0,,8,,85,,8667,,85,,84,,2381,,381,,5238,,5714,,6667,,7143,,3846,,5161,,6482,,6887,,7473,,7721
117,"coit_tower",,2,,6,,65,,5667,,55,,54,,0667,,2667,,4667,,4667,,5333,,6,,1,,3692,,5433,,5118,,5415,,5684
118,"st_paul_s_cathedral_london",,8,,7,,7,,7,,675,,66,,2353,,3529,,4706,,5882,,6471,,6471,,3636,,4693,,5628,,6393,,6607,,6535
119,"cloud_gate",,4,,7,,8,,7667,,775,,74,,1667,,4167,,5833,,6667,,6667,,75,,2353,,5224,,6747,,7132,,7168,,745
120,"musee_d_orsay",1,0,1,0,1,0,,9667,,95,,96,,1429,,2381,,381,,5238,,619,,6667,,25,,3846,,5517,,6794,,7496,,7869
121,"pike_place_market",1,0,,9,,9,,8333,,8,,76,,2381,,3333,,4762,,5238,,6667,,6667,,3846,,4865,,6228,,6433,,7273,,7103
122,"royal_palace_madrid",1,0,,9,,8,,7333,,7,,72,,2273,,2727,,4091,,5,,5455,,6364,,3704,,4186,,5414,,5946,,6131,,6756
123,"sony_center_berlin",,8,,9,,85,,9,,9,,88,,0952,,0952,,2381,,2857,,381,,4762,,1702,,1722,,372,,4337,,5353,,618
124,"red_square_moscow",,4,,6,,7,,7,,75,,78,,0952,,2381,,381,,4762,,4762,,6667,,1538,,3409,,4934,,5668,,5825,,7189
125,"prague_castle",,8,,9,,75,,8333,,825,,84,,16,,24,,44,,64,,64,,72,,2667,,3789,,5546,,724,,7208,,7754
126,"musee_du_louvre",1,0,1,0,1,0,1,0,1,0,1,0,,16,,32,,52,,6,,72,,76,,2759,,4848,,6842,,75,,8372,,8636
127,"millennium_bridge_london",1,0,,9,,75,,7667,,775,,78,,2,,36,,48,,56,,64,,68,,3333,,5143,,5854,,6472,,7011,,7266
128,"casa_mila",1,0,1,0,,9,,9,,9,,9,,2,,32,,52,,56,,56,,64,,3333,,4848,,6592,,6904,,6904,,7481
129,"national_gallery_london",,4,,5,,6,,5667,,575,,64,,0909,,1818,,4091,,5455,,6364,,6818,,1481,,2667,,4865,,5559,,6041,,6602
130,"national_mall",,6,,7,,75,,6667,,7,,68,,12,,28,,48,,6,,72,,76,,2,,4,,5854,,6316,,7099,,7178
131,"london_city_hall",,6,,6,,65,,6667,,625,,6,,15,,25,,45,,55,,6,,7,,24,,3529,,5318,,6027,,6122,,6462
132,"holocaust_memorial",,6,,5,,45,,5,,425,,42,,1875,,25,,375,,5,,5,,5625,,2857,,3333,,4091,,5,,4595,,4809
133,"columbus_circle",,8,,7,,55,,5667,,55,,56,,12,,2,,36,,48,,56,,68,,2087,,3111,,4352,,5197,,555,,6142
134,"siegessaeule",,6,,7,,6,,6,,55,,54,,12,,28,,44,,56,,6,,64,,2,,4,,5077,,5793,,5739,,5858
135,"jardin_du_luxembourg",1,0,,8,,85,,8667,,9,,9,,12,,2,,44,,56,,68,,76,,2143,,32,,5798,,6804,,7747,,8241
136,"merlion_singapore",,4,,6,,45,,4667,,5,,52,,0909,,2727,,3636,,5,,6818,,7727,,1481,,375,,4022,,4828,,5769,,6217
137,"harrods_london",,8,,8,,8,,7667,,8,,8,,16,,28,,44,,52,,6,,64,,2667,,4148,,5677,,6197,,6857,,7111
138,"metropolitan_museum_of_art_new_york",1,0,1,0,,95,,9667,,95,,96,,16,,32,,48,,52,,6,,68,,2759,,4848,,6378,,6762,,7355,,7961
139,"new_york_stock_exchange",,8,,8,,75,,7,,65,,58,,2,,35,,55,,6,,7,,7,,32,,487,,6346,,6462,,6741,,6344
140,"stephansdom_vienna",1,0,,9,,95,,9,,9,,9,,2,,28,,48,,52,,56,,6,,3333,,4271,,6378,,6592,,6904,,72
141,"hms_belfast",1,0,1,0,1,0,,9667,,975,,96,,2,,24,,44,,6,,64,,68,,3333,,3871,,6111,,7404,,7728,,7961
142,"leicester_square",1,0,,9,,9,,8333,,8,,74,,2,,28,,4,,48,,48,,52,,3333,,4271,,5538,,6091,,6,,6108
143,"ciudad_de_las_artes_y_las_ciencias",1,0,1,0,1,0,1,0,1,0,,98,,16,,32,,52,,64,,68,,68,,2759,,4848,,6842,,7805,,8095,,8029
144,"topkapi_palace",1,0,,9,,95,,9667,,975,,98,,2,,32,,52,,64,,64,,64,,3333,,4721,,6721,,7701,,7728,,7743
145,"royal_albert_hall",,6,,6,,65,,6333,,65,,66,,12,,2,,36,,44,,56,,6,,2,,3,,4634,,5193,,6017,,6286
146,"st_vitus_cathedral",,8,,9,,9,,8667,,875,,9,,12,,28,,48,,52,,6,,6,,2087,,4271,,6261,,65,,7119,,72
147,"castello_sforzesco",,8,,9,,9,,9,,9,,92,,16,,28,,48,,52,,6,,68,,2667,,4271,,6261,,6592,,72,,782
148,"rijksmuseum_amsterdam",1,0,1,0,,95,,9667,,975,,98,,2,,4,,6,,68,,72,,76,,3333,,5714,,7355,,7984,,8283,,8561
149,"dam_square",,4,,5,,55,,5,,575,,56,,08,,16,,36,,44,,56,,6,,1333,,2424,,4352,,4681,,5674,,5793
150,"rathaus_vienna",,4,,5,,55,,6,,575,,58,,08,,16,,24,,36,,44,,48,,1333,,2424,,3342,,45,,4985,,5253
151,"bath_abbey",,8,,8,,9,,9333,,9,,9,,12,,24,,44,,48,,68,,72,,2087,,3692,,591,,634,,7747,,8
152,"salisbury_cathedral",,8,,9,,95,,9667,,975,,96,,12,,28,,48,,6,,72,,72,,2087,,4271,,6378,,7404,,8283,,8229
153,"templo_de_debod",,2,,4,,35,,3667,,4,,42,,0455,,1818,,2727,,3636,,4091,,4545,,0741,,25,,3066,,3651,,4045,,4366
154,"Niagara_Falls",,6,,5,,5,,5333,,55,,56,,1364,,1818,,3182,,5,,5909,,6364,,2222,,2667,,3889,,5161,,5697,,5957
155,"Golden_Gate_Bridge_in_San_Francisco",1,0,1,0,,95,,9667,,975,,98,,1364,,3182,,5455,,7273,,8182,,8182,,24,,4828,,693,,8301,,8897,,8918
156,"Neuschwanstein_Castle",1,0,,9,,95,,9333,,925,,92,,16,,28,,4,,52,,6,,6,,2759,,4271,,563,,6679,,7279,,7263
157,"Christ_Church_Cathedral_Missouri",,8,,9,,85,,8667,,875,,86,,16,,2,,4,,48,,56,,6,,2667,,3273,,544,,6178,,6829,,7068
158,"Mount_Rushmore_in_South_Dakota",,8,,9,,9,,8667,,9,,9,,12,,32,,44,,48,,56,,56,,2087,,4721,,591,,6178,,6904,,6904
159,"Puerta_de_Toledo",,2,,1,,1,,1,,075,,06,,5,,5,1,0,1,0,1,0,1,0,,2857,,1667,,1818,,1818,,1395,,1132
160,"Urquhart_Castle",1,0,1,0,,85,,8667,,9,,9,,2083,,2917,,4167,,4583,,5417,,7083,,3448,,4516,,5592,,5996,,6763,,7927
161,"Gare_du_Nord_Paris",,6,,8,,85,,8,,825,,78,,12,,28,,48,,52,,56,,6,,2,,4148,,6135,,6303,,6671,,6783
162,"Newgrange_in_Ireland",,2,,6,,65,,7,,75,,74,,0417,,25,,4167,,5,,5417,,5833,,069,,3529,,5078,,5833,,629,,6524
163,"Windmills_at_Kinderdijk",,8,,7,,85,,8333,,85,,84,,16,,24,,4,,52,,64,,68,,2667,,3574,,544,,6404,,7302,,7516
164,"Conciergerie",1,0,1,0,1,0,,9667,,975,,98,,16,,28,,48,,64,,64,,76,,2759,,4375,,6486,,7701,,7728,,8561
165,"Palazzo_Madama",,8,,5,,6,,5667,,5,,5,,1818,,2273,,5,,5455,,5455,,6364,,2963,,3125,,5455,,5559,,5217,,56
166,"Split_Rock_Lighthouse",,6,,5,,6,,6,,625,,66,,08,,12,,28,,36,,44,,48,,1412,,1935,,3818,,45,,5164,,5558
167,"The_Little_Mermaid_Denmark",,6,,6,,5,,5333,,55,,58,,2143,,3571,,4286,,5,,7143,,7857,,3158,,4478,,4615,,5161,,6215,,6674
168,"Great_Pyramid_of_Giza",,8,,7,,75,,7,,675,,66,,1333,,3333,,6,,7333,,7333,,8,,2286,,4516,,6667,,7163,,703,,7233
169,"Pitti_Palace",,6,,6,,65,,5667,,625,,6,,1364,,2727,,5,,5,,5909,,5909,,2222,,375,,5652,,5312,,6075,,5954
170,"Georgia_State_Capitol",,4,,3,,35,,3333,,35,,38,,1053,,1579,,2105,,2632,,2632,,3158,,1667,,2069,,2629,,2941,,3004,,3449
171,"Dome_des_Invalides",1,0,1,0,1,0,,9667,,95,,96,,2,,36,,52,,52,,56,,64,,3333,,5294,,6842,,6762,,7046,,768
172,"Reggia_di_Caserta",1,0,,9,,7,,7333,,725,,72,,12,,24,,36,,44,,6,,6,,2143,,3789,,4755,,55,,6566,,6545
173,"The_Burj_al_Arab_Hotel",,6,,7,,7,,7667,,775,,78,,12,,2,,44,,48,,52,,56,,2,,3111,,5404,,5904,,6224,,6519
174,"Elephanta_Caves",,6,,6,,65,,6,,65,,68,,125,,2083,,4167,,5,,5417,,5833,,2069,,3093,,5078,,5455,,5909,,628
175,"Basilica_of_Santa_Croce",1,0,1,0,,95,,9667,,975,,98,,2,,36,,48,,72,,76,,8,,3333,,5294,,6378,,8253,,8542,,8809
176,"Aachen_Cathedral",1,0,,9,,95,,9333,,925,,94,,2,,36,,52,,68,,72,,76,,3333,,5143,,6721,,7868,,8097,,8405
177,"Monument_to_the_Great_Fire_of_London",,4,,6,,7,,7667,,725,,7,,08,,24,,48,,64,,64,,76,,1333,,3429,,5695,,6976,,6799,,7288
178,"Longmen_Grottoes",,4,,6,,6,,6,,65,,68,,08,,2,,4,,48,,56,,72,,1333,,3,,48,,5333,,6017,,6994
179,"Louisiana_State_Capitol",,4,,4,,45,,4333,,4,,38,,08,,16,,32,,44,,48,,52,,1333,,2286,,374,,4366,,4364,,4391
180,"The_Great_Sphinx_at_Giza",,6,,8,,7,,7667,,75,,76,,12,,28,,48,,52,,6,,72,,2,,4148,,5695,,6197,,6667,,7395
181,"Teatro_Real_Madrid",,6,,7,,65,,6333,,625,,62,,1304,,3043,,4783,,5217,,6087,,6957,,2143,,4242,,5511,,5721,,6167,,6557
182,"Palacio_de_la_Magdalena",1,0,,9,,85,,7333,,725,,78,,2,,32,,52,,56,,68,,72,,3333,,4721,,6453,,6351,,7018,,7488
183,"Sowjetisches_Ehrenmal",,4,,5,,45,,5,,5,,54,,08,,16,,28,,36,,44,,48,,1333,,2424,,3452,,4186,,4681,,5082
184,"Cathedral_of_Trier",,8,,7,,75,,7667,,775,,74,,16,,28,,44,,52,,6,,68,,2667,,4,,5546,,6197,,6764,,7087
185,"Saint_Mary_of_the_Flower",,6,,4,,4,,4333,,425,,42,,08,,12,,24,,32,,36,,4,,1412,,1846,,3,,3681,,3898,,4098
186,"Skellig_Michael",,8,,9,,7,,6667,,675,,72,,16,,32,,4,,48,,52,,56,,2667,,4721,,5091,,5581,,5874,,63
187,"Chicago_Board_of_Trade_Building",,6,,8,,75,,6667,,7,,7,,1364,,2727,,4545,,5455,,6818,,7273,,2222,,4068,,566,,6,,6908,,7134
188,"Pont_de_Normandie_France",,6,,6,,6,,5667,,575,,62,,1579,,2632,,3684,,5789,,7368,,7368,,25,,3659,,4565,,5727,,6459,,6734
189,"Palazzo_Rosso",,0,,0,,0,,0333,,05,,04,,0,,0,,0,,0417,,0833,,0833,,0,,0,,0,,037,,0625,,0541
190,"Piazza_Vittorio_Veneto",,4,,4,,3,,3,,3,,28,,0625,,125,,25,,3125,,5,,625,,1081,,1905,,2727,,3061,,375,,3867
191,"Sforza_Castle",1,0,1,0,,95,,9333,,95,,96,,12,,28,,44,,52,,6,,64,,2143,,4375,,6014,,6679,,7355,,768
192,"Torres_KIO",,6,,7,,75,,7333,,75,,76,,12,,24,,4,,48,,52,,6,,2,,3574,,5217,,5802,,6142,,6706
193,"Torre_Picasso",,8,,8,,85,,8333,,825,,78,,125,,2917,,5417,,5417,,6667,,7083,,2162,,4275,,6617,,6566,,7374,,7424
194,"The_Palace_of_Parliament_in_Bucharest",,8,,8,,8,,7333,,725,,74,,16,,24,,44,,52,,6,,68,,2667,,3692,,5677,,6085,,6566,,7087
195,"Ernest_Hemingway_House",1,0,,9,,85,,8,,8,,74,,16,,32,,44,,6,,6,,68,,2759,,4721,,5798,,6857,,6857,,7087
196,"Castel_dellOvo_Napoli",,6,,6,,8,,8,,825,,8,,12,,2,,52,,68,,72,,72,,2,,3,,6303,,7351,,7689,,7579
197,"Villa_Borghese_gardens",1,0,1,0,,95,,9333,,9,,92,,16,,28,,44,,56,,64,,8,,2759,,4375,,6014,,7,,7481,,8558
198,"Saint_Marks_Basilica",1,0,,8,,85,,8667,,85,,84,,2,,32,,44,,52,,6,,6,,3333,,4571,,5798,,65,,7034,,7
199,"Mausoleum_of_the_First_Qin_Emperor",1,0,,9,,85,,8333,,85,,86,,16,,24,,48,,6,,64,,72,,2759,,3789,,6135,,6977,,7302,,7838
200,"Mausoleum_of_Hadrian",,6,,6,,7,,6667,,675,,66,,1667,,3333,,6667,,7778,,7778,,8333,,2609,,4286,,6829,,7179,,7228,,7366
201,"Piazza_de_Ferrari",1,0,1,0,1,0,,9667,,925,,92,,1579,,3684,,4737,,4737,,5263,,5263,,2727,,5385,,6429,,6358,,6709,,6696
202,"George_Washington_Carver",,4,,4,,35,,4,,4,,4,,125,,25,,375,,375,,5,,625,,1905,,3077,,3621,,3871,,4444,,4878
203,"Cathedral_of_Santiago_de_Compostela",1,0,,8,,7,,7,,625,,66,,2353,,2941,,4118,,4706,,5294,,7059,,381,,4301,,5185,,5628,,5732,,6822
204,"Saint-Jacques_Tower",,8,,8,,75,,7667,,75,,78,,1538,,3846,,6923,,8462,,9231,1,0,,2581,,5195,,72,,8045,,8276,,8764
205,"Calakmul_Campeche_Mexico",,8,,7,,75,,7333,,75,,74,,2143,,4286,,5714,,7143,,7143,,7857,,338,,5316,,6486,,7237,,7317,,7622
206,"Bran_Castle_in_Transylvania",1,0,1,0,,95,,9333,,925,,94,,2105,,3684,,5789,,6316,,7368,,7368,,3478,,5385,,7194,,7534,,8203,,8261
207,"Mosteiro_da_Batalha",1,0,1,0,1,0,1,0,1,0,1,0,,2105,,3158,,5789,,5789,,5789,,6842,,3478,,48,,7333,,7333,,7333,,8125
208,"Wartburg_Castle",1,0,,9,,9,,9333,,875,,9,,25,,4,,55,,65,,75,,75,,4,,5538,,6828,,7663,,8077,,8182
209,"Fujian_Tulou_Fujian_China",1,0,,9,,95,,9333,,95,,94,,2222,,2778,,5556,,6111,,6667,,7778,,3636,,4245,,7011,,7386,,7835,,8512
210,"Alabama_State_Capitol",,4,,5,,6,,6333,,6,,58,,0952,,1905,,3333,,5238,,5714,,6667,,1538,,2759,,4286,,5734,,5854,,6203
211,"Palazzo_dAccursio",,2,,4,,6,,5667,,475,,46,,0556,,1111,,3889,,5,,5556,,5556,,087,,1739,,4719,,5312,,5121,,5033
212,"Casa_Grande_Ruins",,8,,8,,8,,8,,8,,74,,2353,,2941,,5882,,5882,,5882,,5882,,3636,,4301,,678,,678,,678,,6554
213,"Stravinsky_Fountain",,8,,9,,9,,8667,,875,,88,,2,,3333,,4667,,4667,,4667,,6,,32,,4865,,6146,,6067,,6087,,7135
214,"Angel_Falls_Venezuela",,6,,5,,6,,5333,,475,,48,,1765,,2941,,5294,,5294,,5294,,5882,,2727,,3704,,5625,,5314,,5007,,5286
215,"Statue_of_George_IV",,2,,2,,25,,2,,2,,2,,125,,25,,5,,5,,5,,625,,1538,,2222,,3333,,2857,,2857,,303
216,"Palacio_Barolo",1,0,,9,,85,,8667,,875,,88,,2353,,4706,,5294,,5882,,7059,,7647,,381,,618,,6525,,7008,,7814,,8183
217,"Bridge_of_Remembrance_Christchurch_New_Zealand",,4,,3,,4,,4,,375,,38,,1667,,25,,5,,5833,,5833,,5833,,2353,,2727,,4444,,4746,,4565,,4602
218,"John_A._Roebling_Suspension_Bridge",,4,,4,,4,,4667,,575,,56,,0667,,2,,4,,5333,,6667,,8,,1143,,2667,,4,,4978,,6174,,6588
219,"Blue_Dome_Santorini",,8,,9,,9,,9,,9,,9,,25,,4375,,75,,875,,9375,1,0,,381,,5888,,8182,,8873,,9184,,9474
220,"Fossar_de_les_Moreres",,4,,4,,35,,4,,375,,36,,1429,,2857,,5,,5714,,5714,,6429,,2105,,3333,,4118,,4706,,4528,,4615
221,"Luxor_Obelisk_France",,6,,7,,8,,8333,,85,,82,,125,,125,,3125,,375,,5,,5,,2069,,2121,,4494,,5172,,6296,,6212
222,"Valle_de_los_Caidos",,8,,9,,95,,9333,,9,,86,,2,,25,,5,,6,,65,,7,,32,,3913,,6552,,7304,,7548,,7718
--------------------
"--","Avg.",P@5,P@10,P@20,P@30,P@40,P@50,CR@5,CR@10,CR@20,CR@30,CR@40,CR@50,F1@5,F1@10,F1@20,F1@30,F1@40,F1@50
,,,7477,,7523,,7457,,7414,,7372,,7373,,1542,,2702,,4372,,5295,,6,,6586,,2515,,3902,,5399,,6051,,648,,6811