--------------------
"Run name","output_runJCDDunnIndex"
--------------------
"Average P@20 = ",,6923
"Average CR@20 = ",,3913
"Average F1@20 = ",,4924
--------------------
"Query Id ","Location name",P@5,P@10,P@20,P@30,P@40,P@50,CR@5,CR@10,CR@20,CR@30,CR@40,CR@50,F1@5,F1@10,F1@20,F1@30,F1@40,F1@50
1,"angel_of_the_north",1,0,,9,,85,,8667,,9,,9,,16,,28,,56,,68,,76,,8,,2759,,4271,,6752,,7621,,8241,,8471
2,"big_ben",1,0,1,0,1,0,,9667,,975,,98,,1364,,3636,,5455,,6364,,7727,,7727,,24,,5333,,7059,,7675,,8622,,8641
3,"hearst_castle",1,0,1,0,1,0,1,0,,95,,9,,2083,,3333,,5417,,625,,75,,7917,,3448,,5,,7027,,7692,,8382,,8424
4,"la_madeleine",,6,,4,,4,,5,,5,,42,,1429,,2143,,3571,,5,,5714,,5714,,2308,,2791,,3774,,5,,5333,,4841
5,"pont_alexandre_iii",,8,,9,,95,,9333,,875,,86,,16,,28,,48,,56,,6,,6,,2667,,4271,,6378,,7,,7119,,7068
6,"neues_museum",,6,,8,,85,,7667,,775,,78,,08,,2,,48,,56,,56,,6,,1412,,32,,6135,,6472,,6502,,6783
7,"montezuma_castle",,8,,7,,65,,6,,65,,6,,1667,,3333,,6667,,8333,,8333,,8333,,2759,,4516,,6582,,6977,,7303,,6977
8,"cn_tower",,6,,6,,6,,5667,,5,,58,,125,,25,,4583,,5417,,5833,,625,,2069,,3529,,5197,,5539,,5385,,6017
9,"acropolis_athens",1,0,,9,,8,,7667,,75,,8,,2381,,3333,,5238,,5238,,5714,,619,,3846,,4865,,6331,,6224,,6486,,698
10,"agra_fort",,8,,8,,9,,9,,925,,8,,16,,28,,48,,6,,72,,76,,2667,,4148,,6261,,72,,8097,,7795
11,"albert_memorial",,8,,9,,85,,8667,,875,,82,,0909,,2273,,4545,,5,,5,,5455,,1633,,3629,,5923,,6341,,6364,,6551
12,"altes_museum",,8,,8,,9,,9,,9,,84,,125,,1667,,5,,5,,5833,,6667,,2162,,2759,,6429,,6429,,7079,,7434
13,"amiens_cathedral",1,0,1,0,1,0,1,0,1,0,1,0,,2,,36,,48,,56,,56,,68,,3333,,5294,,6486,,7179,,7179,,8095
14,"angkor_wat",,4,,6,,65,,5,,625,,7,,08,,2,,24,,32,,52,,56,,1333,,3,,3506,,3902,,5677,,6222
15,"ara_pacis",,8,,6,,6,,6333,,55,,58,,1818,,2273,,3636,,4091,,4545,,5,,2963,,3297,,4528,,4971,,4977,,537
16,"arc_de_triomphe",,2,,2,,35,,3667,,425,,42,,0417,,0833,,2083,,2917,,4167,,4167,,069,,1176,,2612,,3249,,4208,,4183
17,"aztec_ruins",,4,,3,,4,,5333,,475,,38,,08,,12,,28,,52,,56,,56,,1333,,1714,,3294,,5266,,514,,4528
18,"berlin_cathedral",1,0,,9,,95,,9,,925,,92,,2,,24,,56,,68,,8,,88,,3333,,3789,,7046,,7747,,858,,8996
19,"bok_tower_gardens",,8,,8,,9,,9333,,95,,96,,16,,24,,44,,6,,64,,76,,2667,,3692,,591,,7304,,7648,,8484
20,"brandenburg_gate",1,0,1,0,,95,,8667,,825,,82,,2,,36,,48,,64,,76,,84,,3333,,5294,,6378,,7363,,7912,,8299
21,"cabrillo",,2,,2,,15,,1333,,1,,08,,0769,,1538,,2308,,2308,,2308,,2308,,1111,,1739,,1818,,169,,1395,,1188
22,"casa_batllo",1,0,1,0,,95,,9667,,975,,94,,2,,28,,44,,6,,64,,68,,3333,,4375,,6014,,7404,,7728,,7891
23,"casa_rosada",1,0,,9,,75,,8,,8,,76,,16,,24,,36,,52,,64,,68,,2759,,3789,,4865,,6303,,7111,,7178
24,"castillo_de_san_marcos",,6,,8,,85,,9,,9,,86,,08,,28,,52,,64,,64,,64,,1412,,4148,,6453,,7481,,7481,,7339
25,"chartres_cathedral",1,0,1,0,,95,,9667,,975,,98,,2,,36,,6,,68,,76,,84,,3333,,5294,,7355,,7984,,8542,,9046
26,"chichen_itza",1,0,,9,,9,,9,,925,,94,,2,,28,,36,,44,,48,,52,,3333,,4271,,5143,,591,,632,,6696
27,"christ_the_redeemer_rio",,2,,2,,25,,3,,475,,48,,0435,,0435,,1304,,2609,,3478,,3913,,0714,,0714,,1714,,2791,,4016,,4311
28,"civic_center_san_francisco",,2,,2,,2,,1667,,225,,22,,04,,04,,08,,12,,2,,28,,0667,,0667,,1143,,1395,,2118,,2464
29,"cologne_cathedral",1,0,1,0,1,0,,9333,,925,,94,,16,,24,,44,,52,,6,,72,,2759,,3871,,6111,,6679,,7279,,8154
30,"colosseum",,8,,6,,8,,8333,,875,,84,,12,,16,,44,,52,,64,,64,,2087,,2526,,5677,,6404,,7393,,7265
31,"doge_s_palace",1,0,1,0,,8,,8333,,8,,8,,2,,28,,4,,48,,52,,6,,3333,,4375,,5333,,6091,,6303,,6857
32,"eiffel_tower",1,0,1,0,,9,,9333,,95,,92,,2,,36,,44,,6,,68,,68,,3333,,5294,,591,,7304,,7926,,782
33,"golden_gate_bridge",1,0,,9,,85,,8667,,9,,88,,1739,,3043,,4348,,6087,,6957,,7391,,2963,,4549,,5753,,7151,,7847,,8034
34,"grand_palais",1,0,1,0,,9,,8667,,9,,9,,2273,,4545,,5,,5455,,5909,,5909,,3704,,625,,6429,,6695,,7134,,7134
35,"guggenheim_museum_bilbao",,8,,9,,95,,9,,925,,9,,16,,24,,4,,52,,6,,64,,2667,,3789,,563,,6592,,7279,,7481
36,"hagia_sophia_istanbul",1,0,1,0,1,0,,9,,925,,92,,2,,36,,52,,56,,64,,72,,3333,,5294,,6842,,6904,,7565,,8078
37,"hoover_dam",,4,,7,,65,,7333,,8,,78,,08,,28,,44,,52,,6,,6,,1333,,4,,5248,,6085,,6857,,6783
38,"humayun_tomb",,8,,8,,7,,7,,775,,8,,16,,28,,32,,44,,64,,68,,2667,,4148,,4392,,5404,,7011,,7351
39,"iguazu_falls",,8,,6,,7,,7667,,825,,78,,16,,24,,4,,52,,6,,68,,2667,,3429,,5091,,6197,,6947,,7266
40,"iolani_palace",,8,,8,,8,,8333,,8,,76,,08,,2,,44,,52,,64,,68,,1455,,32,,5677,,6404,,7111,,7178
41,"la_mezquita",,2,,5,,6,,6333,,55,,58,,0417,,2083,,4167,,5,,5833,,625,,069,,2941,,4918,,5588,,5662,,6017
42,"la_rambla_barcelona",,6,,7,,75,,7333,,675,,58,,08,,2,,24,,36,,48,,48,,1412,,3111,,3636,,4829,,561,,5253
43,"la_sainte_chapelle",1,0,1,0,,95,,9333,,925,,92,,16,,36,,44,,64,,72,,72,,2759,,5294,,6014,,7593,,8097,,8078
44,"liberty_memorial",,2,,4,,4,,3,,3,,32,,04,,16,,32,,32,,36,,48,,0667,,2286,,3556,,3097,,3273,,384
45,"lincoln_home",,0,,2,,25,,1667,,125,,12,,0,,1111,,2778,,2778,,2778,,2778,,0,,1429,,2632,,2083,,1724,,1676
46,"machu_picchu",,8,,8,,85,,8,,8,,78,,12,,24,,48,,52,,56,,56,,2087,,3692,,6135,,6303,,6588,,6519
47,"marble_arch_london",,2,,1,,2,,1667,,225,,2,,0833,,0833,,3333,,4167,,4167,,5,,1176,,0909,,25,,2381,,2922,,2857
48,"milan_cathedral",1,0,1,0,,9,,9333,,95,,96,,2,,32,,52,,56,,68,,68,,3333,,4848,,6592,,7,,7926,,7961
49,"mole_antonelliana",,6,,6,,5,,5,,625,,62,,08,,16,,2,,32,,48,,64,,1412,,2526,,2857,,3902,,543,,6298
50,"mont_saint_michel",1,0,,7,,85,,8667,,875,,9,,16,,24,,44,,52,,64,,72,,2759,,3574,,5798,,65,,7393,,8
51,"moulin_rouge",,2,,1,,1,,0667,,075,,06,,125,,125,,125,,125,,125,,125,,1538,,1111,,1111,,087,,0937,,0811
52,"nelson_s_column",1,0,,9,,8,,8333,,725,,7,,2083,,3333,,4583,,5417,,625,,7083,,3448,,4865,,5828,,6566,,6713,,7041
53,"notre_dame_de_paris",,8,,9,,9,,9333,,95,,92,,08,,24,,44,,6,,64,,8,,1455,,3789,,591,,7304,,7648,,8558
54,"obelisco",,0,,2,,15,,1333,,15,,12,,0,,1818,,2727,,3636,,4545,,4545,,0,,1905,,1935,,1951,,2256,,1899
55,"piccadilly_circus",,6,,7,,55,,5333,,525,,54,,1304,,3043,,3913,,4348,,4783,,5217,,2143,,4242,,4573,,479,,5005,,5307
56,"place_de_la_concorde",1,0,1,0,1,0,1,0,1,0,,98,,2,,28,,6,,64,,68,,68,,3333,,4375,,75,,7805,,8095,,8029
57,"place_de_la_republique",,4,,2,,15,,1,,075,,08,,25,,25,,375,,375,,375,,5,,3077,,2222,,2143,,1579,,125,,1379
58,"place_des_vosges",,8,,6,,75,,7667,,725,,76,,12,,16,,32,,44,,48,,56,,2087,,2526,,4486,,5591,,5776,,6448
59,"pont_du_gard",,4,,7,,7,,6667,,75,,74,,08,,24,,36,,36,,44,,48,,1333,,3574,,4755,,4675,,5546,,5823
60,"pont_neuf",,6,,7,,7,,7333,,7,,62,,12,,28,,48,,64,,68,,68,,2,,4,,5695,,6835,,6899,,6486
61,"ponte_vecchio",,8,,6,,75,,8,,8,,76,,125,,1667,,3333,,4583,,5417,,5833,,2162,,2609,,4615,,5828,,646,,66
62,"puerta_de_alcala",,4,,4,,35,,4,,425,,34,,0526,,1579,,2105,,3684,,5263,,5263,,093,,2264,,2629,,3836,,4703,,4131
63,"puerta_del_sol",,8,,4,,4,,3667,,4,,42,,1,,1,,25,,35,,4,,5,,1778,,16,,3077,,3581,,4,,4565
64,"red_fort",1,0,1,0,,8,,7333,,775,,82,,16,,32,,48,,56,,68,,8,,2759,,4848,,6,,6351,,7244,,8099
65,"reims_cathedral",,8,,8,,8,,6667,,675,,74,,12,,2,,48,,56,,56,,64,,2087,,32,,6,,6087,,6121,,6864
66,"rialto_bridge",,0,,1,,25,,2,,15,,12,,0,,0625,,1875,,1875,,1875,,1875,,0,,0769,,2143,,1935,,1667,,1463
67,"roman_forum_rome",,8,,9,,9,,9333,,825,,86,,16,,36,,56,,68,,68,,76,,2667,,5143,,6904,,7868,,7455,,8069
68,"sacre_coeur",,4,,4,,55,,5667,,55,,5,,0833,,1667,,3333,,4583,,5417,,5417,,1379,,2353,,4151,,5068,,5458,,52
69,"sagrada_familia",1,0,1,0,,95,,9667,,95,,96,,2,,32,,48,,76,,8,,8,,3333,,4848,,6378,,851,,8686,,8727
70,"santa_maria_novella",,4,,4,,5,,6333,,65,,6,,04,,08,,28,,4,,56,,6,,0727,,1333,,359,,4903,,6017,,6
71,"schonbrunn_palace",,6,,7,,75,,7,,7,,72,,12,,28,,44,,52,,64,,72,,2,,4,,5546,,5967,,6687,,72
72,"seville_cathedral",1,0,1,0,1,0,,9333,,95,,96,,16,,36,,56,,64,,76,,8,,2759,,5294,,7179,,7593,,8444,,8727
73,"spanish_steps",,8,,5,,5,,6,,525,,52,,1818,,1818,,3636,,5455,,5455,,5909,,2963,,2667,,4211,,5714,,535,,5532
74,"st__basil_cathedral",,8,,9,,95,,8667,,875,,86,,16,,32,,44,,44,,6,,64,,2667,,4721,,6014,,5837,,7119,,7339
75,"statue_of_liberty",,4,,5,,65,,5333,,625,,64,,08,,2,,36,,4,,56,,6,,1333,,2857,,4634,,4571,,5907,,6194
76,"stonehenge",,4,,5,,7,,6,,55,,62,,1053,,2105,,3684,,4737,,4737,,6316,,1667,,2963,,4828,,5294,,509,,6257
77,"summer_palace_beijing",1,0,,9,,85,,7667,,75,,74,,16,,28,,48,,6,,64,,68,,2759,,4271,,6135,,6732,,6906,,7087
78,"sydney_opera_house",,6,,7,,65,,6,,675,,74,,12,,24,,4,,44,,44,,52,,2,,3574,,4952,,5077,,5327,,6108
79,"teotihuacan",1,0,,9,,9,,9333,,9,,86,,2,,36,,48,,56,,6,,64,,3333,,5143,,6261,,7,,72,,7339
80,"terracotta_army",,4,,6,,5,,3667,,475,,56,,1,,25,,35,,4,,6,,75,,16,,3529,,4118,,3826,,5302,,6412
81,"the_blue_mosque",,8,,9,,95,,8333,,775,,76,,16,,28,,4,,44,,48,,56,,2667,,4271,,563,,5759,,5928,,6448
82,"the_henry_ford",1,0,,7,,7,,6333,,575,,56,,2,,28,,44,,48,,52,,6,,3333,,4,,5404,,5461,,5461,,5793
83,"taj_mahal",,8,,8,,7,,7333,,8,,76,,16,,24,,36,,52,,64,,68,,2667,,3692,,4755,,6085,,7111,,7178
84,"tour_montparnasse",,2,,3,,4,,4667,,4,,34,,05,,15,,35,,55,,6,,6,,08,,2,,3733,,5049,,48,,434
85,"tower_bridge_london",,4,,5,,5,,4667,,475,,5,,04,,16,,2,,32,,4,,44,,0727,,2424,,2857,,3797,,4343,,4681
86,"trafalgar_square",,6,,4,,45,,5333,,4,,42,,1364,,1818,,2727,,4091,,4091,,4545,,2222,,25,,3396,,463,,4045,,4366
87,"leaning_tower_of_pisa",,8,,8,,85,,8,,85,,88,,16,,32,,48,,48,,6,,68,,2667,,4571,,6135,,6,,7034,,7672
88,"hermitage_museum_saint_petersburg",,2,,6,,75,,7333,,7,,64,,04,,24,,36,,52,,6,,64,,0667,,3429,,4865,,6085,,6462,,64
89,"jantar_mantar_jaipur",,8,,8,,6,,6,,6,,66,,16,,28,,4,,48,,6,,68,,2667,,4148,,48,,5333,,6,,6699
90,"lake_titicaca_peru",,2,,4,,5,,3667,,4,,44,,0417,,1667,,25,,25,,4167,,5,,069,,2353,,3333,,2973,,4082,,4681
91,"the_great_wall_of_china",,0,,5,,7,,7333,,8,,8,,0,,2,,44,,52,,52,,64,,0,,2857,,5404,,6085,,6303,,7111
92,"grande_arche_paris",,6,,6,,65,,7667,,7,,64,,12,,24,,4,,52,,52,,56,,2,,3429,,4952,,6197,,5967,,5973
93,"el_angel_mexico",,2,,3,,25,,3,,275,,22,,0476,,1429,,2381,,381,,4286,,4286,,0769,,1935,,2439,,3357,,335,,2907
94,"bibliotheque_nationale_de_france",1,0,,8,,75,,8,,8,,8,,12,,24,,32,,44,,48,,52,,2143,,3692,,4486,,5677,,6,,6303
95,"kronborg_castle",1,0,1,0,,95,,9667,,95,,96,,1667,,2917,,4583,,5,,5417,,6667,,2857,,4516,,6183,,6591,,6899,,7869
96,"ajanta_caves",1,0,1,0,1,0,,9333,,925,,86,,1818,,2727,,4545,,5,,5,,5909,,3077,,4286,,625,,6512,,6491,,7005
97,"atomium",1,0,,8,,9,,9333,,95,,96,,1905,,2857,,5238,,5714,,5714,,619,,32,,4211,,6622,,7089,,7136,,7527
98,"ellora_caves",1,0,1,0,,95,,9,,925,,94,,1818,,2727,,3636,,4545,,5455,,7273,,3077,,4286,,526,,604,,6862,,8201
99,"potala_palace",,6,,7,,7,,6667,,75,,7,,1111,,2222,,3889,,5,,6111,,6667,,1875,,3373,,5,,5714,,6735,,6829
100,"jokhang",1,0,,8,,75,,5333,,625,,66,,2,,24,,4,,44,,52,,64,,3333,,3692,,5217,,4822,,5677,,6498
101,"rila_monastery",1,0,1,0,,9,,9333,,925,,9,,2,,28,,36,,44,,48,,52,,3333,,4375,,5143,,5981,,632,,6592
102,"louvre_pyramid",1,0,1,0,,95,,9333,,925,,82,,1667,,3333,,4444,,5556,,6111,,6111,,2857,,5,,6056,,6965,,736,,7003
103,"brooklyn_bridge",,6,,7,,85,,9,,925,,88,,0952,,1429,,3333,,5238,,5714,,5714,,1644,,2373,,4789,,6622,,7064,,6929
104,"tower_of_london",,6,,6,,65,,7333,,7,,68,,1304,,2174,,3478,,3913,,5217,,6087,,2143,,3191,,4532,,5103,,5979,,6424
105,"british_museum_london",1,0,,9,,85,,9,,925,,94,,2,,35,,4,,5,,55,,65,,3333,,504,,544,,6429,,6898,,7686
106,"buckingham_palace",,4,,5,,55,,3667,,425,,4,,1,,25,,4,,4,,5,,55,,16,,3333,,4632,,3826,,4595,,4632
107,"charles_bridge_prague",,6,,5,,65,,5667,,6,,6,,0833,,1667,,2917,,375,,4583,,5,,1463,,25,,4027,,4513,,5197,,5455
108,"champs_elysees_paris",,4,,5,,45,,4667,,525,,54,,1333,,2667,,2667,,4,,4667,,5333,,2,,3478,,3349,,4308,,4941,,5366
109,"chrysler_building",1,0,1,0,,95,,9,,925,,92,,1429,,3571,,5714,,6429,,6429,,7857,,25,,5263,,7136,,75,,7585,,8476
110,"moma_new_york",,8,,5,,7,,7667,,775,,7,,2105,,2105,,3684,,5263,,6842,,6842,,3333,,2963,,4828,,6242,,7268,,692
111,"grand_central_terminal",1,0,1,0,,95,,9667,,975,,98,,1429,,1905,,2857,,4286,,4286,,4286,,25,,32,,4393,,5939,,5954,,5963
112,"houses_of_parliament",,2,,5,,65,,5667,,675,,72,,0435,,2174,,4783,,5217,,5217,,5652,,0714,,303,,5511,,5433,,5886,,6333
113,"alexanderplatz_berlin",,8,,6,,55,,5,,425,,44,,16,,24,,36,,4,,4,,52,,2667,,3429,,4352,,4444,,4121,,4767
114,"centre_pompidou",,6,,5,,65,,7,,775,,72,,1667,,2222,,4444,,4444,,6111,,6111,,2609,,3077,,5279,,5437,,6834,,6611
115,"sydney_harbour_bridge",,2,,4,,5,,6,,675,,7,,0625,,1875,,25,,5,,5625,,5625,,0952,,2553,,3333,,5455,,6136,,6238
116,"pier_39",1,0,1,0,,95,,9667,,975,,92,,1429,,1905,,2857,,4762,,619,,6667,,25,,32,,4393,,6381,,7573,,7731
117,"coit_tower",,4,,5,,45,,3667,,475,,56,,1333,,2,,3333,,4,,4667,,4667,,2,,2857,,383,,3826,,4708,,5091
118,"st_paul_s_cathedral_london",,6,,7,,7,,6333,,575,,62,,1176,,3529,,4118,,4706,,4706,,5882,,1967,,4693,,5185,,54,,5176,,6037
119,"cloud_gate",,6,,5,,6,,6667,,6,,64,,1667,,3333,,5,,6667,,75,,8333,,2609,,4,,5455,,6667,,6667,,724
120,"musee_d_orsay",1,0,,9,,85,,8667,,9,,92,,1905,,3333,,4286,,5238,,619,,6667,,32,,4865,,5698,,653,,7335,,7731
121,"pike_place_market",,6,,7,,65,,6667,,7,,74,,0476,,1905,,3333,,5238,,619,,6667,,0882,,2995,,4407,,5867,,657,,7014
122,"royal_palace_madrid",,4,,7,,75,,7,,7,,74,,0909,,2727,,3636,,5,,6818,,8182,,1481,,3925,,4898,,5833,,6908,,7771
123,"sony_center_berlin",1,0,1,0,,9,,8667,,825,,8,,1905,,3333,,4762,,5238,,5238,,5714,,32,,5,,6228,,653,,6408,,6667
124,"red_square_moscow",,8,,8,,7,,5667,,65,,62,,1429,,2381,,381,,381,,5714,,6667,,2424,,367,,4934,,4556,,6082,,6425
125,"prague_castle",,4,,7,,8,,8333,,875,,88,,08,,28,,52,,6,,72,,84,,1333,,4,,6303,,6977,,79,,8595
126,"musee_du_louvre",1,0,,9,,95,,9667,,95,,96,,2,,32,,48,,6,,72,,76,,3333,,4721,,6378,,7404,,8192,,8484
127,"millennium_bridge_london",,8,,9,,85,,7667,,8,,82,,12,,24,,4,,48,,68,,76,,2087,,3789,,544,,5904,,7351,,7889
128,"casa_mila",,8,,9,,95,,9667,,975,,98,,16,,28,,32,,36,,52,,56,,2667,,4271,,4787,,5246,,6783,,7127
129,"national_gallery_london",,8,,6,,5,,4667,,475,,44,,1818,,2273,,4091,,5,,5909,,6364,,2963,,3297,,45,,4828,,5267,,5203
130,"national_mall",,4,,6,,7,,6,,55,,64,,08,,24,,44,,52,,56,,6,,1333,,3429,,5404,,5571,,555,,6194
131,"london_city_hall",,8,,6,,6,,6667,,575,,52,,15,,25,,45,,65,,65,,7,,2526,,3529,,5143,,6582,,6102,,5967
132,"holocaust_memorial",,8,,6,,55,,5667,,55,,62,,1875,,3125,,5,,6875,,6875,,75,,3038,,411,,5238,,6213,,6111,,6788
133,"columbus_circle",,4,,3,,4,,5,,475,,48,,08,,12,,2,,28,,32,,4,,1333,,1714,,2667,,359,,3824,,4364
134,"siegessaeule",1,0,,7,,7,,7333,,775,,82,,2,,28,,48,,56,,68,,8,,3333,,4,,5695,,6351,,7244,,8099
135,"jardin_du_luxembourg",1,0,,9,,9,,9,,8,,8,,16,,32,,44,,56,,6,,68,,2759,,4721,,591,,6904,,6857,,7351
136,"merlion_singapore",,2,,3,,3,,3,,425,,44,,0455,,0909,,2273,,3182,,4091,,5455,,0741,,1395,,2586,,3088,,4169,,4871
137,"harrods_london",1,0,1,0,,8,,8667,,9,,88,,16,,24,,32,,4,,4,,56,,2759,,3871,,4571,,5474,,5538,,6844
138,"metropolitan_museum_of_art_new_york",,8,,9,,9,,9,,9,,92,,12,,28,,48,,56,,64,,72,,2087,,4271,,6261,,6904,,7481,,8078
139,"new_york_stock_exchange",,6,,6,,5,,4667,,4,,38,,15,,25,,35,,4,,4,,4,,24,,3529,,4118,,4308,,4,,3897
140,"stephansdom_vienna",,8,,7,,55,,6333,,65,,72,,12,,2,,32,,48,,56,,64,,2087,,3111,,4046,,5461,,6017,,6776
141,"hms_belfast",,6,,7,,85,,8,,85,,82,,12,,28,,44,,48,,6,,72,,2,,4,,5798,,6,,7034,,7668
142,"leicester_square",,6,,8,,75,,6333,,725,,72,,12,,32,,4,,44,,44,,48,,2,,4571,,5217,,5193,,5476,,576
143,"ciudad_de_las_artes_y_las_ciencias",1,0,,9,,95,,9667,,9,,92,,16,,28,,48,,52,,6,,72,,2759,,4271,,6378,,6762,,72,,8078
144,"topkapi_palace",1,0,1,0,1,0,,9333,,9,,9,,16,,28,,44,,56,,6,,68,,2759,,4375,,6111,,7,,72,,7747
145,"royal_albert_hall",,8,,7,,65,,7333,,675,,62,,12,,24,,36,,44,,48,,52,,2087,,3574,,4634,,55,,561,,5656
146,"st_vitus_cathedral",1,0,1,0,1,0,,9667,,95,,94,,16,,28,,4,,48,,56,,68,,2759,,4375,,5714,,6415,,7046,,7891
147,"castello_sforzesco",,8,,9,,9,,9333,,95,,92,,12,,28,,44,,52,,56,,56,,2087,,4271,,591,,6679,,7046,,6962
148,"rijksmuseum_amsterdam",1,0,1,0,1,0,1,0,1,0,,98,,16,,24,,36,,44,,6,,6,,2759,,3871,,5294,,6111,,75,,7443
149,"dam_square",,8,,7,,65,,6667,,625,,56,,16,,24,,4,,44,,48,,56,,2667,,3574,,4952,,5301,,543,,56
150,"rathaus_vienna",,4,,3,,4,,4,,45,,46,,08,,12,,2,,32,,4,,44,,1333,,1714,,2667,,3556,,4235,,4498
151,"bath_abbey",,8,,7,,8,,8333,,875,,86,,16,,24,,52,,64,,68,,72,,2667,,3574,,6303,,724,,7653,,7838
152,"salisbury_cathedral",,8,,7,,75,,8333,,875,,88,,12,,2,,28,,32,,48,,6,,2087,,3111,,4078,,4624,,6199,,7135
153,"templo_de_debod",,2,,2,,45,,5333,,45,,48,,0455,,0909,,2727,,5,,5,,6364,,0741,,125,,3396,,5161,,4737,,5472
154,"Niagara_Falls",,2,,3,,3,,3667,,45,,44,,0455,,0909,,1364,,2727,,4091,,4091,,0741,,1395,,1875,,3128,,4286,,424
155,"Golden_Gate_Bridge_in_San_Francisco",,8,,9,,9,,9333,,95,,96,,1818,,4091,,5455,,5909,,7727,,7727,,2963,,5625,,6792,,7237,,8522,,8562
156,"Neuschwanstein_Castle",,8,,7,,75,,8,,85,,88,,16,,24,,48,,6,,72,,72,,2667,,3574,,5854,,6857,,7796,,792
157,"Christ_Church_Cathedral_Missouri",,8,,8,,8,,7667,,825,,84,,16,,28,,4,,44,,6,,6,,2667,,4148,,5333,,5591,,6947,,7
158,"Mount_Rushmore_in_South_Dakota",1,0,,8,,8,,8333,,85,,84,,2,,28,,44,,48,,52,,56,,3333,,4148,,5677,,6091,,6453,,672
159,"Puerta_de_Toledo",,0,,0,,0,,1333,,1,,08,,0,,0,,0,1,0,1,0,1,0,,0,,0,,0,,2353,,1818,,1481
160,"Urquhart_Castle",1,0,,9,,9,,7667,,775,,82,,2083,,3333,,4583,,5,,5833,,6667,,3448,,4865,,6074,,6053,,6656,,7354
161,"Gare_du_Nord_Paris",,2,,5,,6,,6,,525,,54,,04,,12,,24,,28,,32,,4,,0667,,1935,,3429,,3818,,3976,,4596
162,"Newgrange_in_Ireland",,4,,5,,55,,6,,65,,68,,0417,,125,,25,,3333,,5,,5833,,0755,,2,,3438,,4286,,5652,,628
163,"Windmills_at_Kinderdijk",,6,,8,,9,,9,,875,,9,,12,,24,,48,,6,,68,,76,,2,,3692,,6261,,72,,7653,,8241
164,"Conciergerie",1,0,1,0,,95,,9667,,975,,96,,16,,28,,44,,6,,64,,68,,2759,,4375,,6014,,7404,,7728,,7961
165,"Palazzo_Madama",,6,,5,,5,,4,,525,,48,,1364,,1364,,2273,,3182,,4545,,5,,2222,,2143,,3125,,3544,,4872,,4898
166,"Split_Rock_Lighthouse",,8,,8,,8,,7333,,6,,56,,08,,2,,4,,44,,44,,44,,1455,,32,,5333,,55,,5077,,4928
167,"The_Little_Mermaid_Denmark",,0,,1,,1,,1333,,1,,08,,0,,0714,,1429,,2857,,2857,,2857,,0,,0833,,1176,,1818,,1481,,125
168,"Great_Pyramid_of_Giza",,8,,7,,8,,8,,775,,78,,2667,,3333,,6667,,7333,,7333,,7333,,4,,4516,,7273,,7652,,7536,,7559
169,"Pitti_Palace",,8,,9,,75,,7,,575,,54,,0909,,1818,,3182,,4545,,4545,,4545,,1633,,3025,,4468,,5512,,5077,,4936
170,"Georgia_State_Capitol",,2,,3,,2,,1333,,1,,1,,0526,,1579,,2105,,2105,,2105,,2632,,0833,,2069,,2051,,1633,,1356,,1449
171,"Dome_des_Invalides",,8,,9,,95,,9667,,925,,92,,12,,28,,48,,48,,6,,72,,2087,,4271,,6378,,6415,,7279,,8078
172,"Reggia_di_Caserta",,6,,6,,65,,6667,,7,,72,,12,,24,,44,,48,,64,,68,,2,,3429,,5248,,5581,,6687,,6994
173,"The_Burj_al_Arab_Hotel",,4,,6,,55,,6333,,575,,56,,08,,24,,4,,52,,56,,6,,1333,,3429,,4632,,5711,,5674,,5793
174,"Elephanta_Caves",,8,,7,,8,,8667,,9,,92,,1667,,2917,,4583,,5417,,625,,7083,,2759,,4118,,5828,,6667,,7377,,8004
175,"Basilica_of_Santa_Croce",,8,,9,,9,,9333,,95,,96,,16,,32,,48,,52,,64,,68,,2667,,4721,,6261,,6679,,7648,,7961
176,"Aachen_Cathedral",,4,,6,,8,,7667,,8,,84,,08,,2,,44,,48,,64,,72,,1333,,3,,5677,,5904,,7111,,7754
177,"Monument_to_the_Great_Fire_of_London",,8,,6,,6,,4667,,525,,54,,16,,24,,32,,36,,52,,64,,2667,,3429,,4174,,4065,,5225,,5858
178,"Longmen_Grottoes",,0,,3,,4,,4667,,45,,48,,0,,12,,32,,48,,52,,72,,0,,1714,,3556,,4732,,4825,,576
179,"Louisiana_State_Capitol",,4,,2,,35,,4333,,45,,46,,08,,08,,2,,32,,4,,56,,1333,,1143,,2545,,3681,,4235,,5051
180,"The_Great_Sphinx_at_Giza",,6,,7,,55,,6333,,575,,52,,08,,2,,28,,4,,52,,6,,1412,,3111,,3711,,4903,,5461,,5571
181,"Teatro_Real_Madrid",,4,,4,,55,,5333,,55,,52,,087,,1739,,4348,,5217,,6087,,6087,,1429,,2424,,4857,,5275,,5779,,5609
182,"Palacio_de_la_Magdalena",,4,,7,,75,,7,,7,,64,,08,,24,,52,,6,,72,,76,,1333,,3574,,6142,,6462,,7099,,6949
183,"Sowjetisches_Ehrenmal",,8,,7,,65,,5667,,5,,56,,16,,28,,48,,56,,64,,68,,2667,,4,,5522,,5633,,5614,,6142
184,"Cathedral_of_Trier",1,0,,6,,65,,6333,,65,,72,,2,,24,,36,,4,,44,,56,,3333,,3429,,4634,,4903,,5248,,63
185,"Saint_Mary_of_the_Flower",,2,,3,,35,,3,,275,,26,,04,,12,,24,,28,,32,,36,,0667,,1714,,2847,,2897,,2958,,3019
186,"Skellig_Michael",1,0,,9,,85,,8667,,85,,84,,16,,28,,4,,56,,6,,6,,2759,,4271,,544,,6804,,7034,,7
187,"Chicago_Board_of_Trade_Building",,6,,4,,35,,3,,225,,3,,1364,,1818,,2727,,3636,,3636,,4091,,2222,,25,,3066,,3288,,278,,3462
188,"Pont_de_Normandie_France",1,0,,7,,6,,5667,,55,,54,,2105,,3158,,3684,,4211,,4211,,4211,,3478,,4352,,4565,,4831,,477,,4732
189,"Palazzo_Rosso",,0,,0,,1,,0667,,05,,06,,0,,0,,0833,,0833,,0833,,125,,0,,0,,0909,,0741,,0625,,0811
190,"Piazza_Vittorio_Veneto",,4,,3,,4,,4,,5,,5,,125,,1875,,3125,,4375,,625,,75,,1905,,2308,,3509,,4179,,5556,,6
191,"Sforza_Castle",,8,,7,,85,,9,,925,,94,,16,,24,,4,,44,,52,,52,,2667,,3574,,544,,591,,6657,,6696
192,"Torres_KIO",1,0,,8,,85,,8667,,875,,9,,2,,28,,32,,4,,6,,6,,3333,,4148,,465,,5474,,7119,,72
193,"Torre_Picasso",,8,,8,,9,,9,,9,,82,,1667,,3333,,4583,,625,,6667,,7083,,2759,,4706,,6074,,7377,,766,,7601
194,"The_Palace_of_Parliament_in_Bucharest",,6,,7,,85,,8667,,85,,84,,08,,2,,48,,64,,72,,72,,1412,,3111,,6135,,7363,,7796,,7754
195,"Ernest_Hemingway_House",,4,,7,,75,,7,,625,,62,,08,,16,,4,,56,,6,,64,,1333,,2605,,5217,,6222,,6122,,6298
196,"Castel_dellOvo_Napoli",,4,,5,,7,,7,,725,,72,,08,,16,,32,,48,,56,,68,,1333,,2424,,4392,,5695,,6319,,6994
197,"Villa_Borghese_gardens",,6,,8,,75,,8,,825,,82,,12,,28,,48,,6,,68,,68,,2,,4148,,5854,,6857,,7455,,7435
198,"Saint_Marks_Basilica",,6,,8,,9,,9333,,9,,92,,12,,32,,4,,48,,52,,56,,2,,4571,,5538,,634,,6592,,6962
199,"Mausoleum_of_the_First_Qin_Emperor",,8,,8,,85,,7,,75,,8,,16,,28,,52,,56,,68,,68,,2667,,4148,,6453,,6222,,7133,,7351
200,"Mausoleum_of_Hadrian",,8,,7,,7,,6,,625,,58,,2222,,3333,,5,,5556,,7222,,7222,,3478,,4516,,5833,,5769,,6701,,6433
201,"Piazza_de_Ferrari",1,0,1,0,,95,,9,,925,,9,,2105,,4211,,5263,,6842,,7895,,7895,,3478,,5926,,6774,,7774,,8519,,8411
202,"George_Washington_Carver",,6,,5,,45,,6,,675,,68,,1875,,1875,,375,,5,,625,,75,,2857,,2727,,4091,,5455,,649,,7133
203,"Cathedral_of_Santiago_de_Compostela",,8,,7,,75,,7333,,7,,74,,2353,,2941,,5882,,7059,,7647,,8824,,3636,,4142,,6593,,7193,,7309,,8049
204,"Saint-Jacques_Tower",,8,,8,,8,,7333,,7,,68,,2308,,3077,,4615,,5385,,6154,,7692,,3582,,4444,,5854,,621,,655,,7219
205,"Calakmul_Campeche_Mexico",,4,,3,,25,,2,,15,,24,,1429,,2143,,2857,,3571,,3571,,4286,,2105,,25,,2667,,2564,,2113,,3077
206,"Bran_Castle_in_Transylvania",,8,,8,,85,,8667,,875,,86,,2105,,3158,,4211,,5263,,5263,,5263,,3333,,4528,,5631,,6549,,6573,,653
207,"Mosteiro_da_Batalha",1,0,1,0,1,0,1,0,1,0,1,0,,2105,,4211,,5789,,6842,,7368,,7368,,3478,,5926,,7333,,8125,,8485,,8485
208,"Wartburg_Castle",,8,,9,,95,,9333,,85,,88,,1,,25,,4,,45,,5,,55,,1778,,3913,,563,,6072,,6296,,6769
209,"Fujian_Tulou_Fujian_China",1,0,,9,,85,,9,,825,,82,,2778,,4444,,5,,6111,,6667,,7778,,4348,,595,,6296,,7279,,7374,,7983
210,"Alabama_State_Capitol",,0,,4,,45,,4667,,5,,46,,0,,1905,,381,,5238,,619,,619,,0,,2581,,4126,,4936,,5532,,5278
211,"Palazzo_dAccursio",,6,,6,,6,,6333,,6,,5,,1667,,2778,,3333,,3333,,3333,,3889,,2609,,3797,,4286,,4368,,4286,,4375
212,"Casa_Grande_Ruins",,8,,8,,8,,8,,725,,72,,1176,,3529,,3529,,4706,,5882,,6471,,2051,,4898,,4898,,5926,,6495,,6816
213,"Stravinsky_Fountain",1,0,,7,,8,,8667,,875,,8,,2667,,4,,5333,,6,,6,,6667,,4211,,5091,,64,,7091,,7119,,7273
214,"Angel_Falls_Venezuela",,2,,5,,6,,5667,,525,,46,,0588,,2941,,4706,,5294,,6471,,6471,,0909,,3704,,5275,,5474,,5797,,5377
215,"Statue_of_George_IV",,0,,1,,05,,0667,,125,,12,,0,,125,,125,,25,,375,,375,,0,,1111,,0714,,1053,,1875,,1818
216,"Palacio_Barolo",,8,,9,,8,,8333,,875,,9,,1765,,3529,,5882,,7059,,7647,,7647,,2892,,507,,678,,7643,,8161,,8269
217,"Bridge_of_Remembrance_Christchurch_New_Zealand",,2,,1,,05,,0333,,025,,02,,0833,,0833,,0833,,0833,,0833,,0833,,1176,,0909,,0625,,0476,,0385,,0323
218,"John_A._Roebling_Suspension_Bridge",,4,,4,,45,,4667,,45,,48,,1333,,2,,4,,5333,,6,,8,,2,,2667,,4235,,4978,,5143,,6
219,"Blue_Dome_Santorini",,6,,5,,45,,6333,,7,,64,,1875,,3125,,4375,,5625,,6875,,6875,,2857,,3846,,4437,,5958,,6937,,6629
220,"Fossar_de_les_Moreres",,8,,6,,6,,7,,625,,62,,2143,,3571,,5,,7143,,7857,,7857,,338,,4478,,5455,,7071,,6962,,6931
221,"Luxor_Obelisk_France",,8,,9,,9,,8333,,825,,8,,125,,375,,5,,5,,5,,625,,2162,,5294,,6429,,625,,6226,,7018
222,"Valle_de_los_Caidos",1,0,1,0,1,0,,9667,,95,,96,,15,,3,,35,,45,,6,,7,,2609,,4615,,5185,,6141,,7355,,8096
--------------------
"--","Avg.",P@5,P@10,P@20,P@30,P@40,P@50,CR@5,CR@10,CR@20,CR@30,CR@40,CR@50,F1@5,F1@10,F1@20,F1@30,F1@40,F1@50
,,,6739,,6784,,6923,,6881,,6907,,6861,,1317,,2425,,3913,,4871,,5595,,6143,,2182,,3527,,4924,,5581,,6054,,6345