--------------------
"Run name","output_runBM25DunnIndex"
--------------------
"Average P@20 = ",,8018
"Average CR@20 = ",,3819
"Average F1@20 = ",,5061
--------------------
"Query Id ","Location name",P@5,P@10,P@20,P@30,P@40,P@50,CR@5,CR@10,CR@20,CR@30,CR@40,CR@50,F1@5,F1@10,F1@20,F1@30,F1@40,F1@50
1,"angel_of_the_north",1,0,1,0,1,0,1,0,1,0,1,0,,2,,28,,44,,52,,6,,68,,3333,,4375,,6111,,6842,,75,,8095
2,"big_ben",1,0,1,0,1,0,,9333,,925,,9,,2273,,3182,,3182,,4545,,5,,5455,,3704,,4828,,4828,,6114,,6491,,6792
3,"hearst_castle",1,0,1,0,,95,,9667,,95,,94,,1667,,3333,,5833,,6667,,7083,,75,,2857,,5,,7228,,7891,,8116,,8343
4,"la_madeleine",,6,,3,,35,,3667,,45,,48,,2143,,2143,,3571,,5,,7143,,8571,,3158,,25,,3535,,4231,,5521,,6154
5,"pont_alexandre_iii",1,0,1,0,,95,,9667,,975,,98,,2,,28,,48,,6,,6,,68,,3333,,4375,,6378,,7404,,7429,,8029
6,"neues_museum",,4,,5,,25,,1667,,25,,4,,08,,16,,16,,16,,24,,48,,1333,,2424,,1951,,1633,,2449,,4364
7,"montezuma_castle",,4,,6,,7,,6333,,475,,56,,0833,,3333,,4167,,5833,,5833,,75,,1379,,4286,,5224,,6073,,5236,,6412
8,"cn_tower",,6,,7,,55,,6667,,7,,74,,0833,,2083,,2917,,375,,5833,,625,,1463,,3211,,3812,,48,,6364,,6777
9,"acropolis_athens",,8,,7,,8,,8333,,875,,88,,1429,,2857,,4286,,4762,,5238,,5714,,2424,,4058,,5581,,6061,,6553,,6929
10,"agra_fort",,8,,9,,85,,8333,,85,,88,,16,,32,,4,,56,,64,,68,,2667,,4721,,544,,6699,,7302,,7672
11,"albert_memorial",,6,,6,,55,,6,,675,,72,,0909,,1364,,1364,,1818,,4091,,4545,,1579,,2222,,2185,,2791,,5094,,5573
12,"altes_museum",1,0,1,0,,8,,6667,,5,,48,,2083,,2917,,4167,,5,,5,,5833,,3448,,4516,,5479,,5714,,5,,5266
13,"amiens_cathedral",1,0,1,0,,95,,9333,,95,,96,,16,,32,,56,,64,,72,,72,,2759,,4848,,7046,,7593,,8192,,8229
14,"angkor_wat",,8,,9,,8,,7,,725,,74,,16,,28,,44,,44,,56,,56,,2667,,4271,,5677,,5404,,6319,,6375
15,"ara_pacis",,8,,8,,8,,7667,,725,,68,,1818,,3636,,5,,6364,,6818,,7273,,2963,,5,,6154,,6955,,7027,,7028
16,"arc_de_triomphe",1,0,,9,,95,,9333,,8,,78,,2083,,25,,375,,5,,5833,,6667,,3448,,3913,,5377,,6512,,6747,,7189
17,"aztec_ruins",,2,,1,,1,,1,,125,,26,,04,,04,,04,,08,,16,,32,,0667,,0571,,0571,,0889,,1404,,2869
18,"berlin_cathedral",1,0,1,0,1,0,,9667,,975,,98,,2,,28,,52,,64,,64,,64,,3333,,4375,,6842,,7701,,7728,,7743
19,"bok_tower_gardens",1,0,,8,,75,,8,,825,,86,,2,,28,,48,,6,,68,,72,,3333,,4148,,5854,,6857,,7455,,7838
20,"brandenburg_gate",1,0,1,0,1,0,1,0,1,0,,98,,16,,28,,44,,44,,52,,52,,2759,,4375,,6111,,6111,,6842,,6795
21,"cabrillo",,4,,3,,15,,1667,,15,,14,,1538,,2308,,2308,,3077,,3846,,4615,,2222,,2609,,1818,,2162,,2158,,2148
22,"casa_batllo",1,0,1,0,1,0,1,0,1,0,1,0,,12,,24,,36,,52,,68,,72,,2143,,3871,,5294,,6842,,8095,,8372
23,"casa_rosada",1,0,,9,,9,,9,,925,,94,,16,,24,,4,,48,,56,,64,,2759,,3789,,5538,,6261,,6976,,7615
24,"castillo_de_san_marcos",,8,,6,,55,,5667,,675,,6,,16,,2,,28,,4,,52,,56,,2667,,3,,3711,,469,,5874,,5793
25,"chartres_cathedral",1,0,1,0,1,0,1,0,,95,,94,,16,,24,,36,,64,,76,,76,,2759,,3871,,5294,,7805,,8444,,8405
26,"chichen_itza",1,0,,8,,8,,8,,825,,82,,2,,28,,36,,4,,56,,56,,3333,,4148,,4966,,5333,,6671,,6655
27,"christ_the_redeemer_rio",,6,,5,,45,,4667,,5,,52,,087,,087,,2609,,3478,,4348,,5217,,1519,,1481,,3303,,3986,,4651,,5209
28,"civic_center_san_francisco",,8,,9,,85,,8333,,875,,82,,16,,28,,44,,6,,6,,64,,2667,,4271,,5798,,6977,,7119,,7189
29,"cologne_cathedral",1,0,1,0,,95,,9667,,975,,96,,12,,24,,32,,4,,52,,6,,2143,,3871,,4787,,5659,,6783,,7385
30,"colosseum",1,0,1,0,1,0,1,0,1,0,,98,,12,,2,,4,,48,,6,,6,,2143,,3333,,5714,,6486,,75,,7443
31,"doge_s_palace",,6,,6,,55,,6667,,725,,78,,08,,16,,24,,32,,48,,48,,1412,,2526,,3342,,4324,,5776,,5943
32,"eiffel_tower",1,0,1,0,1,0,1,0,1,0,1,0,,16,,16,,28,,36,,48,,52,,2759,,2759,,4375,,5294,,6486,,6842
33,"golden_gate_bridge",1,0,,9,,9,,9,,85,,86,,2174,,3043,,4348,,5217,,5217,,5652,,3571,,4549,,5863,,6606,,6466,,6821
34,"grand_palais",1,0,,9,,9,,8667,,9,,92,,0455,,1364,,3636,,4091,,5,,5455,,087,,2368,,518,,5558,,6429,,6849
35,"guggenheim_museum_bilbao",1,0,1,0,1,0,1,0,1,0,1,0,,12,,16,,36,,44,,52,,6,,2143,,2759,,5294,,6111,,6842,,75
36,"hagia_sophia_istanbul",1,0,1,0,1,0,1,0,1,0,,94,,16,,32,,44,,44,,52,,6,,2759,,4848,,6111,,6111,,6842,,7325
37,"hoover_dam",1,0,,9,,95,,9667,,925,,92,,12,,2,,36,,4,,52,,56,,2143,,3273,,5221,,5659,,6657,,6962
38,"humayun_tomb",,8,,8,,55,,6667,,675,,72,,08,,16,,28,,48,,6,,64,,1455,,2667,,3711,,5581,,6353,,6776
39,"iguazu_falls",,6,,8,,75,,7667,,8,,82,,08,,24,,36,,48,,52,,6,,1412,,3692,,4865,,5904,,6303,,693
40,"iolani_palace",1,0,1,0,1,0,,8333,,8,,68,,12,,2,,4,,48,,64,,64,,2143,,3333,,5714,,6091,,7111,,6594
41,"la_mezquita",,4,,5,,75,,8333,,75,,66,,0833,,1667,,4167,,5,,5,,5833,,1379,,25,,5357,,625,,6,,6193
42,"la_rambla_barcelona",,8,,9,,95,,9667,,9,,92,,12,,24,,36,,44,,52,,56,,2087,,3789,,5221,,6047,,6592,,6962
43,"la_sainte_chapelle",1,0,1,0,,9,,9333,,95,,96,,16,,32,,48,,6,,64,,64,,2759,,4848,,6261,,7304,,7648,,768
44,"liberty_memorial",1,0,1,0,,8,,7,,675,,72,,08,,12,,32,,44,,52,,56,,1481,,2143,,4571,,5404,,5874,,63
45,"lincoln_home",,6,,8,,9,,9333,,9,,92,,1667,,3333,,5,,6667,,7222,,8333,,2609,,4706,,6429,,7778,,8014,,8745
46,"machu_picchu",1,0,1,0,,7,,6667,,675,,68,,16,,28,,4,,44,,48,,6,,2759,,4375,,5091,,5301,,561,,6375
47,"marble_arch_london",,8,,7,,6,,6,,475,,4,,3333,,4167,,5833,,6667,,75,,75,,4706,,5224,,5915,,6316,,5816,,5217
48,"milan_cathedral",1,0,,9,,9,,8667,,85,,88,,2,,28,,36,,52,,64,,68,,3333,,4271,,5143,,65,,7302,,7672
49,"mole_antonelliana",,6,,7,,85,,9,,75,,7,,12,,16,,32,,36,,4,,48,,2,,2605,,465,,5143,,5217,,5695
50,"mont_saint_michel",1,0,1,0,1,0,,9667,,975,,98,,16,,24,,4,,44,,48,,6,,2759,,3871,,5714,,6047,,6433,,7443
51,"moulin_rouge",,0,,0,,1,,1667,,125,,1,,0,,0,,25,,375,,375,,375,,0,,0,,1429,,2308,,1875,,1579
52,"nelson_s_column",,8,,9,,95,,9667,,975,,98,,125,,2083,,4167,,4583,,5833,,5833,,2162,,3383,,5793,,6218,,7299,,7313
53,"notre_dame_de_paris",,8,,9,,95,,9667,,925,,92,,12,,28,,44,,52,,68,,68,,2087,,4271,,6014,,6762,,7838,,782
54,"obelisco",,2,,2,,1,,0667,,075,,08,,0909,,0909,,0909,,0909,,1818,,1818,,125,,125,,0952,,0769,,1062,,1111
55,"piccadilly_circus",1,0,,9,,9,,8,,75,,76,,1304,,1739,,4348,,4783,,4783,,6087,,2308,,2915,,5863,,5986,,5841,,676
56,"place_de_la_concorde",1,0,1,0,1,0,1,0,,975,,98,,12,,16,,32,,36,,48,,64,,2143,,2759,,4848,,5294,,6433,,7743
57,"place_de_la_republique",,4,,2,,3,,3333,,25,,2,,25,,25,,5,,75,,75,,75,,3077,,2222,,375,,4615,,375,,3158
58,"place_des_vosges",1,0,,7,,75,,8333,,875,,9,,08,,12,,24,,4,,52,,68,,1481,,2049,,3636,,5405,,6523,,7747
59,"pont_du_gard",,6,,6,,65,,6667,,75,,78,,12,,2,,36,,4,,52,,6,,2,,3,,4634,,5,,6142,,6783
60,"pont_neuf",1,0,1,0,,9,,9,,825,,74,,16,,24,,4,,56,,6,,64,,2759,,3871,,5538,,6904,,6947,,6864
61,"ponte_vecchio",,8,,9,,95,,9667,,925,,86,,125,,1667,,4167,,5,,5417,,5833,,2162,,2812,,5793,,6591,,6832,,6952
62,"puerta_de_alcala",,6,,6,,55,,5333,,625,,6,,1053,,2105,,3158,,3684,,4211,,6316,,1791,,3117,,4012,,4358,,5031,,6154
63,"puerta_del_sol",,8,,9,,7,,4667,,475,,4,,2,,25,,35,,35,,4,,4,,32,,3913,,4667,,4,,4343,,4
64,"red_fort",1,0,1,0,1,0,1,0,1,0,1,0,,2,,32,,48,,56,,72,,76,,3333,,4848,,6486,,7179,,8372,,8636
65,"reims_cathedral",1,0,1,0,1,0,1,0,1,0,1,0,,2,,2,,4,,48,,52,,56,,3333,,3333,,5714,,6486,,6842,,7179
66,"rialto_bridge",1,0,,9,,85,,7667,,75,,7,,25,,375,,4375,,4375,,6875,,6875,,4,,5294,,5777,,5571,,7174,,6937
67,"roman_forum_rome",,8,,8,,8,,7333,,75,,72,,16,,28,,36,,36,,44,,6,,2667,,4148,,4966,,4829,,5546,,6545
68,"sacre_coeur",,8,,7,,65,,6,,625,,62,,1667,,2083,,3333,,3333,,4167,,4583,,2759,,3211,,4407,,4286,,5,,527
69,"sagrada_familia",1,0,,9,,95,,9333,,95,,94,,16,,24,,4,,48,,6,,6,,2759,,3789,,563,,634,,7355,,7325
70,"santa_maria_novella",,6,,6,,55,,5333,,525,,62,,12,,2,,28,,36,,44,,48,,2,,3,,3711,,4299,,4788,,5411
71,"schonbrunn_palace",1,0,1,0,,95,,9667,,975,,98,,12,,28,,4,,48,,52,,56,,2143,,4375,,563,,6415,,6783,,7127
72,"seville_cathedral",,8,,8,,8,,8333,,875,,9,,16,,24,,36,,44,,56,,64,,2667,,3692,,4966,,5759,,6829,,7481
73,"spanish_steps",1,0,1,0,,85,,7333,,7,,68,,1818,,2273,,3636,,4545,,5909,,6364,,3077,,3704,,5094,,5612,,6408,,6575
74,"st__basil_cathedral",1,0,1,0,1,0,1,0,,95,,86,,2,,28,,52,,52,,52,,52,,3333,,4375,,6842,,6842,,6721,,6481
75,"statue_of_liberty",1,0,1,0,,95,,9333,,875,,8,,12,,2,,28,,44,,52,,56,,2143,,3333,,4325,,5981,,6523,,6588
76,"stonehenge",,8,,9,,75,,7333,,6,,52,,1579,,2105,,3684,,5263,,5263,,5789,,2637,,3412,,4941,,6128,,5607,,5479
77,"summer_palace_beijing",1,0,1,0,1,0,,9667,,975,,96,,16,,28,,4,,52,,6,,6,,2759,,4375,,5714,,6762,,7429,,7385
78,"sydney_opera_house",1,0,1,0,1,0,,9667,,975,,9,,12,,24,,4,,48,,52,,56,,2143,,3871,,5714,,6415,,6783,,6904
79,"teotihuacan",,6,,6,,5,,5667,,6,,6,,12,,2,,24,,44,,52,,64,,2,,3,,3243,,4954,,5571,,6194
80,"terracotta_army",,4,,4,,45,,4667,,4,,38,,1,,2,,4,,45,,5,,5,,16,,2667,,4235,,4582,,4444,,4318
81,"the_blue_mosque",,8,,9,,95,,9,,925,,9,,16,,28,,4,,48,,6,,6,,2667,,4271,,563,,6261,,7279,,72
82,"the_henry_ford",,8,,9,,9,,8,,7,,68,,12,,28,,4,,44,,48,,56,,2087,,4271,,5538,,5677,,5695,,6142
83,"taj_mahal",1,0,,9,,8,,8667,,9,,9,,2,,28,,44,,48,,48,,68,,3333,,4271,,5677,,6178,,6261,,7747
84,"tour_montparnasse",,8,,7,,7,,7,,6,,48,,15,,2,,35,,55,,55,,55,,2526,,3111,,4667,,616,,5739,,5126
85,"tower_bridge_london",,8,,9,,85,,8,,725,,62,,16,,24,,4,,44,,52,,52,,2667,,3789,,544,,5677,,6056,,5656
86,"trafalgar_square",,6,,7,,55,,5,,475,,44,,1364,,2727,,3182,,3182,,4545,,5,,2222,,3925,,4031,,3889,,4645,,4681
87,"leaning_tower_of_pisa",,8,,6,,55,,4333,,4,,46,,12,,16,,28,,32,,4,,44,,2087,,2526,,3711,,3681,,4,,4498
88,"hermitage_museum_saint_petersburg",1,0,1,0,1,0,,9,,775,,82,,16,,24,,36,,4,,48,,6,,2759,,3871,,5294,,5538,,5928,,693
89,"jantar_mantar_jaipur",,6,,6,,75,,8333,,875,,88,,08,,2,,52,,56,,68,,76,,1412,,3,,6142,,6699,,7653,,8156
90,"lake_titicaca_peru",,4,,5,,55,,5,,475,,48,,0417,,1667,,2917,,375,,5,,5417,,0755,,25,,3812,,4286,,4872,,509
91,"the_great_wall_of_china",,8,,9,,95,,8333,,875,,88,,16,,24,,28,,4,,48,,6,,2667,,3789,,4325,,5405,,6199,,7135
92,"grande_arche_paris",,8,,7,,65,,6,,6,,68,,12,,2,,28,,32,,32,,4,,2087,,3111,,3914,,4174,,4174,,5037
93,"el_angel_mexico",,6,,8,,65,,7333,,65,,62,,0952,,2381,,3333,,4762,,5714,,6667,,1644,,367,,4407,,5774,,6082,,6425
94,"bibliotheque_nationale_de_france",,8,,7,,8,,8,,825,,7,,12,,24,,32,,36,,48,,48,,2087,,3574,,4571,,4966,,6069,,5695
95,"kronborg_castle",,6,,5,,7,,7333,,65,,64,,125,,2083,,375,,5417,,5417,,5833,,2069,,2941,,4884,,6231,,5909,,6104
96,"ajanta_caves",,6,,8,,8,,8667,,9,,92,,0909,,2273,,3636,,5455,,5909,,6364,,1579,,354,,5,,6695,,7134,,7523
97,"atomium",,8,,9,,95,,9333,,95,,96,,1429,,2857,,381,,381,,381,,4286,,2424,,4337,,5438,,5411,,5438,,5926
98,"ellora_caves",1,0,1,0,,9,,9333,,925,,94,,1818,,2273,,3636,,4545,,5455,,5909,,3077,,3704,,518,,6114,,6862,,7257
99,"potala_palace",1,0,,9,,95,,9,,925,,88,,1111,,1667,,2778,,4444,,4444,,5556,,2,,2812,,4299,,595,,6004,,6811
100,"jokhang",,8,,8,,8,,8333,,825,,84,,08,,2,,32,,52,,56,,68,,1455,,32,,4571,,6404,,6671,,7516
101,"rila_monastery",,6,,7,,85,,8333,,875,,9,,12,,2,,32,,4,,48,,48,,2,,3111,,465,,5405,,6199,,6261
102,"louvre_pyramid",1,0,1,0,1,0,,9333,,95,,94,,1667,,1667,,4444,,5556,,5556,,6111,,2857,,2857,,6154,,6965,,7011,,7407
103,"brooklyn_bridge",,8,,9,,95,,8667,,85,,86,,0952,,1905,,381,,381,,381,,5238,,1702,,3144,,5438,,5293,,5261,,6511
104,"tower_of_london",,8,,7,,65,,7,,75,,76,,1304,,1304,,2609,,3913,,3913,,5217,,2243,,2199,,3723,,502,,5143,,6187
105,"british_museum_london",1,0,1,0,1,0,1,0,1,0,,94,,1,,15,,3,,35,,5,,55,,1818,,2609,,4615,,5185,,6667,,694
106,"buckingham_palace",,8,,7,,65,,6,,5,,44,,2,,25,,3,,3,,35,,35,,32,,3684,,4105,,4,,4118,,3899
107,"charles_bridge_prague",1,0,1,0,1,0,,8333,,7,,6,,0833,,1667,,2917,,3333,,375,,375,,1538,,2857,,4516,,4762,,4884,,4615
108,"champs_elysees_paris",,6,,7,,6,,6667,,725,,66,,1333,,2667,,2667,,3333,,3333,,5333,,2182,,3862,,3692,,4444,,4567,,5899
109,"chrysler_building",1,0,1,0,1,0,1,0,1,0,1,0,,2143,,3571,,5714,,6429,,7143,,9286,,3529,,5263,,7273,,7826,,8333,,963
110,"moma_new_york",,6,,8,,85,,9,,9,,9,,1053,,2105,,3158,,4211,,5263,,5789,,1791,,3333,,4605,,5737,,6642,,7046
111,"grand_central_terminal",1,0,1,0,,95,,9333,,95,,96,,0952,,1905,,381,,4286,,4286,,5238,,1739,,32,,5438,,5874,,5907,,6778
112,"houses_of_parliament",1,0,1,0,1,0,1,0,1,0,1,0,,2174,,3043,,3043,,3043,,3478,,4348,,3571,,4667,,4667,,4667,,5161,,6061
113,"alexanderplatz_berlin",,4,,5,,3,,5333,,625,,6,,08,,2,,24,,32,,4,,44,,1333,,2857,,2667,,4,,4878,,5077
114,"centre_pompidou",,8,,9,,9,,7333,,65,,62,,2222,,3333,,3889,,4444,,5,,5,,3478,,4865,,5431,,5535,,5652,,5536
115,"sydney_harbour_bridge",1,0,1,0,1,0,1,0,1,0,1,0,,25,,25,,4375,,5625,,5625,,5625,,4,,4,,6087,,72,,72,,72
116,"pier_39",1,0,1,0,,9,,9,,925,,9,,1905,,3333,,4762,,5714,,619,,6667,,32,,5,,6228,,699,,7417,,766
117,"coit_tower",,8,,6,,75,,6667,,675,,58,,1333,,2,,2667,,4,,4667,,4667,,2286,,3,,3934,,5,,5518,,5172
118,"st_paul_s_cathedral_london",1,0,1,0,1,0,1,0,,9,,86,,1765,,4118,,5294,,5882,,6471,,8235,,3,,5833,,6923,,7407,,7529,,8414
119,"cloud_gate",,8,,7,,65,,6,,475,,58,,1667,,25,,3333,,3333,,3333,,5,,2759,,3684,,4407,,4286,,3918,,537
120,"musee_d_orsay",1,0,1,0,1,0,,9,,9,,92,,1429,,2381,,381,,4762,,5714,,6667,,25,,3846,,5517,,6228,,699,,7731
121,"pike_place_market",1,0,,9,,85,,8333,,875,,82,,1429,,2381,,4286,,4762,,5238,,5238,,25,,3766,,5698,,6061,,6553,,6393
122,"royal_palace_madrid",,8,,9,,85,,8,,75,,78,,1818,,3182,,4091,,4545,,4545,,5455,,2963,,4701,,5523,,5797,,566,,642
123,"sony_center_berlin",,8,,9,,95,,9667,,975,,94,,1905,,3333,,381,,4762,,4762,,5238,,3077,,4865,,5438,,6381,,6399,,6727
124,"red_square_moscow",,8,,8,,7,,6333,,65,,7,,1429,,1905,,3333,,381,,5238,,619,,2424,,3077,,4516,,4757,,5801,,657
125,"prague_castle",1,0,,9,,9,,9333,,875,,84,,16,,24,,4,,52,,64,,64,,2759,,3789,,5538,,6679,,7393,,7265
126,"musee_du_louvre",1,0,,9,,95,,9667,,975,,98,,12,,24,,32,,48,,56,,68,,2143,,3789,,4787,,6415,,7114,,8029
127,"millennium_bridge_london",1,0,,9,,8,,7667,,775,,82,,2,,32,,48,,48,,48,,52,,3333,,4721,,6,,5904,,5928,,6364
128,"casa_mila",1,0,1,0,1,0,1,0,,95,,9,,2,,32,,36,,52,,6,,68,,3333,,4848,,5294,,6842,,7355,,7747
129,"national_gallery_london",1,0,1,0,,85,,5667,,625,,68,,1364,,2727,,4091,,4091,,5,,6364,,24,,4286,,5523,,4752,,5556,,6575
130,"national_mall",1,0,1,0,1,0,,9333,,925,,92,,2,,32,,52,,56,,6,,68,,3333,,4848,,6842,,7,,7279,,782
131,"london_city_hall",1,0,,9,,95,,9667,,925,,92,,2,,4,,5,,5,,55,,6,,3333,,5538,,6552,,6591,,6898,,7263
132,"holocaust_memorial",,6,,5,,6,,5333,,625,,7,,125,,125,,4375,,4375,,5,,625,,2069,,2,,506,,4807,,5556,,6604
133,"columbus_circle",,4,,6,,65,,7,,675,,6,,08,,2,,4,,56,,68,,68,,1333,,3,,4952,,6222,,6775,,6375
134,"siegessaeule",1,0,1,0,,95,,9667,,775,,68,,2,,28,,44,,68,,68,,72,,3333,,4375,,6014,,7984,,7244,,6994
135,"jardin_du_luxembourg",1,0,1,0,1,0,1,0,1,0,1,0,,12,,24,,4,,56,,68,,8,,2143,,3871,,5714,,7179,,8095,,8889
136,"merlion_singapore",,0,,2,,1,,1333,,125,,18,,0,,0909,,0909,,1818,,2273,,3636,,0,,125,,0952,,1538,,1613,,2408
137,"harrods_london",,8,,7,,8,,7333,,775,,78,,12,,2,,4,,52,,6,,64,,2087,,3111,,5333,,6085,,6764,,7031
138,"metropolitan_museum_of_art_new_york",1,0,,8,,85,,9,,925,,94,,16,,2,,4,,44,,56,,6,,2759,,32,,544,,591,,6976,,7325
139,"new_york_stock_exchange",,6,,4,,5,,6333,,725,,66,,15,,2,,3,,45,,45,,5,,24,,2667,,375,,5262,,5553,,569
140,"stephansdom_vienna",1,0,1,0,1,0,1,0,1,0,1,0,,16,,32,,56,,6,,68,,68,,2759,,4848,,7179,,75,,8095,,8095
141,"hms_belfast",1,0,1,0,1,0,1,0,1,0,,96,,16,,2,,36,,44,,52,,56,,2759,,3333,,5294,,6111,,6842,,7074
142,"leicester_square",1,0,1,0,,9,,8,,8,,8,,12,,16,,24,,32,,44,,48,,2143,,2759,,3789,,4571,,5677,,6
143,"ciudad_de_las_artes_y_las_ciencias",1,0,1,0,,9,,9,,925,,92,,2,,32,,4,,48,,56,,6,,3333,,4848,,5538,,6261,,6976,,7263
144,"topkapi_palace",1,0,1,0,,95,,9333,,95,,96,,16,,24,,44,,56,,56,,64,,2759,,3871,,6014,,7,,7046,,768
145,"royal_albert_hall",1,0,1,0,,95,,7,,775,,76,,12,,16,,4,,44,,44,,48,,2143,,2759,,563,,5404,,5613,,5884
146,"st_vitus_cathedral",1,0,1,0,1,0,,9667,,975,,96,,16,,28,,48,,52,,56,,6,,2759,,4375,,6486,,6762,,7114,,7385
147,"castello_sforzesco",1,0,1,0,,9,,8667,,9,,9,,16,,24,,4,,4,,52,,52,,2759,,3871,,5538,,5474,,6592,,6592
148,"rijksmuseum_amsterdam",1,0,1,0,1,0,1,0,1,0,1,0,,16,,16,,32,,52,,6,,6,,2759,,2759,,4848,,6842,,75,,75
149,"dam_square",1,0,,8,,8,,6333,,675,,7,,12,,2,,28,,28,,36,,44,,2143,,32,,4148,,3883,,4696,,5404
150,"rathaus_vienna",1,0,1,0,,9,,9,,85,,7,,16,,16,,16,,2,,32,,36,,2759,,2759,,2717,,3273,,465,,4755
151,"bath_abbey",1,0,1,0,1,0,,9667,,975,,98,,2,,32,,4,,52,,56,,64,,3333,,4848,,5714,,6762,,7114,,7743
152,"salisbury_cathedral",1,0,1,0,1,0,1,0,1,0,1,0,,2,,24,,36,,36,,44,,52,,3333,,3871,,5294,,5294,,6111,,6842
153,"templo_de_debod",,4,,3,,35,,4,,4,,46,,0909,,0909,,1818,,3182,,3182,,3182,,1481,,1395,,2393,,3544,,3544,,3762
154,"Niagara_Falls",,6,,8,,65,,6333,,625,,56,,1364,,2727,,2727,,3636,,4091,,4545,,2222,,4068,,3842,,462,,4945,,5018
155,"Golden_Gate_Bridge_in_San_Francisco",1,0,,9,,9,,9333,,925,,94,,1364,,2273,,3636,,5455,,6364,,6364,,24,,3629,,518,,6885,,754,,7589
156,"Neuschwanstein_Castle",1,0,1,0,1,0,1,0,,975,,98,,2,,36,,48,,6,,64,,68,,3333,,5294,,6486,,75,,7728,,8029
157,"Christ_Church_Cathedral_Missouri",1,0,1,0,1,0,1,0,1,0,1,0,,16,,32,,52,,56,,56,,6,,2759,,4848,,6842,,7179,,7179,,75
158,"Mount_Rushmore_in_South_Dakota",,8,,8,,9,,9333,,95,,96,,12,,16,,28,,4,,52,,64,,2087,,2667,,4271,,56,,6721,,768
159,"Puerta_de_Toledo",,4,,3,,15,,1,,075,,06,1,0,1,0,1,0,1,0,1,0,1,0,,5714,,4615,,2609,,1818,,1395,,1132
160,"Urquhart_Castle",1,0,,9,,85,,8333,,775,,82,,1667,,2917,,4583,,5417,,5833,,6667,,2857,,4406,,5955,,6566,,6656,,7354
161,"Gare_du_Nord_Paris",,8,,8,,65,,7667,,825,,86,,16,,2,,24,,28,,32,,32,,2667,,32,,3506,,4102,,4611,,4664
162,"Newgrange_in_Ireland",,6,,7,,7,,7,,725,,66,,125,,25,,3333,,4583,,5417,,5417,,2069,,3684,,4516,,554,,6201,,595
163,"Windmills_at_Kinderdijk",1,0,1,0,,85,,8333,,85,,84,,12,,24,,32,,4,,48,,56,,2143,,3871,,465,,5405,,6135,,672
164,"Conciergerie",1,0,1,0,,95,,9667,,975,,98,,2,,28,,44,,52,,64,,72,,3333,,4375,,6014,,6762,,7728,,8301
165,"Palazzo_Madama",1,0,1,0,,75,,8,,725,,74,,2273,,3182,,4091,,5455,,5909,,6818,,3704,,4828,,5294,,6486,,6511,,7097
166,"Split_Rock_Lighthouse",1,0,1,0,1,0,,9333,,9,,88,,08,,2,,28,,28,,36,,4,,1481,,3333,,4375,,4308,,5143,,55
167,"The_Little_Mermaid_Denmark",,8,,9,,9,,9,,925,,92,,2143,,2857,,5,,7143,,8571,,9286,,338,,4337,,6429,,7965,,8898,,9243
168,"Great_Pyramid_of_Giza",,8,,6,,65,,5667,,65,,66,,2667,,3333,,5333,,6,,7333,,7333,,4,,4286,,5859,,5829,,6892,,6947
169,"Pitti_Palace",,8,,9,,85,,9,,9,,84,,1364,,2273,,4545,,5455,,5455,,5455,,233,,3629,,5923,,6792,,6792,,6614
170,"Georgia_State_Capitol",1,0,,9,,9,,6,,475,,38,,1579,,2105,,2632,,2632,,2632,,2632,,2727,,3412,,4072,,3659,,3387,,311
171,"Dome_des_Invalides",1,0,1,0,1,0,,9667,,975,,98,,16,,24,,4,,4,,44,,44,,2759,,3871,,5714,,5659,,6064,,6073
172,"Reggia_di_Caserta",1,0,,7,,5,,6,,55,,52,,2,,24,,32,,44,,52,,52,,3333,,3574,,3902,,5077,,5346,,52
173,"The_Burj_al_Arab_Hotel",,6,,6,,65,,7667,,775,,82,,12,,2,,28,,44,,48,,48,,2,,3,,3914,,5591,,5928,,6055
174,"Elephanta_Caves",1,0,1,0,1,0,1,0,,975,,98,,125,,2083,,4583,,5,,625,,7083,,2222,,3448,,6286,,6667,,7617,,8223
175,"Basilica_of_Santa_Croce",1,0,1,0,1,0,1,0,1,0,1,0,,2,,28,,44,,52,,6,,64,,3333,,4375,,6111,,6842,,75,,7805
176,"Aachen_Cathedral",1,0,,9,,9,,8667,,9,,92,,12,,2,,36,,44,,56,,56,,2143,,3273,,5143,,5837,,6904,,6962
177,"Monument_to_the_Great_Fire_of_London",1,0,,8,,6,,5667,,475,,48,,2,,28,,32,,4,,44,,52,,3333,,4148,,4174,,469,,4568,,4992
178,"Longmen_Grottoes",,4,,6,,7,,5667,,525,,52,,08,,2,,4,,52,,56,,64,,1333,,3,,5091,,5423,,5419,,5738
179,"Louisiana_State_Capitol",,4,,3,,3,,2,,225,,22,,08,,12,,2,,2,,28,,28,,1333,,1714,,24,,2,,2495,,2464
180,"The_Great_Sphinx_at_Giza",,8,,9,,95,,8667,,9,,88,,12,,2,,36,,44,,52,,64,,2087,,3273,,5221,,5837,,6592,,7411
181,"Teatro_Real_Madrid",,8,,9,,6,,5667,,625,,68,,1304,,3043,,3913,,5217,,6957,,7826,,2243,,4549,,4737,,5433,,6584,,7277
182,"Palacio_de_la_Magdalena",,6,,7,,85,,8333,,85,,82,,12,,28,,44,,48,,64,,68,,2,,4,,5798,,6091,,7302,,7435
183,"Sowjetisches_Ehrenmal",,8,,7,,5,,5667,,65,,72,,16,,28,,32,,44,,6,,68,,2667,,4,,3902,,4954,,624,,6994
184,"Cathedral_of_Trier",1,0,,8,,9,,9333,,95,,92,,2,,24,,36,,56,,68,,76,,3333,,3692,,5143,,7,,7926,,8324
185,"Saint_Mary_of_the_Flower",,2,,1,,1,,1333,,125,,1,,04,,04,,08,,12,,16,,16,,0667,,0571,,0889,,1263,,1404,,1231
186,"Skellig_Michael",,8,,7,,75,,7,,725,,66,,16,,24,,44,,56,,6,,6,,2667,,3574,,5546,,6222,,6566,,6286
187,"Chicago_Board_of_Trade_Building",,8,,9,,95,,9667,,95,,88,,1818,,2727,,5,,5909,,6364,,7273,,2963,,4186,,6552,,7335,,7622,,7964
188,"Pont_de_Normandie_France",,8,,9,,95,,9667,,975,,98,,1579,,2105,,4737,,6316,,7368,,8421,,2637,,3412,,6322,,764,,8394,,9058
189,"Palazzo_Rosso",,0,,0,,0,,0,,075,,08,,0,,0,,0,,0,,0833,,125,,0,,0,,0,,0,,0789,,0976
190,"Piazza_Vittorio_Veneto",,8,,7,,6,,4667,,425,,38,,125,,25,,4375,,4375,,5,,5625,,2162,,3684,,506,,4516,,4595,,4536
191,"Sforza_Castle",1,0,,8,,9,,9333,,95,,96,,2,,24,,44,,56,,68,,72,,3333,,3692,,591,,7,,7926,,8229
192,"Torres_KIO",1,0,1,0,,9,,9333,,925,,94,,16,,24,,4,,44,,52,,56,,2759,,3871,,5538,,5981,,6657,,7019
193,"Torre_Picasso",1,0,1,0,1,0,,9667,,775,,66,,1667,,2917,,5,,5833,,6667,,6667,,2857,,4516,,6667,,7276,,7168,,6633
194,"The_Palace_of_Parliament_in_Bucharest",1,0,1,0,,95,,9667,,95,,96,,12,,2,,28,,32,,48,,68,,2143,,3333,,4325,,4808,,6378,,7961
195,"Ernest_Hemingway_House",,8,,9,,9,,8333,,775,,76,,12,,24,,48,,56,,6,,64,,2087,,3789,,6261,,6699,,6764,,6949
196,"Castel_dellOvo_Napoli",,8,,9,,85,,8667,,9,,92,,16,,28,,44,,56,,68,,76,,2667,,4271,,5798,,6804,,7747,,8324
197,"Villa_Borghese_gardens",1,0,1,0,1,0,1,0,1,0,1,0,,16,,32,,48,,64,,8,,84,,2759,,4848,,6486,,7805,,8889,,913
198,"Saint_Marks_Basilica",1,0,1,0,1,0,1,0,1,0,1,0,,16,,24,,4,,4,,4,,4,,2759,,3871,,5714,,5714,,5714,,5714
199,"Mausoleum_of_the_First_Qin_Emperor",,8,,9,,95,,9333,,75,,8,,16,,32,,4,,44,,52,,52,,2667,,4721,,563,,5981,,6142,,6303
200,"Mausoleum_of_Hadrian",1,0,1,0,,9,,9,,875,,9,,1667,,2778,,4444,,5,,5556,,6111,,2857,,4348,,595,,6429,,6796,,7279
201,"Piazza_de_Ferrari",1,0,1,0,1,0,1,0,,975,,94,,2105,,2632,,3684,,4211,,4737,,5263,,3478,,4167,,5385,,5926,,6376,,6748
202,"George_Washington_Carver",,4,,6,,6,,5667,,625,,7,,0625,,1875,,3125,,4375,,5,,625,,1081,,2857,,411,,4938,,5556,,6604
203,"Cathedral_of_Santiago_de_Compostela",1,0,1,0,1,0,,9,,85,,84,,1765,,3529,,4706,,6471,,7647,,7647,,3,,5217,,64,,7529,,8051,,8006
204,"Saint-Jacques_Tower",,8,,9,,9,,8667,,85,,74,,1538,,2308,,3846,,3846,,3846,,4615,,2581,,3673,,5389,,5328,,5296,,5685
205,"Calakmul_Campeche_Mexico",,8,,9,,85,,8667,,875,,88,,2143,,2857,,3571,,5,,6429,,7143,,338,,4337,,503,,6341,,7412,,7885
206,"Bran_Castle_in_Transylvania",1,0,1,0,,85,,9,,9,,9,,1053,,2632,,3158,,3684,,4737,,6842,,1905,,4167,,4605,,5228,,6207,,7774
207,"Mosteiro_da_Batalha",1,0,1,0,1,0,1,0,1,0,1,0,,2105,,3684,,5789,,6316,,6316,,7368,,3478,,5385,,7333,,7742,,7742,,8485
208,"Wartburg_Castle",1,0,1,0,,95,,9667,,9,,92,,2,,35,,5,,6,,65,,75,,3333,,5185,,6552,,7404,,7548,,8263
209,"Fujian_Tulou_Fujian_China",1,0,1,0,1,0,1,0,1,0,,98,,1667,,3333,,5,,6111,,6667,,7222,,2857,,5,,6667,,7586,,8,,8316
210,"Alabama_State_Capitol",,6,,6,,7,,7667,,725,,76,,1429,,2857,,4762,,5714,,7143,,8095,,2308,,3871,,5668,,6548,,7196,,784
211,"Palazzo_dAccursio",1,0,,8,,9,,9,,875,,9,,1111,,1667,,2778,,3333,,4444,,6111,,2,,2759,,4245,,4865,,5895,,7279
212,"Casa_Grande_Ruins",,8,,7,,8,,7667,,8,,84,,2353,,2353,,3529,,4118,,4706,,4706,,3636,,3522,,4898,,5358,,5926,,6032
213,"Stravinsky_Fountain",1,0,,8,,9,,9333,,95,,96,,1333,,2667,,4667,,5333,,6,,6,,2353,,4,,6146,,6788,,7355,,7385
214,"Angel_Falls_Venezuela",,8,,7,,6,,5333,,525,,56,,1765,,3529,,4118,,4706,,5294,,6471,,2892,,4693,,4884,,5,,5272,,6004
215,"Statue_of_George_IV",1,0,1,0,,65,,6333,,55,,48,,375,,5,,5,,75,,875,,875,,5455,,6667,,5652,,6867,,6754,,6199
216,"Palacio_Barolo",,8,,7,,8,,8667,,9,,92,,1765,,2941,,4706,,4706,,5882,,5882,,2892,,4142,,5926,,61,,7115,,7176
217,"Bridge_of_Remembrance_Christchurch_New_Zealand",,6,,7,,85,,7667,,75,,8,,25,,5,,8333,,8333,,9167,1,0,,3529,,5833,,8416,,7986,,825,,8889
218,"John_A._Roebling_Suspension_Bridge",,2,,2,,3,,3667,,375,,42,,0667,,0667,,3333,,6,,6667,,7333,,1,,1,,3158,,4552,,48,,5341
219,"Blue_Dome_Santorini",1,0,,9,,9,,9333,,95,,96,,3125,,4375,,5625,,625,,6875,,75,,4762,,5888,,6923,,7487,,7977,,8421
220,"Fossar_de_les_Moreres",,8,,9,,8,,7,,525,,48,,2857,,4286,,6429,,7143,,7143,,7143,,4211,,5806,,7129,,7071,,6052,,5742
221,"Luxor_Obelisk_France",1,0,1,0,,8,,7667,,7,,68,,1875,,25,,375,,375,,375,,4375,,3158,,4,,5106,,5036,,4884,,5324
222,"Valle_de_los_Caidos",1,0,1,0,,85,,9,,875,,88,,25,,45,,45,,55,,65,,65,,4,,6207,,5885,,6828,,7459,,7477
--------------------
"--","Avg.",P@5,P@10,P@20,P@30,P@40,P@50,CR@5,CR@10,CR@20,CR@30,CR@40,CR@50,F1@5,F1@10,F1@20,F1@30,F1@40,F1@50
,,,8315,,8221,,8018,,789,,7795,,773,,1547,,2467,,3819,,4658,,5384,,5961,,2537,,3703,,5061,,5722,,6217,,6575