--------------------
"Run name","output_runFCTHSumSquaredError"
--------------------
"Average P@20 = ",,7788
"Average CR@20 = ",,3866
"Average F1@20 = ",,5058
--------------------
"Query Id ","Location name",P@5,P@10,P@20,P@30,P@40,P@50,CR@5,CR@10,CR@20,CR@30,CR@40,CR@50,F1@5,F1@10,F1@20,F1@30,F1@40,F1@50
1,"angel_of_the_north",1,0,1,0,1,0,1,0,1,0,1,0,,12,,24,,44,,52,,64,,72,,2143,,3871,,6111,,6842,,7805,,8372
2,"big_ben",1,0,,9,,85,,7667,,825,,8,,1364,,2273,,3182,,4091,,5,,5,,24,,3629,,463,,5335,,6226,,6154
3,"hearst_castle",,8,,9,,9,,9333,,95,,94,,1667,,375,,5,,7083,,7917,,8333,,2759,,5294,,6429,,8054,,8636,,8835
4,"la_madeleine",1,0,,8,,65,,5333,,4,,4,,2857,,2857,,4286,,5714,,5714,,5714,,4444,,4211,,5166,,5517,,4706,,4706
5,"pont_alexandre_iii",1,0,1,0,1,0,,9667,,975,,98,,2,,28,,48,,56,,56,,68,,3333,,4375,,6486,,7092,,7114,,8029
6,"neues_museum",,6,,3,,2,,3667,,525,,6,,04,,04,,08,,28,,52,,56,,075,,0706,,1143,,3175,,5225,,5793
7,"montezuma_castle",1,0,,7,,55,,5,,525,,56,,3333,,3333,,5,,5833,,75,,8333,,5,,4516,,5238,,5385,,6176,,6699
8,"cn_tower",,4,,4,,55,,5667,,6,,68,,0833,,125,,3333,,4167,,5417,,5833,,1379,,1905,,4151,,4802,,5693,,628
9,"acropolis_athens",1,0,1,0,,95,,9667,,95,,9,,2381,,2857,,3333,,4286,,4762,,4762,,3846,,4444,,4935,,5939,,6344,,6228
10,"agra_fort",1,0,,9,,85,,8667,,9,,86,,16,,28,,44,,6,,72,,8,,2759,,4271,,5798,,7091,,8,,8289
11,"albert_memorial",,4,,6,,7,,6667,,75,,8,,0909,,2273,,2727,,4091,,5455,,6818,,1481,,3297,,3925,,507,,6316,,7362
12,"altes_museum",,4,,5,,4,,6,,575,,6,,0833,,2083,,25,,4583,,5417,,6667,,1379,,2941,,3077,,5197,,5578,,6316
13,"amiens_cathedral",1,0,1,0,1,0,1,0,,975,,98,,2,,32,,48,,6,,72,,8,,3333,,4848,,6486,,75,,8283,,8809
14,"angkor_wat",1,0,1,0,,65,,6,,675,,74,,08,,24,,32,,4,,56,,64,,1481,,3871,,4289,,48,,6121,,6864
15,"ara_pacis",,8,,8,,9,,7333,,65,,66,,0909,,1818,,5,,5909,,6364,,6364,,1633,,2963,,6429,,6545,,6431,,648
16,"arc_de_triomphe",,4,,7,,85,,8,,8,,78,,0833,,1667,,375,,5417,,5833,,625,,1379,,2692,,5204,,646,,6747,,694
17,"aztec_ruins",,8,,9,,5,,4667,,4,,38,,08,,2,,24,,32,,36,,44,,1455,,3273,,3243,,3797,,3789,,4078
18,"berlin_cathedral",,8,,9,,95,,8,,825,,86,,12,,32,,48,,6,,64,,68,,2087,,4721,,6378,,6857,,7208,,7595
19,"bok_tower_gardens",1,0,1,0,,95,,9333,,875,,88,,12,,24,,36,,48,,64,,64,,2143,,3871,,5221,,634,,7393,,7411
20,"brandenburg_gate",1,0,1,0,1,0,1,0,1,0,,96,,16,,28,,28,,48,,64,,76,,2759,,4375,,4375,,6486,,7805,,8484
21,"cabrillo",,0,,3,,25,,1667,,2,,16,,0,,1538,,3077,,3077,,5385,,5385,,0,,2034,,2759,,2162,,2917,,2467
22,"casa_batllo",,4,,6,,8,,8667,,9,,92,,08,,24,,52,,64,,72,,8,,1333,,3429,,6303,,7363,,8,,8558
23,"casa_rosada",,8,,9,,9,,9333,,925,,92,,12,,2,,36,,52,,68,,76,,2087,,3273,,5143,,6679,,7838,,8324
24,"castillo_de_san_marcos",,0,,2,,4,,3333,,5,,56,,0,,04,,24,,24,,36,,52,,0,,0667,,3,,2791,,4186,,5393
25,"chartres_cathedral",1,0,,9,,95,,9667,,975,,96,,2,,28,,44,,6,,68,,72,,3333,,4271,,6014,,7404,,8012,,8229
26,"chichen_itza",,8,,8,,85,,8667,,875,,88,,16,,24,,36,,52,,6,,72,,2667,,3692,,5058,,65,,7119,,792
27,"christ_the_redeemer_rio",,4,,6,,55,,4667,,425,,5,,0435,,1739,,2174,,3478,,3913,,5652,,0784,,2697,,3116,,3986,,4075,,5306
28,"civic_center_san_francisco",,8,,5,,6,,6,,7,,76,,16,,16,,32,,48,,56,,72,,2667,,2424,,4174,,5333,,6222,,7395
29,"cologne_cathedral",,8,,9,,9,,9333,,925,,94,,16,,28,,48,,64,,64,,8,,2667,,4271,,6261,,7593,,7565,,8644
30,"colosseum",1,0,1,0,1,0,,9667,,85,,84,,16,,28,,36,,44,,48,,6,,2759,,4375,,5294,,6047,,6135,,7
31,"doge_s_palace",1,0,1,0,,8,,8667,,825,,86,,16,,28,,36,,4,,48,,52,,2759,,4375,,4966,,5474,,6069,,6481
32,"eiffel_tower",1,0,,9,,95,,9333,,925,,94,,12,,2,,28,,44,,56,,6,,2143,,3273,,4325,,5981,,6976,,7325
33,"golden_gate_bridge",1,0,,6,,55,,6667,,65,,66,,1739,,1739,,3043,,3913,,4783,,5217,,2963,,2697,,3919,,4932,,5511,,5828
34,"grand_palais",1,0,1,0,,9,,9333,,925,,94,,2273,,2727,,3636,,5455,,5909,,5909,,3704,,4286,,518,,6885,,7211,,7257
35,"guggenheim_museum_bilbao",1,0,1,0,,9,,9,,925,,94,,08,,24,,4,,48,,6,,68,,1481,,3871,,5538,,6261,,7279,,7891
36,"hagia_sophia_istanbul",1,0,,9,,95,,9667,,975,,94,,16,,28,,52,,6,,64,,68,,2759,,4271,,6721,,7404,,7728,,7891
37,"hoover_dam",1,0,,9,,9,,9,,925,,92,,2,,32,,44,,52,,64,,72,,3333,,4721,,591,,6592,,7565,,8078
38,"humayun_tomb",,8,,9,,8,,8,,7,,74,,16,,28,,48,,56,,6,,68,,2667,,4271,,6,,6588,,6462,,7087
39,"iguazu_falls",,4,,7,,85,,7333,,775,,82,,08,,2,,36,,44,,52,,56,,1333,,3111,,5058,,55,,6224,,6655
40,"iolani_palace",,8,,4,,2,,4333,,5,,52,,12,,12,,12,,24,,32,,44,,2087,,1846,,15,,3089,,3902,,4767
41,"la_mezquita",,8,,8,,65,,7333,,8,,78,,1667,,25,,375,,5,,5833,,625,,2759,,381,,4756,,5946,,6747,,694
42,"la_rambla_barcelona",,4,,7,,8,,8667,,9,,92,,08,,2,,28,,44,,44,,56,,1333,,3111,,4148,,5837,,591,,6962
43,"la_sainte_chapelle",1,0,1,0,,95,,9333,,95,,94,,2,,32,,44,,6,,64,,8,,3333,,4848,,6014,,7304,,7648,,8644
44,"liberty_memorial",,4,,6,,5,,5,,5,,56,,08,,16,,24,,28,,36,,4,,1333,,2526,,3243,,359,,4186,,4667
45,"lincoln_home",,6,,6,,8,,8,,85,,86,,1667,,2222,,5,,6111,,7778,,8333,,2609,,3243,,6154,,6929,,8123,,8465
46,"machu_picchu",1,0,1,0,,85,,8333,,8,,84,,16,,24,,28,,4,,48,,64,,2759,,3871,,4212,,5405,,6,,7265
47,"marble_arch_london",,2,,5,,6,,5,,45,,36,,0833,,3333,,5,,6667,,8333,,8333,,1176,,4,,5455,,5714,,5844,,5028
48,"milan_cathedral",1,0,,8,,9,,8,,85,,88,,2,,24,,44,,6,,72,,8,,3333,,3692,,591,,6857,,7796,,8381
49,"mole_antonelliana",1,0,,9,,7,,7667,,7,,76,,2,,32,,4,,48,,56,,64,,3333,,4721,,5091,,5904,,6222,,6949
50,"mont_saint_michel",,8,,9,,95,,9667,,95,,96,,16,,28,,36,,44,,44,,6,,2667,,4271,,5221,,6047,,6014,,7385
51,"moulin_rouge",,0,,0,,0,,1,,125,,12,,0,,0,,0,,25,,25,,375,,0,,0,,0,,1429,,1667,,1818
52,"nelson_s_column",1,0,1,0,1,0,1,0,1,0,,98,,1667,,3333,,4583,,5417,,6667,,75,,2857,,5,,6286,,7027,,8,,8497
53,"notre_dame_de_paris",1,0,1,0,,9,,8333,,85,,84,,16,,24,,36,,4,,6,,68,,2759,,3871,,5143,,5405,,7034,,7516
54,"obelisco",,2,,1,,05,,2,,15,,12,,0909,,0909,,0909,,1818,,1818,,1818,,125,,0952,,0645,,1905,,1644,,1446
55,"piccadilly_circus",,8,,8,,75,,8,,8,,78,,1739,,1739,,3478,,5652,,6522,,6957,,2857,,2857,,4752,,6624,,7186,,7354
56,"place_de_la_concorde",1,0,1,0,,95,,9667,,95,,96,,12,,24,,4,,48,,56,,64,,2143,,3871,,563,,6415,,7046,,768
57,"place_de_la_republique",,8,,5,,35,,2667,,25,,22,,5,,625,,625,,75,,875,,875,,6154,,5556,,4487,,3934,,3889,,3516
58,"place_des_vosges",1,0,1,0,,95,,9667,,875,,78,,16,,32,,52,,56,,6,,68,,2759,,4848,,6721,,7092,,7119,,7266
59,"pont_du_gard",1,0,,9,,9,,9333,,775,,74,,16,,24,,4,,56,,56,,64,,2759,,3789,,5538,,7,,6502,,6864
60,"pont_neuf",1,0,,9,,85,,7667,,775,,68,,12,,24,,4,,52,,64,,64,,2143,,3789,,544,,6197,,7011,,6594
61,"ponte_vecchio",,8,,8,,8,,7333,,75,,8,,125,,25,,3333,,4583,,5417,,625,,2162,,381,,4706,,5641,,629,,7018
62,"puerta_de_alcala",,6,,8,,8,,7333,,65,,64,,1579,,3684,,4737,,5263,,5789,,6842,,25,,5045,,595,,6128,,6124,,6614
63,"puerta_del_sol",,6,,4,,6,,4333,,45,,4,,1,,15,,35,,4,,45,,45,,1714,,2182,,4421,,416,,45,,4235
64,"red_fort",1,0,1,0,1,0,1,0,1,0,1,0,,2,,28,,4,,6,,76,,8,,3333,,4375,,5714,,75,,8636,,8889
65,"reims_cathedral",1,0,1,0,1,0,1,0,1,0,1,0,,2,,28,,44,,52,,6,,68,,3333,,4375,,6111,,6842,,75,,8095
66,"rialto_bridge",1,0,,8,,6,,7,,675,,62,,125,,1875,,25,,5,,5625,,625,,2222,,3038,,3529,,5833,,6136,,6225
67,"roman_forum_rome",,8,,7,,75,,7667,,825,,82,,12,,12,,32,,44,,6,,68,,2087,,2049,,4486,,5591,,6947,,7435
68,"sacre_coeur",1,0,,7,,7,,7667,,675,,64,,1667,,2083,,3333,,5,,5417,,5833,,2857,,3211,,4516,,6053,,601,,6104
69,"sagrada_familia",1,0,1,0,1,0,1,0,,975,,98,,04,,12,,4,,48,,6,,68,,0769,,2143,,5714,,6486,,7429,,8029
70,"santa_maria_novella",1,0,1,0,,75,,7,,575,,62,,12,,24,,32,,4,,44,,6,,2143,,3871,,4486,,5091,,4985,,6098
71,"schonbrunn_palace",1,0,,9,,95,,9667,,975,,96,,16,,24,,36,,56,,68,,72,,2759,,3789,,5221,,7092,,8012,,8229
72,"seville_cathedral",1,0,1,0,,85,,8667,,9,,92,,08,,2,,32,,52,,64,,68,,1481,,3333,,465,,65,,7481,,782
73,"spanish_steps",1,0,,9,,65,,6667,,625,,6,,1364,,2727,,3182,,4545,,5909,,6818,,24,,4186,,4272,,5405,,6075,,6383
74,"st__basil_cathedral",1,0,1,0,1,0,,9,,85,,88,,12,,24,,48,,56,,64,,76,,2143,,3871,,6486,,6904,,7302,,8156
75,"statue_of_liberty",,8,,9,,85,,7333,,8,,8,,04,,2,,32,,44,,6,,64,,0762,,3273,,465,,55,,6857,,7111
76,"stonehenge",1,0,,8,,75,,7667,,65,,64,,2105,,2105,,4737,,6842,,6842,,7368,,3478,,3333,,5806,,7231,,6667,,685
77,"summer_palace_beijing",,8,,9,,8,,8667,,9,,88,,08,,2,,4,,44,,48,,6,,1455,,3273,,5333,,5837,,6261,,7135
78,"sydney_opera_house",1,0,1,0,,95,,9667,,875,,9,,12,,24,,44,,52,,6,,6,,2143,,3871,,6014,,6762,,7119,,72
79,"teotihuacan",,6,,6,,6,,6333,,6,,6,,12,,2,,32,,48,,56,,6,,2,,3,,4174,,5461,,5793,,6
80,"terracotta_army",,6,,4,,25,,2667,,45,,5,,1,,15,,2,,3,,55,,55,,1714,,2182,,2222,,2824,,495,,5238
81,"the_blue_mosque",1,0,,9,,9,,9,,9,,9,,16,,24,,32,,44,,52,,56,,2759,,3789,,4721,,591,,6592,,6904
82,"the_henry_ford",,6,,7,,85,,8667,,9,,78,,08,,16,,28,,36,,52,,6,,1412,,2605,,4212,,5087,,6592,,6783
83,"taj_mahal",1,0,,7,,7,,8,,85,,88,,12,,2,,36,,52,,56,,64,,2143,,3111,,4755,,6303,,6752,,7411
84,"tour_montparnasse",,6,,7,,7,,5,,425,,38,,1,,2,,45,,45,,5,,5,,1714,,3111,,5478,,4737,,4595,,4318
85,"tower_bridge_london",,6,,4,,5,,5,,575,,48,,12,,16,,32,,32,,52,,52,,2,,2286,,3902,,3902,,5461,,4992
86,"trafalgar_square",,6,,6,,65,,5667,,5,,46,,1364,,2273,,4545,,4545,,5,,5,,2222,,3297,,535,,5045,,5,,4792
87,"leaning_tower_of_pisa",,8,,7,,7,,7333,,675,,66,,16,,24,,4,,48,,56,,6,,2667,,3574,,5091,,5802,,6121,,6286
88,"hermitage_museum_saint_petersburg",1,0,,8,,8,,7333,,775,,8,,2,,24,,32,,44,,56,,6,,3333,,3692,,4571,,55,,6502,,6857
89,"jantar_mantar_jaipur",,8,,8,,75,,8333,,875,,86,,12,,28,,48,,6,,68,,8,,2087,,4148,,5854,,6977,,7653,,8289
90,"lake_titicaca_peru",,4,,3,,5,,5667,,6,,58,,0833,,0833,,3333,,375,,5417,,625,,1379,,1304,,4,,4513,,5693,,6017
91,"the_great_wall_of_china",1,0,1,0,,9,,9,,9,,78,,2,,4,,48,,56,,6,,6,,3333,,5714,,6261,,6904,,72,,6783
92,"grande_arche_paris",,8,,8,,55,,6333,,7,,66,,16,,16,,24,,32,,44,,44,,2667,,2667,,3342,,4252,,5404,,528
93,"el_angel_mexico",,2,,4,,4,,3667,,275,,42,,0476,,1429,,2857,,3333,,3333,,5238,,0769,,2105,,3333,,3492,,3014,,4662
94,"bibliotheque_nationale_de_france",,8,,9,,7,,7333,,725,,76,,16,,28,,36,,48,,6,,68,,2667,,4271,,4755,,5802,,6566,,7178
95,"kronborg_castle",,8,,7,,6,,6333,,625,,7,,125,,2083,,375,,4583,,5417,,5417,,2162,,3211,,4615,,5318,,5804,,6107
96,"ajanta_caves",1,0,1,0,1,0,,9,,925,,92,,1364,,3182,,5455,,5455,,6364,,6364,,24,,4828,,7059,,6792,,754,,7523
97,"atomium",1,0,,9,,9,,9333,,95,,94,,1429,,2857,,381,,4762,,4762,,4762,,25,,4337,,5353,,6306,,6344,,6321
98,"ellora_caves",,8,,9,,95,,9333,,95,,96,,1364,,2273,,3182,,4545,,5,,5,,233,,3629,,4767,,6114,,6552,,6575
99,"potala_palace",,8,,9,,85,,8,,775,,78,,1667,,2778,,3889,,4444,,5556,,7222,,2759,,4245,,5336,,5714,,6472,,75
100,"jokhang",1,0,1,0,,9,,8333,,875,,78,,16,,28,,36,,56,,68,,72,,2759,,4375,,5143,,6699,,7653,,7488
101,"rila_monastery",1,0,1,0,1,0,,9667,,975,,94,,08,,2,,36,,36,,44,,48,,1481,,3333,,5294,,5246,,6064,,6355
102,"louvre_pyramid",,4,,7,,85,,9,,925,,9,,0556,,1111,,3333,,4444,,5,,5556,,0976,,1918,,4789,,595,,6491,,687
103,"brooklyn_bridge",,4,,6,,8,,8333,,875,,88,,0952,,1429,,381,,4286,,5238,,5714,,1538,,2308,,5161,,566,,6553,,6929
104,"tower_of_london",,4,,4,,65,,7333,,7,,7,,0435,,1304,,2174,,3478,,3913,,5217,,0784,,1967,,3258,,4718,,502,,5979
105,"british_museum_london",1,0,1,0,1,0,1,0,,975,,98,,2,,25,,3,,5,,6,,6,,3333,,4,,4615,,6667,,7429,,7443
106,"buckingham_palace",,8,,9,,8,,6,,575,,58,,1,,15,,2,,25,,3,,4,,1778,,2571,,32,,3529,,3943,,4735
107,"charles_bridge_prague",1,0,,9,,65,,6667,,5,,52,,1667,,25,,3333,,4167,,4167,,5417,,2857,,3913,,4407,,5128,,4545,,5306
108,"champs_elysees_paris",1,0,1,0,,65,,7,,65,,58,,0667,,0667,,2,,4,,4667,,5333,,125,,125,,3059,,5091,,5433,,5557
109,"chrysler_building",1,0,1,0,1,0,1,0,,975,,98,,2857,,3571,,4286,,5714,,7143,,8571,,4444,,5263,,6,,7273,,8245,,9145
110,"moma_new_york",1,0,,9,,9,,8,,825,,86,,2105,,2632,,3684,,4211,,4737,,5789,,3478,,4072,,5228,,5517,,6018,,692
111,"grand_central_terminal",1,0,1,0,1,0,1,0,,975,,98,,0952,,0952,,1429,,4286,,5714,,619,,1739,,1739,,25,,6,,7206,,7588
112,"houses_of_parliament",1,0,,9,,9,,9,,925,,94,,1739,,3043,,4348,,4783,,5217,,6087,,2963,,4549,,5863,,6246,,6672,,7389
113,"alexanderplatz_berlin",,0,,0,,45,,6,,625,,6,,0,,0,,24,,44,,52,,56,,0,,0,,313,,5077,,5677,,5793
114,"centre_pompidou",,8,,9,,9,,7333,,775,,76,,1667,,1667,,3333,,3889,,6111,,7222,,2759,,2812,,4865,,5083,,6834,,7406
115,"sydney_harbour_bridge",1,0,1,0,,95,,9667,,975,,98,,25,,3125,,4375,,5625,,6875,,75,,4,,4762,,5991,,7112,,8064,,8497
116,"pier_39",1,0,1,0,1,0,1,0,,925,,92,,1905,,2381,,4286,,4286,,5714,,6667,,32,,3846,,6,,6,,7064,,7731
117,"coit_tower",,4,,3,,45,,6,,6,,56,,1333,,1333,,2667,,4,,6,,6,,2,,1846,,3349,,48,,6,,5793
118,"st_paul_s_cathedral_london",,6,,7,,75,,8333,,875,,86,,1765,,4118,,6471,,6471,,7647,,7647,,2727,,5185,,6947,,7285,,8161,,8096
119,"cloud_gate",1,0,,6,,4,,5,,55,,62,,25,,25,,25,,4167,,4167,,5833,,4,,3529,,3077,,4545,,4741,,6011
120,"musee_d_orsay",1,0,,9,,95,,9333,,925,,92,,1905,,2857,,4286,,5238,,6667,,7143,,32,,4337,,5907,,671,,7749,,8042
121,"pike_place_market",1,0,1,0,,95,,9333,,85,,86,,1905,,2381,,381,,4762,,5238,,5714,,32,,3846,,5438,,6306,,6482,,6866
122,"royal_palace_madrid",1,0,,8,,7,,8,,85,,86,,1818,,2727,,4091,,5455,,5909,,6364,,3077,,4068,,5164,,6486,,6972,,7315
123,"sony_center_berlin",1,0,1,0,,95,,9667,,95,,92,,0476,,1905,,2381,,3333,,4286,,4762,,0909,,32,,3808,,4957,,5907,,6276
124,"red_square_moscow",,8,,9,,75,,6,,575,,66,,1905,,2381,,381,,4762,,5238,,5238,,3077,,3766,,5053,,531,,5482,,5841
125,"prague_castle",1,0,1,0,,95,,9333,,925,,92,,16,,28,,48,,68,,76,,84,,2759,,4375,,6378,,7868,,8344,,8782
126,"musee_du_louvre",1,0,1,0,1,0,1,0,1,0,1,0,,16,,2,,48,,6,,68,,72,,2759,,3333,,6486,,75,,8095,,8372
127,"millennium_bridge_london",,8,,8,,8,,7333,,75,,78,,12,,2,,36,,4,,44,,48,,2087,,32,,4966,,5176,,5546,,5943
128,"casa_mila",1,0,1,0,,9,,9333,,95,,96,,2,,32,,48,,52,,6,,64,,3333,,4848,,6261,,6679,,7355,,768
129,"national_gallery_london",1,0,1,0,,8,,8667,,725,,74,,1364,,2727,,3636,,5,,5,,5909,,24,,4286,,5,,6341,,5918,,6571
130,"national_mall",1,0,1,0,,8,,8333,,7,,74,,16,,32,,44,,64,,68,,76,,2759,,4848,,5677,,724,,6899,,7499
131,"london_city_hall",,8,,8,,8,,7333,,8,,82,,15,,25,,4,,5,,65,,7,,2526,,381,,5333,,5946,,7172,,7553
132,"holocaust_memorial",,6,,7,,85,,7667,,7,,62,,1875,,375,,5,,625,,6875,,75,,2857,,4884,,6296,,6886,,6937,,6788
133,"columbus_circle",,4,,4,,6,,4333,,5,,52,,08,,12,,4,,4,,56,,68,,1333,,1846,,48,,416,,5283,,5893
134,"siegessaeule",1,0,1,0,1,0,,9,,8,,72,,16,,2,,44,,64,,72,,72,,2759,,3333,,6111,,7481,,7579,,72
135,"jardin_du_luxembourg",1,0,1,0,1,0,1,0,,975,,88,,16,,24,,44,,68,,76,,8,,2759,,3871,,6111,,8095,,8542,,8381
136,"merlion_singapore",,6,,4,,25,,2,,325,,4,,1364,,1818,,2273,,2727,,4545,,5,,2222,,25,,2381,,2308,,379,,4444
137,"harrods_london",,8,,9,,95,,9667,,875,,84,,12,,24,,36,,44,,56,,64,,2087,,3789,,5221,,6047,,6829,,7265
138,"metropolitan_museum_of_art_new_york",1,0,1,0,1,0,1,0,1,0,1,0,,16,,32,,52,,64,,72,,72,,2759,,4848,,6842,,7805,,8372,,8372
139,"new_york_stock_exchange",,6,,8,,8,,5333,,525,,52,,15,,25,,4,,4,,45,,45,,24,,381,,5333,,4571,,4846,,4825
140,"stephansdom_vienna",1,0,1,0,,95,,9667,,975,,96,,16,,28,,44,,6,,76,,76,,2759,,4375,,6014,,7404,,8542,,8484
141,"hms_belfast",1,0,1,0,1,0,,9667,,925,,94,,2,,2,,36,,48,,64,,76,,3333,,3333,,5294,,6415,,7565,,8405
142,"leicester_square",,8,,5,,75,,7333,,775,,72,,12,,16,,28,,4,,52,,56,,2087,,2424,,4078,,5176,,6224,,63
143,"ciudad_de_las_artes_y_las_ciencias",,8,,9,,9,,9333,,95,,94,,16,,2,,4,,6,,6,,64,,2667,,3273,,5538,,7304,,7355,,7615
144,"topkapi_palace",1,0,1,0,,95,,9667,,95,,96,,2,,24,,4,,44,,64,,72,,3333,,3871,,563,,6047,,7648,,8229
145,"royal_albert_hall",1,0,,5,,7,,7333,,65,,66,,16,,16,,36,,44,,52,,6,,2759,,2424,,4755,,55,,5778,,6286
146,"st_vitus_cathedral",1,0,,9,,95,,9667,,95,,92,,2,,28,,44,,52,,56,,64,,3333,,4271,,6014,,6762,,7046,,7549
147,"castello_sforzesco",1,0,1,0,1,0,,8667,,875,,88,,16,,2,,4,,4,,44,,52,,2759,,3333,,5714,,5474,,5856,,6537
148,"rijksmuseum_amsterdam",1,0,1,0,1,0,1,0,1,0,,96,,12,,16,,16,,36,,56,,64,,2143,,2759,,2759,,5294,,7179,,768
149,"dam_square",,8,,5,,5,,6333,,625,,62,,16,,2,,32,,4,,4,,44,,2667,,2857,,3902,,4903,,4878,,5147
150,"rathaus_vienna",,6,,7,,75,,6667,,75,,68,,12,,24,,36,,44,,44,,44,,2,,3574,,4865,,5301,,5546,,5343
151,"bath_abbey",1,0,1,0,,95,,9667,,975,,9,,16,,28,,36,,4,,56,,64,,2759,,4375,,5221,,5659,,7114,,7481
152,"salisbury_cathedral",1,0,1,0,1,0,1,0,1,0,,98,,12,,28,,44,,48,,52,,56,,2143,,4375,,6111,,6486,,6842,,7127
153,"templo_de_debod",,0,,0,,2,,2667,,375,,42,,0,,0,,1818,,1818,,3636,,4545,,0,,0,,1905,,2162,,3692,,4366
154,"Niagara_Falls",,4,,4,,5,,5667,,55,,54,,0455,,1364,,3182,,4545,,5,,5,,0816,,2034,,3889,,5045,,5238,,5192
155,"Golden_Gate_Bridge_in_San_Francisco",1,0,,9,,85,,8667,,9,,92,,2273,,2727,,3636,,4545,,5909,,6364,,3704,,4186,,5094,,5963,,7134,,7523
156,"Neuschwanstein_Castle",1,0,1,0,,95,,9667,,975,,96,,16,,32,,4,,52,,52,,6,,2759,,4848,,563,,6762,,6783,,7385
157,"Christ_Church_Cathedral_Missouri",1,0,1,0,,95,,9667,,975,,98,,2,,32,,4,,48,,6,,68,,3333,,4848,,563,,6415,,7429,,8029
158,"Mount_Rushmore_in_South_Dakota",1,0,1,0,,9,,9333,,925,,88,,12,,16,,36,,36,,52,,52,,2143,,2759,,5143,,5196,,6657,,6537
159,"Puerta_de_Toledo",,0,,0,,05,,0333,,025,,02,,0,,0,,5,,5,,5,,5,,0,,0,,0909,,0625,,0476,,0385
160,"Urquhart_Castle",1,0,,9,,85,,8,,85,,8,,125,,25,,4167,,5417,,5833,,6667,,2222,,3913,,5592,,646,,6919,,7273
161,"Gare_du_Nord_Paris",,8,,8,,65,,7667,,825,,86,,16,,2,,28,,32,,32,,44,,2667,,32,,3914,,4515,,4611,,5822
162,"Newgrange_in_Ireland",1,0,,8,,7,,6667,,625,,62,,125,,2083,,3333,,4167,,5,,5,,2222,,3306,,4516,,5128,,5556,,5536
163,"Windmills_at_Kinderdijk",1,0,1,0,,95,,9333,,8,,8,,2,,28,,36,,48,,48,,52,,3333,,4375,,5221,,634,,6,,6303
164,"Conciergerie",1,0,,9,,95,,9667,,975,,98,,12,,2,,4,,56,,68,,76,,2143,,3273,,563,,7092,,8012,,8561
165,"Palazzo_Madama",1,0,,8,,8,,7333,,65,,66,,2273,,3182,,5455,,6364,,7273,,7273,,3704,,4553,,6486,,6814,,6865,,692
166,"Split_Rock_Lighthouse",,8,,9,,9,,9333,,95,,96,,12,,2,,28,,4,,4,,52,,2087,,3273,,4271,,56,,563,,6746
167,"The_Little_Mermaid_Denmark",1,0,1,0,1,0,1,0,1,0,,88,,2143,,4286,,6429,,7857,,8571,,8571,,3529,,6,,7826,,88,,9231,,8684
168,"Great_Pyramid_of_Giza",,6,,5,,55,,5333,,6,,5,,1333,,2667,,4,,4,,5333,,6,,2182,,3478,,4632,,4571,,5647,,5455
169,"Pitti_Palace",,8,,8,,85,,9,,85,,76,,0909,,2273,,4545,,5,,5455,,5455,,1633,,354,,5923,,6429,,6645,,6351
170,"Georgia_State_Capitol",,4,,7,,6,,4333,,325,,26,,1053,,2632,,2632,,2632,,2632,,2632,,1667,,3825,,3659,,3275,,2908,,2616
171,"Dome_des_Invalides",1,0,1,0,1,0,1,0,1,0,,98,,12,,2,,32,,44,,52,,52,,2143,,3333,,4848,,6111,,6842,,6795
172,"Reggia_di_Caserta",,6,,7,,65,,5667,,55,,52,,08,,24,,44,,48,,52,,6,,1412,,3574,,5248,,5197,,5346,,5571
173,"The_Burj_al_Arab_Hotel",1,0,,9,,85,,8,,8,,84,,16,,2,,4,,52,,6,,68,,2759,,3273,,544,,6303,,6857,,7516
174,"Elephanta_Caves",1,0,1,0,1,0,1,0,,975,,96,,1667,,25,,4583,,5833,,6667,,7083,,2857,,4,,6286,,7368,,7919,,8152
175,"Basilica_of_Santa_Croce",1,0,1,0,,95,,9667,,975,,98,,2,,28,,56,,6,,68,,68,,3333,,4375,,7046,,7404,,8012,,8029
176,"Aachen_Cathedral",,8,,9,,85,,8,,85,,88,,16,,24,,32,,36,,44,,56,,2667,,3789,,465,,4966,,5798,,6844
177,"Monument_to_the_Great_Fire_of_London",,6,,8,,8,,6,,65,,68,,12,,24,,52,,52,,56,,68,,2,,3692,,6303,,5571,,6017,,68
178,"Longmen_Grottoes",,6,,7,,6,,5667,,55,,54,,12,,24,,32,,48,,64,,68,,2,,3574,,4174,,5197,,5916,,602
179,"Louisiana_State_Capitol",,2,,2,,55,,4667,,375,,36,,04,,08,,32,,32,,36,,44,,0667,,1143,,4046,,3797,,3673,,396
180,"The_Great_Sphinx_at_Giza",1,0,,9,,85,,8667,,875,,88,,16,,16,,36,,6,,64,,72,,2759,,2717,,5058,,7091,,7393,,792
181,"Teatro_Real_Madrid",1,0,,7,,65,,7333,,65,,66,,2174,,3043,,4783,,6522,,6957,,7826,,3571,,4242,,5511,,6904,,6721,,7161
182,"Palacio_de_la_Magdalena",,6,,8,,85,,8,,8,,8,,12,,28,,44,,56,,64,,64,,2,,4148,,5798,,6588,,7111,,7111
183,"Sowjetisches_Ehrenmal",,4,,7,,7,,6667,,75,,78,,08,,24,,4,,52,,56,,68,,1333,,3574,,5091,,5843,,6412,,7266
184,"Cathedral_of_Trier",1,0,,9,,9,,8,,8,,82,,2,,28,,48,,6,,72,,84,,3333,,4271,,6261,,6857,,7579,,8299
185,"Saint_Mary_of_the_Flower",1,0,,8,,8,,7,,55,,44,,2,,28,,32,,32,,36,,36,,3333,,4148,,4571,,4392,,4352,,396
186,"Skellig_Michael",,6,,7,,7,,7,,65,,66,,12,,2,,36,,48,,52,,52,,2,,3111,,4755,,5695,,5778,,5817
187,"Chicago_Board_of_Trade_Building",1,0,1,0,,9,,8,,8,,74,,1818,,3636,,5455,,6364,,6364,,6818,,3077,,5333,,6792,,7089,,7089,,7097
188,"Pont_de_Normandie_France",1,0,1,0,,75,,8,,85,,8,,2105,,2632,,4211,,5789,,7895,,9474,,3478,,4167,,5393,,6718,,8186,,8675
189,"Palazzo_Rosso",,0,,0,,1,,1333,,1,,08,,0,,0,,0833,,125,,125,,125,,0,,0,,0909,,129,,1111,,0976
190,"Piazza_Vittorio_Veneto",,6,,7,,65,,6333,,525,,52,,1875,,4375,,5,,5625,,625,,6875,,2857,,5385,,5652,,5958,,5707,,5921
191,"Sforza_Castle",1,0,1,0,1,0,,9333,,95,,9,,16,,28,,44,,52,,52,,56,,2759,,4375,,6111,,6679,,6721,,6904
192,"Torres_KIO",,6,,8,,85,,8667,,9,,8,,08,,24,,36,,44,,52,,52,,1412,,3692,,5058,,5837,,6592,,6303
193,"Torre_Picasso",1,0,1,0,1,0,,9667,,75,,7,,2083,,375,,5417,,625,,625,,6667,,3448,,5455,,7027,,7592,,6818,,6829
194,"The_Palace_of_Parliament_in_Bucharest",1,0,1,0,1,0,,9667,,975,,9,,16,,32,,48,,52,,64,,64,,2759,,4848,,6486,,6762,,7728,,7481
195,"Ernest_Hemingway_House",1,0,,9,,9,,8,,775,,76,,2,,24,,44,,56,,6,,64,,3333,,3789,,591,,6588,,6764,,6949
196,"Castel_dellOvo_Napoli",1,0,1,0,,9,,8667,,85,,8,,16,,28,,6,,68,,72,,72,,2759,,4375,,72,,7621,,7796,,7579
197,"Villa_Borghese_gardens",1,0,1,0,1,0,1,0,1,0,1,0,,2,,28,,48,,6,,68,,68,,3333,,4375,,6486,,75,,8095,,8095
198,"Saint_Marks_Basilica",1,0,1,0,1,0,1,0,1,0,1,0,,16,,24,,36,,4,,4,,4,,2759,,3871,,5294,,5714,,5714,,5714
199,"Mausoleum_of_the_First_Qin_Emperor",1,0,1,0,,85,,7667,,8,,78,,2,,28,,4,,52,,56,,68,,3333,,4375,,544,,6197,,6588,,7266
200,"Mausoleum_of_Hadrian",,8,,7,,4,,5333,,6,,58,,1667,,2222,,2222,,3889,,4444,,5556,,2759,,3373,,2857,,4498,,5106,,5675
201,"Piazza_de_Ferrari",,8,,9,,9,,9,,9,,9,,1053,,1579,,2632,,3684,,5263,,6316,,186,,2687,,4072,,5228,,6642,,7423
202,"George_Washington_Carver",,6,,7,,65,,5,,525,,6,,125,,25,,375,,375,,5,,5625,,2069,,3684,,4756,,4286,,5122,,5806
203,"Cathedral_of_Santiago_de_Compostela",1,0,,9,,95,,9333,,9,,82,,2941,,4706,,7059,,8235,,8824,,8824,,4545,,618,,8099,,875,,8911,,85
204,"Saint-Jacques_Tower",1,0,,9,,8,,7667,,775,,8,,3077,,3077,,4615,,6154,,6923,,8462,,4706,,4586,,5854,,6827,,7313,,8224
205,"Calakmul_Campeche_Mexico",,6,,7,,85,,8667,,8,,78,,1429,,2143,,5,,6429,,6429,,6429,,2308,,3281,,6296,,7382,,7129,,7048
206,"Bran_Castle_in_Transylvania",,8,,9,,9,,8667,,825,,84,,2105,,3684,,6316,,6842,,7368,,7895,,3333,,5228,,7423,,7647,,7784,,814
207,"Mosteiro_da_Batalha",1,0,1,0,1,0,1,0,1,0,1,0,,2105,,3158,,4737,,5263,,6316,,6842,,3478,,48,,6429,,6897,,7742,,8125
208,"Wartburg_Castle",1,0,1,0,,85,,9,,875,,9,,2,,35,,45,,65,,7,,8,,3333,,5185,,5885,,7548,,7778,,8471
209,"Fujian_Tulou_Fujian_China",1,0,1,0,1,0,,9667,,975,,98,,2778,,4444,,6111,,6667,,6667,,7222,,4348,,6154,,7586,,7891,,7919,,8316
210,"Alabama_State_Capitol",,4,,5,,75,,8,,675,,72,,0952,,2381,,619,,7143,,7143,,7619,,1538,,3226,,6783,,7547,,6941,,7404
211,"Palazzo_dAccursio",1,0,,8,,8,,8333,,775,,74,,1667,,2222,,2778,,5,,5556,,6111,,2857,,3478,,4124,,625,,6472,,6694
212,"Casa_Grande_Ruins",,6,,6,,8,,8667,,9,,88,,1765,,2941,,3529,,5294,,5882,,5882,,2727,,3947,,4898,,6573,,7115,,7051
213,"Stravinsky_Fountain",1,0,,9,,95,,9667,,95,,9,,1333,,2,,4,,5333,,6,,6,,2353,,3273,,563,,6874,,7355,,72
214,"Angel_Falls_Venezuela",,0,,3,,35,,4,,4,,42,,0,,1176,,3529,,4118,,5882,,6471,,0,,169,,3515,,4058,,4762,,5094
215,"Statue_of_George_IV",,8,,7,,55,,5333,,5,,46,,375,,375,,625,,75,,875,,875,,5106,,4884,,5851,,6234,,6364,,603
216,"Palacio_Barolo",1,0,1,0,,85,,8333,,825,,86,,1765,,3529,,4706,,7059,,7059,,7647,,3,,5217,,6058,,7643,,7608,,8096
217,"Bridge_of_Remembrance_Christchurch_New_Zealand",,8,,6,,7,,7667,,7,,76,,25,,4167,,6667,,75,,75,1,0,,381,,4918,,6829,,7582,,7241,,8636
218,"John_A._Roebling_Suspension_Bridge",1,0,,8,,45,,4333,,5,,5,,2,,3333,,3333,,3333,,5333,,6,,3333,,4706,,383,,3768,,5161,,5455
219,"Blue_Dome_Santorini",1,0,1,0,,95,,9667,,875,,88,,3125,,375,,625,,625,,6875,,75,,4762,,5455,,754,,7592,,77,,8098
220,"Fossar_de_les_Moreres",,6,,6,,5,,6,,525,,44,,2143,,4286,,5714,,6429,,6429,,6429,,3158,,5,,5333,,6207,,578,,5224
221,"Luxor_Obelisk_France",,4,,6,,7,,6333,,7,,76,,0625,,1875,,3125,,3125,,375,,5,,1081,,2857,,4321,,4185,,4884,,6032
222,"Valle_de_los_Caidos",1,0,,9,,9,,8333,,875,,88,,25,,3,,55,,55,,65,,7,,4,,45,,6828,,6627,,7459,,7797
--------------------
"--","Avg.",P@5,P@10,P@20,P@30,P@40,P@50,CR@5,CR@10,CR@20,CR@30,CR@40,CR@50,F1@5,F1@10,F1@20,F1@30,F1@40,F1@50
,,,8081,,7959,,7788,,7716,,7648,,7592,,1479,,2402,,3866,,4898,,5716,,6322,,2463,,3625,,5058,,5883,,6419,,6771