--------------------
"Run name","output_runCEDDSumSquaredError"
--------------------
"Average P@20 = ",,7784
"Average CR@20 = ",,3892
"Average F1@20 = ",,5084
--------------------
"Query Id ","Location name",P@5,P@10,P@20,P@30,P@40,P@50,CR@5,CR@10,CR@20,CR@30,CR@40,CR@50,F1@5,F1@10,F1@20,F1@30,F1@40,F1@50
1,"angel_of_the_north",,8,,8,,9,,9333,,95,,96,,16,,28,,44,,52,,6,,72,,2667,,4148,,591,,6679,,7355,,8229
2,"big_ben",1,0,1,0,,9,,7667,,825,,8,,1818,,3182,,4545,,5,,5455,,5909,,3077,,4828,,604,,6053,,6567,,6797
3,"hearst_castle",,8,,9,,9,,9333,,95,,92,,1667,,375,,5833,,75,,8333,,875,,2759,,5294,,7079,,8317,,8879,,8969
4,"la_madeleine",1,0,,8,,65,,5,,375,,4,,2857,,2857,,3571,,3571,,3571,,5,,4444,,4211,,461,,4167,,3659,,4444
5,"pont_alexandre_iii",1,0,1,0,1,0,,9667,,975,,96,,16,,28,,48,,56,,6,,68,,2759,,4375,,6486,,7092,,7429,,7961
6,"neues_museum",,6,,4,,2,,3333,,5,,6,,04,,08,,08,,24,,48,,56,,075,,1333,,1143,,2791,,4898,,5793
7,"montezuma_castle",1,0,,8,,6,,4333,,475,,56,,3333,,4167,,5,,5,,6667,,75,,5,,5479,,5455,,4643,,5547,,6412
8,"cn_tower",,4,,4,,55,,5667,,625,,68,,0833,,125,,3333,,4583,,5417,,625,,1379,,1905,,4151,,5068,,5804,,6513
9,"acropolis_athens",1,0,1,0,,95,,9667,,95,,9,,2381,,2857,,381,,4762,,5238,,5714,,3846,,4444,,5438,,6381,,6753,,699
10,"agra_fort",1,0,,9,,85,,8667,,9,,88,,16,,28,,48,,56,,6,,72,,2759,,4271,,6135,,6804,,72,,792
11,"albert_memorial",,2,,6,,65,,7,,75,,78,,0455,,1818,,2273,,3636,,4545,,5909,,0741,,2791,,3368,,4786,,566,,6724
12,"altes_museum",,4,,5,,4,,6,,6,,58,,0833,,2083,,25,,5,,5833,,6667,,1379,,2941,,3077,,5455,,5915,,6203
13,"amiens_cathedral",1,0,1,0,,95,,9333,,925,,94,,2,,32,,44,,64,,68,,8,,3333,,4848,,6014,,7593,,7838,,8644
14,"angkor_wat",1,0,,9,,65,,6,,675,,74,,12,,2,,32,,4,,56,,56,,2143,,3273,,4289,,48,,6121,,6375
15,"ara_pacis",,8,,8,,9,,7333,,675,,66,,1364,,2273,,5,,5909,,6364,,6364,,233,,354,,6429,,6545,,6551,,648
16,"arc_de_triomphe",,4,,6,,8,,7333,,75,,74,,0833,,2083,,375,,4583,,5417,,625,,1379,,3093,,5106,,5641,,629,,6777
17,"aztec_ruins",1,0,1,0,,55,,5,,425,,42,,12,,28,,28,,36,,4,,44,,2143,,4375,,3711,,4186,,4121,,4298
18,"berlin_cathedral",1,0,1,0,1,0,,8333,,85,,88,,12,,28,,52,,6,,64,,68,,2143,,4375,,6842,,6977,,7302,,7672
19,"bok_tower_gardens",1,0,1,0,,95,,9667,,9,,88,,12,,24,,4,,52,,68,,68,,2143,,3871,,563,,6762,,7747,,7672
20,"brandenburg_gate",1,0,,9,,95,,9667,,975,,94,,16,,2,,28,,44,,56,,68,,2759,,3273,,4325,,6047,,7114,,7891
21,"cabrillo",,0,,2,,2,,1333,,175,,14,,0,,1538,,3077,,3077,,5385,,5385,,0,,1739,,2424,,186,,2642,,2222
22,"casa_batllo",,6,,7,,85,,9,,925,,94,,12,,28,,48,,6,,68,,76,,2,,4,,6135,,72,,7838,,8405
23,"casa_rosada",1,0,1,0,,85,,9,,9,,9,,16,,28,,28,,48,,64,,76,,2759,,4375,,4212,,6261,,7481,,8241
24,"castillo_de_san_marcos",,0,,1,,4,,3667,,525,,58,,0,,04,,28,,32,,48,,6,,0,,0571,,3294,,3417,,5015,,5898
25,"chartres_cathedral",1,0,,9,,95,,9667,,975,,96,,16,,24,,4,,52,,6,,64,,2759,,3789,,563,,6762,,7429,,768
26,"chichen_itza",,8,,8,,85,,8667,,875,,88,,16,,24,,36,,52,,6,,72,,2667,,3692,,5058,,65,,7119,,792
27,"christ_the_redeemer_rio",,6,,6,,55,,4667,,425,,48,,087,,1739,,2174,,3478,,3913,,5652,,1519,,2697,,3116,,3986,,4075,,5191
28,"civic_center_san_francisco",,8,,6,,65,,6667,,725,,78,,16,,2,,36,,48,,56,,72,,2667,,3,,4634,,5581,,6319,,7488
29,"cologne_cathedral",,8,,9,,9,,9333,,925,,94,,16,,28,,44,,6,,6,,76,,2667,,4271,,591,,7304,,7279,,8405
30,"colosseum",1,0,1,0,1,0,,9667,,825,,84,,16,,28,,44,,56,,6,,68,,2759,,4375,,6111,,7092,,6947,,7516
31,"doge_s_palace",1,0,1,0,,8,,8667,,825,,86,,12,,24,,32,,32,,4,,52,,2143,,3871,,4571,,4674,,5388,,6481
32,"eiffel_tower",1,0,1,0,1,0,1,0,,975,,98,,16,,24,,36,,44,,56,,6,,2759,,3871,,5294,,6111,,7114,,7443
33,"golden_gate_bridge",,8,,5,,45,,6,,625,,68,,1304,,1304,,2609,,3913,,5652,,6087,,2243,,2069,,3303,,4737,,5936,,6424
34,"grand_palais",1,0,1,0,,9,,9,,9,,88,,1364,,1818,,3182,,3636,,4091,,4545,,24,,3077,,4701,,518,,5625,,5995
35,"guggenheim_museum_bilbao",1,0,1,0,,95,,8667,,9,,92,,08,,2,,4,,48,,6,,72,,1481,,3333,,563,,6178,,72,,8078
36,"hagia_sophia_istanbul",1,0,,9,,95,,9667,,975,,94,,16,,32,,48,,56,,64,,68,,2759,,4721,,6378,,7092,,7728,,7891
37,"hoover_dam",1,0,,9,,9,,9,,925,,92,,2,,32,,4,,52,,64,,72,,3333,,4721,,5538,,6592,,7565,,8078
38,"humayun_tomb",,6,,8,,8,,7667,,7,,76,,12,,24,,36,,48,,6,,64,,2,,3692,,4966,,5904,,6462,,6949
39,"iguazu_falls",,4,,7,,8,,8333,,875,,82,,04,,16,,36,,48,,6,,6,,0727,,2605,,4966,,6091,,7119,,693
40,"iolani_palace",1,0,,5,,25,,5,,55,,56,,12,,12,,12,,32,,4,,52,,2143,,1935,,1622,,3902,,4632,,5393
41,"la_mezquita",,8,,7,,65,,7333,,775,,76,,1667,,2083,,375,,5,,5417,,5833,,2759,,3211,,4756,,5946,,6377,,66
42,"la_rambla_barcelona",,4,,7,,8,,8667,,9,,92,,08,,2,,32,,44,,44,,52,,1333,,3111,,4571,,5837,,591,,6644
43,"la_sainte_chapelle",1,0,1,0,,95,,9333,,95,,94,,2,,32,,44,,64,,64,,76,,3333,,4848,,6014,,7593,,7648,,8405
44,"liberty_memorial",,4,,5,,55,,6,,65,,68,,04,,08,,24,,4,,44,,52,,0727,,1379,,3342,,48,,5248,,5893
45,"lincoln_home",,4,,6,,8,,8,,85,,86,,1111,,2778,,5,,5556,,7778,,8333,,1739,,3797,,6154,,6557,,8123,,8465
46,"machu_picchu",1,0,,9,,85,,8333,,75,,8,,12,,24,,32,,44,,48,,6,,2143,,3789,,465,,5759,,5854,,6857
47,"marble_arch_london",,4,,5,,6,,5,,45,,36,,1667,,3333,,5,,6667,,8333,,8333,,2353,,4,,5455,,5714,,5844,,5028
48,"milan_cathedral",1,0,,9,,95,,8333,,875,,9,,2,,36,,6,,68,,68,,68,,3333,,5143,,7355,,7489,,7653,,7747
49,"mole_antonelliana",1,0,,9,,85,,8333,,7,,72,,2,,28,,32,,44,,44,,48,,3333,,4271,,465,,5759,,5404,,576
50,"mont_saint_michel",1,0,1,0,1,0,,9667,,95,,96,,12,,28,,36,,48,,48,,56,,2143,,4375,,5294,,6415,,6378,,7074
51,"moulin_rouge",,0,,0,,0,,0667,,125,,12,,0,,0,,0,,25,,375,,5,,0,,0,,0,,1053,,1875,,1935
52,"nelson_s_column",1,0,1,0,1,0,1,0,1,0,1,0,,2083,,3333,,4583,,5,,5833,,7083,,3448,,5,,6286,,6667,,7368,,8293
53,"notre_dame_de_paris",1,0,1,0,,9,,8667,,875,,86,,12,,2,,32,,36,,56,,56,,2143,,3333,,4721,,5087,,6829,,6783
54,"obelisco",,4,,2,,15,,2333,,175,,18,,1818,,1818,,1818,,2727,,2727,,3636,,25,,1905,,1644,,2515,,2132,,2408
55,"piccadilly_circus",,8,,7,,75,,7667,,775,,76,,1739,,1739,,3478,,5217,,6087,,6522,,2857,,2786,,4752,,6209,,6819,,702
56,"place_de_la_concorde",1,0,1,0,1,0,1,0,,975,,98,,12,,24,,32,,48,,56,,56,,2143,,3871,,4848,,6486,,7114,,7127
57,"place_de_la_republique",,4,,3,,4,,2667,,225,,22,,25,,375,,75,,75,,75,,75,,3077,,3333,,5217,,3934,,3462,,3402
58,"place_des_vosges",1,0,1,0,,95,,9667,,875,,78,,16,,32,,48,,52,,56,,64,,2759,,4848,,6378,,6762,,6829,,7031
59,"pont_du_gard",1,0,,9,,9,,9333,,8,,74,,16,,24,,44,,56,,56,,64,,2759,,3789,,591,,7,,6588,,6864
60,"pont_neuf",1,0,,9,,85,,7333,,75,,64,,16,,24,,4,,48,,64,,64,,2759,,3789,,544,,5802,,6906,,64
61,"ponte_vecchio",1,0,,8,,85,,7667,,775,,82,,2083,,2917,,375,,4583,,625,,6667,,3448,,4275,,5204,,5737,,692,,7354
62,"puerta_de_alcala",,4,,7,,8,,7333,,65,,64,,0526,,2105,,4737,,5263,,5789,,6842,,093,,3237,,595,,6128,,6124,,6614
63,"puerta_del_sol",,4,,3,,5,,4,,45,,4,,1,,15,,3,,4,,5,,5,,16,,2,,375,,4,,4737,,4444
64,"red_fort",1,0,1,0,1,0,1,0,1,0,1,0,,2,,24,,4,,56,,68,,8,,3333,,3871,,5714,,7179,,8095,,8889
65,"reims_cathedral",1,0,1,0,1,0,1,0,1,0,1,0,,16,,2,,4,,48,,52,,56,,2759,,3333,,5714,,6486,,6842,,7179
66,"rialto_bridge",1,0,,7,,6,,7,,625,,52,,125,,1875,,25,,5,,5625,,625,,2222,,2958,,3529,,5833,,5921,,5677
67,"roman_forum_rome",,8,,7,,65,,7,,775,,74,,16,,16,,32,,44,,64,,72,,2667,,2605,,4289,,5404,,7011,,7299
68,"sacre_coeur",,8,,7,,6,,6,,55,,58,,1667,,25,,2917,,375,,4167,,5,,2759,,3684,,3925,,4615,,4741,,537
69,"sagrada_familia",1,0,1,0,1,0,1,0,,975,,98,,04,,12,,4,,48,,6,,68,,0769,,2143,,5714,,6486,,7429,,8029
70,"santa_maria_novella",1,0,1,0,,75,,6667,,575,,6,,12,,2,,32,,4,,44,,6,,2143,,3333,,4486,,5,,4985,,6
71,"schonbrunn_palace",1,0,,9,,95,,9667,,975,,96,,16,,28,,36,,52,,64,,68,,2759,,4271,,5221,,6762,,7728,,7961
72,"seville_cathedral",1,0,1,0,,9,,8667,,9,,92,,12,,2,,4,,52,,6,,72,,2143,,3333,,5538,,65,,72,,8078
73,"spanish_steps",1,0,1,0,,7,,7333,,65,,6,,1364,,3182,,3636,,5455,,5909,,7273,,24,,4828,,4786,,6256,,619,,6575
74,"st__basil_cathedral",1,0,1,0,1,0,,9,,825,,84,,12,,28,,48,,6,,64,,76,,2143,,4375,,6486,,72,,7208,,798
75,"statue_of_liberty",1,0,1,0,,9,,8,,85,,82,,08,,24,,32,,48,,64,,64,,1481,,3871,,4721,,6,,7302,,7189
76,"stonehenge",1,0,,7,,75,,7667,,65,,64,,2105,,2105,,3684,,5789,,5789,,6316,,3478,,3237,,4941,,6597,,6124,,6358
77,"summer_palace_beijing",,8,,9,,8,,8667,,9,,88,,08,,2,,4,,52,,56,,68,,1455,,3273,,5333,,65,,6904,,7672
78,"sydney_opera_house",1,0,1,0,1,0,,9667,,875,,9,,16,,24,,44,,56,,6,,6,,2759,,3871,,6111,,7092,,7119,,72
79,"teotihuacan",,6,,6,,7,,7,,65,,64,,12,,2,,4,,48,,56,,6,,2,,3,,5091,,5695,,6017,,6194
80,"terracotta_army",,6,,4,,25,,2667,,45,,5,,15,,2,,25,,35,,55,,55,,24,,2667,,25,,3027,,495,,5238
81,"the_blue_mosque",,8,,7,,8,,8667,,875,,9,,08,,12,,24,,52,,56,,64,,1455,,2049,,3692,,65,,6829,,7481
82,"the_henry_ford",,6,,7,,85,,8667,,9,,78,,12,,16,,32,,4,,56,,6,,2,,2605,,465,,5474,,6904,,6783
83,"taj_mahal",1,0,,7,,75,,8333,,875,,9,,12,,2,,4,,48,,48,,56,,2143,,3111,,5217,,6091,,6199,,6904
84,"tour_montparnasse",,6,,7,,7,,5333,,4,,42,,15,,2,,45,,5,,5,,55,,24,,3111,,5478,,5161,,4444,,4763
85,"tower_bridge_london",,6,,4,,6,,5667,,65,,52,,12,,16,,4,,4,,56,,56,,2,,2286,,48,,469,,6017,,5393
86,"trafalgar_square",,6,,5,,75,,7,,6,,54,,1364,,2273,,4545,,5455,,5455,,5909,,2222,,3125,,566,,6131,,5714,,5643
87,"leaning_tower_of_pisa",,8,,7,,7,,7667,,675,,64,,16,,24,,44,,52,,56,,6,,2667,,3574,,5404,,6197,,6121,,6194
88,"hermitage_museum_saint_petersburg",1,0,,8,,75,,7,,775,,82,,2,,24,,32,,48,,6,,68,,3333,,3692,,4486,,5695,,6764,,7435
89,"jantar_mantar_jaipur",,6,,8,,75,,8333,,875,,88,,08,,28,,48,,56,,64,,76,,1412,,4148,,5854,,6699,,7393,,8156
90,"lake_titicaca_peru",,4,,3,,45,,5333,,575,,56,,0833,,0833,,2917,,3333,,5,,625,,1379,,1304,,3539,,4103,,5349,,5907
91,"the_great_wall_of_china",1,0,,9,,85,,8667,,875,,76,,2,,36,,44,,56,,6,,6,,3333,,5143,,5798,,6804,,7119,,6706
92,"grande_arche_paris",,8,,8,,55,,6667,,725,,68,,16,,16,,24,,32,,44,,44,,2667,,2667,,3342,,4324,,5476,,5343
93,"el_angel_mexico",,2,,4,,4,,3667,,275,,42,,0476,,1429,,2857,,3333,,3333,,6667,,0769,,2105,,3333,,3492,,3014,,5153
94,"bibliotheque_nationale_de_france",,8,,9,,7,,7667,,725,,76,,16,,28,,36,,48,,56,,64,,2667,,4271,,4755,,5904,,6319,,6949
95,"kronborg_castle",1,0,,7,,6,,6667,,65,,72,,125,,2083,,375,,4583,,5417,,5417,,2222,,3211,,4615,,5432,,5909,,6182
96,"ajanta_caves",1,0,1,0,1,0,,9333,,95,,92,,1364,,2727,,5455,,5909,,6818,,6818,,24,,4286,,7059,,7237,,7939,,7832
97,"atomium",1,0,,9,,9,,9333,,95,,94,,1429,,2857,,381,,4762,,4762,,5238,,25,,4337,,5353,,6306,,6344,,6727
98,"ellora_caves",1,0,1,0,1,0,,9667,,975,,98,,1818,,2727,,3636,,4091,,5,,5,,3077,,4286,,5333,,5749,,661,,6622
99,"potala_palace",,8,,9,,85,,8333,,8,,8,,1667,,2222,,3889,,5,,6111,,7778,,2759,,3564,,5336,,625,,6929,,7887
100,"jokhang",1,0,1,0,,9,,8333,,875,,78,,16,,24,,36,,52,,68,,72,,2759,,3871,,5143,,6404,,7653,,7488
101,"rila_monastery",1,0,1,0,1,0,1,0,1,0,,94,,12,,24,,36,,4,,44,,48,,2143,,3871,,5294,,5714,,6111,,6355
102,"louvre_pyramid",1,0,1,0,1,0,,9333,,925,,94,,2222,,3333,,5556,,6111,,6667,,7222,,3636,,5,,7143,,7386,,7749,,8168
103,"brooklyn_bridge",,4,,6,,7,,8,,85,,84,,0952,,1429,,3333,,381,,4762,,5714,,1538,,2308,,4516,,5161,,6104,,6802
104,"tower_of_london",,6,,5,,7,,8,,8,,76,,087,,1739,,3043,,4783,,5217,,6522,,1519,,2581,,4242,,5986,,6316,,702
105,"british_museum_london",1,0,1,0,1,0,1,0,,975,,96,,2,,25,,3,,45,,6,,6,,3333,,4,,4615,,6207,,7429,,7385
106,"buckingham_palace",,4,,3,,45,,3333,,375,,32,,1,,1,,25,,25,,3,,3,,16,,15,,3214,,2857,,3333,,3097
107,"charles_bridge_prague",,8,,8,,6,,6333,,475,,5,,125,,1667,,2917,,4167,,4167,,5833,,2162,,2759,,3925,,5026,,4439,,5385
108,"champs_elysees_paris",1,0,1,0,,65,,7,,65,,58,,1333,,1333,,2,,4,,4667,,5333,,2353,,2353,,3059,,5091,,5433,,5557
109,"chrysler_building",1,0,1,0,1,0,1,0,,95,,96,,2143,,3571,,5714,,7143,,8571,,9286,,3529,,5263,,7273,,8333,,9012,,944
110,"moma_new_york",1,0,,8,,85,,9,,9,,9,,1579,,2632,,3684,,4211,,5263,,5789,,2727,,396,,514,,5737,,6642,,7046
111,"grand_central_terminal",1,0,1,0,1,0,1,0,,975,,96,,0952,,0952,,1429,,4286,,5714,,619,,1739,,1739,,25,,6,,7206,,7527
112,"houses_of_parliament",1,0,,9,,85,,9,,925,,94,,2174,,3478,,4783,,5217,,5652,,6087,,3571,,5017,,6121,,6606,,7017,,7389
113,"alexanderplatz_berlin",,0,,1,,4,,5667,,6,,66,,0,,04,,24,,4,,48,,56,,0,,0571,,3,,469,,5333,,6059
114,"centre_pompidou",,8,,9,,9,,7,,725,,7,,1667,,1667,,3333,,3889,,6667,,7222,,2759,,2812,,4865,,5,,6946,,7109
115,"sydney_harbour_bridge",1,0,1,0,,95,,9667,,975,,96,,1875,,3125,,5,,625,,6875,,6875,,3158,,4762,,6552,,7592,,8064,,8012
116,"pier_39",1,0,1,0,1,0,1,0,,925,,86,,1905,,2857,,4762,,4762,,5714,,6667,,32,,4444,,6452,,6452,,7064,,7511
117,"coit_tower",,6,,4,,5,,6333,,625,,64,,0667,,0667,,2667,,4,,6,,6,,12,,1143,,3478,,4903,,6122,,6194
118,"st_paul_s_cathedral_london",,6,,7,,75,,8333,,875,,86,,1176,,2353,,5294,,5294,,6471,,7059,,1967,,3522,,6207,,6475,,744,,7754
119,"cloud_gate",1,0,,5,,35,,4667,,55,,6,,1667,,1667,,1667,,3333,,4167,,5,,2857,,25,,2258,,3889,,4741,,5455
120,"musee_d_orsay",1,0,,9,,95,,9333,,925,,92,,1429,,2381,,381,,4762,,619,,7619,,25,,3766,,5438,,6306,,7417,,8335
121,"pike_place_market",1,0,1,0,,95,,9667,,875,,88,,1905,,2857,,381,,4762,,5714,,619,,32,,4444,,5438,,6381,,6914,,7268
122,"royal_palace_madrid",,8,,7,,6,,7333,,8,,82,,1818,,2727,,4545,,5909,,6364,,6818,,2963,,3925,,5172,,6545,,7089,,7446
123,"sony_center_berlin",1,0,1,0,,95,,9667,,975,,94,,0952,,2381,,3333,,381,,4286,,4762,,1739,,3846,,4935,,5465,,5954,,6321
124,"red_square_moscow",,6,,7,,7,,5667,,55,,64,,1429,,2381,,4762,,5714,,619,,619,,2308,,3553,,5668,,569,,5825,,6293
125,"prague_castle",1,0,,9,,9,,9,,9,,9,,16,,24,,44,,56,,68,,76,,2759,,3789,,591,,6904,,7747,,8241
126,"musee_du_louvre",1,0,1,0,1,0,1,0,1,0,1,0,,12,,2,,48,,52,,6,,68,,2143,,3333,,6486,,6842,,75,,8095
127,"millennium_bridge_london",,8,,9,,85,,7667,,775,,82,,08,,2,,36,,44,,52,,52,,1455,,3273,,5058,,5591,,6224,,6364
128,"casa_mila",1,0,,9,,9,,9333,,95,,96,,16,,32,,52,,56,,64,,68,,2759,,4721,,6592,,7,,7648,,7961
129,"national_gallery_london",1,0,1,0,,8,,8667,,725,,74,,2273,,4091,,5,,5455,,5455,,5909,,3704,,5806,,6154,,6695,,6225,,6571
130,"national_mall",1,0,,9,,85,,8333,,7,,76,,12,,28,,44,,6,,64,,72,,2143,,4271,,5798,,6977,,6687,,7395
131,"london_city_hall",,8,,9,,85,,7667,,825,,86,,2,,3,,45,,5,,65,,7,,32,,45,,5885,,6053,,7271,,7718
132,"holocaust_memorial",,8,,9,,95,,8333,,75,,66,,1875,,3125,,5,,625,,6875,,8125,,3038,,4639,,6552,,7143,,7174,,7284
133,"columbus_circle",,6,,6,,65,,4667,,5,,54,,08,,16,,36,,36,,48,,6,,1412,,2526,,4634,,4065,,4898,,5684
134,"siegessaeule",1,0,1,0,1,0,,9,,775,,72,,16,,2,,44,,64,,72,,72,,2759,,3333,,6111,,7481,,7465,,72
135,"jardin_du_luxembourg",1,0,1,0,1,0,1,0,,975,,88,,16,,24,,44,,68,,76,,8,,2759,,3871,,6111,,8095,,8542,,8381
136,"merlion_singapore",,4,,4,,3,,3,,425,,48,,0909,,1818,,2727,,4091,,5,,5909,,1481,,25,,2857,,3462,,4595,,5297
137,"harrods_london",,8,,9,,95,,9667,,9,,86,,12,,24,,4,,44,,56,,68,,2087,,3789,,563,,6047,,6904,,7595
138,"metropolitan_museum_of_art_new_york",1,0,1,0,1,0,,9667,,975,,98,,16,,32,,52,,6,,68,,68,,2759,,4848,,6842,,7404,,8012,,8029
139,"new_york_stock_exchange",,6,,8,,8,,5667,,525,,54,,15,,25,,35,,35,,45,,45,,24,,381,,487,,4327,,4846,,4909
140,"stephansdom_vienna",1,0,1,0,,95,,9667,,975,,96,,12,,28,,44,,6,,68,,72,,2143,,4375,,6014,,7404,,8012,,8229
141,"hms_belfast",1,0,1,0,1,0,,9667,,925,,92,,16,,24,,36,,48,,6,,68,,2759,,3871,,5294,,6415,,7279,,782
142,"leicester_square",,8,,6,,8,,7333,,725,,68,,16,,24,,36,,36,,44,,48,,2667,,3429,,4966,,4829,,5476,,5628
143,"ciudad_de_las_artes_y_las_ciencias",,8,,9,,95,,9667,,975,,96,,16,,24,,48,,6,,6,,64,,2667,,3789,,6378,,7404,,7429,,768
144,"topkapi_palace",1,0,1,0,,95,,9333,,95,,94,,2,,32,,48,,48,,68,,8,,3333,,4848,,6378,,634,,7926,,8644
145,"royal_albert_hall",1,0,,5,,75,,7,,625,,6,,16,,16,,4,,4,,44,,56,,2759,,2424,,5217,,5091,,5164,,5793
146,"st_vitus_cathedral",1,0,,9,,95,,9667,,95,,92,,2,,28,,44,,56,,6,,68,,3333,,4271,,6014,,7092,,7355,,782
147,"castello_sforzesco",1,0,1,0,1,0,,8667,,875,,9,,16,,24,,4,,4,,44,,56,,2759,,3871,,5714,,5474,,5856,,6904
148,"rijksmuseum_amsterdam",1,0,1,0,1,0,1,0,1,0,,96,,12,,16,,16,,4,,56,,64,,2143,,2759,,2759,,5714,,7179,,768
149,"dam_square",,4,,3,,5,,6333,,675,,68,,08,,12,,32,,44,,48,,52,,1333,,1714,,3902,,5193,,561,,5893
150,"rathaus_vienna",,6,,7,,75,,6333,,725,,66,,12,,24,,36,,44,,44,,44,,2,,3574,,4865,,5193,,5476,,528
151,"bath_abbey",1,0,1,0,,95,,9667,,975,,9,,16,,28,,4,,48,,6,,68,,2759,,4375,,563,,6415,,7429,,7747
152,"salisbury_cathedral",1,0,1,0,1,0,1,0,1,0,1,0,,08,,24,,36,,4,,52,,56,,1481,,3871,,5294,,5714,,6842,,7179
153,"templo_de_debod",,0,,0,,2,,3,,45,,5,,0,,0,,1818,,1818,,3636,,4091,,0,,0,,1905,,2264,,4022,,45
154,"Niagara_Falls",,4,,4,,45,,5,,5,,54,,0455,,1364,,2727,,3636,,5,,5909,,0816,,2034,,3396,,4211,,5,,5643
155,"Golden_Gate_Bridge_in_San_Francisco",1,0,1,0,,95,,9333,,95,,96,,2273,,3182,,4545,,6818,,7273,,7727,,3704,,4828,,6149,,788,,8238,,8562
156,"Neuschwanstein_Castle",1,0,1,0,1,0,1,0,,975,,98,,08,,16,,4,,56,,64,,72,,1481,,2759,,5714,,7179,,7728,,8301
157,"Christ_Church_Cathedral_Missouri",1,0,1,0,1,0,1,0,1,0,1,0,,2,,32,,44,,56,,64,,68,,3333,,4848,,6111,,7179,,7805,,8095
158,"Mount_Rushmore_in_South_Dakota",1,0,1,0,,9,,9333,,95,,92,,12,,16,,32,,48,,6,,68,,2143,,2759,,4721,,634,,7355,,782
159,"Puerta_de_Toledo",,0,,0,,05,,0333,,025,,02,,0,,0,,5,,5,,5,,5,,0,,0,,0909,,0625,,0476,,0385
160,"Urquhart_Castle",1,0,,9,,8,,8333,,875,,88,,125,,25,,4167,,5833,,6667,,75,,2222,,3913,,5479,,6863,,7568,,8098
161,"Gare_du_Nord_Paris",,6,,3,,55,,7,,75,,76,,12,,12,,32,,48,,52,,52,,2,,1714,,4046,,5695,,6142,,6175
162,"Newgrange_in_Ireland",,8,,7,,65,,6667,,625,,64,,1667,,2083,,3333,,4583,,5,,5417,,2759,,3211,,4407,,5432,,5556,,5867
163,"Windmills_at_Kinderdijk",1,0,1,0,,9,,8667,,825,,84,,16,,24,,36,,44,,52,,52,,2759,,3871,,5143,,5837,,6379,,6424
164,"Conciergerie",1,0,,9,,95,,9667,,975,,98,,16,,24,,44,,56,,68,,72,,2759,,3789,,6014,,7092,,8012,,8301
165,"Palazzo_Madama",,8,,8,,8,,7333,,65,,66,,1818,,2273,,4545,,5455,,6364,,6818,,2963,,354,,5797,,6256,,6431,,6707
166,"Split_Rock_Lighthouse",,6,,8,,85,,9,,925,,94,,08,,16,,24,,4,,4,,52,,1412,,2667,,3743,,5538,,5585,,6696
167,"The_Little_Mermaid_Denmark",1,0,1,0,1,0,1,0,1,0,,88,,2143,,4286,,6429,,7857,,8571,,8571,,3529,,6,,7826,,88,,9231,,8684
168,"Great_Pyramid_of_Giza",,6,,7,,6,,5333,,625,,52,,1333,,3333,,4,,4,,5333,,6,,2182,,4516,,48,,4571,,5755,,5571
169,"Pitti_Palace",,6,,8,,85,,9,,825,,74,,1364,,3182,,4545,,5,,5,,5,,2222,,4553,,5923,,6429,,6226,,5968
170,"Georgia_State_Capitol",,6,,7,,65,,4667,,35,,28,,1053,,2105,,2632,,2632,,2632,,2632,,1791,,3237,,3746,,3365,,3004,,2713
171,"Dome_des_Invalides",1,0,1,0,1,0,1,0,1,0,,98,,16,,2,,32,,44,,48,,56,,2759,,3333,,4848,,6111,,6486,,7127
172,"Reggia_di_Caserta",,6,,7,,65,,5667,,55,,52,,08,,24,,44,,48,,52,,6,,1412,,3574,,5248,,5197,,5346,,5571
173,"The_Burj_al_Arab_Hotel",1,0,,9,,75,,8,,75,,8,,16,,2,,36,,48,,52,,64,,2759,,3273,,4865,,6,,6142,,7111
174,"Elephanta_Caves",1,0,1,0,1,0,,9667,,975,,98,,125,,25,,4583,,4583,,625,,7083,,2222,,4,,6286,,6218,,7617,,8223
175,"Basilica_of_Santa_Croce",1,0,1,0,,95,,9667,,975,,98,,2,,32,,6,,64,,68,,72,,3333,,4848,,7355,,7701,,8012,,8301
176,"Aachen_Cathedral",,8,,8,,8,,7667,,825,,86,,12,,16,,28,,36,,48,,64,,2087,,2667,,4148,,4899,,6069,,7339
177,"Monument_to_the_Great_Fire_of_London",,6,,8,,75,,6,,625,,68,,12,,24,,44,,52,,56,,68,,2,,3692,,5546,,5571,,5907,,68
178,"Longmen_Grottoes",,4,,5,,55,,5667,,525,,52,,08,,16,,36,,48,,6,,72,,1333,,2424,,4352,,5197,,56,,6039
179,"Louisiana_State_Capitol",,2,,2,,55,,4667,,375,,32,,04,,08,,32,,32,,36,,4,,0667,,1143,,4046,,3797,,3673,,3556
180,"The_Great_Sphinx_at_Giza",1,0,,9,,85,,8667,,875,,88,,16,,2,,4,,56,,6,,64,,2759,,3273,,544,,6804,,7119,,7411
181,"Teatro_Real_Madrid",1,0,,7,,55,,4,,55,,62,,2174,,3043,,4348,,4783,,6087,,6957,,3571,,4242,,4857,,4356,,5779,,6557
182,"Palacio_de_la_Magdalena",,4,,6,,7,,6667,,675,,7,,08,,2,,44,,6,,64,,72,,1333,,3,,5404,,6316,,657,,7099
183,"Sowjetisches_Ehrenmal",,8,,9,,8,,7333,,8,,82,,12,,28,,44,,52,,6,,72,,2087,,4271,,5677,,6085,,6857,,7668
184,"Cathedral_of_Trier",,8,,9,,9,,8,,775,,82,,16,,28,,52,,64,,72,,76,,2667,,4271,,6592,,7111,,7465,,7889
185,"Saint_Mary_of_the_Flower",,6,,6,,7,,6333,,5,,4,,12,,2,,32,,32,,36,,36,,2,,3,,4392,,4252,,4186,,3789
186,"Skellig_Michael",,4,,7,,8,,7,,675,,7,,08,,24,,32,,4,,48,,52,,1333,,3574,,4571,,5091,,561,,5967
187,"Chicago_Board_of_Trade_Building",1,0,,9,,8,,7333,,775,,68,,1818,,3182,,4091,,5909,,6364,,6364,,3077,,4701,,5414,,6545,,6989,,6575
188,"Pont_de_Normandie_France",1,0,1,0,,8,,8333,,875,,84,,2105,,3158,,3684,,6316,,8947,,9474,,3478,,48,,5045,,7186,,8848,,8905
189,"Palazzo_Rosso",,2,,1,,05,,0333,,075,,08,,0417,,0417,,0417,,0417,,125,,1667,,069,,0588,,0455,,037,,0937,,1081
190,"Piazza_Vittorio_Veneto",,0,,5,,45,,5333,,525,,5,,0,,3125,,375,,625,,75,,75,,0,,3846,,4091,,5755,,6176,,6
191,"Sforza_Castle",1,0,1,0,1,0,,9333,,95,,9,,2,,32,,48,,56,,6,,64,,3333,,4848,,6486,,7,,7355,,7481
192,"Torres_KIO",,6,,8,,85,,8667,,875,,84,,12,,28,,36,,44,,52,,64,,2,,4148,,5058,,5837,,6523,,7265
193,"Torre_Picasso",1,0,,8,,85,,8333,,775,,82,,2083,,25,,4167,,625,,6667,,75,,3448,,381,,5592,,7143,,7168,,7834
194,"The_Palace_of_Parliament_in_Bucharest",1,0,1,0,,95,,9333,,95,,82,,16,,28,,44,,56,,64,,64,,2759,,4375,,6014,,7,,7648,,7189
195,"Ernest_Hemingway_House",1,0,,9,,9,,8,,75,,74,,2,,24,,44,,52,,6,,68,,3333,,3789,,591,,6303,,6667,,7087
196,"Castel_dellOvo_Napoli",1,0,1,0,,9,,8667,,875,,88,,16,,32,,56,,68,,72,,8,,2759,,4848,,6904,,7621,,79,,8381
197,"Villa_Borghese_gardens",1,0,1,0,1,0,1,0,1,0,1,0,,2,,28,,44,,56,,64,,68,,3333,,4375,,6111,,7179,,7805,,8095
198,"Saint_Marks_Basilica",1,0,1,0,1,0,1,0,1,0,1,0,,12,,2,,32,,4,,48,,48,,2143,,3333,,4848,,5714,,6486,,6486
199,"Mausoleum_of_the_First_Qin_Emperor",1,0,1,0,,85,,8,,8,,8,,2,,28,,4,,48,,56,,64,,3333,,4375,,544,,6,,6588,,7111
200,"Mausoleum_of_Hadrian",,8,,7,,4,,5333,,575,,56,,1667,,1667,,2222,,3889,,4444,,5556,,2759,,2692,,2857,,4498,,5014,,5578
201,"Piazza_de_Ferrari",1,0,1,0,,95,,9,,875,,9,,0526,,1579,,3158,,3684,,5263,,6316,,1,,2727,,474,,5228,,6573,,7423
202,"George_Washington_Carver",,6,,8,,75,,6,,575,,56,,125,,25,,4375,,5,,5,,625,,2069,,381,,5526,,5455,,5349,,5907
203,"Cathedral_of_Santiago_de_Compostela",,8,,8,,9,,8667,,8,,76,,2353,,4118,,6471,,7059,,7059,,8235,,3636,,5437,,7529,,7781,,75,,7905
204,"Saint-Jacques_Tower",1,0,,9,,8,,7667,,8,,82,,3077,,3077,,3846,,5385,,6154,,7692,,4706,,4586,,5195,,6326,,6957,,7938
205,"Calakmul_Campeche_Mexico",,6,,5,,75,,8,,775,,76,,1429,,2143,,5,,6429,,6429,,6429,,2308,,3,,6,,7129,,7028,,6965
206,"Bran_Castle_in_Transylvania",,8,,9,,9,,9,,85,,86,,1579,,3158,,5789,,7368,,7368,,7895,,2637,,4675,,7046,,8103,,7894,,8232
207,"Mosteiro_da_Batalha",1,0,1,0,1,0,1,0,1,0,1,0,,2105,,3158,,4737,,5263,,6316,,6842,,3478,,48,,6429,,6897,,7742,,8125
208,"Wartburg_Castle",1,0,1,0,,85,,9,,9,,92,,2,,4,,5,,65,,7,,8,,3333,,5714,,6296,,7548,,7875,,8558
209,"Fujian_Tulou_Fujian_China",1,0,1,0,1,0,1,0,,975,,96,,2222,,4444,,6111,,6667,,7222,,7778,,3636,,6154,,7586,,8,,8298,,8593
210,"Alabama_State_Capitol",,4,,4,,7,,7667,,675,,7,,0952,,1905,,5714,,7143,,7143,,8095,,1538,,2581,,6292,,7395,,6941,,7508
211,"Palazzo_dAccursio",1,0,,8,,9,,6667,,725,,7,,1111,,2222,,3333,,3333,,4444,,5556,,2,,3478,,4865,,4444,,5511,,6195
212,"Casa_Grande_Ruins",,8,,8,,9,,9333,,95,,92,,1765,,3529,,4118,,5294,,5882,,5882,,2892,,4898,,565,,6756,,7266,,7176
213,"Stravinsky_Fountain",1,0,1,0,1,0,1,0,,925,,8,,1333,,2,,3333,,4667,,5333,,5333,,2353,,3333,,5,,6364,,6766,,64
214,"Angel_Falls_Venezuela",,0,,3,,35,,4,,375,,38,,0,,1176,,2941,,3529,,4706,,5882,,0,,169,,3196,,375,,4174,,4617
215,"Statue_of_George_IV",,8,,8,,55,,5,,425,,44,,375,,5,,625,,875,,875,1,0,,5106,,6154,,5851,,6364,,5721,,6111
216,"Palacio_Barolo",1,0,1,0,,9,,9,,85,,88,,2353,,4118,,5294,,7059,,7647,,7647,,381,,5833,,6667,,7912,,8051,,8183
217,"Bridge_of_Remembrance_Christchurch_New_Zealand",,8,,6,,7,,7667,,7,,76,,25,,4167,,6667,,75,,75,1,0,,381,,4918,,6829,,7582,,7241,,8636
218,"John_A._Roebling_Suspension_Bridge",1,0,,8,,7,,5333,,5,,52,,2667,,3333,,4667,,5333,,6,,7333,,4211,,4706,,56,,5333,,5455,,6085
219,"Blue_Dome_Santorini",1,0,1,0,,95,,9667,,975,,92,,3125,,4375,,5625,,625,,8125,,875,,4762,,6087,,7066,,7592,,8864,,8969
220,"Fossar_de_les_Moreres",,6,,5,,45,,4333,,45,,42,,2143,,2857,,5,,5714,,7143,,7143,,3158,,3636,,4737,,4929,,5521,,529
221,"Luxor_Obelisk_France",,4,,6,,8,,7667,,8,,82,,125,,25,,3125,,375,,5625,,625,,1905,,3529,,4494,,5036,,6606,,7093
222,"Valle_de_los_Caidos",1,0,1,0,,85,,9,,9,,88,,25,,4,,45,,6,,65,,65,,4,,5714,,5885,,72,,7548,,7477
--------------------
"--","Avg.",P@5,P@10,P@20,P@30,P@40,P@50,CR@5,CR@10,CR@20,CR@30,CR@40,CR@50,F1@5,F1@10,F1@20,F1@30,F1@40,F1@50
,,,8,,786,,7784,,7695,,7644,,7589,,1436,,2386,,3892,,4923,,5731,,6394,,2401,,36,,5084,,5888,,6428,,6808