--------------------
"Run name","output_runCN3X3SumSquaredError"
--------------------
"Average P@20 = ",,6894
"Average CR@20 = ",,3911
"Average F1@20 = ",,4902
--------------------
"Query Id ","Location name",P@5,P@10,P@20,P@30,P@40,P@50,CR@5,CR@10,CR@20,CR@30,CR@40,CR@50,F1@5,F1@10,F1@20,F1@30,F1@40,F1@50
1,"angel_of_the_north",1,0,1,0,,95,,9333,,9,,9,,2,,36,,44,,6,,68,,8,,3333,,5294,,6014,,7304,,7747,,8471
2,"big_ben",,8,,9,,95,,9667,,975,,98,,1818,,3636,,5,,5455,,6364,,6364,,2963,,518,,6552,,6974,,7701,,7717
3,"hearst_castle",1,0,1,0,,95,,9,,9,,9,,1667,,3333,,5833,,7083,,75,,75,,2857,,5,,7228,,7927,,8182,,8182
4,"la_madeleine",,6,,6,,35,,3,,3,,3,,2143,,3571,,4286,,5,,5,,5714,,3158,,4478,,3853,,375,,375,,3934
5,"pont_alexandre_iii",1,0,,9,,8,,7333,,8,,84,,16,,28,,44,,52,,56,,64,,2759,,4271,,5677,,6085,,6588,,7265
6,"neues_museum",,8,,6,,6,,6333,,65,,68,,16,,24,,28,,4,,52,,56,,2667,,3429,,3818,,4903,,5778,,6142
7,"montezuma_castle",,6,,6,,55,,6333,,6,,58,,1667,,3333,,6667,,8333,,8333,,8333,,2609,,4286,,6027,,7197,,6977,,684
8,"cn_tower",,6,,7,,7,,7,,675,,68,,125,,25,,4167,,5,,5417,,5833,,2069,,3684,,5224,,5833,,601,,628
9,"acropolis_athens",,8,,7,,8,,8333,,725,,66,,1905,,2857,,4762,,619,,619,,619,,3077,,4058,,597,,7104,,6678,,6389
10,"agra_fort",1,0,1,0,1,0,,9333,,875,,84,,2,,32,,56,,72,,72,,72,,3333,,4848,,7179,,8129,,79,,7754
11,"albert_memorial",1,0,1,0,,9,,8667,,85,,82,,1364,,2727,,4545,,5455,,6818,,6818,,24,,4286,,604,,6695,,7567,,7446
12,"altes_museum",1,0,1,0,1,0,,9667,,9,,86,,1667,,3333,,4167,,5417,,5833,,6667,,2857,,5,,5882,,6943,,7079,,7511
13,"amiens_cathedral",1,0,1,0,,95,,9667,,975,,98,,16,,28,,48,,6,,64,,76,,2759,,4375,,6378,,7404,,7728,,8561
14,"angkor_wat",,6,,7,,75,,8,,8,,8,,12,,28,,44,,52,,6,,68,,2,,4,,5546,,6303,,6857,,7351
15,"ara_pacis",,8,,6,,6,,5333,,525,,54,,1364,,2273,,3636,,5,,5455,,5909,,233,,3297,,4528,,5161,,535,,5643
16,"arc_de_triomphe",,4,,3,,4,,4,,425,,42,,0833,,125,,3333,,4583,,5833,,625,,1379,,1765,,3636,,4272,,4917,,5024
17,"aztec_ruins",,8,,6,,45,,3333,,3,,28,,16,,24,,32,,36,,44,,52,,2667,,3429,,374,,3462,,3568,,364
18,"berlin_cathedral",1,0,1,0,1,0,,9667,,95,,96,,2,,4,,52,,64,,68,,72,,3333,,5714,,6842,,7701,,7926,,8229
19,"bok_tower_gardens",1,0,,9,,9,,9,,875,,88,,2,,28,,44,,56,,68,,68,,3333,,4271,,591,,6904,,7653,,7672
20,"brandenburg_gate",1,0,,9,,8,,8333,,8,,82,,16,,2,,32,,48,,6,,72,,2759,,3273,,4571,,6091,,6857,,7668
21,"cabrillo",,0,,0,,0,,0,,0,,04,,0,,0,,0,,0,,0,,1538,,0,,0,,0,,0,,0,,0635
22,"casa_batllo",1,0,1,0,1,0,,9667,,95,,96,,16,,24,,48,,64,,72,,76,,2759,,3871,,6486,,7701,,8192,,8484
23,"casa_rosada",,8,,8,,85,,8667,,875,,88,,16,,24,,44,,56,,64,,76,,2667,,3692,,5798,,6804,,7393,,8156
24,"castillo_de_san_marcos",1,0,,9,,75,,7667,,8,,82,,2,,32,,44,,56,,72,,8,,3333,,4721,,5546,,6472,,7579,,8099
25,"chartres_cathedral",,8,,9,,95,,9667,,975,,96,,16,,32,,56,,76,,88,,88,,2667,,4721,,7046,,851,,9251,,9183
26,"chichen_itza",1,0,1,0,1,0,1,0,1,0,,98,,16,,28,,4,,4,,52,,6,,2759,,4375,,5714,,5714,,6842,,7443
27,"christ_the_redeemer_rio",,4,,5,,6,,6333,,6,,58,,087,,1739,,3043,,3478,,4348,,5652,,1429,,2581,,4038,,449,,5042,,5725
28,"civic_center_san_francisco",,2,,2,,3,,2333,,2,,2,,04,,08,,2,,2,,2,,24,,0667,,1143,,24,,2154,,2,,2182
29,"cologne_cathedral",1,0,1,0,,95,,9667,,95,,96,,16,,24,,44,,48,,64,,68,,2759,,3871,,6014,,6415,,7648,,7961
30,"colosseum",1,0,,9,,7,,7,,7,,66,,16,,28,,4,,44,,64,,68,,2759,,4271,,5091,,5404,,6687,,6699
31,"doge_s_palace",1,0,1,0,,9,,9333,,925,,94,,12,,28,,48,,6,,68,,72,,2143,,4375,,6261,,7304,,7838,,8154
32,"eiffel_tower",1,0,1,0,1,0,,9333,,95,,94,,2,,32,,52,,56,,64,,64,,3333,,4848,,6842,,7,,7648,,7615
33,"golden_gate_bridge",1,0,1,0,1,0,,9667,,95,,88,,1739,,3478,,5652,,6087,,6957,,7391,,2963,,5161,,7222,,747,,8032,,8034
34,"grand_palais",,8,,8,,85,,8667,,825,,86,,1818,,3182,,4545,,5455,,5455,,6364,,2963,,4553,,5923,,6695,,6567,,7315
35,"guggenheim_museum_bilbao",1,0,1,0,,95,,9667,,975,,96,,16,,32,,44,,56,,64,,72,,2759,,4848,,6014,,7092,,7728,,8229
36,"hagia_sophia_istanbul",1,0,1,0,,95,,9333,,95,,94,,2,,36,,52,,64,,72,,76,,3333,,5294,,6721,,7593,,8192,,8405
37,"hoover_dam",1,0,,9,,9,,8667,,9,,84,,2,,32,,44,,48,,56,,6,,3333,,4721,,591,,6178,,6904,,7
38,"humayun_tomb",,4,,6,,7,,7667,,75,,76,,08,,2,,32,,52,,56,,64,,1333,,3,,4392,,6197,,6412,,6949
39,"iguazu_falls",,8,,9,,8,,8,,775,,78,,16,,28,,4,,56,,68,,72,,2667,,4271,,5333,,6588,,7244,,7488
40,"iolani_palace",1,0,,9,,75,,7,,725,,76,,2,,32,,52,,56,,64,,76,,3333,,4721,,6142,,6222,,6799,,76
41,"la_mezquita",,4,,4,,35,,4,,425,,5,,0833,,1667,,25,,3333,,4583,,625,,1379,,2353,,2917,,3636,,441,,5556
42,"la_rambla_barcelona",,6,,5,,6,,6667,,7,,74,,12,,16,,36,,48,,56,,6,,2,,2424,,45,,5581,,6222,,6627
43,"la_sainte_chapelle",,8,,9,,9,,9,,925,,94,,12,,32,,52,,56,,64,,76,,2087,,4721,,6592,,6904,,7565,,8405
44,"liberty_memorial",,2,,1,,3,,3667,,4,,42,,04,,04,,24,,36,,36,,48,,0667,,0571,,2667,,3633,,3789,,448
45,"lincoln_home",,0,,1,,15,,1333,,15,,24,,0,,0556,,1667,,2222,,2778,,3889,,0,,0714,,1579,,1667,,1948,,2968
46,"machu_picchu",,6,,6,,7,,8,,825,,84,,08,,2,,36,,48,,52,,6,,1412,,3,,4755,,6,,6379,,7
47,"marble_arch_london",,0,,1,,15,,1667,,15,,12,,0,,0833,,25,,3333,,3333,,3333,,0,,0909,,1875,,2222,,2069,,1765
48,"milan_cathedral",1,0,1,0,1,0,1,0,1,0,,96,,2,,36,,52,,64,,68,,76,,3333,,5294,,6842,,7805,,8095,,8484
49,"mole_antonelliana",,6,,7,,7,,7333,,725,,7,,12,,2,,4,,56,,6,,64,,2,,3111,,5091,,6351,,6566,,6687
50,"mont_saint_michel",1,0,1,0,,9,,9,,875,,86,,2,,36,,52,,56,,6,,68,,3333,,5294,,6592,,6904,,7119,,7595
51,"moulin_rouge",,0,,3,,15,,1667,,2,,2,,0,,25,,25,,375,,5,,75,,0,,2727,,1875,,2308,,2857,,3158
52,"nelson_s_column",,6,,6,,7,,7667,,8,,78,,125,,25,,375,,4583,,5417,,5417,,2069,,3529,,4884,,5737,,646,,6393
53,"notre_dame_de_paris",,6,,8,,75,,7333,,725,,74,,08,,2,,36,,52,,6,,64,,1412,,32,,4865,,6085,,6566,,6864
54,"obelisco",,2,,1,,15,,1333,,15,,16,,0909,,0909,,2727,,2727,,3636,,4545,,125,,0952,,1935,,1791,,2124,,2367
55,"piccadilly_circus",,4,,5,,45,,5333,,625,,62,,087,,2174,,3043,,5652,,6522,,6957,,1429,,303,,3631,,5488,,6383,,6557
56,"place_de_la_concorde",1,0,1,0,,95,,9333,,925,,94,,2,,4,,52,,6,,6,,68,,3333,,5714,,6721,,7304,,7279,,7891
57,"place_de_la_republique",,2,,1,,15,,1667,,175,,16,,125,,125,,25,,5,,625,,625,,1538,,1111,,1875,,25,,2734,,2548
58,"place_des_vosges",,8,,9,,85,,8333,,85,,88,,16,,24,,52,,56,,6,,6,,2667,,3789,,6453,,6699,,7034,,7135
59,"pont_du_gard",,6,,7,,55,,5667,,525,,58,,12,,24,,36,,48,,52,,6,,2,,3574,,4352,,5197,,5225,,5898
60,"pont_neuf",,8,,8,,8,,7667,,65,,68,,12,,28,,56,,68,,76,,84,,2087,,4148,,6588,,7207,,7007,,7516
61,"ponte_vecchio",,8,,6,,65,,7,,725,,72,,1667,,1667,,2917,,4167,,5417,,5833,,2759,,2609,,4027,,5224,,6201,,6445
62,"puerta_de_alcala",,4,,3,,55,,5667,,525,,56,,1053,,1579,,3684,,5263,,5263,,5789,,1667,,2069,,4413,,5457,,5257,,5693
63,"puerta_del_sol",,4,,6,,6,,5667,,475,,48,,1,,25,,45,,45,,45,,55,,16,,3529,,5143,,5016,,4622,,5126
64,"red_fort",1,0,1,0,1,0,1,0,1,0,,98,,16,,36,,6,,72,,84,,88,,2759,,5294,,75,,8372,,913,,9273
65,"reims_cathedral",,6,,6,,6,,5667,,6,,64,,12,,2,,32,,44,,52,,6,,2,,3,,4174,,4954,,5571,,6194
66,"rialto_bridge",,0,,1,,05,,0667,,125,,18,,0,,0625,,0625,,0625,,1875,,375,,0,,0769,,0556,,0645,,15,,2432
67,"roman_forum_rome",1,0,1,0,1,0,,9667,,925,,92,,2,,32,,56,,68,,76,,76,,3333,,4848,,7179,,7984,,8344,,8324
68,"sacre_coeur",,6,,4,,45,,5,,425,,44,,125,,125,,2083,,2917,,3333,,4583,,2069,,1905,,2848,,3684,,3736,,449
69,"sagrada_familia",1,0,1,0,,9,,9333,,95,,9,,2,,28,,52,,68,,72,,72,,3333,,4375,,6592,,7868,,8192,,8
70,"santa_maria_novella",,8,,7,,7,,6333,,625,,62,,16,,24,,44,,52,,52,,52,,2667,,3574,,5404,,5711,,5677,,5656
71,"schonbrunn_palace",,0,,3,,5,,6,,65,,68,,0,,12,,36,,48,,56,,6,,0,,1714,,4186,,5333,,6017,,6375
72,"seville_cathedral",1,0,1,0,,95,,9333,,95,,94,,16,,32,,52,,56,,64,,64,,2759,,4848,,6721,,7,,7648,,7615
73,"spanish_steps",,8,,8,,65,,6333,,625,,66,,1818,,3182,,4545,,5455,,6818,,7273,,2963,,4553,,535,,5861,,6522,,692
74,"st__basil_cathedral",,6,,7,,7,,6667,,65,,62,,12,,24,,36,,44,,52,,52,,2,,3574,,4755,,5301,,5778,,5656
75,"statue_of_liberty",,6,,4,,7,,6,,575,,56,,12,,16,,4,,44,,52,,6,,2,,2286,,5091,,5077,,5461,,5793
76,"stonehenge",,6,,5,,5,,4667,,45,,48,,1579,,2105,,4211,,5263,,5263,,5789,,25,,2963,,4571,,4947,,4852,,5249
77,"summer_palace_beijing",1,0,,7,,85,,8333,,775,,8,,16,,24,,44,,44,,6,,76,,2759,,3574,,5798,,5759,,6764,,7795
78,"sydney_opera_house",,8,,7,,65,,6333,,625,,64,,16,,2,,36,,56,,6,,64,,2667,,3111,,4634,,5944,,6122,,64
79,"teotihuacan",1,0,,9,,85,,8333,,85,,8,,2,,36,,48,,6,,6,,68,,3333,,5143,,6135,,6977,,7034,,7351
80,"terracotta_army",,6,,5,,55,,6,,6,,6,,15,,15,,35,,5,,55,,65,,24,,2308,,4278,,5455,,5739,,624
81,"the_blue_mosque",,8,,8,,8,,8333,,825,,82,,16,,2,,44,,52,,56,,6,,2667,,32,,5677,,6404,,6671,,693
82,"the_henry_ford",1,0,1,0,,9,,7667,,75,,72,,12,,28,,4,,44,,56,,64,,2143,,4375,,5538,,5591,,6412,,6776
83,"taj_mahal",,8,,7,,7,,7333,,8,,8,,08,,2,,32,,4,,52,,64,,1455,,3111,,4392,,5176,,6303,,7111
84,"tour_montparnasse",,6,,5,,55,,5,,5,,46,,15,,25,,4,,4,,45,,45,,24,,3333,,4632,,4444,,4737,,4549
85,"tower_bridge_london",,4,,6,,6,,5667,,575,,6,,08,,16,,24,,44,,6,,68,,1333,,2526,,3429,,4954,,5872,,6375
86,"trafalgar_square",,4,,5,,6,,5,,425,,42,,0909,,1818,,3182,,3636,,4091,,5,,1481,,2667,,4158,,4211,,4169,,4565
87,"leaning_tower_of_pisa",,8,,8,,7,,6,,675,,68,,08,,24,,4,,48,,56,,68,,1455,,3692,,5091,,5333,,6121,,68
88,"hermitage_museum_saint_petersburg",,4,,6,,45,,5667,,65,,72,,04,,2,,28,,44,,52,,64,,0727,,3,,3452,,4954,,5778,,6776
89,"jantar_mantar_jaipur",1,0,1,0,,85,,8333,,8,,8,,12,,24,,44,,6,,72,,76,,2143,,3871,,5798,,6977,,7579,,7795
90,"lake_titicaca_peru",,2,,4,,55,,4333,,55,,5,,0417,,125,,3333,,375,,5833,,625,,069,,1905,,4151,,4021,,5662,,5556
91,"the_great_wall_of_china",,2,,6,,65,,6333,,675,,68,,04,,2,,28,,4,,52,,6,,0667,,3,,3914,,4903,,5874,,6375
92,"grande_arche_paris",,4,,3,,4,,4667,,475,,54,,04,,08,,2,,32,,36,,44,,0727,,1263,,2667,,3797,,4096,,4849
93,"el_angel_mexico",,2,,3,,25,,2667,,3,,34,,0476,,0952,,1429,,2857,,381,,5238,,0769,,1446,,1818,,2759,,3357,,4123
94,"bibliotheque_nationale_de_france",,8,,9,,8,,8,,825,,76,,12,,28,,4,,52,,56,,6,,2087,,4271,,5333,,6303,,6671,,6706
95,"kronborg_castle",1,0,,9,,85,,8333,,825,,82,,1667,,25,,3333,,375,,5,,5833,,2857,,3913,,4789,,5172,,6226,,6817
96,"ajanta_caves",1,0,1,0,1,0,,9,,9,,86,,1818,,4091,,5,,5,,5909,,5909,,3077,,5806,,6667,,6429,,7134,,7005
97,"atomium",1,0,1,0,1,0,,9,,9,,9,,2381,,381,,5714,,5714,,7143,,7619,,3846,,5517,,7273,,699,,7965,,8252
98,"ellora_caves",1,0,,9,,9,,9,,925,,94,,2273,,3636,,5,,5909,,6364,,6818,,3704,,518,,6429,,7134,,754,,7904
99,"potala_palace",,4,,4,,7,,7,,7,,74,,1111,,1667,,3889,,5,,5,,6111,,1739,,2353,,5,,5833,,5833,,6694
100,"jokhang",,4,,7,,6,,7,,7,,74,,08,,24,,4,,68,,76,,76,,1333,,3574,,48,,6899,,7288,,7499
101,"rila_monastery",1,0,1,0,,9,,8667,,875,,86,,12,,24,,36,,36,,36,,48,,2143,,3871,,5143,,5087,,5101,,6161
102,"louvre_pyramid",1,0,1,0,,95,,9,,85,,8,,2778,,4444,,5556,,7222,,7222,,7222,,4348,,6154,,7011,,8014,,7809,,7591
103,"brooklyn_bridge",1,0,,9,,85,,9,,9,,9,,1905,,2857,,5238,,5238,,5714,,5714,,32,,4337,,6482,,6622,,699,,699
104,"tower_of_london",,6,,6,,5,,5,,575,,62,,1304,,2609,,3043,,3913,,4783,,5652,,2143,,3636,,3784,,439,,5222,,5913
105,"british_museum_london",1,0,,9,,9,,9,,875,,88,,15,,25,,35,,5,,55,,55,,2609,,3913,,504,,6429,,6754,,6769
106,"buckingham_palace",,8,,5,,45,,4,,425,,42,,2,,25,,45,,5,,55,,55,,32,,3333,,45,,4444,,4795,,4763
107,"charles_bridge_prague",,6,,5,,7,,6667,,675,,72,,0833,,125,,3333,,4167,,4583,,5833,,1463,,2,,4516,,5128,,546,,6445
108,"champs_elysees_paris",,6,,6,,6,,5333,,5,,46,,2,,3333,,5333,,6,,6,,6667,,3,,4286,,5647,,5647,,5455,,5444
109,"chrysler_building",1,0,1,0,,9,,8667,,9,,84,,2857,,2857,,3571,,4286,,6429,,7143,,4444,,4444,,5114,,5735,,75,,7721
110,"moma_new_york",1,0,,8,,8,,7667,,8,,84,,2105,,3684,,5789,,7368,,7368,,8421,,3478,,5045,,6718,,7515,,7671,,8411
111,"grand_central_terminal",1,0,1,0,1,0,1,0,1,0,,98,,1429,,2381,,4762,,619,,7143,,7619,,25,,3846,,6452,,7647,,8333,,8573
112,"houses_of_parliament",,6,,4,,6,,7,,725,,76,,1304,,1739,,2609,,3913,,5652,,6087,,2143,,2424,,3636,,502,,6352,,676
113,"alexanderplatz_berlin",,6,,5,,6,,6667,,65,,64,,12,,16,,28,,48,,56,,6,,2,,2424,,3818,,5581,,6017,,6194
114,"centre_pompidou",,8,,9,,8,,7,,625,,66,,1667,,2778,,2778,,3333,,3333,,5556,,2759,,4245,,4124,,4516,,4348,,6033
115,"sydney_harbour_bridge",,4,,6,,55,,6,,625,,68,,125,,25,,375,,4375,,5625,,625,,1905,,3529,,4459,,506,,5921,,6513
116,"pier_39",1,0,1,0,,9,,9,,9,,88,,1429,,2381,,4286,,5238,,5238,,619,,25,,3846,,5806,,6622,,6622,,7268
117,"coit_tower",,6,,5,,55,,4667,,525,,5,,1333,,1333,,4667,,4667,,5333,,6,,2182,,2105,,5049,,4667,,5291,,5455
118,"st_paul_s_cathedral_london",,4,,6,,7,,7,,675,,7,,0588,,1765,,3529,,5882,,5882,,5882,,1026,,2727,,4693,,6393,,6286,,6393
119,"cloud_gate",,8,,7,,65,,6667,,675,,68,,3333,,5,,6667,,75,,8333,,9167,,4706,,5833,,6582,,7059,,7459,,7808
120,"musee_d_orsay",1,0,,9,,85,,8667,,9,,9,,1905,,2857,,4286,,5714,,619,,619,,32,,4337,,5698,,6887,,7335,,7335
121,"pike_place_market",,6,,7,,65,,6333,,625,,7,,0952,,1905,,2381,,2857,,3333,,5238,,1644,,2995,,3485,,3938,,4348,,5992
122,"royal_palace_madrid",,8,,7,,75,,8,,8,,8,,1364,,2727,,4545,,5455,,5909,,6364,,233,,3925,,566,,6486,,6797,,7089
123,"sony_center_berlin",,8,,8,,8,,8,,85,,84,,1905,,2381,,381,,381,,4286,,5238,,3077,,367,,5161,,5161,,5698,,6453
124,"red_square_moscow",,8,,6,,6,,6333,,65,,64,,1905,,2381,,4286,,5238,,5714,,6667,,3077,,3409,,5,,5734,,6082,,6531
125,"prague_castle",,4,,6,,7,,7333,,75,,76,,08,,24,,44,,56,,56,,68,,1333,,3429,,5404,,6351,,6412,,7178
126,"musee_du_louvre",1,0,,8,,85,,8667,,875,,9,,2,,28,,52,,6,,72,,8,,3333,,4148,,6453,,7091,,79,,8471
127,"millennium_bridge_london",1,0,,9,,8,,7667,,775,,78,,08,,24,,36,,44,,6,,64,,1481,,3789,,4966,,5591,,6764,,7031
128,"casa_mila",1,0,1,0,,95,,9333,,925,,92,,2,,32,,44,,52,,6,,64,,3333,,4848,,6014,,6679,,7279,,7549
129,"national_gallery_london",,4,,6,,6,,5667,,55,,52,,0909,,2273,,4091,,5,,5909,,6818,,1481,,3297,,4865,,5312,,5697,,59
130,"national_mall",,4,,6,,7,,7667,,725,,7,,04,,2,,36,,4,,6,,64,,0727,,3,,4755,,5257,,6566,,6687
131,"london_city_hall",,4,,6,,6,,6,,6,,6,,05,,2,,45,,6,,65,,7,,0889,,3,,5143,,6,,624,,6462
132,"holocaust_memorial",,2,,2,,35,,3667,,375,,44,,0625,,125,,1875,,375,,4375,,5,,0952,,1538,,2442,,3708,,4038,,4681
133,"columbus_circle",1,0,,8,,55,,5333,,5,,5,,2,,2,,24,,28,,32,,4,,3333,,32,,3342,,3672,,3902,,4444
134,"siegessaeule",,6,,7,,65,,6333,,625,,62,,12,,2,,36,,48,,6,,72,,2,,3111,,4634,,5461,,6122,,6663
135,"jardin_du_luxembourg",1,0,1,0,,95,,9333,,95,,94,,16,,32,,48,,56,,72,,76,,2759,,4848,,6378,,7,,8192,,8405
136,"merlion_singapore",,6,,4,,45,,4333,,4,,44,,1364,,1818,,2727,,3636,,4545,,5455,,2222,,25,,3396,,3954,,4255,,4871
137,"harrods_london",1,0,1,0,,85,,8667,,825,,86,,2,,32,,44,,52,,52,,6,,3333,,4848,,5798,,65,,6379,,7068
138,"metropolitan_museum_of_art_new_york",1,0,1,0,,9,,9333,,925,,94,,16,,28,,44,,6,,68,,72,,2759,,4375,,591,,7304,,7838,,8154
139,"new_york_stock_exchange",,4,,5,,4,,4,,375,,32,,1,,15,,15,,2,,25,,25,,16,,2308,,2182,,2667,,3,,2807
140,"stephansdom_vienna",,4,,5,,6,,6333,,65,,7,,08,,16,,4,,48,,52,,68,,1333,,2424,,48,,5461,,5778,,6899
141,"hms_belfast",,8,,9,,85,,8333,,85,,82,,16,,32,,48,,56,,6,,64,,2667,,4721,,6135,,6699,,7034,,7189
142,"leicester_square",,6,,5,,5,,5333,,5,,52,,12,,2,,28,,4,,44,,44,,2,,2857,,359,,4571,,4681,,4767
143,"ciudad_de_las_artes_y_las_ciencias",1,0,1,0,,9,,9333,,95,,92,,12,,28,,36,,48,,56,,56,,2143,,4375,,5143,,634,,7046,,6962
144,"topkapi_palace",1,0,,9,,95,,9333,,95,,96,,12,,2,,32,,44,,6,,72,,2143,,3273,,4787,,5981,,7355,,8229
145,"royal_albert_hall",,6,,7,,65,,6,,625,,62,,04,,16,,2,,28,,4,,52,,075,,2605,,3059,,3818,,4878,,5656
146,"st_vitus_cathedral",1,0,,9,,95,,8667,,9,,9,,2,,36,,48,,52,,56,,64,,3333,,5143,,6378,,65,,6904,,7481
147,"castello_sforzesco",1,0,,9,,8,,8333,,875,,88,,2,,32,,4,,48,,56,,68,,3333,,4721,,5333,,6091,,6829,,7672
148,"rijksmuseum_amsterdam",1,0,1,0,1,0,,9667,,975,,98,,16,,24,,4,,4,,44,,56,,2759,,3871,,5714,,5659,,6064,,7127
149,"dam_square",,4,,6,,7,,7333,,775,,76,,08,,2,,36,,52,,52,,52,,1333,,3,,4755,,6085,,6224,,6175
150,"rathaus_vienna",,6,,6,,5,,4667,,475,,48,,12,,2,,28,,36,,48,,48,,2,,3,,359,,4065,,4775,,48
151,"bath_abbey",,8,,9,,85,,8667,,825,,8,,16,,32,,52,,6,,68,,76,,2667,,4721,,6453,,7091,,7455,,7795
152,"salisbury_cathedral",1,0,,9,,85,,9,,875,,9,,2,,24,,36,,4,,48,,52,,3333,,3789,,5058,,5538,,6199,,6592
153,"templo_de_debod",,6,,7,,6,,5333,,475,,48,,1364,,3182,,4091,,4545,,5,,5455,,2222,,4375,,4865,,4908,,4872,,5106
154,"Niagara_Falls",,4,,6,,45,,5,,5,,52,,0909,,2727,,3636,,4091,,5,,5455,,1481,,375,,4022,,45,,5,,5324
155,"Golden_Gate_Bridge_in_San_Francisco",,8,,9,,9,,9,,925,,94,,1818,,3182,,5909,,7273,,8636,,9091,,2963,,4701,,7134,,8045,,8933,,9243
156,"Neuschwanstein_Castle",,8,,8,,9,,8667,,875,,9,,16,,28,,56,,68,,72,,76,,2667,,4148,,6904,,7621,,79,,8241
157,"Christ_Church_Cathedral_Missouri",,8,,8,,8,,8333,,8,,82,,16,,24,,36,,52,,6,,72,,2667,,3692,,4966,,6404,,6857,,7668
158,"Mount_Rushmore_in_South_Dakota",1,0,,9,,9,,9333,,9,,9,,2,,28,,44,,48,,6,,6,,3333,,4271,,591,,634,,72,,72
159,"Puerta_de_Toledo",,0,,0,,05,,0667,,075,,06,,0,,0,,5,1,0,1,0,1,0,,0,,0,,0909,,125,,1395,,1132
160,"Urquhart_Castle",1,0,,9,,9,,8667,,9,,92,,2083,,2917,,5833,,6667,,6667,,75,,3448,,4406,,7079,,7536,,766,,8263
161,"Gare_du_Nord_Paris",,2,,3,,5,,4667,,475,,46,,04,,12,,24,,36,,44,,44,,0667,,1714,,3243,,4065,,4568,,4498
162,"Newgrange_in_Ireland",,6,,4,,65,,6667,,7,,7,,125,,125,,2917,,4583,,625,,7083,,2069,,1905,,4027,,5432,,6604,,7041
163,"Windmills_at_Kinderdijk",1,0,,8,,85,,8667,,875,,9,,12,,2,,4,,4,,56,,64,,2143,,32,,544,,5474,,6829,,7481
164,"Conciergerie",1,0,,9,,95,,9667,,975,,98,,16,,28,,48,,6,,6,,64,,2759,,4271,,6378,,7404,,7429,,7743
165,"Palazzo_Madama",,6,,6,,7,,7,,65,,64,,0909,,1364,,3182,,4545,,5455,,5909,,1579,,2222,,4375,,5512,,5932,,6145
166,"Split_Rock_Lighthouse",1,0,,8,,7,,5667,,55,,58,,16,,16,,28,,36,,36,,52,,2759,,2667,,4,,4403,,4352,,5484
167,"The_Little_Mermaid_Denmark",,0,,1,,1,,0667,,075,,06,,0,,0714,,1429,,1429,,2143,,2143,,0,,0833,,1176,,0909,,1111,,0938
168,"Great_Pyramid_of_Giza",,8,,9,,85,,8333,,825,,78,,2,,2667,,5333,,6,,6,,6667,,32,,4114,,6554,,6977,,6947,,7189
169,"Pitti_Palace",,2,,5,,35,,3667,,45,,48,,0455,,1364,,1364,,2727,,3182,,3636,,0741,,2143,,1963,,3128,,3728,,4138
170,"Georgia_State_Capitol",,2,,3,,25,,1667,,15,,14,,0526,,1579,,2632,,2632,,2632,,3158,,0833,,2069,,2564,,2041,,1911,,194
171,"Dome_des_Invalides",1,0,,9,,9,,9,,925,,92,,12,,2,,44,,56,,64,,76,,2143,,3273,,591,,6904,,7565,,8324
172,"Reggia_di_Caserta",,8,,7,,6,,6667,,7,,72,,16,,2,,36,,44,,52,,6,,2667,,3111,,45,,5301,,5967,,6545
173,"The_Burj_al_Arab_Hotel",,8,,8,,75,,7,,725,,66,,16,,32,,44,,48,,6,,6,,2667,,4571,,5546,,5695,,6566,,6286
174,"Elephanta_Caves",1,0,1,0,,95,,9,,875,,84,,2083,,375,,4167,,5833,,625,,6667,,3448,,5455,,5793,,7079,,7292,,7434
175,"Basilica_of_Santa_Croce",,8,,9,,95,,9667,,975,,98,,12,,28,,44,,48,,48,,52,,2087,,4271,,6014,,6415,,6433,,6795
176,"Aachen_Cathedral",,6,,7,,85,,8667,,875,,86,,08,,16,,44,,6,,64,,72,,1412,,2605,,5798,,7091,,7393,,7838
177,"Monument_to_the_Great_Fire_of_London",,2,,4,,6,,6,,55,,56,,04,,16,,36,,44,,6,,68,,0667,,2286,,45,,5077,,5739,,6142
178,"Longmen_Grottoes",,6,,3,,55,,4333,,5,,52,,12,,12,,4,,44,,6,,64,,2,,1714,,4632,,4366,,5455,,5738
179,"Louisiana_State_Capitol",,4,,7,,45,,5333,,55,,46,,08,,28,,28,,48,,52,,56,,1333,,4,,3452,,5053,,5346,,5051
180,"The_Great_Sphinx_at_Giza",,8,,6,,45,,4,,475,,48,,12,,2,,32,,36,,48,,6,,2087,,3,,374,,3789,,4775,,5333
181,"Teatro_Real_Madrid",,4,,6,,55,,5667,,6,,58,,087,,2174,,3913,,4348,,5652,,6087,,1429,,3191,,4573,,492,,5821,,594
182,"Palacio_de_la_Magdalena",,6,,6,,6,,6,,575,,6,,12,,24,,4,,44,,6,,72,,2,,3429,,48,,5077,,5872,,6545
183,"Sowjetisches_Ehrenmal",,8,,7,,7,,6,,625,,64,,08,,16,,32,,36,,52,,56,,1455,,2605,,4392,,45,,5677,,5973
184,"Cathedral_of_Trier",,8,,7,,75,,7333,,775,,74,,12,,2,,28,,4,,56,,72,,2087,,3111,,4078,,5176,,6502,,7299
185,"Saint_Mary_of_the_Flower",,2,,2,,3,,3,,3,,3,,04,,08,,12,,2,,28,,28,,0667,,1143,,1714,,24,,2897,,2897
186,"Skellig_Michael",,8,,8,,8,,8333,,775,,78,,16,,24,,4,,48,,52,,56,,2667,,3692,,5333,,6091,,6224,,6519
187,"Chicago_Board_of_Trade_Building",,2,,3,,25,,3,,325,,32,,0455,,1364,,2273,,3636,,4545,,5,,0741,,1875,,2381,,3288,,379,,3902
188,"Pont_de_Normandie_France",,6,,6,,55,,5667,,525,,5,,1053,,1579,,2632,,4737,,4737,,5789,,1791,,25,,356,,516,,498,,5366
189,"Palazzo_Rosso",,2,,1,,1,,0667,,05,,04,,0417,,0417,,0833,,0833,,0833,,0833,,069,,0588,,0909,,0741,,0625,,0541
190,"Piazza_Vittorio_Veneto",,2,,3,,4,,4333,,4,,42,,0625,,1875,,375,,4375,,5,,5,,0952,,2308,,3871,,4354,,4444,,4565
191,"Sforza_Castle",1,0,,9,,95,,9,,9,,88,,12,,24,,4,,56,,6,,64,,2143,,3789,,563,,6904,,72,,7411
192,"Torres_KIO",1,0,,9,,75,,8,,775,,78,,16,,28,,36,,52,,68,,68,,2759,,4271,,4865,,6303,,7244,,7266
193,"Torre_Picasso",,8,,7,,75,,7333,,7,,74,,125,,2083,,375,,4583,,5417,,5833,,2162,,3211,,5,,5641,,6107,,6524
194,"The_Palace_of_Parliament_in_Bucharest",1,0,1,0,,9,,9,,9,,86,,2,,28,,4,,48,,56,,64,,3333,,4375,,5538,,6261,,6904,,7339
195,"Ernest_Hemingway_House",,8,,7,,6,,6,,6,,58,,12,,24,,4,,56,,56,,64,,2087,,3574,,48,,5793,,5793,,6085
196,"Castel_dellOvo_Napoli",,6,,8,,65,,6333,,625,,68,,12,,24,,4,,48,,56,,68,,2,,3692,,4952,,5461,,5907,,68
197,"Villa_Borghese_gardens",,8,,9,,85,,8333,,85,,84,,12,,28,,4,,52,,6,,72,,2087,,4271,,544,,6404,,7034,,7754
198,"Saint_Marks_Basilica",,8,,8,,9,,9333,,925,,9,,16,,32,,44,,48,,52,,52,,2667,,4571,,591,,634,,6657,,6592
199,"Mausoleum_of_the_First_Qin_Emperor",,8,,7,,7,,8,,775,,78,,16,,24,,4,,48,,56,,64,,2667,,3574,,5091,,6,,6502,,7031
200,"Mausoleum_of_Hadrian",,4,,4,,5,,5,,5,,52,,0556,,1667,,2778,,3889,,4444,,6111,,0976,,2353,,3571,,4375,,4706,,5619
201,"Piazza_de_Ferrari",1,0,1,0,,9,,9333,,85,,8,,2632,,4211,,4737,,7368,,7368,,7368,,4167,,5926,,6207,,8235,,7894,,7671
202,"George_Washington_Carver",,6,,5,,55,,5333,,575,,54,,125,,1875,,25,,5,,625,,6875,,2069,,2727,,3438,,5161,,599,,6049
203,"Cathedral_of_Santiago_de_Compostela",,4,,7,,8,,7333,,65,,7,,1176,,2941,,5882,,6471,,6471,,7647,,1818,,4142,,678,,6875,,6485,,7309
204,"Saint-Jacques_Tower",,8,,8,,8,,8,,775,,76,,2308,,3846,,5385,,6154,,6923,,8462,,3582,,5195,,6437,,6957,,7313,,8008
205,"Calakmul_Campeche_Mexico",,0,,1,,1,,1333,,175,,18,,0,,0714,,1429,,2143,,3571,,4286,,0,,0833,,1176,,1644,,2349,,2535
206,"Bran_Castle_in_Transylvania",,8,,7,,8,,8333,,8,,82,,2105,,2632,,4211,,6842,,7368,,8421,,3333,,3825,,5517,,7514,,7671,,8309
207,"Mosteiro_da_Batalha",1,0,1,0,1,0,1,0,1,0,,98,,2632,,4211,,5263,,6842,,6842,,6842,,4167,,5926,,6897,,8125,,8125,,8058
208,"Wartburg_Castle",,6,,8,,75,,8,,8,,84,,15,,3,,45,,55,,6,,65,,24,,4364,,5625,,6519,,6857,,7329
209,"Fujian_Tulou_Fujian_China",1,0,,7,,85,,8667,,875,,84,,1667,,1667,,4444,,5,,5556,,6667,,2857,,2692,,5837,,6341,,6796,,7434
210,"Alabama_State_Capitol",,4,,6,,45,,5333,,525,,54,,0952,,1905,,3333,,619,,7143,,7143,,1538,,2892,,383,,573,,6052,,615
211,"Palazzo_dAccursio",,6,,5,,55,,5333,,525,,58,,1667,,2778,,4444,,5556,,6111,,6667,,2609,,3571,,4916,,5442,,5648,,6203
212,"Casa_Grande_Ruins",,6,,6,,7,,7,,725,,7,,1765,,3529,,4118,,4706,,5882,,6471,,2727,,4444,,5185,,5628,,6495,,6725
213,"Stravinsky_Fountain",1,0,,9,,75,,7667,,8,,82,,2,,4,,5333,,6667,,7333,,7333,,3333,,5538,,6234,,7132,,7652,,7742
214,"Angel_Falls_Venezuela",,8,,5,,55,,5667,,525,,5,,2353,,2353,,4706,,5882,,6471,,7059,,3636,,32,,5072,,5772,,5797,,5854
215,"Statue_of_George_IV",,0,,1,,1,,1667,,2,,18,,0,,125,,25,,375,,5,,5,,0,,1111,,1429,,2308,,2857,,2647
216,"Palacio_Barolo",,6,,8,,85,,9,,925,,94,,1765,,4118,,6471,,7647,,8824,,8824,,2727,,5437,,7348,,8269,,9032,,9103
217,"Bridge_of_Remembrance_Christchurch_New_Zealand",,0,,1,,05,,0333,,025,,02,,0,,0833,,0833,,0833,,0833,,0833,,0,,0909,,0625,,0476,,0385,,0323
218,"John_A._Roebling_Suspension_Bridge",,4,,5,,45,,5333,,475,,5,,1333,,2667,,4,,6667,,6667,,8,,2,,3478,,4235,,5926,,5547,,6154
219,"Blue_Dome_Santorini",,8,,8,,7,,6,,55,,48,,125,,3125,,5,,5,,5625,,5625,,2162,,4494,,5833,,5455,,5562,,518
220,"Fossar_de_les_Moreres",1,0,,6,,7,,6,,55,,52,,2857,,3571,,5714,,7143,,7143,,7143,,4444,,4478,,6292,,6522,,6215,,6019
221,"Luxor_Obelisk_France",,8,,8,,9,,8333,,85,,82,,1875,,3125,,375,,4375,,5,,5,,3038,,4494,,5294,,5738,,6296,,6212
222,"Valle_de_los_Caidos",1,0,1,0,1,0,1,0,,95,,92,,15,,15,,4,,45,,55,,65,,2609,,2609,,5714,,6207,,6967,,7618
--------------------
"--","Avg.",P@5,P@10,P@20,P@30,P@40,P@50,CR@5,CR@10,CR@20,CR@30,CR@40,CR@50,F1@5,F1@10,F1@20,F1@30,F1@40,F1@50
,,,6946,,6932,,6894,,6865,,6857,,6867,,1348,,2399,,3911,,4916,,5629,,6252,,2236,,352,,4902,,5604,,6055,,6408