--------------------
"Run name","output_runCN3X3Silhouette"
--------------------
"Average P@20 = ",,6953
"Average CR@20 = ",,4095
"Average F1@20 = ",,5057
--------------------
"Query Id ","Location name",P@5,P@10,P@20,P@30,P@40,P@50,CR@5,CR@10,CR@20,CR@30,CR@40,CR@50,F1@5,F1@10,F1@20,F1@30,F1@40,F1@50
1,"angel_of_the_north",1,0,1,0,1,0,,9667,,975,,96,,2,,28,,4,,52,,68,,76,,3333,,4375,,5714,,6762,,8012,,8484
2,"big_ben",1,0,1,0,1,0,,9333,,95,,94,,1818,,4091,,5455,,5909,,5909,,6364,,3077,,5806,,7059,,7237,,7286,,7589
3,"hearst_castle",1,0,1,0,,95,,9,,9,,9,,2083,,3333,,4583,,625,,7083,,75,,3448,,5,,6183,,7377,,7927,,8182
4,"la_madeleine",,2,,2,,35,,3333,,325,,3,,0714,,1429,,3571,,3571,,4286,,4286,,1053,,1667,,3535,,3448,,3697,,3529
5,"pont_alexandre_iii",,8,,9,,85,,8,,85,,86,,16,,24,,48,,6,,68,,72,,2667,,3789,,6135,,6857,,7556,,7838
6,"neues_museum",,4,,5,,7,,7,,675,,7,,08,,16,,32,,44,,48,,6,,1333,,2424,,4392,,5404,,561,,6462
7,"montezuma_castle",,4,,5,,6,,6,,6,,58,,1667,,3333,,5833,,6667,,6667,,8333,,2353,,4,,5915,,6316,,6316,,684
8,"cn_tower",,6,,5,,6,,6667,,625,,64,,125,,1667,,2917,,4583,,5,,5833,,2069,,25,,3925,,5432,,5556,,6104
9,"acropolis_athens",,8,,8,,85,,8667,,825,,82,,1429,,2381,,5238,,619,,6667,,7143,,2424,,367,,6482,,7222,,7374,,7635
10,"agra_fort",1,0,,9,,85,,8333,,85,,84,,16,,24,,56,,68,,68,,76,,2759,,3789,,6752,,7489,,7556,,798
11,"albert_memorial",1,0,,9,,8,,7333,,775,,78,,1818,,2273,,4545,,5455,,5455,,5909,,3077,,3629,,5797,,6256,,6403,,6724
12,"altes_museum",1,0,1,0,,9,,8667,,825,,84,,1667,,2917,,3333,,4583,,5417,,625,,2857,,4516,,4865,,5996,,654,,7167
13,"amiens_cathedral",1,0,1,0,,95,,9667,,975,,98,,16,,28,,48,,6,,68,,76,,2759,,4375,,6378,,7404,,8012,,8561
14,"angkor_wat",1,0,,8,,75,,7667,,825,,82,,16,,24,,36,,44,,48,,56,,2759,,3692,,4865,,5591,,6069,,6655
15,"ara_pacis",,6,,6,,55,,5667,,525,,54,,1364,,1818,,4091,,5455,,5909,,6364,,2222,,2791,,4692,,5559,,556,,5842
16,"arc_de_triomphe",,8,,5,,4,,4333,,425,,48,,1667,,2083,,3333,,375,,4583,,5833,,2759,,2941,,3636,,4021,,441,,5266
17,"aztec_ruins",,8,,6,,4,,4333,,35,,3,,16,,24,,32,,48,,52,,52,,2667,,3429,,3556,,4555,,4184,,3805
18,"berlin_cathedral",1,0,1,0,1,0,,9667,,925,,94,,2,,4,,56,,68,,72,,72,,3333,,5714,,7179,,7984,,8097,,8154
19,"bok_tower_gardens",1,0,1,0,,95,,9333,,925,,9,,2,,32,,52,,64,,72,,8,,3333,,4848,,6721,,7593,,8097,,8471
20,"brandenburg_gate",1,0,,8,,85,,8333,,825,,86,,16,,24,,36,,56,,64,,72,,2759,,3692,,5058,,6699,,7208,,7838
21,"cabrillo",,0,,0,,1,,0667,,1,,12,,0,,0,,1538,,1538,,3077,,4615,,0,,0,,1212,,093,,1509,,1905
22,"casa_batllo",1,0,,9,,95,,9667,,925,,94,,2,,36,,48,,52,,56,,72,,3333,,5143,,6378,,6762,,6976,,8154
23,"casa_rosada",,8,,8,,85,,8667,,85,,82,,12,,2,,36,,52,,6,,64,,2087,,32,,5058,,65,,7034,,7189
24,"castillo_de_san_marcos",1,0,1,0,,95,,9,,9,,86,,2,,32,,44,,56,,72,,76,,3333,,4848,,6014,,6904,,8,,8069
25,"chartres_cathedral",,8,,9,,95,,9667,,975,,94,,16,,28,,6,,72,,76,,8,,2667,,4271,,7355,,8253,,8542,,8644
26,"chichen_itza",1,0,1,0,,95,,9667,,95,,96,,16,,28,,48,,52,,6,,64,,2759,,4375,,6378,,6762,,7355,,768
27,"christ_the_redeemer_rio",,6,,5,,55,,5,,5,,48,,1304,,2174,,3478,,3913,,3913,,4348,,2143,,303,,4262,,439,,439,,4563
28,"civic_center_san_francisco",,4,,4,,3,,2333,,25,,22,,08,,12,,2,,2,,28,,32,,1333,,1846,,24,,2154,,2642,,2607
29,"cologne_cathedral",,8,,9,,9,,9333,,95,,96,,12,,2,,36,,48,,64,,68,,2087,,3273,,5143,,634,,7648,,7961
30,"colosseum",1,0,1,0,,8,,8,,825,,82,,16,,32,,44,,52,,56,,68,,2759,,4848,,5677,,6303,,6671,,7435
31,"doge_s_palace",1,0,1,0,,9,,9,,85,,88,,16,,32,,56,,64,,72,,84,,2759,,4848,,6904,,7481,,7796,,8595
32,"eiffel_tower",1,0,,9,,95,,9667,,95,,94,,2,,28,,48,,64,,72,,8,,3333,,4271,,6378,,7701,,8192,,8644
33,"golden_gate_bridge",1,0,1,0,,95,,9,,9,,9,,2174,,3478,,5652,,6087,,6957,,6957,,3571,,5161,,7088,,7262,,7847,,7847
34,"grand_palais",,8,,9,,95,,9,,9,,92,,1364,,3636,,5,,5455,,5455,,6818,,233,,518,,6552,,6792,,6792,,7832
35,"guggenheim_museum_bilbao",1,0,1,0,1,0,,9333,,925,,92,,2,,28,,52,,56,,64,,68,,3333,,4375,,6842,,7,,7565,,782
36,"hagia_sophia_istanbul",1,0,,9,,9,,9,,925,,92,,16,,28,,52,,6,,64,,72,,2759,,4271,,6592,,72,,7565,,8078
37,"hoover_dam",1,0,,9,,85,,8333,,825,,82,,16,,24,,32,,4,,52,,68,,2759,,3789,,465,,5405,,6379,,7435
38,"humayun_tomb",,6,,6,,8,,7333,,725,,74,,12,,16,,4,,48,,52,,64,,2,,2526,,5333,,5802,,6056,,6864
39,"iguazu_falls",1,0,1,0,,85,,8333,,8,,78,,12,,24,,44,,56,,56,,68,,2143,,3871,,5798,,6699,,6588,,7266
40,"iolani_palace",1,0,,9,,75,,7333,,75,,78,,2,,32,,52,,56,,64,,72,,3333,,4721,,6142,,6351,,6906,,7488
41,"la_mezquita",,4,,4,,45,,4667,,5,,5,,0833,,1667,,2917,,4583,,5,,5833,,1379,,2353,,3539,,4625,,5,,5385
42,"la_rambla_barcelona",,8,,6,,6,,6667,,7,,74,,12,,2,,32,,4,,48,,56,,2087,,3,,4174,,5,,5695,,6375
43,"la_sainte_chapelle",,8,,9,,95,,9,,9,,92,,12,,28,,52,,56,,64,,72,,2087,,4271,,6721,,6904,,7481,,8078
44,"liberty_memorial",,0,,2,,35,,4,,45,,46,,0,,08,,24,,4,,48,,52,,0,,1143,,2847,,4,,4645,,4882
45,"lincoln_home",,0,,3,,2,,2333,,25,,24,,0,,1667,,2222,,2778,,4444,,5,,0,,2143,,2105,,2536,,32,,3243
46,"machu_picchu",,8,,7,,75,,8,,8,,84,,16,,2,,32,,48,,6,,6,,2667,,3111,,4486,,6,,6857,,7
47,"marble_arch_london",,0,,0,,15,,1,,1,,14,,0,,0,,25,,25,,25,,4167,,0,,0,,1875,,1429,,1429,,2096
48,"milan_cathedral",1,0,1,0,,95,,9333,,95,,94,,2,,24,,44,,52,,56,,68,,3333,,3871,,6014,,6679,,7046,,7891
49,"mole_antonelliana",,8,,8,,85,,8,,8,,78,,12,,28,,4,,56,,6,,72,,2087,,4148,,544,,6588,,6857,,7488
50,"mont_saint_michel",1,0,1,0,,9,,9,,875,,86,,2,,36,,52,,56,,6,,68,,3333,,5294,,6592,,6904,,7119,,7595
51,"moulin_rouge",,2,,3,,3,,2667,,225,,24,,125,,375,,5,,625,,625,,75,,1538,,3333,,375,,3738,,3309,,3636
52,"nelson_s_column",,8,,7,,7,,7,,75,,76,,1667,,25,,375,,4583,,5,,5833,,2759,,3684,,4884,,554,,6,,66
53,"notre_dame_de_paris",,6,,7,,8,,8,,8,,78,,12,,16,,44,,52,,6,,64,,2,,2605,,5677,,6303,,6857,,7031
54,"obelisco",,2,,2,,2,,2,,175,,18,,0909,,1818,,2727,,3636,,3636,,4545,,125,,1905,,2308,,2581,,2363,,2579
55,"piccadilly_circus",,4,,4,,4,,4333,,475,,56,,087,,1739,,3478,,4783,,5652,,6522,,1429,,2424,,3721,,4547,,5162,,6026
56,"place_de_la_concorde",1,0,1,0,1,0,,9667,,95,,94,,16,,32,,48,,48,,6,,76,,2759,,4848,,6486,,6415,,7355,,8405
57,"place_de_la_republique",,2,,2,,25,,1667,,175,,14,,125,,125,,5,,5,,5,,5,,1538,,1538,,3333,,25,,2593,,2188
58,"place_des_vosges",,8,,9,,85,,8667,,875,,82,,12,,28,,36,,64,,64,,64,,2087,,4271,,5058,,7363,,7393,,7189
59,"pont_du_gard",,4,,5,,45,,5667,,6,,62,,08,,2,,32,,44,,52,,56,,1333,,2857,,374,,4954,,5571,,5885
60,"pont_neuf",1,0,,8,,75,,7333,,675,,72,,16,,28,,48,,56,,68,,76,,2759,,4148,,5854,,6351,,6775,,7395
61,"ponte_vecchio",,6,,7,,6,,7,,7,,7,,0833,,2083,,3333,,5417,,5417,,7083,,1463,,3211,,4286,,6107,,6107,,7041
62,"puerta_de_alcala",,4,,4,,35,,4333,,425,,46,,1053,,1053,,2105,,4211,,5789,,6842,,1667,,1667,,2629,,4271,,4902,,5501
63,"puerta_del_sol",,4,,5,,6,,5,,425,,46,,1,,25,,45,,45,,45,,55,,16,,3333,,5143,,4737,,4371,,501
64,"red_fort",1,0,1,0,,95,,9333,,925,,94,,16,,32,,48,,6,,76,,8,,2759,,4848,,6378,,7304,,8344,,8644
65,"reims_cathedral",,4,,4,,55,,5333,,625,,68,,08,,12,,32,,48,,6,,68,,1333,,1846,,4046,,5053,,6122,,68
66,"rialto_bridge",,0,,2,,25,,2667,,225,,26,,0,,125,,25,,25,,3125,,375,,0,,1538,,25,,2581,,2616,,3071
67,"roman_forum_rome",1,0,1,0,1,0,1,0,,975,,98,,12,,28,,6,,72,,72,,8,,2143,,4375,,75,,8372,,8283,,8809
68,"sacre_coeur",,6,,6,,5,,4667,,525,,5,,125,,25,,375,,4167,,5,,5,,2069,,3529,,4286,,4403,,5122,,5
69,"sagrada_familia",1,0,1,0,,9,,9333,,95,,9,,2,,28,,52,,68,,72,,72,,3333,,4375,,6592,,7868,,8192,,8
70,"santa_maria_novella",,8,,6,,55,,5667,,525,,52,,16,,2,,36,,44,,52,,56,,2667,,3,,4352,,4954,,5225,,5393
71,"schonbrunn_palace",,8,,6,,65,,6667,,675,,72,,12,,2,,36,,44,,52,,6,,2087,,3,,4634,,5301,,5874,,6545
72,"seville_cathedral",,8,,9,,95,,9667,,975,,96,,16,,24,,48,,6,,72,,76,,2667,,3789,,6378,,7404,,8283,,8484
73,"spanish_steps",,8,,8,,65,,6333,,65,,66,,1818,,3182,,4091,,5455,,6818,,7727,,2963,,4553,,5021,,5861,,6655,,7119
74,"st__basil_cathedral",,6,,6,,8,,7333,,725,,72,,12,,2,,52,,56,,6,,68,,2,,3,,6303,,6351,,6566,,6994
75,"statue_of_liberty",,6,,7,,8,,7333,,65,,66,,12,,28,,44,,48,,52,,64,,2,,4,,5677,,5802,,5778,,6498
76,"stonehenge",,8,,8,,6,,6,,625,,56,,2105,,2632,,2632,,4737,,6316,,6842,,3333,,396,,3659,,5294,,6283,,6159
77,"summer_palace_beijing",1,0,1,0,,95,,8667,,8,,8,,2,,4,,44,,52,,64,,72,,3333,,5714,,6014,,65,,7111,,7579
78,"sydney_opera_house",,8,,8,,7,,7,,725,,72,,12,,24,,44,,48,,6,,68,,2087,,3692,,5404,,5695,,6566,,6994
79,"teotihuacan",1,0,,7,,8,,8,,775,,8,,2,,24,,44,,6,,68,,72,,3333,,3574,,5677,,6857,,7244,,7579
80,"terracotta_army",,6,,5,,55,,6,,6,,62,,15,,15,,4,,5,,55,,65,,24,,2308,,4632,,5455,,5739,,6346
81,"the_blue_mosque",,8,,6,,7,,7333,,725,,72,,16,,24,,44,,52,,56,,56,,2667,,3429,,5404,,6085,,6319,,63
82,"the_henry_ford",,8,,8,,75,,7333,,675,,68,,12,,28,,36,,4,,48,,56,,2087,,4148,,4865,,5176,,561,,6142
83,"taj_mahal",,6,,7,,8,,8,,8,,8,,12,,24,,4,,48,,6,,64,,2,,3574,,5333,,6,,6857,,7111
84,"tour_montparnasse",,4,,4,,45,,4333,,4,,42,,1,,2,,4,,4,,5,,6,,16,,2667,,4235,,416,,4444,,4941
85,"tower_bridge_london",,4,,6,,65,,5333,,575,,58,,08,,2,,36,,44,,52,,64,,1333,,3,,4634,,4822,,5461,,6085
86,"trafalgar_square",,8,,8,,55,,5333,,475,,46,,1818,,2727,,3636,,4091,,5,,5455,,2963,,4068,,4378,,463,,4872,,4991
87,"leaning_tower_of_pisa",,4,,6,,75,,8,,725,,7,,08,,2,,4,,56,,6,,68,,1333,,3,,5217,,6588,,6566,,6899
88,"hermitage_museum_saint_petersburg",,6,,6,,7,,6667,,7,,72,,12,,24,,4,,48,,52,,6,,2,,3429,,5091,,5581,,5967,,6545
89,"jantar_mantar_jaipur",1,0,1,0,,8,,7333,,75,,76,,12,,24,,4,,52,,72,,76,,2143,,3871,,5333,,6085,,7347,,76
90,"lake_titicaca_peru",,4,,5,,6,,5333,,475,,52,,0833,,1667,,375,,4583,,5,,625,,1379,,25,,4615,,493,,4872,,5677
91,"the_great_wall_of_china",,6,,6,,65,,6,,675,,68,,12,,16,,36,,44,,52,,6,,2,,2526,,4634,,5077,,5874,,6375
92,"grande_arche_paris",,4,,5,,55,,5,,525,,5,,08,,16,,32,,32,,44,,52,,1333,,2424,,4046,,3902,,4788,,5098
93,"el_angel_mexico",,2,,2,,25,,2667,,3,,32,,0476,,0952,,2381,,3333,,381,,4762,,0769,,129,,2439,,2963,,3357,,3828
94,"bibliotheque_nationale_de_france",,8,,9,,85,,8,,775,,74,,12,,24,,44,,52,,56,,6,,2087,,3789,,5798,,6303,,6502,,6627
95,"kronborg_castle",,8,,9,,8,,8,,85,,86,,1667,,2917,,4167,,5417,,5833,,625,,2759,,4406,,5479,,646,,6919,,7239
96,"ajanta_caves",1,0,,9,,9,,8333,,8,,82,,1818,,3182,,4091,,5455,,6364,,6364,,3077,,4701,,5625,,6593,,7089,,7166
97,"atomium",1,0,1,0,,9,,9,,85,,84,,2381,,381,,5238,,6667,,7143,,7143,,3846,,5517,,6622,,766,,7763,,7721
98,"ellora_caves",1,0,1,0,,95,,9333,,925,,94,,1818,,2727,,4091,,4545,,6364,,7273,,3077,,4286,,5719,,6114,,754,,8201
99,"potala_palace",,4,,5,,65,,6,,65,,68,,0556,,2222,,3333,,3333,,3333,,5,,0976,,3077,,4407,,4286,,4407,,5763
100,"jokhang",,6,,8,,8,,7333,,75,,72,,12,,32,,52,,56,,68,,68,,2,,4571,,6303,,6351,,7133,,6994
101,"rila_monastery",,8,,9,,85,,8333,,85,,82,,16,,28,,36,,36,,44,,48,,2667,,4271,,5058,,5028,,5798,,6055
102,"louvre_pyramid",1,0,1,0,,95,,8667,,875,,84,,2222,,3333,,5556,,6667,,7222,,7222,,3636,,5,,7011,,7536,,7913,,7767
103,"brooklyn_bridge",1,0,,9,,8,,8333,,875,,86,,2381,,3333,,4286,,4762,,5238,,619,,3846,,4865,,5581,,6061,,6553,,7199
104,"tower_of_london",,6,,8,,6,,6333,,65,,62,,1304,,3043,,3913,,5217,,6087,,6522,,2143,,4409,,4737,,5721,,6287,,6357
105,"british_museum_london",,8,,9,,9,,9,,9,,92,,15,,3,,3,,4,,55,,6,,2526,,45,,45,,5538,,6828,,7263
106,"buckingham_palace",1,0,,8,,6,,5333,,525,,42,,25,,3,,5,,5,,55,,55,,4,,4364,,5455,,5161,,5372,,4763
107,"charles_bridge_prague",,8,,8,,65,,7,,675,,66,,125,,2083,,3333,,4583,,5833,,625,,2162,,3306,,4407,,554,,6258,,642
108,"champs_elysees_paris",,8,,5,,5,,5333,,525,,54,,2667,,3333,,6,,6,,6,,6667,,4,,4,,5455,,5647,,56,,5967
109,"chrysler_building",1,0,1,0,,9,,9,,9,,88,,1429,,3571,,4286,,5714,,5714,,6429,,25,,5263,,5806,,699,,699,,743
110,"moma_new_york",,8,,7,,7,,7667,,825,,82,,2105,,3158,,4211,,5789,,7368,,8421,,3333,,4352,,5258,,6597,,7784,,8309
111,"grand_central_terminal",1,0,1,0,,95,,9667,,975,,96,,2381,,3333,,5238,,5714,,6667,,8095,,3846,,5,,6753,,7183,,7919,,8784
112,"houses_of_parliament",,0,,4,,6,,6333,,7,,72,,0,,087,,3478,,5217,,6087,,6522,,0,,1429,,4404,,5721,,6512,,6844
113,"alexanderplatz_berlin",,4,,4,,6,,6,,65,,64,,08,,16,,36,,44,,6,,64,,1333,,2286,,45,,5077,,624,,64
114,"centre_pompidou",,8,,8,,65,,7,,7,,68,,1111,,2778,,2778,,5,,5556,,6111,,1951,,4124,,3892,,5833,,6195,,6437
115,"sydney_harbour_bridge",,6,,6,,55,,6333,,65,,7,,1875,,1875,,375,,5,,5,,625,,2857,,2857,,4459,,5588,,5652,,6604
116,"pier_39",1,0,1,0,,85,,8667,,875,,9,,1905,,2857,,5238,,5714,,7143,,8095,,32,,4444,,6482,,6887,,7865,,8524
117,"coit_tower",,6,,5,,45,,5667,,625,,64,,1333,,1333,,2,,3333,,5333,,6,,2182,,2105,,2769,,4198,,5755,,6194
118,"st_paul_s_cathedral_london",,4,,6,,7,,7,,675,,7,,0588,,1765,,3529,,5882,,5882,,5882,,1026,,2727,,4693,,6393,,6286,,6393
119,"cloud_gate",1,0,,8,,75,,7667,,75,,74,,4167,,5833,,75,,8333,,8333,,8333,,5882,,6747,,75,,7986,,7895,,7839
120,"musee_d_orsay",1,0,,9,,95,,9333,,925,,94,,1905,,2857,,5238,,5714,,6667,,7143,,32,,4337,,6753,,7089,,7749,,8117
121,"pike_place_market",,4,,5,,6,,6,,675,,64,,0476,,1905,,2857,,3333,,4762,,4762,,0851,,2759,,3871,,4286,,5584,,5461
122,"royal_palace_madrid",,6,,7,,7,,8,,75,,76,,1364,,2727,,4091,,5455,,5909,,7273,,2222,,3925,,5164,,6486,,661,,7433
123,"sony_center_berlin",1,0,1,0,,9,,8333,,825,,84,,1905,,381,,4762,,4762,,5238,,5714,,32,,5517,,6228,,6061,,6408,,6802
124,"red_square_moscow",1,0,,8,,7,,6667,,65,,62,,1905,,3333,,4762,,5714,,619,,619,,32,,4706,,5668,,6154,,6341,,6195
125,"prague_castle",,6,,8,,75,,8,,775,,78,,12,,28,,44,,56,,6,,72,,2,,4148,,5546,,6588,,6764,,7488
126,"musee_du_louvre",1,0,1,0,1,0,,9667,,95,,94,,2,,32,,56,,68,,76,,84,,3333,,4848,,7179,,7984,,8444,,8872
127,"millennium_bridge_london",1,0,,8,,85,,8333,,8,,78,,16,,28,,48,,6,,68,,68,,2759,,4148,,6135,,6977,,7351,,7266
128,"casa_mila",1,0,1,0,,95,,9333,,95,,94,,2,,28,,44,,52,,6,,6,,3333,,4375,,6014,,6679,,7355,,7325
129,"national_gallery_london",,4,,6,,55,,5333,,475,,46,,0909,,2727,,3636,,4545,,5455,,6364,,1481,,375,,4378,,4908,,5078,,534
130,"national_mall",,6,,6,,65,,6667,,725,,72,,08,,2,,4,,52,,56,,68,,1412,,3,,4952,,5843,,6319,,6994
131,"london_city_hall",,4,,5,,6,,5667,,6,,62,,05,,15,,4,,6,,75,,85,,0889,,2308,,48,,5829,,6667,,717
132,"holocaust_memorial",,4,,4,,55,,5333,,5,,48,,125,,1875,,375,,5,,5625,,5625,,1905,,2553,,4459,,5161,,5294,,518
133,"columbus_circle",,4,,6,,65,,6333,,55,,52,,08,,2,,28,,36,,44,,44,,1333,,3,,3914,,4591,,4889,,4767
134,"siegessaeule",,8,,8,,65,,7333,,625,,62,,16,,24,,4,,56,,6,,72,,2667,,3692,,4952,,6351,,6122,,6663
135,"jardin_du_luxembourg",1,0,1,0,1,0,,9333,,925,,88,,16,,32,,56,,64,,72,,8,,2759,,4848,,7179,,7593,,8097,,8381
136,"merlion_singapore",,6,,5,,55,,4667,,45,,42,,1364,,2273,,3636,,5,,5455,,5455,,2222,,3125,,4378,,4828,,4932,,4746
137,"harrods_london",1,0,,9,,9,,9,,825,,76,,16,,32,,52,,6,,64,,64,,2759,,4721,,6592,,72,,7208,,6949
138,"metropolitan_museum_of_art_new_york",1,0,1,0,,9,,9,,9,,92,,2,,32,,4,,52,,64,,68,,3333,,4848,,5538,,6592,,7481,,782
139,"new_york_stock_exchange",,4,,5,,4,,4,,375,,32,,1,,15,,15,,2,,25,,25,,16,,2308,,2182,,2667,,3,,2807
140,"stephansdom_vienna",,6,,6,,65,,6333,,675,,72,,12,,2,,44,,56,,64,,72,,2,,3,,5248,,5944,,657,,72
141,"hms_belfast",,6,,8,,8,,8333,,875,,88,,12,,28,,4,,52,,6,,68,,2,,4148,,5333,,6404,,7119,,7672
142,"leicester_square",,6,,6,,7,,6667,,725,,68,,12,,2,,36,,4,,44,,44,,2,,3,,4755,,5,,5476,,5343
143,"ciudad_de_las_artes_y_las_ciencias",1,0,1,0,,9,,9333,,925,,9,,16,,32,,44,,48,,64,,68,,2759,,4848,,591,,634,,7565,,7747
144,"topkapi_palace",1,0,,9,,9,,9,,925,,92,,16,,2,,4,,52,,68,,68,,2759,,3273,,5538,,6592,,7838,,782
145,"royal_albert_hall",,6,,7,,65,,6,,625,,62,,04,,16,,2,,28,,4,,52,,075,,2605,,3059,,3818,,4878,,5656
146,"st_vitus_cathedral",1,0,,9,,85,,9,,875,,88,,16,,24,,44,,52,,6,,64,,2759,,3789,,5798,,6592,,7119,,7411
147,"castello_sforzesco",,8,,7,,8,,8,,8,,84,,12,,2,,44,,56,,64,,72,,2087,,3111,,5677,,6588,,7111,,7754
148,"rijksmuseum_amsterdam",1,0,1,0,1,0,1,0,,975,,96,,2,,32,,48,,56,,6,,64,,3333,,4848,,6486,,7179,,7429,,768
149,"dam_square",,8,,6,,7,,6333,,7,,72,,12,,16,,4,,48,,52,,56,,2087,,2526,,5091,,5461,,5967,,63
150,"rathaus_vienna",,6,,5,,55,,5667,,5,,54,,12,,2,,32,,36,,44,,52,,2,,2857,,4046,,4403,,4681,,5298
151,"bath_abbey",,8,,9,,9,,8667,,875,,84,,16,,28,,56,,64,,72,,72,,2667,,4271,,6904,,7363,,79,,7754
152,"salisbury_cathedral",,8,,9,,75,,8333,,825,,84,,16,,24,,32,,44,,48,,6,,2667,,3789,,4486,,5759,,6069,,7
153,"templo_de_debod",,8,,8,,6,,6333,,625,,58,,1818,,3182,,4091,,5,,5455,,5909,,2963,,4553,,4865,,5588,,5825,,5854
154,"Niagara_Falls",,6,,7,,55,,5333,,5,,56,,1364,,2727,,3636,,5,,5909,,6364,,2222,,3925,,4378,,5161,,5417,,5957
155,"Golden_Gate_Bridge_in_San_Francisco",1,0,1,0,,95,,9333,,95,,96,,1818,,3636,,6364,,7727,,7727,,9091,,3077,,5333,,7622,,8455,,8522,,9339
156,"Neuschwanstein_Castle",1,0,,9,,9,,9,,9,,92,,2,,28,,6,,72,,76,,76,,3333,,4271,,72,,8,,8241,,8324
157,"Christ_Church_Cathedral_Missouri",1,0,,9,,85,,7333,,725,,72,,16,,28,,4,,52,,56,,64,,2759,,4271,,544,,6085,,6319,,6776
158,"Mount_Rushmore_in_South_Dakota",1,0,1,0,,9,,8667,,875,,8,,16,,28,,4,,48,,56,,6,,2759,,4375,,5538,,6178,,6829,,6857
159,"Puerta_de_Toledo",,0,,0,,05,,0667,,075,,06,,0,,0,,5,1,0,1,0,1,0,,0,,0,,0909,,125,,1395,,1132
160,"Urquhart_Castle",,8,,7,,8,,8667,,825,,86,,1667,,25,,4583,,5417,,5417,,625,,2759,,3684,,5828,,6667,,654,,7239
161,"Gare_du_Nord_Paris",,4,,4,,45,,5333,,525,,52,,08,,16,,2,,32,,36,,4,,1333,,2286,,2769,,4,,4271,,4522
162,"Newgrange_in_Ireland",,2,,6,,6,,5667,,575,,6,,0417,,2083,,375,,4167,,5,,6667,,069,,3093,,4615,,4802,,5349,,6316
163,"Windmills_at_Kinderdijk",1,0,,9,,8,,8333,,875,,9,,16,,24,,36,,52,,72,,8,,2759,,3789,,4966,,6404,,79,,8471
164,"Conciergerie",1,0,,9,,95,,9333,,925,,94,,2,,32,,56,,6,,64,,72,,3333,,4721,,7046,,7304,,7565,,8154
165,"Palazzo_Madama",,4,,5,,65,,6333,,575,,64,,0455,,0909,,4091,,5,,5455,,7273,,0816,,1538,,5021,,5588,,5598,,6809
166,"Split_Rock_Lighthouse",,4,,6,,45,,5333,,525,,52,,04,,08,,2,,28,,32,,4,,0727,,1412,,2769,,3672,,3976,,4522
167,"The_Little_Mermaid_Denmark",,4,,2,,1,,0667,,05,,04,,1429,,1429,,1429,,1429,,1429,,1429,,2105,,1667,,1176,,0909,,0741,,0625
168,"Great_Pyramid_of_Giza",,8,,9,,85,,8,,775,,72,,1333,,3333,,6,,6667,,7333,,7333,,2286,,4865,,7034,,7273,,7536,,7266
169,"Pitti_Palace",,2,,2,,35,,3667,,425,,42,,0455,,0909,,2727,,3636,,4545,,5,,0741,,125,,3066,,3651,,4393,,4565
170,"Georgia_State_Capitol",,2,,2,,2,,1667,,2,,18,,0526,,1053,,2105,,2632,,3158,,3158,,0833,,1379,,2051,,2041,,2449,,2293
171,"Dome_des_Invalides",,8,,8,,85,,9,,9,,9,,12,,16,,36,,52,,72,,76,,2087,,2667,,5058,,6592,,8,,8241
172,"Reggia_di_Caserta",,8,,7,,8,,7667,,8,,76,,16,,24,,36,,44,,52,,6,,2667,,3574,,4966,,5591,,6303,,6706
173,"The_Burj_al_Arab_Hotel",,6,,6,,7,,7667,,775,,7,,12,,24,,4,,6,,6,,6,,2,,3429,,5091,,6732,,6764,,6462
174,"Elephanta_Caves",1,0,,9,,8,,7667,,8,,8,,1667,,25,,4583,,4583,,5833,,5833,,2857,,3913,,5828,,5737,,6747,,6747
175,"Basilica_of_Santa_Croce",1,0,1,0,,95,,9667,,975,,98,,2,,32,,48,,52,,64,,64,,3333,,4848,,6378,,6762,,7728,,7743
176,"Aachen_Cathedral",,8,,9,,8,,8667,,875,,88,,16,,32,,52,,56,,6,,64,,2667,,4721,,6303,,6804,,7119,,7411
177,"Monument_to_the_Great_Fire_of_London",,4,,6,,5,,5,,5,,54,,08,,2,,32,,4,,44,,64,,1333,,3,,3902,,4444,,4681,,5858
178,"Longmen_Grottoes",,8,,8,,6,,5667,,55,,54,,16,,28,,36,,52,,68,,72,,2667,,4148,,45,,5423,,6081,,6171
179,"Louisiana_State_Capitol",,8,,7,,55,,5667,,45,,4,,16,,28,,4,,52,,52,,52,,2667,,4,,4632,,5423,,4825,,4522
180,"The_Great_Sphinx_at_Giza",,4,,5,,55,,4333,,55,,58,,08,,2,,36,,44,,52,,64,,1333,,2857,,4352,,4366,,5346,,6085
181,"Teatro_Real_Madrid",,2,,5,,6,,5333,,575,,52,,0435,,1739,,3913,,4783,,5652,,6957,,0714,,2581,,4737,,5043,,5701,,5951
182,"Palacio_de_la_Magdalena",,8,,6,,6,,6333,,575,,58,,16,,24,,48,,6,,68,,72,,2667,,3429,,5333,,6162,,6231,,6425
183,"Sowjetisches_Ehrenmal",,8,,8,,75,,7,,65,,66,,12,,28,,4,,48,,52,,6,,2087,,4148,,5217,,5695,,5778,,6286
184,"Cathedral_of_Trier",,6,,6,,5,,6333,,6,,62,,12,,2,,32,,44,,6,,68,,2,,3,,3902,,5193,,6,,6486
185,"Saint_Mary_of_the_Flower",,2,,4,,4,,3667,,375,,36,,04,,12,,2,,28,,28,,32,,0667,,1846,,2667,,3175,,3206,,3388
186,"Skellig_Michael",,8,,8,,8,,8333,,825,,82,,16,,28,,44,,52,,64,,68,,2667,,4148,,5677,,6404,,7208,,7435
187,"Chicago_Board_of_Trade_Building",,2,,2,,2,,2333,,275,,36,,0455,,0909,,1818,,2727,,4091,,5,,0741,,125,,1905,,2515,,3289,,4186
188,"Pont_de_Normandie_France",,8,,6,,55,,6,,575,,58,,1053,,1579,,2632,,3158,,4737,,5263,,186,,25,,356,,4138,,5194,,5519
189,"Palazzo_Rosso",,2,,1,,05,,1,,075,,08,,0417,,0417,,0417,,125,,125,,1667,,069,,0588,,0455,,1111,,0937,,1081
190,"Piazza_Vittorio_Veneto",,2,,3,,35,,3667,,375,,4,,0625,,1875,,4375,,5625,,75,,8125,,0952,,2308,,3889,,4439,,5,,5361
191,"Sforza_Castle",1,0,,9,,9,,9333,,875,,86,,12,,2,,44,,56,,6,,64,,2143,,3273,,591,,7,,7119,,7339
192,"Torres_KIO",,8,,8,,75,,8,,8,,84,,12,,28,,36,,56,,64,,64,,2087,,4148,,4865,,6588,,7111,,7265
193,"Torre_Picasso",,8,,8,,75,,7667,,725,,76,,125,,2083,,3333,,4583,,5417,,5833,,2162,,3306,,4615,,5737,,6201,,66
194,"The_Palace_of_Parliament_in_Bucharest",1,0,1,0,,9,,9333,,925,,92,,2,,28,,44,,48,,52,,6,,3333,,4375,,591,,634,,6657,,7263
195,"Ernest_Hemingway_House",,4,,4,,45,,6,,575,,58,,08,,16,,36,,48,,6,,68,,1333,,2286,,4,,5333,,5872,,626
196,"Castel_dellOvo_Napoli",,4,,7,,7,,7333,,75,,72,,08,,24,,44,,64,,68,,68,,1333,,3574,,5404,,6835,,7133,,6994
197,"Villa_Borghese_gardens",,8,,8,,85,,8667,,8,,84,,16,,32,,52,,64,,64,,68,,2667,,4571,,6453,,7363,,7111,,7516
198,"Saint_Marks_Basilica",1,0,,9,,8,,8,,825,,84,,2,,32,,44,,52,,56,,64,,3333,,4721,,5677,,6303,,6671,,7265
199,"Mausoleum_of_the_First_Qin_Emperor",1,0,1,0,1,0,,8667,,875,,8,,2,,28,,56,,6,,72,,72,,3333,,4375,,7179,,7091,,79,,7579
200,"Mausoleum_of_Hadrian",,4,,5,,55,,5667,,575,,6,,1111,,2222,,4444,,5556,,6111,,6667,,1739,,3077,,4916,,5611,,5925,,6316
201,"Piazza_de_Ferrari",,8,,7,,7,,7667,,775,,76,,1579,,3158,,5789,,7895,,8947,,8947,,2637,,4352,,6337,,7779,,8306,,8219
202,"George_Washington_Carver",,8,,6,,5,,4667,,4,,44,,125,,25,,25,,3125,,375,,4375,,2162,,3529,,3333,,3743,,3871,,4387
203,"Cathedral_of_Santiago_de_Compostela",,4,,7,,8,,7333,,65,,7,,1176,,2941,,5882,,6471,,6471,,7647,,1818,,4142,,678,,6875,,6485,,7309
204,"Saint-Jacques_Tower",1,0,,7,,7,,6667,,7,,7,,3846,,5385,,6923,,6923,,6923,,7692,,5556,,6087,,6961,,6792,,6961,,733
205,"Calakmul_Campeche_Mexico",,0,,0,,05,,1,,15,,18,,0,,0,,0714,,1429,,2857,,4286,,0,,0,,0588,,1176,,1967,,2535
206,"Bran_Castle_in_Transylvania",,8,,9,,85,,8333,,825,,82,,1053,,3158,,5263,,5789,,7895,,7895,,186,,4675,,6501,,6832,,8068,,8044
207,"Mosteiro_da_Batalha",1,0,1,0,1,0,1,0,1,0,1,0,,2632,,4211,,5789,,6316,,6316,,6842,,4167,,5926,,7333,,7742,,7742,,8125
208,"Wartburg_Castle",,8,,7,,75,,8333,,825,,84,,2,,25,,45,,5,,55,,7,,32,,3684,,5625,,625,,66,,7636
209,"Fujian_Tulou_Fujian_China",1,0,,8,,9,,8667,,9,,9,,1667,,2222,,3889,,5556,,6111,,6111,,2857,,3478,,5431,,6771,,7279,,7279
210,"Alabama_State_Capitol",,8,,8,,6,,5,,5,,48,,1905,,2381,,3333,,4286,,4762,,5714,,3077,,367,,4286,,4615,,4878,,5217
211,"Palazzo_dAccursio",,2,,4,,5,,5333,,575,,56,,0556,,1667,,3889,,4444,,5,,5556,,087,,2353,,4375,,4848,,5349,,5578
212,"Casa_Grande_Ruins",,2,,5,,65,,7,,7,,72,,0588,,2353,,5294,,5882,,5882,,5882,,0909,,32,,5835,,6393,,6393,,6475
213,"Stravinsky_Fountain",1,0,,8,,8,,8333,,8,,84,,2,,4,,5333,,6,,6,,6,,3333,,5333,,64,,6977,,6857,,7
214,"Angel_Falls_Venezuela",,4,,4,,55,,5,,5,,48,,1176,,1765,,4118,,5882,,5882,,5882,,1818,,2449,,4709,,5405,,5405,,5286
215,"Statue_of_George_IV",,4,,3,,25,,2667,,2,,22,,25,,375,,5,,625,,625,,75,,3077,,3333,,3333,,3738,,303,,3402
216,"Palacio_Barolo",,8,,9,,85,,8333,,875,,9,,1765,,3529,,5882,,7059,,7059,,8235,,2892,,507,,6953,,7643,,7814,,8601
217,"Bridge_of_Remembrance_Christchurch_New_Zealand",,0,,1,,05,,0333,,025,,02,,0,,0833,,0833,,0833,,0833,,0833,,0,,0909,,0625,,0476,,0385,,0323
218,"John_A._Roebling_Suspension_Bridge",,6,,6,,5,,5,,55,,56,,1333,,3333,,5333,,5333,,6667,,8,,2182,,4286,,5161,,5161,,6027,,6588
219,"Blue_Dome_Santorini",,8,,8,,65,,5667,,55,,48,,25,,375,,5625,,625,,625,,625,,381,,5106,,6031,,5944,,5851,,543
220,"Fossar_de_les_Moreres",,6,,7,,65,,5667,,55,,56,,1429,,3571,,5,,6429,,7143,,7857,,2308,,473,,5652,,6024,,6215,,6539
221,"Luxor_Obelisk_France",,8,,9,,95,,9,,8,,8,,25,,3125,,4375,,5,,5,,5,,381,,4639,,5991,,6429,,6154,,6154
222,"Valle_de_los_Caidos",1,0,1,0,,95,,9333,,9,,92,,2,,25,,35,,5,,65,,7,,3333,,4,,5115,,6512,,7548,,7951
--------------------
"--","Avg.",P@5,P@10,P@20,P@30,P@40,P@50,CR@5,CR@10,CR@20,CR@30,CR@40,CR@50,F1@5,F1@10,F1@20,F1@30,F1@40,F1@50
,,,7018,,7054,,6953,,6916,,6886,,689,,1389,,245,,4095,,5053,,5751,,6381,,2296,,3586,,5057,,5722,,6147,,6495