--------------------
"Run name","output_runPHOGDaviesBouldin"
--------------------
"Average P@20 = ",,6944
"Average CR@20 = ",,3714
"Average F1@20 = ",,4726
--------------------
"Query Id ","Location name",P@5,P@10,P@20,P@30,P@40,P@50,CR@5,CR@10,CR@20,CR@30,CR@40,CR@50,F1@5,F1@10,F1@20,F1@30,F1@40,F1@50
1,"angel_of_the_north",1,0,1,0,,95,,9,,9,,88,,16,,24,,48,,6,,68,,8,,2759,,3871,,6378,,72,,7747,,8381
2,"big_ben",,8,,9,,95,,9667,,975,,98,,1818,,3636,,5455,,5909,,6818,,7273,,2963,,518,,693,,7335,,8025,,8349
3,"hearst_castle",1,0,1,0,1,0,,9667,,975,,98,,2083,,375,,5417,,75,,8333,,9167,,3448,,5455,,7027,,8447,,8986,,9473
4,"la_madeleine",,4,,5,,4,,4,,35,,38,,1429,,2143,,2143,,3571,,4286,,4286,,2105,,3,,2791,,3774,,3853,,4028
5,"pont_alexandre_iii",,8,,7,,8,,8667,,875,,9,,16,,2,,4,,52,,56,,64,,2667,,3111,,5333,,65,,6829,,7481
6,"neues_museum",,8,,6,,75,,7,,7,,64,,16,,2,,4,,44,,56,,6,,2667,,3,,5217,,5404,,6222,,6194
7,"montezuma_castle",,8,,7,,55,,5667,,575,,6,,3333,,3333,,5833,,6667,,8333,,8333,,4706,,4516,,5662,,6126,,6805,,6977
8,"cn_tower",,6,,4,,55,,4333,,5,,54,,125,,1667,,375,,375,,5417,,5833,,2069,,2353,,4459,,4021,,52,,5608
9,"acropolis_athens",1,0,1,0,,9,,8333,,775,,78,,1429,,2381,,4286,,5714,,5714,,619,,25,,3846,,5806,,678,,6578,,6903
10,"agra_fort",,8,,9,,95,,8667,,875,,86,,12,,28,,56,,56,,72,,76,,2087,,4271,,7046,,6804,,79,,8069
11,"albert_memorial",,8,,9,,9,,8667,,85,,82,,1364,,2727,,4091,,4091,,5,,5,,233,,4186,,5625,,5558,,6296,,6212
12,"altes_museum",1,0,1,0,,95,,9,,875,,84,,1667,,25,,4167,,4583,,6667,,75,,2857,,4,,5793,,6074,,7568,,7925
13,"amiens_cathedral",1,0,1,0,1,0,1,0,1,0,,98,,16,,24,,44,,48,,52,,6,,2759,,3871,,6111,,6486,,6842,,7443
14,"angkor_wat",,2,,3,,55,,6333,,675,,72,,04,,12,,28,,36,,56,,68,,0667,,1714,,3711,,4591,,6121,,6994
15,"ara_pacis",,6,,7,,7,,7,,625,,64,,1364,,2727,,5,,5455,,5909,,6364,,2222,,3925,,5833,,6131,,6075,,6382
16,"arc_de_triomphe",,6,,4,,45,,3667,,4,,44,,0833,,125,,3333,,375,,5,,625,,1463,,1905,,383,,3708,,4444,,5164
17,"aztec_ruins",,8,,6,,5,,5,,475,,38,,12,,2,,36,,44,,52,,52,,2087,,3,,4186,,4681,,4965,,4391
18,"berlin_cathedral",,8,,7,,8,,8667,,9,,88,,16,,28,,52,,72,,76,,8,,2667,,4,,6303,,7866,,8241,,8381
19,"bok_tower_gardens",1,0,1,0,1,0,1,0,,975,,94,,12,,2,,32,,32,,48,,52,,2143,,3333,,4848,,4848,,6433,,6696
20,"brandenburg_gate",1,0,,8,,85,,7667,,8,,84,,2,,32,,44,,52,,64,,68,,3333,,4571,,5798,,6197,,7111,,7516
21,"cabrillo",,0,,0,,05,,0333,,1,,1,,0,,0,,0769,,0769,,2308,,3077,,0,,0,,0606,,0465,,1395,,1509
22,"casa_batllo",1,0,1,0,,95,,9333,,95,,96,,2,,28,,36,,48,,6,,68,,3333,,4375,,5221,,634,,7355,,7961
23,"casa_rosada",1,0,1,0,,85,,8,,775,,78,,2,,28,,4,,44,,56,,68,,3333,,4375,,544,,5677,,6502,,7266
24,"castillo_de_san_marcos",,8,,9,,85,,7667,,8,,78,,16,,28,,48,,6,,76,,8,,2667,,4271,,6135,,6732,,7795,,7899
25,"chartres_cathedral",,8,,9,,95,,9667,,975,,96,,16,,32,,52,,76,,8,,88,,2667,,4721,,6721,,851,,8789,,9183
26,"chichen_itza",1,0,1,0,,95,,9333,,95,,94,,12,,28,,32,,4,,48,,6,,2143,,4375,,4787,,56,,6378,,7325
27,"christ_the_redeemer_rio",,4,,5,,5,,6,,575,,56,,087,,1739,,2609,,3913,,4348,,5217,,1429,,2581,,3429,,4737,,4952,,5402
28,"civic_center_san_francisco",,4,,4,,3,,2333,,2,,26,,08,,08,,16,,2,,24,,32,,1333,,1333,,2087,,2154,,2182,,2869
29,"cologne_cathedral",1,0,,9,,9,,9,,9,,92,,12,,16,,28,,4,,52,,6,,2143,,2717,,4271,,5538,,6592,,7263
30,"colosseum",1,0,1,0,,85,,9,,9,,84,,2,,32,,4,,52,,56,,64,,3333,,4848,,544,,6592,,6904,,7265
31,"doge_s_palace",1,0,1,0,,9,,9,,9,,86,,16,,28,,4,,44,,52,,6,,2759,,4375,,5538,,591,,6592,,7068
32,"eiffel_tower",1,0,1,0,1,0,,9667,,95,,92,,16,,28,,52,,64,,68,,72,,2759,,4375,,6842,,7701,,7926,,8078
33,"golden_gate_bridge",1,0,,8,,75,,8333,,825,,82,,1739,,2609,,4783,,5652,,6957,,6957,,2963,,3934,,5841,,6736,,7548,,7527
34,"grand_palais",1,0,1,0,,95,,8333,,85,,88,,1364,,2273,,3636,,4091,,4545,,5455,,24,,3704,,526,,5488,,5923,,6735
35,"guggenheim_museum_bilbao",1,0,1,0,1,0,,9,,9,,92,,16,,28,,44,,52,,6,,68,,2759,,4375,,6111,,6592,,72,,782
36,"hagia_sophia_istanbul",,8,,9,,9,,9,,9,,9,,16,,28,,44,,56,,68,,72,,2667,,4271,,591,,6904,,7747,,8
37,"hoover_dam",,8,,7,,75,,8333,,85,,84,,12,,2,,36,,48,,52,,64,,2087,,3111,,4865,,6091,,6453,,7265
38,"humayun_tomb",,4,,7,,7,,7667,,75,,8,,08,,2,,4,,44,,56,,6,,1333,,3111,,5091,,5591,,6412,,6857
39,"iguazu_falls",1,0,1,0,,9,,9,,9,,86,,16,,28,,48,,6,,72,,84,,2759,,4375,,6261,,72,,8,,8499
40,"iolani_palace",1,0,,9,,8,,7333,,75,,74,,16,,32,,44,,56,,6,,72,,2759,,4721,,5677,,6351,,6667,,7299
41,"la_mezquita",,4,,4,,5,,5333,,5,,5,,0417,,125,,3333,,5,,5417,,625,,0755,,1905,,4,,5161,,52,,5556
42,"la_rambla_barcelona",,6,,7,,7,,7667,,75,,76,,08,,16,,32,,48,,48,,6,,1412,,2605,,4392,,5904,,5854,,6706
43,"la_sainte_chapelle",,8,,9,,95,,9667,,95,,92,,16,,24,,48,,56,,68,,72,,2667,,3789,,6378,,7092,,7926,,8078
44,"liberty_memorial",,0,,3,,35,,4,,4,,42,,0,,08,,24,,36,,44,,52,,0,,1263,,2847,,3789,,419,,4647
45,"lincoln_home",,0,,1,,25,,2333,,25,,28,,0,,0556,,2778,,3889,,4444,,4444,,0,,0714,,2632,,2917,,32,,3436
46,"machu_picchu",1,0,,9,,9,,8,,8,,82,,16,,24,,48,,48,,56,,6,,2759,,3789,,6261,,6,,6588,,693
47,"marble_arch_london",,0,,1,,2,,1333,,15,,14,,0,,0833,,25,,25,,3333,,4167,,0,,0909,,2222,,1739,,2069,,2096
48,"milan_cathedral",1,0,1,0,,95,,9333,,95,,92,,2,,32,,48,,56,,64,,68,,3333,,4848,,6378,,7,,7648,,782
49,"mole_antonelliana",,6,,6,,55,,5667,,6,,66,,12,,16,,28,,48,,56,,64,,2,,2526,,3711,,5197,,5793,,6498
50,"mont_saint_michel",1,0,1,0,,95,,9,,9,,92,,16,,36,,44,,52,,56,,68,,2759,,5294,,6014,,6592,,6904,,782
51,"moulin_rouge",,2,,1,,15,,1333,,175,,18,,125,,125,,25,,25,,5,,5,,1538,,1111,,1875,,1739,,2593,,2647
52,"nelson_s_column",,8,,9,,85,,8,,8,,8,,1667,,3333,,4167,,4583,,5833,,6667,,2759,,4865,,5592,,5828,,6747,,7273
53,"notre_dame_de_paris",,8,,7,,75,,7667,,775,,76,,08,,16,,4,,48,,6,,68,,1455,,2605,,5217,,5904,,6764,,7178
54,"obelisco",,0,,1,,1,,1,,075,,1,,0,,0909,,1818,,2727,,2727,,4545,,0,,0952,,129,,1463,,1176,,1639
55,"piccadilly_circus",,6,,5,,6,,6333,,65,,62,,087,,1739,,3043,,3478,,4783,,6522,,1519,,2581,,4038,,449,,5511,,6357
56,"place_de_la_concorde",1,0,1,0,,95,,9333,,925,,94,,2,,28,,4,,52,,52,,64,,3333,,4375,,563,,6679,,6657,,7615
57,"place_de_la_republique",,2,,2,,15,,1333,,1,,1,,125,,25,,375,,5,,5,,625,,1538,,2222,,2143,,2105,,1667,,1724
58,"place_des_vosges",1,0,,9,,9,,8333,,825,,8,,12,,24,,4,,56,,6,,6,,2143,,3789,,5538,,6699,,6947,,6857
59,"pont_du_gard",,6,,6,,55,,5333,,525,,54,,12,,2,,32,,4,,48,,56,,2,,3,,4046,,4571,,5015,,5498
60,"pont_neuf",1,0,,9,,7,,7,,725,,72,,2,,28,,48,,6,,68,,72,,3333,,4271,,5695,,6462,,7018,,72
61,"ponte_vecchio",,8,,8,,75,,7,,675,,72,,125,,2917,,375,,4583,,5,,5417,,2162,,4275,,5,,554,,5745,,6182
62,"puerta_de_alcala",,6,,5,,55,,4333,,375,,44,,0526,,1053,,3158,,4211,,4737,,7368,,0968,,1739,,4012,,4271,,4186,,551
63,"puerta_del_sol",,8,,6,,55,,5333,,525,,52,,2,,25,,4,,45,,5,,55,,32,,3529,,4632,,4881,,5122,,5346
64,"red_fort",1,0,1,0,,95,,9333,,925,,92,,2,,28,,52,,64,,72,,72,,3333,,4375,,6721,,7593,,8097,,8078
65,"reims_cathedral",,8,,8,,7,,7333,,75,,72,,12,,28,,44,,52,,64,,68,,2087,,4148,,5404,,6085,,6906,,6994
66,"rialto_bridge",,0,,0,,1,,1,,125,,14,,0,,0,,125,,1875,,25,,3125,,0,,0,,1111,,1304,,1667,,1934
67,"roman_forum_rome",1,0,1,0,1,0,,9333,,925,,92,,2,,36,,56,,64,,8,,84,,3333,,5294,,7179,,7593,,858,,8782
68,"sacre_coeur",,2,,2,,4,,4,,45,,46,,0417,,0417,,2083,,375,,5,,5,,069,,069,,274,,3871,,4737,,4792
69,"sagrada_familia",1,0,1,0,,95,,9667,,925,,88,,2,,32,,56,,6,,72,,76,,3333,,4848,,7046,,7404,,8097,,8156
70,"santa_maria_novella",,8,,8,,55,,6,,5,,54,,12,,24,,24,,36,,44,,56,,2087,,3692,,3342,,45,,4681,,5498
71,"schonbrunn_palace",,8,,7,,65,,6667,,7,,74,,16,,24,,36,,52,,6,,72,,2667,,3574,,4634,,5843,,6462,,7299
72,"seville_cathedral",1,0,1,0,,9,,9333,,95,,94,,16,,24,,36,,4,,6,,72,,2759,,3871,,5143,,56,,7355,,8154
73,"spanish_steps",,8,,5,,7,,6333,,625,,64,,1818,,2273,,3636,,4091,,5455,,6818,,2963,,3125,,4786,,4971,,5825,,6602
74,"st__basil_cathedral",1,0,1,0,,85,,8667,,9,,86,,2,,24,,36,,48,,52,,64,,3333,,3871,,5058,,6178,,6592,,7339
75,"statue_of_liberty",,4,,5,,45,,4333,,475,,54,,08,,16,,28,,32,,4,,4,,1333,,2424,,3452,,3681,,4343,,4596
76,"stonehenge",,4,,5,,55,,6,,6,,66,,1053,,2105,,3684,,5263,,6316,,7368,,1667,,2963,,4413,,5607,,6154,,6963
77,"summer_palace_beijing",,8,,8,,8,,7667,,825,,84,,16,,32,,44,,56,,56,,64,,2667,,4571,,5677,,6472,,6671,,7265
78,"sydney_opera_house",,4,,5,,65,,6667,,675,,66,,08,,16,,4,,44,,56,,64,,1333,,2424,,4952,,5301,,6121,,6498
79,"teotihuacan",,8,,9,,95,,8667,,875,,9,,12,,12,,36,,48,,64,,68,,2087,,2118,,5221,,6178,,7393,,7747
80,"terracotta_army",,0,,2,,35,,4,,55,,62,,0,,1,,3,,55,,75,,8,,0,,1333,,3231,,4632,,6346,,6986
81,"the_blue_mosque",,8,,9,,85,,8,,8,,82,,08,,16,,44,,48,,56,,72,,1455,,2717,,5798,,6,,6588,,7668
82,"the_henry_ford",1,0,,9,,75,,7,,7,,68,,12,,28,,4,,44,,56,,64,,2143,,4271,,5217,,5404,,6222,,6594
83,"taj_mahal",,8,,8,,8,,7667,,8,,82,,16,,24,,4,,44,,6,,72,,2667,,3692,,5333,,5591,,6857,,7668
84,"tour_montparnasse",,4,,3,,45,,4667,,425,,42,,1,,15,,45,,5,,55,,55,,16,,2,,45,,4828,,4795,,4763
85,"tower_bridge_london",,6,,7,,55,,6333,,55,,64,,08,,24,,32,,48,,52,,64,,1412,,3574,,4046,,5461,,5346,,64
86,"trafalgar_square",,6,,5,,45,,5,,5,,46,,1364,,1364,,3182,,3636,,5,,5909,,2222,,2143,,3728,,4211,,5,,5173
87,"leaning_tower_of_pisa",,8,,9,,8,,8333,,85,,82,,08,,16,,32,,48,,56,,68,,1455,,2717,,4571,,6091,,6752,,7435
88,"hermitage_museum_saint_petersburg",,4,,6,,55,,6333,,7,,7,,08,,2,,32,,44,,56,,6,,1333,,3,,4046,,5193,,6222,,6462
89,"jantar_mantar_jaipur",,8,,9,,85,,8333,,825,,76,,16,,2,,4,,48,,64,,68,,2667,,3273,,544,,6091,,7208,,7178
90,"lake_titicaca_peru",,4,,3,,45,,4,,425,,4,,0833,,0833,,25,,375,,5,,5417,,1379,,1304,,3214,,3871,,4595,,4602
91,"the_great_wall_of_china",,6,,7,,75,,7,,675,,72,,12,,2,,36,,48,,52,,6,,2,,3111,,4865,,5695,,5874,,6545
92,"grande_arche_paris",1,0,,8,,7,,6667,,55,,56,,08,,2,,28,,44,,52,,6,,1481,,32,,4,,5301,,5346,,5793
93,"el_angel_mexico",,2,,1,,3,,2667,,225,,22,,0476,,0476,,2381,,2857,,3333,,3333,,0769,,0645,,2655,,2759,,2687,,2651
94,"bibliotheque_nationale_de_france",1,0,,9,,9,,8333,,825,,76,,04,,12,,28,,36,,44,,44,,0769,,2118,,4271,,5028,,5739,,5573
95,"kronborg_castle",1,0,1,0,,9,,9,,85,,86,,1667,,25,,4167,,5417,,625,,625,,2857,,4,,5696,,6763,,7203,,7239
96,"ajanta_caves",1,0,,9,,95,,9333,,925,,9,,2273,,3182,,3636,,5,,6364,,6818,,3704,,4701,,526,,6512,,754,,7759
97,"atomium",1,0,1,0,1,0,,9667,,925,,88,,1905,,2857,,381,,5238,,619,,6667,,32,,4444,,5517,,6794,,7417,,7586
98,"ellora_caves",,8,,9,,95,,9333,,95,,96,,1818,,2727,,4091,,5,,5909,,6364,,2963,,4186,,5719,,6512,,7286,,7654
99,"potala_palace",,8,,8,,6,,6,,675,,7,,1667,,2778,,5,,5556,,6111,,7222,,2759,,4124,,5455,,5769,,6415,,7109
100,"jokhang",,6,,6,,55,,5667,,6,,62,,12,,2,,28,,4,,52,,68,,2,,3,,3711,,469,,5571,,6486
101,"rila_monastery",1,0,,9,,9,,9,,9,,88,,12,,12,,2,,24,,4,,44,,2143,,2118,,3273,,3789,,5538,,5867
102,"louvre_pyramid",1,0,1,0,1,0,,9667,,95,,94,,2222,,3889,,5556,,5556,,6111,,6111,,3636,,56,,7143,,7056,,7438,,7407
103,"brooklyn_bridge",1,0,1,0,,9,,8667,,875,,9,,1429,,3333,,4762,,5714,,619,,6667,,25,,5,,6228,,6887,,7251,,766
104,"tower_of_london",,6,,7,,6,,6,,625,,58,,1304,,2609,,3043,,4783,,5652,,5652,,2143,,3801,,4038,,5323,,5936,,5725
105,"british_museum_london",1,0,,9,,9,,9333,,95,,94,,2,,25,,4,,45,,55,,6,,3333,,3913,,5538,,6072,,6967,,7325
106,"buckingham_palace",,4,,4,,3,,3,,3,,36,,1,,2,,3,,4,,4,,55,,16,,2667,,3,,3429,,3429,,4352
107,"charles_bridge_prague",,6,,6,,55,,6333,,6,,6,,125,,1667,,3333,,4167,,4583,,5417,,2069,,2609,,4151,,5026,,5197,,5693
108,"champs_elysees_paris",,4,,4,,45,,4667,,45,,42,,1333,,2667,,3333,,4,,6,,6,,2,,32,,383,,4308,,5143,,4941
109,"chrysler_building",1,0,1,0,,95,,9333,,95,,92,,2143,,2857,,3571,,6429,,6429,,6429,,3529,,4444,,5191,,7613,,7668,,7569
110,"moma_new_york",1,0,,8,,8,,7667,,775,,76,,2105,,3158,,4737,,6316,,6842,,7368,,3478,,4528,,595,,6926,,7268,,7482
111,"grand_central_terminal",1,0,1,0,,95,,9333,,95,,94,,0952,,1905,,2381,,4286,,5238,,7143,,1739,,32,,3808,,5874,,6753,,8117
112,"houses_of_parliament",,6,,7,,7,,7,,775,,8,,1304,,2174,,3043,,3913,,5217,,5652,,2143,,3318,,4242,,502,,6236,,6624
113,"alexanderplatz_berlin",,4,,5,,45,,4,,525,,58,,08,,16,,28,,32,,48,,52,,1333,,2424,,3452,,3556,,5015,,5484
114,"centre_pompidou",,8,,8,,75,,7,,7,,66,,1667,,2222,,3333,,3889,,4444,,5,,2759,,3478,,4615,,5,,5437,,569
115,"sydney_harbour_bridge",,2,,4,,65,,6333,,7,,72,,0625,,125,,4375,,5625,,625,,625,,0952,,1905,,523,,5958,,6604,,6691
116,"pier_39",1,0,1,0,,9,,9,,925,,94,,0952,,1429,,3333,,4762,,7143,,8095,,1739,,25,,4865,,6228,,8061,,8699
117,"coit_tower",,4,,4,,45,,5333,,6,,58,,1333,,1333,,3333,,4,,4667,,5333,,2,,2,,383,,4571,,525,,5557
118,"st_paul_s_cathedral_london",,6,,6,,65,,6,,625,,62,,1176,,2941,,4118,,4706,,5294,,6471,,1967,,3947,,5042,,5275,,5732,,6332
119,"cloud_gate",,8,,9,,85,,8,,85,,84,,1667,,25,,5833,,6667,,8333,,8333,,2759,,3913,,6919,,7273,,8416,,8367
120,"musee_d_orsay",1,0,1,0,,95,,9667,,95,,96,,1429,,2857,,4286,,5714,,619,,619,,25,,4444,,5907,,7183,,7496,,7527
121,"pike_place_market",,6,,6,,7,,6333,,6,,66,,1429,,1905,,381,,4286,,4286,,5714,,2308,,2892,,4934,,5112,,5,,6125
122,"royal_palace_madrid",1,0,,9,,8,,8667,,875,,84,,1364,,2727,,5,,5909,,6818,,7273,,24,,4186,,6154,,7027,,7664,,7796
123,"sony_center_berlin",,8,,8,,9,,8667,,9,,88,,0952,,1905,,381,,4762,,5714,,619,,1702,,3077,,5353,,6147,,699,,7268
124,"red_square_moscow",,6,,6,,55,,5,,475,,54,,0952,,1905,,381,,4286,,5238,,619,,1644,,2892,,4501,,4615,,4982,,5768
125,"prague_castle",,8,,8,,75,,8,,8,,84,,16,,28,,4,,48,,6,,72,,2667,,4148,,5217,,6,,6857,,7754
126,"musee_du_louvre",1,0,1,0,,95,,9333,,95,,94,,2,,32,,44,,52,,64,,76,,3333,,4848,,6014,,6679,,7648,,8405
127,"millennium_bridge_london",1,0,,8,,85,,8333,,85,,82,,08,,12,,4,,56,,6,,68,,1481,,2087,,544,,6699,,7034,,7435
128,"casa_mila",1,0,1,0,1,0,1,0,,975,,98,,16,,2,,28,,44,,6,,76,,2759,,3333,,4375,,6111,,7429,,8561
129,"national_gallery_london",,2,,3,,45,,5,,475,,42,,0455,,1364,,4091,,5455,,6364,,6818,,0741,,1875,,4286,,5217,,544,,5198
130,"national_mall",,2,,4,,6,,6,,55,,62,,04,,12,,32,,36,,36,,48,,0667,,1846,,4174,,45,,4352,,5411
131,"london_city_hall",,8,,8,,75,,7,,675,,7,,2,,3,,5,,65,,7,,75,,32,,4364,,6,,6741,,6873,,7241
132,"holocaust_memorial",,6,,4,,4,,4667,,5,,5,,0625,,0625,,1875,,375,,5,,5625,,1132,,1081,,2553,,4158,,5,,5294
133,"columbus_circle",,4,,6,,5,,5667,,55,,58,,08,,16,,24,,32,,4,,48,,1333,,2526,,3243,,409,,4632,,5253
134,"siegessaeule",1,0,,8,,65,,6333,,575,,56,,2,,28,,4,,52,,6,,72,,3333,,4148,,4952,,5711,,5872,,63
135,"jardin_du_luxembourg",1,0,1,0,1,0,1,0,1,0,,96,,2,,32,,52,,56,,6,,64,,3333,,4848,,6842,,7179,,75,,768
136,"merlion_singapore",,4,,5,,4,,4,,45,,44,,0909,,1818,,2727,,3636,,5455,,5909,,1481,,2667,,3243,,381,,4932,,5044
137,"harrods_london",1,0,,9,,85,,8333,,85,,8,,2,,32,,48,,48,,6,,64,,3333,,4721,,6135,,6091,,7034,,7111
138,"metropolitan_museum_of_art_new_york",,8,,8,,9,,8667,,9,,92,,12,,2,,48,,6,,72,,84,,2087,,32,,6261,,7091,,8,,8782
139,"new_york_stock_exchange",1,0,,7,,6,,4667,,4,,4,,15,,2,,3,,3,,3,,3,,2609,,3111,,4,,3652,,3429,,3429
140,"stephansdom_vienna",,4,,4,,6,,6333,,675,,68,,04,,12,,28,,36,,44,,6,,0727,,1846,,3818,,4591,,5327,,6375
141,"hms_belfast",1,0,,9,,75,,7667,,775,,78,,16,,24,,36,,48,,56,,68,,2759,,3789,,4865,,5904,,6502,,7266
142,"leicester_square",,6,,6,,55,,6333,,625,,66,,08,,2,,28,,36,,4,,4,,1412,,3,,3711,,4591,,4878,,4981
143,"ciudad_de_las_artes_y_las_ciencias",1,0,1,0,,95,,9,,9,,9,,16,,24,,36,,44,,56,,6,,2759,,3871,,5221,,591,,6904,,72
144,"topkapi_palace",1,0,1,0,,95,,9667,,95,,96,,12,,24,,44,,52,,64,,72,,2143,,3871,,6014,,6762,,7648,,8229
145,"royal_albert_hall",1,0,,9,,75,,7,,625,,62,,12,,16,,24,,28,,36,,44,,2143,,2717,,3636,,4,,4569,,5147
146,"st_vitus_cathedral",,6,,8,,85,,9,,9,,92,,12,,28,,36,,44,,52,,56,,2,,4148,,5058,,591,,6592,,6962
147,"castello_sforzesco",1,0,,9,,9,,9333,,9,,88,,12,,2,,44,,56,,64,,64,,2143,,3273,,591,,7,,7481,,7411
148,"rijksmuseum_amsterdam",1,0,1,0,1,0,,9333,,95,,96,,08,,2,,4,,48,,6,,68,,1481,,3333,,5714,,634,,7355,,7961
149,"dam_square",,8,,7,,7,,6333,,625,,58,,16,,24,,32,,32,,4,,44,,2667,,3574,,4392,,4252,,4878,,5004
150,"rathaus_vienna",,8,,7,,6,,6,,575,,54,,16,,28,,4,,44,,48,,56,,2667,,4,,48,,5077,,5232,,5498
151,"bath_abbey",1,0,1,0,,95,,9667,,925,,86,,16,,32,,48,,6,,64,,72,,2759,,4848,,6378,,7404,,7565,,7838
152,"salisbury_cathedral",1,0,,9,,9,,9,,875,,88,,16,,2,,28,,36,,44,,56,,2759,,3273,,4271,,5143,,5856,,6844
153,"templo_de_debod",,6,,5,,45,,4333,,475,,48,,1364,,1818,,3636,,5,,5909,,6364,,2222,,2667,,4022,,4643,,5267,,5472
154,"Niagara_Falls",,4,,3,,45,,4667,,425,,42,,0909,,1364,,3182,,4545,,5,,5455,,1481,,1875,,3728,,4605,,4595,,4746
155,"Golden_Gate_Bridge_in_San_Francisco",,8,,9,,95,,9667,,975,,96,,1818,,3182,,6364,,6818,,8636,,9091,,2963,,4701,,7622,,7996,,9159,,9339
156,"Neuschwanstein_Castle",1,0,1,0,,9,,9,,9,,88,,2,,32,,52,,6,,8,,84,,3333,,4848,,6592,,72,,8471,,8595
157,"Christ_Church_Cathedral_Missouri",,8,,8,,8,,8333,,825,,84,,12,,24,,32,,52,,56,,6,,2087,,3692,,4571,,6404,,6671,,7
158,"Mount_Rushmore_in_South_Dakota",1,0,,9,,8,,7667,,825,,82,,16,,2,,28,,4,,48,,56,,2759,,3273,,4148,,5257,,6069,,6655
159,"Puerta_de_Toledo",,2,,3,,15,,1333,,1,,08,,5,1,0,1,0,1,0,1,0,1,0,,2857,,4615,,2609,,2353,,1818,,1481
160,"Urquhart_Castle",,8,,9,,85,,8667,,9,,9,,1667,,3333,,5417,,5833,,7083,,8333,,2759,,4865,,6617,,6973,,7927,,8654
161,"Gare_du_Nord_Paris",,4,,4,,5,,5,,45,,52,,04,,12,,32,,44,,48,,6,,0727,,1846,,3902,,4681,,4645,,5571
162,"Newgrange_in_Ireland",,4,,5,,65,,6,,65,,6,,0833,,2083,,2917,,375,,5,,5,,1379,,2941,,4027,,4615,,5652,,5455
163,"Windmills_at_Kinderdijk",,8,,8,,75,,8,,825,,86,,12,,16,,32,,44,,52,,6,,2087,,2667,,4486,,5677,,6379,,7068
164,"Conciergerie",1,0,1,0,1,0,,9667,,975,,98,,16,,36,,4,,52,,56,,6,,2759,,5294,,5714,,6762,,7114,,7443
165,"Palazzo_Madama",,6,,5,,55,,4667,,525,,5,,1364,,1818,,3182,,4091,,5909,,6818,,2222,,2667,,4031,,436,,556,,5769
166,"Split_Rock_Lighthouse",1,0,,9,,8,,6667,,625,,58,,12,,2,,32,,36,,44,,44,,2143,,3273,,4571,,4675,,5164,,5004
167,"The_Little_Mermaid_Denmark",,2,,1,,1,,0667,,05,,04,,0714,,0714,,1429,,1429,,1429,,1429,,1053,,0833,,1176,,0909,,0741,,0625
168,"Great_Pyramid_of_Giza",,8,,9,,95,,8667,,775,,68,,2667,,3333,,4,,5333,,6667,,6667,,4,,4865,,563,,6603,,7168,,6733
169,"Pitti_Palace",,4,,3,,25,,3667,,425,,48,,0909,,1364,,1818,,2727,,3636,,4091,,1481,,1875,,2105,,3128,,3919,,4417
170,"Georgia_State_Capitol",,2,,2,,15,,1333,,1,,1,,0526,,1053,,1579,,1579,,1579,,1579,,0833,,1379,,1538,,1446,,1224,,1224
171,"Dome_des_Invalides",,8,,9,,9,,9333,,925,,94,,16,,28,,32,,4,,52,,6,,2667,,4271,,4721,,56,,6657,,7325
172,"Reggia_di_Caserta",,6,,8,,65,,7,,7,,72,,12,,24,,32,,4,,56,,68,,2,,3692,,4289,,5091,,6222,,6994
173,"The_Burj_al_Arab_Hotel",,6,,8,,6,,5667,,575,,54,,12,,24,,36,,48,,52,,6,,2,,3692,,45,,5197,,5461,,5684
174,"Elephanta_Caves",1,0,,9,,95,,9333,,925,,92,,2083,,25,,375,,4167,,5417,,5833,,3448,,3913,,5377,,5761,,6832,,714
175,"Basilica_of_Santa_Croce",1,0,,9,,95,,9667,,975,,98,,2,,28,,44,,56,,64,,64,,3333,,4271,,6014,,7092,,7728,,7743
176,"Aachen_Cathedral",,8,,9,,9,,9,,9,,92,,12,,28,,44,,48,,52,,64,,2087,,4271,,591,,6261,,6592,,7549
177,"Monument_to_the_Great_Fire_of_London",,4,,5,,4,,4,,55,,54,,08,,16,,28,,44,,72,,76,,1333,,2424,,3294,,419,,6236,,6314
178,"Longmen_Grottoes",,4,,7,,45,,5667,,55,,54,,08,,24,,32,,48,,52,,56,,1333,,3574,,374,,5197,,5346,,5498
179,"Louisiana_State_Capitol",,4,,5,,45,,5,,45,,4,,08,,2,,32,,44,,52,,56,,1333,,2857,,374,,4681,,4825,,4667
180,"The_Great_Sphinx_at_Giza",,6,,7,,6,,6,,6,,6,,08,,16,,28,,4,,48,,6,,1412,,2605,,3818,,48,,5333,,6
181,"Teatro_Real_Madrid",,6,,5,,5,,5,,525,,54,,1304,,1739,,3478,,4783,,5217,,6522,,2143,,2581,,4103,,4889,,5234,,5908
182,"Palacio_de_la_Magdalena",,6,,7,,55,,6,,6,,62,,12,,28,,4,,52,,64,,68,,2,,4,,4632,,5571,,6194,,6486
183,"Sowjetisches_Ehrenmal",,8,,6,,55,,5333,,6,,6,,12,,16,,32,,48,,64,,76,,2087,,2526,,4046,,5053,,6194,,6706
184,"Cathedral_of_Trier",,6,,6,,75,,8,,8,,78,,12,,2,,44,,56,,72,,8,,2,,3,,5546,,6588,,7579,,7899
185,"Saint_Mary_of_the_Flower",,2,,1,,2,,2667,,3,,32,,04,,04,,16,,32,,4,,48,,0667,,0571,,1778,,2909,,3429,,384
186,"Skellig_Michael",1,0,1,0,,95,,9333,,875,,88,,16,,24,,48,,56,,6,,72,,2759,,3871,,6378,,7,,7119,,792
187,"Chicago_Board_of_Trade_Building",,4,,3,,3,,2333,,25,,26,,0909,,0909,,2273,,2727,,3636,,4091,,1481,,1395,,2586,,2515,,2963,,3179
188,"Pont_de_Normandie_France",,6,,7,,75,,7,,65,,6,,1053,,2632,,4211,,5263,,5789,,6316,,1791,,3825,,5393,,6009,,6124,,6154
189,"Palazzo_Rosso",,0,,0,,0,,0,,0,,0,,0,,0,,0,,0,,0,,0,,0,,0,,0,,0,,0,,0
190,"Piazza_Vittorio_Veneto",,4,,4,,5,,4333,,375,,4,,125,,25,,375,,5,,5625,,75,,1905,,3077,,4286,,4643,,45,,5217
191,"Sforza_Castle",1,0,,9,,9,,9333,,9,,9,,16,,24,,36,,56,,6,,6,,2759,,3789,,5143,,7,,72,,72
192,"Torres_KIO",1,0,1,0,,95,,9,,875,,86,,16,,28,,36,,48,,56,,6,,2759,,4375,,5221,,6261,,6829,,7068
193,"Torre_Picasso",,8,,9,,85,,8,,775,,78,,1667,,3333,,4583,,5417,,5417,,5833,,2759,,4865,,5955,,646,,6377,,6675
194,"The_Palace_of_Parliament_in_Bucharest",1,0,,9,,95,,8667,,85,,86,,2,,28,,44,,48,,6,,68,,3333,,4271,,6014,,6178,,7034,,7595
195,"Ernest_Hemingway_House",,6,,5,,45,,4667,,45,,48,,08,,16,,28,,48,,64,,68,,1412,,2424,,3452,,4732,,5284,,5628
196,"Castel_dellOvo_Napoli",,6,,6,,65,,6667,,625,,62,,08,,2,,36,,48,,48,,64,,1412,,3,,4634,,5581,,543,,6298
197,"Villa_Borghese_gardens",1,0,,9,,9,,9,,9,,86,,2,,2,,36,,56,,6,,64,,3333,,3273,,5143,,6904,,72,,7339
198,"Saint_Marks_Basilica",1,0,1,0,,85,,8333,,875,,86,,08,,16,,28,,4,,56,,6,,1481,,2759,,4212,,5405,,6829,,7068
199,"Mausoleum_of_the_First_Qin_Emperor",1,0,,8,,8,,8333,,825,,84,,2,,24,,4,,48,,56,,68,,3333,,3692,,5333,,6091,,6671,,7516
200,"Mausoleum_of_Hadrian",,2,,3,,4,,5,,475,,46,,0556,,1667,,3333,,4444,,5,,5556,,087,,2143,,3636,,4706,,4872,,5033
201,"Piazza_de_Ferrari",1,0,,9,,85,,8,,825,,84,,2105,,2632,,4211,,6316,,6842,,7895,,3478,,4072,,5631,,7059,,748,,814
202,"George_Washington_Carver",,6,,5,,7,,7,,625,,58,,125,,125,,3125,,4375,,5,,5625,,2069,,2,,4321,,5385,,5556,,5711
203,"Cathedral_of_Santiago_de_Compostela",,4,,5,,55,,5667,,575,,6,,1176,,2941,,5294,,5294,,6471,,6471,,1818,,3704,,5395,,5474,,6089,,6226
204,"Saint-Jacques_Tower",1,0,,9,,7,,7,,725,,68,,3077,,3846,,5385,,6154,,6923,,6923,,4706,,5389,,6087,,655,,7083,,6861
205,"Calakmul_Campeche_Mexico",,2,,1,,25,,2333,,3,,34,,0714,,0714,,2857,,2857,,5,,5714,,1053,,0833,,2667,,2569,,375,,4263
206,"Bran_Castle_in_Transylvania",,8,,9,,8,,8,,775,,78,,1053,,2632,,3684,,6842,,7368,,7895,,186,,4072,,5045,,7376,,7554,,7847
207,"Mosteiro_da_Batalha",1,0,1,0,1,0,1,0,1,0,1,0,,2105,,3684,,5789,,5789,,6842,,6842,,3478,,5385,,7333,,7333,,8125,,8125
208,"Wartburg_Castle",,8,,9,,75,,8333,,85,,86,,2,,4,,5,,55,,6,,65,,32,,5538,,6,,6627,,7034,,7404
209,"Fujian_Tulou_Fujian_China",,8,,8,,85,,9,,925,,92,,1111,,2778,,3889,,5556,,7778,,8333,,1951,,4124,,5336,,687,,845,,8745
210,"Alabama_State_Capitol",,8,,6,,5,,5,,5,,52,,1905,,2381,,3333,,5714,,6667,,8095,,3077,,3409,,4,,5333,,5714,,6332
211,"Palazzo_dAccursio",1,0,,7,,7,,5333,,45,,44,,1667,,2222,,2222,,2778,,2778,,2778,,2857,,3373,,3373,,3653,,3435,,3406
212,"Casa_Grande_Ruins",,4,,7,,8,,7,,675,,6,,1176,,3529,,4706,,5882,,5882,,5882,,1818,,4693,,5926,,6393,,6286,,5941
213,"Stravinsky_Fountain",1,0,,9,,85,,8333,,85,,84,,2667,,3333,,4,,4667,,4667,,6667,,4211,,4865,,544,,5983,,6025,,7434
214,"Angel_Falls_Venezuela",,6,,4,,5,,5333,,525,,52,,1765,,1765,,3529,,4118,,5294,,6471,,2727,,2449,,4138,,4647,,5272,,5766
215,"Statue_of_George_IV",,0,,0,,0,,0,,05,,06,,0,,0,,0,,0,,25,,375,,0,,0,,0,,0,,0833,,1034
216,"Palacio_Barolo",,8,,8,,85,,9,,925,,94,,2353,,3529,,4706,,5882,,7059,,7647,,3636,,4898,,6058,,7115,,8007,,8433
217,"Bridge_of_Remembrance_Christchurch_New_Zealand",,0,,1,,05,,0333,,025,,02,,0,,0833,,0833,,0833,,0833,,0833,,0,,0909,,0625,,0476,,0385,,0323
218,"John_A._Roebling_Suspension_Bridge",,4,,4,,4,,3333,,425,,44,,1333,,2667,,3333,,4,,6667,,6667,,2,,32,,3636,,3636,,5191,,5301
219,"Blue_Dome_Santorini",,6,,6,,55,,5,,45,,44,,1875,,3125,,4375,,5,,5,,5,,2857,,411,,4873,,5,,4737,,4681
220,"Fossar_de_les_Moreres",1,0,,8,,65,,5667,,525,,5,,2857,,3571,,5,,5,,5714,,5714,,4444,,4938,,5652,,5312,,5472,,5333
221,"Luxor_Obelisk_France",,8,,9,,75,,7333,,725,,7,,125,,25,,3125,,4375,,5,,5,,2162,,3913,,4412,,548,,5918,,5833
222,"Valle_de_los_Caidos",1,0,1,0,1,0,,9667,,925,,92,,15,,25,,5,,55,,6,,65,,2609,,4,,6667,,7011,,7279,,7618
--------------------
"--","Avg.",P@5,P@10,P@20,P@30,P@40,P@50,CR@5,CR@10,CR@20,CR@30,CR@40,CR@50,F1@5,F1@10,F1@20,F1@30,F1@40,F1@50
,,,7135,,7063,,6944,,6862,,6869,,6863,,1335,,225,,3714,,4652,,5544,,6203,,2202,,3329,,4726,,5417,,5994,,6368