--------------------
"Run name","output_runSCHDtrs"
--------------------
"Average P@20 = ",,7291
"Average CR@20 = ",,4214
"Average F1@20 = ",,5251
--------------------
"Query Id ","Location name",P@5,P@10,P@20,P@30,P@40,P@50,CR@5,CR@10,CR@20,CR@30,CR@40,CR@50,F1@5,F1@10,F1@20,F1@30,F1@40,F1@50
1,"angel_of_the_north",1,0,1,0,1,0,1,0,1,0,1,0,,2,,32,,48,,64,,76,,8,,3333,,4848,,6486,,7805,,8636,,8889
2,"big_ben",1,0,1,0,,85,,8,,8,,82,,1818,,3182,,4545,,5,,5909,,5909,,3077,,4828,,5923,,6154,,6797,,6869
3,"hearst_castle",,8,,9,,9,,9333,,925,,92,,1667,,375,,5417,,625,,7917,,875,,2759,,5294,,6763,,7487,,8532,,8969
4,"la_madeleine",,6,,5,,55,,4333,,4,,38,,2143,,2857,,4286,,4286,,4286,,5,,3158,,3636,,4818,,4309,,4138,,4318
5,"pont_alexandre_iii",1,0,1,0,1,0,1,0,,975,,96,,12,,28,,6,,68,,76,,8,,2143,,4375,,75,,8095,,8542,,8727
6,"neues_museum",,8,,7,,75,,7667,,75,,76,,16,,24,,4,,56,,64,,68,,2667,,3574,,5217,,6472,,6906,,7178
7,"montezuma_castle",,4,,6,,65,,6667,,675,,7,,1667,,25,,4167,,5,,5833,,8333,,2353,,3529,,5078,,5714,,6258,,7609
8,"cn_tower",,4,,7,,6,,7,,65,,64,,0833,,25,,4167,,5417,,5833,,625,,1379,,3684,,4918,,6107,,6149,,6324
9,"acropolis_athens",,4,,7,,8,,8,,75,,72,,0952,,1905,,4286,,5714,,619,,6667,,1538,,2995,,5581,,6667,,6783,,6923
10,"agra_fort",1,0,1,0,1,0,,9333,,9,,86,,2,,28,,48,,64,,68,,76,,3333,,4375,,6486,,7593,,7747,,8069
11,"albert_memorial",,8,,9,,8,,8333,,825,,84,,0909,,1818,,3636,,4545,,6364,,6818,,1633,,3025,,5,,5882,,7185,,7527
12,"altes_museum",,4,,4,,6,,6333,,65,,68,,0833,,1667,,375,,4583,,625,,7083,,1379,,2353,,4615,,5318,,6373,,6939
13,"amiens_cathedral",1,0,1,0,1,0,,9667,,95,,96,,2,,32,,6,,68,,76,,84,,3333,,4848,,75,,7984,,8444,,896
14,"angkor_wat",,8,,7,,7,,7,,725,,78,,16,,24,,44,,56,,68,,72,,2667,,3574,,5404,,6222,,7018,,7488
15,"ara_pacis",,2,,6,,65,,6667,,625,,66,,0455,,2727,,4091,,5909,,6364,,7273,,0741,,375,,5021,,6265,,6306,,692
16,"arc_de_triomphe",1,0,,6,,65,,6333,,65,,68,,1667,,2083,,4167,,5417,,5833,,625,,2857,,3093,,5078,,5839,,6149,,6513
17,"aztec_ruins",,2,,2,,15,,2,,275,,3,,04,,08,,12,,2,,36,,52,,0667,,1143,,1333,,2,,3118,,3805
18,"berlin_cathedral",,8,,8,,9,,9333,,95,,92,,16,,32,,48,,52,,6,,72,,2667,,4571,,6261,,6679,,7355,,8078
19,"bok_tower_gardens",,8,,9,,95,,9333,,9,,88,,16,,28,,4,,56,,64,,68,,2667,,4271,,563,,7,,7481,,7672
20,"brandenburg_gate",1,0,,7,,85,,8667,,875,,9,,16,,2,,4,,52,,68,,84,,2759,,3111,,544,,65,,7653,,869
21,"cabrillo",,2,,1,,1,,1667,,125,,14,,0769,,0769,,1538,,3846,,3846,,5385,,1111,,087,,1212,,2326,,1887,,2222
22,"casa_batllo",1,0,1,0,,9,,9,,925,,94,,2,,4,,6,,64,,72,,8,,3333,,5714,,72,,7481,,8097,,8644
23,"casa_rosada",1,0,1,0,1,0,,9333,,95,,94,,16,,28,,52,,68,,76,,88,,2759,,4375,,6842,,7868,,8444,,909
24,"castillo_de_san_marcos",,8,,5,,65,,7667,,825,,82,,12,,12,,28,,52,,6,,68,,2087,,1935,,3914,,6197,,6947,,7435
25,"chartres_cathedral",,8,,8,,9,,9333,,925,,94,,16,,32,,44,,56,,72,,92,,2667,,4571,,591,,7,,8097,,9299
26,"chichen_itza",,8,,8,,75,,8,,8,,82,,12,,2,,44,,64,,68,,72,,2087,,32,,5546,,7111,,7351,,7668
27,"christ_the_redeemer_rio",,4,,4,,45,,5667,,625,,6,,087,,1739,,3478,,5217,,5652,,6957,,1429,,2424,,3924,,5433,,5936,,6443
28,"civic_center_san_francisco",,2,,3,,5,,5667,,575,,54,,04,,08,,2,,36,,48,,48,,0667,,1263,,2857,,4403,,5232,,5082
29,"cologne_cathedral",1,0,1,0,,95,,9333,,9,,9,,2,,32,,48,,6,,68,,72,,3333,,4848,,6378,,7304,,7747,,8
30,"colosseum",1,0,,9,,9,,9,,85,,84,,16,,2,,44,,52,,56,,6,,2759,,3273,,591,,6592,,6752,,7
31,"doge_s_palace",,8,,9,,85,,8667,,85,,86,,16,,28,,48,,52,,6,,68,,2667,,4271,,6135,,65,,7034,,7595
32,"eiffel_tower",,8,,9,,85,,8333,,825,,82,,16,,28,,48,,56,,6,,64,,2667,,4271,,6135,,6699,,6947,,7189
33,"golden_gate_bridge",,8,,7,,6,,7333,,725,,76,,1739,,2174,,3913,,4783,,5217,,6522,,2857,,3318,,4737,,5789,,6068,,702
34,"grand_palais",,8,,8,,85,,9,,9,,92,,1818,,2727,,5,,5455,,6818,,7273,,2963,,4068,,6296,,6792,,7759,,8124
35,"guggenheim_museum_bilbao",1,0,1,0,,95,,9333,,925,,94,,2,,28,,4,,52,,56,,64,,3333,,4375,,563,,6679,,6976,,7615
36,"hagia_sophia_istanbul",1,0,1,0,1,0,1,0,,975,,96,,16,,28,,52,,64,,72,,76,,2759,,4375,,6842,,7805,,8283,,8484
37,"hoover_dam",1,0,,9,,85,,8667,,9,,9,,16,,24,,48,,48,,56,,68,,2759,,3789,,6135,,6178,,6904,,7747
38,"humayun_tomb",,6,,8,,7,,7333,,775,,78,,12,,28,,36,,44,,56,,72,,2,,4148,,4755,,55,,6502,,7488
39,"iguazu_falls",,8,,7,,7,,7333,,75,,76,,16,,28,,44,,52,,64,,68,,2667,,4,,5404,,6085,,6906,,7178
40,"iolani_palace",1,0,1,0,,75,,7,,725,,74,,2,,4,,52,,64,,72,,72,,3333,,5714,,6142,,6687,,7225,,7299
41,"la_mezquita",,2,,2,,4,,4667,,525,,52,,0417,,0833,,2917,,4583,,5833,,6667,,069,,1176,,3373,,4625,,5526,,5843
42,"la_rambla_barcelona",,6,,8,,8,,8333,,8,,84,,12,,32,,44,,52,,6,,64,,2,,4571,,5677,,6404,,6857,,7265
43,"la_sainte_chapelle",1,0,,9,,95,,9,,925,,92,,2,,32,,52,,6,,72,,76,,3333,,4721,,6721,,72,,8097,,8324
44,"liberty_memorial",,8,,6,,65,,6667,,75,,74,,16,,2,,48,,64,,8,,8,,2667,,3,,5522,,6531,,7742,,7688
45,"lincoln_home",,6,,6,,65,,5667,,575,,6,,1667,,2778,,5,,5,,5,,5556,,2609,,3797,,5652,,5312,,5349,,5769
46,"machu_picchu",,8,,6,,8,,8667,,875,,84,,12,,2,,4,,48,,52,,6,,2087,,3,,5333,,6178,,6523,,7
47,"marble_arch_london",,8,,7,,45,,3667,,35,,32,,1667,,3333,,4167,,5,,5833,,6667,,2759,,4516,,4327,,4231,,4375,,4324
48,"milan_cathedral",1,0,1,0,,95,,9,,9,,86,,2,,36,,52,,56,,64,,68,,3333,,5294,,6721,,6904,,7481,,7595
49,"mole_antonelliana",,4,,7,,75,,7333,,65,,7,,08,,24,,4,,56,,6,,68,,1333,,3574,,5217,,6351,,624,,6899
50,"mont_saint_michel",1,0,,9,,95,,9333,,875,,86,,2,,36,,56,,64,,72,,8,,3333,,5143,,7046,,7593,,79,,8289
51,"moulin_rouge",,0,,1,,25,,2333,,2,,2,,0,,125,,625,,625,,625,,875,,0,,1111,,3571,,3398,,303,,3256
52,"nelson_s_column",,6,,8,,8,,8667,,875,,9,,125,,25,,4167,,625,,7083,,7083,,2069,,381,,5479,,7263,,7829,,7927
53,"notre_dame_de_paris",,8,,9,,8,,8333,,85,,88,,16,,28,,48,,56,,6,,64,,2667,,4271,,6,,6699,,7034,,7411
54,"obelisco",,2,,3,,3,,2,,175,,2,,0909,,1818,,3636,,3636,,3636,,4545,,125,,2264,,3288,,2581,,2363,,2778
55,"piccadilly_circus",1,0,,8,,65,,6,,6,,64,,1739,,2174,,3913,,3913,,4783,,6957,,2963,,3419,,4885,,4737,,5323,,6667
56,"place_de_la_concorde",1,0,1,0,,95,,9667,,95,,96,,16,,32,,48,,64,,76,,84,,2759,,4848,,6378,,7701,,8444,,896
57,"place_de_la_republique",,2,,2,,15,,1333,,1,,08,,125,,25,,375,,375,,375,,375,,1538,,2222,,2143,,1967,,1579,,1319
58,"place_des_vosges",,6,,6,,6,,6333,,6,,56,,12,,2,,4,,44,,52,,56,,2,,3,,48,,5193,,5571,,56
59,"pont_du_gard",,6,,6,,6,,7,,65,,7,,12,,16,,28,,44,,48,,52,,2,,2526,,3818,,5404,,5522,,5967
60,"pont_neuf",,6,,7,,7,,7,,725,,64,,12,,24,,36,,56,,68,,72,,2,,3574,,4755,,6222,,7018,,6776
61,"ponte_vecchio",1,0,,7,,85,,9,,85,,84,,2083,,2917,,4583,,625,,625,,6667,,3448,,4118,,5955,,7377,,7203,,7434
62,"puerta_de_alcala",,2,,5,,4,,4667,,45,,42,,0526,,2632,,3684,,5263,,5789,,6842,,0833,,3448,,3836,,4947,,5064,,5205
63,"puerta_del_sol",,4,,4,,45,,4,,325,,4,,1,,15,,35,,4,,45,,55,,16,,2182,,3937,,4,,3774,,4632
64,"red_fort",1,0,1,0,1,0,1,0,1,0,1,0,,16,,32,,52,,6,,72,,8,,2759,,4848,,6842,,75,,8372,,8889
65,"reims_cathedral",,4,,6,,75,,8333,,825,,86,,08,,2,,44,,56,,6,,68,,1333,,3,,5546,,6699,,6947,,7595
66,"rialto_bridge",,6,,5,,3,,3667,,35,,36,,125,,125,,1875,,375,,4375,,5625,,2069,,2,,2308,,3708,,3889,,439
67,"roman_forum_rome",,4,,6,,7,,7,,675,,68,,08,,16,,4,,6,,6,,72,,1333,,2526,,5091,,6462,,6353,,6994
68,"sacre_coeur",,8,,7,,65,,6333,,575,,58,,125,,2083,,4167,,5,,625,,625,,2162,,3211,,5078,,5588,,599,,6017
69,"sagrada_familia",1,0,,9,,95,,9333,,95,,96,,2,,28,,48,,6,,64,,72,,3333,,4271,,6378,,7304,,7648,,8229
70,"santa_maria_novella",,2,,4,,45,,4333,,4,,42,,04,,16,,24,,32,,4,,52,,0667,,2286,,313,,3681,,4,,4647
71,"schonbrunn_palace",1,0,,9,,95,,9333,,95,,94,,2,,32,,6,,64,,76,,8,,3333,,4721,,7355,,7593,,8444,,8644
72,"seville_cathedral",1,0,1,0,1,0,,9667,,95,,94,,2,,28,,52,,64,,72,,76,,3333,,4375,,6842,,7701,,8192,,8405
73,"spanish_steps",,4,,5,,65,,6667,,675,,68,,0909,,1818,,4091,,5909,,7273,,7273,,1481,,2667,,5021,,6265,,7002,,7028
74,"st__basil_cathedral",,6,,7,,75,,8333,,85,,88,,12,,28,,52,,68,,76,,8,,2,,4,,6142,,7489,,8025,,8381
75,"statue_of_liberty",1,0,,8,,8,,8,,8,,8,,2,,32,,56,,6,,72,,72,,3333,,4571,,6588,,6857,,7579,,7579
76,"stonehenge",,6,,5,,7,,6333,,575,,6,,1053,,1053,,3158,,4211,,4737,,4737,,1791,,1739,,4352,,5058,,5194,,5294
77,"summer_palace_beijing",,8,,8,,8,,8667,,9,,86,,16,,32,,52,,76,,76,,8,,2667,,4571,,6303,,8098,,8241,,8289
78,"sydney_opera_house",1,0,,9,,75,,8333,,85,,86,,2,,32,,44,,56,,6,,64,,3333,,4721,,5546,,6699,,7034,,7339
79,"teotihuacan",,8,,8,,75,,8,,825,,8,,16,,28,,4,,4,,48,,52,,2667,,4148,,5217,,5333,,6069,,6303
80,"terracotta_army",,4,,6,,7,,7,,675,,66,,1,,3,,5,,65,,8,,85,,16,,4,,5833,,6741,,7322,,743
81,"the_blue_mosque",,8,,8,,9,,9333,,925,,92,,16,,28,,44,,56,,72,,76,,2667,,4148,,591,,7,,8097,,8324
82,"the_henry_ford",,2,,4,,5,,6,,6,,58,,04,,12,,32,,52,,56,,64,,0667,,1846,,3902,,5571,,5793,,6085
83,"taj_mahal",,6,,8,,9,,9,,925,,92,,12,,32,,44,,6,,72,,76,,2,,4571,,591,,72,,8097,,8324
84,"tour_montparnasse",,8,,6,,4,,4333,,4,,44,,2,,3,,35,,4,,45,,55,,32,,4,,3733,,416,,4235,,4889
85,"tower_bridge_london",,2,,3,,3,,3333,,4,,42,,04,,12,,16,,24,,4,,44,,0667,,1714,,2087,,2791,,4,,4298
86,"trafalgar_square",,2,,4,,5,,4333,,475,,52,,0455,,1818,,2727,,2727,,3636,,4091,,0741,,25,,3529,,3348,,4119,,4579
87,"leaning_tower_of_pisa",,2,,4,,65,,6333,,65,,58,,04,,16,,36,,48,,6,,64,,0667,,2286,,4634,,5461,,624,,6085
88,"hermitage_museum_saint_petersburg",,8,,8,,8,,8,,825,,8,,16,,28,,52,,6,,72,,72,,2667,,4148,,6303,,6857,,7689,,7579
89,"jantar_mantar_jaipur",1,0,,8,,75,,7333,,775,,76,,2,,32,,44,,6,,8,,8,,3333,,4571,,5546,,66,,7873,,7795
90,"lake_titicaca_peru",,8,,9,,8,,6667,,675,,66,,125,,2917,,4583,,4583,,625,,7083,,2162,,4406,,5828,,5432,,649,,6833
91,"the_great_wall_of_china",,6,,6,,8,,7,,775,,74,,12,,24,,44,,56,,64,,72,,2,,3429,,5677,,6222,,7011,,7299
92,"grande_arche_paris",,6,,5,,7,,6333,,65,,6,,12,,2,,4,,48,,56,,56,,2,,2857,,5091,,5461,,6017,,5793
93,"el_angel_mexico",,4,,4,,4,,4333,,425,,44,,0476,,0952,,2381,,2857,,4286,,5238,,0851,,1538,,2985,,3444,,4268,,4783
94,"bibliotheque_nationale_de_france",,6,,7,,7,,8,,775,,76,,12,,2,,32,,48,,52,,6,,2,,3111,,4392,,6,,6224,,6706
95,"kronborg_castle",1,0,,8,,7,,7333,,775,,78,,1667,,2917,,4167,,5,,5417,,625,,2857,,4275,,5224,,5946,,6377,,694
96,"ajanta_caves",,8,,9,,9,,9,,85,,86,,1818,,3182,,4545,,5455,,6364,,6818,,2963,,4701,,604,,6792,,7278,,7606
97,"atomium",,8,,8,,8,,8667,,9,,9,,0952,,2857,,381,,5714,,6667,,6667,,1702,,4211,,5161,,6887,,766,,766
98,"ellora_caves",1,0,,9,,95,,9333,,925,,92,,2273,,3636,,5455,,6818,,6818,,6818,,3704,,518,,693,,788,,785,,7832
99,"potala_palace",,6,,8,,85,,8667,,775,,78,,1111,,2778,,6111,,7222,,7222,,7778,,1875,,4124,,711,,7879,,7477,,7789
100,"jokhang",,8,,7,,65,,6667,,625,,6,,12,,24,,44,,6,,64,,68,,2087,,3574,,5248,,6316,,6324,,6375
101,"rila_monastery",,6,,8,,85,,8333,,875,,88,,12,,2,,36,,4,,48,,48,,2,,32,,5058,,5405,,6199,,6212
102,"louvre_pyramid",,6,,8,,85,,9,,85,,82,,1111,,2222,,3889,,6111,,6111,,6667,,1875,,3478,,5336,,7279,,711,,7354
103,"brooklyn_bridge",1,0,1,0,,75,,7,,7,,74,,2381,,2857,,3333,,381,,5238,,5714,,3846,,4444,,4615,,4934,,5992,,6449
104,"tower_of_london",,6,,7,,65,,6333,,575,,6,,1304,,2174,,3043,,3478,,3913,,4783,,2143,,3318,,4146,,449,,4657,,5323
105,"british_museum_london",1,0,1,0,,95,,9667,,975,,98,,2,,3,,5,,65,,65,,7,,3333,,4615,,6552,,7773,,78,,8167
106,"buckingham_palace",,2,,2,,3,,3333,,35,,4,,05,,1,,25,,3,,35,,45,,08,,1333,,2727,,3158,,35,,4235
107,"charles_bridge_prague",,8,,9,,7,,6667,,6,,62,,1667,,3333,,4583,,5417,,5417,,625,,2759,,4865,,554,,5977,,5693,,6225
108,"champs_elysees_paris",,6,,7,,5,,4333,,45,,48,,1333,,2667,,4,,4667,,6,,6667,,2182,,3862,,4444,,4494,,5143,,5581
109,"chrysler_building",1,0,,9,,9,,9333,,95,,94,,2857,,3571,,5714,,7857,,8571,,8571,,4444,,5114,,699,,8532,,9012,,8967
110,"moma_new_york",1,0,,9,,9,,9,,925,,86,,2105,,3684,,4211,,5263,,6842,,7895,,3478,,5228,,5737,,6642,,7866,,8232
111,"grand_central_terminal",1,0,,9,,9,,9,,9,,9,,1429,,2381,,2857,,5714,,619,,6667,,25,,3766,,4337,,699,,7335,,766
112,"houses_of_parliament",1,0,,9,,95,,9,,875,,84,,1739,,1739,,3913,,4783,,5217,,6087,,2963,,2915,,5543,,6246,,6537,,7059
113,"alexanderplatz_berlin",,6,,7,,75,,6667,,625,,7,,12,,28,,36,,44,,44,,48,,2,,4,,4865,,5301,,5164,,5695
114,"centre_pompidou",,4,,4,,5,,5667,,625,,62,,1111,,2222,,3333,,4444,,6667,,6667,,1739,,2857,,4,,4982,,6452,,6425
115,"sydney_harbour_bridge",1,0,,9,,95,,9667,,975,,98,,3125,,4375,,75,,8125,,875,,875,,4762,,5888,,8382,,8829,,9223,,9245
116,"pier_39",1,0,1,0,,9,,8667,,825,,8,,1905,,3333,,4762,,5238,,5714,,6667,,32,,5,,6228,,653,,6752,,7273
117,"coit_tower",,4,,5,,35,,4667,,475,,54,,1333,,1333,,2,,4,,5333,,6,,2,,2105,,2545,,4308,,5025,,5684
118,"st_paul_s_cathedral_london",1,0,,9,,85,,8,,775,,78,,2941,,3529,,5294,,5882,,7059,,7647,,4545,,507,,6525,,678,,7388,,7723
119,"cloud_gate",,8,,9,,85,,8,,8,,8,,0833,,1667,,3333,,5833,,5833,,6667,,1509,,2812,,4789,,6747,,6747,,7273
120,"musee_d_orsay",1,0,,9,,95,,9333,,95,,94,,1429,,1429,,4286,,5714,,6667,,7619,,25,,2466,,5907,,7089,,7835,,8416
121,"pike_place_market",,8,,8,,8,,8333,,775,,8,,1429,,2857,,5238,,5238,,619,,619,,2424,,4211,,6331,,6433,,6883,,698
122,"royal_palace_madrid",,4,,7,,7,,8,,825,,84,,0909,,3182,,4545,,6818,,7273,,7727,,1481,,4375,,5512,,7362,,7731,,805
123,"sony_center_berlin",,8,,8,,8,,8667,,875,,86,,1905,,2857,,381,,4286,,5238,,5238,,3077,,4211,,5161,,5735,,6553,,6511
124,"red_square_moscow",,8,,7,,7,,7,,625,,66,,1429,,1429,,3333,,4762,,5714,,619,,2424,,2373,,4516,,5668,,597,,6389
125,"prague_castle",,8,,8,,8,,7667,,8,,84,,16,,32,,52,,72,,72,,76,,2667,,4571,,6303,,7426,,7579,,798
126,"musee_du_louvre",,8,,9,,95,,9667,,975,,98,,12,,28,,52,,64,,72,,76,,2087,,4271,,6721,,7701,,8283,,8561
127,"millennium_bridge_london",,8,,9,,85,,8,,725,,72,,16,,28,,36,,4,,52,,64,,2667,,4271,,5058,,5333,,6056,,6776
128,"casa_mila",1,0,1,0,1,0,1,0,1,0,,96,,2,,32,,44,,6,,76,,8,,3333,,4848,,6111,,75,,8636,,8727
129,"national_gallery_london",,4,,5,,65,,5667,,525,,5,,0455,,1818,,4545,,5,,5909,,6364,,0816,,2667,,535,,5312,,556,,56
130,"national_mall",,6,,8,,55,,6,,65,,62,,12,,28,,4,,48,,64,,64,,2,,4148,,4632,,5333,,645,,6298
131,"london_city_hall",,8,,9,,8,,6667,,65,,68,,2,,35,,6,,65,,75,,8,,32,,504,,6857,,6582,,6964,,7351
132,"holocaust_memorial",,4,,6,,45,,4333,,5,,46,,125,,375,,375,,4375,,625,,625,,1905,,4615,,4091,,4354,,5556,,53
133,"columbus_circle",,2,,2,,25,,4,,35,,4,,04,,08,,16,,36,,4,,48,,0667,,1143,,1951,,3789,,3733,,4364
134,"siegessaeule",,6,,5,,6,,5667,,575,,54,,12,,16,,4,,52,,64,,68,,2,,2424,,48,,5423,,6058,,602
135,"jardin_du_luxembourg",1,0,1,0,1,0,,9333,,9,,9,,2,,32,,56,,64,,72,,8,,3333,,4848,,7179,,7593,,8,,8471
136,"merlion_singapore",,6,,7,,6,,5333,,6,,56,,1364,,3182,,4091,,5455,,7727,,8182,,2222,,4375,,4865,,5393,,6755,,6649
137,"harrods_london",,8,,8,,8,,8333,,8,,82,,12,,24,,44,,56,,6,,68,,2087,,3692,,5677,,6699,,6857,,7435
138,"metropolitan_museum_of_art_new_york",,8,,9,,95,,9667,,95,,94,,16,,32,,4,,52,,6,,6,,2667,,4721,,563,,6762,,7355,,7325
139,"new_york_stock_exchange",,2,,6,,5,,4,,35,,42,,05,,2,,35,,45,,5,,6,,08,,3,,4118,,4235,,4118,,4941
140,"stephansdom_vienna",1,0,1,0,,9,,9,,925,,94,,2,,36,,44,,52,,64,,68,,3333,,5294,,591,,6592,,7565,,7891
141,"hms_belfast",1,0,1,0,,95,,9667,,9,,92,,16,,2,,36,,52,,68,,76,,2759,,3333,,5221,,6762,,7747,,8324
142,"leicester_square",,8,,9,,9,,8,,75,,7,,16,,28,,4,,44,,52,,52,,2667,,4271,,5538,,5677,,6142,,5967
143,"ciudad_de_las_artes_y_las_ciencias",1,0,,9,,9,,9333,,925,,94,,2,,36,,44,,68,,72,,76,,3333,,5143,,591,,7868,,8097,,8405
144,"topkapi_palace",1,0,1,0,1,0,1,0,1,0,1,0,,2,,36,,44,,56,,64,,64,,3333,,5294,,6111,,7179,,7805,,7805
145,"royal_albert_hall",,8,,9,,8,,6,,575,,58,,12,,24,,36,,44,,48,,56,,2087,,3789,,4966,,5077,,5232,,5698
146,"st_vitus_cathedral",,6,,8,,9,,9,,925,,94,,12,,24,,44,,56,,64,,68,,2,,3692,,591,,6904,,7565,,7891
147,"castello_sforzesco",1,0,,9,,95,,9667,,925,,9,,2,,28,,44,,56,,68,,72,,3333,,4271,,6014,,7092,,7838,,8
148,"rijksmuseum_amsterdam",1,0,1,0,1,0,1,0,1,0,,98,,12,,28,,48,,56,,72,,76,,2143,,4375,,6486,,7179,,8372,,8561
149,"dam_square",,6,,5,,6,,6333,,575,,6,,12,,16,,32,,44,,52,,64,,2,,2424,,4174,,5193,,5461,,6194
150,"rathaus_vienna",,6,,4,,4,,4333,,5,,52,,12,,16,,28,,4,,52,,56,,2,,2286,,3294,,416,,5098,,5393
151,"bath_abbey",,8,,9,,95,,9333,,95,,96,,16,,24,,52,,68,,72,,76,,2667,,3789,,6721,,7868,,8192,,8484
152,"salisbury_cathedral",,8,,9,,95,,9333,,95,,96,,16,,32,,44,,56,,72,,72,,2667,,4721,,6014,,7,,8192,,8229
153,"templo_de_debod",,2,,3,,35,,3,,375,,42,,0455,,1364,,3182,,4091,,4545,,5,,0741,,1875,,3333,,3462,,411,,4565
154,"Niagara_Falls",,8,,6,,6,,6333,,625,,64,,1818,,2273,,3636,,5,,5,,5455,,2963,,3297,,4528,,5588,,5556,,589
155,"Golden_Gate_Bridge_in_San_Francisco",1,0,1,0,1,0,1,0,1,0,1,0,,1818,,3182,,5455,,6364,,7727,,8182,,3077,,4828,,7059,,7778,,8718,,9
156,"Neuschwanstein_Castle",,8,,9,,95,,9667,,9,,92,,16,,32,,48,,52,,64,,68,,2667,,4721,,6378,,6762,,7481,,782
157,"Christ_Church_Cathedral_Missouri",,8,,8,,9,,8333,,775,,78,,12,,28,,52,,56,,68,,68,,2087,,4148,,6592,,6699,,7244,,7266
158,"Mount_Rushmore_in_South_Dakota",,8,,7,,75,,8333,,825,,86,,16,,24,,36,,56,,6,,72,,2667,,3574,,4865,,6699,,6947,,7838
159,"Puerta_de_Toledo",,0,,0,,05,,0333,,025,,02,,0,,0,,5,,5,,5,,5,,0,,0,,0909,,0625,,0476,,0385
160,"Urquhart_Castle",,6,,8,,85,,8667,,85,,84,,0833,,25,,375,,5833,,5833,,6667,,1463,,381,,5204,,6973,,6919,,7434
161,"Gare_du_Nord_Paris",1,0,,9,,8,,7333,,725,,7,,16,,32,,52,,56,,72,,72,,2759,,4721,,6303,,6351,,7225,,7099
162,"Newgrange_in_Ireland",,6,,6,,55,,6,,55,,58,,125,,2083,,3333,,4167,,4167,,4167,,2069,,3093,,4151,,4918,,4741,,4849
163,"Windmills_at_Kinderdijk",,8,,9,,95,,9333,,9,,88,,12,,24,,28,,4,,52,,68,,2087,,3789,,4325,,56,,6592,,7672
164,"Conciergerie",1,0,1,0,,9,,9,,925,,92,,2,,32,,36,,48,,52,,64,,3333,,4848,,5143,,6261,,6657,,7549
165,"Palazzo_Madama",,2,,4,,45,,4333,,475,,46,,0909,,2273,,3182,,4545,,5455,,6364,,125,,2899,,3728,,4437,,5078,,534
166,"Split_Rock_Lighthouse",,8,,9,,65,,7333,,725,,76,,16,,24,,32,,44,,44,,6,,2667,,3789,,4289,,55,,5476,,6706
167,"The_Little_Mermaid_Denmark",,6,,8,,7,,5667,,5,,44,,2143,,5,,7143,,7857,,7857,,7857,,3158,,6154,,7071,,6585,,6111,,5641
168,"Great_Pyramid_of_Giza",,4,,5,,7,,6333,,6,,58,,1333,,2667,,3333,,5333,,6,,6667,,2,,3478,,4516,,579,,6,,6203
169,"Pitti_Palace",1,0,,8,,7,,7333,,7,,68,,2273,,3182,,3636,,3636,,3636,,4545,,3704,,4553,,4786,,4862,,4786,,5449
170,"Georgia_State_Capitol",,6,,4,,3,,2333,,25,,24,,1053,,1579,,2105,,2632,,2632,,3158,,1791,,2264,,2474,,2473,,2564,,2727
171,"Dome_des_Invalides",1,0,1,0,,9,,9333,,95,,96,,2,,32,,48,,56,,68,,72,,3333,,4848,,6261,,7,,7926,,8229
172,"Reggia_di_Caserta",,8,,6,,7,,6667,,65,,66,,12,,2,,28,,4,,52,,56,,2087,,3,,4,,5,,5778,,6059
173,"The_Burj_al_Arab_Hotel",,8,,8,,85,,7667,,65,,68,,12,,2,,4,,48,,48,,6,,2087,,32,,544,,5904,,5522,,6375
174,"Elephanta_Caves",,8,,7,,75,,7667,,725,,68,,1667,,25,,4167,,5833,,5833,,625,,2759,,3684,,5357,,6626,,6465,,6513
175,"Basilica_of_Santa_Croce",1,0,1,0,1,0,1,0,1,0,,98,,2,,28,,44,,6,,6,,68,,3333,,4375,,6111,,75,,75,,8029
176,"Aachen_Cathedral",,8,,8,,9,,9,,9,,86,,16,,28,,4,,52,,6,,64,,2667,,4148,,5538,,6592,,72,,7339
177,"Monument_to_the_Great_Fire_of_London",,8,,8,,65,,5667,,625,,66,,16,,24,,32,,36,,56,,72,,2667,,3692,,4289,,4403,,5907,,6887
178,"Longmen_Grottoes",,4,,4,,65,,7,,625,,62,,08,,16,,44,,68,,72,,8,,1333,,2286,,5248,,6899,,6691,,6986
179,"Louisiana_State_Capitol",,2,,3,,35,,4,,4,,38,,04,,12,,28,,4,,44,,56,,0667,,1714,,3111,,4,,419,,4528
180,"The_Great_Sphinx_at_Giza",,8,,7,,85,,8,,75,,72,,12,,24,,44,,56,,68,,76,,2087,,3574,,5798,,6588,,7133,,7395
181,"Teatro_Real_Madrid",,6,,6,,65,,5667,,6,,56,,1304,,2174,,3913,,4783,,6087,,6522,,2143,,3191,,4885,,5187,,6043,,6026
182,"Palacio_de_la_Magdalena",,8,,7,,8,,7,,675,,62,,16,,24,,48,,52,,64,,68,,2667,,3574,,6,,5967,,657,,6486
183,"Sowjetisches_Ehrenmal",,4,,5,,7,,6333,,575,,56,,08,,2,,4,,48,,6,,68,,1333,,2857,,5091,,5461,,5872,,6142
184,"Cathedral_of_Trier",,8,,8,,85,,8667,,85,,8,,16,,28,,48,,72,,76,,84,,2667,,4148,,6135,,7866,,8025,,8195
185,"Saint_Mary_of_the_Flower",,6,,7,,4,,4667,,55,,54,,12,,16,,2,,36,,36,,4,,2,,2605,,2667,,4065,,4352,,4596
186,"Skellig_Michael",,6,,5,,55,,5667,,625,,66,,12,,2,,32,,4,,48,,6,,2,,2857,,4046,,469,,543,,6286
187,"Chicago_Board_of_Trade_Building",,8,,8,,6,,6667,,575,,62,,0909,,1818,,3636,,4545,,5455,,6364,,1633,,2963,,4528,,5405,,5598,,6281
188,"Pont_de_Normandie_France",,8,,7,,85,,8333,,825,,78,,2105,,3158,,5789,,7895,,9474,,9474,,3333,,4352,,6888,,8108,,882,,8556
189,"Palazzo_Rosso",,2,,1,,1,,1667,,15,,12,,0417,,0417,,0833,,2083,,25,,25,,069,,0588,,0909,,1852,,1875,,1622
190,"Piazza_Vittorio_Veneto",,2,,3,,25,,3,,3,,28,,0625,,1875,,25,,4375,,4375,,5,,0952,,2308,,25,,3559,,3559,,359
191,"Sforza_Castle",1,0,1,0,,95,,9333,,95,,94,,16,,28,,48,,52,,56,,64,,2759,,4375,,6378,,6679,,7046,,7615
192,"Torres_KIO",,4,,7,,75,,8,,775,,8,,08,,24,,44,,48,,56,,64,,1333,,3574,,5546,,6,,6502,,7111
193,"Torre_Picasso",1,0,,9,,9,,8667,,9,,88,,1667,,3333,,4583,,5417,,625,,625,,2857,,4865,,6074,,6667,,7377,,7309
194,"The_Palace_of_Parliament_in_Bucharest",1,0,1,0,,85,,9,,9,,88,,16,,24,,44,,6,,68,,68,,2759,,3871,,5798,,72,,7747,,7672
195,"Ernest_Hemingway_House",,8,,8,,75,,7,,725,,76,,16,,28,,44,,56,,64,,72,,2667,,4148,,5546,,6222,,6799,,7395
196,"Castel_dellOvo_Napoli",,6,,8,,8,,8,,775,,78,,12,,24,,44,,56,,6,,68,,2,,3692,,5677,,6588,,6764,,7266
197,"Villa_Borghese_gardens",,8,,9,,95,,9333,,95,,96,,16,,32,,4,,64,,72,,76,,2667,,4721,,563,,7593,,8192,,8484
198,"Saint_Marks_Basilica",1,0,,8,,9,,9,,875,,88,,12,,2,,36,,4,,48,,56,,2143,,32,,5143,,5538,,6199,,6844
199,"Mausoleum_of_the_First_Qin_Emperor",1,0,,9,,85,,8333,,875,,84,,2,,36,,52,,64,,8,,84,,3333,,5143,,6453,,724,,8358,,84
200,"Mausoleum_of_Hadrian",,8,,6,,65,,6667,,6,,52,,1667,,2222,,4444,,6111,,6667,,7222,,2759,,3243,,5279,,6377,,6316,,6047
201,"Piazza_de_Ferrari",,6,,8,,8,,8333,,85,,88,,1579,,2105,,4211,,5789,,5789,,5789,,25,,3333,,5517,,6832,,6888,,6984
202,"George_Washington_Carver",,4,,6,,65,,5667,,575,,52,,125,,375,,625,,625,,625,,625,,1905,,4615,,6373,,5944,,599,,5677
203,"Cathedral_of_Santiago_de_Compostela",,6,,6,,7,,7333,,7,,72,,1765,,2353,,4118,,5882,,6471,,7059,,2727,,338,,5185,,6528,,6725,,7129
204,"Saint-Jacques_Tower",,8,,7,,7,,7,,675,,7,,3077,,4615,,6923,,7692,,7692,,7692,,4444,,5563,,6961,,733,,719,,733
205,"Calakmul_Campeche_Mexico",,6,,8,,7,,7,,675,,72,,2143,,4286,,6429,,7857,,7857,1,0,,3158,,5581,,6702,,7404,,7262,,8372
206,"Bran_Castle_in_Transylvania",1,0,,9,,9,,8667,,875,,86,,1579,,2632,,5263,,6842,,6842,,6842,,2727,,4072,,6642,,7647,,7679,,7621
207,"Mosteiro_da_Batalha",1,0,1,0,1,0,1,0,1,0,1,0,,1579,,4211,,5263,,5789,,6842,,7895,,2727,,5926,,6897,,7333,,8125,,8824
208,"Wartburg_Castle",1,0,1,0,,95,,9333,,95,,96,,25,,35,,7,,75,,85,,9,,4,,5185,,8061,,8317,,8972,,929
209,"Fujian_Tulou_Fujian_China",1,0,1,0,1,0,1,0,,95,,92,,2222,,5,,6111,,7222,,7222,,7778,,3636,,6667,,7586,,8387,,8206,,8429
210,"Alabama_State_Capitol",,4,,6,,7,,6333,,65,,62,,0952,,2381,,5238,,5238,,6667,,7143,,1538,,3409,,5992,,5734,,6582,,6638
211,"Palazzo_dAccursio",,2,,3,,4,,4333,,5,,44,,0556,,1111,,2778,,3889,,5,,5556,,087,,1622,,3279,,4099,,5,,4911
212,"Casa_Grande_Ruins",,8,,6,,75,,7667,,7,,74,,2353,,3529,,4118,,5882,,5882,,5882,,3636,,4444,,5316,,6657,,6393,,6554
213,"Stravinsky_Fountain",,8,,6,,8,,8333,,85,,86,,2667,,3333,,5333,,5333,,5333,,6,,4,,4286,,64,,6504,,6554,,7068
214,"Angel_Falls_Venezuela",,4,,3,,35,,3,,375,,44,,1176,,1765,,3529,,3529,,4118,,5294,,1818,,2222,,3515,,3243,,3925,,4806
215,"Statue_of_George_IV",,4,,4,,3,,3,,4,,34,,25,,25,,25,,375,,75,,875,,3077,,3077,,2727,,3333,,5217,,4897
216,"Palacio_Barolo",1,0,1,0,1,0,,9,,875,,88,,2353,,2941,,4118,,5882,,7059,,7647,,381,,4545,,5833,,7115,,7814,,8183
217,"Bridge_of_Remembrance_Christchurch_New_Zealand",,4,,5,,55,,4667,,5,,48,,0833,,1667,,25,,5,,6667,,75,,1379,,25,,3438,,4828,,5714,,5854
218,"John_A._Roebling_Suspension_Bridge",,8,,9,,85,,7333,,65,,68,,1333,,4,,7333,,7333,,8,,8,,2286,,5538,,7874,,7333,,7172,,7351
219,"Blue_Dome_Santorini",,8,,7,,8,,8667,,85,,84,,25,,4375,,75,,75,,8125,,875,,381,,5385,,7742,,8041,,8308,,8571
220,"Fossar_de_les_Moreres",,2,,2,,3,,2667,,3,,28,,0714,,1429,,2143,,2857,,3571,,5,,1053,,1667,,25,,2759,,3261,,359
221,"Luxor_Obelisk_France",,6,,8,,7,,7667,,775,,74,,1875,,25,,25,,4375,,4375,,4375,,2857,,381,,3684,,5571,,5593,,5499
222,"Valle_de_los_Caidos",1,0,,9,,85,,8333,,825,,82,,1,,25,,35,,55,,55,,65,,1818,,3913,,4958,,6627,,66,,7252
--------------------
"--","Avg.",P@5,P@10,P@20,P@30,P@40,P@50,CR@5,CR@10,CR@20,CR@30,CR@40,CR@50,F1@5,F1@10,F1@20,F1@30,F1@40,F1@50
,,,7072,,7221,,7291,,7287,,7234,,7232,,1438,,2551,,4214,,5311,,6091,,6703,,2366,,3722,,5251,,6048,,6511,,6835