--------------------
"Run name","output_runTAMURADaviesBouldin"
--------------------
"Average P@20 = ",,7865
"Average CR@20 = ",,4031
"Average F1@20 = ",,5233
--------------------
"Query Id ","Location name",P@5,P@10,P@20,P@30,P@40,P@50,CR@5,CR@10,CR@20,CR@30,CR@40,CR@50,F1@5,F1@10,F1@20,F1@30,F1@40,F1@50
1,"angel_of_the_north",1,0,1,0,1,0,1,0,,95,,96,,16,,28,,4,,6,,64,,72,,2759,,4375,,5714,,75,,7648,,8229
2,"big_ben",1,0,1,0,,95,,9667,,95,,86,,1364,,2727,,4091,,4545,,5455,,6364,,24,,4286,,5719,,6183,,693,,7315
3,"hearst_castle",1,0,1,0,,9,,9333,,875,,88,,1667,,3333,,5,,6667,,7083,,75,,2857,,5,,6429,,7778,,7829,,8098
4,"la_madeleine",,2,,2,,2,,4,,325,,32,,0714,,1429,,2143,,4286,,4286,,6429,,1053,,1667,,2069,,4138,,3697,,4273
5,"pont_alexandre_iii",1,0,1,0,1,0,1,0,1,0,,96,,2,,32,,4,,52,,68,,72,,3333,,4848,,5714,,6842,,8095,,8229
6,"neues_museum",,0,,0,,15,,4333,,575,,66,,0,,0,,08,,32,,44,,64,,0,,0,,1043,,3681,,4985,,6498
7,"montezuma_castle",,4,,7,,55,,6,,675,,64,,1667,,3333,,3333,,5,,5833,,6667,,2353,,4516,,4151,,5455,,6258,,6531
8,"cn_tower",,6,,7,,7,,8,,725,,7,,0833,,2083,,375,,5,,5417,,625,,1463,,3211,,4884,,6154,,6201,,6604
9,"acropolis_athens",,8,,8,,9,,9,,875,,84,,1905,,2381,,381,,4286,,5238,,5714,,3077,,367,,5353,,5806,,6553,,6802
10,"agra_fort",1,0,,9,,9,,9333,,9,,9,,16,,32,,44,,52,,72,,72,,2759,,4721,,591,,6679,,8,,8
11,"albert_memorial",1,0,,9,,85,,7333,,75,,8,,1818,,1818,,2727,,3636,,4091,,6818,,3077,,3025,,413,,4862,,5294,,7362
12,"altes_museum",,8,,7,,7,,6333,,625,,7,,125,,25,,4167,,5417,,5833,,75,,2162,,3684,,5224,,5839,,6034,,7241
13,"amiens_cathedral",1,0,1,0,1,0,1,0,,975,,98,,16,,32,,52,,68,,76,,76,,2759,,4848,,6842,,8095,,8542,,8561
14,"angkor_wat",,8,,7,,8,,7333,,8,,84,,16,,24,,52,,6,,68,,8,,2667,,3574,,6303,,66,,7351,,8195
15,"ara_pacis",,6,,8,,7,,7,,675,,7,,1364,,2727,,5,,6818,,6818,,7273,,2222,,4068,,5833,,6908,,6784,,7134
16,"arc_de_triomphe",,8,,9,,85,,9,,8,,74,,1667,,2917,,4167,,5833,,625,,6667,,2759,,4406,,5592,,7079,,7018,,7014
17,"aztec_ruins",,2,,2,,15,,2667,,25,,38,,04,,08,,12,,28,,36,,52,,0667,,1143,,1333,,2732,,2951,,4391
18,"berlin_cathedral",1,0,1,0,1,0,1,0,,95,,92,,2,,32,,44,,6,,64,,76,,3333,,4848,,6111,,75,,7648,,8324
19,"bok_tower_gardens",,8,,9,,85,,9,,9,,9,,12,,2,,44,,56,,6,,6,,2087,,3273,,5798,,6904,,72,,72
20,"brandenburg_gate",1,0,1,0,1,0,,9667,,95,,94,,16,,32,,4,,44,,48,,6,,2759,,4848,,5714,,6047,,6378,,7325
21,"cabrillo",,0,,0,,15,,2,,175,,18,,0,,0,,2308,,4615,,5385,,6154,,0,,0,,1818,,2791,,2642,,2785
22,"casa_batllo",1,0,1,0,1,0,1,0,,975,,96,,2,,32,,44,,56,,72,,84,,3333,,4848,,6111,,7179,,8283,,896
23,"casa_rosada",1,0,,9,,9,,9333,,95,,94,,16,,32,,4,,56,,6,,72,,2759,,4721,,5538,,7,,7355,,8154
24,"castillo_de_san_marcos",1,0,,9,,65,,7,,725,,78,,12,,28,,32,,48,,6,,64,,2143,,4271,,4289,,5695,,6566,,7031
25,"chartres_cathedral",1,0,1,0,1,0,,9333,,925,,9,,16,,32,,48,,6,,68,,72,,2759,,4848,,6486,,7304,,7838,,8
26,"chichen_itza",1,0,,9,,8,,8333,,875,,9,,2,,36,,44,,52,,6,,68,,3333,,5143,,5677,,6404,,7119,,7747
27,"christ_the_redeemer_rio",1,0,,8,,7,,5667,,6,,58,,1739,,2609,,3478,,3913,,5217,,5652,,2963,,3934,,4647,,4629,,5581,,5725
28,"civic_center_san_francisco",,8,,7,,8,,8333,,725,,6,,12,,16,,44,,56,,56,,56,,2087,,2605,,5677,,6699,,6319,,5793
29,"cologne_cathedral",1,0,1,0,1,0,,9333,,95,,92,,16,,32,,44,,56,,64,,68,,2759,,4848,,6111,,7,,7648,,782
30,"colosseum",1,0,1,0,,95,,9667,,975,,92,,16,,24,,48,,6,,64,,68,,2759,,3871,,6378,,7404,,7728,,782
31,"doge_s_palace",1,0,,9,,95,,7333,,8,,82,,16,,24,,4,,4,,48,,48,,2759,,3789,,563,,5176,,6,,6055
32,"eiffel_tower",1,0,1,0,1,0,1,0,1,0,,9,,16,,16,,32,,44,,48,,48,,2759,,2759,,4848,,6111,,6486,,6261
33,"golden_gate_bridge",,8,,7,,85,,8333,,725,,74,,1739,,2609,,4783,,5217,,6087,,6522,,2857,,3801,,6121,,6417,,6618,,6933
34,"grand_palais",,8,,9,,95,,9333,,95,,96,,1364,,2727,,4091,,5,,5,,5,,233,,4186,,5719,,6512,,6552,,6575
35,"guggenheim_museum_bilbao",1,0,1,0,1,0,,9333,,95,,94,,12,,32,,44,,52,,56,,72,,2143,,4848,,6111,,6679,,7046,,8154
36,"hagia_sophia_istanbul",1,0,1,0,1,0,,9667,,975,,98,,16,,32,,4,,52,,6,,68,,2759,,4848,,5714,,6762,,7429,,8029
37,"hoover_dam",,8,,8,,9,,9333,,925,,92,,12,,2,,48,,6,,76,,8,,2087,,32,,6261,,7304,,8344,,8558
38,"humayun_tomb",1,0,,8,,65,,6667,,725,,74,,2,,24,,36,,48,,6,,68,,3333,,3692,,4634,,5581,,6566,,7087
39,"iguazu_falls",,8,,8,,85,,8,,8,,8,,12,,2,,4,,48,,56,,68,,2087,,32,,544,,6,,6588,,7351
40,"iolani_palace",1,0,,9,,9,,7,,7,,68,,16,,24,,36,,44,,56,,64,,2759,,3789,,5143,,5404,,6222,,6594
41,"la_mezquita",,6,,5,,65,,7,,675,,62,,0833,,1667,,375,,4167,,4583,,5833,,1463,,25,,4756,,5224,,546,,6011
42,"la_rambla_barcelona",,8,,9,,95,,9333,,95,,94,,16,,24,,28,,4,,44,,56,,2667,,3789,,4325,,56,,6014,,7019
43,"la_sainte_chapelle",1,0,1,0,,95,,9667,,95,,96,,2,,4,,56,,64,,68,,8,,3333,,5714,,7046,,7701,,7926,,8727
44,"liberty_memorial",,8,,8,,7,,6667,,675,,7,,16,,24,,4,,52,,6,,72,,2667,,3692,,5091,,5843,,6353,,7099
45,"lincoln_home",,8,,8,,85,,9,,875,,7,,2222,,3889,,6111,,6667,,7222,,7222,,3478,,5234,,711,,766,,7913,,7109
46,"machu_picchu",,8,,8,,7,,7,,775,,78,,16,,28,,48,,52,,56,,72,,2667,,4148,,5695,,5967,,6502,,7488
47,"marble_arch_london",,4,,4,,25,,4333,,375,,32,,0833,,25,,25,,5,,5,,5,,1379,,3077,,25,,4643,,4286,,3902
48,"milan_cathedral",,8,,8,,9,,8667,,9,,92,,16,,24,,36,,52,,64,,68,,2667,,3692,,5143,,65,,7481,,782
49,"mole_antonelliana",1,0,1,0,,95,,7667,,8,,72,,16,,28,,4,,44,,48,,52,,2759,,4375,,563,,5591,,6,,6039
50,"mont_saint_michel",,8,,9,,95,,9333,,95,,92,,12,,32,,44,,48,,6,,64,,2087,,4721,,6014,,634,,7355,,7549
51,"moulin_rouge",,2,,2,,2,,1333,,225,,2,,125,,25,,375,,375,,75,,875,,1538,,2222,,2609,,1967,,3462,,3256
52,"nelson_s_column",1,0,1,0,1,0,1,0,1,0,,98,,2083,,375,,4583,,5,,5833,,7083,,3448,,5455,,6286,,6667,,7368,,8223
53,"notre_dame_de_paris",1,0,,9,,9,,9,,875,,82,,16,,28,,36,,56,,6,,64,,2759,,4271,,5143,,6904,,7119,,7189
54,"obelisco",,4,,3,,15,,1333,,175,,24,,1818,,1818,,1818,,1818,,3636,,7273,,25,,2264,,1644,,1538,,2363,,3609
55,"piccadilly_circus",,6,,7,,8,,7333,,75,,7,,1304,,3043,,4783,,5217,,5652,,6957,,2143,,4242,,5986,,6097,,6446,,6978
56,"place_de_la_concorde",1,0,1,0,1,0,,9667,,975,,98,,12,,2,,32,,48,,52,,64,,2143,,3333,,4848,,6415,,6783,,7743
57,"place_de_la_republique",,2,,2,,15,,1,,075,,06,,125,,125,,25,,25,,25,,25,,1538,,1538,,1875,,1429,,1154,,0968
58,"place_des_vosges",,8,,9,,9,,8667,,8,,78,,16,,2,,32,,48,,64,,72,,2667,,3273,,4721,,6178,,7111,,7488
59,"pont_du_gard",,8,,8,,85,,7667,,775,,82,,08,,2,,36,,48,,56,,64,,1455,,32,,5058,,5904,,6502,,7189
60,"pont_neuf",1,0,,7,,75,,8,,675,,6,,12,,2,,32,,56,,6,,6,,2143,,3111,,4486,,6588,,6353,,6
61,"ponte_vecchio",1,0,,9,,85,,8667,,75,,72,,1667,,2917,,4167,,4167,,5,,5417,,2857,,4406,,5592,,5628,,6,,6182
62,"puerta_de_alcala",,6,,3,,4,,5,,55,,56,,1579,,1579,,1579,,3158,,4737,,6316,,25,,2069,,2264,,3871,,509,,5936
63,"puerta_del_sol",,4,,3,,45,,3667,,3,,28,,1,,15,,3,,35,,4,,45,,16,,2,,36,,3581,,3429,,3452
64,"red_fort",1,0,1,0,1,0,1,0,,975,,98,,16,,32,,48,,68,,72,,76,,2759,,4848,,6486,,8095,,8283,,8561
65,"reims_cathedral",,8,,8,,9,,9333,,95,,92,,12,,24,,36,,48,,6,,64,,2087,,3692,,5143,,634,,7355,,7549
66,"rialto_bridge",,8,,8,,7,,6333,,5,,4,,25,,3125,,4375,,5,,5,,5,,381,,4494,,5385,,5588,,5,,4444
67,"roman_forum_rome",,6,,5,,55,,6,,625,,62,,12,,2,,36,,52,,56,,76,,2,,2857,,4352,,5571,,5907,,6829
68,"sacre_coeur",,6,,6,,55,,6333,,575,,56,,125,,125,,2917,,4583,,5,,5,,2069,,2069,,3812,,5318,,5349,,5283
69,"sagrada_familia",1,0,1,0,,95,,9333,,925,,94,,16,,32,,48,,56,,56,,64,,2759,,4848,,6378,,7,,6976,,7615
70,"santa_maria_novella",,4,,5,,55,,5333,,5,,56,,08,,2,,44,,48,,52,,6,,1333,,2857,,4889,,5053,,5098,,5793
71,"schonbrunn_palace",1,0,1,0,1,0,,9667,,975,,98,,2,,28,,44,,56,,64,,68,,3333,,4375,,6111,,7092,,7728,,8029
72,"seville_cathedral",1,0,,8,,85,,8667,,9,,92,,12,,2,,36,,44,,64,,64,,2143,,32,,5058,,5837,,7481,,7549
73,"spanish_steps",,8,,9,,85,,8,,775,,68,,1364,,1818,,3636,,5,,6364,,6364,,233,,3025,,5094,,6154,,6989,,6575
74,"st__basil_cathedral",1,0,,9,,95,,9333,,9,,92,,2,,36,,48,,52,,6,,68,,3333,,5143,,6378,,6679,,72,,782
75,"statue_of_liberty",1,0,,9,,9,,8667,,9,,9,,16,,28,,4,,48,,48,,56,,2759,,4271,,5538,,6178,,6261,,6904
76,"stonehenge",,8,,9,,8,,7,,575,,58,,2105,,3684,,5263,,6316,,6316,,6842,,3333,,5228,,6349,,664,,602,,6278
77,"summer_palace_beijing",1,0,,9,,95,,9,,875,,84,,16,,32,,4,,48,,56,,6,,2759,,4721,,563,,6261,,6829,,7
78,"sydney_opera_house",1,0,,9,,9,,8667,,875,,88,,2,,32,,44,,52,,6,,64,,3333,,4721,,591,,65,,7119,,7411
79,"teotihuacan",,8,,8,,75,,6333,,675,,74,,12,,24,,52,,56,,56,,64,,2087,,3692,,6142,,5944,,6121,,6864
80,"terracotta_army",,4,,3,,5,,4667,,525,,6,,1,,15,,45,,6,,8,,85,,16,,2,,4737,,525,,634,,7034
81,"the_blue_mosque",,8,,8,,9,,9333,,95,,96,,16,,2,,44,,56,,64,,72,,2667,,32,,591,,7,,7648,,8229
82,"the_henry_ford",,0,,4,,6,,7,,7,,74,,0,,12,,32,,52,,6,,68,,0,,1846,,4174,,5967,,6462,,7087
83,"taj_mahal",,6,,8,,8,,8333,,825,,84,,12,,24,,36,,48,,56,,64,,2,,3692,,4966,,6091,,6671,,7265
84,"tour_montparnasse",,6,,7,,7,,5667,,45,,42,,15,,25,,4,,5,,5,,6,,24,,3684,,5091,,5312,,4737,,4941
85,"tower_bridge_london",,6,,5,,7,,6333,,525,,56,,12,,16,,4,,52,,52,,56,,2,,2424,,5091,,5711,,5225,,56
86,"trafalgar_square",,6,,6,,5,,4333,,425,,4,,0909,,1818,,3182,,4091,,5,,5909,,1579,,2791,,3889,,4209,,4595,,4771
87,"leaning_tower_of_pisa",,4,,3,,5,,5,,55,,64,,08,,08,,28,,4,,52,,64,,1333,,1263,,359,,4444,,5346,,64
88,"hermitage_museum_saint_petersburg",1,0,1,0,,85,,8333,,85,,86,,2,,36,,52,,56,,6,,64,,3333,,5294,,6453,,6699,,7034,,7339
89,"jantar_mantar_jaipur",1,0,,9,,95,,9,,8,,82,,2,,32,,52,,64,,68,,84,,3333,,4721,,6721,,7481,,7351,,8299
90,"lake_titicaca_peru",,6,,5,,45,,4667,,5,,48,,125,,1667,,2917,,375,,4167,,5417,,2069,,25,,3539,,4158,,4545,,509
91,"the_great_wall_of_china",,8,,8,,85,,9,,85,,82,,12,,28,,4,,56,,64,,72,,2087,,4148,,544,,6904,,7302,,7668
92,"grande_arche_paris",,8,,7,,65,,6333,,675,,74,,12,,2,,36,,4,,44,,6,,2087,,3111,,4634,,4903,,5327,,6627
93,"el_angel_mexico",,8,,7,,65,,6,,575,,5,,1905,,2381,,4286,,5238,,619,,619,,3077,,3553,,5166,,5593,,5962,,5532
94,"bibliotheque_nationale_de_france",,4,,5,,7,,6667,,725,,74,,08,,2,,32,,4,,52,,64,,1333,,2857,,4392,,5,,6056,,6864
95,"kronborg_castle",,6,,8,,75,,7,,775,,78,,125,,25,,4583,,5,,5833,,5833,,2069,,381,,569,,5833,,6656,,6675
96,"ajanta_caves",,8,,8,,85,,8667,,875,,88,,1818,,3182,,4091,,5,,5455,,5455,,2963,,4553,,5523,,6341,,672,,6735
97,"atomium",1,0,1,0,,95,,9667,,975,,92,,2381,,2857,,381,,4286,,5238,,619,,3846,,4444,,5438,,5939,,6815,,7401
98,"ellora_caves",,8,,9,,95,,9333,,925,,94,,1818,,2727,,3636,,5,,5455,,5455,,2963,,4186,,526,,6512,,6862,,6903
99,"potala_palace",,8,,8,,8,,8333,,8,,78,,1667,,3333,,3333,,5,,6667,,7222,,2759,,4706,,4706,,625,,7273,,75
100,"jokhang",,8,,8,,75,,8,,85,,78,,16,,28,,52,,64,,72,,72,,2667,,4148,,6142,,7111,,7796,,7488
101,"rila_monastery",1,0,1,0,,8,,8667,,9,,92,,12,,2,,28,,36,,4,,44,,2143,,3333,,4148,,5087,,5538,,5953
102,"louvre_pyramid",1,0,,9,,9,,9,,925,,9,,1667,,3333,,4444,,5,,5,,6667,,2857,,4865,,595,,6429,,6491,,766
103,"brooklyn_bridge",,8,,9,,8,,8,,8,,82,,1905,,2857,,381,,4762,,5714,,6667,,3077,,4337,,5161,,597,,6667,,7354
104,"tower_of_london",,6,,7,,8,,7333,,675,,72,,087,,1739,,3043,,4783,,5652,,6957,,1519,,2786,,4409,,5789,,6152,,7076
105,"british_museum_london",1,0,1,0,1,0,1,0,1,0,1,0,,2,,3,,4,,6,,6,,7,,3333,,4615,,5714,,75,,75,,8235
106,"buckingham_palace",,2,,2,,35,,3333,,3,,3,,05,,1,,15,,3,,35,,4,,08,,1333,,21,,3158,,3231,,3429
107,"charles_bridge_prague",,8,,9,,75,,6667,,525,,56,,1667,,2917,,3333,,375,,375,,5,,2759,,4406,,4615,,48,,4375,,5283
108,"champs_elysees_paris",,8,,7,,7,,6667,,6,,54,,2667,,4,,5333,,5333,,6,,6,,4,,5091,,6054,,5926,,6,,5684
109,"chrysler_building",1,0,1,0,1,0,1,0,,975,,98,,1429,,2143,,4286,,6429,,7857,,7857,,25,,3529,,6,,7826,,8702,,8722
110,"moma_new_york",1,0,,9,,9,,9,,8,,82,,2105,,2632,,4211,,5263,,5789,,6842,,3478,,4072,,5737,,6642,,6718,,746
111,"grand_central_terminal",1,0,1,0,1,0,1,0,1,0,1,0,,1905,,2381,,381,,4286,,4762,,5238,,32,,3846,,5517,,6,,6452,,6875
112,"houses_of_parliament",,6,,8,,9,,9333,,925,,92,,1304,,3478,,3913,,4783,,5217,,6087,,2143,,4848,,5455,,6324,,6672,,7327
113,"alexanderplatz_berlin",1,0,,8,,55,,6333,,7,,72,,12,,2,,32,,48,,6,,6,,2143,,32,,4046,,5461,,6462,,6545
114,"centre_pompidou",1,0,,8,,7,,6667,,7,,72,,2222,,3333,,3889,,3889,,5556,,6667,,3636,,4706,,5,,4912,,6195,,6923
115,"sydney_harbour_bridge",1,0,1,0,1,0,1,0,1,0,1,0,,1875,,3125,,5,,625,,6875,,6875,,3158,,4762,,6667,,7692,,8148,,8148
116,"pier_39",,8,,8,,85,,8667,,875,,9,,1905,,2857,,4286,,5238,,6667,,7619,,3077,,4211,,5698,,653,,7568,,8252
117,"coit_tower",,6,,6,,55,,4667,,575,,64,,2,,2667,,3333,,3333,,6,,6667,,3,,3692,,4151,,3889,,5872,,6531
118,"st_paul_s_cathedral_london",1,0,1,0,1,0,,9333,,825,,76,,1765,,3529,,5294,,7647,,7647,,8235,,3,,5217,,6923,,8406,,7937,,7905
119,"cloud_gate",,8,,6,,7,,6,,625,,66,,1667,,1667,,25,,3333,,5,,5,,2759,,2609,,3684,,4286,,5556,,569
120,"musee_d_orsay",1,0,,9,,85,,9,,9,,9,,1905,,2381,,381,,619,,6667,,7143,,32,,3766,,5261,,7335,,766,,7965
121,"pike_place_market",,8,,8,,85,,8667,,875,,84,,1905,,2381,,3333,,4762,,5238,,5238,,3077,,367,,4789,,6147,,6553,,6453
122,"royal_palace_madrid",,8,,9,,8,,8,,8,,82,,1364,,2273,,4091,,5455,,7727,,8182,,233,,3629,,5414,,6486,,7861,,8191
123,"sony_center_berlin",,8,,8,,9,,8667,,9,,88,,1429,,2381,,381,,4286,,4286,,5714,,2424,,367,,5353,,5735,,5806,,6929
124,"red_square_moscow",,4,,5,,6,,6667,,725,,7,,0952,,2381,,4286,,5238,,619,,6667,,1538,,3226,,5,,5867,,6678,,6829
125,"prague_castle",1,0,,9,,85,,8667,,875,,86,,16,,24,,48,,6,,76,,8,,2759,,3789,,6135,,7091,,8135,,8289
126,"musee_du_louvre",1,0,1,0,1,0,,9667,,975,,98,,16,,24,,36,,44,,6,,64,,2759,,3871,,5294,,6047,,7429,,7743
127,"millennium_bridge_london",,6,,8,,65,,7667,,775,,76,,12,,24,,32,,4,,4,,48,,2,,3692,,4289,,5257,,5277,,5884
128,"casa_mila",1,0,1,0,1,0,,9667,,975,,98,,16,,28,,44,,6,,72,,76,,2759,,4375,,6111,,7404,,8283,,8561
129,"national_gallery_london",,4,,7,,7,,6667,,725,,66,,0909,,3182,,4091,,5455,,5909,,6364,,1481,,4375,,5164,,6,,6511,,648
130,"national_mall",,8,,9,,95,,8333,,85,,84,,16,,28,,56,,6,,76,,84,,2667,,4271,,7046,,6977,,8025,,84
131,"london_city_hall",,6,,8,,85,,8667,,85,,72,,1,,25,,4,,55,,7,,7,,1714,,381,,544,,6729,,7677,,7099
132,"holocaust_memorial",1,0,,8,,7,,7,,625,,5,,1875,,25,,375,,5625,,625,,625,,3158,,381,,4884,,6238,,625,,5556
133,"columbus_circle",,6,,5,,75,,6667,,625,,58,,12,,16,,4,,6,,6,,68,,2,,2424,,5217,,6316,,6122,,626
134,"siegessaeule",,8,,6,,8,,6667,,575,,5,,16,,2,,44,,48,,56,,56,,2667,,3,,5677,,5581,,5674,,5283
135,"jardin_du_luxembourg",1,0,1,0,1,0,1,0,1,0,,96,,2,,28,,48,,6,,72,,8,,3333,,4375,,6486,,75,,8372,,8727
136,"merlion_singapore",,6,,4,,45,,3667,,4,,5,,1364,,1818,,3636,,4091,,5,,6364,,2222,,25,,4022,,3867,,4444,,56
137,"harrods_london",,8,,9,,9,,8,,825,,86,,16,,32,,52,,64,,68,,68,,2667,,4721,,6592,,7111,,7455,,7595
138,"metropolitan_museum_of_art_new_york",1,0,1,0,1,0,,9667,,975,,98,,2,,36,,52,,64,,64,,68,,3333,,5294,,6842,,7701,,7728,,8029
139,"new_york_stock_exchange",,8,,9,,95,,7667,,675,,66,,2,,3,,35,,45,,5,,55,,32,,45,,5115,,5671,,5745,,6
140,"stephansdom_vienna",1,0,1,0,1,0,1,0,,975,,94,,2,,36,,52,,6,,72,,72,,3333,,5294,,6842,,75,,8283,,8154
141,"hms_belfast",1,0,,9,,95,,9667,,975,,96,,12,,24,,4,,56,,6,,72,,2143,,3789,,563,,7092,,7429,,8229
142,"leicester_square",,6,,8,,75,,7333,,725,,72,,12,,2,,32,,4,,48,,56,,2,,32,,4486,,5176,,5776,,63
143,"ciudad_de_las_artes_y_las_ciencias",1,0,1,0,,95,,9667,,925,,94,,2,,36,,48,,64,,68,,76,,3333,,5294,,6378,,7701,,7838,,8405
144,"topkapi_palace",1,0,1,0,1,0,,9667,,95,,96,,16,,32,,44,,48,,6,,72,,2759,,4848,,6111,,6415,,7355,,8229
145,"royal_albert_hall",,4,,7,,7,,7333,,625,,62,,08,,2,,4,,44,,52,,56,,1333,,3111,,5091,,55,,5677,,5885
146,"st_vitus_cathedral",,8,,9,,95,,9333,,9,,9,,16,,24,,44,,48,,6,,64,,2667,,3789,,6014,,634,,72,,7481
147,"castello_sforzesco",1,0,1,0,,95,,9333,,925,,94,,2,,32,,4,,48,,52,,6,,3333,,4848,,563,,634,,6657,,7325
148,"rijksmuseum_amsterdam",1,0,,9,,95,,9667,,975,,96,,08,,24,,4,,44,,52,,64,,1481,,3789,,563,,6047,,6783,,768
149,"dam_square",,8,,8,,75,,7,,55,,6,,16,,24,,36,,4,,4,,56,,2667,,3692,,4865,,5091,,4632,,5793
150,"rathaus_vienna",1,0,1,0,,95,,8,,7,,66,,12,,16,,2,,28,,32,,44,,2143,,2759,,3304,,4148,,4392,,528
151,"bath_abbey",1,0,1,0,1,0,1,0,1,0,,96,,16,,32,,44,,52,,56,,76,,2759,,4848,,6111,,6842,,7179,,8484
152,"salisbury_cathedral",,8,,8,,9,,9333,,95,,92,,12,,2,,36,,4,,44,,48,,2087,,32,,5143,,56,,6014,,6309
153,"templo_de_debod",,6,,6,,5,,4667,,45,,48,,0909,,1818,,2727,,2727,,4091,,5,,1579,,2791,,3529,,3443,,4286,,4898
154,"Niagara_Falls",,6,,5,,55,,6,,65,,66,,1364,,1818,,3182,,4091,,5,,5,,2222,,2667,,4031,,4865,,5652,,569
155,"Golden_Gate_Bridge_in_San_Francisco",1,0,1,0,,9,,9333,,95,,96,,1364,,2727,,4091,,5455,,6364,,6818,,24,,4286,,5625,,6885,,7622,,7973
156,"Neuschwanstein_Castle",,8,,9,,95,,9667,,95,,96,,16,,36,,56,,56,,68,,68,,2667,,5143,,7046,,7092,,7926,,7961
157,"Christ_Church_Cathedral_Missouri",1,0,1,0,1,0,1,0,,95,,82,,2,,28,,44,,52,,52,,52,,3333,,4375,,6111,,6842,,6721,,6364
158,"Mount_Rushmore_in_South_Dakota",1,0,1,0,1,0,1,0,,975,,96,,16,,16,,28,,44,,6,,72,,2759,,2759,,4375,,6111,,7429,,8229
159,"Puerta_de_Toledo",,2,,2,,1,,0667,,05,,04,,5,,5,,5,,5,,5,,5,,2857,,2857,,1667,,1176,,0909,,0741
160,"Urquhart_Castle",1,0,,9,,9,,8667,,9,,9,,2083,,2917,,4167,,5417,,5833,,6667,,3448,,4406,,5696,,6667,,7079,,766
161,"Gare_du_Nord_Paris",1,0,,8,,7,,8,,775,,72,,16,,2,,28,,28,,4,,52,,2759,,32,,4,,4148,,5277,,6039
162,"Newgrange_in_Ireland",,8,,8,,85,,6667,,625,,68,,1667,,25,,375,,4167,,4583,,5,,2759,,381,,5204,,5128,,5288,,5763
163,"Windmills_at_Kinderdijk",1,0,1,0,,95,,9333,,9,,92,,12,,2,,32,,44,,48,,6,,2143,,3333,,4787,,5981,,6261,,7263
164,"Conciergerie",1,0,1,0,1,0,1,0,1,0,,96,,2,,32,,48,,64,,68,,68,,3333,,4848,,6486,,7805,,8095,,7961
165,"Palazzo_Madama",,8,,7,,8,,7667,,675,,66,,1818,,2727,,4545,,5455,,5909,,7273,,2963,,3925,,5797,,6374,,6302,,692
166,"Split_Rock_Lighthouse",,8,,9,,9,,8333,,85,,86,,08,,16,,28,,36,,48,,52,,1455,,2717,,4271,,5028,,6135,,6481
167,"The_Little_Mermaid_Denmark",,6,,8,,85,,8333,,725,,58,,2143,,4286,,6429,,7143,,7143,,7143,,3158,,5581,,7321,,7692,,7196,,6402
168,"Great_Pyramid_of_Giza",,4,,3,,5,,6333,,625,,62,,1333,,2,,4,,4,,5333,,6,,2,,24,,4444,,4903,,5755,,6098
169,"Pitti_Palace",,8,,8,,8,,8,,725,,62,,1364,,2727,,3636,,5,,5455,,5909,,233,,4068,,5,,6154,,6225,,6051
170,"Georgia_State_Capitol",,2,,3,,25,,3667,,275,,24,,0526,,1579,,2632,,2632,,2632,,2632,,0833,,2069,,2564,,3064,,2689,,251
171,"Dome_des_Invalides",1,0,1,0,1,0,,9667,,975,,96,,2,,32,,44,,44,,56,,64,,3333,,4848,,6111,,6047,,7114,,768
172,"Reggia_di_Caserta",,4,,7,,65,,5667,,55,,62,,08,,24,,36,,44,,48,,56,,1333,,3574,,4634,,4954,,5126,,5885
173,"The_Burj_al_Arab_Hotel",,8,,9,,85,,8333,,825,,86,,16,,24,,36,,44,,6,,68,,2667,,3789,,5058,,5759,,6947,,7595
174,"Elephanta_Caves",1,0,1,0,1,0,1,0,,9,,8,,1667,,3333,,5417,,7083,,7083,,7083,,2857,,5,,7027,,8293,,7927,,7514
175,"Basilica_of_Santa_Croce",1,0,1,0,1,0,1,0,1,0,1,0,,16,,28,,36,,56,,6,,64,,2759,,4375,,5294,,7179,,75,,7805
176,"Aachen_Cathedral",1,0,,9,,85,,9,,9,,92,,2,,32,,36,,52,,56,,64,,3333,,4721,,5058,,6592,,6904,,7549
177,"Monument_to_the_Great_Fire_of_London",,6,,4,,55,,5333,,65,,66,,12,,16,,36,,44,,56,,6,,2,,2286,,4352,,4822,,6017,,6286
178,"Longmen_Grottoes",1,0,,8,,65,,6,,675,,66,,2,,32,,4,,52,,68,,72,,3333,,4571,,4952,,5571,,6775,,6887
179,"Louisiana_State_Capitol",,2,,3,,3,,3,,325,,36,,04,,12,,24,,28,,4,,52,,0667,,1714,,2667,,2897,,3586,,4255
180,"The_Great_Sphinx_at_Giza",1,0,1,0,,9,,9,,9,,9,,2,,36,,52,,56,,6,,68,,3333,,5294,,6592,,6904,,72,,7747
181,"Teatro_Real_Madrid",1,0,,9,,95,,7,,625,,6,,2174,,3043,,5652,,6087,,6087,,6522,,3571,,4549,,7088,,6512,,6167,,625
182,"Palacio_de_la_Magdalena",,8,,6,,65,,7333,,7,,68,,16,,24,,32,,52,,6,,72,,2667,,3429,,4289,,6085,,6462,,6994
183,"Sowjetisches_Ehrenmal",,6,,4,,6,,6667,,675,,64,,08,,08,,24,,44,,64,,72,,1412,,1333,,3429,,5301,,657,,6776
184,"Cathedral_of_Trier",,8,,9,,95,,9667,,95,,9,,16,,28,,48,,6,,64,,72,,2667,,4271,,6378,,7404,,7648,,8
185,"Saint_Mary_of_the_Flower",,2,,3,,2,,2,,35,,4,,04,,12,,16,,2,,44,,48,,0667,,1714,,1778,,2,,3899,,4364
186,"Skellig_Michael",,8,,9,,85,,8333,,75,,68,,16,,32,,48,,52,,6,,64,,2667,,4721,,6135,,6404,,6667,,6594
187,"Chicago_Board_of_Trade_Building",,6,,5,,7,,8,,625,,64,,0909,,1364,,4545,,5,,5,,5909,,1579,,2143,,5512,,6154,,5556,,6145
188,"Pont_de_Normandie_France",1,0,,9,,95,,9667,,875,,8,,2632,,3158,,5789,,7368,,7895,,8421,,4167,,4675,,7194,,8363,,83,,8205
189,"Palazzo_Rosso",,4,,2,,1,,0667,,075,,06,,0833,,0833,,0833,,0833,,125,,125,,1379,,1176,,0909,,0741,,0937,,0811
190,"Piazza_Vittorio_Veneto",,8,,6,,45,,4,,475,,46,,1875,,25,,375,,375,,5625,,75,,3038,,3529,,4091,,3871,,5151,,5702
191,"Sforza_Castle",,8,,9,,95,,9667,,975,,92,,16,,28,,48,,56,,68,,72,,2667,,4271,,6378,,7092,,8012,,8078
192,"Torres_KIO",,8,,8,,85,,8667,,825,,78,,16,,28,,44,,6,,64,,68,,2667,,4148,,5798,,7091,,7208,,7266
193,"Torre_Picasso",,8,,8,,9,,6667,,7,,74,,125,,1667,,4167,,4167,,5,,5417,,2162,,2759,,5696,,5128,,5833,,6255
194,"The_Palace_of_Parliament_in_Bucharest",1,0,1,0,1,0,1,0,1,0,,9,,08,,28,,36,,44,,6,,68,,1481,,4375,,5294,,6111,,75,,7747
195,"Ernest_Hemingway_House",1,0,,9,,95,,8333,,8,,76,,16,,28,,44,,48,,56,,64,,2759,,4271,,6014,,6091,,6588,,6949
196,"Castel_dellOvo_Napoli",1,0,,9,,9,,9333,,85,,84,,16,,24,,44,,64,,64,,68,,2759,,3789,,591,,7593,,7302,,7516
197,"Villa_Borghese_gardens",1,0,1,0,1,0,1,0,,975,,98,,2,,36,,52,,64,,68,,8,,3333,,5294,,6842,,7805,,8012,,8809
198,"Saint_Marks_Basilica",1,0,1,0,1,0,1,0,1,0,,9,,16,,24,,32,,36,,44,,48,,2759,,3871,,4848,,5294,,6111,,6261
199,"Mausoleum_of_the_First_Qin_Emperor",1,0,,8,,75,,7667,,825,,8,,16,,28,,44,,48,,52,,56,,2759,,4148,,5546,,5904,,6379,,6588
200,"Mausoleum_of_Hadrian",,6,,6,,75,,8,,7,,6,,1667,,3333,,3889,,6111,,6111,,6111,,2609,,4286,,5122,,6929,,6525,,6055
201,"Piazza_de_Ferrari",1,0,1,0,,95,,9333,,925,,92,,2105,,3684,,4211,,5263,,6316,,6842,,3478,,5385,,5835,,6731,,7506,,7848
202,"George_Washington_Carver",,8,,6,,6,,6333,,625,,64,,125,,1875,,4375,,5625,,625,,75,,2162,,2857,,506,,5958,,625,,6906
203,"Cathedral_of_Santiago_de_Compostela",,8,,9,,95,,8333,,875,,76,,2353,,3529,,5294,,7059,,8824,,8824,,3636,,507,,6799,,7643,,8787,,8166
204,"Saint-Jacques_Tower",1,0,,9,,9,,8333,,825,,82,,1538,,1538,,2308,,3077,,6923,,6923,,2667,,2628,,3673,,4494,,7529,,7508
205,"Calakmul_Campeche_Mexico",1,0,,9,,95,,9,,8,,76,,2143,,5,,6429,,7143,,7857,,8571,,3529,,6429,,7668,,7965,,7928,,8057
206,"Bran_Castle_in_Transylvania",,8,,8,,9,,9,,875,,8,,2105,,3158,,5263,,6316,,7368,,7368,,3333,,4528,,6642,,7423,,8,,7671
207,"Mosteiro_da_Batalha",1,0,1,0,1,0,1,0,1,0,1,0,,2105,,3684,,5263,,6316,,6316,,6316,,3478,,5385,,6897,,7742,,7742,,7742
208,"Wartburg_Castle",,8,,9,,9,,9,,875,,84,,2,,3,,4,,55,,8,,8,,32,,45,,5538,,6828,,8358,,8195
209,"Fujian_Tulou_Fujian_China",1,0,1,0,1,0,,9667,,975,,94,,2222,,3333,,5556,,6667,,6667,,8333,,3636,,5,,7143,,7891,,7919,,8835
210,"Alabama_State_Capitol",,8,,8,,7,,7667,,8,,76,,1905,,3333,,5238,,6667,,7619,,7619,,3077,,4706,,5992,,7132,,7805,,761
211,"Palazzo_dAccursio",,6,,6,,55,,6333,,625,,56,,1667,,2222,,3889,,3889,,5556,,5556,,2609,,3243,,4556,,4819,,5882,,5578
212,"Casa_Grande_Ruins",,8,,6,,75,,7667,,775,,76,,1765,,2353,,4706,,5294,,5294,,5294,,2892,,338,,5783,,6263,,6291,,6241
213,"Stravinsky_Fountain",1,0,1,0,1,0,,9667,,875,,84,,2,,2,,4,,4667,,5333,,5333,,3333,,3333,,5714,,6295,,6627,,6524
214,"Angel_Falls_Venezuela",,4,,5,,5,,6,,525,,5,,1176,,2941,,4706,,6471,,7059,,8235,,1818,,3704,,4848,,6226,,6022,,6222
215,"Statue_of_George_IV",,2,,5,,55,,5,,4,,32,,125,,5,,75,,75,,75,,75,,1538,,5,,6346,,6,,5217,,4486
216,"Palacio_Barolo",1,0,1,0,,95,,9333,,95,,96,,2353,,2941,,4706,,5294,,5882,,6471,,381,,4545,,6294,,6756,,7266,,7731
217,"Bridge_of_Remembrance_Christchurch_New_Zealand",,8,,9,,95,,7667,,675,,54,,1667,,4167,,75,,75,,75,,75,,2759,,5696,,8382,,7582,,7105,,6279
218,"John_A._Roebling_Suspension_Bridge",,2,,2,,3,,4333,,45,,48,,0667,,1333,,4,,6,,6,,6667,,1,,16,,3429,,5032,,5143,,5581
219,"Blue_Dome_Santorini",1,0,1,0,,95,,9667,,875,,9,,3125,,4375,,625,,6875,,8125,,9375,,4762,,6087,,754,,8035,,8426,,9184
220,"Fossar_de_les_Moreres",,8,,6,,45,,5333,,425,,34,,2143,,3571,,3571,,6429,,7143,,7143,,338,,4478,,3982,,583,,5329,,4607
221,"Luxor_Obelisk_France",,8,,8,,7,,6667,,725,,74,,1875,,1875,,3125,,3125,,375,,4375,,3038,,3038,,4321,,4255,,4943,,5499
222,"Valle_de_los_Caidos",1,0,1,0,,9,,8667,,9,,92,,2,,3,,45,,45,,6,,7,,3333,,4615,,6,,5924,,72,,7951
--------------------
"--","Avg.",P@5,P@10,P@20,P@30,P@40,P@50,CR@5,CR@10,CR@20,CR@30,CR@40,CR@50,F1@5,F1@10,F1@20,F1@30,F1@40,F1@50
,,,7928,,7824,,7865,,7763,,7636,,751,,1547,,2587,,4031,,5031,,5803,,6468,,2545,,3822,,5233,,6001,,647,,6811