--------------------
"Run name","output_runLUMDaviesBouldin"
--------------------
"Average P@20 = ",,7752
"Average CR@20 = ",,4084
"Average F1@20 = ",,5254
--------------------
"Query Id ","Location name",P@5,P@10,P@20,P@30,P@40,P@50,CR@5,CR@10,CR@20,CR@30,CR@40,CR@50,F1@5,F1@10,F1@20,F1@30,F1@40,F1@50
1,"angel_of_the_north",1,0,1,0,1,0,,9667,,975,,98,,16,,24,,52,,6,,6,,64,,2759,,3871,,6842,,7404,,7429,,7743
2,"big_ben",1,0,1,0,1,0,,9,,9,,9,,1818,,2727,,4091,,4545,,5909,,5909,,3077,,4286,,5806,,604,,7134,,7134
3,"hearst_castle",1,0,1,0,1,0,,9667,,95,,96,,2083,,3333,,5833,,7083,,7083,,75,,3448,,5,,7368,,8176,,8116,,8421
4,"la_madeleine",,2,,1,,3,,3,,25,,24,,0714,,0714,,3571,,5,,5714,,5714,,1053,,0833,,3261,,375,,3478,,338
5,"pont_alexandre_iii",1,0,1,0,1,0,,9667,,95,,94,,12,,24,,32,,6,,68,,72,,2143,,3871,,4848,,7404,,7926,,8154
6,"neues_museum",,2,,1,,3,,5333,,65,,6,,04,,04,,2,,4,,6,,64,,0667,,0571,,24,,4571,,624,,6194
7,"montezuma_castle",,8,,8,,55,,7,,725,,72,,25,,5,,5,,6667,,6667,,75,,381,,6154,,5238,,6829,,6946,,7347
8,"cn_tower",,6,,5,,7,,7333,,675,,66,,125,,2083,,4583,,5833,,625,,625,,2069,,2941,,554,,6498,,649,,642
9,"acropolis_athens",1,0,,9,,9,,9,,85,,86,,1905,,3333,,381,,5238,,5238,,619,,32,,4865,,5353,,6622,,6482,,7199
10,"agra_fort",,8,,8,,8,,8667,,85,,88,,16,,2,,4,,6,,68,,76,,2667,,32,,5333,,7091,,7556,,8156
11,"albert_memorial",,8,,8,,8,,8,,775,,8,,0909,,1818,,4091,,5909,,5909,,6364,,1633,,2963,,5414,,6797,,6705,,7089
12,"altes_museum",,8,,8,,75,,7,,7,,72,,0833,,2083,,3333,,4167,,5,,625,,1509,,3306,,4615,,5224,,5833,,6691
13,"amiens_cathedral",1,0,1,0,1,0,1,0,1,0,,98,,2,,32,,6,,76,,76,,76,,3333,,4848,,75,,8636,,8636,,8561
14,"angkor_wat",1,0,1,0,,8,,8333,,775,,8,,16,,32,,44,,56,,6,,64,,2759,,4848,,5677,,6699,,6764,,7111
15,"ara_pacis",,8,,8,,85,,8333,,8,,74,,1818,,3182,,5,,5909,,5909,,6364,,2963,,4553,,6296,,6915,,6797,,6843
16,"arc_de_triomphe",1,0,1,0,,85,,8,,775,,76,,2083,,25,,5,,5417,,625,,625,,3448,,4,,6296,,646,,692,,6859
17,"aztec_ruins",,0,,0,,25,,1667,,3,,32,,0,,0,,16,,16,,36,,4,,0,,0,,1951,,1633,,3273,,3556
18,"berlin_cathedral",1,0,,9,,95,,9333,,95,,96,,16,,28,,52,,6,,64,,68,,2759,,4271,,6721,,7304,,7648,,7961
19,"bok_tower_gardens",,8,,7,,85,,8,,85,,88,,16,,24,,44,,52,,6,,64,,2667,,3574,,5798,,6303,,7034,,7411
20,"brandenburg_gate",1,0,1,0,1,0,1,0,,95,,94,,2,,28,,36,,44,,64,,64,,3333,,4375,,5294,,6111,,7648,,7615
21,"cabrillo",,4,,4,,2,,1333,,1,,1,,1538,,3077,,3077,,3077,,3077,,3846,,2222,,3478,,2424,,186,,1509,,1587
22,"casa_batllo",1,0,1,0,,95,,9667,,975,,98,,12,,28,,48,,64,,68,,72,,2143,,4375,,6378,,7701,,8012,,8301
23,"casa_rosada",,8,,8,,9,,9,,925,,94,,16,,24,,4,,52,,6,,64,,2667,,3692,,5538,,6592,,7279,,7615
24,"castillo_de_san_marcos",,4,,7,,65,,6333,,725,,74,,04,,16,,36,,44,,52,,56,,0727,,2605,,4634,,5193,,6056,,6375
25,"chartres_cathedral",1,0,1,0,,95,,9333,,9,,9,,2,,28,,6,,68,,8,,84,,3333,,4375,,7355,,7868,,8471,,869
26,"chichen_itza",1,0,,9,,85,,9,,925,,94,,2,,28,,4,,52,,64,,72,,3333,,4271,,544,,6592,,7565,,8154
27,"christ_the_redeemer_rio",,6,,6,,5,,5333,,55,,54,,1304,,2609,,3043,,4783,,4783,,6087,,2143,,3636,,3784,,5043,,5116,,5723
28,"civic_center_san_francisco",,8,,7,,55,,5667,,525,,56,,16,,24,,32,,48,,52,,6,,2667,,3574,,4046,,5197,,5225,,5793
29,"cologne_cathedral",1,0,1,0,1,0,,9667,,95,,94,,2,,32,,48,,6,,68,,72,,3333,,4848,,6486,,7404,,7926,,8154
30,"colosseum",1,0,1,0,1,0,,8667,,85,,88,,2,,28,,48,,56,,68,,76,,3333,,4375,,6486,,6804,,7556,,8156
31,"doge_s_palace",1,0,,9,,8,,8667,,9,,92,,2,,28,,4,,52,,52,,52,,3333,,4271,,5333,,65,,6592,,6644
32,"eiffel_tower",1,0,1,0,,95,,9,,85,,88,,16,,24,,4,,52,,56,,6,,2759,,3871,,563,,6592,,6752,,7135
33,"golden_gate_bridge",1,0,,9,,85,,8,,8,,82,,2174,,2609,,3913,,4348,,4783,,5652,,3571,,4045,,5359,,5634,,5986,,6692
34,"grand_palais",1,0,1,0,1,0,,9667,,95,,94,,1818,,2727,,4091,,4545,,5,,5909,,3077,,4286,,5806,,6183,,6552,,7257
35,"guggenheim_museum_bilbao",1,0,1,0,1,0,,9667,,95,,96,,2,,28,,56,,6,,64,,68,,3333,,4375,,7179,,7404,,7648,,7961
36,"hagia_sophia_istanbul",1,0,1,0,,9,,9,,925,,94,,12,,24,,36,,44,,56,,6,,2143,,3871,,5143,,591,,6976,,7325
37,"hoover_dam",1,0,1,0,,9,,9,,9,,88,,2,,32,,4,,56,,64,,76,,3333,,4848,,5538,,6904,,7481,,8156
38,"humayun_tomb",1,0,,8,,9,,8667,,85,,82,,16,,28,,56,,68,,76,,76,,2759,,4148,,6904,,7621,,8025,,7889
39,"iguazu_falls",,6,,8,,8,,7,,725,,76,,12,,24,,4,,52,,56,,64,,2,,3692,,5333,,5967,,6319,,6949
40,"iolani_palace",,8,,8,,9,,9,,8,,66,,12,,28,,32,,52,,56,,6,,2087,,4148,,4721,,6592,,6588,,6286
41,"la_mezquita",,4,,5,,6,,5667,,55,,62,,0833,,2083,,4167,,5,,5833,,7083,,1379,,2941,,4918,,5312,,5662,,6612
42,"la_rambla_barcelona",1,0,,9,,9,,9,,9,,92,,16,,24,,32,,48,,6,,64,,2759,,3789,,4721,,6261,,72,,7549
43,"la_sainte_chapelle",1,0,,9,,95,,9,,925,,94,,2,,32,,6,,76,,8,,84,,3333,,4721,,7355,,8241,,858,,8872
44,"liberty_memorial",,8,,6,,8,,7,,675,,64,,08,,16,,32,,44,,52,,56,,1455,,2526,,4571,,5404,,5874,,5973
45,"lincoln_home",1,0,,9,,85,,7667,,825,,84,,2778,,4444,,6111,,6111,,7778,,8333,,4348,,595,,711,,6801,,8007,,8367
46,"machu_picchu",1,0,,8,,75,,8333,,85,,84,,16,,24,,4,,52,,64,,76,,2759,,3692,,5217,,6404,,7302,,798
47,"marble_arch_london",,8,,5,,45,,3667,,375,,34,,1667,,1667,,3333,,3333,,5833,,6667,,2759,,25,,383,,3492,,4565,,4503
48,"milan_cathedral",,8,,9,,8,,8667,,9,,92,,16,,28,,44,,56,,64,,68,,2667,,4271,,5677,,6804,,7481,,782
49,"mole_antonelliana",,8,,9,,7,,7667,,725,,72,,16,,24,,32,,52,,56,,6,,2667,,3789,,4392,,6197,,6319,,6545
50,"mont_saint_michel",1,0,1,0,1,0,1,0,1,0,,98,,16,,32,,48,,56,,6,,68,,2759,,4848,,6486,,7179,,75,,8029
51,"moulin_rouge",,0,,0,,05,,0667,,075,,06,,0,,0,,125,,25,,375,,375,,0,,0,,0714,,1053,,125,,1034
52,"nelson_s_column",1,0,1,0,1,0,1,0,,975,,98,,125,,25,,4583,,625,,7917,,7917,,2222,,4,,6286,,7692,,8738,,8758
53,"notre_dame_de_paris",,8,,9,,9,,8667,,875,,88,,16,,24,,52,,64,,68,,72,,2667,,3789,,6592,,7363,,7653,,792
54,"obelisco",,2,,1,,1,,1667,,15,,18,,0909,,0909,,1818,,2727,,2727,,4545,,125,,0952,,129,,2069,,1935,,2579
55,"piccadilly_circus",,8,,7,,65,,6,,65,,66,,1739,,2609,,3913,,4783,,6522,,6957,,2857,,3801,,4885,,5323,,6511,,6774
56,"place_de_la_concorde",1,0,1,0,1,0,,9667,,975,,98,,08,,2,,36,,48,,6,,6,,1481,,3333,,5294,,6415,,7429,,7443
57,"place_de_la_republique",,2,,4,,35,,3333,,25,,2,,125,,375,,625,,75,,75,,75,,1538,,3871,,4487,,4615,,375,,3158
58,"place_des_vosges",,8,,8,,75,,8,,85,,78,,12,,28,,4,,56,,68,,72,,2087,,4148,,5217,,6588,,7556,,7488
59,"pont_du_gard",,6,,7,,8,,7,,675,,68,,12,,24,,36,,48,,52,,64,,2,,3574,,4966,,5695,,5874,,6594
60,"pont_neuf",,8,,9,,7,,6333,,575,,62,,16,,32,,4,,52,,6,,72,,2667,,4721,,5091,,5711,,5872,,6663
61,"ponte_vecchio",,8,,9,,9,,7333,,725,,7,,1667,,2917,,4583,,5833,,625,,625,,2759,,4406,,6074,,6498,,6713,,6604
62,"puerta_de_alcala",,2,,4,,45,,5333,,55,,6,,0526,,2105,,3684,,5263,,5789,,6316,,0833,,2759,,4051,,5298,,5641,,6154
63,"puerta_del_sol",,4,,4,,4,,4,,425,,38,,1,,2,,3,,35,,45,,5,,16,,2667,,3429,,3733,,4371,,4318
64,"red_fort",1,0,1,0,1,0,1,0,1,0,1,0,,2,,32,,52,,64,,64,,76,,3333,,4848,,6842,,7805,,7805,,8636
65,"reims_cathedral",1,0,1,0,1,0,1,0,,925,,94,,2,,24,,36,,52,,6,,68,,3333,,3871,,5294,,6842,,7279,,7891
66,"rialto_bridge",,6,,8,,55,,4333,,425,,4,,1875,,25,,3125,,375,,5,,5625,,2857,,381,,3986,,4021,,4595,,4675
67,"roman_forum_rome",,8,,8,,75,,6333,,675,,7,,16,,2,,44,,52,,6,,64,,2667,,32,,5546,,5711,,6353,,6687
68,"sacre_coeur",,6,,4,,55,,6,,525,,5,,125,,1667,,375,,5,,5,,5,,2069,,2353,,4459,,5455,,5122,,5
69,"sagrada_familia",,8,,9,,95,,9667,,975,,98,,12,,2,,36,,48,,52,,56,,2087,,3273,,5221,,6415,,6783,,7127
70,"santa_maria_novella",,6,,4,,45,,5333,,575,,58,,12,,16,,28,,44,,52,,68,,2,,2286,,3452,,4822,,5461,,626
71,"schonbrunn_palace",1,0,1,0,1,0,1,0,1,0,,98,,16,,36,,4,,56,,64,,64,,2759,,5294,,5714,,7179,,7805,,7743
72,"seville_cathedral",,8,,9,,95,,9667,,925,,94,,16,,24,,4,,52,,64,,68,,2667,,3789,,563,,6762,,7565,,7891
73,"spanish_steps",,8,,8,,8,,7667,,7,,72,,1364,,2273,,3636,,4545,,5455,,6364,,233,,354,,5,,5707,,6131,,6756
74,"st__basil_cathedral",1,0,1,0,,8,,8333,,8,,82,,16,,32,,44,,6,,68,,72,,2759,,4848,,5677,,6977,,7351,,7668
75,"statue_of_liberty",,6,,8,,75,,7667,,825,,78,,12,,2,,36,,48,,56,,6,,2,,32,,4865,,5904,,6671,,6783
76,"stonehenge",1,0,1,0,,6,,5667,,575,,52,,1053,,3158,,3684,,4737,,5263,,5263,,1905,,48,,4565,,516,,5496,,5231
77,"summer_palace_beijing",,8,,8,,9,,8333,,825,,84,,16,,24,,32,,52,,6,,64,,2667,,3692,,4721,,6404,,6947,,7265
78,"sydney_opera_house",1,0,,9,,95,,9333,,95,,94,,12,,24,,44,,56,,56,,6,,2143,,3789,,6014,,7,,7046,,7325
79,"teotihuacan",,4,,6,,5,,6,,7,,7,,08,,2,,28,,44,,48,,56,,1333,,3,,359,,5077,,5695,,6222
80,"terracotta_army",,8,,8,,6,,6333,,625,,66,,2,,3,,4,,5,,6,,7,,32,,4364,,48,,5588,,6122,,6794
81,"the_blue_mosque",,8,,9,,85,,9,,9,,92,,08,,2,,4,,6,,64,,68,,1455,,3273,,544,,72,,7481,,782
82,"the_henry_ford",1,0,1,0,,7,,7,,75,,74,,16,,28,,4,,48,,64,,72,,2759,,4375,,5091,,5695,,6906,,7299
83,"taj_mahal",1,0,,9,,9,,9,,9,,88,,16,,28,,4,,48,,56,,64,,2759,,4271,,5538,,6261,,6904,,7411
84,"tour_montparnasse",,4,,5,,45,,4,,425,,42,,1,,25,,3,,3,,45,,45,,16,,3333,,36,,3429,,4371,,4345
85,"tower_bridge_london",1,0,,7,,65,,6667,,6,,62,,12,,2,,36,,52,,52,,6,,2143,,3111,,4634,,5843,,5571,,6098
86,"trafalgar_square",,6,,6,,6,,7,,55,,54,,0909,,1818,,2727,,5455,,5455,,5909,,1579,,2791,,375,,6131,,5477,,5643
87,"leaning_tower_of_pisa",,8,,5,,55,,5,,45,,46,,12,,12,,28,,4,,44,,44,,2087,,1935,,3711,,4444,,4449,,4498
88,"hermitage_museum_saint_petersburg",,6,,8,,8,,8667,,85,,88,,12,,2,,4,,56,,72,,8,,2,,32,,5333,,6804,,7796,,8381
89,"jantar_mantar_jaipur",,6,,7,,8,,8333,,8,,8,,12,,28,,52,,68,,84,,84,,2,,4,,6303,,7489,,8195,,8195
90,"lake_titicaca_peru",,4,,5,,6,,5667,,55,,56,,0833,,1667,,2917,,4583,,5,,5833,,1379,,25,,3925,,5068,,5238,,5714
91,"the_great_wall_of_china",,8,,8,,85,,8667,,825,,8,,12,,16,,44,,56,,68,,68,,2087,,2667,,5798,,6804,,7455,,7351
92,"grande_arche_paris",,2,,5,,6,,6333,,675,,68,,04,,16,,28,,44,,6,,64,,0667,,2424,,3818,,5193,,6353,,6594
93,"el_angel_mexico",,8,,8,,85,,7333,,675,,62,,1429,,2857,,4286,,5238,,619,,6667,,2424,,4211,,5698,,6111,,6458,,6425
94,"bibliotheque_nationale_de_france",,6,,7,,75,,7,,725,,72,,08,,16,,36,,52,,64,,64,,1412,,2605,,4865,,5967,,6799,,6776
95,"kronborg_castle",1,0,,6,,65,,7333,,8,,8,,2083,,25,,4167,,5417,,5417,,5833,,3448,,3529,,5078,,6231,,646,,6747
96,"ajanta_caves",,8,,9,,95,,9667,,925,,94,,0909,,3182,,4545,,6364,,6818,,6818,,1633,,4701,,6149,,7675,,785,,7904
97,"atomium",,8,,8,,9,,9,,925,,94,,1905,,2857,,381,,5714,,5714,,5714,,3077,,4211,,5353,,699,,7064,,7108
98,"ellora_caves",1,0,1,0,1,0,1,0,1,0,,96,,1818,,3636,,5,,5,,5455,,5909,,3077,,5333,,6667,,6667,,7059,,7315
99,"potala_palace",1,0,1,0,,85,,7667,,775,,74,,2222,,3333,,3889,,5556,,6667,,7778,,3636,,5,,5336,,6443,,7168,,7584
100,"jokhang",1,0,,9,,85,,7,,725,,78,,16,,28,,48,,52,,56,,68,,2759,,4271,,6135,,5967,,6319,,7266
101,"rila_monastery",,8,,7,,7,,8,,85,,88,,16,,24,,28,,36,,4,,48,,2667,,3574,,4,,4966,,544,,6212
102,"louvre_pyramid",1,0,1,0,1,0,,9333,,875,,9,,1667,,2222,,5,,6111,,6111,,7222,,2857,,3636,,6667,,7386,,7196,,8014
103,"brooklyn_bridge",1,0,1,0,,95,,9333,,85,,88,,1429,,2857,,4286,,5714,,5714,,7143,,25,,4444,,5907,,7089,,6834,,7885
104,"tower_of_london",,8,,7,,8,,7333,,725,,7,,1304,,1739,,2609,,4348,,5217,,6087,,2243,,2786,,3934,,5459,,6068,,6512
105,"british_museum_london",1,0,1,0,1,0,,9333,,95,,92,,15,,25,,45,,6,,6,,6,,2609,,4,,6207,,7304,,7355,,7263
106,"buckingham_palace",,6,,7,,5,,4667,,4,,42,,1,,15,,2,,25,,3,,4,,1714,,2471,,2857,,3256,,3429,,4098
107,"charles_bridge_prague",1,0,,7,,7,,8,,725,,6,,125,,125,,25,,375,,4167,,4167,,2222,,2121,,3684,,5106,,5292,,4918
108,"champs_elysees_paris",,6,,4,,55,,5333,,55,,58,,2,,2,,4,,6,,6,,6,,3,,2667,,4632,,5647,,5739,,5898
109,"chrysler_building",1,0,1,0,1,0,1,0,1,0,1,0,,2857,,5,,5714,,7143,,7143,,8571,,4444,,6667,,7273,,8333,,8333,,9231
110,"moma_new_york",,6,,7,,85,,9,,9,,92,,1579,,2105,,3684,,4737,,5263,,6842,,25,,3237,,514,,6207,,6642,,7848
111,"grand_central_terminal",1,0,1,0,1,0,1,0,1,0,1,0,,0952,,1429,,4762,,5238,,5714,,5714,,1739,,25,,6452,,6875,,7273,,7273
112,"houses_of_parliament",1,0,1,0,1,0,,9667,,9,,92,,1739,,3043,,3478,,4348,,5652,,5652,,2963,,4667,,5161,,5998,,6944,,7002
113,"alexanderplatz_berlin",1,0,,5,,6,,6,,6,,62,,16,,16,,32,,44,,44,,56,,2759,,2424,,4174,,5077,,5077,,5885
114,"centre_pompidou",1,0,1,0,,9,,9,,85,,86,,2778,,4444,,5,,6111,,6667,,7222,,4348,,6154,,6429,,7279,,7473,,7851
115,"sydney_harbour_bridge",1,0,1,0,1,0,1,0,1,0,1,0,,3125,,4375,,5,,625,,625,,625,,4762,,6087,,6667,,7692,,7692,,7692
116,"pier_39",,8,,9,,9,,9,,9,,9,,1905,,3333,,4762,,619,,619,,619,,3077,,4865,,6228,,7335,,7335,,7335
117,"coit_tower",,6,,8,,55,,6333,,65,,7,,1333,,2667,,2667,,3333,,5333,,6,,2182,,4,,3592,,4368,,5859,,6462
118,"st_paul_s_cathedral_london",1,0,1,0,,85,,7667,,725,,76,,2353,,2941,,4706,,5882,,7059,,7059,,381,,4545,,6058,,6657,,7153,,7319
119,"cloud_gate",,4,,6,,4,,5333,,6,,62,,1667,,3333,,4167,,5,,6667,,6667,,2353,,4286,,4082,,5161,,6316,,6425
120,"musee_d_orsay",1,0,1,0,1,0,,9667,,875,,9,,1905,,2857,,4286,,5714,,5714,,7619,,32,,4444,,6,,7183,,6914,,8252
121,"pike_place_market",1,0,,8,,7,,8,,825,,82,,1429,,1905,,381,,4762,,5714,,5714,,25,,3077,,4934,,597,,6752,,6735
122,"royal_palace_madrid",1,0,,8,,85,,9,,9,,9,,1818,,2273,,3636,,5,,5909,,7273,,3077,,354,,5094,,6429,,7134,,8045
123,"sony_center_berlin",,8,,9,,95,,9333,,85,,88,,0952,,1429,,3333,,4286,,4762,,6667,,1702,,2466,,4935,,5874,,6104,,7586
124,"red_square_moscow",,6,,6,,65,,7333,,65,,66,,1429,,2381,,3333,,5238,,5238,,619,,2308,,3409,,4407,,6111,,5801,,6389
125,"prague_castle",1,0,1,0,,95,,8667,,875,,86,,16,,32,,6,,72,,76,,8,,2759,,4848,,7355,,7866,,8135,,8289
126,"musee_du_louvre",1,0,1,0,1,0,1,0,1,0,1,0,,16,,24,,4,,56,,64,,68,,2759,,3871,,5714,,7179,,7805,,8095
127,"millennium_bridge_london",,4,,6,,75,,7667,,8,,78,,08,,24,,4,,56,,64,,68,,1333,,3429,,5217,,6472,,7111,,7266
128,"casa_mila",1,0,,9,,9,,9333,,925,,94,,2,,24,,4,,44,,56,,6,,3333,,3789,,5538,,5981,,6976,,7325
129,"national_gallery_london",,8,,6,,5,,5667,,6,,54,,1364,,2273,,4091,,5,,5909,,6364,,233,,3297,,45,,5312,,5954,,5842
130,"national_mall",1,0,1,0,1,0,,9333,,9,,9,,2,,36,,52,,68,,76,,84,,3333,,5294,,6842,,7868,,8241,,869
131,"london_city_hall",1,0,,9,,95,,7667,,75,,72,,2,,35,,55,,6,,65,,7,,3333,,504,,6967,,6732,,6964,,7099
132,"holocaust_memorial",,4,,6,,7,,6,,5,,5,,125,,3125,,375,,4375,,5,,5625,,1905,,411,,4884,,506,,5,,5294
133,"columbus_circle",,4,,6,,5,,5333,,525,,5,,08,,24,,36,,56,,68,,68,,1333,,3429,,4186,,5463,,5925,,5763
134,"siegessaeule",1,0,1,0,,8,,6333,,575,,6,,2,,28,,44,,48,,48,,6,,3333,,4375,,5677,,5461,,5232,,6
135,"jardin_du_luxembourg",1,0,1,0,1,0,1,0,,925,,92,,2,,36,,6,,68,,72,,84,,3333,,5294,,75,,8095,,8097,,8782
136,"merlion_singapore",,2,,2,,3,,5,,5,,46,,0455,,0909,,2273,,5,,5455,,5909,,0741,,125,,2586,,5,,5217,,5173
137,"harrods_london",1,0,1,0,,8,,8667,,85,,88,,2,,28,,48,,68,,76,,8,,3333,,4375,,6,,7621,,8025,,8381
138,"metropolitan_museum_of_art_new_york",1,0,1,0,1,0,,9,,925,,94,,2,,28,,4,,44,,52,,56,,3333,,4375,,5714,,591,,6657,,7019
139,"new_york_stock_exchange",,8,,7,,5,,5667,,575,,6,,15,,3,,35,,45,,5,,6,,2526,,42,,4118,,5016,,5349,,6
140,"stephansdom_vienna",1,0,1,0,1,0,1,0,1,0,,98,,16,,32,,52,,6,,72,,72,,2759,,4848,,6842,,75,,8372,,8301
141,"hms_belfast",,8,,9,,95,,9,,925,,94,,16,,28,,48,,56,,64,,76,,2667,,4271,,6378,,6904,,7565,,8405
142,"leicester_square",,6,,8,,75,,8,,775,,76,,12,,24,,32,,44,,52,,56,,2,,3692,,4486,,5677,,6224,,6448
143,"ciudad_de_las_artes_y_las_ciencias",1,0,,8,,85,,8667,,9,,92,,2,,28,,4,,52,,56,,6,,3333,,4148,,544,,65,,6904,,7263
144,"topkapi_palace",1,0,1,0,1,0,,9667,,975,,98,,2,,32,,4,,6,,68,,8,,3333,,4848,,5714,,7404,,8012,,8809
145,"royal_albert_hall",,6,,5,,45,,5,,525,,52,,12,,16,,24,,36,,4,,44,,2,,2424,,313,,4186,,4541,,4767
146,"st_vitus_cathedral",,8,,9,,95,,8667,,9,,88,,12,,2,,36,,44,,56,,56,,2087,,3273,,5221,,5837,,6904,,6844
147,"castello_sforzesco",1,0,1,0,1,0,1,0,,975,,94,,16,,28,,4,,48,,6,,6,,2759,,4375,,5714,,6486,,7429,,7325
148,"rijksmuseum_amsterdam",,8,,9,,95,,9667,,975,,98,,16,,24,,36,,56,,72,,8,,2667,,3789,,5221,,7092,,8283,,8809
149,"dam_square",,8,,8,,7,,6,,625,,6,,12,,2,,32,,44,,52,,56,,2087,,32,,4392,,5077,,5677,,5793
150,"rathaus_vienna",,6,,8,,7,,6333,,625,,66,,04,,12,,2,,32,,32,,4,,075,,2087,,3111,,4252,,4233,,4981
151,"bath_abbey",,8,,9,,95,,9,,925,,92,,16,,32,,48,,56,,64,,72,,2667,,4721,,6378,,6904,,7565,,8078
152,"salisbury_cathedral",1,0,1,0,1,0,1,0,,95,,96,,16,,24,,44,,52,,56,,56,,2759,,3871,,6111,,6842,,7046,,7074
153,"templo_de_debod",,2,,4,,5,,5,,525,,52,,0455,,1818,,2273,,2727,,4091,,4091,,0741,,25,,3125,,3529,,4599,,4579
154,"Niagara_Falls",1,0,,9,,7,,6667,,675,,62,,1818,,3636,,4091,,4545,,5455,,5909,,3077,,518,,5164,,5405,,6034,,6051
155,"Golden_Gate_Bridge_in_San_Francisco",1,0,1,0,,95,,9667,,975,,96,,1818,,1818,,3636,,5,,6818,,7273,,3077,,3077,,526,,6591,,8025,,8276
156,"Neuschwanstein_Castle",1,0,1,0,1,0,1,0,1,0,1,0,,16,,32,,52,,6,,68,,68,,2759,,4848,,6842,,75,,8095,,8095
157,"Christ_Church_Cathedral_Missouri",1,0,1,0,1,0,,9,,875,,86,,2,,32,,44,,48,,52,,56,,3333,,4848,,6111,,6261,,6523,,6783
158,"Mount_Rushmore_in_South_Dakota",1,0,,9,,95,,9667,,9,,92,,2,,24,,44,,56,,6,,64,,3333,,3789,,6014,,7092,,72,,7549
159,"Puerta_de_Toledo",,0,,1,,05,,0333,,05,,04,,0,,5,,5,,5,1,0,1,0,,0,,1667,,0909,,0625,,0952,,0769
160,"Urquhart_Castle",1,0,1,0,,9,,9333,,9,,9,,1667,,25,,4167,,5833,,7083,,75,,2857,,4,,5696,,7179,,7927,,8182
161,"Gare_du_Nord_Paris",,6,,8,,75,,7333,,725,,72,,12,,24,,28,,44,,48,,48,,2,,3692,,4078,,55,,5776,,576
162,"Newgrange_in_Ireland",,8,,8,,75,,6667,,65,,68,,1667,,2917,,4167,,4583,,4583,,5417,,2759,,4275,,5357,,5432,,5376,,603
163,"Windmills_at_Kinderdijk",1,0,,9,,95,,9333,,95,,92,,12,,16,,4,,48,,56,,6,,2143,,2717,,563,,634,,7046,,7263
164,"Conciergerie",1,0,1,0,1,0,,9667,,975,,98,,16,,2,,4,,56,,64,,72,,2759,,3333,,5714,,7092,,7728,,8301
165,"Palazzo_Madama",1,0,1,0,,8,,7667,,7,,66,,2273,,3636,,5,,6818,,7273,,7273,,3704,,5333,,6154,,7218,,7134,,692
166,"Split_Rock_Lighthouse",1,0,1,0,,95,,8667,,825,,84,,12,,16,,32,,4,,52,,6,,2143,,2759,,4787,,5474,,6379,,7
167,"The_Little_Mermaid_Denmark",,8,,7,,75,,6,,575,,58,,2857,,3571,,7143,,7857,,7857,,7857,,4211,,473,,7317,,6804,,664,,6674
168,"Great_Pyramid_of_Giza",,4,,5,,45,,6,,575,,6,,1333,,2,,4,,6,,7333,,8,,2,,2857,,4235,,6,,6446,,6857
169,"Pitti_Palace",,6,,7,,75,,5667,,475,,58,,1364,,2727,,3636,,3636,,4545,,4545,,2222,,3925,,4898,,443,,4645,,5097
170,"Georgia_State_Capitol",,6,,6,,35,,3333,,3,,3,,1579,,2105,,2105,,2632,,2632,,2632,,25,,3117,,2629,,2941,,2804,,2804
171,"Dome_des_Invalides",1,0,1,0,1,0,1,0,1,0,1,0,,12,,32,,4,,44,,48,,48,,2143,,4848,,5714,,6111,,6486,,6486
172,"Reggia_di_Caserta",,8,,5,,45,,5667,,575,,62,,16,,2,,32,,44,,56,,64,,2667,,2857,,374,,4954,,5674,,6298
173,"The_Burj_al_Arab_Hotel",,6,,7,,85,,8,,825,,84,,12,,24,,32,,36,,44,,56,,2,,3574,,465,,4966,,5739,,672
174,"Elephanta_Caves",1,0,,9,,95,,9,,875,,88,,1667,,25,,5,,5833,,5833,,7083,,2857,,3913,,6552,,7079,,7,,7849
175,"Basilica_of_Santa_Croce",1,0,1,0,1,0,1,0,1,0,1,0,,16,,2,,36,,4,,56,,56,,2759,,3333,,5294,,5714,,7179,,7179
176,"Aachen_Cathedral",1,0,1,0,,95,,9,,9,,92,,16,,32,,4,,4,,56,,56,,2759,,4848,,563,,5538,,6904,,6962
177,"Monument_to_the_Great_Fire_of_London",,4,,6,,55,,6333,,7,,66,,08,,2,,32,,48,,64,,68,,1333,,3,,4046,,5461,,6687,,6699
178,"Longmen_Grottoes",,6,,8,,5,,6667,,675,,6,,08,,28,,36,,6,,68,,72,,1412,,4148,,4186,,6316,,6775,,6545
179,"Louisiana_State_Capitol",,4,,4,,35,,4333,,35,,4,,08,,16,,24,,4,,44,,52,,1333,,2286,,2847,,416,,3899,,4522
180,"The_Great_Sphinx_at_Giza",1,0,1,0,,9,,8667,,85,,86,,16,,28,,44,,48,,56,,6,,2759,,4375,,591,,6178,,6752,,7068
181,"Teatro_Real_Madrid",,6,,8,,8,,6333,,65,,68,,1304,,3043,,5217,,6087,,6522,,7826,,2143,,4409,,6316,,6208,,6511,,7277
182,"Palacio_de_la_Magdalena",,6,,8,,85,,8333,,875,,86,,12,,32,,48,,6,,64,,8,,2,,4571,,6135,,6977,,7393,,8289
183,"Sowjetisches_Ehrenmal",,6,,7,,6,,6667,,7,,7,,12,,24,,32,,56,,72,,76,,2,,3574,,4174,,6087,,7099,,7288
184,"Cathedral_of_Trier",1,0,,9,,9,,9,,925,,92,,16,,28,,48,,6,,72,,88,,2759,,4271,,6261,,72,,8097,,8996
185,"Saint_Mary_of_the_Flower",,0,,3,,25,,2333,,2,,18,,0,,12,,12,,16,,2,,24,,0,,1714,,1622,,1898,,2,,2057
186,"Skellig_Michael",,4,,6,,6,,6667,,6,,6,,08,,24,,36,,48,,52,,56,,1333,,3429,,45,,5581,,5571,,5793
187,"Chicago_Board_of_Trade_Building",,8,,7,,8,,6333,,625,,64,,1818,,2273,,4545,,4545,,4545,,5455,,2963,,3431,,5797,,5292,,5263,,589
188,"Pont_de_Normandie_France",1,0,1,0,1,0,,8667,,825,,86,,2632,,3684,,5789,,6842,,8421,,8947,,4167,,5385,,7333,,7647,,8335,,877
189,"Palazzo_Rosso",,2,,1,,15,,1,,125,,12,,0417,,0417,,125,,125,,1667,,1667,,069,,0588,,1364,,1111,,1429,,1395
190,"Piazza_Vittorio_Veneto",,6,,5,,55,,6667,,625,,54,,125,,1875,,4375,,625,,75,,75,,2069,,2727,,4873,,6452,,6818,,6279
191,"Sforza_Castle",1,0,1,0,,95,,9667,,95,,94,,2,,32,,52,,6,,64,,64,,3333,,4848,,6721,,7404,,7648,,7615
192,"Torres_KIO",1,0,,8,,9,,8,,75,,78,,2,,32,,44,,52,,64,,64,,3333,,4571,,591,,6303,,6906,,7031
193,"Torre_Picasso",,8,,9,,7,,7667,,775,,78,,1667,,2917,,5,,5833,,6667,,75,,2759,,4406,,5833,,6626,,7168,,7647
194,"The_Palace_of_Parliament_in_Bucharest",,8,,8,,9,,8667,,85,,84,,12,,16,,44,,56,,6,,68,,2087,,2667,,591,,6804,,7034,,7516
195,"Ernest_Hemingway_House",,8,,8,,75,,8,,825,,82,,12,,24,,44,,56,,68,,68,,2087,,3692,,5546,,6588,,7455,,7435
196,"Castel_dellOvo_Napoli",,6,,8,,9,,9333,,875,,88,,12,,28,,48,,68,,72,,76,,2,,4148,,6261,,7868,,79,,8156
197,"Villa_Borghese_gardens",1,0,1,0,1,0,,9667,,975,,98,,2,,32,,44,,56,,68,,76,,3333,,4848,,6111,,7092,,8012,,8561
198,"Saint_Marks_Basilica",1,0,1,0,,95,,9333,,95,,96,,16,,24,,44,,44,,48,,56,,2759,,3871,,6014,,5981,,6378,,7074
199,"Mausoleum_of_the_First_Qin_Emperor",,8,,9,,8,,8,,75,,76,,08,,24,,4,,48,,52,,6,,1455,,3789,,5333,,6,,6142,,6706
200,"Mausoleum_of_Hadrian",,4,,4,,5,,5333,,575,,6,,1111,,1667,,2222,,3333,,5556,,5556,,1739,,2353,,3077,,4103,,5651,,5769
201,"Piazza_de_Ferrari",1,0,1,0,,95,,9,,925,,92,,1579,,3684,,4211,,5263,,6316,,6842,,2727,,5385,,5835,,6642,,7506,,7848
202,"George_Washington_Carver",,4,,5,,65,,6333,,6,,6,,125,,1875,,375,,5625,,6875,,6875,,1905,,2727,,4756,,5958,,6408,,6408
203,"Cathedral_of_Santiago_de_Compostela",1,0,,9,,85,,7333,,775,,82,,2353,,4118,,5882,,5882,,6471,,7647,,381,,565,,6953,,6528,,7053,,7914
204,"Saint-Jacques_Tower",1,0,,6,,75,,7333,,75,,76,,2308,,2308,,3077,,4615,,6923,,7692,,375,,3333,,4364,,5665,,72,,7646
205,"Calakmul_Campeche_Mexico",1,0,1,0,,9,,7667,,775,,7,,2857,,4286,,5714,,6429,,7857,,7857,,4444,,6,,699,,6993,,7803,,7404
206,"Bran_Castle_in_Transylvania",,8,,8,,85,,8333,,825,,84,,2105,,3158,,5263,,7368,,7895,,7895,,3333,,4528,,6501,,7821,,8068,,814
207,"Mosteiro_da_Batalha",1,0,1,0,1,0,1,0,1,0,1,0,,2105,,3158,,5789,,6842,,7895,,7895,,3478,,48,,7333,,8125,,8824,,8824
208,"Wartburg_Castle",1,0,1,0,1,0,,9667,,95,,94,,2,,3,,6,,8,,85,,9,,3333,,4615,,75,,8755,,8972,,9196
209,"Fujian_Tulou_Fujian_China",1,0,1,0,,95,,9333,,95,,94,,2778,,3333,,4444,,5,,6667,,7222,,4348,,5,,6056,,6512,,7835,,8168
210,"Alabama_State_Capitol",,6,,6,,75,,7667,,725,,76,,0952,,2381,,5238,,6667,,7143,,8095,,1644,,3409,,6168,,7132,,7196,,784
211,"Palazzo_dAccursio",,8,,9,,9,,7667,,625,,6,,1667,,2778,,4444,,5556,,5556,,5556,,2759,,4245,,595,,6443,,5882,,5769
212,"Casa_Grande_Ruins",1,0,,9,,8,,7333,,75,,76,,2353,,2941,,3529,,4118,,5294,,5882,,381,,4433,,4898,,5274,,6207,,6632
213,"Stravinsky_Fountain",,8,,9,,95,,8667,,8,,82,,0667,,2667,,3333,,3333,,3333,,4,,1231,,4114,,4935,,4815,,4706,,5377
214,"Angel_Falls_Venezuela",,8,,5,,5,,5333,,6,,54,,2353,,2941,,3529,,5294,,6471,,6471,,3636,,3704,,4138,,5314,,6226,,5887
215,"Statue_of_George_IV",,4,,5,,5,,4333,,375,,38,,25,,375,,5,,625,,625,,625,,3077,,4286,,5,,5118,,4688,,4726
216,"Palacio_Barolo",,6,,7,,8,,8667,,875,,9,,1765,,3529,,4706,,5882,,6471,,7059,,2727,,4693,,5926,,7008,,744,,7912
217,"Bridge_of_Remembrance_Christchurch_New_Zealand",1,0,1,0,,85,,7333,,55,,56,,4167,,5833,,9167,1,0,1,0,1,0,,5882,,7368,,8821,,8462,,7097,,7179
218,"John_A._Roebling_Suspension_Bridge",,0,,2,,4,,3667,,475,,46,,0,,0667,,4,,5333,,7333,,8,,0,,1,,4,,4346,,5766,,5841
219,"Blue_Dome_Santorini",1,0,,9,,95,,8667,,875,,9,,3125,,4375,,5625,,6875,,75,,8125,,4762,,5888,,7066,,7668,,8077,,854
220,"Fossar_de_les_Moreres",,2,,4,,5,,3667,,375,,34,,0714,,2857,,5,,5,,5714,,5714,,1053,,3333,,5,,4231,,4528,,4263
221,"Luxor_Obelisk_France",1,0,,8,,8,,7667,,75,,76,,1875,,3125,,375,,375,,375,,4375,,3158,,4494,,5106,,5036,,5,,5553
222,"Valle_de_los_Caidos",1,0,1,0,1,0,1,0,,95,,92,,25,,35,,5,,65,,65,,75,,4,,5185,,6667,,7879,,7719,,8263
--------------------
"--","Avg.",P@5,P@10,P@20,P@30,P@40,P@50,CR@5,CR@10,CR@20,CR@30,CR@40,CR@50,F1@5,F1@10,F1@20,F1@30,F1@40,F1@50
,,,7874,,7878,,7752,,7632,,755,,7551,,1525,,2584,,4084,,521,,596,,6479,,2525,,3819,,5254,,6084,,6528,,6834