--------------------
"Run name","output_runACCSumSquaredError"
--------------------
"Average P@20 = ",,7867
"Average CR@20 = ",,4069
"Average F1@20 = ",,5257
--------------------
"Query Id ","Location name",P@5,P@10,P@20,P@30,P@40,P@50,CR@5,CR@10,CR@20,CR@30,CR@40,CR@50,F1@5,F1@10,F1@20,F1@30,F1@40,F1@50
1,"angel_of_the_north",1,0,1,0,,95,,9667,,975,,98,,16,,32,,44,,52,,6,,68,,2759,,4848,,6014,,6762,,7429,,8029
2,"big_ben",1,0,,8,,9,,8667,,9,,92,,1818,,2727,,4091,,4545,,5455,,5909,,3077,,4068,,5625,,5963,,6792,,7196
3,"hearst_castle",1,0,1,0,1,0,,9333,,9,,88,,2083,,3333,,5417,,625,,8333,,8333,,3448,,5,,7027,,7487,,8654,,856
4,"la_madeleine",,2,,3,,3,,3333,,375,,42,,0714,,2143,,3571,,5,,5714,,5714,,1053,,25,,3261,,4,,4528,,4841
5,"pont_alexandre_iii",1,0,1,0,,95,,9667,,975,,96,,12,,2,,44,,52,,6,,64,,2143,,3333,,6014,,6762,,7429,,768
6,"neues_museum",,0,,1,,2,,3,,4,,46,,0,,04,,16,,24,,4,,56,,0,,0571,,1778,,2667,,4,,5051
7,"montezuma_castle",,6,,6,,55,,5667,,575,,58,,25,,4167,,4167,,6667,,75,,75,,3529,,4918,,4741,,6126,,6509,,6541
8,"cn_tower",,6,,6,,65,,7333,,65,,68,,125,,2083,,375,,5417,,625,,6667,,2069,,3093,,4756,,6231,,6373,,6733
9,"acropolis_athens",1,0,,9,,95,,8667,,85,,84,,2381,,381,,5238,,5238,,5238,,5714,,3846,,5353,,6753,,653,,6482,,6802
10,"agra_fort",,8,,9,,9,,9,,875,,88,,16,,28,,44,,6,,64,,68,,2667,,4271,,591,,72,,7393,,7672
11,"albert_memorial",,4,,5,,7,,7333,,8,,82,,0909,,0909,,2727,,4091,,5455,,5455,,1481,,1538,,3925,,5252,,6486,,6551
12,"altes_museum",,6,,7,,6,,6333,,625,,64,,0833,,2083,,2917,,4583,,5833,,7083,,1463,,3211,,3925,,5318,,6034,,6724
13,"amiens_cathedral",1,0,1,0,1,0,,9667,,975,,98,,16,,28,,48,,52,,72,,8,,2759,,4375,,6486,,6762,,8283,,8809
14,"angkor_wat",,8,,8,,85,,8333,,8,,78,,12,,2,,44,,6,,64,,72,,2087,,32,,5798,,6977,,7111,,7488
15,"ara_pacis",,8,,7,,65,,6667,,675,,64,,1818,,2727,,4091,,5455,,6818,,6818,,2963,,3925,,5021,,6,,6784,,6602
16,"arc_de_triomphe",1,0,1,0,,9,,8667,,775,,78,,1667,,3333,,4583,,5833,,625,,7083,,2857,,5,,6074,,6973,,692,,7424
17,"aztec_ruins",,2,,2,,2,,1667,,2,,22,,04,,08,,12,,16,,24,,28,,0667,,1143,,15,,1633,,2182,,2464
18,"berlin_cathedral",1,0,1,0,1,0,1,0,,95,,9,,2,,36,,48,,64,,68,,72,,3333,,5294,,6486,,7805,,7926,,8
19,"bok_tower_gardens",1,0,,8,,8,,8333,,85,,84,,16,,24,,44,,52,,68,,68,,2759,,3692,,5677,,6404,,7556,,7516
20,"brandenburg_gate",1,0,1,0,,95,,9333,,925,,94,,12,,24,,48,,52,,52,,52,,2143,,3871,,6378,,6679,,6657,,6696
21,"cabrillo",,4,,3,,2,,1667,,15,,12,,1538,,2308,,3077,,3077,,3846,,3846,,2222,,2609,,2424,,2162,,2158,,1829
22,"casa_batllo",1,0,1,0,1,0,1,0,,975,,98,,16,,24,,4,,48,,56,,72,,2759,,3871,,5714,,6486,,7114,,8301
23,"casa_rosada",1,0,1,0,,95,,9333,,925,,92,,12,,28,,44,,68,,76,,8,,2143,,4375,,6014,,7868,,8344,,8558
24,"castillo_de_san_marcos",,8,,8,,75,,7667,,8,,78,,16,,28,,4,,44,,6,,68,,2667,,4148,,5217,,5591,,6857,,7266
25,"chartres_cathedral",1,0,1,0,,95,,9667,,975,,96,,16,,28,,4,,48,,68,,76,,2759,,4375,,563,,6415,,8012,,8484
26,"chichen_itza",,4,,6,,8,,8,,825,,84,,04,,2,,48,,6,,6,,64,,0727,,3,,6,,6857,,6947,,7265
27,"christ_the_redeemer_rio",,8,,6,,6,,5333,,525,,48,,1739,,1739,,3478,,3478,,3478,,4348,,2857,,2697,,4404,,4211,,4184,,4563
28,"civic_center_san_francisco",,8,,9,,8,,6667,,575,,58,,16,,36,,52,,56,,56,,56,,2667,,5143,,6303,,6087,,5674,,5698
29,"cologne_cathedral",1,0,1,0,1,0,1,0,1,0,,98,,12,,24,,4,,6,,68,,72,,2143,,3871,,5714,,75,,8095,,8301
30,"colosseum",1,0,1,0,1,0,,9333,,9,,9,,2,,36,,48,,6,,6,,72,,3333,,5294,,6486,,7304,,72,,8
31,"doge_s_palace",,8,,9,,85,,8667,,875,,86,,12,,24,,4,,48,,48,,48,,2087,,3789,,544,,6178,,6199,,6161
32,"eiffel_tower",1,0,1,0,,95,,9667,,95,,96,,16,,2,,36,,48,,56,,56,,2759,,3333,,5221,,6415,,7046,,7074
33,"golden_gate_bridge",,8,,9,,95,,9333,,925,,9,,1304,,2609,,4348,,4348,,5652,,5652,,2243,,4045,,5965,,5932,,7017,,6944
34,"grand_palais",1,0,1,0,,9,,9,,925,,94,,2273,,3182,,3636,,4545,,5455,,5909,,3704,,4828,,518,,604,,6862,,7257
35,"guggenheim_museum_bilbao",1,0,1,0,1,0,,9667,,975,,94,,12,,24,,48,,6,,6,,68,,2143,,3871,,6486,,7404,,7429,,7891
36,"hagia_sophia_istanbul",1,0,1,0,1,0,,9667,,975,,96,,16,,24,,48,,6,,64,,68,,2759,,3871,,6486,,7404,,7728,,7961
37,"hoover_dam",,6,,8,,85,,9,,9,,9,,12,,2,,36,,48,,56,,6,,2,,32,,5058,,6261,,6904,,72
38,"humayun_tomb",,8,,9,,8,,7,,775,,78,,16,,28,,44,,52,,6,,68,,2667,,4271,,5677,,5967,,6764,,7266
39,"iguazu_falls",,8,,7,,75,,7,,775,,74,,12,,24,,36,,44,,56,,56,,2087,,3574,,4865,,5404,,6502,,6375
40,"iolani_palace",1,0,,9,,85,,8333,,8,,78,,2,,28,,36,,48,,52,,64,,3333,,4271,,5058,,6091,,6303,,7031
41,"la_mezquita",1,0,,7,,75,,6667,,625,,58,,2083,,2917,,4583,,5,,5,,5,,3448,,4118,,569,,5714,,5556,,537
42,"la_rambla_barcelona",,8,,8,,9,,9,,925,,94,,12,,24,,32,,44,,56,,56,,2087,,3692,,4721,,591,,6976,,7019
43,"la_sainte_chapelle",1,0,,9,,9,,9333,,925,,94,,12,,28,,44,,64,,68,,72,,2143,,4271,,591,,7593,,7838,,8154
44,"liberty_memorial",,6,,7,,65,,6333,,625,,62,,04,,12,,2,,32,,4,,48,,075,,2049,,3059,,4252,,4878,,5411
45,"lincoln_home",,6,,7,,8,,8333,,8,,82,,1667,,3333,,5556,,6111,,6667,,6667,,2609,,4516,,6557,,7051,,7273,,7354
46,"machu_picchu",1,0,1,0,,95,,8333,,825,,76,,2,,32,,52,,6,,64,,68,,3333,,4848,,6721,,6977,,7208,,7178
47,"marble_arch_london",,8,,7,,6,,5,,525,,44,,3333,,4167,,5,,5,,9167,,9167,,4706,,5224,,5455,,5,,6676,,5946
48,"milan_cathedral",1,0,1,0,,95,,9333,,95,,94,,08,,24,,44,,56,,68,,76,,1481,,3871,,6014,,7,,7926,,8405
49,"mole_antonelliana",,8,,7,,75,,7667,,75,,72,,12,,2,,32,,4,,44,,52,,2087,,3111,,4486,,5257,,5546,,6039
50,"mont_saint_michel",1,0,,9,,9,,9333,,925,,94,,16,,32,,4,,52,,64,,76,,2759,,4721,,5538,,6679,,7565,,8405
51,"moulin_rouge",,0,,0,,05,,0333,,05,,08,,0,,0,,125,,125,,25,,5,,0,,0,,0714,,0526,,0833,,1379
52,"nelson_s_column",,8,,9,,95,,9667,,975,,96,,125,,1667,,375,,5,,625,,7083,,2162,,2812,,5377,,6591,,7617,,8152
53,"notre_dame_de_paris",,8,,9,,9,,8667,,9,,9,,12,,28,,4,,48,,52,,68,,2087,,4271,,5538,,6178,,6592,,7747
54,"obelisco",,0,,1,,15,,1,,15,,16,,0,,0909,,1818,,1818,,4545,,6364,,0,,0952,,1644,,129,,2256,,2557
55,"piccadilly_circus",,6,,7,,85,,8333,,825,,82,,1304,,2174,,4348,,5217,,5652,,6522,,2143,,3318,,5753,,6417,,6708,,7265
56,"place_de_la_concorde",1,0,1,0,,95,,9667,,975,,98,,16,,28,,36,,48,,56,,76,,2759,,4375,,5221,,6415,,7114,,8561
57,"place_de_la_republique",,4,,3,,2,,1667,,2,,18,,25,,25,,375,,375,,625,,75,,3077,,2727,,2609,,2308,,303,,2903
58,"place_des_vosges",1,0,,9,,85,,7333,,725,,74,,12,,24,,32,,4,,56,,64,,2143,,3789,,465,,5176,,6319,,6864
59,"pont_du_gard",,6,,6,,65,,7667,,775,,74,,12,,24,,24,,48,,56,,64,,2,,3429,,3506,,5904,,6502,,6864
60,"pont_neuf",1,0,,8,,9,,7667,,75,,72,,16,,2,,36,,48,,6,,6,,2759,,32,,5143,,5904,,6667,,6545
61,"ponte_vecchio",1,0,,9,,85,,7667,,725,,76,,2083,,3333,,5,,5417,,625,,6667,,3448,,4865,,6296,,6348,,6713,,7103
62,"puerta_de_alcala",,4,,4,,4,,4333,,5,,56,,0526,,1579,,2632,,3684,,4737,,5263,,093,,2264,,3175,,3982,,4865,,5426
63,"puerta_del_sol",,6,,7,,55,,5,,45,,42,,15,,35,,45,,5,,5,,55,,24,,4667,,495,,5,,4737,,4763
64,"red_fort",1,0,1,0,1,0,1,0,1,0,1,0,,16,,32,,44,,52,,64,,68,,2759,,4848,,6111,,6842,,7805,,8095
65,"reims_cathedral",1,0,1,0,,95,,9667,,975,,98,,16,,32,,48,,56,,6,,64,,2759,,4848,,6378,,7092,,7429,,7743
66,"rialto_bridge",,8,,8,,85,,7333,,65,,64,,1875,,3125,,5,,6875,,6875,,6875,,3038,,4494,,6296,,7097,,6682,,6629
67,"roman_forum_rome",,8,,8,,65,,6667,,725,,64,,16,,28,,36,,52,,64,,64,,2667,,4148,,4634,,5843,,6799,,64
68,"sacre_coeur",,6,,7,,6,,5667,,6,,62,,125,,2083,,3333,,4167,,4167,,4167,,2069,,3211,,4286,,4802,,4918,,4984
69,"sagrada_familia",1,0,1,0,,9,,9,,925,,94,,2,,28,,44,,48,,56,,64,,3333,,4375,,591,,6261,,6976,,7615
70,"santa_maria_novella",1,0,,8,,7,,6333,,55,,56,,16,,28,,4,,44,,48,,56,,2759,,4148,,5091,,5193,,5126,,56
71,"schonbrunn_palace",1,0,,9,,95,,9667,,975,,98,,2,,28,,44,,48,,56,,56,,3333,,4271,,6014,,6415,,7114,,7127
72,"seville_cathedral",,6,,8,,85,,8667,,875,,9,,12,,28,,56,,6,,64,,64,,2,,4148,,6752,,7091,,7393,,7481
73,"spanish_steps",1,0,,7,,65,,6,,625,,58,,1818,,1818,,3182,,4091,,5,,5909,,3077,,2887,,4272,,4865,,5556,,5854
74,"st__basil_cathedral",1,0,1,0,,95,,8667,,9,,9,,2,,32,,48,,56,,56,,64,,3333,,4848,,6378,,6804,,6904,,7481
75,"statue_of_liberty",1,0,,9,,95,,9333,,875,,86,,2,,28,,56,,56,,56,,6,,3333,,4271,,7046,,7,,6829,,7068
76,"stonehenge",,8,,6,,55,,6,,55,,54,,1579,,2105,,3158,,4211,,4211,,5263,,2637,,3117,,4012,,4948,,477,,5331
77,"summer_palace_beijing",1,0,1,0,,9,,8333,,875,,88,,16,,36,,44,,52,,64,,68,,2759,,5294,,591,,6404,,7393,,7672
78,"sydney_opera_house",1,0,1,0,,9,,8667,,825,,84,,2,,32,,4,,48,,6,,64,,3333,,4848,,5538,,6178,,6947,,7265
79,"teotihuacan",,8,,8,,7,,7333,,7,,72,,16,,32,,48,,56,,56,,6,,2667,,4571,,5695,,6351,,6222,,6545
80,"terracotta_army",,6,,4,,5,,5,,525,,58,,15,,2,,45,,55,,7,,75,,24,,2667,,4737,,5238,,6,,6541
81,"the_blue_mosque",,8,,9,,9,,9,,9,,92,,12,,24,,4,,48,,6,,68,,2087,,3789,,5538,,6261,,72,,782
82,"the_henry_ford",1,0,,8,,85,,7667,,725,,72,,12,,24,,44,,56,,6,,64,,2143,,3692,,5798,,6472,,6566,,6776
83,"taj_mahal",,6,,8,,9,,9,,85,,86,,08,,2,,4,,52,,6,,68,,1412,,32,,5538,,6592,,7034,,7595
84,"tour_montparnasse",,6,,4,,45,,5333,,425,,42,,1,,1,,3,,5,,55,,55,,1714,,16,,36,,5161,,4795,,4763
85,"tower_bridge_london",,4,,5,,65,,6333,,625,,62,,08,,16,,44,,6,,64,,64,,1333,,2424,,5248,,6162,,6324,,6298
86,"trafalgar_square",,4,,4,,4,,4,,4,,36,,0909,,1364,,2273,,2727,,3182,,3182,,1481,,2034,,2899,,3243,,3544,,3378
87,"leaning_tower_of_pisa",,6,,4,,55,,5,,5,,54,,12,,16,,32,,44,,48,,56,,2,,2286,,4046,,4681,,4898,,5498
88,"hermitage_museum_saint_petersburg",1,0,,8,,85,,8333,,875,,88,,08,,16,,4,,48,,56,,64,,1481,,2667,,544,,6091,,6829,,7411
89,"jantar_mantar_jaipur",,8,,8,,9,,8667,,8,,82,,16,,2,,48,,68,,72,,76,,2667,,32,,6261,,7621,,7579,,7889
90,"lake_titicaca_peru",,2,,6,,45,,5,,5,,52,,0417,,2083,,2917,,4583,,5417,,625,,069,,3093,,3539,,4783,,52,,5677
91,"the_great_wall_of_china",1,0,,9,,85,,8333,,8,,8,,16,,24,,36,,44,,52,,56,,2759,,3789,,5058,,5759,,6303,,6588
92,"grande_arche_paris",1,0,,6,,65,,6333,,675,,66,,16,,16,,36,,36,,48,,52,,2759,,2526,,4634,,4591,,561,,5817
93,"el_angel_mexico",,8,,8,,6,,5333,,575,,62,,1905,,3333,,381,,5238,,619,,7143,,3077,,4706,,466,,5285,,5962,,6638
94,"bibliotheque_nationale_de_france",,8,,9,,75,,7667,,8,,74,,12,,2,,28,,4,,52,,52,,2087,,3273,,4078,,5257,,6303,,6108
95,"kronborg_castle",,8,,8,,8,,8333,,8,,8,,1667,,2917,,4167,,4583,,5,,5417,,2759,,4275,,5479,,5914,,6154,,646
96,"ajanta_caves",,6,,8,,85,,8667,,9,,9,,1364,,2273,,4091,,5,,5909,,5909,,2222,,354,,5523,,6341,,7134,,7134
97,"atomium",1,0,1,0,,95,,9667,,95,,94,,1905,,2857,,3333,,4286,,5238,,5238,,32,,4444,,4935,,5939,,6753,,6727
98,"ellora_caves",1,0,,9,,95,,9667,,975,,98,,1818,,2727,,4091,,5455,,5909,,6364,,3077,,4186,,5719,,6974,,7358,,7717
99,"potala_palace",1,0,,8,,9,,9,,85,,78,,2222,,2778,,4444,,5556,,6111,,6667,,3636,,4124,,595,,687,,711,,7189
100,"jokhang",,8,,8,,85,,9,,875,,82,,16,,28,,44,,64,,64,,68,,2667,,4148,,5798,,7481,,7393,,7435
101,"rila_monastery",1,0,,9,,8,,8,,85,,86,,16,,2,,32,,32,,32,,4,,2759,,3273,,4571,,4571,,465,,546
102,"louvre_pyramid",1,0,1,0,,95,,9667,,9,,92,,2222,,3889,,5556,,6111,,6111,,7222,,3636,,56,,7011,,7488,,7279,,8092
103,"brooklyn_bridge",1,0,1,0,,95,,8667,,875,,84,,1429,,3333,,4762,,619,,619,,619,,25,,5,,6344,,7222,,7251,,7128
104,"tower_of_london",1,0,,9,,9,,7333,,75,,74,,2174,,2174,,3478,,4348,,5652,,6087,,3571,,3502,,5017,,5459,,6446,,668
105,"british_museum_london",1,0,1,0,1,0,1,0,1,0,,98,,2,,2,,3,,35,,6,,6,,3333,,3333,,4615,,5185,,75,,7443
106,"buckingham_palace",,8,,4,,3,,3333,,35,,3,,15,,15,,2,,3,,35,,35,,2526,,2182,,24,,3158,,35,,3231
107,"charles_bridge_prague",,8,,8,,75,,8,,725,,7,,125,,2083,,3333,,4583,,4583,,5,,2162,,3306,,4615,,5828,,5616,,5833
108,"champs_elysees_paris",,4,,5,,55,,5,,55,,56,,0667,,2667,,3333,,4,,6,,6667,,1143,,3478,,4151,,4444,,5739,,6087
109,"chrysler_building",1,0,1,0,1,0,1,0,1,0,1,0,,2143,,3571,,6429,,6429,,7143,,7143,,3529,,5263,,7826,,7826,,8333,,8333
110,"moma_new_york",,8,,8,,8,,8,,825,,84,,2105,,3684,,3684,,4211,,4211,,5263,,3333,,5045,,5045,,5517,,5576,,6471
111,"grand_central_terminal",1,0,1,0,,95,,9667,,95,,96,,0952,,1429,,2857,,381,,4762,,4762,,1739,,25,,4393,,5465,,6344,,6366
112,"houses_of_parliament",1,0,,9,,9,,9,,925,,94,,1739,,3043,,3913,,4348,,5652,,5652,,2963,,4549,,5455,,5863,,7017,,706
113,"alexanderplatz_berlin",,6,,6,,6,,6667,,575,,62,,12,,24,,36,,44,,48,,52,,2,,3429,,45,,5301,,5232,,5656
114,"centre_pompidou",,6,,6,,7,,6667,,65,,64,,1667,,3333,,4444,,5556,,6667,,7222,,2609,,4286,,5437,,6061,,6582,,6786
115,"sydney_harbour_bridge",1,0,1,0,1,0,1,0,1,0,1,0,,3125,,375,,4375,,625,,625,,6875,,4762,,5455,,6087,,7692,,7692,,8148
116,"pier_39",1,0,1,0,,95,,9333,,925,,92,,1429,,2381,,381,,4286,,5238,,619,,25,,3846,,5438,,5874,,6689,,7401
117,"coit_tower",,6,,7,,75,,7333,,75,,68,,0667,,2,,4,,4667,,4667,,5333,,12,,3111,,5217,,5704,,5753,,5978
118,"st_paul_s_cathedral_london",1,0,,9,,95,,9333,,85,,84,,2353,,3529,,6471,,6471,,6471,,7647,,381,,507,,7698,,7643,,7348,,8006
119,"cloud_gate",,4,,6,,7,,7333,,675,,66,,1667,,25,,3333,,5,,5,,5,,2353,,3529,,4516,,5946,,5745,,569
120,"musee_d_orsay",1,0,1,0,,95,,9,,9,,92,,1429,,2381,,381,,4762,,5714,,7143,,25,,3846,,5438,,6228,,699,,8042
121,"pike_place_market",1,0,,9,,95,,8333,,825,,8,,2381,,3333,,4762,,4762,,4762,,4762,,3846,,4865,,6344,,6061,,6038,,597
122,"royal_palace_madrid",,8,,8,,9,,8333,,85,,82,,1818,,2727,,4091,,5,,5909,,5909,,2963,,4068,,5625,,625,,6972,,6869
123,"sony_center_berlin",,8,,9,,9,,9333,,95,,94,,0952,,1905,,3333,,381,,5238,,5714,,1702,,3144,,4865,,5411,,6753,,7108
124,"red_square_moscow",,8,,9,,75,,7667,,7,,72,,1905,,2857,,381,,5238,,5714,,5714,,3077,,4337,,5053,,6224,,6292,,6372
125,"prague_castle",1,0,,9,,9,,9,,9,,86,,2,,32,,44,,64,,68,,68,,3333,,4721,,591,,7481,,7747,,7595
126,"musee_du_louvre",1,0,1,0,1,0,1,0,,975,,98,,12,,24,,36,,52,,6,,64,,2143,,3871,,5294,,6842,,7429,,7743
127,"millennium_bridge_london",,8,,6,,75,,7667,,725,,76,,16,,2,,4,,48,,56,,56,,2667,,3,,5217,,5904,,6319,,6448
128,"casa_mila",1,0,1,0,,95,,9,,9,,9,,2,,28,,44,,48,,52,,68,,3333,,4375,,6014,,6261,,6592,,7747
129,"national_gallery_london",1,0,,9,,85,,8,,7,,64,,2273,,3182,,4091,,4545,,5,,5,,3704,,4701,,5523,,5797,,5833,,5614
130,"national_mall",,8,,9,,9,,9333,,95,,92,,16,,28,,44,,6,,76,,8,,2667,,4271,,591,,7304,,8444,,8558
131,"london_city_hall",1,0,,8,,85,,8,,8,,8,,2,,35,,5,,5,,55,,75,,3333,,487,,6296,,6154,,6519,,7742
132,"holocaust_memorial",1,0,,8,,75,,6667,,625,,62,,1875,,3125,,5,,5625,,625,,6875,,3158,,4494,,6,,6102,,625,,652
133,"columbus_circle",,6,,6,,65,,6,,55,,56,,12,,24,,4,,48,,52,,64,,2,,3429,,4952,,5333,,5346,,5973
134,"siegessaeule",,8,,8,,65,,6,,625,,58,,16,,24,,4,,48,,52,,56,,2667,,3692,,4952,,5333,,5677,,5698
135,"jardin_du_luxembourg",,8,,9,,9,,9333,,925,,94,,16,,32,,48,,64,,68,,76,,2667,,4721,,6261,,7593,,7838,,8405
136,"merlion_singapore",,4,,4,,3,,3333,,35,,42,,0909,,1818,,2727,,3636,,4545,,5909,,1481,,25,,2857,,3478,,3955,,491
137,"harrods_london",1,0,1,0,,9,,9,,875,,86,,2,,36,,48,,56,,6,,6,,3333,,5294,,6261,,6904,,7119,,7068
138,"metropolitan_museum_of_art_new_york",1,0,1,0,,95,,9667,,975,,98,,16,,28,,4,,56,,6,,64,,2759,,4375,,563,,7092,,7429,,7743
139,"new_york_stock_exchange",,8,,9,,65,,6,,575,,54,,15,,2,,25,,3,,55,,55,,2526,,3273,,3611,,4,,5622,,545
140,"stephansdom_vienna",1,0,1,0,1,0,1,0,1,0,,98,,2,,36,,48,,56,,64,,72,,3333,,5294,,6486,,7179,,7805,,8301
141,"hms_belfast",1,0,1,0,,95,,9333,,95,,94,,12,,2,,32,,44,,6,,68,,2143,,3333,,4787,,5981,,7355,,7891
142,"leicester_square",,8,,8,,7,,8,,8,,82,,16,,28,,36,,4,,48,,52,,2667,,4148,,4755,,5333,,6,,6364
143,"ciudad_de_las_artes_y_las_ciencias",1,0,1,0,,95,,9333,,9,,92,,2,,32,,44,,48,,56,,68,,3333,,4848,,6014,,634,,6904,,782
144,"topkapi_palace",1,0,1,0,1,0,,9667,,95,,96,,2,,24,,4,,56,,6,,72,,3333,,3871,,5714,,7092,,7355,,8229
145,"royal_albert_hall",,6,,5,,5,,5,,575,,6,,08,,12,,2,,28,,36,,44,,1412,,1935,,2857,,359,,4428,,5077
146,"st_vitus_cathedral",1,0,,9,,95,,9333,,95,,96,,2,,32,,4,,44,,56,,6,,3333,,4721,,563,,5981,,7046,,7385
147,"castello_sforzesco",1,0,1,0,1,0,,9667,,925,,9,,16,,2,,4,,52,,52,,56,,2759,,3333,,5714,,6762,,6657,,6904
148,"rijksmuseum_amsterdam",1,0,1,0,1,0,1,0,1,0,1,0,,12,,16,,32,,44,,6,,6,,2143,,2759,,4848,,6111,,75,,75
149,"dam_square",,8,,8,,75,,7,,65,,62,,12,,24,,4,,44,,44,,48,,2087,,3692,,5217,,5404,,5248,,5411
150,"rathaus_vienna",1,0,,9,,8,,8333,,75,,76,,16,,28,,32,,4,,4,,44,,2759,,4271,,4571,,5405,,5217,,5573
151,"bath_abbey",1,0,1,0,,9,,9333,,95,,94,,16,,24,,48,,56,,6,,68,,2759,,3871,,6261,,7,,7355,,7891
152,"salisbury_cathedral",1,0,1,0,1,0,,9667,,975,,96,,2,,28,,36,,48,,52,,52,,3333,,4375,,5294,,6415,,6783,,6746
153,"templo_de_debod",,4,,4,,35,,4,,5,,46,,0909,,1818,,2273,,3182,,5,,5,,1481,,25,,2756,,3544,,5,,4792
154,"Niagara_Falls",,8,,7,,6,,6,,6,,58,,1364,,2273,,3182,,4545,,5,,5,,233,,3431,,4158,,5172,,5455,,537
155,"Golden_Gate_Bridge_in_San_Francisco",1,0,1,0,1,0,,9667,,95,,96,,0909,,2273,,3636,,4545,,5909,,6364,,1667,,3704,,5333,,6183,,7286,,7654
156,"Neuschwanstein_Castle",1,0,1,0,1,0,,9667,,975,,98,,2,,32,,44,,56,,64,,72,,3333,,4848,,6111,,7092,,7728,,8301
157,"Christ_Church_Cathedral_Missouri",1,0,1,0,,9,,8333,,875,,88,,2,,36,,44,,52,,52,,56,,3333,,5294,,591,,6404,,6523,,6844
158,"Mount_Rushmore_in_South_Dakota",1,0,,9,,95,,9667,,925,,94,,2,,28,,44,,52,,56,,6,,3333,,4271,,6014,,6762,,6976,,7325
159,"Puerta_de_Toledo",,2,,1,,1,,1,,075,,06,,5,,5,1,0,1,0,1,0,1,0,,2857,,1667,,1818,,1818,,1395,,1132
160,"Urquhart_Castle",,8,,8,,85,,8333,,85,,86,,125,,25,,5,,5833,,6667,,75,,2162,,381,,6296,,6863,,7473,,8012
161,"Gare_du_Nord_Paris",,8,,8,,65,,6667,,675,,64,,16,,16,,32,,4,,4,,44,,2667,,2667,,4289,,5,,5023,,5215
162,"Newgrange_in_Ireland",,6,,6,,75,,7667,,725,,7,,125,,1667,,375,,5,,5833,,5833,,2069,,2609,,5,,6053,,6465,,6364
163,"Windmills_at_Kinderdijk",,8,,9,,95,,9667,,925,,9,,12,,28,,44,,52,,52,,6,,2087,,4271,,6014,,6762,,6657,,72
164,"Conciergerie",1,0,1,0,1,0,,9333,,95,,96,,16,,36,,48,,56,,64,,72,,2759,,5294,,6486,,7,,7648,,8229
165,"Palazzo_Madama",,8,,9,,7,,6667,,675,,7,,1364,,3182,,4545,,5455,,5909,,6818,,233,,4701,,5512,,6,,6302,,6908
166,"Split_Rock_Lighthouse",1,0,1,0,,95,,9333,,875,,86,,16,,2,,32,,4,,44,,44,,2759,,3333,,4787,,56,,5856,,5822
167,"The_Little_Mermaid_Denmark",1,0,1,0,,85,,8333,,8,,76,,2857,,5714,,7143,,7143,,7857,,8571,,4444,,7273,,7763,,7692,,7928,,8057
168,"Great_Pyramid_of_Giza",,4,,4,,5,,5667,,6,,62,,1333,,2,,4,,5333,,6,,6667,,2,,2667,,4444,,5495,,6,,6425
169,"Pitti_Palace",,6,,7,,8,,7667,,725,,72,,0909,,2273,,4545,,5455,,5909,,5909,,1579,,3431,,5797,,6374,,6511,,6491
170,"Georgia_State_Capitol",,6,,4,,35,,2667,,275,,28,,1579,,1579,,2105,,2105,,2632,,2632,,25,,2264,,2629,,2353,,2689,,2713
171,"Dome_des_Invalides",1,0,1,0,1,0,,9667,,975,,98,,2,,32,,36,,36,,48,,56,,3333,,4848,,5294,,5246,,6433,,7127
172,"Reggia_di_Caserta",,4,,4,,55,,4667,,45,,52,,08,,16,,36,,36,,44,,56,,1333,,2286,,4352,,4065,,4449,,5393
173,"The_Burj_al_Arab_Hotel",,8,,8,,8,,8,,8,,84,,16,,2,,32,,44,,48,,52,,2667,,32,,4571,,5677,,6,,6424
174,"Elephanta_Caves",,8,,9,,9,,9333,,925,,92,,125,,25,,375,,4583,,5833,,7083,,2162,,3913,,5294,,6148,,7155,,8004
175,"Basilica_of_Santa_Croce",1,0,1,0,1,0,1,0,1,0,1,0,,16,,24,,44,,56,,6,,64,,2759,,3871,,6111,,7179,,75,,7805
176,"Aachen_Cathedral",1,0,,9,,95,,9667,,95,,94,,2,,28,,36,,44,,52,,6,,3333,,4271,,5221,,6047,,6721,,7325
177,"Monument_to_the_Great_Fire_of_London",,4,,3,,45,,5333,,575,,58,,08,,12,,28,,36,,44,,52,,1333,,1714,,3452,,4299,,4985,,5484
178,"Longmen_Grottoes",1,0,,8,,75,,6667,,7,,72,,2,,24,,44,,56,,64,,72,,3333,,3692,,5546,,6087,,6687,,72
179,"Louisiana_State_Capitol",,6,,5,,3,,3,,275,,28,,12,,2,,2,,28,,28,,32,,2,,2857,,24,,2897,,2775,,2987
180,"The_Great_Sphinx_at_Giza",1,0,,9,,95,,9333,,9,,9,,2,,28,,4,,56,,6,,64,,3333,,4271,,563,,7,,72,,7481
181,"Teatro_Real_Madrid",1,0,,8,,85,,8,,775,,76,,2174,,2609,,5652,,6957,,7391,,8261,,3571,,3934,,679,,7442,,7566,,7917
182,"Palacio_de_la_Magdalena",,6,,7,,65,,7667,,75,,78,,12,,28,,32,,4,,6,,64,,2,,4,,4289,,5257,,6667,,7031
183,"Sowjetisches_Ehrenmal",,6,,8,,75,,7333,,7,,72,,12,,28,,36,,56,,72,,8,,2,,4148,,4865,,6351,,7099,,7579
184,"Cathedral_of_Trier",1,0,1,0,1,0,,9333,,925,,92,,2,,36,,52,,68,,8,,84,,3333,,5294,,6842,,7868,,858,,8782
185,"Saint_Mary_of_the_Flower",,0,,2,,35,,4,,35,,34,,0,,08,,24,,32,,4,,44,,0,,1143,,2847,,3556,,3733,,3836
186,"Skellig_Michael",,6,,6,,7,,7667,,7,,68,,12,,2,,44,,52,,56,,6,,2,,3,,5404,,6197,,6222,,6375
187,"Chicago_Board_of_Trade_Building",,8,,8,,85,,7667,,7,,64,,1364,,2727,,5,,5,,5909,,5909,,233,,4068,,6296,,6053,,6408,,6145
188,"Pont_de_Normandie_France",1,0,,9,,9,,9333,,95,,96,,2105,,3158,,4737,,6316,,8421,,8947,,3478,,4675,,6207,,7534,,8928,,9262
189,"Palazzo_Rosso",,0,,1,,1,,1333,,125,,12,,0,,0417,,0833,,1667,,1667,,1667,,0,,0588,,0909,,1481,,1429,,1395
190,"Piazza_Vittorio_Veneto",,6,,7,,55,,4,,475,,44,,0625,,3125,,4375,,4375,,625,,6875,,1132,,4321,,4873,,4179,,5398,,5366
191,"Sforza_Castle",1,0,1,0,,95,,9667,,975,,98,,2,,36,,4,,52,,6,,64,,3333,,5294,,563,,6762,,7429,,7743
192,"Torres_KIO",,8,,9,,95,,9333,,95,,9,,16,,32,,48,,56,,6,,64,,2667,,4721,,6378,,7,,7355,,7481
193,"Torre_Picasso",1,0,1,0,,9,,8333,,825,,76,,1667,,25,,4167,,5,,5833,,625,,2857,,4,,5696,,625,,6834,,6859
194,"The_Palace_of_Parliament_in_Bucharest",,8,,9,,95,,9667,,975,,96,,12,,24,,36,,4,,6,,68,,2087,,3789,,5221,,5659,,7429,,7961
195,"Ernest_Hemingway_House",,8,,9,,85,,8,,8,,76,,16,,32,,36,,48,,56,,64,,2667,,4721,,5058,,6,,6588,,6949
196,"Castel_dellOvo_Napoli",1,0,,9,,85,,8667,,9,,9,,2,,32,,48,,56,,64,,72,,3333,,4721,,6135,,6804,,7481,,8
197,"Villa_Borghese_gardens",1,0,1,0,1,0,1,0,1,0,,98,,12,,2,,48,,76,,8,,92,,2143,,3333,,6486,,8636,,8889,,9491
198,"Saint_Marks_Basilica",1,0,1,0,1,0,1,0,1,0,1,0,,2,,32,,44,,44,,48,,52,,3333,,4848,,6111,,6111,,6486,,6842
199,"Mausoleum_of_the_First_Qin_Emperor",1,0,,9,,8,,8333,,825,,8,,16,,24,,36,,48,,56,,64,,2759,,3789,,4966,,6091,,6671,,7111
200,"Mausoleum_of_Hadrian",,8,,8,,7,,7,,6,,56,,1111,,2778,,4444,,4444,,5556,,6111,,1951,,4124,,5437,,5437,,5769,,5844
201,"Piazza_de_Ferrari",1,0,1,0,,95,,9667,,95,,92,,1579,,3158,,4211,,5263,,5263,,5263,,2727,,48,,5835,,6816,,6774,,6696
202,"George_Washington_Carver",,6,,5,,5,,5667,,575,,6,,125,,25,,4375,,4375,,5625,,625,,2069,,3333,,4667,,4938,,5687,,6122
203,"Cathedral_of_Santiago_de_Compostela",1,0,1,0,,95,,9,,9,,86,,1765,,3529,,5882,,7059,,7647,,7647,,3,,5217,,7266,,7912,,8269,,8096
204,"Saint-Jacques_Tower",1,0,1,0,,85,,7,,675,,7,,1538,,2308,,3077,,3846,,4615,,7692,,2667,,375,,4518,,4965,,5482,,733
205,"Calakmul_Campeche_Mexico",1,0,1,0,,9,,8667,,775,,8,,2143,,4286,,5714,,6429,,7143,,7143,,3529,,6,,699,,7382,,7434,,7547
206,"Bran_Castle_in_Transylvania",1,0,1,0,,9,,9,,875,,86,,1579,,3684,,4737,,5789,,6842,,7895,,2727,,5385,,6207,,7046,,7679,,8232
207,"Mosteiro_da_Batalha",1,0,1,0,1,0,1,0,1,0,1,0,,2632,,3684,,6316,,6842,,7368,,7368,,4167,,5385,,7742,,8125,,8485,,8485
208,"Wartburg_Castle",1,0,1,0,,95,,9667,,925,,94,,2,,4,,6,,65,,65,,75,,3333,,5714,,7355,,7773,,7635,,8343
209,"Fujian_Tulou_Fujian_China",1,0,1,0,,95,,9667,,975,,98,,2222,,3889,,5556,,5556,,6667,,7222,,3636,,56,,7011,,7056,,7919,,8316
210,"Alabama_State_Capitol",,6,,7,,65,,6667,,725,,76,,1429,,2857,,4762,,619,,7143,,7619,,2308,,4058,,5497,,642,,7196,,761
211,"Palazzo_dAccursio",,8,,8,,85,,8333,,775,,74,,1667,,2222,,3889,,4444,,5,,6111,,2759,,3478,,5336,,5797,,6078,,6694
212,"Casa_Grande_Ruins",1,0,,9,,9,,9,,875,,86,,2941,,2941,,2941,,4118,,5294,,5294,,4545,,4433,,4433,,565,,6597,,6554
213,"Stravinsky_Fountain",1,0,1,0,,9,,9,,9,,9,,2667,,2667,,3333,,4,,4667,,5333,,4211,,4211,,4865,,5538,,6146,,6698
214,"Angel_Falls_Venezuela",,8,,7,,6,,6,,625,,56,,2353,,3529,,4706,,5882,,7059,,7059,,3636,,4693,,5275,,5941,,663,,6245
215,"Statue_of_George_IV",,8,,8,,6,,4667,,475,,5,,5,,5,,5,,5,,625,,625,,6154,,6154,,5455,,4828,,5398,,5556
216,"Palacio_Barolo",,8,,8,,85,,8667,,9,,92,,1765,,2353,,4118,,5294,,5882,,7059,,2892,,3636,,5548,,6573,,7115,,7988
217,"Bridge_of_Remembrance_Christchurch_New_Zealand",1,0,1,0,,95,,8667,,825,,76,,1667,,5,,75,,8333,1,0,1,0,,2857,,6667,,8382,,8497,,9041,,8636
218,"John_A._Roebling_Suspension_Bridge",,6,,3,,35,,4333,,45,,48,,2,,2,,4667,,6,,7333,,7333,,3,,24,,4,,5032,,5577,,5802
219,"Blue_Dome_Santorini",1,0,1,0,,95,,9333,,925,,92,,3125,,5,,625,,625,,75,,75,,4762,,6667,,754,,7487,,8284,,8263
220,"Fossar_de_les_Moreres",,6,,6,,5,,4667,,45,,44,,2143,,2857,,4286,,5,,5714,,7143,,3158,,3871,,4615,,4828,,5035,,5446
221,"Luxor_Obelisk_France",,8,,7,,75,,7667,,775,,74,,1875,,1875,,3125,,375,,5,,5,,3038,,2958,,4412,,5036,,6078,,5968
222,"Valle_de_los_Caidos",1,0,1,0,,95,,9667,,95,,92,,15,,35,,45,,55,,6,,65,,2609,,5185,,6107,,7011,,7355,,7618
--------------------
"--","Avg.",P@5,P@10,P@20,P@30,P@40,P@50,CR@5,CR@10,CR@20,CR@30,CR@40,CR@50,F1@5,F1@10,F1@20,F1@30,F1@40,F1@50
,,,8162,,8005,,7867,,7751,,7689,,764,,1585,,2632,,4069,,4967,,5743,,6275,,2602,,3891,,5257,,5942,,6441,,6745