--------------------
"Run name","output_runTAMURASumSquaredError"
--------------------
"Average P@20 = ",,7968
"Average CR@20 = ",,3912
"Average F1@20 = ",,5132
--------------------
"Query Id ","Location name",P@5,P@10,P@20,P@30,P@40,P@50,CR@5,CR@10,CR@20,CR@30,CR@40,CR@50,F1@5,F1@10,F1@20,F1@30,F1@40,F1@50
1,"angel_of_the_north",1,0,1,0,1,0,1,0,1,0,1,0,,16,,28,,44,,52,,56,,68,,2759,,4375,,6111,,6842,,7179,,8095
2,"big_ben",1,0,,9,,9,,9333,,875,,9,,1818,,3636,,4545,,5,,5455,,5455,,3077,,518,,604,,6512,,672,,6792
3,"hearst_castle",1,0,1,0,,9,,9,,925,,94,,1667,,3333,,5417,,6667,,7083,,75,,2857,,5,,6763,,766,,8023,,8343
4,"la_madeleine",,4,,4,,45,,5333,,475,,48,,1429,,2143,,3571,,4286,,6429,,8571,,2105,,2791,,3982,,4752,,5463,,6154
5,"pont_alexandre_iii",1,0,1,0,1,0,1,0,1,0,,98,,16,,28,,36,,52,,6,,68,,2759,,4375,,5294,,6842,,75,,8029
6,"neues_museum",,0,,0,,2,,2,,25,,4,,0,,0,,16,,24,,28,,48,,0,,0,,1778,,2182,,2642,,4364
7,"montezuma_castle",1,0,,9,,65,,4333,,475,,56,,3333,,5,,5,,5,,5833,,75,,5,,6429,,5652,,4643,,5236,,6412
8,"cn_tower",,4,,5,,65,,7333,,725,,74,,0833,,1667,,2917,,5,,5417,,625,,1379,,25,,4027,,5946,,6201,,6777
9,"acropolis_athens",,6,,8,,9,,8667,,85,,88,,0952,,2857,,4286,,5714,,5714,,5714,,1644,,4211,,5806,,6887,,6834,,6929
10,"agra_fort",,8,,8,,85,,9,,85,,88,,12,,24,,44,,6,,64,,68,,2087,,3692,,5798,,72,,7302,,7672
11,"albert_memorial",,8,,8,,7,,7,,7,,72,,1364,,2273,,3182,,4091,,4091,,4545,,233,,354,,4375,,5164,,5164,,5573
12,"altes_museum",,6,,5,,55,,5333,,475,,48,,125,,2083,,4583,,5,,5,,5833,,2069,,2941,,5,,5161,,4872,,5266
13,"amiens_cathedral",1,0,1,0,,95,,9667,,975,,96,,12,,28,,48,,6,,72,,72,,2143,,4375,,6378,,7404,,8283,,8229
14,"angkor_wat",1,0,,9,,8,,7333,,7,,74,,16,,24,,48,,52,,56,,56,,2759,,3789,,6,,6085,,6222,,6375
15,"ara_pacis",,8,,6,,7,,6333,,65,,68,,1818,,2727,,5,,5455,,6364,,7273,,2963,,375,,5833,,5861,,6431,,7028
16,"arc_de_triomphe",1,0,1,0,,85,,8667,,775,,78,,1667,,25,,2917,,4583,,5417,,6667,,2857,,4,,4343,,5996,,6377,,7189
17,"aztec_ruins",,2,,3,,3,,2667,,275,,26,,04,,12,,2,,24,,28,,32,,0667,,1714,,24,,2526,,2775,,2869
18,"berlin_cathedral",,8,,9,,95,,9667,,975,,98,,12,,24,,32,,44,,6,,64,,2087,,3789,,4787,,6047,,7429,,7743
19,"bok_tower_gardens",1,0,1,0,,95,,8,,825,,86,,16,,32,,56,,6,,64,,72,,2759,,4848,,7046,,6857,,7208,,7838
20,"brandenburg_gate",1,0,1,0,1,0,1,0,1,0,,98,,16,,28,,44,,48,,52,,52,,2759,,4375,,6111,,6486,,6842,,6795
21,"cabrillo",,2,,3,,2,,1333,,1,,14,,0769,,2308,,3077,,3077,,3077,,4615,,1111,,2609,,2424,,186,,1509,,2148
22,"casa_batllo",1,0,1,0,1,0,1,0,1,0,1,0,,16,,2,,4,,48,,64,,72,,2759,,3333,,5714,,6486,,7805,,8372
23,"casa_rosada",,8,,9,,85,,9,,925,,94,,16,,28,,44,,48,,6,,64,,2667,,4271,,5798,,6261,,7279,,7615
24,"castillo_de_san_marcos",,8,,7,,5,,5333,,575,,6,,16,,24,,24,,36,,44,,56,,2667,,3574,,3243,,4299,,4985,,5793
25,"chartres_cathedral",1,0,1,0,1,0,1,0,,975,,94,,2,,24,,36,,68,,68,,76,,3333,,3871,,5294,,8095,,8012,,8405
26,"chichen_itza",1,0,1,0,,85,,8,,8,,82,,12,,16,,32,,48,,48,,56,,2143,,2759,,465,,6,,6,,6655
27,"christ_the_redeemer_rio",,2,,5,,7,,5333,,525,,52,,0435,,1739,,2609,,2609,,3913,,5217,,0714,,2581,,3801,,3504,,4484,,5209
28,"civic_center_san_francisco",,6,,8,,8,,8,,85,,82,,12,,24,,44,,6,,6,,64,,2,,3692,,5677,,6857,,7034,,7189
29,"cologne_cathedral",1,0,1,0,1,0,,9667,,975,,96,,16,,36,,48,,56,,6,,6,,2759,,5294,,6486,,7092,,7429,,7385
30,"colosseum",1,0,1,0,1,0,1,0,,975,,98,,16,,32,,44,,56,,6,,6,,2759,,4848,,6111,,7179,,7429,,7443
31,"doge_s_palace",1,0,,9,,85,,7667,,75,,78,,2,,28,,36,,4,,48,,48,,3333,,4271,,5058,,5257,,5854,,5943
32,"eiffel_tower",1,0,1,0,1,0,1,0,1,0,1,0,,16,,2,,32,,36,,48,,52,,2759,,3333,,4848,,5294,,6486,,6842
33,"golden_gate_bridge",1,0,1,0,,9,,9,,85,,86,,1739,,3043,,4783,,4783,,4783,,5652,,2963,,4667,,6246,,6246,,6121,,6821
34,"grand_palais",,8,,9,,85,,9,,9,,92,,1818,,2727,,4545,,5455,,5455,,5455,,2963,,4186,,5923,,6792,,6792,,6849
35,"guggenheim_museum_bilbao",1,0,1,0,1,0,1,0,1,0,1,0,,16,,32,,44,,52,,6,,6,,2759,,4848,,6111,,6842,,75,,75
36,"hagia_sophia_istanbul",1,0,1,0,1,0,1,0,1,0,,94,,16,,28,,48,,52,,6,,6,,2759,,4375,,6486,,6842,,75,,7325
37,"hoover_dam",,8,,9,,9,,9333,,925,,92,,16,,24,,36,,48,,52,,56,,2667,,3789,,5143,,634,,6657,,6962
38,"humayun_tomb",,6,,8,,8,,7,,7,,72,,12,,2,,4,,52,,6,,64,,2,,32,,5333,,5967,,6462,,6776
39,"iguazu_falls",,6,,8,,75,,8,,8,,82,,08,,2,,32,,52,,6,,6,,1412,,32,,4486,,6303,,6857,,693
40,"iolani_palace",1,0,1,0,1,0,,9667,,725,,68,,12,,24,,36,,56,,56,,64,,2143,,3871,,5294,,7092,,6319,,6594
41,"la_mezquita",,6,,8,,8,,7667,,7,,66,,0833,,25,,4167,,5,,5417,,5833,,1463,,381,,5479,,6053,,6107,,6193
42,"la_rambla_barcelona",,8,,9,,9,,9333,,9,,92,,12,,2,,32,,48,,56,,56,,2087,,3273,,4721,,634,,6904,,6962
43,"la_sainte_chapelle",1,0,,9,,95,,9333,,95,,96,,2,,32,,4,,6,,64,,64,,3333,,4721,,563,,7304,,7648,,768
44,"liberty_memorial",,6,,8,,4,,6,,7,,72,,04,,16,,16,,28,,48,,56,,075,,2667,,2286,,3818,,5695,,63
45,"lincoln_home",,8,,9,,9,,9333,,95,,92,,2222,,4444,,6667,,7778,,7778,,8333,,3478,,595,,766,,8485,,8553,,8745
46,"machu_picchu",,6,,7,,65,,7333,,7,,68,,12,,24,,44,,6,,6,,6,,2,,3574,,5248,,66,,6462,,6375
47,"marble_arch_london",,6,,8,,65,,6333,,475,,4,,25,,4167,,5833,,75,,75,,75,,3529,,5479,,6149,,6867,,5816,,5217
48,"milan_cathedral",1,0,1,0,,95,,8333,,85,,88,,16,,28,,36,,52,,64,,68,,2759,,4375,,5221,,6404,,7302,,7672
49,"mole_antonelliana",1,0,1,0,,85,,8,,75,,7,,16,,2,,2,,32,,4,,48,,2759,,3333,,3238,,4571,,5217,,5695
50,"mont_saint_michel",1,0,1,0,1,0,1,0,1,0,,98,,16,,28,,36,,52,,6,,6,,2759,,4375,,5294,,6842,,75,,7443
51,"moulin_rouge",,0,,1,,15,,1333,,125,,1,,0,,125,,375,,375,,375,,375,,0,,1111,,2143,,1967,,1875,,1579
52,"nelson_s_column",1,0,,9,,95,,9667,,975,,98,,1667,,1667,,3333,,5,,5417,,5833,,2857,,2812,,4935,,6591,,6964,,7313
53,"notre_dame_de_paris",,8,,8,,85,,9,,925,,92,,16,,24,,36,,52,,68,,68,,2667,,3692,,5058,,6592,,7838,,782
54,"obelisco",,2,,2,,1,,1,,075,,08,,0909,,0909,,0909,,1818,,1818,,1818,,125,,125,,0952,,129,,1062,,1111
55,"piccadilly_circus",,8,,9,,8,,7333,,75,,76,,1304,,2174,,3478,,4348,,5217,,6087,,2243,,3502,,4848,,5459,,6154,,676
56,"place_de_la_concorde",1,0,1,0,1,0,1,0,1,0,,98,,12,,2,,44,,48,,56,,64,,2143,,3333,,6111,,6486,,7179,,7743
57,"place_de_la_republique",,2,,4,,3,,3333,,25,,2,,125,,375,,5,,75,,75,,75,,1538,,3871,,375,,4615,,375,,3158
58,"place_des_vosges",1,0,1,0,,95,,9,,9,,9,,12,,24,,4,,48,,6,,68,,2143,,3871,,563,,6261,,72,,7747
59,"pont_du_gard",,8,,9,,8,,8333,,85,,78,,12,,28,,4,,52,,56,,6,,2087,,4271,,5333,,6404,,6752,,6783
60,"pont_neuf",1,0,1,0,,9,,8,,775,,74,,12,,28,,4,,48,,6,,64,,2143,,4375,,5538,,6,,6764,,6864
61,"ponte_vecchio",1,0,1,0,,95,,9,,925,,86,,125,,1667,,3333,,4583,,5417,,5833,,2222,,2857,,4935,,6074,,6832,,6952
62,"puerta_de_alcala",,6,,4,,35,,5,,55,,6,,1579,,2105,,3158,,3158,,4737,,6316,,25,,2759,,332,,3871,,509,,6154
63,"puerta_del_sol",,6,,7,,6,,6333,,475,,4,,1,,2,,3,,4,,4,,4,,1714,,3111,,4,,4903,,4343,,4
64,"red_fort",1,0,1,0,1,0,1,0,1,0,1,0,,16,,32,,52,,64,,68,,76,,2759,,4848,,6842,,7805,,8095,,8636
65,"reims_cathedral",1,0,1,0,1,0,1,0,1,0,1,0,,16,,28,,36,,48,,52,,56,,2759,,4375,,5294,,6486,,6842,,7179
66,"rialto_bridge",,8,,8,,8,,7667,,75,,7,,1875,,25,,375,,5,,6875,,6875,,3038,,381,,5106,,6053,,7174,,6937
67,"roman_forum_rome",,6,,8,,7,,7,,725,,72,,12,,16,,28,,44,,6,,6,,2,,2667,,4,,5404,,6566,,6545
68,"sacre_coeur",,8,,6,,6,,5333,,6,,62,,125,,2083,,2917,,3333,,4583,,4583,,2162,,3093,,3925,,4103,,5197,,527
69,"sagrada_familia",1,0,,9,,9,,9333,,925,,94,,16,,24,,36,,52,,52,,6,,2759,,3789,,5143,,6679,,6657,,7325
70,"santa_maria_novella",,0,,3,,5,,5667,,575,,62,,0,,08,,28,,4,,44,,48,,0,,1263,,359,,469,,4985,,5411
71,"schonbrunn_palace",1,0,1,0,,95,,9667,,975,,98,,2,,32,,48,,48,,56,,56,,3333,,4848,,6378,,6415,,7114,,7127
72,"seville_cathedral",,8,,7,,8,,8667,,875,,9,,12,,24,,36,,48,,56,,64,,2087,,3574,,4966,,6178,,6829,,7481
73,"spanish_steps",1,0,,9,,9,,8333,,7,,68,,1364,,2273,,3636,,5909,,5909,,6364,,24,,3629,,518,,6915,,6408,,6575
74,"st__basil_cathedral",1,0,1,0,1,0,,9333,,85,,86,,16,,32,,52,,52,,52,,52,,2759,,4848,,6842,,6679,,6453,,6481
75,"statue_of_liberty",1,0,,9,,9,,9,,8,,8,,12,,2,,32,,44,,48,,56,,2143,,3273,,4721,,591,,6,,6588
76,"stonehenge",,8,,8,,6,,7,,6,,52,,1053,,2632,,3684,,5263,,5263,,5789,,186,,396,,4565,,6009,,5607,,5479
77,"summer_palace_beijing",1,0,1,0,,95,,9667,,975,,96,,08,,24,,36,,52,,6,,6,,1481,,3871,,5221,,6762,,7429,,7385
78,"sydney_opera_house",1,0,1,0,,95,,9667,,975,,9,,12,,2,,36,,44,,48,,56,,2143,,3333,,5221,,6047,,6433,,6904
79,"teotihuacan",,8,,7,,65,,5667,,6,,6,,16,,24,,4,,44,,52,,64,,2667,,3574,,4952,,4954,,5571,,6194
80,"terracotta_army",,6,,5,,45,,4,,4,,38,,15,,2,,35,,45,,5,,5,,24,,2857,,3937,,4235,,4444,,4318
81,"the_blue_mosque",,6,,8,,85,,9,,9,,9,,12,,28,,4,,48,,56,,6,,2,,4148,,544,,6261,,6904,,72
82,"the_henry_ford",,8,,8,,75,,7,,7,,68,,12,,24,,4,,48,,56,,56,,2087,,3692,,5217,,5695,,6222,,6142
83,"taj_mahal",,8,,9,,9,,9,,925,,9,,12,,28,,4,,44,,56,,68,,2087,,4271,,5538,,591,,6976,,7747
84,"tour_montparnasse",,6,,6,,65,,6333,,6,,48,,1,,15,,3,,45,,55,,55,,1714,,24,,4105,,5262,,5739,,5126
85,"tower_bridge_london",,6,,6,,65,,7,,675,,62,,12,,16,,28,,44,,52,,52,,2,,2526,,3914,,5404,,5874,,5656
86,"trafalgar_square",,6,,5,,4,,4333,,45,,44,,1364,,1818,,2273,,3182,,4545,,5,,2222,,2667,,2899,,3669,,4523,,4681
87,"leaning_tower_of_pisa",,4,,4,,45,,5333,,475,,46,,08,,08,,24,,36,,4,,44,,1333,,1333,,313,,4299,,4343,,4498
88,"hermitage_museum_saint_petersburg",1,0,1,0,,9,,9,,85,,82,,2,,32,,4,,48,,52,,6,,3333,,4848,,5538,,6261,,6453,,693
89,"jantar_mantar_jaipur",,8,,8,,75,,8333,,875,,88,,12,,28,,48,,56,,64,,76,,2087,,4148,,5854,,6699,,7393,,8156
90,"lake_titicaca_peru",,4,,5,,45,,4333,,475,,48,,0417,,1667,,3333,,4167,,4583,,5417,,0755,,25,,383,,4248,,4665,,509
91,"the_great_wall_of_china",1,0,,9,,95,,9333,,9,,88,,16,,24,,4,,52,,56,,6,,2759,,3789,,563,,6679,,6904,,7135
92,"grande_arche_paris",,4,,6,,65,,6333,,6,,68,,08,,16,,24,,32,,32,,4,,1333,,2526,,3506,,4252,,4174,,5037
93,"el_angel_mexico",1,0,1,0,,9,,7,,65,,62,,1429,,2381,,4762,,5714,,619,,6667,,25,,3846,,6228,,6292,,6341,,6425
94,"bibliotheque_nationale_de_france",,6,,6,,75,,6667,,675,,7,,08,,12,,32,,36,,44,,48,,1412,,2,,4486,,4675,,5327,,5695
95,"kronborg_castle",1,0,,7,,6,,6667,,65,,64,,2083,,2917,,4167,,5,,5417,,5833,,3448,,4118,,4918,,5714,,5909,,6104
96,"ajanta_caves",,6,,8,,85,,9,,925,,92,,1364,,2727,,4091,,5909,,6364,,6364,,2222,,4068,,5523,,7134,,754,,7523
97,"atomium",,8,,9,,95,,9667,,975,,96,,1429,,2857,,4286,,4286,,4286,,4286,,2424,,4337,,5907,,5939,,5954,,5926
98,"ellora_caves",1,0,1,0,1,0,1,0,,95,,94,,1818,,2727,,4091,,4091,,5455,,5909,,3077,,4286,,5806,,5806,,693,,7257
99,"potala_palace",1,0,,9,,8,,8667,,875,,88,,1667,,2222,,3889,,4444,,5,,5556,,2857,,3564,,5234,,5876,,6364,,6811
100,"jokhang",1,0,,7,,8,,8333,,825,,84,,16,,2,,36,,52,,56,,68,,2759,,3111,,4966,,6404,,6671,,7516
101,"rila_monastery",,6,,7,,85,,9,,925,,9,,12,,24,,36,,4,,44,,48,,2,,3574,,5058,,5538,,5963,,6261
102,"louvre_pyramid",,8,,9,,95,,9333,,925,,94,,1111,,2778,,5,,5,,5,,6111,,1951,,4245,,6552,,6512,,6491,,7407
103,"brooklyn_bridge",,8,,8,,85,,8667,,85,,86,,0952,,2857,,2857,,4286,,4762,,5238,,1702,,4211,,4277,,5735,,6104,,6511
104,"tower_of_london",,6,,7,,8,,7667,,775,,76,,087,,1304,,3478,,3913,,4348,,5217,,1519,,2199,,4848,,5181,,5571,,6187
105,"british_museum_london",1,0,1,0,,95,,9667,,975,,94,,1,,15,,35,,4,,5,,55,,1818,,2609,,5115,,5659,,661,,694
106,"buckingham_palace",,2,,5,,45,,4667,,45,,44,,05,,15,,2,,35,,35,,35,,08,,2308,,2769,,4,,3937,,3899
107,"charles_bridge_prague",1,0,,9,,75,,7333,,675,,6,,1667,,25,,2917,,3333,,375,,375,,2857,,3913,,42,,4583,,4821,,4615
108,"champs_elysees_paris",,4,,5,,55,,5667,,625,,66,,1333,,2667,,3333,,4,,5333,,5333,,2,,3478,,4151,,469,,5755,,5899
109,"chrysler_building",1,0,1,0,1,0,1,0,1,0,1,0,,2143,,3571,,5714,,7857,,7857,,9286,,3529,,5263,,7273,,88,,88,,963
110,"moma_new_york",,6,,7,,85,,9,,9,,9,,1579,,3158,,4211,,4211,,4737,,5789,,25,,4352,,5631,,5737,,6207,,7046
111,"grand_central_terminal",1,0,1,0,1,0,1,0,1,0,,96,,1429,,2381,,2857,,4286,,4286,,5238,,25,,3846,,4444,,6,,6,,6778
112,"houses_of_parliament",1,0,1,0,1,0,1,0,1,0,1,0,,1739,,3043,,3043,,3913,,3913,,4348,,2963,,4667,,4667,,5625,,5625,,6061
113,"alexanderplatz_berlin",,4,,2,,25,,5,,6,,6,,08,,08,,16,,32,,4,,44,,1333,,1143,,1951,,3902,,48,,5077
114,"centre_pompidou",,6,,7,,65,,7,,675,,62,,1667,,2778,,3889,,5,,5,,5,,2609,,3977,,4866,,5833,,5745,,5536
115,"sydney_harbour_bridge",1,0,1,0,1,0,1,0,1,0,1,0,,3125,,3125,,5625,,5625,,5625,,5625,,4762,,4762,,72,,72,,72,,72
116,"pier_39",1,0,1,0,1,0,1,0,,975,,9,,1429,,2381,,5238,,6667,,6667,,6667,,25,,3846,,6875,,8,,7919,,766
117,"coit_tower",,6,,7,,6,,5333,,525,,58,,2,,2,,3333,,3333,,4667,,4667,,3,,3111,,4286,,4103,,4941,,5172
118,"st_paul_s_cathedral_london",1,0,1,0,,9,,8667,,875,,86,,2353,,4706,,5882,,5882,,7059,,8235,,381,,64,,7115,,7008,,7814,,8414
119,"cloud_gate",,8,,9,,75,,7333,,575,,58,,1667,,3333,,3333,,4167,,4167,,5,,2759,,4865,,4615,,5314,,4832,,537
120,"musee_d_orsay",1,0,,9,,95,,9,,9,,92,,0952,,1905,,4286,,4762,,5714,,6667,,1739,,3144,,5907,,6228,,699,,7731
121,"pike_place_market",1,0,1,0,,9,,8667,,9,,82,,1905,,3333,,4762,,4762,,5238,,5238,,32,,5,,6228,,6147,,6622,,6393
122,"royal_palace_madrid",,8,,7,,8,,8333,,8,,78,,1364,,1818,,4091,,5455,,5455,,5455,,233,,2887,,5414,,6593,,6486,,642
123,"sony_center_berlin",,8,,9,,9,,9,,925,,94,,1905,,2857,,2857,,3333,,4762,,5238,,3077,,4337,,4337,,4865,,6287,,6727
124,"red_square_moscow",,8,,6,,65,,7,,675,,7,,1429,,1905,,3333,,381,,5238,,619,,2424,,2892,,4407,,4934,,5899,,657
125,"prague_castle",1,0,1,0,,95,,9333,,9,,84,,12,,24,,36,,56,,64,,64,,2143,,3871,,5221,,7,,7481,,7265
126,"musee_du_louvre",1,0,1,0,1,0,1,0,1,0,,98,,16,,32,,52,,64,,64,,68,,2759,,4848,,6842,,7805,,7805,,8029
127,"millennium_bridge_london",,6,,7,,75,,8,,8,,82,,12,,24,,36,,44,,48,,52,,2,,3574,,4865,,5677,,6,,6364
128,"casa_mila",1,0,,9,,9,,9,,9,,9,,2,,28,,36,,52,,6,,68,,3333,,4271,,5143,,6592,,72,,7747
129,"national_gallery_london",,8,,9,,65,,7333,,7,,68,,1818,,2727,,4091,,5,,5,,6364,,2963,,4186,,5021,,5946,,5833,,6575
130,"national_mall",1,0,1,0,1,0,,9667,,95,,92,,2,,36,,6,,68,,68,,68,,3333,,5294,,75,,7984,,7926,,782
131,"london_city_hall",1,0,1,0,,95,,9667,,95,,92,,2,,3,,45,,5,,55,,6,,3333,,4615,,6107,,6591,,6967,,7263
132,"holocaust_memorial",,8,,8,,8,,7667,,675,,7,,1875,,25,,375,,5625,,5625,,625,,3038,,381,,5106,,6489,,6136,,6604
133,"columbus_circle",,4,,4,,7,,6667,,675,,6,,08,,12,,4,,52,,68,,68,,1333,,1846,,5091,,5843,,6775,,6375
134,"siegessaeule",,8,,8,,75,,7,,675,,68,,12,,2,,4,,52,,6,,72,,2087,,32,,5217,,5967,,6353,,6994
135,"jardin_du_luxembourg",1,0,1,0,1,0,1,0,1,0,1,0,,16,,28,,44,,72,,8,,8,,2759,,4375,,6111,,8372,,8889,,8889
136,"merlion_singapore",,2,,1,,1,,1667,,175,,18,,0455,,0455,,0909,,2273,,2727,,3636,,0741,,0625,,0952,,1923,,2132,,2408
137,"harrods_london",,8,,9,,95,,9333,,775,,78,,12,,24,,36,,56,,6,,64,,2087,,3789,,5221,,7,,6764,,7031
138,"metropolitan_museum_of_art_new_york",1,0,1,0,,95,,9667,,95,,94,,16,,36,,44,,48,,56,,6,,2759,,5294,,6014,,6415,,7046,,7325
139,"new_york_stock_exchange",1,0,,8,,85,,9,,775,,66,,25,,3,,4,,4,,45,,5,,4,,4364,,544,,5538,,5694,,569
140,"stephansdom_vienna",1,0,1,0,1,0,1,0,1,0,1,0,,12,,28,,52,,56,,6,,68,,2143,,4375,,6842,,7179,,75,,8095
141,"hms_belfast",1,0,1,0,1,0,,9667,,95,,96,,16,,28,,4,,44,,52,,56,,2759,,4375,,5714,,6047,,6721,,7074
142,"leicester_square",1,0,,8,,75,,7667,,775,,8,,16,,28,,36,,48,,48,,48,,2759,,4148,,4865,,5904,,5928,,6
143,"ciudad_de_las_artes_y_las_ciencias",1,0,1,0,,95,,9333,,925,,92,,2,,32,,44,,52,,56,,6,,3333,,4848,,6014,,6679,,6976,,7263
144,"topkapi_palace",1,0,1,0,1,0,1,0,,975,,96,,2,,32,,44,,52,,56,,64,,3333,,4848,,6111,,6842,,7114,,768
145,"royal_albert_hall",1,0,,9,,9,,7,,775,,76,,2,,24,,36,,4,,44,,48,,3333,,3789,,5143,,5091,,5613,,5884
146,"st_vitus_cathedral",1,0,1,0,1,0,,9667,,95,,96,,2,,32,,4,,48,,56,,6,,3333,,4848,,5714,,6415,,7046,,7385
147,"castello_sforzesco",1,0,1,0,,9,,9,,875,,9,,2,,4,,4,,44,,52,,52,,3333,,5714,,5538,,591,,6523,,6592
148,"rijksmuseum_amsterdam",1,0,1,0,1,0,1,0,1,0,1,0,,12,,24,,32,,52,,6,,6,,2143,,3871,,4848,,6842,,75,,75
149,"dam_square",,8,,8,,85,,7667,,775,,7,,12,,2,,32,,36,,4,,44,,2087,,32,,465,,4899,,5277,,5404
150,"rathaus_vienna",1,0,1,0,,85,,8667,,85,,7,,16,,24,,24,,24,,32,,36,,2759,,3871,,3743,,3759,,465,,4755
151,"bath_abbey",1,0,1,0,1,0,,9667,,975,,98,,2,,36,,36,,52,,56,,64,,3333,,5294,,5294,,6762,,7114,,7743
152,"salisbury_cathedral",1,0,1,0,1,0,1,0,1,0,1,0,,12,,2,,32,,32,,48,,52,,2143,,3333,,4848,,4848,,6486,,6842
153,"templo_de_debod",,4,,3,,35,,4,,45,,46,,0909,,1364,,2273,,2273,,2727,,3182,,1481,,1875,,2756,,2899,,3396,,3762
154,"Niagara_Falls",,4,,7,,7,,6333,,575,,56,,0455,,1818,,3182,,3636,,4545,,4545,,0816,,2887,,4375,,462,,5077,,5018
155,"Golden_Gate_Bridge_in_San_Francisco",,8,,9,,95,,9333,,925,,94,,0909,,1364,,3182,,4545,,6364,,6364,,1633,,2368,,4767,,6114,,754,,7589
156,"Neuschwanstein_Castle",1,0,1,0,1,0,1,0,,975,,98,,12,,28,,44,,64,,68,,68,,2143,,4375,,6111,,7805,,8012,,8029
157,"Christ_Church_Cathedral_Missouri",1,0,1,0,1,0,1,0,1,0,1,0,,2,,28,,36,,52,,52,,6,,3333,,4375,,5294,,6842,,6842,,75
158,"Mount_Rushmore_in_South_Dakota",1,0,,9,,95,,9333,,95,,96,,16,,24,,4,,44,,56,,64,,2759,,3789,,563,,5981,,7046,,768
159,"Puerta_de_Toledo",,0,,2,,1,,0667,,075,,06,,0,1,0,1,0,1,0,1,0,1,0,,0,,3333,,1818,,125,,1395,,1132
160,"Urquhart_Castle",1,0,1,0,,85,,8333,,825,,82,,125,,2083,,4167,,5,,625,,6667,,2222,,3448,,5592,,625,,7112,,7354
161,"Gare_du_Nord_Paris",,8,,7,,8,,7667,,825,,86,,12,,2,,24,,32,,32,,32,,2087,,3111,,3692,,4515,,4611,,4664
162,"Newgrange_in_Ireland",,8,,7,,7,,7333,,725,,66,,125,,2083,,375,,4167,,5,,5417,,2162,,3211,,4884,,5314,,5918,,595
163,"Windmills_at_Kinderdijk",1,0,,9,,95,,8667,,825,,84,,12,,28,,44,,48,,52,,56,,2143,,4271,,6014,,6178,,6379,,672
164,"Conciergerie",1,0,1,0,1,0,1,0,,975,,98,,16,,24,,4,,56,,68,,72,,2759,,3871,,5714,,7179,,8012,,8301
165,"Palazzo_Madama",1,0,,9,,9,,8667,,825,,74,,1818,,3182,,5,,5909,,6818,,6818,,3077,,4701,,6429,,7027,,7466,,7097
166,"Split_Rock_Lighthouse",1,0,1,0,,95,,9333,,9,,88,,16,,24,,32,,32,,36,,4,,2759,,3871,,4787,,4766,,5143,,55
167,"The_Little_Mermaid_Denmark",1,0,,9,,9,,9,,9,,92,,2857,,4286,,6429,,7143,,9286,,9286,,4444,,5806,,75,,7965,,9141,,9243
168,"Great_Pyramid_of_Giza",,6,,7,,7,,6,,625,,66,,2,,4,,4667,,5333,,6667,,7333,,3,,5091,,56,,5647,,6452,,6947
169,"Pitti_Palace",,8,,9,,9,,8667,,85,,84,,1364,,3182,,4545,,5,,5455,,5455,,233,,4701,,604,,6341,,6645,,6614
170,"Georgia_State_Capitol",1,0,,7,,6,,5333,,4,,38,,2105,,2632,,2632,,2632,,2632,,2632,,3478,,3825,,3659,,3524,,3175,,311
171,"Dome_des_Invalides",1,0,1,0,1,0,,9667,,975,,98,,12,,24,,36,,4,,44,,44,,2143,,3871,,5294,,5659,,6064,,6073
172,"Reggia_di_Caserta",,6,,7,,45,,4667,,525,,52,,12,,24,,32,,4,,44,,52,,2,,3574,,374,,4308,,4788,,52
173,"The_Burj_al_Arab_Hotel",,8,,8,,8,,8,,8,,82,,12,,2,,36,,4,,4,,48,,2087,,32,,4966,,5333,,5333,,6055
174,"Elephanta_Caves",1,0,1,0,1,0,1,0,,975,,98,,1667,,25,,4167,,4583,,625,,7083,,2857,,4,,5882,,6286,,7617,,8223
175,"Basilica_of_Santa_Croce",1,0,1,0,1,0,1,0,1,0,1,0,,16,,24,,4,,48,,56,,64,,2759,,3871,,5714,,6486,,7179,,7805
176,"Aachen_Cathedral",1,0,1,0,,95,,8667,,9,,92,,2,,24,,4,,48,,56,,56,,3333,,3871,,563,,6178,,6904,,6962
177,"Monument_to_the_Great_Fire_of_London",,8,,5,,5,,5333,,5,,48,,12,,16,,28,,4,,48,,52,,2087,,2424,,359,,4571,,4898,,4992
178,"Longmen_Grottoes",,8,,6,,45,,5,,525,,52,,16,,24,,32,,48,,6,,64,,2667,,3429,,374,,4898,,56,,5738
179,"Louisiana_State_Capitol",,2,,2,,25,,1667,,25,,22,,04,,08,,16,,16,,28,,28,,0667,,1143,,1951,,1633,,2642,,2464
180,"The_Great_Sphinx_at_Giza",1,0,1,0,1,0,,9,,875,,88,,2,,28,,4,,52,,6,,64,,3333,,4375,,5714,,6592,,7119,,7411
181,"Teatro_Real_Madrid",,8,,9,,95,,7333,,725,,68,,1739,,3478,,6087,,6522,,7391,,7826,,2857,,5017,,742,,6904,,732,,7277
182,"Palacio_de_la_Magdalena",,6,,6,,7,,7667,,825,,82,,08,,16,,44,,52,,64,,68,,1412,,2526,,5404,,6197,,7208,,7435
183,"Sowjetisches_Ehrenmal",,6,,5,,55,,6667,,65,,72,,12,,2,,28,,44,,52,,68,,2,,2857,,3711,,5301,,5778,,6994
184,"Cathedral_of_Trier",1,0,1,0,1,0,,9667,,925,,92,,16,,32,,48,,52,,68,,76,,2759,,4848,,6486,,6762,,7838,,8324
185,"Saint_Mary_of_the_Flower",,2,,2,,1,,1333,,125,,1,,04,,08,,08,,12,,16,,16,,0667,,1143,,0889,,1263,,1404,,1231
186,"Skellig_Michael",,6,,6,,65,,7333,,675,,66,,12,,2,,4,,52,,6,,6,,2,,3,,4952,,6085,,6353,,6286
187,"Chicago_Board_of_Trade_Building",1,0,1,0,1,0,1,0,,95,,88,,1818,,3182,,4545,,5909,,6364,,7273,,3077,,4828,,625,,7429,,7622,,7964
188,"Pont_de_Normandie_France",1,0,1,0,1,0,1,0,,975,,98,,2632,,4211,,5789,,7895,,8421,,8421,,4167,,5926,,7333,,8824,,9037,,9058
189,"Palazzo_Rosso",,0,,0,,0,,0333,,075,,08,,0,,0,,0,,0417,,0833,,125,,0,,0,,0,,037,,0789,,0976
190,"Piazza_Vittorio_Veneto",1,0,,8,,75,,5333,,425,,38,,1875,,3125,,5,,5,,5,,5625,,3158,,4494,,6,,5161,,4595,,4536
191,"Sforza_Castle",1,0,1,0,,9,,9333,,95,,96,,16,,28,,44,,56,,68,,72,,2759,,4375,,591,,7,,7926,,8229
192,"Torres_KIO",1,0,1,0,,9,,9333,,925,,94,,16,,28,,4,,44,,52,,56,,2759,,4375,,5538,,5981,,6657,,7019
193,"Torre_Picasso",1,0,1,0,,85,,9,,825,,66,,2083,,3333,,4583,,5833,,6667,,6667,,3448,,5,,5955,,7079,,7374,,6633
194,"The_Palace_of_Parliament_in_Bucharest",,8,,9,,95,,9667,,975,,96,,08,,12,,32,,44,,56,,68,,1455,,2118,,4787,,6047,,7114,,7961
195,"Ernest_Hemingway_House",1,0,,8,,8,,8,,775,,76,,12,,2,,44,,56,,6,,64,,2143,,32,,5677,,6588,,6764,,6949
196,"Castel_dellOvo_Napoli",,8,,9,,9,,9333,,9,,92,,12,,28,,48,,6,,76,,76,,2087,,4271,,6261,,7304,,8241,,8324
197,"Villa_Borghese_gardens",1,0,1,0,1,0,1,0,1,0,1,0,,16,,32,,64,,72,,76,,84,,2759,,4848,,7805,,8372,,8636,,913
198,"Saint_Marks_Basilica",1,0,1,0,1,0,1,0,1,0,1,0,,16,,24,,4,,4,,4,,4,,2759,,3871,,5714,,5714,,5714,,5714
199,"Mausoleum_of_the_First_Qin_Emperor",,8,,8,,8,,8,,8,,8,,16,,28,,4,,48,,52,,52,,2667,,4148,,5333,,6,,6303,,6303
200,"Mausoleum_of_Hadrian",1,0,1,0,,85,,9,,875,,9,,1111,,2222,,4444,,5,,5,,6111,,2,,3636,,5837,,6429,,6364,,7279
201,"Piazza_de_Ferrari",1,0,,9,,95,,9333,,925,,94,,2105,,2632,,4211,,4737,,5263,,5263,,3478,,4072,,5835,,6284,,6709,,6748
202,"George_Washington_Carver",1,0,,8,,6,,6667,,7,,7,,25,,3125,,375,,5,,5625,,625,,4,,4494,,4615,,5714,,6238,,6604
203,"Cathedral_of_Santiago_de_Compostela",1,0,1,0,,9,,9,,825,,84,,2353,,2353,,4706,,5882,,7059,,7647,,381,,381,,618,,7115,,7608,,8006
204,"Saint-Jacques_Tower",,6,,8,,85,,8,,825,,74,,2308,,3077,,3077,,3077,,3846,,4615,,3333,,4444,,4518,,4444,,5246,,5685
205,"Calakmul_Campeche_Mexico",1,0,1,0,,9,,9,,9,,88,,2143,,2857,,3571,,5,,6429,,7143,,3529,,4444,,5114,,6429,,75,,7885
206,"Bran_Castle_in_Transylvania",1,0,,9,,85,,9,,875,,9,,1579,,2632,,4211,,5789,,6842,,6842,,2727,,4072,,5631,,7046,,7679,,7774
207,"Mosteiro_da_Batalha",1,0,1,0,1,0,1,0,1,0,1,0,,2105,,3684,,5789,,6316,,6842,,7368,,3478,,5385,,7333,,7742,,8125,,8485
208,"Wartburg_Castle",1,0,1,0,,9,,9333,,925,,92,,2,,3,,5,,7,,7,,75,,3333,,4615,,6429,,8,,7969,,8263
209,"Fujian_Tulou_Fujian_China",1,0,1,0,1,0,1,0,1,0,,98,,1667,,3333,,4444,,5,,6111,,7222,,2857,,5,,6154,,6667,,7586,,8316
210,"Alabama_State_Capitol",,8,,6,,75,,7333,,775,,76,,1905,,1905,,4762,,7143,,8095,,8095,,3077,,2892,,5825,,7237,,7919,,784
211,"Palazzo_dAccursio",1,0,1,0,,95,,8667,,875,,9,,1667,,2778,,3333,,3333,,4444,,6111,,2857,,4348,,4935,,4815,,5895,,7279
212,"Casa_Grande_Ruins",,8,,8,,75,,8,,825,,84,,1765,,2941,,4118,,4706,,4706,,4706,,2892,,4301,,5316,,5926,,5993,,6032
213,"Stravinsky_Fountain",1,0,1,0,1,0,,9333,,95,,96,,2,,2667,,4,,4667,,4667,,6,,3333,,4211,,5714,,6222,,6259,,7385
214,"Angel_Falls_Venezuela",,8,,8,,7,,6333,,575,,56,,2353,,4118,,4706,,6471,,6471,,6471,,3636,,5437,,5628,,6401,,6089,,6004
215,"Statue_of_George_IV",,8,,7,,5,,5333,,475,,48,,5,,5,,625,,75,,875,,875,,6154,,5833,,5556,,6234,,6157,,6199
216,"Palacio_Barolo",1,0,,9,,8,,8667,,9,,92,,2353,,4118,,4118,,4706,,5882,,5882,,381,,565,,5437,,61,,7115,,7176
217,"Bridge_of_Remembrance_Christchurch_New_Zealand",1,0,1,0,1,0,1,0,,925,,8,,3333,,3333,,6667,,9167,1,0,1,0,,5,,5,,8,,9565,,961,,8889
218,"John_A._Roebling_Suspension_Bridge",,4,,3,,3,,3667,,4,,42,,1333,,1333,,2667,,5333,,6667,,7333,,2,,1846,,2824,,4346,,5,,5341
219,"Blue_Dome_Santorini",,8,,9,,95,,9667,,95,,96,,1875,,375,,625,,75,,75,,75,,3038,,5294,,754,,8447,,8382,,8421
220,"Fossar_de_les_Moreres",,4,,6,,75,,6667,,525,,48,,0714,,2857,,5714,,7143,,7143,,7143,,1212,,3871,,6486,,6897,,6052,,5742
221,"Luxor_Obelisk_France",,6,,7,,8,,8,,725,,68,,125,,1875,,3125,,375,,375,,4375,,2069,,2958,,4494,,5106,,4943,,5324
222,"Valle_de_los_Caidos",,8,,9,,9,,9,,9,,88,,2,,35,,4,,45,,6,,65,,32,,504,,5538,,6,,72,,7477
--------------------
"--","Avg.",P@5,P@10,P@20,P@30,P@40,P@50,CR@5,CR@10,CR@20,CR@30,CR@40,CR@50,F1@5,F1@10,F1@20,F1@30,F1@40,F1@50
,,,8099,,814,,7968,,7928,,7806,,773,,1488,,2558,,3912,,4859,,5496,,5961,,2481,,3802,,5132,,589,,6306,,6575