--------------------
"Run name","output_runPHOGDunnIndex"
--------------------
"Average P@20 = ",,7894
"Average CR@20 = ",,398
"Average F1@20 = ",,518
--------------------
"Query Id ","Location name",P@5,P@10,P@20,P@30,P@40,P@50,CR@5,CR@10,CR@20,CR@30,CR@40,CR@50,F1@5,F1@10,F1@20,F1@30,F1@40,F1@50
1,"angel_of_the_north",1,0,1,0,1,0,1,0,,95,,96,,16,,28,,36,,52,,6,,68,,2759,,4375,,5294,,6842,,7355,,7961
2,"big_ben",1,0,,9,,95,,8667,,775,,72,,1818,,3636,,4545,,4545,,5,,5909,,3077,,518,,6149,,5963,,6078,,6491
3,"hearst_castle",,8,,9,,9,,9333,,85,,84,,1667,,3333,,5833,,6667,,8333,,875,,2759,,4865,,7079,,7778,,8416,,8571
4,"la_madeleine",,0,,0,,2,,4,,45,,48,,0,,0,,2143,,5,,6429,,8571,,0,,0,,2069,,4444,,5294,,6154
5,"pont_alexandre_iii",1,0,,9,,95,,9667,,95,,92,,12,,24,,36,,6,,68,,72,,2143,,3789,,5221,,7404,,7926,,8078
6,"neues_museum",,4,,2,,25,,5,,625,,7,,08,,08,,16,,4,,56,,64,,1333,,1143,,1951,,4444,,5907,,6687
7,"montezuma_castle",,8,,8,,45,,6,,575,,62,,3333,,4167,,4167,,5,,5,,6667,,4706,,5479,,4327,,5455,,5349,,6425
8,"cn_tower",,4,,4,,55,,6667,,675,,7,,0833,,1667,,25,,4583,,5833,,625,,1379,,2353,,3438,,5432,,6258,,6604
9,"acropolis_athens",,8,,9,,8,,8,,8,,82,,1429,,3333,,381,,5714,,619,,619,,2424,,4865,,5161,,6667,,698,,7055
10,"agra_fort",,8,,8,,8,,8667,,875,,88,,12,,28,,56,,68,,72,,76,,2087,,4148,,6588,,7621,,79,,8156
11,"albert_memorial",,8,,8,,75,,7,,75,,74,,1818,,2727,,4091,,5,,6364,,6364,,2963,,4068,,5294,,5833,,6885,,6843
12,"altes_museum",,8,,9,,75,,6,,675,,74,,125,,25,,4167,,4583,,7083,,7917,,2162,,3913,,5357,,5197,,6913,,765
13,"amiens_cathedral",1,0,1,0,,95,,9333,,925,,94,,16,,36,,52,,64,,68,,8,,2759,,5294,,6721,,7593,,7838,,8644
14,"angkor_wat",1,0,1,0,,7,,8,,85,,86,,16,,32,,4,,52,,72,,72,,2759,,4848,,5091,,6303,,7796,,7838
15,"ara_pacis",1,0,,9,,95,,8,,675,,6,,2273,,3636,,5,,5,,5455,,5909,,3704,,518,,6552,,6154,,6034,,5954
16,"arc_de_triomphe",,8,,9,,9,,8,,775,,72,,1667,,2917,,4583,,5833,,625,,6667,,2759,,4406,,6074,,6747,,692,,6923
17,"aztec_ruins",,0,,0,,1,,1,,175,,28,,0,,0,,08,,12,,28,,44,,0,,0,,0889,,1091,,2154,,3422
18,"berlin_cathedral",1,0,1,0,,95,,9667,,9,,88,,2,,32,,36,,48,,6,,64,,3333,,4848,,5221,,6415,,72,,7411
19,"bok_tower_gardens",1,0,,9,,75,,8,,825,,84,,2,,32,,44,,6,,68,,8,,3333,,4721,,5546,,6857,,7455,,8195
20,"brandenburg_gate",,8,,9,,9,,9333,,925,,88,,16,,24,,32,,44,,6,,68,,2667,,3789,,4721,,5981,,7279,,7672
21,"cabrillo",,2,,3,,3,,2,,15,,12,,0769,,2308,,3846,,3846,,3846,,3846,,1111,,2609,,3371,,2632,,2158,,1829
22,"casa_batllo",1,0,1,0,1,0,1,0,1,0,1,0,,16,,36,,52,,64,,76,,88,,2759,,5294,,6842,,7805,,8636,,9362
23,"casa_rosada",,6,,7,,85,,9,,925,,9,,08,,12,,28,,44,,6,,76,,1412,,2049,,4212,,591,,7279,,8241
24,"castillo_de_san_marcos",1,0,,9,,65,,7,,725,,78,,2,,28,,36,,48,,6,,68,,3333,,4271,,4634,,5695,,6566,,7266
25,"chartres_cathedral",1,0,1,0,,95,,9333,,95,,94,,16,,32,,48,,56,,6,,68,,2759,,4848,,6378,,7,,7355,,7891
26,"chichen_itza",,4,,7,,8,,8667,,9,,88,,08,,16,,32,,4,,52,,72,,1333,,2605,,4571,,5474,,6592,,792
27,"christ_the_redeemer_rio",,6,,6,,6,,5,,5,,48,,1304,,1739,,3478,,4348,,5652,,6087,,2143,,2697,,4404,,4651,,5306,,5367
28,"civic_center_san_francisco",,6,,8,,85,,8333,,7,,58,,12,,28,,4,,48,,48,,52,,2,,4148,,544,,6091,,5695,,5484
29,"cologne_cathedral",1,0,1,0,,95,,9333,,95,,94,,16,,24,,4,,56,,68,,76,,2759,,3871,,563,,7,,7926,,8405
30,"colosseum",,8,,9,,95,,9667,,85,,88,,16,,28,,48,,6,,64,,72,,2667,,4271,,6378,,7404,,7302,,792
31,"doge_s_palace",1,0,,9,,95,,9333,,875,,84,,16,,28,,44,,48,,52,,56,,2759,,4271,,6014,,634,,6523,,672
32,"eiffel_tower",1,0,1,0,,95,,9667,,95,,92,,16,,28,,32,,44,,56,,64,,2759,,4375,,4787,,6047,,7046,,7549
33,"golden_gate_bridge",1,0,,8,,85,,9,,775,,8,,1739,,2609,,3913,,5652,,6087,,6087,,2963,,3934,,5359,,6944,,6819,,6914
34,"grand_palais",1,0,,9,,95,,9,,9,,92,,0909,,2273,,4091,,4545,,5455,,5909,,1667,,3629,,5719,,604,,6792,,7196
35,"guggenheim_museum_bilbao",1,0,1,0,1,0,1,0,1,0,1,0,,16,,16,,4,,44,,52,,6,,2759,,2759,,5714,,6111,,6842,,75
36,"hagia_sophia_istanbul",1,0,1,0,1,0,,9667,,975,,96,,16,,32,,48,,56,,64,,72,,2759,,4848,,6486,,7092,,7728,,8229
37,"hoover_dam",1,0,1,0,1,0,1,0,,975,,96,,12,,16,,28,,36,,56,,6,,2143,,2759,,4375,,5294,,7114,,7385
38,"humayun_tomb",,8,,6,,65,,6333,,675,,7,,08,,16,,36,,48,,56,,64,,1455,,2526,,4634,,5461,,6121,,6687
39,"iguazu_falls",,8,,7,,8,,7667,,775,,78,,16,,2,,4,,52,,64,,76,,2667,,3111,,5333,,6197,,7011,,7699
40,"iolani_palace",1,0,1,0,1,0,,9333,,775,,7,,12,,16,,36,,56,,56,,6,,2143,,2759,,5294,,7,,6502,,6462
41,"la_mezquita",,8,,9,,8,,6667,,625,,58,,1667,,3333,,5,,5417,,625,,7083,,2759,,4865,,6154,,5977,,625,,6378
42,"la_rambla_barcelona",1,0,1,0,1,0,,9667,,925,,92,,12,,24,,28,,36,,44,,6,,2143,,3871,,4375,,5246,,5963,,7263
43,"la_sainte_chapelle",1,0,1,0,1,0,1,0,,95,,96,,16,,32,,56,,64,,68,,72,,2759,,4848,,7179,,7805,,7926,,8229
44,"liberty_memorial",1,0,1,0,,65,,5667,,675,,74,,12,,28,,32,,36,,44,,56,,2143,,4375,,4289,,4403,,5327,,6375
45,"lincoln_home",1,0,1,0,,95,,7667,,8,,76,,2222,,4444,,5556,,6667,,8333,,8333,,3636,,6154,,7011,,7132,,8163,,795
46,"machu_picchu",,8,,8,,85,,7667,,775,,76,,16,,28,,48,,64,,76,,8,,2667,,4148,,6135,,6976,,7674,,7795
47,"marble_arch_london",,6,,5,,55,,5667,,475,,38,,1667,,3333,,5833,,6667,,75,,75,,2609,,4,,5662,,6126,,5816,,5044
48,"milan_cathedral",,8,,9,,75,,8333,,875,,9,,16,,24,,36,,52,,64,,68,,2667,,3789,,4865,,6404,,7393,,7747
49,"mole_antonelliana",,6,,8,,8,,7333,,775,,72,,12,,2,,36,,44,,52,,6,,2,,32,,4966,,55,,6224,,6545
50,"mont_saint_michel",1,0,1,0,1,0,1,0,,975,,98,,16,,2,,4,,44,,44,,6,,2759,,3333,,5714,,6111,,6064,,7443
51,"moulin_rouge",,0,,0,,0,,0,,0,,1,,0,,0,,0,,0,,0,,5,,0,,0,,0,,0,,0,,1667
52,"nelson_s_column",,8,,9,,95,,9667,,975,,98,,0833,,1667,,2917,,5,,5417,,5833,,1509,,2812,,4463,,6591,,6964,,7313
53,"notre_dame_de_paris",1,0,1,0,1,0,,9667,,925,,9,,2,,36,,44,,56,,56,,76,,3333,,5294,,6111,,7092,,6976,,8241
54,"obelisco",,2,,1,,15,,1667,,175,,14,,0909,,0909,,1818,,2727,,2727,,2727,,125,,0952,,1644,,2069,,2132,,185
55,"piccadilly_circus",1,0,1,0,,85,,8333,,775,,74,,1739,,2174,,3913,,5652,,6522,,6957,,2963,,3571,,5359,,6736,,7083,,7171
56,"place_de_la_concorde",1,0,1,0,,95,,9667,,95,,96,,12,,24,,4,,52,,56,,6,,2143,,3871,,563,,6762,,7046,,7385
57,"place_de_la_republique",,2,,1,,1,,1333,,125,,16,,125,,125,,25,,5,,625,,75,,1538,,1111,,1429,,2105,,2083,,2637
58,"place_des_vosges",1,0,,9,,8,,7667,,775,,72,,12,,28,,4,,48,,64,,72,,2143,,4271,,5333,,5904,,7011,,72
59,"pont_du_gard",1,0,,8,,85,,7333,,65,,72,,16,,24,,48,,52,,56,,64,,2759,,3692,,6135,,6085,,6017,,6776
60,"pont_neuf",1,0,1,0,1,0,,7667,,75,,76,,16,,28,,44,,48,,56,,64,,2759,,4375,,6111,,5904,,6412,,6949
61,"ponte_vecchio",,8,,9,,95,,9667,,875,,88,,125,,1667,,4167,,4583,,5417,,5833,,2162,,2812,,5793,,6218,,6691,,7016
62,"puerta_de_alcala",,2,,2,,3,,5333,,575,,6,,0526,,1053,,2632,,4737,,6316,,6316,,0833,,1379,,2804,,5017,,602,,6154
63,"puerta_del_sol",,8,,9,,7,,5333,,475,,38,,2,,25,,35,,4,,4,,4,,32,,3913,,4667,,4571,,4343,,3897
64,"red_fort",1,0,1,0,1,0,1,0,1,0,1,0,,2,,28,,44,,56,,76,,8,,3333,,4375,,6111,,7179,,8636,,8889
65,"reims_cathedral",1,0,1,0,1,0,1,0,1,0,,94,,2,,28,,4,,44,,56,,64,,3333,,4375,,5714,,6111,,7179,,7615
66,"rialto_bridge",,6,,8,,75,,7333,,65,,52,,1875,,25,,4375,,5,,625,,625,,2857,,381,,5526,,5946,,6373,,5677
67,"roman_forum_rome",,8,,9,,75,,7667,,65,,68,,12,,2,,36,,52,,52,,68,,2087,,3273,,4865,,6197,,5778,,68
68,"sacre_coeur",,6,,5,,6,,6333,,6,,54,,125,,2083,,375,,4167,,4583,,4583,,2069,,2941,,4615,,5026,,5197,,4958
69,"sagrada_familia",1,0,,9,,95,,9667,,95,,94,,16,,28,,48,,52,,52,,64,,2759,,4271,,6378,,6762,,6721,,7615
70,"santa_maria_novella",1,0,,7,,65,,6333,,575,,62,,16,,24,,36,,4,,44,,64,,2759,,3574,,4634,,4903,,4985,,6298
71,"schonbrunn_palace",1,0,1,0,1,0,1,0,1,0,1,0,,16,,28,,48,,56,,64,,64,,2759,,4375,,6486,,7179,,7805,,7805
72,"seville_cathedral",1,0,,8,,85,,9,,925,,94,,16,,2,,44,,52,,6,,64,,2759,,32,,5798,,6592,,7279,,7615
73,"spanish_steps",1,0,1,0,,75,,6667,,6,,56,,1818,,2727,,5,,5455,,6364,,6818,,3077,,4286,,6,,6,,6176,,6149
74,"st__basil_cathedral",1,0,1,0,,95,,9,,85,,86,,16,,32,,44,,56,,64,,72,,2759,,4848,,6014,,6904,,7302,,7838
75,"statue_of_liberty",1,0,,9,,9,,8667,,8,,82,,12,,2,,36,,44,,48,,6,,2143,,3273,,5143,,5837,,6,,693
76,"stonehenge",,6,,5,,55,,4,,475,,46,,1579,,2105,,4211,,4737,,5263,,5789,,25,,2963,,477,,4337,,4993,,5127
77,"summer_palace_beijing",,8,,9,,9,,8667,,85,,82,,16,,24,,4,,64,,72,,76,,2667,,3789,,5538,,7363,,7796,,7889
78,"sydney_opera_house",1,0,1,0,,95,,9,,9,,92,,16,,2,,4,,48,,52,,6,,2759,,3333,,563,,6261,,6592,,7263
79,"teotihuacan",,8,,7,,55,,6,,65,,7,,16,,2,,32,,44,,48,,56,,2667,,3111,,4046,,5077,,5522,,6222
80,"terracotta_army",,8,,7,,6,,5333,,45,,44,,2,,3,,45,,5,,5,,55,,32,,42,,5143,,5161,,4737,,4889
81,"the_blue_mosque",,8,,8,,9,,9,,925,,94,,12,,2,,36,,48,,6,,64,,2087,,32,,5143,,6261,,7279,,7615
82,"the_henry_ford",,6,,8,,6,,6,,675,,74,,12,,24,,28,,36,,48,,56,,2,,3692,,3818,,45,,561,,6375
83,"taj_mahal",1,0,,8,,9,,9,,925,,92,,2,,24,,4,,56,,64,,72,,3333,,3692,,5538,,6904,,7565,,8078
84,"tour_montparnasse",,4,,6,,65,,5,,375,,36,,1,,2,,35,,4,,4,,45,,16,,3,,455,,4444,,3871,,4
85,"tower_bridge_london",,8,,6,,55,,6,,525,,46,,16,,2,,32,,52,,52,,52,,2667,,3,,4046,,5571,,5225,,4882
86,"trafalgar_square",,6,,6,,6,,5667,,525,,56,,1364,,2273,,3636,,4545,,5,,5455,,2222,,3297,,4528,,5045,,5122,,5526
87,"leaning_tower_of_pisa",,8,,7,,5,,5,,575,,62,,12,,2,,32,,44,,52,,56,,2087,,3111,,3902,,4681,,5461,,5885
88,"hermitage_museum_saint_petersburg",1,0,,9,,95,,9,,8,,78,,16,,2,,36,,52,,6,,68,,2759,,3273,,5221,,6592,,6857,,7266
89,"jantar_mantar_jaipur",,8,,5,,75,,7667,,775,,8,,16,,2,,36,,52,,68,,84,,2667,,2857,,4865,,6197,,7244,,8195
90,"lake_titicaca_peru",1,0,,8,,5,,5333,,525,,52,,1667,,25,,2917,,4583,,5417,,6667,,2857,,381,,3684,,493,,5332,,5843
91,"the_great_wall_of_china",,6,,8,,75,,7667,,825,,76,,12,,32,,36,,44,,6,,6,,2,,4571,,4865,,5591,,6947,,6706
92,"grande_arche_paris",,4,,5,,55,,6333,,575,,62,,08,,16,,28,,32,,4,,52,,1333,,2424,,3711,,4252,,4718,,5656
93,"el_angel_mexico",1,0,,9,,75,,6667,,7,,68,,1429,,2381,,381,,4762,,7143,,8095,,25,,3766,,5053,,5556,,7071,,7391
94,"bibliotheque_nationale_de_france",,8,,6,,75,,6667,,75,,76,,16,,16,,28,,36,,56,,72,,2667,,2526,,4078,,4675,,6412,,7395
95,"kronborg_castle",,8,,6,,65,,6333,,725,,74,,125,,1667,,4167,,5417,,625,,6667,,2162,,2609,,5078,,5839,,6713,,7014
96,"ajanta_caves",,8,,9,,9,,9,,9,,86,,1818,,2273,,4091,,6364,,6364,,6364,,2963,,3629,,5625,,7456,,7456,,7315
97,"atomium",,8,,9,,9,,9333,,9,,88,,1905,,2857,,4286,,4286,,5714,,5714,,3077,,4337,,5806,,5874,,699,,6929
98,"ellora_caves",1,0,1,0,1,0,1,0,,975,,96,,1364,,2273,,4091,,4545,,5455,,5909,,24,,3704,,5806,,625,,6996,,7315
99,"potala_palace",,8,,8,,85,,8333,,75,,74,,2222,,2222,,3333,,5,,6111,,7222,,3478,,3478,,4789,,625,,6735,,731
100,"jokhang",1,0,,9,,85,,8667,,85,,86,,16,,28,,36,,52,,64,,68,,2759,,4271,,5058,,65,,7302,,7595
101,"rila_monastery",,8,,7,,85,,9,,925,,94,,12,,24,,32,,4,,4,,44,,2087,,3574,,465,,5538,,5585,,5994
102,"louvre_pyramid",1,0,,9,,9,,9333,,925,,94,,1111,,1667,,3889,,5,,5556,,6111,,2,,2812,,5431,,6512,,6942,,7407
103,"brooklyn_bridge",1,0,1,0,,85,,8333,,825,,8,,1429,,1905,,3333,,3333,,4286,,5714,,25,,32,,4789,,4762,,5641,,6667
104,"tower_of_london",,6,,8,,85,,8333,,775,,74,,0435,,1739,,2174,,3478,,3913,,5652,,0811,,2857,,3462,,4908,,52,,6409
105,"british_museum_london",,8,,9,,95,,9333,,925,,92,,2,,3,,45,,6,,6,,65,,32,,45,,6107,,7304,,7279,,7618
106,"buckingham_palace",,4,,7,,4,,4,,4,,36,,1,,15,,15,,25,,3,,35,,16,,2471,,2182,,3077,,3429,,3549
107,"charles_bridge_prague",,8,,9,,75,,5667,,55,,52,,125,,2083,,3333,,4167,,4583,,5417,,2162,,3383,,4615,,4802,,5,,5306
108,"champs_elysees_paris",,8,,6,,75,,7667,,65,,6,,2667,,4,,4667,,5333,,6667,,7333,,4,,48,,5753,,6291,,6582,,66
109,"chrysler_building",1,0,1,0,,95,,9667,,975,,98,,1429,,3571,,6429,,6429,,7143,,8571,,25,,5263,,7668,,7722,,8245,,9145
110,"moma_new_york",,8,,8,,9,,8667,,875,,86,,1579,,2105,,3684,,4211,,5263,,6842,,2637,,3333,,5228,,5668,,6573,,7621
111,"grand_central_terminal",1,0,1,0,1,0,1,0,1,0,,98,,1429,,1905,,4286,,4286,,4286,,5714,,25,,32,,6,,6,,6,,7219
112,"houses_of_parliament",,8,,9,,95,,9667,,925,,9,,1739,,2609,,3913,,4348,,4783,,5652,,2857,,4045,,5543,,5998,,6305,,6944
113,"alexanderplatz_berlin",,6,,3,,6,,6667,,75,,78,,12,,12,,32,,4,,56,,64,,2,,1714,,4174,,5,,6412,,7031
114,"centre_pompidou",,8,,8,,75,,6667,,725,,78,,1111,,2778,,4444,,4444,,6111,,7778,,1951,,4124,,5581,,5333,,6632,,7789
115,"sydney_harbour_bridge",1,0,1,0,1,0,1,0,1,0,1,0,,1875,,375,,4375,,6875,,6875,,6875,,3158,,5455,,6087,,8148,,8148,,8148
116,"pier_39",,8,,9,,9,,8667,,875,,9,,1429,,2381,,4762,,619,,6667,,7143,,2424,,3766,,6228,,7222,,7568,,7965
117,"coit_tower",,6,,7,,5,,5667,,6,,64,,2,,2667,,2667,,3333,,5333,,6,,3,,3862,,3478,,4198,,5647,,6194
118,"st_paul_s_cathedral_london",1,0,1,0,,85,,8,,825,,8,,2353,,4118,,5882,,7059,,8235,,8824,,381,,5833,,6953,,75,,8243,,8392
119,"cloud_gate",1,0,,7,,8,,6333,,575,,58,,25,,25,,3333,,3333,,4167,,4167,,4,,3684,,4706,,4368,,4832,,4849
120,"musee_d_orsay",,8,,9,,9,,9333,,95,,96,,1429,,2857,,4762,,5238,,5714,,619,,2424,,4337,,6228,,671,,7136,,7527
121,"pike_place_market",1,0,1,0,,95,,8333,,775,,82,,1905,,3333,,4286,,4286,,4762,,5238,,32,,5,,5907,,566,,5899,,6393
122,"royal_palace_madrid",,4,,7,,85,,9,,925,,92,,0909,,2727,,5,,6364,,6818,,7273,,1481,,3925,,6296,,7456,,785,,8124
123,"sony_center_berlin",,8,,9,,95,,9,,925,,88,,1429,,1905,,3333,,3333,,4286,,4762,,2424,,3144,,4935,,4865,,5858,,618
124,"red_square_moscow",,6,,7,,7,,6,,6,,58,,0476,,1905,,2857,,381,,4286,,4762,,0882,,2995,,4058,,466,,5,,523
125,"prague_castle",,8,,9,,9,,8667,,85,,84,,12,,28,,52,,64,,64,,72,,2087,,4271,,6592,,7363,,7302,,7754
126,"musee_du_louvre",1,0,1,0,1,0,1,0,1,0,,98,,12,,32,,4,,56,,64,,72,,2143,,4848,,5714,,7179,,7805,,8301
127,"millennium_bridge_london",1,0,1,0,,85,,8333,,8,,8,,16,,28,,48,,52,,52,,6,,2759,,4375,,6135,,6404,,6303,,6857
128,"casa_mila",1,0,1,0,1,0,,9333,,925,,94,,16,,36,,44,,6,,68,,72,,2759,,5294,,6111,,7304,,7838,,8154
129,"national_gallery_london",,8,,9,,6,,7,,75,,64,,1818,,3182,,3636,,5,,6364,,6364,,2963,,4701,,4528,,5833,,6885,,6382
130,"national_mall",,8,,9,,95,,8333,,875,,82,,12,,28,,44,,52,,76,,84,,2087,,4271,,6014,,6404,,8135,,8299
131,"london_city_hall",,6,,7,,8,,8,,825,,8,,15,,25,,45,,55,,6,,65,,24,,3684,,576,,6519,,6947,,7172
132,"holocaust_memorial",,6,,7,,65,,6667,,6,,52,,1875,,3125,,375,,4375,,5,,5,,2857,,4321,,4756,,5283,,5455,,5098
133,"columbus_circle",,6,,7,,75,,7,,7,,62,,12,,2,,44,,56,,64,,68,,2,,3111,,5546,,6222,,6687,,6486
134,"siegessaeule",,8,,7,,6,,6,,625,,6,,12,,2,,4,,48,,64,,68,,2087,,3111,,48,,5333,,6324,,6375
135,"jardin_du_luxembourg",1,0,1,0,1,0,1,0,,95,,9,,16,,32,,4,,6,,68,,76,,2759,,4848,,5714,,75,,7926,,8241
136,"merlion_singapore",,0,,0,,15,,2,,3,,36,,0,,0,,1364,,2727,,3636,,4091,,0,,0,,1429,,2308,,3288,,383
137,"harrods_london",,8,,9,,75,,8,,8,,84,,16,,28,,32,,44,,6,,68,,2667,,4271,,4486,,5677,,6857,,7516
138,"metropolitan_museum_of_art_new_york",1,0,1,0,,95,,9667,,975,,98,,16,,28,,4,,52,,64,,68,,2759,,4375,,563,,6762,,7728,,8029
139,"new_york_stock_exchange",,4,,7,,85,,6667,,625,,62,,1,,25,,35,,4,,5,,65,,16,,3684,,4958,,5,,5556,,6346
140,"stephansdom_vienna",1,0,1,0,1,0,1,0,1,0,1,0,,12,,28,,48,,6,,68,,68,,2143,,4375,,6486,,75,,8095,,8095
141,"hms_belfast",1,0,1,0,,95,,9333,,95,,96,,12,,24,,36,,48,,56,,68,,2143,,3871,,5221,,634,,7046,,7961
142,"leicester_square",,4,,7,,7,,7,,75,,72,,08,,12,,24,,36,,52,,6,,1333,,2049,,3574,,4755,,6142,,6545
143,"ciudad_de_las_artes_y_las_ciencias",1,0,1,0,,95,,9667,,975,,98,,2,,32,,52,,6,,64,,72,,3333,,4848,,6721,,7404,,7728,,8301
144,"topkapi_palace",1,0,1,0,,95,,9667,,975,,96,,2,,28,,4,,6,,64,,68,,3333,,4375,,563,,7404,,7728,,7961
145,"royal_albert_hall",,8,,6,,7,,7,,625,,56,,16,,16,,28,,4,,48,,56,,2667,,2526,,4,,5091,,543,,56
146,"st_vitus_cathedral",,8,,9,,95,,9667,,975,,96,,16,,24,,44,,48,,52,,6,,2667,,3789,,6014,,6415,,6783,,7385
147,"castello_sforzesco",1,0,1,0,,95,,9667,,975,,98,,2,,32,,32,,48,,6,,64,,3333,,4848,,4787,,6415,,7429,,7743
148,"rijksmuseum_amsterdam",1,0,1,0,1,0,1,0,,975,,98,,12,,16,,28,,4,,52,,6,,2143,,2759,,4375,,5714,,6783,,7443
149,"dam_square",,8,,5,,7,,7333,,775,,7,,12,,16,,4,,44,,52,,52,,2087,,2424,,5091,,55,,6224,,5967
150,"rathaus_vienna",,4,,7,,8,,7,,65,,62,,08,,16,,2,,36,,48,,56,,1333,,2605,,32,,4755,,5522,,5885
151,"bath_abbey",1,0,1,0,1,0,1,0,,975,,98,,2,,32,,4,,6,,68,,72,,3333,,4848,,5714,,75,,8012,,8301
152,"salisbury_cathedral",1,0,1,0,1,0,1,0,,975,,98,,12,,28,,4,,48,,56,,56,,2143,,4375,,5714,,6486,,7114,,7127
153,"templo_de_debod",,2,,3,,3,,5,,525,,54,,0455,,0909,,2273,,2727,,4091,,5455,,0741,,1395,,2586,,3529,,4599,,5427
154,"Niagara_Falls",,6,,6,,6,,6333,,675,,66,,1364,,2273,,3182,,4545,,5,,5455,,2222,,3297,,4158,,5292,,5745,,5973
155,"Golden_Gate_Bridge_in_San_Francisco",,8,,9,,9,,9333,,95,,96,,1364,,2273,,4091,,5909,,6818,,6818,,233,,3629,,5625,,7237,,7939,,7973
156,"Neuschwanstein_Castle",,8,,9,,95,,9667,,95,,96,,16,,24,,48,,56,,68,,72,,2667,,3789,,6378,,7092,,7926,,8229
157,"Christ_Church_Cathedral_Missouri",1,0,1,0,1,0,1,0,,95,,78,,2,,36,,44,,56,,64,,64,,3333,,5294,,6111,,7179,,7648,,7031
158,"Mount_Rushmore_in_South_Dakota",,8,,8,,9,,9333,,95,,94,,12,,2,,28,,44,,56,,68,,2087,,32,,4271,,5981,,7046,,7891
159,"Puerta_de_Toledo",,6,,3,,15,,1,,075,,06,1,0,1,0,1,0,1,0,1,0,1,0,,75,,4615,,2609,,1818,,1395,,1132
160,"Urquhart_Castle",1,0,1,0,,9,,8333,,875,,86,,1667,,3333,,5,,5833,,7083,,75,,2857,,5,,6429,,6863,,7829,,8012
161,"Gare_du_Nord_Paris",,8,,9,,75,,7667,,825,,86,,16,,36,,4,,4,,4,,4,,2667,,5143,,5217,,5257,,5388,,546
162,"Newgrange_in_Ireland",,6,,7,,65,,6333,,675,,74,,125,,2917,,375,,4583,,4583,,5,,2069,,4118,,4756,,5318,,546,,5968
163,"Windmills_at_Kinderdijk",1,0,1,0,,8,,8,,8,,84,,16,,28,,36,,44,,52,,6,,2759,,4375,,4966,,5677,,6303,,7
164,"Conciergerie",1,0,,9,,95,,9667,,95,,94,,2,,32,,52,,64,,64,,72,,3333,,4721,,6721,,7701,,7648,,8154
165,"Palazzo_Madama",,8,,9,,8,,7333,,625,,62,,1364,,3182,,4545,,6364,,6818,,7727,,233,,4701,,5797,,6814,,6522,,688
166,"Split_Rock_Lighthouse",,8,,9,,95,,8667,,825,,8,,16,,28,,36,,44,,48,,56,,2667,,4271,,5221,,5837,,6069,,6588
167,"The_Little_Mermaid_Denmark",1,0,,9,,8,,6667,,75,,78,,2143,,4286,,4286,,5,,7143,,8571,,3529,,5806,,5581,,5714,,7317,,8168
168,"Great_Pyramid_of_Giza",,6,,6,,55,,5667,,525,,56,,2,,3333,,4,,5333,,5333,,5333,,3,,4286,,4632,,5495,,5291,,5463
169,"Pitti_Palace",,8,,8,,9,,7,,625,,54,,1818,,3182,,5,,5455,,5455,,5909,,2963,,4553,,6429,,6131,,5825,,5643
170,"Georgia_State_Capitol",,8,,6,,65,,7,,575,,46,,1579,,2105,,2632,,2632,,2632,,2632,,2637,,3117,,3746,,3825,,3611,,3348
171,"Dome_des_Invalides",1,0,1,0,1,0,,9667,,975,,96,,16,,24,,36,,44,,56,,6,,2759,,3871,,5294,,6047,,7114,,7385
172,"Reggia_di_Caserta",1,0,,8,,65,,6,,6,,64,,2,,32,,48,,52,,6,,68,,3333,,4571,,5522,,5571,,6,,6594
173,"The_Burj_al_Arab_Hotel",,8,,7,,7,,6667,,75,,76,,12,,24,,36,,44,,6,,6,,2087,,3574,,4755,,5301,,6667,,6706
174,"Elephanta_Caves",1,0,1,0,1,0,,9667,,975,,98,,125,,25,,4583,,4583,,625,,6667,,2222,,4,,6286,,6218,,7617,,7935
175,"Basilica_of_Santa_Croce",1,0,1,0,1,0,1,0,1,0,1,0,,12,,2,,28,,36,,52,,68,,2143,,3333,,4375,,5294,,6842,,8095
176,"Aachen_Cathedral",,8,,9,,95,,9667,,95,,94,,12,,24,,44,,56,,68,,72,,2087,,3789,,6014,,7092,,7926,,8154
177,"Monument_to_the_Great_Fire_of_London",1,0,,7,,55,,6,,625,,56,,16,,2,,28,,44,,56,,56,,2759,,3111,,3711,,5077,,5907,,56
178,"Longmen_Grottoes",,8,,9,,8,,6667,,625,,64,,12,,28,,32,,48,,6,,64,,2087,,4271,,4571,,5581,,6122,,64
179,"Louisiana_State_Capitol",,4,,3,,25,,1667,,225,,28,,08,,12,,16,,16,,32,,44,,1333,,1714,,1951,,1633,,2642,,3422
180,"The_Great_Sphinx_at_Giza",,4,,6,,75,,8,,825,,86,,08,,24,,36,,56,,64,,72,,1333,,3429,,4865,,6588,,7208,,7838
181,"Teatro_Real_Madrid",,8,,9,,95,,6667,,625,,64,,1739,,3913,,6087,,6522,,7826,,913,,2857,,5455,,742,,6593,,695,,7525
182,"Palacio_de_la_Magdalena",,6,,7,,8,,7333,,725,,68,,12,,28,,44,,64,,72,,76,,2,,4,,5677,,6835,,7225,,7178
183,"Sowjetisches_Ehrenmal",,6,,5,,55,,5667,,65,,7,,08,,16,,32,,4,,52,,72,,1412,,2424,,4046,,469,,5778,,7099
184,"Cathedral_of_Trier",1,0,1,0,1,0,,9667,,925,,88,,16,,24,,56,,72,,84,,88,,2759,,3871,,7179,,8253,,8805,,88
185,"Saint_Mary_of_the_Flower",,2,,1,,15,,2,,4,,46,,04,,04,,12,,2,,4,,48,,0667,,0571,,1333,,2,,4,,4698
186,"Skellig_Michael",1,0,,8,,8,,8,,725,,72,,16,,28,,44,,56,,6,,6,,2759,,4148,,5677,,6588,,6566,,6545
187,"Chicago_Board_of_Trade_Building",1,0,1,0,,8,,7,,7,,72,,1818,,3182,,4091,,4545,,6364,,6364,,3077,,4828,,5414,,5512,,6667,,6756
188,"Pont_de_Normandie_France",,8,,8,,85,,9,,9,,92,,1579,,2632,,5789,,6842,,7895,,8947,,2637,,396,,6888,,7774,,8411,,9072
189,"Palazzo_Rosso",,0,,0,,05,,1,,15,,12,,0,,0,,0417,,125,,25,,25,,0,,0,,0455,,1111,,1875,,1622
190,"Piazza_Vittorio_Veneto",,8,,8,,65,,5667,,45,,38,,1875,,375,,4375,,5,,5625,,5625,,3038,,5106,,523,,5312,,5,,4536
191,"Sforza_Castle",1,0,1,0,1,0,,9667,,925,,92,,16,,2,,44,,6,,64,,68,,2759,,3333,,6111,,7404,,7565,,782
192,"Torres_KIO",1,0,1,0,,95,,9333,,85,,82,,12,,2,,36,,48,,6,,64,,2143,,3333,,5221,,634,,7034,,7189
193,"Torre_Picasso",1,0,,8,,75,,8,,825,,78,,1667,,2083,,3333,,5417,,625,,7083,,2857,,3306,,4615,,646,,7112,,7424
194,"The_Palace_of_Parliament_in_Bucharest",1,0,,9,,95,,9667,,975,,96,,16,,2,,24,,36,,44,,56,,2759,,3273,,3832,,5246,,6064,,7074
195,"Ernest_Hemingway_House",,8,,9,,85,,8667,,775,,76,,16,,28,,44,,56,,56,,6,,2667,,4271,,5798,,6804,,6502,,6706
196,"Castel_dellOvo_Napoli",,8,,9,,85,,8667,,9,,9,,16,,28,,48,,6,,68,,8,,2667,,4271,,6135,,7091,,7747,,8471
197,"Villa_Borghese_gardens",1,0,1,0,1,0,1,0,,975,,98,,2,,36,,52,,68,,68,,84,,3333,,5294,,6842,,8095,,8012,,9046
198,"Saint_Marks_Basilica",1,0,1,0,1,0,1,0,1,0,,9,,12,,24,,24,,28,,4,,48,,2143,,3871,,3871,,4375,,5714,,6261
199,"Mausoleum_of_the_First_Qin_Emperor",,6,,8,,8,,8,,825,,8,,12,,32,,44,,6,,64,,68,,2,,4571,,5677,,6857,,7208,,7351
200,"Mausoleum_of_Hadrian",1,0,1,0,,85,,8333,,85,,86,,1667,,3889,,5,,5556,,7222,,7222,,2857,,56,,6296,,6667,,7809,,7851
201,"Piazza_de_Ferrari",1,0,1,0,1,0,,9667,,925,,94,,2105,,3158,,4737,,5789,,5789,,5789,,3478,,48,,6429,,7242,,7122,,7166
202,"George_Washington_Carver",,4,,6,,7,,7,,625,,66,,125,,25,,5,,6875,,6875,,75,,1905,,3529,,5833,,6937,,6548,,7021
203,"Cathedral_of_Santiago_de_Compostela",1,0,1,0,,95,,8,,825,,74,,1765,,2941,,5882,,7059,,8824,,8824,,3,,4545,,7266,,75,,8527,,8049
204,"Saint-Jacques_Tower",,8,,8,,75,,7333,,7,,72,,1538,,3077,,3846,,4615,,4615,,5385,,2581,,4444,,5085,,5665,,5563,,6161
205,"Calakmul_Campeche_Mexico",,8,,9,,95,,9,,825,,78,,2857,,4286,,6429,,7143,,7857,,7857,,4211,,5806,,7668,,7965,,8049,,7828
206,"Bran_Castle_in_Transylvania",,8,,8,,85,,8667,,875,,88,,1053,,2632,,4737,,5789,,7368,,7895,,186,,396,,6083,,6942,,8,,8323
207,"Mosteiro_da_Batalha",1,0,1,0,1,0,1,0,1,0,1,0,,2105,,3158,,4737,,5263,,6316,,6842,,3478,,48,,6429,,6897,,7742,,8125
208,"Wartburg_Castle",1,0,1,0,,95,,9667,,975,,92,,2,,3,,5,,65,,75,,8,,3333,,4615,,6552,,7773,,8478,,8558
209,"Fujian_Tulou_Fujian_China",1,0,1,0,1,0,1,0,1,0,,96,,2222,,3889,,6111,,6111,,6667,,8333,,3636,,56,,7586,,7586,,8,,8922
210,"Alabama_State_Capitol",,8,,7,,8,,8333,,85,,8,,1905,,3333,,5714,,7619,,8571,,8571,,3077,,4516,,6667,,796,,8536,,8276
211,"Palazzo_dAccursio",,2,,6,,7,,7333,,6,,54,,0556,,1667,,2778,,5,,5,,5556,,087,,2609,,3977,,5946,,5455,,5477
212,"Casa_Grande_Ruins",,8,,8,,85,,8,,825,,84,,1176,,2353,,4118,,5294,,5294,,5882,,2051,,3636,,5548,,6372,,645,,6919
213,"Stravinsky_Fountain",,8,,9,,95,,9333,,8,,76,,0667,,2667,,4,,5333,,5333,,5333,,1231,,4114,,563,,6788,,64,,6268
214,"Angel_Falls_Venezuela",,6,,7,,7,,5333,,525,,46,,1765,,2941,,4706,,5882,,7647,,7647,,2727,,4142,,5628,,5594,,6226,,5744
215,"Statue_of_George_IV",,4,,6,,55,,5,,375,,3,,25,,5,,625,,625,,625,,625,,3077,,5455,,5851,,5556,,4688,,4054
216,"Palacio_Barolo",1,0,,8,,9,,9333,,95,,94,,2353,,3529,,4118,,4706,,8235,,8824,,381,,4898,,565,,6257,,8823,,9103
217,"Bridge_of_Remembrance_Christchurch_New_Zealand",,6,,8,,9,,7333,,675,,54,,1667,,3333,,75,,8333,,8333,,8333,,2609,,4706,,8182,,7801,,7459,,6553
218,"John_A._Roebling_Suspension_Bridge",,6,,4,,35,,4333,,425,,4,,2,,2,,4,,6667,,6667,,7333,,3,,2667,,3733,,5253,,5191,,5176
219,"Blue_Dome_Santorini",1,0,1,0,,95,,9667,,925,,94,,1875,,4375,,5,,75,,75,,875,,3158,,6087,,6552,,8447,,8284,,9063
220,"Fossar_de_les_Moreres",,0,,3,,5,,4,,3,,24,,0,,2143,,5714,,5714,,5714,,5714,,0,,25,,5333,,4706,,3934,,338
221,"Luxor_Obelisk_France",,8,,9,,85,,8,,8,,8,,25,,3125,,3125,,5,,5625,,625,,381,,4639,,457,,6154,,6606,,7018
222,"Valle_de_los_Caidos",1,0,1,0,,95,,9,,925,,92,,25,,45,,55,,6,,65,,7,,4,,6207,,6967,,72,,7635,,7951
--------------------
"--","Avg.",P@5,P@10,P@20,P@30,P@40,P@50,CR@5,CR@10,CR@20,CR@30,CR@40,CR@50,F1@5,F1@10,F1@20,F1@30,F1@40,F1@50
,,,7955,,8,,7894,,7748,,7644,,7549,,1516,,257,,398,,5015,,585,,6512,,2486,,3805,,518,,596,,6492,,6846