--------------------
"Run name","output_runDICESumSquaredError"
--------------------
"Average P@20 = ",,7423
"Average CR@20 = ",,4261
"Average F1@20 = ",,5304
--------------------
"Query Id ","Location name",P@5,P@10,P@20,P@30,P@40,P@50,CR@5,CR@10,CR@20,CR@30,CR@40,CR@50,F1@5,F1@10,F1@20,F1@30,F1@40,F1@50
1,"angel_of_the_north",1,0,1,0,,95,,9667,,975,,98,,16,,28,,32,,48,,6,,64,,2759,,4375,,4787,,6415,,7429,,7743
2,"big_ben",,8,,7,,7,,7333,,75,,72,,1364,,2273,,3636,,5455,,6364,,6364,,233,,3431,,4786,,6256,,6885,,6756
3,"hearst_castle",1,0,,9,,9,,9333,,875,,86,,2083,,2917,,4583,,5,,625,,7917,,3448,,4406,,6074,,6512,,7292,,8244
4,"la_madeleine",,4,,5,,4,,4333,,425,,4,,1429,,3571,,3571,,5714,,5714,,5714,,2105,,4167,,3774,,4929,,4875,,4706
5,"pont_alexandre_iii",,8,,9,,9,,9,,925,,92,,12,,28,,52,,52,,6,,64,,2087,,4271,,6592,,6592,,7279,,7549
6,"neues_museum",,6,,7,,7,,7333,,75,,76,,12,,24,,4,,48,,6,,68,,2,,3574,,5091,,5802,,6667,,7178
7,"montezuma_castle",,6,,8,,75,,6667,,65,,66,,1667,,4167,,5833,,5833,,5833,,75,,2609,,5479,,6562,,6222,,6149,,7021
8,"cn_tower",,6,,8,,7,,6667,,675,,66,,0833,,25,,4167,,4583,,625,,7083,,1463,,381,,5224,,5432,,649,,6833
9,"acropolis_athens",,6,,7,,65,,6667,,675,,7,,1429,,2857,,4286,,4762,,5238,,5714,,2308,,4058,,5166,,5556,,5899,,6292
10,"agra_fort",1,0,,8,,9,,8333,,875,,9,,2,,32,,48,,64,,72,,76,,3333,,4571,,6261,,724,,79,,8241
11,"albert_memorial",1,0,,9,,85,,8667,,85,,84,,1818,,3182,,3636,,5909,,6818,,7273,,3077,,4701,,5094,,7027,,7567,,7796
12,"altes_museum",,8,,9,,75,,7667,,75,,76,,1667,,3333,,4583,,4583,,5,,5833,,2759,,4865,,569,,5737,,6,,66
13,"amiens_cathedral",1,0,1,0,,95,,9333,,95,,96,,2,,28,,52,,64,,68,,72,,3333,,4375,,6721,,7593,,7926,,8229
14,"angkor_wat",,8,,7,,8,,8,,8,,8,,12,,24,,36,,52,,64,,68,,2087,,3574,,4966,,6303,,7111,,7351
15,"ara_pacis",,6,,3,,5,,5333,,525,,58,,1364,,1364,,4091,,4545,,5909,,6818,,2222,,1875,,45,,4908,,556,,6268
16,"arc_de_triomphe",1,0,,8,,65,,6,,6,,62,,2083,,3333,,4583,,5833,,625,,6667,,3448,,4706,,5376,,5915,,6122,,6425
17,"aztec_ruins",,6,,3,,4,,3333,,35,,36,,12,,12,,28,,36,,48,,48,,2,,1714,,3294,,3462,,4048,,4114
18,"berlin_cathedral",1,0,,9,,95,,9333,,925,,94,,12,,24,,44,,44,,64,,72,,2143,,3789,,6014,,5981,,7565,,8154
19,"bok_tower_gardens",,8,,9,,85,,8667,,875,,9,,16,,32,,48,,6,,68,,76,,2667,,4721,,6135,,7091,,7653,,8241
20,"brandenburg_gate",1,0,,9,,95,,9333,,925,,9,,2,,32,,48,,52,,56,,6,,3333,,4721,,6378,,6679,,6976,,72
21,"cabrillo",,2,,2,,15,,1333,,125,,12,,0769,,1538,,1538,,2308,,3077,,3846,,1111,,1739,,1519,,169,,1778,,1829
22,"casa_batllo",1,0,1,0,,95,,9667,,95,,96,,16,,32,,48,,56,,68,,8,,2759,,4848,,6378,,7092,,7926,,8727
23,"casa_rosada",,8,,9,,85,,9,,9,,88,,16,,36,,48,,64,,68,,76,,2667,,5143,,6135,,7481,,7747,,8156
24,"castillo_de_san_marcos",,8,,7,,8,,8,,775,,8,,12,,2,,36,,56,,6,,68,,2087,,3111,,4966,,6588,,6764,,7351
25,"chartres_cathedral",1,0,1,0,,95,,9,,925,,94,,2,,36,,52,,68,,72,,8,,3333,,5294,,6721,,7747,,8097,,8644
26,"chichen_itza",,8,,9,,85,,8667,,85,,86,,16,,36,,52,,56,,64,,76,,2667,,5143,,6453,,6804,,7302,,8069
27,"christ_the_redeemer_rio",,6,,5,,5,,5667,,575,,54,,1304,,2174,,3913,,4348,,4348,,5652,,2143,,303,,439,,492,,4952,,5523
28,"civic_center_san_francisco",,4,,5,,55,,5333,,55,,56,,08,,16,,24,,4,,48,,6,,1333,,2424,,3342,,4571,,5126,,5793
29,"cologne_cathedral",1,0,,9,,9,,9,,875,,9,,16,,32,,4,,52,,56,,56,,2759,,4721,,5538,,6592,,6829,,6904
30,"colosseum",1,0,1,0,,95,,9667,,975,,96,,16,,28,,4,,52,,72,,72,,2759,,4375,,563,,6762,,8283,,8229
31,"doge_s_palace",,6,,8,,75,,8333,,85,,84,,08,,2,,28,,4,,44,,44,,1412,,32,,4078,,5405,,5798,,5775
32,"eiffel_tower",1,0,1,0,,9,,8667,,85,,82,,16,,28,,36,,52,,56,,56,,2759,,4375,,5143,,65,,6752,,6655
33,"golden_gate_bridge",1,0,,9,,9,,8667,,825,,86,,2174,,3043,,5217,,6087,,6522,,6522,,3571,,4549,,6606,,7151,,7285,,7418
34,"grand_palais",1,0,1,0,1,0,,9667,,95,,96,,1818,,3182,,5455,,6818,,7273,,7727,,3077,,4828,,7059,,7996,,8238,,8562
35,"guggenheim_museum_bilbao",1,0,1,0,,9,,9333,,95,,96,,16,,28,,48,,52,,6,,64,,2759,,4375,,6261,,6679,,7355,,768
36,"hagia_sophia_istanbul",1,0,1,0,1,0,,9667,,975,,98,,2,,32,,48,,52,,64,,68,,3333,,4848,,6486,,6762,,7728,,8029
37,"hoover_dam",1,0,1,0,,95,,9333,,925,,94,,2,,32,,44,,6,,64,,72,,3333,,4848,,6014,,7304,,7565,,8154
38,"humayun_tomb",,4,,7,,75,,7667,,775,,78,,08,,24,,44,,48,,56,,56,,1333,,3574,,5546,,5904,,6502,,6519
39,"iguazu_falls",,8,,6,,65,,6,,675,,74,,16,,2,,32,,4,,52,,68,,2667,,3,,4289,,48,,5874,,7087
40,"iolani_palace",,8,,8,,8,,6667,,65,,68,,16,,28,,44,,52,,68,,72,,2667,,4148,,5677,,5843,,6647,,6994
41,"la_mezquita",,6,,3,,45,,3,,3,,3,,125,,125,,2917,,2917,,2917,,375,,2069,,1765,,3539,,2958,,2958,,3333
42,"la_rambla_barcelona",,6,,8,,8,,8667,,9,,92,,08,,24,,44,,44,,6,,68,,1412,,3692,,5677,,5837,,72,,782
43,"la_sainte_chapelle",1,0,1,0,1,0,1,0,1,0,1,0,,2,,32,,52,,64,,68,,76,,3333,,4848,,6842,,7805,,8095,,8636
44,"liberty_memorial",,6,,7,,65,,6667,,675,,66,,12,,2,,32,,4,,52,,64,,2,,3111,,4289,,5,,5874,,6498
45,"lincoln_home",,6,,4,,5,,5333,,55,,58,,1667,,2222,,3889,,5556,,6667,,7222,,2609,,2857,,4375,,5442,,6027,,6433
46,"machu_picchu",,8,,8,,9,,8,,85,,82,,16,,28,,36,,48,,6,,64,,2667,,4148,,5143,,6,,7034,,7189
47,"marble_arch_london",,6,,4,,4,,3,,25,,26,,25,,3333,,5833,,6667,,6667,,8333,,3529,,3636,,4746,,4138,,3636,,3963
48,"milan_cathedral",1,0,1,0,,9,,9333,,925,,92,,2,,28,,4,,56,,64,,68,,3333,,4375,,5538,,7,,7565,,782
49,"mole_antonelliana",,6,,6,,6,,6667,,65,,68,,12,,24,,4,,4,,4,,48,,2,,3429,,48,,5,,4952,,5628
50,"mont_saint_michel",1,0,1,0,1,0,,9,,925,,94,,16,,32,,48,,52,,56,,68,,2759,,4848,,6486,,6592,,6976,,7891
51,"moulin_rouge",,2,,2,,15,,1,,125,,12,,125,,25,,375,,375,,5,,625,,1538,,2222,,2143,,1579,,2,,2013
52,"nelson_s_column",1,0,,9,,95,,9667,,975,,94,,125,,25,,5,,5833,,625,,6667,,2222,,3913,,6552,,7276,,7617,,7801
53,"notre_dame_de_paris",1,0,,9,,95,,9,,875,,86,,16,,32,,4,,44,,48,,6,,2759,,4721,,563,,591,,6199,,7068
54,"obelisco",,0,,1,,15,,1333,,15,,2,,0,,0909,,2727,,2727,,3636,,5455,,0,,0952,,1935,,1791,,2124,,2927
55,"piccadilly_circus",,8,,9,,8,,8,,75,,76,,1739,,3478,,4783,,6087,,6522,,7391,,2857,,5017,,5986,,6914,,6977,,7494
56,"place_de_la_concorde",1,0,1,0,1,0,1,0,1,0,1,0,,16,,32,,52,,6,,76,,76,,2759,,4848,,6842,,75,,8636,,8636
57,"place_de_la_republique",,4,,3,,25,,2,,175,,14,,25,,375,,625,,625,,625,,625,,3077,,3333,,3571,,303,,2734,,2288
58,"place_des_vosges",,8,,7,,6,,6333,,65,,62,,16,,24,,4,,48,,56,,56,,2667,,3574,,48,,5461,,6017,,5885
59,"pont_du_gard",,8,,8,,8,,7333,,75,,74,,12,,28,,32,,4,,44,,56,,2087,,4148,,4571,,5176,,5546,,6375
60,"pont_neuf",,4,,7,,75,,8,,8,,74,,08,,2,,4,,48,,56,,64,,1333,,3111,,5217,,6,,6588,,6864
61,"ponte_vecchio",,8,,8,,75,,7,,7,,72,,125,,25,,4167,,5,,5417,,625,,2162,,381,,5357,,5833,,6107,,6691
62,"puerta_de_alcala",,8,,8,,7,,6667,,65,,68,,2105,,3684,,4211,,4737,,6316,,6316,,3333,,5045,,5258,,5538,,6407,,6549
63,"puerta_del_sol",,6,,4,,35,,4333,,45,,44,,15,,2,,3,,45,,5,,55,,24,,2667,,3231,,4415,,4737,,4889
64,"red_fort",1,0,,9,,95,,9667,,975,,98,,2,,32,,48,,56,,68,,76,,3333,,4721,,6378,,7092,,8012,,8561
65,"reims_cathedral",1,0,1,0,1,0,,9333,,875,,84,,2,,28,,52,,6,,64,,64,,3333,,4375,,6842,,7304,,7393,,7265
66,"rialto_bridge",,8,,5,,45,,4667,,5,,5,,25,,25,,4375,,5625,,75,,8125,,381,,3333,,4437,,5101,,6,,619
67,"roman_forum_rome",,8,,7,,75,,7667,,75,,76,,16,,24,,44,,52,,52,,56,,2667,,3574,,5546,,6197,,6142,,6448
68,"sacre_coeur",,8,,6,,6,,5,,55,,52,,1667,,25,,2917,,375,,4583,,4583,,2759,,3529,,3925,,4286,,5,,4872
69,"sagrada_familia",1,0,,9,,8,,8667,,875,,9,,2,,28,,44,,52,,64,,68,,3333,,4271,,5677,,65,,7393,,7747
70,"santa_maria_novella",,4,,5,,45,,5,,525,,54,,08,,2,,24,,36,,44,,52,,1333,,2857,,313,,4186,,4788,,5298
71,"schonbrunn_palace",,8,,9,,9,,9,,875,,9,,16,,32,,44,,52,,6,,68,,2667,,4721,,591,,6592,,7119,,7747
72,"seville_cathedral",,8,,9,,9,,9333,,95,,94,,16,,28,,44,,56,,64,,72,,2667,,4271,,591,,7,,7648,,8154
73,"spanish_steps",,6,,7,,7,,7,,65,,66,,1364,,3182,,4545,,5909,,6364,,7273,,2222,,4375,,5512,,6408,,6431,,692
74,"st__basil_cathedral",1,0,,9,,85,,8667,,875,,86,,16,,32,,52,,64,,72,,76,,2759,,4721,,6453,,7363,,79,,8069
75,"statue_of_liberty",1,0,1,0,,95,,9333,,95,,96,,16,,36,,4,,56,,64,,72,,2759,,5294,,563,,7,,7648,,8229
76,"stonehenge",,6,,7,,7,,7333,,7,,66,,1579,,1579,,4211,,4211,,4211,,4737,,25,,2577,,5258,,535,,5258,,5515
77,"summer_palace_beijing",,6,,6,,65,,7333,,775,,76,,12,,2,,36,,48,,64,,64,,2,,3,,4634,,5802,,7011,,6949
78,"sydney_opera_house",1,0,,9,,8,,7333,,75,,78,,16,,28,,4,,44,,52,,6,,2759,,4271,,5333,,55,,6142,,6783
79,"teotihuacan",,8,,9,,75,,7667,,75,,72,,12,,24,,36,,48,,48,,52,,2087,,3789,,4865,,5904,,5854,,6039
80,"terracotta_army",,6,,7,,65,,6667,,675,,68,,15,,35,,5,,6,,7,,8,,24,,4667,,5652,,6316,,6873,,7351
81,"the_blue_mosque",1,0,,9,,95,,9333,,95,,94,,16,,24,,36,,36,,4,,48,,2759,,3789,,5221,,5196,,563,,6355
82,"the_henry_ford",,4,,6,,55,,5333,,55,,56,,08,,2,,36,,52,,56,,64,,1333,,3,,4352,,5266,,555,,5973
83,"taj_mahal",1,0,,8,,85,,8667,,875,,9,,2,,32,,52,,56,,68,,76,,3333,,4571,,6453,,6804,,7653,,8241
84,"tour_montparnasse",,6,,6,,5,,4,,45,,44,,15,,3,,35,,45,,6,,6,,24,,4,,4118,,4235,,5143,,5077
85,"tower_bridge_london",,6,,6,,65,,6,,575,,6,,12,,24,,4,,4,,44,,44,,2,,3429,,4952,,48,,4985,,5077
86,"trafalgar_square",,8,,7,,65,,7,,625,,64,,1818,,2273,,4091,,4091,,4545,,5,,2963,,3431,,5021,,5164,,5263,,5614
87,"leaning_tower_of_pisa",,6,,4,,5,,5333,,575,,6,,12,,12,,36,,4,,48,,52,,2,,1846,,4186,,4571,,5232,,5571
88,"hermitage_museum_saint_petersburg",,6,,8,,8,,8,,85,,84,,12,,28,,52,,56,,68,,72,,2,,4148,,6303,,6588,,7556,,7754
89,"jantar_mantar_jaipur",1,0,1,0,,9,,9,,925,,92,,16,,36,,48,,68,,72,,8,,2759,,5294,,6261,,7747,,8097,,8558
90,"lake_titicaca_peru",,8,,7,,65,,6333,,575,,58,,1667,,25,,4583,,5417,,625,,6667,,2759,,3684,,5376,,5839,,599,,6203
91,"the_great_wall_of_china",,8,,8,,8,,7667,,8,,78,,16,,24,,48,,6,,64,,72,,2667,,3692,,6,,6732,,7111,,7488
92,"grande_arche_paris",,4,,5,,55,,5333,,55,,58,,08,,2,,32,,36,,4,,48,,1333,,2857,,4046,,4299,,4632,,5253
93,"el_angel_mexico",,6,,4,,4,,4,,425,,46,,1429,,1905,,2381,,4286,,4762,,5714,,2308,,2581,,2985,,4138,,4491,,5097
94,"bibliotheque_nationale_de_france",,6,,8,,8,,7667,,775,,78,,12,,32,,52,,56,,68,,72,,2,,4571,,6303,,6472,,7244,,7488
95,"kronborg_castle",,8,,8,,85,,8667,,875,,86,,125,,25,,4583,,5,,5,,5,,2162,,381,,5955,,6341,,6364,,6324
96,"ajanta_caves",1,0,1,0,,9,,9333,,95,,94,,2273,,4545,,6364,,7727,,8636,,8636,,3704,,625,,7456,,8455,,9048,,9002
97,"atomium",1,0,,8,,85,,8,,825,,82,,1429,,1429,,4286,,4762,,619,,6667,,25,,2424,,5698,,597,,7073,,7354
98,"ellora_caves",1,0,1,0,,95,,9333,,95,,94,,2273,,3182,,4091,,5,,5909,,5909,,3704,,4828,,5719,,6512,,7286,,7257
99,"potala_palace",1,0,1,0,,9,,9,,925,,92,,2222,,3889,,6111,,6111,,6667,,7222,,3636,,56,,7279,,7279,,7749,,8092
100,"jokhang",,8,,9,,75,,8333,,8,,78,,16,,32,,48,,68,,76,,76,,2667,,4721,,5854,,7489,,7795,,7699
101,"rila_monastery",,8,,8,,85,,8667,,85,,82,,16,,2,,32,,36,,36,,44,,2667,,32,,465,,5087,,5058,,5727
102,"louvre_pyramid",,8,,8,,85,,8333,,8,,78,,1667,,2222,,3889,,5556,,5556,,6111,,2759,,3478,,5336,,6667,,6557,,6853
103,"brooklyn_bridge",1,0,,9,,9,,8667,,825,,84,,1905,,2381,,3333,,4286,,4762,,5238,,32,,3766,,4865,,5735,,6038,,6453
104,"tower_of_london",,4,,7,,7,,7,,675,,64,,087,,2609,,3478,,4348,,4783,,5217,,1429,,3801,,4647,,5364,,5598,,5749
105,"british_museum_london",1,0,1,0,1,0,,9667,,975,,96,,15,,35,,5,,5,,55,,6,,2609,,5185,,6667,,6591,,7033,,7385
106,"buckingham_palace",,2,,5,,45,,4333,,475,,5,,05,,15,,2,,3,,55,,6,,08,,2308,,2769,,3545,,5098,,5455
107,"charles_bridge_prague",,6,,7,,7,,7,,725,,7,,125,,25,,3333,,375,,4583,,5,,2069,,3684,,4516,,4884,,5616,,5833
108,"champs_elysees_paris",,6,,6,,5,,4667,,475,,44,,2,,3333,,4,,4667,,5333,,5333,,3,,4286,,4444,,4667,,5025,,4822
109,"chrysler_building",1,0,1,0,,95,,9667,,95,,92,,2143,,4286,,6429,,7143,,7857,,7857,,3529,,6,,7668,,8215,,8601,,8476
110,"moma_new_york",,8,,8,,75,,8,,825,,8,,2105,,2632,,4211,,5789,,5789,,6316,,3333,,396,,5393,,6718,,6804,,7059
111,"grand_central_terminal",1,0,,9,,85,,8667,,875,,9,,1429,,2857,,381,,4286,,4762,,5714,,25,,4337,,5261,,5735,,6167,,699
112,"houses_of_parliament",1,0,,8,,85,,8667,,85,,86,,1739,,2174,,3913,,3913,,3913,,3913,,2963,,3419,,5359,,5392,,5359,,5379
113,"alexanderplatz_berlin",,8,,9,,85,,8,,8,,78,,16,,24,,32,,36,,4,,52,,2667,,3789,,465,,4966,,5333,,624
114,"centre_pompidou",,6,,7,,75,,7667,,775,,74,,1667,,2778,,5,,5556,,6667,,7778,,2609,,3977,,6,,6443,,7168,,7584
115,"sydney_harbour_bridge",1,0,1,0,,95,,9333,,9,,9,,3125,,4375,,625,,6875,,75,,75,,4762,,6087,,754,,7918,,8182,,8182
116,"pier_39",,6,,8,,85,,9,,9,,84,,1429,,381,,4762,,5238,,619,,6667,,2308,,5161,,6104,,6622,,7335,,7434
117,"coit_tower",,4,,6,,6,,6667,,7,,74,,1333,,3333,,4667,,4667,,4667,,6,,2,,4286,,525,,549,,56,,6627
118,"st_paul_s_cathedral_london",1,0,,7,,8,,7,,7,,68,,2941,,4118,,5882,,5882,,6471,,7059,,4545,,5185,,678,,6393,,6725,,6927
119,"cloud_gate",,4,,7,,8,,8,,775,,72,,1667,,4167,,5833,,6667,,75,,75,,2353,,5224,,6747,,7273,,7623,,7347
120,"musee_d_orsay",1,0,1,0,,95,,9667,,975,,96,,1905,,2381,,4286,,5714,,619,,619,,32,,3846,,5907,,7183,,7573,,7527
121,"pike_place_market",1,0,,9,,85,,8,,775,,78,,2381,,2857,,381,,4762,,5238,,5238,,3846,,4337,,5261,,597,,6251,,6267
122,"royal_palace_madrid",1,0,1,0,,95,,8333,,825,,84,,1818,,3636,,6818,,7727,,7727,,8182,,3077,,5333,,7939,,8019,,798,,8289
123,"sony_center_berlin",,8,,8,,8,,8333,,85,,88,,0952,,0952,,2857,,381,,4286,,5238,,1702,,1702,,4211,,5229,,5698,,6567
124,"red_square_moscow",,6,,8,,75,,8,,725,,72,,0952,,3333,,5714,,6667,,7619,,7619,,1644,,4706,,6486,,7273,,743,,7404
125,"prague_castle",,8,,9,,75,,8333,,85,,88,,16,,28,,44,,64,,68,,76,,2667,,4271,,5546,,724,,7556,,8156
126,"musee_du_louvre",1,0,1,0,1,0,1,0,,975,,94,,16,,32,,52,,6,,64,,64,,2759,,4848,,6842,,75,,7728,,7615
127,"millennium_bridge_london",1,0,1,0,,85,,7667,,775,,74,,16,,28,,44,,48,,56,,64,,2759,,4375,,5798,,5904,,6502,,6864
128,"casa_mila",1,0,1,0,,95,,8667,,875,,9,,2,,36,,52,,52,,56,,72,,3333,,5294,,6721,,65,,6829,,8
129,"national_gallery_london",,4,,5,,6,,5667,,525,,58,,0909,,1818,,3636,,5,,5,,6364,,1481,,2667,,4528,,5312,,5122,,6069
130,"national_mall",,4,,7,,65,,6667,,675,,7,,08,,28,,48,,64,,68,,76,,1333,,4,,5522,,6531,,6775,,7288
131,"london_city_hall",,4,,6,,6,,6,,625,,6,,1,,25,,45,,5,,5,,5,,16,,3529,,5143,,5455,,5556,,5455
132,"holocaust_memorial",,4,,5,,45,,4333,,45,,46,,125,,1875,,375,,5,,5625,,5625,,1905,,2727,,4091,,4643,,5,,5061
133,"columbus_circle",1,0,,7,,6,,5333,,575,,54,,2,,28,,4,,52,,64,,64,,3333,,4,,48,,5266,,6058,,5858
134,"siegessaeule",,6,,6,,65,,6,,625,,62,,12,,24,,44,,52,,6,,68,,2,,3429,,5248,,5571,,6122,,6486
135,"jardin_du_luxembourg",,8,,8,,85,,8667,,85,,84,,08,,16,,36,,48,,6,,6,,1455,,2667,,5058,,6178,,7034,,7
136,"merlion_singapore",,6,,7,,55,,5667,,575,,5,,1364,,2727,,4091,,6364,,7273,,7273,,2222,,3925,,4692,,5995,,6422,,5926
137,"harrods_london",,8,,9,,85,,8333,,825,,82,,16,,32,,4,,4,,44,,52,,2667,,4721,,544,,5405,,5739,,6364
138,"metropolitan_museum_of_art_new_york",1,0,1,0,1,0,1,0,1,0,1,0,,12,,24,,44,,52,,64,,72,,2143,,3871,,6111,,6842,,7805,,8372
139,"new_york_stock_exchange",,8,,8,,75,,7,,6,,58,,2,,4,,5,,6,,6,,6,,32,,5333,,6,,6462,,6,,5898
140,"stephansdom_vienna",1,0,,9,,9,,9,,9,,9,,2,,28,,44,,56,,64,,68,,3333,,4271,,591,,6904,,7481,,7747
141,"hms_belfast",1,0,1,0,1,0,,9667,,975,,96,,16,,28,,48,,52,,64,,72,,2759,,4375,,6486,,6762,,7728,,8229
142,"leicester_square",1,0,,8,,8,,7667,,725,,7,,2,,24,,36,,48,,56,,56,,3333,,3692,,4966,,5904,,6319,,6222
143,"ciudad_de_las_artes_y_las_ciencias",1,0,1,0,1,0,,9667,,975,,96,,16,,36,,52,,68,,68,,72,,2759,,5294,,6842,,7984,,8012,,8229
144,"topkapi_palace",1,0,,9,,95,,9667,,975,,98,,2,,32,,48,,56,,64,,76,,3333,,4721,,6378,,7092,,7728,,8561
145,"royal_albert_hall",,6,,7,,65,,6667,,7,,72,,12,,2,,36,,52,,56,,64,,2,,3111,,4634,,5843,,6222,,6776
146,"st_vitus_cathedral",,8,,9,,85,,8333,,875,,88,,16,,36,,48,,56,,6,,64,,2667,,5143,,6135,,6699,,7119,,7411
147,"castello_sforzesco",1,0,1,0,1,0,,9,,9,,92,,2,,28,,44,,44,,48,,56,,3333,,4375,,6111,,591,,6261,,6962
148,"rijksmuseum_amsterdam",1,0,,9,,95,,9667,,975,,98,,2,,36,,56,,68,,72,,76,,3333,,5143,,7046,,7984,,8283,,8561
149,"dam_square",,4,,5,,55,,6333,,65,,66,,08,,16,,28,,4,,44,,44,,1333,,2424,,3711,,4903,,5248,,528
150,"rathaus_vienna",,8,,5,,6,,5667,,55,,58,,12,,16,,36,,44,,48,,56,,2087,,2424,,45,,4954,,5126,,5698
151,"bath_abbey",,8,,9,,9,,9,,925,,9,,08,,24,,44,,52,,64,,76,,1455,,3789,,591,,6592,,7565,,8241
152,"salisbury_cathedral",,8,,9,,95,,9667,,95,,96,,16,,32,,44,,52,,56,,56,,2667,,4721,,6014,,6762,,7046,,7074
153,"templo_de_debod",,4,,4,,3,,3,,375,,4,,0909,,1818,,2273,,2727,,4545,,5,,1481,,25,,2586,,2857,,411,,4444
154,"Niagara_Falls",,8,,5,,6,,6333,,6,,62,,1364,,1818,,3182,,5455,,5909,,7273,,233,,2667,,4158,,5861,,5954,,6694
155,"Golden_Gate_Bridge_in_San_Francisco",1,0,1,0,1,0,1,0,,975,,98,,1364,,3182,,6364,,7727,,8182,,8636,,24,,4828,,7778,,8718,,8897,,9181
156,"Neuschwanstein_Castle",1,0,,9,,95,,9333,,925,,94,,16,,24,,4,,44,,52,,6,,2759,,3789,,563,,5981,,6657,,7325
157,"Christ_Church_Cathedral_Missouri",,8,,9,,75,,7333,,8,,8,,16,,32,,44,,48,,64,,72,,2667,,4721,,5546,,5802,,7111,,7579
158,"Mount_Rushmore_in_South_Dakota",,8,,8,,85,,8333,,85,,86,,16,,28,,4,,52,,56,,6,,2667,,4148,,544,,6404,,6752,,7068
159,"Puerta_de_Toledo",,2,,1,,1,,1,,075,,06,,5,,5,1,0,1,0,1,0,1,0,,2857,,1667,,1818,,1818,,1395,,1132
160,"Urquhart_Castle",1,0,,9,,9,,9333,,925,,92,,2083,,2917,,3333,,4583,,5833,,6667,,3448,,4406,,4865,,6148,,7155,,7731
161,"Gare_du_Nord_Paris",,8,,9,,85,,9,,85,,84,,16,,28,,44,,6,,64,,64,,2667,,4271,,5798,,72,,7302,,7265
162,"Newgrange_in_Ireland",,2,,6,,55,,6333,,675,,74,,0417,,2083,,3333,,4583,,4583,,625,,069,,3093,,4151,,5318,,546,,6777
163,"Windmills_at_Kinderdijk",,8,,7,,85,,8333,,825,,84,,16,,28,,44,,6,,68,,68,,2667,,4,,5798,,6977,,7455,,7516
164,"Conciergerie",1,0,1,0,,95,,9667,,975,,98,,2,,32,,44,,52,,64,,72,,3333,,4848,,6014,,6762,,7728,,8301
165,"Palazzo_Madama",,6,,6,,55,,5667,,575,,54,,1364,,2727,,4091,,4091,,5455,,5909,,2222,,375,,4692,,4752,,5598,,5643
166,"Split_Rock_Lighthouse",,8,,8,,7,,7,,75,,76,,12,,28,,36,,48,,64,,68,,2087,,4148,,4755,,5695,,6906,,7178
167,"The_Little_Mermaid_Denmark",,6,,7,,5,,5667,,6,,6,,2143,,4286,,5,,5714,,7143,,7857,,3158,,5316,,5,,569,,6522,,6804
168,"Great_Pyramid_of_Giza",1,0,,6,,7,,7333,,675,,64,,2667,,3333,,4667,,5333,,6,,6667,,4211,,4286,,56,,6175,,6353,,6531
169,"Pitti_Palace",,8,,6,,7,,6333,,575,,6,,1818,,2727,,5,,5455,,5909,,5909,,2963,,375,,5833,,5861,,5828,,5954
170,"Georgia_State_Capitol",,6,,4,,35,,4,,375,,38,,1579,,2105,,2105,,2632,,2632,,2632,,25,,2759,,2629,,3175,,3093,,311
171,"Dome_des_Invalides",1,0,1,0,1,0,,9667,,975,,98,,2,,28,,36,,36,,48,,6,,3333,,4375,,5294,,5246,,6433,,7443
172,"Reggia_di_Caserta",1,0,,7,,7,,6333,,7,,72,,12,,2,,36,,4,,52,,6,,2143,,3111,,4755,,4903,,5967,,6545
173,"The_Burj_al_Arab_Hotel",,8,,7,,8,,8,,775,,8,,16,,24,,4,,52,,52,,6,,2667,,3574,,5333,,6303,,6224,,6857
174,"Elephanta_Caves",,6,,7,,65,,6333,,625,,62,,0833,,2083,,4167,,5,,5,,5833,,1463,,3211,,5078,,5588,,5556,,6011
175,"Basilica_of_Santa_Croce",1,0,1,0,,95,,9667,,975,,98,,2,,36,,48,,64,,68,,8,,3333,,5294,,6378,,7701,,8012,,8809
176,"Aachen_Cathedral",1,0,,9,,85,,8667,,875,,88,,16,,28,,4,,56,,64,,64,,2759,,4271,,544,,6804,,7393,,7411
177,"Monument_to_the_Great_Fire_of_London",,6,,7,,75,,7667,,75,,72,,12,,28,,44,,56,,6,,68,,2,,4,,5546,,6472,,6667,,6994
178,"Longmen_Grottoes",,4,,6,,55,,6,,625,,68,,08,,24,,36,,52,,6,,68,,1333,,3429,,4352,,5571,,6122,,68
179,"Louisiana_State_Capitol",,2,,5,,5,,4667,,475,,44,,04,,2,,28,,4,,4,,52,,0667,,2857,,359,,4308,,4343,,4767
180,"The_Great_Sphinx_at_Giza",,8,,8,,8,,7667,,75,,76,,16,,32,,48,,48,,56,,6,,2667,,4571,,6,,5904,,6412,,6706
181,"Teatro_Real_Madrid",,6,,7,,6,,6,,625,,64,,087,,1739,,3478,,4783,,6087,,7391,,1519,,2786,,4404,,5323,,6167,,686
182,"Palacio_de_la_Magdalena",,8,,7,,6,,5333,,625,,6,,16,,24,,36,,44,,64,,76,,2667,,3574,,45,,4822,,6324,,6706
183,"Sowjetisches_Ehrenmal",,6,,4,,45,,4,,425,,4,,12,,16,,28,,36,,44,,48,,2,,2286,,3452,,3789,,4324,,4364
184,"Cathedral_of_Trier",,8,,7,,7,,7,,7,,7,,16,,28,,4,,48,,56,,64,,2667,,4,,5091,,5695,,6222,,6687
185,"Saint_Mary_of_the_Flower",,6,,5,,5,,5,,45,,42,,08,,16,,24,,36,,36,,4,,1412,,2424,,3243,,4186,,4,,4098
186,"Skellig_Michael",1,0,,8,,7,,7333,,775,,82,,2,,24,,32,,52,,56,,6,,3333,,3692,,4392,,6085,,6502,,693
187,"Chicago_Board_of_Trade_Building",,8,,8,,65,,6333,,625,,64,,1364,,2727,,3636,,4545,,5455,,5909,,233,,4068,,4664,,5292,,5825,,6145
188,"Pont_de_Normandie_France",,6,,6,,6,,6667,,725,,68,,1579,,2632,,4211,,7368,,7895,,7895,,25,,3659,,4948,,7,,7559,,7307
189,"Palazzo_Rosso",,0,,0,,0,,0333,,025,,02,,0,,0,,0,,0417,,0417,,0417,,0,,0,,0,,037,,0312,,027
190,"Piazza_Vittorio_Veneto",,4,,3,,35,,3,,275,,28,,125,,125,,25,,375,,4375,,4375,,1905,,1765,,2917,,3333,,3377,,3415
191,"Sforza_Castle",1,0,1,0,1,0,,9667,,95,,96,,12,,24,,44,,56,,64,,64,,2143,,3871,,6111,,7092,,7648,,768
192,"Torres_KIO",1,0,,9,,75,,8,,825,,84,,16,,28,,4,,56,,56,,72,,2759,,4271,,5217,,6588,,6671,,7754
193,"Torre_Picasso",,8,,9,,8,,7667,,75,,76,,125,,25,,4167,,5417,,5417,,625,,2162,,3913,,5479,,6348,,629,,6859
194,"The_Palace_of_Parliament_in_Bucharest",,8,,8,,85,,8,,75,,8,,16,,32,,48,,56,,56,,68,,2667,,4571,,6135,,6588,,6412,,7351
195,"Ernest_Hemingway_House",,8,,9,,9,,8333,,8,,76,,12,,28,,44,,6,,6,,64,,2087,,4271,,591,,6977,,6857,,6949
196,"Castel_dellOvo_Napoli",,6,,8,,75,,7667,,8,,82,,08,,24,,48,,6,,72,,72,,1412,,3692,,5854,,6732,,7579,,7668
197,"Villa_Borghese_gardens",1,0,1,0,1,0,1,0,1,0,1,0,,16,,36,,52,,6,,72,,76,,2759,,5294,,6842,,75,,8372,,8636
198,"Saint_Marks_Basilica",1,0,,8,,85,,8667,,85,,84,,2,,32,,4,,48,,64,,72,,3333,,4571,,544,,6178,,7302,,7754
199,"Mausoleum_of_the_First_Qin_Emperor",1,0,,9,,85,,8333,,85,,86,,16,,28,,44,,52,,6,,64,,2759,,4271,,5798,,6404,,7034,,7339
200,"Mausoleum_of_Hadrian",,6,,7,,65,,6333,,625,,62,,1667,,3333,,5,,6111,,7222,,7778,,2609,,4516,,5652,,622,,6701,,69
201,"Piazza_de_Ferrari",1,0,,9,,95,,9333,,95,,94,,1579,,2105,,3684,,4737,,5789,,5789,,2727,,3412,,5309,,6284,,7194,,7166
202,"George_Washington_Carver",,4,,4,,5,,5,,525,,5,,125,,25,,375,,4375,,5625,,5625,,1905,,3077,,4286,,4667,,5431,,5294
203,"Cathedral_of_Santiago_de_Compostela",,8,,8,,7,,7333,,725,,7,,1176,,2941,,4118,,5882,,7059,,7059,,2051,,4301,,5185,,6528,,7153,,7029
204,"Saint-Jacques_Tower",1,0,,6,,7,,6667,,675,,68,,2308,,2308,,5385,,6154,,6923,,6923,,375,,3333,,6087,,64,,6835,,6861
205,"Calakmul_Campeche_Mexico",1,0,,7,,8,,7333,,7,,7,,2857,,3571,,5714,,7143,,7857,,8571,,4444,,473,,6667,,7237,,7404,,7706
206,"Bran_Castle_in_Transylvania",1,0,,9,,9,,9,,9,,9,,1579,,2632,,4737,,6316,,6842,,6842,,2727,,4072,,6207,,7423,,7774,,7774
207,"Mosteiro_da_Batalha",1,0,1,0,1,0,1,0,1,0,1,0,,2105,,3158,,5789,,6316,,6316,,6316,,3478,,48,,7333,,7742,,7742,,7742
208,"Wartburg_Castle",1,0,,9,,85,,8667,,9,,9,,2,,3,,45,,6,,75,,75,,3333,,45,,5885,,7091,,8182,,8182
209,"Fujian_Tulou_Fujian_China",1,0,1,0,1,0,1,0,,975,,96,,2778,,2778,,4444,,5,,6111,,7222,,4348,,4348,,6154,,6667,,7513,,8243
210,"Alabama_State_Capitol",,6,,5,,6,,6,,575,,6,,1429,,2381,,4286,,5238,,619,,7143,,2308,,3226,,5,,5593,,5962,,6522
211,"Palazzo_dAccursio",,4,,4,,45,,4667,,45,,42,,0556,,1667,,3333,,3889,,4444,,4444,,0976,,2353,,383,,4242,,4472,,4319
212,"Casa_Grande_Ruins",1,0,1,0,,85,,7333,,65,,66,,1765,,4118,,5294,,5294,,5294,,5882,,3,,5833,,6525,,6149,,5835,,6221
213,"Stravinsky_Fountain",,8,,9,,8,,7667,,725,,72,,2,,2,,4667,,5333,,5333,,6667,,32,,3273,,5895,,6291,,6146,,6923
214,"Angel_Falls_Venezuela",,6,,3,,45,,4667,,35,,38,,1765,,1765,,4118,,4706,,4706,,5882,,2727,,2222,,43,,4686,,4014,,4617
215,"Statue_of_George_IV",,4,,2,,15,,1333,,125,,14,,25,,25,,25,,25,,375,,5,,3077,,2222,,1875,,1739,,1875,,2188
216,"Palacio_Barolo",1,0,,9,,9,,9,,925,,92,,2353,,2941,,5882,,7059,,7647,,7647,,381,,4433,,7115,,7912,,8372,,8352
217,"Bridge_of_Remembrance_Christchurch_New_Zealand",,4,,4,,45,,4667,,425,,46,,1667,,3333,,5,,6667,,75,,75,,2353,,3636,,4737,,549,,5426,,5702
218,"John_A._Roebling_Suspension_Bridge",,4,,4,,45,,5,,55,,56,,0667,,2,,4667,,6667,,7333,,8,,1143,,2667,,4582,,5714,,6286,,6588
219,"Blue_Dome_Santorini",1,0,1,0,1,0,,9667,,95,,94,,3125,,4375,,6875,,875,,875,,9375,,4762,,6087,,8148,,9186,,911,,9387
220,"Fossar_de_les_Moreres",,4,,4,,45,,4667,,5,,5,,1429,,2857,,4286,,5714,,6429,,7143,,2105,,3333,,439,,5138,,5625,,5882
221,"Luxor_Obelisk_France",,8,,9,,9,,8667,,85,,82,,125,,25,,375,,375,,4375,,4375,,2162,,3913,,5294,,5235,,5777,,5706
222,"Valle_de_los_Caidos",1,0,1,0,1,0,,9667,,975,,96,,25,,3,,45,,65,,7,,7,,4,,4615,,6207,,7773,,8149,,8096
--------------------
"--","Avg.",P@5,P@10,P@20,P@30,P@40,P@50,CR@5,CR@10,CR@20,CR@30,CR@40,CR@50,F1@5,F1@10,F1@20,F1@30,F1@40,F1@50
,,,7667,,7541,,7423,,7365,,7369,,737,,1566,,2722,,4261,,5183,,5883,,6443,,2554,,3925,,5304,,5957,,6405,,673