--------------------
"Run name","output_runLUMXBIndex"
--------------------
"Average P@20 = ",,7779
"Average CR@20 = ",,4063
"Average F1@20 = ",,5239
--------------------
"Query Id ","Location name",P@5,P@10,P@20,P@30,P@40,P@50,CR@5,CR@10,CR@20,CR@30,CR@40,CR@50,F1@5,F1@10,F1@20,F1@30,F1@40,F1@50
1,"angel_of_the_north",1,0,1,0,1,0,1,0,1,0,1,0,,2,,36,,52,,64,,72,,76,,3333,,5294,,6842,,7805,,8372,,8636
2,"big_ben",,8,,9,,85,,8667,,725,,66,,1818,,1818,,3182,,4091,,4091,,4545,,2963,,3025,,463,,5558,,523,,5383
3,"hearst_castle",,8,,9,,9,,9333,,9,,88,,1667,,2917,,5,,7083,,8333,,8333,,2759,,4406,,6429,,8054,,8654,,856
4,"la_madeleine",,4,,2,,4,,3333,,3,,26,,1429,,1429,,4286,,5714,,6429,,7143,,2105,,1667,,4138,,4211,,4091,,3812
5,"pont_alexandre_iii",1,0,1,0,1,0,1,0,,95,,92,,16,,32,,44,,64,,76,,76,,2759,,4848,,6111,,7805,,8444,,8324
6,"neues_museum",,0,,0,,25,,5,,625,,7,,0,,0,,16,,44,,64,,64,,0,,0,,1951,,4681,,6324,,6687
7,"montezuma_castle",,8,,9,,8,,7,,65,,6,,1667,,4167,,5833,,6667,,6667,,75,,2759,,5696,,6747,,6829,,6582,,6667
8,"cn_tower",,6,,7,,8,,6333,,675,,64,,125,,2083,,4167,,4583,,5833,,6667,,2069,,3211,,5479,,5318,,6258,,6531
9,"acropolis_athens",,6,,7,,8,,8333,,875,,8,,1429,,2381,,4286,,5714,,619,,619,,2308,,3553,,5581,,678,,7251,,698
10,"agra_fort",,8,,9,,8,,8333,,85,,88,,16,,32,,52,,56,,72,,76,,2667,,4721,,6303,,6699,,7796,,8156
11,"albert_memorial",,6,,7,,6,,7,,775,,82,,0909,,0909,,1818,,3182,,5,,6364,,1579,,1609,,2791,,4375,,6078,,7166
12,"altes_museum",1,0,,9,,5,,6,,675,,72,,1667,,3333,,375,,5417,,6667,,7917,,2857,,4865,,4286,,5693,,6708,,7541
13,"amiens_cathedral",1,0,,9,,95,,9667,,95,,96,,2,,24,,4,,52,,72,,72,,3333,,3789,,563,,6762,,8192,,8229
14,"angkor_wat",,8,,7,,65,,7667,,8,,82,,12,,24,,4,,56,,76,,8,,2087,,3574,,4952,,6472,,7795,,8099
15,"ara_pacis",,6,,8,,7,,6667,,675,,64,,1364,,3182,,5,,5455,,6364,,6818,,2222,,4553,,5833,,6,,6551,,6602
16,"arc_de_triomphe",1,0,1,0,,9,,8333,,75,,72,,125,,2083,,4583,,5833,,5833,,625,,2222,,3448,,6074,,6863,,6562,,6691
17,"aztec_ruins",,0,,0,,25,,2333,,325,,44,,0,,0,,2,,24,,4,,56,,0,,0,,2222,,2366,,3586,,4928
18,"berlin_cathedral",,8,,9,,95,,9,,85,,88,,12,,28,,4,,6,,6,,64,,2087,,4271,,563,,72,,7034,,7411
19,"bok_tower_gardens",1,0,,7,,8,,8,,825,,86,,2,,28,,44,,52,,56,,6,,3333,,4,,5677,,6303,,6671,,7068
20,"brandenburg_gate",1,0,,9,,95,,9333,,95,,96,,2,,2,,4,,6,,64,,72,,3333,,3273,,563,,7304,,7648,,8229
21,"cabrillo",,0,,3,,15,,1,,075,,08,,0,,2308,,2308,,2308,,2308,,3077,,0,,2609,,1818,,1395,,1132,,127
22,"casa_batllo",1,0,1,0,1,0,1,0,,975,,98,,2,,24,,48,,56,,68,,84,,3333,,3871,,6486,,7179,,8012,,9046
23,"casa_rosada",,8,,8,,9,,9,,925,,92,,16,,24,,4,,52,,6,,72,,2667,,3692,,5538,,6592,,7279,,8078
24,"castillo_de_san_marcos",1,0,,9,,55,,5667,,65,,6,,16,,24,,28,,36,,48,,56,,2759,,3789,,3711,,4403,,5522,,5793
25,"chartres_cathedral",1,0,1,0,1,0,,9333,,925,,92,,16,,24,,52,,64,,72,,8,,2759,,3871,,6842,,7593,,8097,,8558
26,"chichen_itza",1,0,,9,,9,,9333,,95,,96,,2,,2,,36,,52,,64,,72,,3333,,3273,,5143,,6679,,7648,,8229
27,"christ_the_redeemer_rio",,2,,3,,5,,4333,,425,,52,,0435,,087,,2609,,3043,,4783,,6522,,0714,,1348,,3429,,3576,,4501,,5786
28,"civic_center_san_francisco",1,0,,9,,9,,8,,65,,52,,2,,36,,52,,56,,6,,6,,3333,,5143,,6592,,6588,,624,,5571
29,"cologne_cathedral",1,0,1,0,,95,,9333,,95,,96,,2,,32,,44,,56,,68,,72,,3333,,4848,,6014,,7,,7926,,8229
30,"colosseum",1,0,1,0,1,0,1,0,,85,,88,,16,,28,,44,,56,,56,,68,,2759,,4375,,6111,,7179,,6752,,7672
31,"doge_s_palace",,8,,9,,75,,8333,,875,,9,,12,,2,,4,,48,,48,,48,,2087,,3273,,5217,,6091,,6199,,6261
32,"eiffel_tower",1,0,1,0,,9,,8667,,875,,88,,16,,32,,48,,56,,6,,68,,2759,,4848,,6261,,6804,,7119,,7672
33,"golden_gate_bridge",1,0,1,0,,85,,8667,,725,,78,,1739,,3478,,3913,,5652,,5652,,6087,,2963,,5161,,5359,,6842,,6352,,6838
34,"grand_palais",1,0,1,0,,9,,9333,,925,,94,,1818,,3182,,4091,,5,,5909,,7273,,3077,,4828,,5625,,6512,,7211,,8201
35,"guggenheim_museum_bilbao",1,0,1,0,1,0,,9667,,95,,96,,16,,24,,44,,56,,6,,68,,2759,,3871,,6111,,7092,,7355,,7961
36,"hagia_sophia_istanbul",1,0,1,0,1,0,,9333,,95,,94,,2,,32,,36,,52,,68,,8,,3333,,4848,,5294,,6679,,7926,,8644
37,"hoover_dam",1,0,,9,,85,,9,,875,,86,,16,,24,,48,,56,,64,,76,,2759,,3789,,6135,,6904,,7393,,8069
38,"humayun_tomb",,6,,4,,65,,7667,,8,,84,,12,,16,,36,,64,,68,,8,,2,,2286,,4634,,6976,,7351,,8195
39,"iguazu_falls",,8,,8,,75,,7667,,775,,76,,12,,2,,32,,48,,6,,68,,2087,,32,,4486,,5904,,6764,,7178
40,"iolani_palace",1,0,1,0,,6,,6,,65,,62,,16,,28,,36,,48,,6,,68,,2759,,4375,,45,,5333,,624,,6486
41,"la_mezquita",,8,,9,,8,,7,,625,,56,,125,,3333,,5,,5,,625,,6667,,2162,,4865,,6154,,5833,,625,,6087
42,"la_rambla_barcelona",,8,,9,,9,,9333,,95,,94,,12,,16,,28,,32,,32,,56,,2087,,2717,,4271,,4766,,4787,,7019
43,"la_sainte_chapelle",1,0,,9,,95,,9667,,95,,96,,2,,36,,52,,6,,72,,8,,3333,,5143,,6721,,7404,,8192,,8727
44,"liberty_memorial",,6,,5,,75,,6667,,675,,66,,08,,12,,32,,44,,6,,64,,1412,,1935,,4486,,5301,,6353,,6498
45,"lincoln_home",1,0,,9,,95,,9667,,875,,72,,2778,,3333,,6667,,7222,,7778,,7778,,4348,,4865,,7835,,8268,,8235,,7478
46,"machu_picchu",,6,,7,,55,,6,,65,,64,,12,,28,,36,,52,,64,,68,,2,,4,,4352,,5571,,645,,6594
47,"marble_arch_london",,6,,5,,45,,3,,3,,28,,25,,25,,4167,,4167,,5833,,6667,,3529,,3333,,4327,,3488,,3962,,3944
48,"milan_cathedral",,8,,9,,85,,8667,,9,,84,,16,,32,,48,,56,,64,,64,,2667,,4721,,6135,,6804,,7481,,7265
49,"mole_antonelliana",,8,,8,,65,,7667,,725,,76,,12,,2,,36,,44,,6,,72,,2087,,32,,4634,,5591,,6566,,7395
50,"mont_saint_michel",1,0,1,0,1,0,,9333,,95,,92,,2,,32,,4,,48,,68,,76,,3333,,4848,,5714,,634,,7926,,8324
51,"moulin_rouge",,0,,0,,0,,1,,075,,06,,0,,0,,0,,375,,375,,375,,0,,0,,0,,1579,,125,,1034
52,"nelson_s_column",1,0,,9,,95,,9667,,975,,96,,125,,25,,4583,,5833,,7083,,7083,,2222,,3913,,6183,,7276,,8205,,8152
53,"notre_dame_de_paris",,8,,9,,9,,8667,,775,,82,,16,,24,,44,,52,,64,,68,,2667,,3789,,591,,65,,7011,,7435
54,"obelisco",,4,,2,,15,,1667,,275,,24,,0909,,0909,,1818,,2727,,6364,,6364,,1481,,125,,1644,,2069,,384,,3485
55,"piccadilly_circus",1,0,,9,,85,,8,,8,,72,,2174,,3043,,4783,,5652,,6957,,7391,,3571,,4549,,6121,,6624,,7442,,7294
56,"place_de_la_concorde",1,0,1,0,,95,,9667,,95,,94,,16,,28,,44,,52,,6,,68,,2759,,4375,,6014,,6762,,7355,,7891
57,"place_de_la_republique",,2,,2,,15,,1,,075,,08,,125,,25,,375,,375,,375,,375,,1538,,2222,,2143,,1579,,125,,1319
58,"place_des_vosges",,8,,9,,95,,7667,,725,,72,,12,,24,,48,,56,,6,,6,,2087,,3789,,6378,,6472,,6566,,6545
59,"pont_du_gard",,8,,9,,95,,8,,75,,76,,16,,28,,44,,48,,48,,56,,2667,,4271,,6014,,6,,5854,,6448
60,"pont_neuf",1,0,1,0,,85,,6667,,7,,62,,2,,28,,44,,48,,6,,6,,3333,,4375,,5798,,5581,,6462,,6098
61,"ponte_vecchio",,8,,9,,85,,7333,,625,,68,,1667,,2917,,5417,,5833,,6667,,7083,,2759,,4406,,6617,,6498,,6452,,6939
62,"puerta_de_alcala",,4,,2,,45,,5333,,6,,56,,1053,,1053,,3158,,5263,,6316,,7368,,1667,,1379,,3711,,5298,,6154,,6364
63,"puerta_del_sol",,6,,5,,4,,2667,,225,,2,,15,,2,,25,,25,,25,,3,,24,,2857,,3077,,2581,,2368,,24
64,"red_fort",1,0,1,0,1,0,,9667,,975,,98,,2,,36,,64,,68,,68,,8,,3333,,5294,,7805,,7984,,8012,,8809
65,"reims_cathedral",1,0,1,0,1,0,1,0,,9,,9,,2,,28,,32,,4,,48,,68,,3333,,4375,,4848,,5714,,6261,,7747
66,"rialto_bridge",1,0,,9,,75,,5333,,4,,44,,1875,,3125,,4375,,4375,,4375,,625,,3158,,4639,,5526,,4807,,4179,,5164
67,"roman_forum_rome",,6,,7,,75,,7667,,7,,76,,12,,2,,36,,6,,72,,8,,2,,3111,,4865,,6732,,7099,,7795
68,"sacre_coeur",,6,,6,,7,,7333,,625,,58,,125,,1667,,375,,5417,,5833,,7083,,2069,,2609,,4884,,6231,,6034,,6378
69,"sagrada_familia",,8,,9,,95,,9,,9,,88,,12,,16,,36,,44,,56,,64,,2087,,2717,,5221,,591,,6904,,7411
70,"santa_maria_novella",1,0,,5,,6,,5,,575,,56,,16,,16,,36,,44,,56,,64,,2759,,2424,,45,,4681,,5674,,5973
71,"schonbrunn_palace",1,0,1,0,1,0,1,0,1,0,1,0,,2,,32,,44,,52,,68,,72,,3333,,4848,,6111,,6842,,8095,,8372
72,"seville_cathedral",,6,,8,,9,,9333,,95,,96,,12,,28,,44,,6,,68,,68,,2,,4148,,591,,7304,,7926,,7961
73,"spanish_steps",,6,,5,,6,,6,,525,,56,,0909,,1818,,4091,,5,,5455,,6364,,1579,,2667,,4865,,5455,,535,,5957
74,"st__basil_cathedral",1,0,1,0,,9,,8667,,9,,92,,12,,28,,32,,48,,6,,76,,2143,,4375,,4721,,6178,,72,,8324
75,"statue_of_liberty",,8,,9,,8,,7667,,825,,84,,12,,2,,32,,4,,48,,52,,2087,,3273,,4571,,5257,,6069,,6424
76,"stonehenge",,8,,7,,65,,4333,,5,,52,,1579,,3158,,3684,,3684,,3684,,4211,,2637,,4352,,4703,,3982,,4242,,4653
77,"summer_palace_beijing",1,0,1,0,,95,,9,,875,,78,,2,,24,,4,,56,,68,,68,,3333,,3871,,563,,6904,,7653,,7266
78,"sydney_opera_house",1,0,,9,,85,,8667,,875,,88,,12,,28,,4,,56,,6,,68,,2143,,4271,,544,,6804,,7119,,7672
79,"teotihuacan",,8,,8,,55,,6667,,725,,78,,16,,28,,32,,56,,72,,72,,2667,,4148,,4046,,6087,,7225,,7488
80,"terracotta_army",,6,,8,,5,,6,,65,,68,,15,,35,,35,,55,,65,,75,,24,,487,,4118,,5739,,65,,7133
81,"the_blue_mosque",,6,,8,,85,,9,,925,,92,,08,,24,,4,,6,,64,,68,,1412,,3692,,544,,72,,7565,,782
82,"the_henry_ford",1,0,1,0,,7,,7,,725,,68,,16,,24,,4,,48,,68,,72,,2759,,3871,,5091,,5695,,7018,,6994
83,"taj_mahal",1,0,,9,,9,,9,,9,,88,,16,,24,,32,,44,,48,,52,,2759,,3789,,4721,,591,,6261,,6537
84,"tour_montparnasse",,8,,8,,6,,4333,,4,,38,,15,,25,,4,,4,,45,,5,,2526,,381,,48,,416,,4235,,4318
85,"tower_bridge_london",,8,,8,,7,,5667,,6,,6,,08,,24,,44,,44,,52,,56,,1455,,3692,,5404,,4954,,5571,,5793
86,"trafalgar_square",,6,,5,,4,,4333,,425,,54,,1364,,1818,,2273,,2727,,3636,,5,,2222,,2667,,2899,,3348,,3919,,5192
87,"leaning_tower_of_pisa",,4,,5,,55,,5667,,675,,7,,08,,16,,32,,44,,52,,68,,1333,,2424,,4046,,4954,,5874,,6899
88,"hermitage_museum_saint_petersburg",1,0,,9,,75,,8333,,85,,84,,16,,24,,32,,48,,64,,64,,2759,,3789,,4486,,6091,,7302,,7265
89,"jantar_mantar_jaipur",,6,,8,,9,,8667,,825,,84,,12,,28,,48,,64,,8,,8,,2,,4148,,6261,,7363,,8123,,8195
90,"lake_titicaca_peru",,4,,5,,35,,4667,,475,,5,,0833,,2083,,2917,,4583,,5,,625,,1379,,2941,,3182,,4625,,4872,,5556
91,"the_great_wall_of_china",,6,,8,,85,,9,,775,,78,,08,,24,,36,,52,,52,,68,,1412,,3692,,5058,,6592,,6224,,7266
92,"grande_arche_paris",,4,,6,,65,,7,,7,,66,,08,,24,,36,,44,,56,,56,,1333,,3429,,4634,,5404,,6222,,6059
93,"el_angel_mexico",,4,,7,,6,,6,,575,,48,,0476,,2857,,4762,,5714,,7143,,7143,,0851,,4058,,531,,5854,,6371,,5742
94,"bibliotheque_nationale_de_france",,4,,5,,65,,7,,75,,78,,08,,08,,32,,52,,64,,64,,1333,,1379,,4289,,5967,,6906,,7031
95,"kronborg_castle",,6,,7,,65,,7,,775,,82,,125,,2917,,4583,,5417,,625,,6667,,2069,,4118,,5376,,6107,,692,,7354
96,"ajanta_caves",,8,,9,,95,,9667,,95,,94,,1364,,2273,,5,,6364,,6364,,6818,,233,,3629,,6552,,7675,,7622,,7904
97,"atomium",,8,,9,,95,,9333,,925,,94,,1905,,3333,,3333,,381,,4762,,5714,,3077,,4865,,4935,,5411,,6287,,7108
98,"ellora_caves",1,0,1,0,,95,,9333,,95,,96,,2273,,3182,,4545,,5455,,5455,,6364,,3704,,4828,,6149,,6885,,693,,7654
99,"potala_palace",1,0,1,0,,95,,8333,,8,,8,,2222,,2778,,4444,,5,,6111,,7222,,3636,,4348,,6056,,625,,6929,,7591
100,"jokhang",,6,,7,,75,,7333,,725,,7,,12,,28,,44,,64,,72,,8,,2,,4,,5546,,6835,,7225,,7467
101,"rila_monastery",1,0,,8,,85,,9,,925,,92,,16,,24,,36,,4,,44,,48,,2759,,3692,,5058,,5538,,5963,,6309
102,"louvre_pyramid",,8,,9,,95,,9333,,95,,9,,1667,,3333,,4444,,5556,,5556,,6667,,2759,,4865,,6056,,6965,,7011,,766
103,"brooklyn_bridge",1,0,,9,,75,,7667,,8,,78,,1429,,2381,,3333,,5238,,6667,,6667,,25,,3766,,4615,,6224,,7273,,7189
104,"tower_of_london",,6,,7,,75,,7333,,7,,7,,087,,1739,,3478,,4348,,4783,,5217,,1519,,2786,,4752,,5459,,5683,,5979
105,"british_museum_london",1,0,,9,,9,,9333,,95,,96,,15,,3,,4,,45,,65,,65,,2609,,45,,5538,,6072,,7719,,7752
106,"buckingham_palace",,2,,6,,4,,3667,,325,,34,,05,,15,,2,,3,,35,,4,,08,,24,,2667,,33,,337,,3676
107,"charles_bridge_prague",,8,,9,,75,,6667,,575,,58,,125,,2083,,3333,,375,,4583,,5833,,2162,,3383,,4615,,48,,5101,,5817
108,"champs_elysees_paris",,2,,5,,65,,6333,,525,,52,,0667,,2,,4,,5333,,5333,,6,,1,,2857,,4952,,579,,5291,,5571
109,"chrysler_building",1,0,1,0,1,0,,9667,,975,,98,,2857,,3571,,5714,,7143,,7857,,7857,,4444,,5263,,7273,,8215,,8702,,8722
110,"moma_new_york",,6,,8,,9,,9,,875,,9,,1579,,2632,,4211,,5263,,6316,,6316,,25,,396,,5737,,6642,,7336,,7423
111,"grand_central_terminal",1,0,1,0,1,0,1,0,,975,,92,,2381,,2381,,381,,4762,,5238,,619,,3846,,3846,,5517,,6452,,6815,,7401
112,"houses_of_parliament",1,0,1,0,1,0,1,0,,95,,88,,2174,,2609,,3043,,4783,,6087,,6522,,3571,,4138,,4667,,6471,,742,,7491
113,"alexanderplatz_berlin",,2,,3,,55,,6667,,65,,68,,04,,08,,32,,56,,56,,64,,0667,,1263,,4046,,6087,,6017,,6594
114,"centre_pompidou",,8,,7,,7,,7,,775,,72,,2222,,2222,,3333,,5,,7222,,7778,,3478,,3373,,4516,,5833,,7477,,7478
115,"sydney_harbour_bridge",1,0,1,0,1,0,1,0,1,0,,98,,3125,,3125,,4375,,5,,625,,6875,,4762,,4762,,6087,,6667,,7692,,8081
116,"pier_39",1,0,,9,,9,,8,,825,,84,,1905,,2857,,4762,,5714,,6667,,6667,,32,,4337,,6228,,6667,,7374,,7434
117,"coit_tower",1,0,1,0,,65,,7,,65,,7,,2,,3333,,3333,,4667,,5333,,6,,3333,,5,,4407,,56,,5859,,6462
118,"st_paul_s_cathedral_london",1,0,1,0,,95,,9,,825,,82,,2941,,4118,,5294,,7059,,7647,,7647,,4545,,5833,,6799,,7912,,7937,,7914
119,"cloud_gate",,6,,8,,55,,6667,,65,,68,,25,,3333,,3333,,5,,5833,,75,,3529,,4706,,4151,,5714,,6149,,7133
120,"musee_d_orsay",1,0,1,0,,9,,9333,,9,,9,,2381,,3333,,5714,,5714,,6667,,6667,,3846,,5,,699,,7089,,766,,766
121,"pike_place_market",1,0,,9,,9,,8,,85,,86,,1905,,3333,,4286,,4762,,5714,,6667,,32,,4865,,5806,,597,,6834,,7511
122,"royal_palace_madrid",,6,,7,,8,,8333,,85,,88,,1364,,2727,,4091,,6364,,6818,,7727,,2222,,3925,,5414,,7216,,7567,,8229
123,"sony_center_berlin",,8,,9,,85,,8667,,825,,84,,1905,,3333,,4762,,5238,,5714,,619,,3077,,4865,,6104,,653,,6752,,7128
124,"red_square_moscow",,2,,5,,6,,7,,675,,74,,0476,,1905,,2857,,4286,,5714,,6667,,0769,,2759,,3871,,5316,,6189,,7014
125,"prague_castle",1,0,1,0,,9,,8333,,8,,82,,12,,28,,52,,6,,64,,76,,2143,,4375,,6592,,6977,,7111,,7889
126,"musee_du_louvre",1,0,,9,,95,,9667,,975,,96,,12,,24,,48,,64,,64,,68,,2143,,3789,,6378,,7701,,7728,,7961
127,"millennium_bridge_london",,6,,6,,75,,7333,,725,,74,,12,,2,,44,,52,,56,,6,,2,,3,,5546,,6085,,6319,,6627
128,"casa_mila",,8,,9,,9,,9,,9,,92,,16,,32,,44,,44,,6,,68,,2667,,4721,,591,,591,,72,,782
129,"national_gallery_london",1,0,1,0,,7,,7333,,6,,54,,2273,,3636,,4091,,5909,,5909,,6364,,3704,,5333,,5164,,6545,,5954,,5842
130,"national_mall",,8,,9,,85,,8667,,85,,8,,12,,28,,4,,64,,84,,88,,2087,,4271,,544,,7363,,845,,8381
131,"london_city_hall",1,0,1,0,,9,,9,,825,,74,,25,,4,,5,,65,,65,,7,,4,,5714,,6429,,7548,,7271,,7194
132,"holocaust_memorial",,6,,8,,65,,6333,,5,,52,,125,,3125,,375,,4375,,4375,,5625,,2069,,4494,,4756,,5175,,4667,,5404
133,"columbus_circle",,6,,8,,65,,6333,,575,,52,,12,,32,,48,,52,,6,,72,,2,,4571,,5522,,5711,,5872,,6039
134,"siegessaeule",,6,,8,,9,,7,,525,,54,,12,,24,,52,,56,,56,,6,,2,,3692,,6592,,6222,,5419,,5684
135,"jardin_du_luxembourg",1,0,1,0,1,0,1,0,,9,,88,,16,,24,,44,,6,,68,,76,,2759,,3871,,6111,,75,,7747,,8156
136,"merlion_singapore",,2,,1,,1,,3,,425,,5,,0455,,0455,,0909,,3636,,5455,,5909,,0741,,0625,,0952,,3288,,4778,,5417
137,"harrods_london",,8,,9,,75,,8,,85,,84,,12,,28,,4,,52,,6,,68,,2087,,4271,,5217,,6303,,7034,,7516
138,"metropolitan_museum_of_art_new_york",1,0,1,0,,9,,9333,,95,,94,,16,,28,,36,,56,,64,,72,,2759,,4375,,5143,,7,,7648,,8154
139,"new_york_stock_exchange",,8,,9,,7,,5667,,475,,54,,2,,25,,25,,35,,45,,55,,32,,3913,,3684,,4327,,4622,,545
140,"stephansdom_vienna",1,0,1,0,1,0,1,0,1,0,1,0,,16,,32,,4,,56,,56,,68,,2759,,4848,,5714,,7179,,7179,,8095
141,"hms_belfast",,6,,8,,9,,8667,,9,,9,,12,,24,,44,,56,,64,,72,,2,,3692,,591,,6804,,7481,,8
142,"leicester_square",,8,,9,,8,,8,,75,,68,,08,,16,,32,,48,,56,,56,,1455,,2717,,4571,,6,,6412,,6142
143,"ciudad_de_las_artes_y_las_ciencias",1,0,1,0,1,0,1,0,1,0,1,0,,2,,24,,48,,56,,64,,68,,3333,,3871,,6486,,7179,,7805,,8095
144,"topkapi_palace",1,0,,9,,95,,9333,,95,,96,,2,,28,,44,,52,,68,,76,,3333,,4271,,6014,,6679,,7926,,8484
145,"royal_albert_hall",1,0,,8,,75,,6667,,6,,62,,16,,24,,28,,4,,48,,52,,2759,,3692,,4078,,5,,5333,,5656
146,"st_vitus_cathedral",,8,,9,,9,,8333,,85,,86,,12,,16,,28,,44,,48,,6,,2087,,2717,,4271,,5759,,6135,,7068
147,"castello_sforzesco",1,0,1,0,,9,,8667,,875,,9,,12,,24,,36,,4,,52,,6,,2143,,3871,,5143,,5474,,6523,,72
148,"rijksmuseum_amsterdam",1,0,1,0,1,0,1,0,,975,,98,,12,,12,,32,,48,,72,,76,,2143,,2143,,4848,,6486,,8283,,8561
149,"dam_square",,6,,8,,7,,5667,,65,,64,,08,,24,,36,,4,,6,,64,,1412,,3692,,4755,,469,,624,,64
150,"rathaus_vienna",,6,,8,,8,,6,,6,,58,,12,,2,,2,,28,,4,,52,,2,,32,,32,,3818,,48,,5484
151,"bath_abbey",1,0,1,0,1,0,1,0,,95,,96,,16,,28,,44,,56,,64,,72,,2759,,4375,,6111,,7179,,7648,,8229
152,"salisbury_cathedral",1,0,1,0,1,0,1,0,1,0,,96,,12,,24,,36,,48,,52,,56,,2143,,3871,,5294,,6486,,6842,,7074
153,"templo_de_debod",,2,,4,,5,,5333,,575,,48,,0455,,1364,,2273,,3636,,4545,,5,,0741,,2034,,3125,,4324,,5077,,4898
154,"Niagara_Falls",,6,,7,,6,,6667,,625,,6,,1364,,2273,,3636,,5455,,6364,,6364,,2222,,3431,,4528,,6,,6306,,6176
155,"Golden_Gate_Bridge_in_San_Francisco",1,0,1,0,,95,,9667,,975,,98,,1818,,2727,,4091,,5909,,7727,,8636,,3077,,4286,,5719,,7335,,8622,,9181
156,"Neuschwanstein_Castle",1,0,1,0,1,0,1,0,,975,,98,,16,,28,,52,,56,,72,,72,,2759,,4375,,6842,,7179,,8283,,8301
157,"Christ_Church_Cathedral_Missouri",1,0,1,0,1,0,,9667,,8,,8,,12,,28,,32,,44,,44,,56,,2143,,4375,,4848,,6047,,5677,,6588
158,"Mount_Rushmore_in_South_Dakota",,8,,9,,95,,9667,,9,,9,,12,,2,,4,,52,,56,,6,,2087,,3273,,563,,6762,,6904,,72
159,"Puerta_de_Toledo",,0,,1,,05,,0333,,025,,02,,0,,5,,5,,5,,5,,5,,0,,1667,,0909,,0625,,0476,,0385
160,"Urquhart_Castle",,8,,9,,8,,8333,,875,,84,,125,,25,,4167,,5833,,6667,,75,,2162,,3913,,5479,,6863,,7568,,7925
161,"Gare_du_Nord_Paris",,8,,7,,85,,8667,,7,,74,,12,,16,,24,,4,,44,,6,,2087,,2605,,3743,,5474,,5404,,6627
162,"Newgrange_in_Ireland",,6,,6,,6,,6,,675,,7,,125,,2083,,3333,,4167,,5,,625,,2069,,3093,,4286,,4918,,5745,,6604
163,"Windmills_at_Kinderdijk",1,0,1,0,,8,,8333,,85,,88,,16,,28,,36,,48,,52,,64,,2759,,4375,,4966,,6091,,6453,,7411
164,"Conciergerie",,8,,9,,95,,9333,,95,,96,,12,,28,,48,,52,,6,,64,,2087,,4271,,6378,,6679,,7355,,768
165,"Palazzo_Madama",1,0,1,0,,85,,7667,,725,,7,,1818,,3182,,5,,5909,,8182,,8636,,3077,,4828,,6296,,6674,,7688,,7733
166,"Split_Rock_Lighthouse",1,0,1,0,,95,,9,,9,,88,,16,,2,,28,,4,,48,,52,,2759,,3333,,4325,,5538,,6261,,6537
167,"The_Little_Mermaid_Denmark",1,0,,9,,95,,7333,,625,,5,,2143,,4286,,7143,,7857,,7857,,7857,,3529,,5806,,8155,,7586,,6962,,6111
168,"Great_Pyramid_of_Giza",,8,,6,,65,,6333,,55,,56,,2667,,4,,5333,,6,,6667,,7333,,4,,48,,5859,,6162,,6027,,6351
169,"Pitti_Palace",,4,,6,,8,,6667,,525,,52,,0909,,2273,,3636,,4091,,4091,,5,,1481,,3297,,5,,507,,4599,,5098
170,"Georgia_State_Capitol",,4,,7,,45,,3,,225,,18,,1053,,2632,,2632,,2632,,2632,,2632,,1667,,3825,,3321,,2804,,2426,,2138
171,"Dome_des_Invalides",1,0,1,0,1,0,1,0,1,0,1,0,,16,,24,,36,,44,,52,,6,,2759,,3871,,5294,,6111,,6842,,75
172,"Reggia_di_Caserta",,8,,5,,45,,5667,,575,,66,,12,,16,,28,,44,,6,,68,,2087,,2424,,3452,,4954,,5872,,6699
173,"The_Burj_al_Arab_Hotel",,8,,7,,8,,7667,,775,,72,,16,,24,,36,,52,,56,,64,,2667,,3574,,4966,,6197,,6502,,6776
174,"Elephanta_Caves",1,0,1,0,1,0,1,0,,85,,7,,1667,,25,,5,,625,,6667,,7083,,2857,,4,,6667,,7692,,7473,,7041
175,"Basilica_of_Santa_Croce",1,0,1,0,1,0,1,0,1,0,,96,,2,,24,,56,,6,,64,,72,,3333,,3871,,7179,,75,,7805,,8229
176,"Aachen_Cathedral",1,0,,9,,85,,9,,925,,92,,2,,28,,4,,52,,64,,68,,3333,,4271,,544,,6592,,7565,,782
177,"Monument_to_the_Great_Fire_of_London",,6,,6,,4,,5,,55,,56,,12,,24,,28,,48,,64,,72,,2,,3429,,3294,,4898,,5916,,63
178,"Longmen_Grottoes",,4,,5,,6,,6,,65,,64,,08,,2,,4,,56,,72,,8,,1333,,2857,,48,,5793,,6832,,7111
179,"Louisiana_State_Capitol",,2,,4,,3,,2667,,35,,4,,04,,12,,16,,24,,44,,56,,0667,,1846,,2087,,2526,,3899,,4667
180,"The_Great_Sphinx_at_Giza",,6,,8,,8,,8333,,85,,88,,08,,24,,36,,52,,6,,64,,1412,,3692,,4966,,6404,,7034,,7411
181,"Teatro_Real_Madrid",,6,,6,,8,,6,,55,,6,,1304,,2609,,5217,,5652,,6957,,7391,,2143,,3636,,6316,,5821,,6143,,6623
182,"Palacio_de_la_Magdalena",1,0,,8,,85,,8333,,75,,7,,2,,28,,48,,64,,68,,72,,3333,,4148,,6135,,724,,7133,,7099
183,"Sowjetisches_Ehrenmal",1,0,,6,,7,,7333,,725,,7,,16,,2,,44,,64,,72,,84,,2759,,3,,5404,,6835,,7225,,7636
184,"Cathedral_of_Trier",1,0,1,0,1,0,,9333,,925,,86,,16,,32,,52,,64,,8,,8,,2759,,4848,,6842,,7593,,858,,8289
185,"Saint_Mary_of_the_Flower",,0,,0,,15,,1667,,325,,36,,0,,0,,12,,2,,36,,48,,0,,0,,1333,,1818,,3416,,4114
186,"Skellig_Michael",,8,,7,,7,,6667,,675,,74,,16,,24,,48,,56,,64,,68,,2667,,3574,,5695,,6087,,657,,7087
187,"Chicago_Board_of_Trade_Building",,8,,9,,9,,7333,,575,,6,,1364,,2273,,3636,,4091,,4545,,5455,,233,,3629,,518,,5252,,5077,,5714
188,"Pont_de_Normandie_France",1,0,1,0,1,0,1,0,,925,,82,,2105,,4211,,5789,,7368,,8947,,8947,,3478,,5926,,7333,,8485,,9096,,8557
189,"Palazzo_Rosso",,0,,0,,1,,1667,,125,,1,,0,,0,,0833,,2083,,2083,,2083,,0,,0,,0909,,1852,,1562,,1351
190,"Piazza_Vittorio_Veneto",,8,,8,,5,,4333,,475,,42,,1875,,3125,,4375,,5625,,8125,,875,,3038,,4494,,4667,,4895,,5995,,5676
191,"Sforza_Castle",1,0,,9,,95,,9667,,925,,94,,2,,32,,52,,6,,68,,68,,3333,,4721,,6721,,7404,,7838,,7891
192,"Torres_KIO",,6,,8,,85,,9,,8,,7,,12,,28,,44,,52,,56,,6,,2,,4148,,5798,,6592,,6588,,6462
193,"Torre_Picasso",1,0,1,0,,8,,7333,,75,,76,,1667,,2917,,4583,,5417,,6667,,7083,,2857,,4516,,5828,,6231,,7059,,7333
194,"The_Palace_of_Parliament_in_Bucharest",,8,,9,,95,,9667,,9,,84,,12,,16,,4,,56,,6,,64,,2087,,2717,,563,,7092,,72,,7265
195,"Ernest_Hemingway_House",,8,,9,,85,,9,,825,,76,,16,,28,,44,,56,,6,,64,,2667,,4271,,5798,,6904,,6947,,6949
196,"Castel_dellOvo_Napoli",,8,,7,,85,,8333,,85,,8,,12,,24,,48,,56,,64,,68,,2087,,3574,,6135,,6699,,7302,,7351
197,"Villa_Borghese_gardens",1,0,1,0,1,0,,9667,,975,,96,,2,,32,,52,,68,,76,,84,,3333,,4848,,6842,,7984,,8542,,896
198,"Saint_Marks_Basilica",1,0,1,0,1,0,1,0,1,0,,94,,12,,24,,28,,32,,48,,48,,2143,,3871,,4375,,4848,,6486,,6355
199,"Mausoleum_of_the_First_Qin_Emperor",,8,,9,,75,,8,,775,,78,,16,,28,,4,,48,,56,,64,,2667,,4271,,5217,,6,,6502,,7031
200,"Mausoleum_of_Hadrian",1,0,1,0,1,0,,7333,,55,,64,,2222,,2778,,5,,5,,5,,6111,,3636,,4348,,6667,,5946,,5238,,6252
201,"Piazza_de_Ferrari",1,0,1,0,1,0,,9667,,975,,96,,2105,,3158,,3684,,5263,,5263,,5263,,3478,,48,,5385,,6816,,6836,,6799
202,"George_Washington_Carver",,2,,5,,65,,6333,,575,,56,,0625,,25,,5,,625,,75,,8125,,0952,,3333,,5652,,6291,,6509,,663
203,"Cathedral_of_Santiago_de_Compostela",1,0,1,0,,85,,8333,,8,,7,,1765,,2353,,5294,,5882,,7647,,8235,,3,,381,,6525,,6897,,782,,7568
204,"Saint-Jacques_Tower",,8,,9,,85,,8,,8,,78,,2308,,3077,,3077,,3846,,6923,,8462,,3582,,4586,,4518,,5195,,7423,,8117
205,"Calakmul_Campeche_Mexico",1,0,1,0,,95,,8,,75,,7,,2143,,3571,,6429,,7857,,9286,,9286,,3529,,5263,,7668,,7928,,8298,,7982
206,"Bran_Castle_in_Transylvania",,8,,9,,85,,8667,,8,,84,,2105,,4737,,6316,,6842,,6842,,7368,,3333,,6207,,7247,,7647,,7376,,785
207,"Mosteiro_da_Batalha",1,0,1,0,1,0,1,0,1,0,1,0,,2105,,2105,,5263,,6842,,6842,,6842,,3478,,3478,,6897,,8125,,8125,,8125
208,"Wartburg_Castle",1,0,1,0,,95,,9333,,925,,92,,2,,35,,5,,7,,75,,85,,3333,,5185,,6552,,8,,8284,,8836
209,"Fujian_Tulou_Fujian_China",1,0,1,0,1,0,,9667,,975,,94,,2222,,3889,,6111,,7222,,8333,,8333,,3636,,56,,7586,,8268,,8986,,8835
210,"Alabama_State_Capitol",,2,,5,,7,,7333,,725,,68,,0476,,2381,,4762,,619,,6667,,7143,,0769,,3226,,5668,,6714,,6946,,6967
211,"Palazzo_dAccursio",,6,,8,,85,,8,,775,,64,,1667,,2778,,3333,,5556,,6667,,6667,,2609,,4124,,4789,,6557,,7168,,6531
212,"Casa_Grande_Ruins",1,0,1,0,,9,,8667,,775,,76,,2353,,3529,,3529,,4706,,5294,,5294,,381,,5217,,507,,61,,6291,,6241
213,"Stravinsky_Fountain",1,0,1,0,1,0,,9333,,875,,88,,2,,2667,,4667,,5333,,5333,,5333,,3333,,4211,,6364,,6788,,6627,,6642
214,"Angel_Falls_Venezuela",1,0,,8,,65,,6,,55,,54,,2941,,3529,,4706,,6471,,7059,,7059,,4545,,4898,,5459,,6226,,6183,,6119
215,"Statue_of_George_IV",,4,,6,,55,,5,,4,,32,,25,,625,,75,,75,,75,,75,,3077,,6122,,6346,,6,,5217,,4486
216,"Palacio_Barolo",,8,,9,,95,,9667,,95,,92,,1765,,2941,,4706,,5882,,7059,,7059,,2892,,4433,,6294,,7314,,8099,,7988
217,"Bridge_of_Remembrance_Christchurch_New_Zealand",1,0,1,0,,9,,7333,,575,,46,,3333,,5,,9167,,9167,,9167,,9167,,5,,6667,,9083,,8148,,7067,,6126
218,"John_A._Roebling_Suspension_Bridge",,2,,2,,35,,4333,,45,,48,,0667,,1333,,3333,,6,,6667,,8667,,1,,16,,3415,,5032,,5373,,6178
219,"Blue_Dome_Santorini",1,0,,9,,95,,9,,925,,92,,3125,,4375,,5625,,75,,8125,,875,,4762,,5888,,7066,,8182,,8651,,8969
220,"Fossar_de_les_Moreres",,6,,7,,6,,4333,,325,,36,,2143,,3571,,5,,5,,5,,6429,,3158,,473,,5455,,4643,,3939,,4615
221,"Luxor_Obelisk_France",,8,,9,,75,,8,,825,,82,,125,,1875,,3125,,4375,,5,,5625,,2162,,3103,,4412,,5657,,6226,,6673
222,"Valle_de_los_Caidos",1,0,1,0,1,0,1,0,,95,,96,,2,,4,,55,,65,,7,,75,,3333,,5714,,7097,,7879,,8061,,8421
--------------------
"--","Avg.",P@5,P@10,P@20,P@30,P@40,P@50,CR@5,CR@10,CR@20,CR@30,CR@40,CR@50,F1@5,F1@10,F1@20,F1@30,F1@40,F1@50
,,,7748,,7986,,7779,,7631,,7466,,739,,1508,,2579,,4063,,5179,,6036,,6657,,25,,3826,,5239,,6055,,6542,,6862