--------------------
"Run name","output_runTAMURADunnIndex"
--------------------
"Average P@20 = ",,7896
"Average CR@20 = ",,3989
"Average F1@20 = ",,5196
--------------------
"Query Id ","Location name",P@5,P@10,P@20,P@30,P@40,P@50,CR@5,CR@10,CR@20,CR@30,CR@40,CR@50,F1@5,F1@10,F1@20,F1@30,F1@40,F1@50
1,"angel_of_the_north",1,0,1,0,1,0,1,0,1,0,1,0,,16,,24,,4,,56,,6,,64,,2759,,3871,,5714,,7179,,75,,7805
2,"big_ben",,8,,9,,95,,9333,,875,,88,,1818,,3182,,4545,,5,,5455,,5455,,2963,,4701,,6149,,6512,,672,,6735
3,"hearst_castle",1,0,1,0,1,0,,9667,,95,,96,,2083,,3333,,5833,,7083,,7083,,75,,3448,,5,,7368,,8176,,8116,,8421
4,"la_madeleine",,4,,4,,45,,5333,,45,,4,,1429,,2143,,5,,6429,,7857,,7857,,2105,,2791,,4737,,583,,5723,,5301
5,"pont_alexandre_iii",1,0,1,0,,95,,9667,,975,,98,,16,,32,,4,,6,,72,,76,,2759,,4848,,563,,7404,,8283,,8561
6,"neues_museum",,0,,2,,3,,3333,,475,,54,,0,,08,,2,,28,,4,,52,,0,,1143,,24,,3043,,4343,,5298
7,"montezuma_castle",,8,,8,,8,,7667,,725,,7,,1667,,5,,5,,6667,,75,,75,,2759,,6154,,6154,,7132,,7373,,7241
8,"cn_tower",,8,,7,,55,,6333,,65,,64,,1667,,25,,3333,,4583,,625,,7083,,2759,,3684,,4151,,5318,,6373,,6724
9,"acropolis_athens",1,0,,9,,95,,9,,875,,86,,1429,,2857,,4762,,4762,,5238,,5238,,25,,4337,,6344,,6228,,6553,,6511
10,"agra_fort",1,0,,9,,8,,8333,,85,,88,,2,,32,,44,,64,,76,,8,,3333,,4721,,5677,,724,,8025,,8381
11,"albert_memorial",,8,,7,,75,,7667,,725,,72,,0909,,1364,,2727,,3182,,4545,,4545,,1633,,2283,,4,,4497,,5588,,5573
12,"altes_museum",,8,,8,,7,,5667,,575,,6,,1667,,2917,,4167,,4167,,5417,,6667,,2759,,4275,,5224,,4802,,5578,,6316
13,"amiens_cathedral",1,0,1,0,1,0,1,0,1,0,,96,,2,,28,,44,,68,,76,,76,,3333,,4375,,6111,,8095,,8636,,8484
14,"angkor_wat",,6,,5,,75,,7,,75,,78,,12,,16,,36,,56,,64,,68,,2,,2424,,4865,,6222,,6906,,7266
15,"ara_pacis",,8,,7,,65,,7,,625,,64,,1818,,2727,,4091,,5909,,6818,,6818,,2963,,3925,,5021,,6408,,6522,,6602
16,"arc_de_triomphe",1,0,1,0,,95,,9,,85,,8,,125,,2917,,375,,5417,,625,,7083,,2222,,4516,,5377,,6763,,7203,,7514
17,"aztec_ruins",,4,,2,,25,,2333,,275,,26,,08,,08,,2,,24,,4,,4,,1333,,1143,,2222,,2366,,3259,,3152
18,"berlin_cathedral",1,0,,9,,95,,9667,,925,,9,,16,,28,,52,,56,,6,,68,,2759,,4271,,6721,,7092,,7279,,7747
19,"bok_tower_gardens",1,0,,8,,8,,8333,,875,,86,,2,,32,,48,,52,,72,,8,,3333,,4571,,6,,6404,,79,,8289
20,"brandenburg_gate",1,0,1,0,1,0,1,0,1,0,1,0,,2,,32,,44,,48,,6,,68,,3333,,4848,,6111,,6486,,75,,8095
21,"cabrillo",,4,,2,,2,,1667,,125,,12,,1538,,1538,,3077,,3846,,3846,,3846,,2222,,1739,,2424,,2326,,1887,,1829
22,"casa_batllo",1,0,1,0,1,0,1,0,,975,,98,,16,,28,,6,,64,,64,,72,,2759,,4375,,75,,7805,,7728,,8301
23,"casa_rosada",1,0,1,0,,85,,8667,,9,,92,,12,,28,,4,,44,,52,,72,,2143,,4375,,544,,5837,,6592,,8078
24,"castillo_de_san_marcos",,8,,7,,5,,6,,6,,64,,12,,2,,24,,32,,36,,52,,2087,,3111,,3243,,4174,,45,,5738
25,"chartres_cathedral",1,0,1,0,,95,,9,,925,,92,,16,,32,,48,,6,,68,,76,,2759,,4848,,6378,,72,,7838,,8324
26,"chichen_itza",,8,,9,,85,,8333,,85,,86,,16,,2,,36,,52,,56,,64,,2667,,3273,,5058,,6404,,6752,,7339
27,"christ_the_redeemer_rio",,6,,5,,55,,5667,,6,,58,,087,,1739,,2609,,4348,,4783,,5217,,1519,,2581,,3539,,492,,5323,,5493
28,"civic_center_san_francisco",,8,,9,,8,,7667,,75,,74,,12,,32,,44,,52,,56,,6,,2087,,4721,,5677,,6197,,6412,,6627
29,"cologne_cathedral",1,0,1,0,,95,,9667,,975,,94,,16,,28,,44,,52,,6,,72,,2759,,4375,,6014,,6762,,7429,,8154
30,"colosseum",1,0,1,0,1,0,1,0,,975,,94,,12,,28,,52,,6,,64,,64,,2143,,4375,,6842,,75,,7728,,7615
31,"doge_s_palace",1,0,1,0,,9,,8333,,8,,8,,16,,24,,36,,44,,48,,48,,2759,,3871,,5143,,5759,,6,,6
32,"eiffel_tower",1,0,1,0,1,0,1,0,,975,,94,,16,,2,,36,,4,,52,,52,,2759,,3333,,5294,,5714,,6783,,6696
33,"golden_gate_bridge",,8,,8,,75,,8,,8,,8,,1304,,2609,,3913,,4783,,5652,,5652,,2243,,3934,,5143,,5986,,6624,,6624
34,"grand_palais",1,0,,9,,9,,9,,9,,92,,1818,,2273,,3636,,5455,,5455,,5455,,3077,,3629,,518,,6792,,6792,,6849
35,"guggenheim_museum_bilbao",1,0,1,0,1,0,,9667,,975,,98,,16,,24,,36,,44,,56,,68,,2759,,3871,,5294,,6047,,7114,,8029
36,"hagia_sophia_istanbul",1,0,1,0,,95,,9667,,95,,94,,12,,28,,36,,48,,6,,64,,2143,,4375,,5221,,6415,,7355,,7615
37,"hoover_dam",1,0,1,0,,9,,8667,,9,,92,,16,,36,,4,,52,,6,,68,,2759,,5294,,5538,,65,,72,,782
38,"humayun_tomb",,4,,6,,65,,7333,,775,,78,,08,,16,,28,,44,,64,,76,,1333,,2526,,3914,,55,,7011,,7699
39,"iguazu_falls",1,0,,7,,65,,7667,,825,,78,,16,,16,,28,,4,,52,,56,,2759,,2605,,3914,,5257,,6379,,6519
40,"iolani_palace",1,0,,9,,8,,8,,825,,8,,12,,24,,32,,48,,68,,76,,2143,,3789,,4571,,6,,7455,,7795
41,"la_mezquita",,8,,7,,75,,7,,7,,66,,125,,2083,,375,,5,,5833,,6667,,2162,,3211,,5,,5833,,6364,,6633
42,"la_rambla_barcelona",,8,,9,,9,,9333,,95,,92,,12,,2,,4,,52,,52,,56,,2087,,3273,,5538,,6679,,6721,,6962
43,"la_sainte_chapelle",,8,,9,,95,,9667,,95,,96,,16,,24,,48,,56,,68,,76,,2667,,3789,,6378,,7092,,7926,,8484
44,"liberty_memorial",,6,,7,,7,,7,,65,,62,,12,,16,,28,,4,,48,,48,,2,,2605,,4,,5091,,5522,,5411
45,"lincoln_home",,8,,9,,9,,9,,875,,86,,2222,,3889,,5,,6111,,6667,,8333,,3478,,5431,,6429,,7279,,7568,,8465
46,"machu_picchu",,6,,7,,7,,7333,,75,,76,,12,,28,,44,,52,,56,,72,,2,,4,,5404,,6085,,6412,,7395
47,"marble_arch_london",,6,,8,,55,,4667,,475,,42,,25,,3333,,5,,6667,,75,,8333,,3529,,4706,,5238,,549,,5816,,5585
48,"milan_cathedral",1,0,1,0,,95,,9667,,95,,92,,2,,32,,48,,6,,68,,76,,3333,,4848,,6378,,7404,,7926,,8324
49,"mole_antonelliana",,8,,9,,85,,8,,8,,78,,16,,32,,36,,44,,48,,52,,2667,,4721,,5058,,5677,,6,,624
50,"mont_saint_michel",1,0,1,0,1,0,1,0,,975,,98,,16,,28,,4,,48,,6,,64,,2759,,4375,,5714,,6486,,7429,,7743
51,"moulin_rouge",,0,,0,,1,,1667,,175,,16,,0,,0,,25,,375,,625,,625,,0,,0,,1429,,2308,,2734,,2548
52,"nelson_s_column",,8,,9,,95,,9667,,975,,98,,1667,,2917,,5,,5417,,625,,6667,,2759,,4406,,6552,,6943,,7617,,7935
53,"notre_dame_de_paris",1,0,1,0,,9,,9333,,925,,88,,2,,28,,48,,64,,68,,72,,3333,,4375,,6261,,7593,,7838,,792
54,"obelisco",,2,,1,,1,,1,,1,,1,,0909,,0909,,0909,,1818,,2727,,3636,,125,,0952,,0952,,129,,1463,,1569
55,"piccadilly_circus",1,0,,9,,75,,8,,7,,72,,2174,,2174,,3043,,4783,,5217,,6087,,3571,,3502,,433,,5986,,5979,,6597
56,"place_de_la_concorde",1,0,1,0,1,0,,9667,,975,,98,,16,,24,,36,,48,,52,,64,,2759,,3871,,5294,,6415,,6783,,7743
57,"place_de_la_republique",,4,,3,,25,,2,,15,,14,,25,,375,,625,,625,,625,,625,,3077,,3333,,3571,,303,,2419,,2288
58,"place_des_vosges",1,0,1,0,1,0,,9333,,9,,86,,12,,24,,44,,56,,64,,68,,2143,,3871,,6111,,7,,7481,,7595
59,"pont_du_gard",,8,,7,,8,,7667,,775,,8,,16,,28,,44,,48,,56,,56,,2667,,4,,5677,,5904,,6502,,6588
60,"pont_neuf",1,0,,8,,75,,7667,,825,,76,,08,,12,,32,,44,,56,,68,,1481,,2087,,4486,,5591,,6671,,7178
61,"ponte_vecchio",,8,,8,,85,,8667,,825,,8,,1667,,25,,4583,,5833,,5833,,625,,2759,,381,,5955,,6973,,6834,,7018
62,"puerta_de_alcala",,8,,6,,65,,6667,,675,,6,,1579,,2632,,4211,,5263,,5789,,6316,,2637,,3659,,5111,,5882,,6233,,6154
63,"puerta_del_sol",,8,,7,,55,,5333,,425,,4,,2,,25,,3,,35,,35,,4,,32,,3684,,3882,,4226,,3839,,4
64,"red_fort",1,0,1,0,1,0,1,0,1,0,1,0,,16,,32,,56,,6,,68,,76,,2759,,4848,,7179,,75,,8095,,8636
65,"reims_cathedral",1,0,1,0,1,0,1,0,1,0,1,0,,16,,28,,44,,56,,6,,64,,2759,,4375,,6111,,7179,,75,,7805
66,"rialto_bridge",1,0,,8,,8,,7667,,7,,64,,25,,3125,,375,,5625,,6875,,6875,,4,,4494,,5106,,6489,,6937,,6629
67,"roman_forum_rome",,6,,6,,7,,7333,,775,,74,,12,,2,,36,,56,,64,,76,,2,,3,,4755,,6351,,7011,,7499
68,"sacre_coeur",,6,,5,,55,,5667,,6,,58,,125,,1667,,2917,,3333,,5,,5417,,2069,,25,,3812,,4198,,5455,,5602
69,"sagrada_familia",1,0,,9,,9,,9,,925,,92,,12,,24,,4,,48,,56,,64,,2143,,3789,,5538,,6261,,6976,,7549
70,"santa_maria_novella",,6,,5,,55,,5,,525,,56,,12,,16,,32,,4,,48,,48,,2,,2424,,4046,,4444,,5015,,5169
71,"schonbrunn_palace",1,0,1,0,1,0,1,0,,975,,98,,2,,28,,56,,56,,6,,68,,3333,,4375,,7179,,7179,,7429,,8029
72,"seville_cathedral",,8,,6,,75,,8333,,875,,9,,16,,2,,4,,56,,6,,68,,2667,,3,,5217,,6699,,7119,,7747
73,"spanish_steps",,6,,8,,8,,8,,725,,7,,1364,,1818,,3182,,5,,5909,,7273,,2222,,2963,,4553,,6154,,6511,,7134
74,"st__basil_cathedral",,8,,9,,9,,8667,,875,,88,,16,,32,,48,,6,,64,,68,,2667,,4721,,6261,,7091,,7393,,7672
75,"statue_of_liberty",1,0,,9,,9,,8333,,825,,82,,2,,24,,28,,48,,64,,64,,3333,,3789,,4271,,6091,,7208,,7189
76,"stonehenge",1,0,,7,,6,,5667,,55,,54,,1579,,1579,,3684,,5263,,5789,,5789,,2727,,2577,,4565,,5457,,5641,,5588
77,"summer_palace_beijing",,8,,9,,95,,9333,,95,,94,,16,,28,,36,,52,,64,,64,,2667,,4271,,5221,,6679,,7648,,7615
78,"sydney_opera_house",,8,,9,,85,,9,,875,,9,,16,,2,,4,,52,,52,,6,,2667,,3273,,544,,6592,,6523,,72
79,"teotihuacan",,4,,6,,65,,6,,575,,64,,08,,2,,36,,44,,52,,6,,1333,,3,,4634,,5077,,5461,,6194
80,"terracotta_army",,4,,7,,6,,5333,,475,,48,,05,,25,,4,,55,,6,,65,,0889,,3684,,48,,5415,,5302,,5522
81,"the_blue_mosque",,8,,8,,85,,8667,,9,,92,,16,,28,,36,,44,,44,,44,,2667,,4148,,5058,,5837,,591,,5953
82,"the_henry_ford",1,0,1,0,,95,,8,,7,,74,,2,,36,,52,,52,,64,,72,,3333,,5294,,6721,,6303,,6687,,7299
83,"taj_mahal",1,0,1,0,,9,,8667,,875,,88,,2,,36,,44,,44,,52,,56,,3333,,5294,,591,,5837,,6523,,6844
84,"tour_montparnasse",,8,,5,,55,,5333,,475,,44,,2,,25,,35,,5,,6,,6,,32,,3333,,4278,,5161,,5302,,5077
85,"tower_bridge_london",,6,,6,,7,,7333,,675,,6,,12,,24,,44,,52,,56,,56,,2,,3429,,5404,,6085,,6121,,5793
86,"trafalgar_square",,6,,6,,35,,4333,,4,,42,,1364,,2273,,2727,,2727,,3636,,4091,,2222,,3297,,3066,,3348,,381,,4145
87,"leaning_tower_of_pisa",,6,,5,,55,,5333,,5,,56,,12,,2,,32,,4,,44,,52,,2,,2857,,4046,,4571,,4681,,5393
88,"hermitage_museum_saint_petersburg",1,0,1,0,,95,,9,,825,,84,,16,,24,,36,,52,,56,,68,,2759,,3871,,5221,,6592,,6671,,7516
89,"jantar_mantar_jaipur",,6,,7,,85,,8,,775,,82,,08,,24,,44,,6,,68,,8,,1412,,3574,,5798,,6857,,7244,,8099
90,"lake_titicaca_peru",,2,,3,,35,,4333,,525,,56,,0417,,0833,,25,,3333,,4583,,5417,,069,,1304,,2917,,3768,,4894,,5507
91,"the_great_wall_of_china",,6,,8,,85,,8333,,85,,86,,12,,28,,36,,4,,6,,64,,2,,4148,,5058,,5405,,7034,,7339
92,"grande_arche_paris",,8,,8,,75,,6667,,625,,64,,08,,12,,24,,36,,52,,52,,1455,,2087,,3636,,4675,,5677,,5738
93,"el_angel_mexico",1,0,,8,,7,,7333,,65,,62,,2381,,2857,,4762,,5714,,5714,,6667,,3846,,4211,,5668,,6423,,6082,,6425
94,"bibliotheque_nationale_de_france",,6,,7,,7,,6333,,675,,7,,08,,2,,36,,4,,48,,56,,1412,,3111,,4755,,4903,,561,,6222
95,"kronborg_castle",,6,,8,,75,,7667,,825,,82,,125,,2917,,4167,,5417,,5833,,5833,,2069,,4275,,5357,,6348,,6834,,6817
96,"ajanta_caves",1,0,,8,,85,,8667,,875,,9,,1818,,2727,,4545,,5909,,5909,,6364,,3077,,4068,,5923,,7027,,7054,,7456
97,"atomium",1,0,1,0,,95,,9667,,95,,96,,1905,,2857,,381,,4286,,4762,,619,,32,,4444,,5438,,5939,,6344,,7527
98,"ellora_caves",,8,,9,,95,,9667,,95,,96,,1818,,2727,,4091,,4545,,5,,5455,,2963,,4186,,5719,,6183,,6552,,6957
99,"potala_palace",,8,,9,,9,,8333,,85,,82,,1667,,2778,,3889,,4444,,5556,,5556,,2759,,4245,,5431,,5797,,6719,,6624
100,"jokhang",1,0,,9,,8,,8333,,825,,86,,2,,28,,44,,56,,64,,68,,3333,,4271,,5677,,6699,,7208,,7595
101,"rila_monastery",,6,,7,,8,,8667,,9,,92,,12,,2,,28,,36,,4,,4,,2,,3111,,4148,,5087,,5538,,5576
102,"louvre_pyramid",1,0,,9,,95,,9,,875,,9,,1667,,3333,,3889,,4444,,6111,,6667,,2857,,4865,,5519,,595,,7196,,766
103,"brooklyn_bridge",,8,,9,,85,,8667,,825,,84,,1905,,2381,,3333,,5238,,5238,,5714,,3077,,3766,,4789,,653,,6408,,6802
104,"tower_of_london",1,0,,9,,85,,9,,875,,84,,1739,,2609,,2609,,3478,,4783,,5217,,2963,,4045,,3992,,5017,,6185,,6437
105,"british_museum_london",1,0,1,0,1,0,1,0,1,0,,96,,2,,3,,35,,5,,6,,6,,3333,,4615,,5185,,6667,,75,,7385
106,"buckingham_palace",,2,,4,,35,,4,,375,,38,,05,,15,,2,,25,,3,,4,,08,,2182,,2545,,3077,,3333,,3897
107,"charles_bridge_prague",1,0,,9,,9,,8667,,75,,66,,2083,,2917,,3333,,375,,375,,4583,,3448,,4406,,4865,,5235,,5,,541
108,"champs_elysees_paris",,6,,7,,55,,5333,,575,,58,,0667,,2,,3333,,4,,5333,,6,,12,,3111,,4151,,4571,,5534,,5898
109,"chrysler_building",1,0,1,0,,95,,9667,,975,,98,,2143,,3571,,5714,,7143,,9286,,9286,,3529,,5263,,7136,,8215,,9512,,9536
110,"moma_new_york",,6,,8,,75,,8,,8,,8,,1053,,2632,,3684,,4211,,4211,,4737,,1791,,396,,4941,,5517,,5517,,595
111,"grand_central_terminal",1,0,1,0,1,0,,9667,,975,,98,,0952,,0952,,2381,,2857,,3333,,5238,,1739,,1739,,3846,,4411,,4968,,6827
112,"houses_of_parliament",1,0,1,0,1,0,1,0,,975,,96,,1739,,2609,,3913,,4348,,4783,,4783,,2963,,4138,,5625,,6061,,6417,,6385
113,"alexanderplatz_berlin",,4,,6,,5,,6,,575,,6,,08,,24,,36,,44,,48,,52,,1333,,3429,,4186,,5077,,5232,,5571
114,"centre_pompidou",1,0,,9,,6,,6333,,65,,66,,1667,,2778,,3333,,5,,6111,,6111,,2857,,4245,,4286,,5588,,63,,6346
115,"sydney_harbour_bridge",1,0,1,0,1,0,1,0,1,0,1,0,,25,,4375,,5625,,5625,,625,,625,,4,,6087,,72,,72,,7692,,7692
116,"pier_39",1,0,1,0,,95,,9667,,85,,86,,0952,,2857,,4286,,5714,,6667,,7143,,1739,,4444,,5907,,7183,,7473,,7804
117,"coit_tower",,6,,6,,7,,6667,,625,,6,,1333,,2667,,3333,,4667,,4667,,4667,,2182,,3692,,4516,,549,,5344,,525
118,"st_paul_s_cathedral_london",1,0,1,0,1,0,,9667,,875,,82,,2941,,3529,,5882,,8235,,8235,,8824,,4545,,5217,,7407,,8894,,8485,,85
119,"cloud_gate",,8,,8,,8,,7333,,75,,68,,25,,25,,3333,,4167,,5,,5,,381,,381,,4706,,5314,,6,,5763
120,"musee_d_orsay",1,0,1,0,1,0,,9333,,95,,92,,2381,,3333,,4762,,5238,,6667,,7143,,3846,,5,,6452,,671,,7835,,8042
121,"pike_place_market",1,0,,9,,9,,9,,85,,86,,2381,,3333,,4286,,4762,,4762,,4762,,3846,,4865,,5806,,6228,,6104,,613
122,"royal_palace_madrid",1,0,,7,,7,,7667,,8,,82,,1818,,1818,,3636,,5,,5455,,6364,,3077,,2887,,4786,,6053,,6486,,7166
123,"sony_center_berlin",1,0,1,0,,95,,9333,,875,,9,,1905,,3333,,381,,4762,,5238,,5714,,32,,5,,5438,,6306,,6553,,699
124,"red_square_moscow",1,0,,7,,75,,6667,,7,,7,,0952,,0952,,1905,,381,,5714,,7143,,1739,,1677,,3038,,4848,,6292,,7071
125,"prague_castle",1,0,1,0,1,0,,9,,9,,88,,16,,28,,4,,48,,56,,72,,2759,,4375,,5714,,6261,,6904,,792
126,"musee_du_louvre",1,0,1,0,1,0,,9667,,975,,98,,16,,32,,4,,48,,6,,68,,2759,,4848,,5714,,6415,,7429,,8029
127,"millennium_bridge_london",,6,,6,,75,,6667,,725,,78,,12,,2,,44,,44,,56,,56,,2,,3,,5546,,5301,,6319,,6519
128,"casa_mila",1,0,1,0,,95,,9667,,95,,94,,2,,32,,48,,6,,64,,64,,3333,,4848,,6378,,7404,,7648,,7615
129,"national_gallery_london",1,0,,9,,85,,7667,,75,,72,,1818,,2727,,3636,,4545,,5455,,5909,,3077,,4186,,5094,,5707,,6316,,6491
130,"national_mall",1,0,1,0,1,0,1,0,,975,,96,,2,,4,,56,,68,,76,,76,,3333,,5714,,7179,,8095,,8542,,8484
131,"london_city_hall",1,0,1,0,,95,,8667,,85,,86,,2,,3,,45,,5,,55,,6,,3333,,4615,,6107,,6341,,6679,,7068
132,"holocaust_memorial",1,0,,9,,75,,6333,,625,,56,,25,,3125,,4375,,5,,5625,,625,,4,,4639,,5526,,5588,,5921,,5907
133,"columbus_circle",,8,,6,,65,,6667,,675,,62,,16,,2,,44,,64,,68,,72,,2667,,3,,5248,,6531,,6775,,6663
134,"siegessaeule",,6,,6,,6,,6333,,575,,58,,12,,24,,32,,48,,6,,6,,2,,3429,,4174,,5461,,5872,,5898
135,"jardin_du_luxembourg",1,0,1,0,,95,,9667,,975,,96,,2,,28,,44,,6,,68,,8,,3333,,4375,,6014,,7404,,8012,,8727
136,"merlion_singapore",,0,,1,,2,,2,,225,,28,,0,,0455,,1818,,2273,,3636,,5,,0,,0625,,1905,,2128,,278,,359
137,"harrods_london",,8,,8,,85,,8667,,875,,84,,12,,24,,4,,48,,52,,6,,2087,,3692,,544,,6178,,6523,,7
138,"metropolitan_museum_of_art_new_york",1,0,1,0,,9,,9333,,95,,96,,16,,28,,4,,48,,52,,64,,2759,,4375,,5538,,634,,6721,,768
139,"new_york_stock_exchange",,8,,9,,65,,7,,65,,66,,2,,35,,35,,4,,45,,6,,32,,504,,455,,5091,,5318,,6286
140,"stephansdom_vienna",1,0,1,0,1,0,1,0,1,0,1,0,,2,,4,,56,,68,,76,,76,,3333,,5714,,7179,,8095,,8636,,8636
141,"hms_belfast",1,0,1,0,1,0,,9667,,95,,94,,16,,32,,44,,44,,56,,68,,2759,,4848,,6111,,6047,,7046,,7891
142,"leicester_square",1,0,,7,,75,,8,,75,,7,,16,,24,,36,,44,,44,,48,,2759,,3574,,4865,,5677,,5546,,5695
143,"ciudad_de_las_artes_y_las_ciencias",1,0,1,0,,95,,9333,,925,,94,,2,,28,,48,,64,,64,,64,,3333,,4375,,6378,,7593,,7565,,7615
144,"topkapi_palace",1,0,1,0,1,0,,9667,,975,,98,,2,,28,,4,,52,,64,,72,,3333,,4375,,5714,,6762,,7728,,8301
145,"royal_albert_hall",1,0,,9,,75,,7333,,75,,7,,16,,24,,36,,48,,52,,52,,2759,,3789,,4865,,5802,,6142,,5967
146,"st_vitus_cathedral",1,0,,9,,95,,9667,,925,,92,,16,,28,,44,,48,,48,,52,,2759,,4271,,6014,,6415,,632,,6644
147,"castello_sforzesco",,8,,9,,9,,9,,925,,92,,16,,24,,4,,48,,52,,6,,2667,,3789,,5538,,6261,,6657,,7263
148,"rijksmuseum_amsterdam",1,0,1,0,1,0,1,0,,975,,98,,08,,16,,32,,44,,56,,6,,1481,,2759,,4848,,6111,,7114,,7443
149,"dam_square",,8,,8,,75,,7,,725,,68,,12,,24,,32,,36,,4,,48,,2087,,3692,,4486,,4755,,5156,,5628
150,"rathaus_vienna",1,0,1,0,,85,,8,,825,,78,,12,,2,,28,,36,,52,,56,,2143,,3333,,4212,,4966,,6379,,6519
151,"bath_abbey",1,0,1,0,1,0,1,0,,975,,98,,2,,28,,44,,56,,64,,68,,3333,,4375,,6111,,7179,,7728,,8029
152,"salisbury_cathedral",1,0,,9,,95,,9333,,95,,94,,16,,16,,36,,44,,44,,52,,2759,,2717,,5221,,5981,,6014,,6696
153,"templo_de_debod",,4,,2,,35,,4,,4,,42,,0909,,0909,,1818,,3182,,4091,,4545,,1481,,125,,2393,,3544,,4045,,4366
154,"Niagara_Falls",,4,,5,,65,,7,,65,,62,,0909,,1818,,4091,,5,,6364,,6364,,1481,,2667,,5021,,5833,,6431,,6281
155,"Golden_Gate_Bridge_in_San_Francisco",,8,,8,,85,,9,,925,,94,,1364,,1818,,2273,,4545,,5909,,6364,,233,,2963,,3586,,604,,7211,,7589
156,"Neuschwanstein_Castle",1,0,1,0,1,0,,9667,,925,,94,,2,,36,,56,,64,,68,,72,,3333,,5294,,7179,,7701,,7838,,8154
157,"Christ_Church_Cathedral_Missouri",1,0,1,0,,95,,9667,,9,,9,,2,,36,,48,,52,,56,,6,,3333,,5294,,6378,,6762,,6904,,72
158,"Mount_Rushmore_in_South_Dakota",,8,,8,,9,,9333,,95,,94,,12,,24,,28,,36,,44,,56,,2087,,3692,,4271,,5196,,6014,,7019
159,"Puerta_de_Toledo",,0,,0,,05,,0667,,05,,06,,0,,0,,5,1,0,1,0,1,0,,0,,0,,0909,,125,,0952,,1132
160,"Urquhart_Castle",,8,,9,,9,,9,,85,,82,,1667,,3333,,5417,,5833,,625,,6667,,2759,,4865,,6763,,7079,,7203,,7354
161,"Gare_du_Nord_Paris",,8,,8,,8,,7667,,75,,74,,12,,2,,28,,32,,4,,48,,2087,,32,,4148,,4515,,5217,,5823
162,"Newgrange_in_Ireland",,8,,8,,7,,7333,,675,,7,,1667,,25,,4167,,4167,,4167,,4583,,2759,,381,,5224,,5314,,5153,,554
163,"Windmills_at_Kinderdijk",1,0,1,0,,9,,9,,9,,86,,16,,24,,36,,4,,48,,56,,2759,,3871,,5143,,5538,,6261,,6783
164,"Conciergerie",,8,,9,,95,,9667,,975,,98,,16,,2,,48,,6,,72,,76,,2667,,3273,,6378,,7404,,8283,,8561
165,"Palazzo_Madama",,8,,8,,75,,7,,675,,66,,1818,,3636,,5,,5455,,6364,,6364,,2963,,5,,6,,6131,,6551,,648
166,"Split_Rock_Lighthouse",1,0,1,0,,95,,9333,,925,,9,,16,,24,,36,,4,,52,,56,,2759,,3871,,5221,,56,,6657,,6904
167,"The_Little_Mermaid_Denmark",,8,,9,,85,,8667,,825,,76,,2143,,2857,,5714,,6429,,7857,,7857,,338,,4337,,6834,,7382,,8049,,7726
168,"Great_Pyramid_of_Giza",,4,,5,,45,,5667,,525,,56,,1333,,3333,,4,,6667,,6667,,7333,,2,,4,,4235,,6126,,5874,,6351
169,"Pitti_Palace",,8,,9,,75,,8333,,75,,74,,1364,,3182,,4545,,5455,,5455,,5455,,233,,4701,,566,,6593,,6316,,628
170,"Georgia_State_Capitol",1,0,,7,,5,,4667,,4,,36,,2105,,2105,,2632,,2632,,2632,,2632,,3478,,3237,,3448,,3365,,3175,,3041
171,"Dome_des_Invalides",1,0,1,0,,95,,9667,,95,,96,,2,,28,,36,,44,,48,,52,,3333,,4375,,5221,,6047,,6378,,6746
172,"Reggia_di_Caserta",1,0,,5,,55,,6,,575,,6,,2,,2,,4,,48,,56,,6,,3333,,2857,,4632,,5333,,5674,,6
173,"The_Burj_al_Arab_Hotel",,8,,8,,85,,8,,85,,88,,16,,24,,36,,4,,44,,56,,2667,,3692,,5058,,5333,,5798,,6844
174,"Elephanta_Caves",1,0,1,0,1,0,1,0,,975,,9,,2083,,3333,,4167,,625,,6667,,75,,3448,,5,,5882,,7692,,7919,,8182
175,"Basilica_of_Santa_Croce",1,0,1,0,1,0,1,0,1,0,1,0,,12,,24,,32,,52,,6,,6,,2143,,3871,,4848,,6842,,75,,75
176,"Aachen_Cathedral",1,0,1,0,,95,,9333,,9,,9,,12,,24,,44,,48,,6,,72,,2143,,3871,,6014,,634,,72,,8
177,"Monument_to_the_Great_Fire_of_London",,8,,8,,8,,6333,,625,,5,,12,,28,,4,,48,,52,,52,,2087,,4148,,5333,,5461,,5677,,5098
178,"Longmen_Grottoes",,6,,7,,65,,5667,,525,,58,,12,,24,,36,,44,,52,,72,,2,,3574,,4634,,4954,,5225,,6425
179,"Louisiana_State_Capitol",,4,,4,,25,,3,,35,,38,,08,,12,,16,,24,,36,,52,,1333,,1846,,1951,,2667,,3549,,4391
180,"The_Great_Sphinx_at_Giza",,6,,8,,9,,8667,,85,,86,,12,,28,,36,,52,,6,,6,,2,,4148,,5143,,65,,7034,,7068
181,"Teatro_Real_Madrid",1,0,,9,,85,,8333,,775,,72,,2174,,3913,,5217,,6957,,8261,,8696,,3571,,5455,,6466,,7583,,7997,,7877
182,"Palacio_de_la_Magdalena",,4,,6,,75,,8,,825,,84,,08,,24,,4,,56,,6,,72,,1333,,3429,,5217,,6588,,6947,,7754
183,"Sowjetisches_Ehrenmal",,8,,7,,65,,7,,75,,68,,12,,24,,36,,52,,64,,72,,2087,,3574,,4634,,5967,,6906,,6994
184,"Cathedral_of_Trier",1,0,1,0,1,0,,9667,,975,,92,,16,,28,,48,,56,,72,,8,,2759,,4375,,6486,,7092,,8283,,8558
185,"Saint_Mary_of_the_Flower",,2,,2,,25,,2,,275,,32,,04,,04,,12,,16,,28,,4,,0667,,0667,,1622,,1778,,2775,,3556
186,"Skellig_Michael",,8,,6,,8,,7667,,75,,76,,16,,2,,4,,48,,6,,64,,2667,,3,,5333,,5904,,6667,,6949
187,"Chicago_Board_of_Trade_Building",1,0,1,0,,9,,8,,75,,72,,1818,,2727,,4545,,5455,,5909,,6818,,3077,,4286,,604,,6486,,661,,7004
188,"Pont_de_Normandie_France",1,0,1,0,,9,,9333,,925,,92,,1579,,3684,,5263,,6316,,7895,,9474,,2727,,5385,,6642,,7534,,8519,,9335
189,"Palazzo_Rosso",,0,,0,,0,,0333,,05,,06,,0,,0,,0,,0417,,0833,,125,,0,,0,,0,,037,,0625,,0811
190,"Piazza_Vittorio_Veneto",,6,,7,,6,,5333,,45,,44,,125,,25,,375,,5,,5625,,625,,2069,,3684,,4615,,5161,,5,,5164
191,"Sforza_Castle",1,0,1,0,,95,,9667,,9,,92,,2,,32,,4,,48,,6,,72,,3333,,4848,,563,,6415,,72,,8078
192,"Torres_KIO",1,0,,9,,85,,9,,925,,9,,12,,24,,36,,44,,52,,64,,2143,,3789,,5058,,591,,6657,,7481
193,"Torre_Picasso",,8,,8,,75,,7667,,725,,76,,1667,,2917,,4167,,5,,625,,7083,,2759,,4275,,5357,,6053,,6713,,7333
194,"The_Palace_of_Parliament_in_Bucharest",1,0,,9,,95,,9333,,95,,92,,12,,16,,28,,4,,4,,48,,2143,,2717,,4325,,56,,563,,6309
195,"Ernest_Hemingway_House",,6,,6,,65,,7,,75,,72,,12,,24,,4,,44,,56,,6,,2,,3429,,4952,,5404,,6412,,6545
196,"Castel_dellOvo_Napoli",,8,,7,,85,,8667,,875,,86,,16,,28,,48,,68,,72,,76,,2667,,4,,6135,,7621,,79,,8069
197,"Villa_Borghese_gardens",1,0,1,0,1,0,,9667,,975,,98,,16,,36,,56,,76,,84,,84,,2759,,5294,,7179,,851,,9025,,9046
198,"Saint_Marks_Basilica",1,0,1,0,1,0,1,0,1,0,1,0,,16,,28,,32,,44,,48,,48,,2759,,4375,,4848,,6111,,6486,,6486
199,"Mausoleum_of_the_First_Qin_Emperor",,8,,9,,9,,8,,775,,8,,16,,24,,4,,44,,52,,56,,2667,,3789,,5538,,5677,,6224,,6588
200,"Mausoleum_of_Hadrian",1,0,1,0,,9,,9,,85,,72,,2778,,3333,,5556,,6111,,6111,,6111,,4348,,5,,687,,7279,,711,,6611
201,"Piazza_de_Ferrari",1,0,,9,,95,,9667,,925,,94,,2105,,3158,,4211,,4737,,5789,,5789,,3478,,4675,,5835,,6358,,7122,,7166
202,"George_Washington_Carver",,8,,4,,55,,6667,,675,,66,,1875,,1875,,3125,,625,,6875,,75,,3038,,2553,,3986,,6452,,6812,,7021
203,"Cathedral_of_Santiago_de_Compostela",1,0,,9,,85,,8333,,825,,82,,2353,,2941,,3529,,5294,,7059,,8824,,381,,4433,,4988,,6475,,7608,,85
204,"Saint-Jacques_Tower",1,0,,7,,75,,8,,8,,78,,2308,,3077,,3077,,3846,,3846,,4615,,375,,4275,,4364,,5195,,5195,,5799
205,"Calakmul_Campeche_Mexico",1,0,1,0,1,0,,9667,,925,,9,,2143,,3571,,5714,,6429,,7143,,7857,,3529,,5263,,7273,,7722,,8061,,839
206,"Bran_Castle_in_Transylvania",,8,,8,,85,,8,,825,,86,,1579,,2632,,5263,,5263,,5789,,7368,,2637,,396,,6501,,6349,,6804,,7937
207,"Mosteiro_da_Batalha",1,0,1,0,1,0,1,0,1,0,1,0,,2105,,2632,,4737,,5789,,6316,,6842,,3478,,4167,,6429,,7333,,7742,,8125
208,"Wartburg_Castle",1,0,1,0,,95,,9667,,9,,92,,25,,4,,5,,75,,8,,8,,4,,5714,,6552,,8447,,8471,,8558
209,"Fujian_Tulou_Fujian_China",1,0,1,0,1,0,1,0,1,0,1,0,,2778,,3333,,5,,5556,,5556,,6111,,4348,,5,,6667,,7143,,7143,,7586
210,"Alabama_State_Capitol",,8,,8,,75,,7,,7,,7,,1905,,3333,,5238,,619,,7143,,8095,,3077,,4706,,6168,,657,,7071,,7508
211,"Palazzo_dAccursio",,8,,9,,75,,7333,,8,,76,,1111,,2222,,3333,,4444,,5556,,5556,,1951,,3564,,4615,,5535,,6557,,6419
212,"Casa_Grande_Ruins",,8,,9,,85,,8667,,825,,84,,1765,,2941,,4118,,4706,,4706,,5294,,2892,,4433,,5548,,61,,5993,,6495
213,"Stravinsky_Fountain",1,0,1,0,,95,,9667,,95,,9,,2667,,3333,,4667,,6,,6,,6,,4211,,5,,6259,,7404,,7355,,72
214,"Angel_Falls_Venezuela",,6,,5,,5,,5,,5,,52,,1765,,2941,,3529,,5882,,6471,,7059,,2727,,3704,,4138,,5405,,5641,,5988
215,"Statue_of_George_IV",,4,,4,,5,,4333,,5,,5,,25,,375,,75,,75,,75,,875,,3077,,3871,,6,,5493,,6,,6364
216,"Palacio_Barolo",,8,,9,,95,,9333,,925,,92,,2353,,3529,,5294,,5294,,5882,,5882,,3636,,507,,6799,,6756,,7191,,7176
217,"Bridge_of_Remembrance_Christchurch_New_Zealand",1,0,1,0,,9,,9,,775,,7,,1667,,5,,8333,,9167,,9167,1,0,,2857,,6667,,8654,,9083,,8399,,8235
218,"John_A._Roebling_Suspension_Bridge",,2,,4,,4,,4,,4,,4,,0667,,2,,4,,6,,6667,,6667,,1,,2667,,4,,48,,5,,5
219,"Blue_Dome_Santorini",,8,,9,,95,,9333,,9,,9,,25,,4375,,625,,6875,,75,,8125,,381,,5888,,754,,7918,,8182,,854
220,"Fossar_de_les_Moreres",,8,,6,,65,,6,,475,,42,,1429,,2143,,5714,,5714,,6429,,7143,,2424,,3158,,6082,,5854,,5463,,529
221,"Luxor_Obelisk_France",,4,,5,,7,,8,,75,,76,,125,,1875,,3125,,4375,,4375,,4375,,1905,,2727,,4321,,5657,,5526,,5553
222,"Valle_de_los_Caidos",,8,,9,,9,,8333,,875,,9,,15,,35,,5,,5,,6,,65,,2526,,504,,6429,,625,,7119,,7548
--------------------
"--","Avg.",P@5,P@10,P@20,P@30,P@40,P@50,CR@5,CR@10,CR@20,CR@30,CR@40,CR@50,F1@5,F1@10,F1@20,F1@30,F1@40,F1@50
,,,8153,,8009,,7896,,7859,,7755,,7686,,1563,,2577,,3989,,5003,,5743,,6302,,2596,,3849,,5196,,5983,,6448,,6769