--------------------
"Run name","output_runGABORDtrs"
--------------------
"Average P@20 = ",,7671
"Average CR@20 = ",,4067
"Average F1@20 = ",,5216
--------------------
"Query Id ","Location name",P@5,P@10,P@20,P@30,P@40,P@50,CR@5,CR@10,CR@20,CR@30,CR@40,CR@50,F1@5,F1@10,F1@20,F1@30,F1@40,F1@50
1,"angel_of_the_north",1,0,1,0,1,0,1,0,1,0,1,0,,2,,36,,52,,56,,6,,72,,3333,,5294,,6842,,7179,,75,,8372
2,"big_ben",,8,,9,,9,,9,,825,,84,,1364,,2273,,3182,,3182,,5,,5455,,233,,3629,,4701,,4701,,6226,,6614
3,"hearst_castle",1,0,1,0,1,0,1,0,,975,,92,,1667,,2917,,5833,,625,,7917,,8333,,2857,,4516,,7368,,7692,,8738,,8745
4,"la_madeleine",,2,,4,,5,,3667,,375,,38,,0714,,2143,,4286,,5,,5714,,6429,,1053,,2791,,4615,,4231,,4528,,4777
5,"pont_alexandre_iii",1,0,1,0,1,0,1,0,1,0,1,0,,16,,2,,4,,52,,6,,72,,2759,,3333,,5714,,6842,,75,,8372
6,"neues_museum",,0,,0,,25,,4,,475,,48,,0,,0,,2,,36,,44,,56,,0,,0,,2222,,3789,,4568,,5169
7,"montezuma_castle",,6,,5,,45,,5,,55,,54,,1667,,25,,4167,,5833,,8333,,8333,,2609,,3333,,4327,,5385,,6627,,6553
8,"cn_tower",,6,,7,,6,,6667,,675,,68,,125,,25,,375,,5,,6667,,7083,,2069,,3684,,4615,,5714,,6708,,6939
9,"acropolis_athens",1,0,1,0,1,0,,9667,,875,,84,,2381,,3333,,4286,,4762,,4762,,5714,,3846,,5,,6,,6381,,6167,,6802
10,"agra_fort",1,0,1,0,1,0,1,0,,95,,92,,16,,32,,48,,52,,56,,56,,2759,,4848,,6486,,6842,,7046,,6962
11,"albert_memorial",,6,,5,,7,,7667,,775,,78,,0909,,1364,,2273,,4545,,5909,,6364,,1579,,2143,,3431,,5707,,6705,,7009
12,"altes_museum",,8,,7,,6,,5667,,625,,62,,1667,,25,,4583,,5,,5833,,625,,2759,,3684,,5197,,5312,,6034,,6225
13,"amiens_cathedral",,8,,9,,9,,9333,,95,,96,,16,,28,,4,,64,,72,,76,,2667,,4271,,5538,,7593,,8192,,8484
14,"angkor_wat",,8,,7,,6,,6667,,75,,76,,16,,24,,36,,44,,52,,52,,2667,,3574,,45,,5301,,6142,,6175
15,"ara_pacis",,8,,9,,75,,7333,,725,,68,,1364,,2727,,4545,,5455,,6364,,6364,,233,,4186,,566,,6256,,6778,,6575
16,"arc_de_triomphe",1,0,,9,,85,,8333,,825,,84,,1667,,2917,,375,,5417,,7083,,75,,2857,,4406,,5204,,6566,,7622,,7925
17,"aztec_ruins",,2,,1,,15,,2,,25,,28,,04,,04,,12,,2,,32,,44,,0667,,0571,,1333,,2,,2807,,3422
18,"berlin_cathedral",,6,,8,,9,,9,,9,,92,,12,,24,,44,,6,,64,,68,,2,,3692,,591,,72,,7481,,782
19,"bok_tower_gardens",,8,,9,,8,,8667,,85,,88,,12,,24,,44,,56,,64,,68,,2087,,3789,,5677,,6804,,7302,,7672
20,"brandenburg_gate",1,0,1,0,1,0,,9333,,925,,92,,2,,24,,36,,52,,64,,68,,3333,,3871,,5294,,6679,,7565,,782
21,"cabrillo",,2,,1,,1,,1667,,125,,14,,0769,,0769,,1538,,3846,,3846,,5385,,1111,,087,,1212,,2326,,1887,,2222
22,"casa_batllo",1,0,1,0,1,0,1,0,,975,,98,,2,,28,,4,,56,,68,,8,,3333,,4375,,5714,,7179,,8012,,8809
23,"casa_rosada",1,0,1,0,,95,,8667,,9,,92,,12,,28,,52,,6,,64,,8,,2143,,4375,,6721,,7091,,7481,,8558
24,"castillo_de_san_marcos",,8,,9,,65,,7333,,775,,72,,16,,32,,4,,44,,56,,6,,2667,,4721,,4952,,55,,6502,,6545
25,"chartres_cathedral",1,0,,9,,9,,9,,925,,94,,16,,24,,36,,52,,64,,76,,2759,,3789,,5143,,6592,,7565,,8405
26,"chichen_itza",1,0,,8,,9,,8667,,825,,84,,16,,16,,32,,44,,6,,6,,2759,,2667,,4721,,5837,,6947,,7
27,"christ_the_redeemer_rio",,6,,6,,7,,7333,,675,,64,,1304,,2609,,4783,,5652,,5652,,6522,,2143,,3636,,5683,,6384,,6152,,646
28,"civic_center_san_francisco",,6,,7,,75,,7,,725,,66,,12,,12,,32,,44,,48,,52,,2,,2049,,4486,,5404,,5776,,5817
29,"cologne_cathedral",1,0,1,0,1,0,1,0,,95,,94,,12,,24,,48,,64,,76,,76,,2143,,3871,,6486,,7805,,8444,,8405
30,"colosseum",1,0,1,0,1,0,,9667,,95,,96,,12,,28,,48,,52,,56,,6,,2143,,4375,,6486,,6762,,7046,,7385
31,"doge_s_palace",1,0,,8,,85,,9,,9,,88,,2,,24,,36,,44,,44,,52,,3333,,3692,,5058,,591,,591,,6537
32,"eiffel_tower",1,0,1,0,1,0,1,0,,95,,96,,2,,32,,44,,48,,48,,52,,3333,,4848,,6111,,6486,,6378,,6746
33,"golden_gate_bridge",1,0,,9,,8,,7667,,775,,82,,2174,,3043,,4348,,5652,,6087,,6957,,3571,,4549,,5634,,6507,,6819,,7527
34,"grand_palais",1,0,,9,,85,,8667,,875,,9,,1818,,3182,,4091,,5,,5909,,7273,,3077,,4701,,5523,,6341,,7054,,8045
35,"guggenheim_museum_bilbao",1,0,1,0,,95,,9667,,975,,94,,2,,28,,4,,52,,64,,72,,3333,,4375,,563,,6762,,7728,,8154
36,"hagia_sophia_istanbul",1,0,,9,,95,,9667,,975,,94,,2,,24,,44,,48,,56,,56,,3333,,3789,,6014,,6415,,7114,,7019
37,"hoover_dam",1,0,1,0,,95,,9667,,975,,98,,12,,24,,36,,52,,64,,76,,2143,,3871,,5221,,6762,,7728,,8561
38,"humayun_tomb",,2,,4,,55,,6,,7,,7,,04,,12,,28,,36,,6,,64,,0667,,1846,,3711,,45,,6462,,6687
39,"iguazu_falls",,6,,6,,75,,7,,75,,76,,12,,16,,36,,4,,44,,56,,2,,2526,,4865,,5091,,5546,,6448
40,"iolani_palace",,8,,9,,65,,6667,,675,,68,,12,,24,,32,,48,,6,,68,,2087,,3789,,4289,,5581,,6353,,68
41,"la_mezquita",1,0,,8,,8,,7333,,675,,64,,1667,,25,,4167,,5417,,5417,,5417,,2857,,381,,5479,,6231,,601,,5867
42,"la_rambla_barcelona",1,0,1,0,,9,,9333,,925,,92,,16,,24,,4,,44,,56,,64,,2759,,3871,,5538,,5981,,6976,,7549
43,"la_sainte_chapelle",1,0,1,0,,95,,9667,,95,,94,,2,,32,,44,,52,,64,,68,,3333,,4848,,6014,,6762,,7648,,7891
44,"liberty_memorial",,6,,5,,55,,6333,,55,,58,,08,,08,,28,,48,,52,,56,,1412,,1379,,3711,,5461,,5346,,5698
45,"lincoln_home",1,0,,9,,85,,9,,9,,88,,2778,,3889,,5556,,7222,,8333,,8889,,4348,,5431,,6719,,8014,,8654,,8844
46,"machu_picchu",1,0,1,0,,75,,8,,825,,74,,16,,32,,48,,56,,68,,72,,2759,,4848,,5854,,6588,,7455,,7299
47,"marble_arch_london",,8,,6,,45,,5333,,45,,38,,25,,3333,,4167,,5833,,5833,,6667,,381,,4286,,4327,,5572,,5081,,4841
48,"milan_cathedral",1,0,,9,,95,,9333,,9,,9,,16,,28,,4,,56,,68,,72,,2759,,4271,,563,,7,,7747,,8
49,"mole_antonelliana",1,0,,8,,8,,7333,,7,,7,,16,,2,,28,,32,,44,,52,,2759,,32,,4148,,4456,,5404,,5967
50,"mont_saint_michel",1,0,1,0,,9,,8333,,875,,84,,2,,4,,56,,64,,76,,8,,3333,,5714,,6904,,724,,8135,,8195
51,"moulin_rouge",,2,,2,,1,,0667,,05,,08,,125,,125,,125,,125,,125,,25,,1538,,1538,,1111,,087,,0714,,1212
52,"nelson_s_column",1,0,1,0,,95,,9667,,975,,94,,2083,,3333,,4167,,4583,,5417,,625,,3448,,5,,5793,,6218,,6964,,7508
53,"notre_dame_de_paris",1,0,,9,,85,,8333,,85,,88,,2,,24,,4,,48,,52,,64,,3333,,3789,,544,,6091,,6453,,7411
54,"obelisco",,2,,1,,1,,1333,,225,,22,,0909,,0909,,1818,,2727,,6364,,7273,,125,,0952,,129,,1791,,3325,,3378
55,"piccadilly_circus",,6,,7,,8,,8,,725,,74,,1304,,3043,,4783,,5652,,6087,,6957,,2143,,4242,,5986,,6624,,6618,,7171
56,"place_de_la_concorde",1,0,1,0,1,0,1,0,,975,,98,,16,,24,,32,,48,,6,,64,,2759,,3871,,4848,,6486,,7429,,7743
57,"place_de_la_republique",,0,,1,,15,,1333,,15,,16,,0,,125,,375,,5,,625,,75,,0,,1111,,2143,,2105,,2419,,2637
58,"place_des_vosges",,8,,8,,8,,7667,,775,,8,,16,,24,,32,,48,,56,,64,,2667,,3692,,4571,,5904,,6502,,7111
59,"pont_du_gard",,8,,7,,7,,7667,,775,,8,,16,,28,,4,,56,,56,,68,,2667,,4,,5091,,6472,,6502,,7351
60,"pont_neuf",1,0,,9,,8,,7667,,8,,8,,12,,24,,48,,6,,64,,68,,2143,,3789,,6,,6732,,7111,,7351
61,"ponte_vecchio",1,0,,8,,75,,7333,,75,,74,,1667,,2083,,375,,4167,,5,,5417,,2857,,3306,,5,,5314,,6,,6255
62,"puerta_de_alcala",,6,,6,,65,,6333,,7,,62,,1579,,1579,,4211,,5789,,6842,,7368,,25,,25,,5111,,6049,,692,,6734
63,"puerta_del_sol",,6,,5,,55,,4333,,4,,44,,15,,25,,45,,5,,55,,6,,24,,3333,,495,,4643,,4632,,5077
64,"red_fort",1,0,1,0,1,0,1,0,1,0,1,0,,16,,28,,44,,6,,64,,72,,2759,,4375,,6111,,75,,7805,,8372
65,"reims_cathedral",,8,,9,,95,,9333,,925,,92,,12,,2,,44,,6,,68,,72,,2087,,3273,,6014,,7304,,7838,,8078
66,"rialto_bridge",,6,,5,,65,,6,,6,,58,,125,,125,,3125,,4375,,5625,,625,,2069,,2,,4221,,506,,5806,,6017
67,"roman_forum_rome",1,0,,9,,7,,7,,725,,72,,2,,36,,48,,64,,68,,76,,3333,,5143,,5695,,6687,,7018,,7395
68,"sacre_coeur",,6,,6,,6,,5667,,55,,56,,0833,,1667,,2917,,3333,,4167,,5,,1463,,2609,,3925,,4198,,4741,,5283
69,"sagrada_familia",1,0,1,0,,9,,9,,925,,94,,16,,24,,44,,48,,56,,64,,2759,,3871,,591,,6261,,6976,,7615
70,"santa_maria_novella",,8,,6,,65,,6667,,575,,56,,12,,16,,32,,48,,52,,52,,2087,,2526,,4289,,5581,,5461,,5393
71,"schonbrunn_palace",,8,,9,,95,,9667,,95,,96,,16,,28,,4,,48,,56,,64,,2667,,4271,,563,,6415,,7046,,768
72,"seville_cathedral",,8,,9,,9,,8667,,9,,92,,12,,28,,52,,6,,6,,68,,2087,,4271,,6592,,7091,,72,,782
73,"spanish_steps",,6,,7,,55,,5667,,625,,62,,0455,,1818,,2727,,3182,,5,,5455,,0845,,2887,,3646,,4075,,5556,,5803
74,"st__basil_cathedral",,8,,8,,85,,9,,9,,92,,12,,2,,44,,48,,6,,64,,2087,,32,,5798,,6261,,72,,7549
75,"statue_of_liberty",,6,,7,,8,,7667,,8,,82,,12,,24,,56,,72,,8,,84,,2,,3574,,6588,,7426,,8,,8299
76,"stonehenge",,4,,4,,4,,4333,,5,,54,,1053,,1579,,2105,,3158,,3684,,5789,,1667,,2264,,2759,,3653,,4242,,5588
77,"summer_palace_beijing",1,0,1,0,1,0,,9333,,95,,9,,16,,28,,4,,56,,64,,68,,2759,,4375,,5714,,7,,7648,,7747
78,"sydney_opera_house",1,0,1,0,1,0,,9333,,925,,92,,2,,32,,36,,48,,64,,68,,3333,,4848,,5294,,634,,7565,,782
79,"teotihuacan",1,0,,9,,85,,8,,825,,82,,12,,24,,44,,64,,68,,72,,2143,,3789,,5798,,7111,,7455,,7668
80,"terracotta_army",,6,,5,,55,,6333,,55,,52,,15,,25,,4,,55,,55,,6,,24,,3333,,4632,,5887,,55,,5571
81,"the_blue_mosque",1,0,1,0,,95,,8667,,9,,9,,16,,28,,48,,52,,56,,6,,2759,,4375,,6378,,65,,6904,,72
82,"the_henry_ford",,8,,7,,65,,7667,,8,,8,,16,,2,,36,,52,,6,,72,,2667,,3111,,4634,,6197,,6857,,7579
83,"taj_mahal",,6,,8,,85,,8667,,9,,92,,12,,24,,36,,52,,76,,88,,2,,3692,,5058,,65,,8241,,8996
84,"tour_montparnasse",,4,,5,,55,,4667,,4,,4,,1,,2,,35,,35,,4,,45,,16,,2857,,4278,,4,,4,,4235
85,"tower_bridge_london",1,0,,9,,65,,5667,,55,,56,,2,,24,,32,,36,,48,,52,,3333,,3789,,4289,,4403,,5126,,5393
86,"trafalgar_square",,8,,4,,4,,4,,45,,46,,1364,,1364,,2273,,3182,,3636,,3636,,233,,2034,,2899,,3544,,4022,,4062
87,"leaning_tower_of_pisa",,4,,7,,55,,6,,6,,58,,08,,24,,4,,52,,56,,56,,1333,,3574,,4632,,5571,,5793,,5698
88,"hermitage_museum_saint_petersburg",1,0,,8,,8,,8333,,85,,84,,16,,2,,4,,4,,52,,56,,2759,,32,,5333,,5405,,6453,,672
89,"jantar_mantar_jaipur",1,0,1,0,,95,,8333,,8,,8,,2,,36,,44,,52,,72,,8,,3333,,5294,,6014,,6404,,7579,,8
90,"lake_titicaca_peru",,6,,6,,55,,4333,,525,,52,,125,,25,,2917,,3333,,5417,,5417,,2069,,3529,,3812,,3768,,5332,,5306
91,"the_great_wall_of_china",,6,,5,,7,,8,,825,,8,,12,,16,,4,,56,,68,,72,,2,,2424,,5091,,6588,,7455,,7579
92,"grande_arche_paris",,4,,3,,45,,5,,55,,58,,08,,12,,2,,28,,4,,44,,1333,,1714,,2769,,359,,4632,,5004
93,"el_angel_mexico",1,0,1,0,,7,,6667,,675,,6,,1429,,3333,,4286,,5238,,619,,7143,,25,,5,,5316,,5867,,6458,,6522
94,"bibliotheque_nationale_de_france",,8,,8,,6,,6,,675,,66,,12,,16,,28,,32,,52,,56,,2087,,2667,,3818,,4174,,5874,,6059
95,"kronborg_castle",,6,,8,,7,,7667,,75,,74,,125,,25,,4167,,5,,5,,5833,,2069,,381,,5224,,6053,,6,,6524
96,"ajanta_caves",,8,,9,,9,,8667,,9,,92,,1364,,3636,,6364,,6364,,6364,,6818,,233,,518,,7456,,7339,,7456,,7832
97,"atomium",1,0,1,0,1,0,,9667,,95,,96,,1905,,2381,,3333,,4762,,5238,,619,,32,,3846,,5,,6381,,6753,,7527
98,"ellora_caves",1,0,1,0,1,0,1,0,1,0,,96,,1818,,3182,,4091,,5455,,5909,,5909,,3077,,4828,,5806,,7059,,7429,,7315
99,"potala_palace",,8,,7,,8,,8333,,85,,82,,1667,,2222,,4444,,6111,,6111,,6667,,2759,,3373,,5714,,7051,,711,,7354
100,"jokhang",,8,,9,,95,,9333,,9,,88,,16,,28,,48,,52,,64,,72,,2667,,4271,,6378,,6679,,7481,,792
101,"rila_monastery",,6,,7,,75,,8,,85,,84,,12,,2,,28,,28,,44,,48,,2,,3111,,4078,,4148,,5798,,6109
102,"louvre_pyramid",,8,,8,,85,,7667,,75,,76,,2222,,2778,,5556,,6111,,6667,,6667,,3478,,4124,,6719,,6801,,7059,,7103
103,"brooklyn_bridge",1,0,,8,,9,,8667,,875,,84,,1905,,2857,,4286,,4762,,5238,,5238,,32,,4211,,5806,,6147,,6553,,6453
104,"tower_of_london",1,0,,8,,8,,7667,,725,,72,,1739,,2609,,3913,,4783,,5652,,6522,,2963,,3934,,5255,,5891,,6352,,6844
105,"british_museum_london",1,0,1,0,1,0,1,0,,975,,98,,2,,25,,5,,5,,55,,6,,3333,,4,,6667,,6667,,7033,,7443
106,"buckingham_palace",,2,,4,,45,,4333,,425,,38,,05,,15,,25,,3,,35,,35,,08,,2182,,3214,,3545,,3839,,3644
107,"charles_bridge_prague",1,0,,7,,7,,7,,65,,64,,1667,,2083,,3333,,4583,,4583,,5417,,2857,,3211,,4516,,554,,5376,,5867
108,"champs_elysees_paris",,8,,7,,65,,5667,,5,,56,,2667,,3333,,4,,4667,,4667,,6,,4,,4516,,4952,,5118,,4828,,5793
109,"chrysler_building",1,0,1,0,1,0,1,0,,975,,98,,2857,,4286,,5714,,7143,,8571,,8571,,4444,,6,,7273,,8333,,9123,,9145
110,"moma_new_york",,8,,9,,85,,8333,,875,,9,,1053,,2105,,3684,,4737,,4737,,6316,,186,,3412,,514,,604,,6146,,7423
111,"grand_central_terminal",1,0,1,0,1,0,,9667,,95,,96,,1429,,1905,,381,,4762,,5714,,5714,,25,,32,,5517,,6381,,7136,,7164
112,"houses_of_parliament",1,0,1,0,,95,,9667,,925,,92,,1739,,3043,,3478,,3913,,4783,,4783,,2963,,4667,,5092,,5571,,6305,,6294
113,"alexanderplatz_berlin",,8,,7,,7,,6333,,65,,68,,16,,24,,36,,44,,52,,56,,2667,,3574,,4755,,5193,,5778,,6142
114,"centre_pompidou",,8,,8,,75,,7,,7,,68,,1667,,2778,,3889,,5,,6111,,6667,,2759,,4124,,5122,,5833,,6525,,6733
115,"sydney_harbour_bridge",1,0,1,0,1,0,1,0,1,0,1,0,,3125,,375,,5625,,6875,,75,,75,,4762,,5455,,72,,8148,,8571,,8571
116,"pier_39",1,0,1,0,1,0,1,0,,975,,94,,1905,,3333,,4286,,5238,,5238,,5714,,32,,5,,6,,6875,,6815,,7108
117,"coit_tower",,6,,5,,65,,6,,525,,54,,2,,2667,,4667,,6667,,7333,,7333,,3,,3478,,5433,,6316,,6119,,622
118,"st_paul_s_cathedral_london",,8,,8,,9,,9,,825,,8,,1176,,2353,,5882,,7059,,7647,,8235,,2051,,3636,,7115,,7912,,7937,,8116
119,"cloud_gate",,8,,6,,55,,5333,,575,,62,,3333,,4167,,4167,,4167,,5,,5833,,4706,,4918,,4741,,4678,,5349,,6011
120,"musee_d_orsay",1,0,,9,,9,,9333,,95,,94,,1905,,3333,,4762,,619,,6667,,7143,,32,,4865,,6228,,7444,,7835,,8117
121,"pike_place_market",1,0,1,0,,85,,8667,,85,,82,,1429,,381,,4286,,4286,,4762,,5238,,25,,5517,,5698,,5735,,6104,,6393
122,"royal_palace_madrid",,8,,7,,85,,8667,,85,,82,,1818,,2727,,4545,,5455,,6818,,7273,,2963,,3925,,5923,,6695,,7567,,7709
123,"sony_center_berlin",1,0,1,0,,95,,9333,,95,,96,,1429,,2857,,381,,4286,,4762,,5714,,25,,4444,,5438,,5874,,6344,,7164
124,"red_square_moscow",,8,,7,,7,,7333,,7,,64,,1429,,1905,,2857,,4762,,5714,,5714,,2424,,2995,,4058,,5774,,6292,,6038
125,"prague_castle",1,0,,9,,8,,8333,,85,,88,,2,,32,,48,,56,,6,,68,,3333,,4721,,6,,6699,,7034,,7672
126,"musee_du_louvre",1,0,1,0,1,0,1,0,1,0,1,0,,16,,24,,52,,6,,64,,68,,2759,,3871,,6842,,75,,7805,,8095
127,"millennium_bridge_london",,6,,6,,8,,8,,775,,78,,12,,2,,4,,52,,52,,56,,2,,3,,5333,,6303,,6224,,6519
128,"casa_mila",1,0,,9,,95,,9333,,95,,94,,16,,28,,44,,52,,56,,76,,2759,,4271,,6014,,6679,,7046,,8405
129,"national_gallery_london",1,0,,9,,85,,7667,,775,,72,,1818,,3182,,4545,,5,,5455,,5455,,3077,,4701,,5923,,6053,,6403,,6207
130,"national_mall",1,0,,9,,9,,9,,875,,88,,2,,32,,48,,64,,64,,68,,3333,,4721,,6261,,7481,,7393,,7672
131,"london_city_hall",1,0,1,0,,95,,9333,,875,,9,,15,,3,,35,,55,,6,,75,,2609,,4615,,5115,,6921,,7119,,8182
132,"holocaust_memorial",,8,,8,,7,,7,,675,,66,,1875,,3125,,5,,625,,6875,,75,,3038,,4494,,5833,,6604,,6812,,7021
133,"columbus_circle",,6,,6,,75,,6667,,625,,56,,12,,24,,4,,48,,52,,56,,2,,3429,,5217,,5581,,5677,,56
134,"siegessaeule",1,0,,8,,75,,7333,,7,,64,,2,,24,,4,,52,,56,,64,,3333,,3692,,5217,,6085,,6222,,64
135,"jardin_du_luxembourg",1,0,1,0,,95,,9667,,975,,96,,12,,24,,44,,52,,68,,72,,2143,,3871,,6014,,6762,,8012,,8229
136,"merlion_singapore",,0,,1,,25,,3667,,375,,4,,0,,0455,,2273,,4091,,5455,,6818,,0,,0625,,2381,,3867,,4444,,5042
137,"harrods_london",,8,,9,,8,,8333,,875,,86,,16,,32,,52,,6,,64,,76,,2667,,4721,,6303,,6977,,7393,,8069
138,"metropolitan_museum_of_art_new_york",1,0,1,0,1,0,1,0,,975,,96,,12,,24,,48,,6,,64,,72,,2143,,3871,,6486,,75,,7728,,8229
139,"new_york_stock_exchange",,8,,7,,75,,7333,,7,,66,,15,,2,,3,,45,,55,,55,,2526,,3111,,4286,,5577,,616,,6
140,"stephansdom_vienna",1,0,1,0,1,0,1,0,1,0,1,0,,16,,32,,44,,6,,68,,68,,2759,,4848,,6111,,75,,8095,,8095
141,"hms_belfast",1,0,1,0,1,0,1,0,,95,,96,,2,,28,,44,,52,,6,,72,,3333,,4375,,6111,,6842,,7355,,8229
142,"leicester_square",1,0,,8,,8,,8,,75,,78,,12,,2,,32,,48,,48,,56,,2143,,32,,4571,,6,,5854,,6519
143,"ciudad_de_las_artes_y_las_ciencias",1,0,,9,,9,,9333,,925,,9,,2,,24,,44,,56,,6,,64,,3333,,3789,,591,,7,,7279,,7481
144,"topkapi_palace",1,0,1,0,1,0,,9667,,95,,96,,2,,32,,48,,6,,6,,64,,3333,,4848,,6486,,7404,,7355,,768
145,"royal_albert_hall",1,0,,7,,8,,7667,,725,,72,,2,,24,,36,,4,,52,,6,,3333,,3574,,4966,,5257,,6056,,6545
146,"st_vitus_cathedral",1,0,,9,,95,,9667,,975,,98,,12,,2,,44,,56,,72,,72,,2143,,3273,,6014,,7092,,8283,,8301
147,"castello_sforzesco",,8,,9,,95,,9667,,975,,98,,16,,32,,52,,64,,72,,76,,2667,,4721,,6721,,7701,,8283,,8561
148,"rijksmuseum_amsterdam",1,0,1,0,1,0,1,0,,975,,98,,2,,28,,52,,68,,76,,76,,3333,,4375,,6842,,8095,,8542,,8561
149,"dam_square",,8,,9,,8,,7,,675,,6,,16,,24,,28,,44,,52,,52,,2667,,3789,,4148,,5404,,5874,,5571
150,"rathaus_vienna",,8,,9,,8,,7333,,775,,76,,16,,24,,28,,36,,44,,48,,2667,,3789,,4148,,4829,,5613,,5884
151,"bath_abbey",1,0,1,0,1,0,1,0,,975,,96,,16,,32,,4,,52,,68,,76,,2759,,4848,,5714,,6842,,8012,,8484
152,"salisbury_cathedral",1,0,1,0,,95,,9667,,975,,98,,12,,24,,36,,56,,6,,68,,2143,,3871,,5221,,7092,,7429,,8029
153,"templo_de_debod",,4,,5,,4,,4,,425,,48,,0909,,1364,,1818,,2273,,3636,,4545,,1481,,2143,,25,,2899,,3919,,4669
154,"Niagara_Falls",,6,,7,,65,,6667,,725,,7,,1364,,2727,,3182,,4545,,5909,,6364,,2222,,3925,,4272,,5405,,6511,,6667
155,"Golden_Gate_Bridge_in_San_Francisco",1,0,,9,,95,,9667,,975,,96,,0909,,1364,,4091,,5455,,6364,,7273,,1667,,2368,,5719,,6974,,7701,,8276
156,"Neuschwanstein_Castle",1,0,1,0,1,0,1,0,1,0,,98,,16,,32,,48,,56,,68,,72,,2759,,4848,,6486,,7179,,8095,,8301
157,"Christ_Church_Cathedral_Missouri",,4,,6,,75,,8,,775,,8,,08,,2,,32,,52,,6,,64,,1333,,3,,4486,,6303,,6764,,7111
158,"Mount_Rushmore_in_South_Dakota",,8,,8,,9,,9,,925,,92,,16,,2,,28,,44,,52,,6,,2667,,32,,4271,,591,,6657,,7263
159,"Puerta_de_Toledo",,2,,2,,15,,1,,075,,06,,5,1,0,1,0,1,0,1,0,1,0,,2857,,3333,,2609,,1818,,1395,,1132
160,"Urquhart_Castle",1,0,,8,,7,,7667,,8,,84,,125,,2083,,3333,,4583,,5417,,6667,,2222,,3306,,4516,,5737,,646,,7434
161,"Gare_du_Nord_Paris",1,0,,8,,75,,7667,,8,,82,,08,,12,,32,,36,,4,,44,,1481,,2087,,4486,,4899,,5333,,5727
162,"Newgrange_in_Ireland",,8,,5,,45,,5,,55,,6,,1667,,1667,,2917,,4167,,5,,5,,2759,,25,,3539,,4545,,5238,,5455
163,"Windmills_at_Kinderdijk",,8,,8,,9,,9,,9,,9,,16,,28,,48,,56,,56,,64,,2667,,4148,,6261,,6904,,6904,,7481
164,"Conciergerie",1,0,1,0,,95,,9667,,975,,96,,2,,36,,52,,64,,64,,72,,3333,,5294,,6721,,7701,,7728,,8229
165,"Palazzo_Madama",,6,,5,,5,,5667,,525,,54,,1364,,1818,,3636,,5455,,6364,,7273,,2222,,2667,,4211,,5559,,5753,,6198
166,"Split_Rock_Lighthouse",1,0,1,0,1,0,,9667,,9,,86,,16,,24,,52,,52,,52,,56,,2759,,3871,,6842,,6762,,6592,,6783
167,"The_Little_Mermaid_Denmark",,8,,8,,75,,7,,7,,62,,2857,,2857,,5,,5714,,7143,,7857,,4211,,4211,,6,,6292,,7071,,6931
168,"Great_Pyramid_of_Giza",,4,,5,,6,,5667,,575,,58,,1333,,2667,,4667,,6667,,7333,,7333,,2,,3478,,525,,6126,,6446,,6477
169,"Pitti_Palace",,8,,7,,75,,7667,,775,,8,,1818,,2273,,3636,,4545,,5,,5455,,2963,,3431,,4898,,5707,,6078,,6486
170,"Georgia_State_Capitol",,2,,3,,25,,2,,2,,24,,0526,,1579,,2105,,2105,,3158,,3684,,0833,,2069,,2286,,2051,,2449,,2907
171,"Dome_des_Invalides",1,0,1,0,1,0,,9667,,975,,98,,2,,28,,44,,52,,56,,64,,3333,,4375,,6111,,6762,,7114,,7743
172,"Reggia_di_Caserta",,8,,7,,6,,5667,,55,,54,,12,,2,,32,,4,,48,,52,,2087,,3111,,4174,,469,,5126,,5298
173,"The_Burj_al_Arab_Hotel",,8,,9,,9,,8,,85,,88,,12,,28,,44,,48,,52,,64,,2087,,4271,,591,,6,,6453,,7411
174,"Elephanta_Caves",1,0,,9,,9,,9333,,925,,9,,2083,,2917,,5,,5833,,625,,6667,,3448,,4406,,6429,,7179,,746,,766
175,"Basilica_of_Santa_Croce",1,0,1,0,1,0,1,0,1,0,1,0,,16,,32,,44,,6,,6,,68,,2759,,4848,,6111,,75,,75,,8095
176,"Aachen_Cathedral",1,0,1,0,,95,,9667,,95,,94,,16,,24,,36,,56,,64,,72,,2759,,3871,,5221,,7092,,7648,,8154
177,"Monument_to_the_Great_Fire_of_London",,4,,4,,45,,5,,575,,54,,08,,16,,28,,36,,56,,6,,1333,,2286,,3452,,4186,,5674,,5684
178,"Longmen_Grottoes",,6,,6,,55,,5333,,55,,6,,12,,24,,36,,48,,6,,64,,2,,3429,,4352,,5053,,5739,,6194
179,"Louisiana_State_Capitol",,4,,4,,35,,4,,425,,4,,08,,16,,24,,36,,48,,56,,1333,,2286,,2847,,3789,,4508,,4667
180,"The_Great_Sphinx_at_Giza",,8,,9,,95,,8,,8,,8,,12,,24,,48,,52,,64,,64,,2087,,3789,,6378,,6303,,7111,,7111
181,"Teatro_Real_Madrid",1,0,,9,,65,,7,,675,,64,,2174,,3478,,4348,,4783,,6087,,6957,,3571,,5017,,521,,5683,,6401,,6667
182,"Palacio_de_la_Magdalena",1,0,,9,,75,,7,,725,,76,,16,,32,,52,,56,,64,,68,,2759,,4721,,6142,,6222,,6799,,7178
183,"Sowjetisches_Ehrenmal",,6,,6,,65,,6667,,65,,7,,12,,2,,36,,52,,68,,84,,2,,3,,4634,,5843,,6647,,7636
184,"Cathedral_of_Trier",1,0,,9,,85,,8667,,85,,88,,16,,28,,44,,56,,72,,8,,2759,,4271,,5798,,6804,,7796,,8381
185,"Saint_Mary_of_the_Flower",,0,,2,,2,,2,,275,,26,,0,,08,,12,,2,,32,,36,,0,,1143,,15,,2,,2958,,3019
186,"Skellig_Michael",,6,,7,,7,,7333,,675,,64,,12,,24,,44,,56,,64,,68,,2,,3574,,5404,,6351,,657,,6594
187,"Chicago_Board_of_Trade_Building",,8,,8,,6,,6,,6,,6,,1364,,2727,,4545,,5455,,5909,,5909,,233,,4068,,5172,,5714,,5954,,5954
188,"Pont_de_Normandie_France",1,0,,9,,95,,9667,,95,,9,,2105,,3158,,7895,,8421,,8947,,8947,,3478,,4675,,8623,,9001,,9215,,8974
189,"Palazzo_Rosso",,0,,0,,0,,0333,,05,,06,,0,,0,,0,,0417,,0833,,125,,0,,0,,0,,037,,0625,,0811
190,"Piazza_Vittorio_Veneto",,6,,3,,3,,3333,,325,,34,,1875,,1875,,3125,,375,,4375,,5625,,2857,,2308,,3061,,3529,,373,,4238
191,"Sforza_Castle",1,0,1,0,,95,,9667,,95,,94,,16,,28,,44,,6,,64,,68,,2759,,4375,,6014,,7404,,7648,,7891
192,"Torres_KIO",,8,,9,,9,,8667,,875,,86,,12,,24,,4,,44,,6,,72,,2087,,3789,,5538,,5837,,7119,,7838
193,"Torre_Picasso",,8,,8,,65,,7,,775,,74,,1667,,25,,3333,,5417,,5417,,5833,,2759,,381,,4407,,6107,,6377,,6524
194,"The_Palace_of_Parliament_in_Bucharest",,8,,9,,95,,8667,,875,,88,,12,,16,,36,,48,,64,,64,,2087,,2717,,5221,,6178,,7393,,7411
195,"Ernest_Hemingway_House",1,0,,8,,9,,9,,85,,8,,12,,24,,44,,44,,52,,56,,2143,,3692,,591,,591,,6453,,6588
196,"Castel_dellOvo_Napoli",,8,,9,,85,,8333,,825,,8,,16,,32,,52,,6,,68,,72,,2667,,4721,,6453,,6977,,7455,,7579
197,"Villa_Borghese_gardens",1,0,1,0,1,0,1,0,,975,,98,,2,,36,,6,,68,,76,,84,,3333,,5294,,75,,8095,,8542,,9046
198,"Saint_Marks_Basilica",1,0,1,0,1,0,,9667,,975,,96,,16,,28,,44,,44,,48,,48,,2759,,4375,,6111,,6047,,6433,,64
199,"Mausoleum_of_the_First_Qin_Emperor",,8,,9,,85,,8333,,875,,84,,12,,2,,36,,48,,56,,6,,2087,,3273,,5058,,6091,,6829,,7
200,"Mausoleum_of_Hadrian",1,0,,8,,85,,8,,75,,7,,2778,,3889,,5,,5556,,6111,,6111,,4348,,5234,,6296,,6557,,6735,,6525
201,"Piazza_de_Ferrari",1,0,1,0,,95,,9667,,95,,94,,2105,,3158,,4211,,4211,,5789,,6316,,3478,,48,,5835,,5866,,7194,,7555
202,"George_Washington_Carver",,8,,8,,65,,6333,,65,,68,,1875,,3125,,5,,5625,,75,,8125,,3038,,4494,,5652,,5958,,6964,,7404
203,"Cathedral_of_Santiago_de_Compostela",,8,,8,,8,,8667,,85,,82,,2353,,3529,,5294,,7647,,8235,,8235,,3636,,4898,,6372,,8125,,8366,,8218
204,"Saint-Jacques_Tower",,4,,6,,7,,8,,8,,78,,0769,,1538,,4615,,6923,,7692,,8462,,129,,2449,,5563,,7423,,7843,,8117
205,"Calakmul_Campeche_Mexico",,8,,8,,85,,8333,,775,,78,,2143,,4286,,5,,5714,,6429,,7857,,338,,5581,,6296,,678,,7028,,7828
206,"Bran_Castle_in_Transylvania",1,0,,9,,85,,9,,9,,9,,2105,,3684,,4737,,5789,,6842,,8421,,3478,,5228,,6083,,7046,,7774,,8701
207,"Mosteiro_da_Batalha",1,0,1,0,1,0,1,0,1,0,1,0,,2105,,3684,,6316,,6842,,6842,,7368,,3478,,5385,,7742,,8125,,8125,,8485
208,"Wartburg_Castle",1,0,1,0,,95,,9,,925,,9,,25,,4,,55,,65,,75,,8,,4,,5714,,6967,,7548,,8284,,8471
209,"Fujian_Tulou_Fujian_China",,8,,7,,7,,7333,,8,,84,,2222,,3889,,5,,6111,,8333,,8889,,3478,,5,,5833,,6667,,8163,,8638
210,"Alabama_State_Capitol",,8,,7,,75,,7667,,775,,8,,1905,,2857,,4762,,619,,7619,,8095,,3077,,4058,,5825,,685,,7684,,8047
211,"Palazzo_dAccursio",,6,,7,,75,,8,,725,,66,,1667,,3333,,5,,5,,5556,,5556,,2609,,4516,,6,,6154,,6291,,6033
212,"Casa_Grande_Ruins",1,0,1,0,,9,,9,,875,,86,,2353,,3529,,3529,,4118,,4706,,5882,,381,,5217,,507,,565,,612,,6986
213,"Stravinsky_Fountain",1,0,1,0,,95,,9,,9,,88,,2667,,3333,,4,,4,,4,,4667,,4211,,5,,563,,5538,,5538,,6099
214,"Angel_Falls_Venezuela",,8,,6,,65,,5333,,525,,52,,1765,,2941,,4706,,5294,,5882,,6471,,2892,,3947,,5459,,5314,,5548,,5766
215,"Statue_of_George_IV",,4,,2,,15,,1667,,15,,12,,125,,125,,125,,125,,125,,125,,1905,,1538,,1364,,1429,,1364,,1224
216,"Palacio_Barolo",,6,,6,,75,,7667,,825,,8,,1765,,2941,,5882,,7059,,8235,,8235,,2727,,3947,,6593,,735,,8243,,8116
217,"Bridge_of_Remembrance_Christchurch_New_Zealand",1,0,,9,,8,,8,,725,,68,,25,,4167,,6667,,8333,,9167,1,0,,4,,5696,,7273,,8163,,8096,,8095
218,"John_A._Roebling_Suspension_Bridge",,4,,4,,45,,5333,,575,,52,,1333,,2667,,4,,6,,7333,,8,,2,,32,,4235,,5647,,6446,,6303
219,"Blue_Dome_Santorini",,8,,9,,85,,9,,925,,92,,1875,,3125,,5625,,625,,875,,875,,3038,,4639,,677,,7377,,8993,,8969
220,"Fossar_de_les_Moreres",,4,,4,,4,,4333,,35,,36,,1429,,2143,,2857,,3571,,4286,,5,,2105,,2791,,3333,,3916,,3853,,4186
221,"Luxor_Obelisk_France",,6,,8,,8,,8,,8,,78,,125,,1875,,375,,375,,4375,,4375,,2069,,3038,,5106,,5106,,5657,,5606
222,"Valle_de_los_Caidos",1,0,1,0,,9,,9333,,95,,9,,25,,35,,45,,55,,6,,65,,4,,5185,,6,,6921,,7355,,7548
--------------------
"--","Avg.",P@5,P@10,P@20,P@30,P@40,P@50,CR@5,CR@10,CR@20,CR@30,CR@40,CR@50,F1@5,F1@10,F1@20,F1@30,F1@40,F1@50
,,,7982,,777,,7671,,7658,,7645,,7586,,1564,,2556,,4067,,5065,,5887,,647,,2571,,3765,,5216,,5983,,652,,6843