--------------------
"Run name","output_runPHOGXBIndex"
--------------------
"Average P@20 = ",,7928
"Average CR@20 = ",,3944
"Average F1@20 = ",,5174
--------------------
"Query Id ","Location name",P@5,P@10,P@20,P@30,P@40,P@50,CR@5,CR@10,CR@20,CR@30,CR@40,CR@50,F1@5,F1@10,F1@20,F1@30,F1@40,F1@50
1,"angel_of_the_north",1,0,1,0,1,0,1,0,1,0,1,0,,2,,28,,44,,48,,6,,68,,3333,,4375,,6111,,6486,,75,,8095
2,"big_ben",1,0,1,0,,95,,9,,875,,9,,1818,,2727,,4091,,5,,5,,5455,,3077,,4286,,5719,,6429,,6364,,6792
3,"hearst_castle",1,0,1,0,,95,,9333,,95,,94,,1667,,3333,,5833,,6667,,75,,75,,2857,,5,,7228,,7778,,8382,,8343
4,"la_madeleine",,6,,5,,45,,4667,,5,,48,,1429,,2857,,4286,,5714,,7143,,8571,,2308,,3636,,439,,5138,,5882,,6154
5,"pont_alexandre_iii",1,0,1,0,,95,,9667,,975,,98,,12,,24,,44,,48,,52,,68,,2143,,3871,,6014,,6415,,6783,,8029
6,"neues_museum",,0,,1,,2,,2667,,275,,4,,0,,04,,12,,2,,28,,48,,0,,0571,,15,,2286,,2775,,4364
7,"montezuma_castle",,6,,7,,55,,6,,575,,56,,1667,,3333,,4167,,5833,,6667,,75,,2609,,4516,,4741,,5915,,6174,,6412
8,"cn_tower",1,0,,8,,75,,7333,,725,,74,,1667,,25,,4167,,5417,,625,,625,,2857,,381,,5357,,6231,,6713,,6777
9,"acropolis_athens",,8,,9,,9,,9,,9,,88,,1429,,3333,,4286,,5238,,5238,,5714,,2424,,4865,,5806,,6622,,6622,,6929
10,"agra_fort",,8,,8,,8,,8333,,85,,88,,16,,28,,48,,56,,6,,68,,2667,,4148,,6,,6699,,7034,,7672
11,"albert_memorial",1,0,,8,,75,,7667,,75,,72,,1818,,2273,,3182,,4091,,4091,,4545,,3077,,354,,4468,,5335,,5294,,5573
12,"altes_museum",1,0,1,0,,8,,6,,5,,48,,1667,,2917,,4167,,4583,,5,,5833,,2857,,4516,,5479,,5197,,5,,5266
13,"amiens_cathedral",1,0,,9,,95,,9667,,975,,96,,16,,2,,48,,64,,72,,72,,2759,,3273,,6378,,7701,,8283,,8229
14,"angkor_wat",,6,,6,,65,,7333,,725,,74,,12,,2,,36,,44,,48,,56,,2,,3,,4634,,55,,5776,,6375
15,"ara_pacis",1,0,,9,,75,,7333,,725,,68,,2273,,3182,,4545,,5909,,6818,,7273,,3704,,4701,,566,,6545,,7027,,7028
16,"arc_de_triomphe",1,0,1,0,,85,,8333,,8,,78,,1667,,25,,375,,5833,,625,,6667,,2857,,4,,5204,,6863,,7018,,7189
17,"aztec_ruins",,2,,2,,35,,2667,,275,,26,,04,,08,,2,,2,,24,,32,,0667,,1143,,2545,,2286,,2563,,2869
18,"berlin_cathedral",1,0,1,0,1,0,,9667,,975,,98,,12,,28,,52,,6,,64,,64,,2143,,4375,,6842,,7404,,7728,,7743
19,"bok_tower_gardens",1,0,1,0,,9,,8667,,85,,86,,2,,28,,52,,64,,68,,72,,3333,,4375,,6592,,7363,,7556,,7838
20,"brandenburg_gate",1,0,1,0,1,0,1,0,,975,,98,,2,,24,,4,,48,,52,,52,,3333,,3871,,5714,,6486,,6783,,6795
21,"cabrillo",,0,,1,,15,,1333,,15,,14,,0,,0769,,2308,,3077,,3846,,4615,,0,,087,,1818,,186,,2158,,2148
22,"casa_batllo",1,0,1,0,1,0,1,0,1,0,1,0,,2,,32,,48,,56,,68,,72,,3333,,4848,,6486,,7179,,8095,,8372
23,"casa_rosada",,6,,8,,9,,9333,,925,,94,,12,,24,,48,,52,,56,,64,,2,,3692,,6261,,6679,,6976,,7615
24,"castillo_de_san_marcos",,6,,8,,65,,6,,6,,6,,12,,32,,36,,44,,48,,56,,2,,4571,,4634,,5077,,5333,,5793
25,"chartres_cathedral",1,0,1,0,1,0,,9667,,925,,94,,2,,32,,52,,72,,72,,76,,3333,,4848,,6842,,8253,,8097,,8405
26,"chichen_itza",,8,,8,,85,,8667,,8,,82,,12,,2,,36,,44,,52,,56,,2087,,32,,5058,,5837,,6303,,6655
27,"christ_the_redeemer_rio",,2,,4,,55,,5667,,525,,52,,0435,,1739,,3043,,4783,,5217,,5217,,0714,,2424,,3919,,5187,,5234,,5209
28,"civic_center_san_francisco",,6,,7,,85,,8,,85,,82,,08,,24,,36,,56,,64,,64,,1412,,3574,,5058,,6588,,7302,,7189
29,"cologne_cathedral",1,0,1,0,1,0,,9667,,975,,96,,16,,28,,44,,52,,6,,6,,2759,,4375,,6111,,6762,,7429,,7385
30,"colosseum",,8,,9,,95,,9667,,975,,98,,16,,2,,44,,52,,56,,6,,2667,,3273,,6014,,6762,,7114,,7443
31,"doge_s_palace",1,0,,9,,75,,7333,,775,,78,,16,,24,,32,,44,,48,,48,,2759,,3789,,4486,,55,,5928,,5943
32,"eiffel_tower",1,0,1,0,1,0,1,0,1,0,1,0,,08,,24,,32,,36,,44,,52,,1481,,3871,,4848,,5294,,6111,,6842
33,"golden_gate_bridge",1,0,1,0,,9,,9333,,9,,86,,1304,,2609,,3913,,4783,,5217,,5652,,2308,,4138,,5455,,6324,,6606,,6821
34,"grand_palais",,8,,9,,85,,9,,925,,92,,1364,,2273,,3636,,4091,,4545,,5455,,233,,3629,,5094,,5625,,6096,,6849
35,"guggenheim_museum_bilbao",1,0,1,0,1,0,1,0,1,0,1,0,,16,,24,,48,,56,,6,,6,,2759,,3871,,6486,,7179,,75,,75
36,"hagia_sophia_istanbul",1,0,1,0,1,0,1,0,1,0,,94,,12,,2,,32,,48,,52,,6,,2143,,3333,,4848,,6486,,6842,,7325
37,"hoover_dam",1,0,,9,,95,,9667,,925,,92,,16,,24,,4,,44,,52,,56,,2759,,3789,,563,,6047,,6657,,6962
38,"humayun_tomb",1,0,,7,,65,,7,,675,,72,,2,,24,,32,,44,,56,,64,,3333,,3574,,4289,,5404,,6121,,6776
39,"iguazu_falls",,8,,7,,8,,8,,825,,82,,16,,16,,44,,52,,6,,6,,2667,,2605,,5677,,6303,,6947,,693
40,"iolani_palace",1,0,,9,,8,,7333,,7,,68,,16,,24,,4,,48,,6,,64,,2759,,3789,,5333,,5802,,6462,,6594
41,"la_mezquita",,6,,7,,8,,7,,7,,66,,125,,25,,4583,,5417,,5833,,5833,,2069,,3684,,5828,,6107,,6364,,6193
42,"la_rambla_barcelona",1,0,,9,,9,,9333,,925,,92,,12,,2,,28,,44,,48,,56,,2143,,3273,,4271,,5981,,632,,6962
43,"la_sainte_chapelle",1,0,,9,,95,,9667,,95,,96,,16,,28,,52,,64,,64,,64,,2759,,4271,,6721,,7701,,7648,,768
44,"liberty_memorial",,6,,6,,7,,7,,7,,72,,08,,12,,28,,4,,52,,56,,1412,,2,,4,,5091,,5967,,63
45,"lincoln_home",1,0,1,0,,9,,9333,,9,,92,,2778,,3333,,4444,,6667,,7222,,8333,,4348,,5,,595,,7778,,8014,,8745
46,"machu_picchu",1,0,,9,,7,,7,,65,,68,,16,,28,,4,,56,,56,,6,,2759,,4271,,5091,,6222,,6017,,6375
47,"marble_arch_london",1,0,,8,,65,,4667,,425,,4,,3333,,5,,5833,,6667,,75,,75,,5,,6154,,6149,,549,,5426,,5217
48,"milan_cathedral",,8,,9,,85,,9,,875,,88,,16,,28,,44,,64,,64,,68,,2667,,4271,,5798,,7481,,7393,,7672
49,"mole_antonelliana",1,0,1,0,,85,,7667,,725,,7,,2,,2,,24,,32,,44,,48,,3333,,3333,,3743,,4515,,5476,,5695
50,"mont_saint_michel",1,0,1,0,1,0,,9667,,975,,98,,16,,32,,48,,52,,6,,6,,2759,,4848,,6486,,6762,,7429,,7443
51,"moulin_rouge",,0,,0,,0,,1,,075,,1,,0,,0,,0,,25,,25,,375,,0,,0,,0,,1429,,1154,,1579
52,"nelson_s_column",,8,,9,,95,,9667,,975,,98,,0833,,2083,,4167,,5417,,5417,,5833,,1509,,3383,,5793,,6943,,6964,,7313
53,"notre_dame_de_paris",,8,,9,,95,,9333,,95,,92,,16,,28,,44,,64,,64,,68,,2667,,4271,,6014,,7593,,7648,,782
54,"obelisco",,2,,3,,15,,1,,1,,08,,0909,,1818,,1818,,1818,,1818,,1818,,125,,2264,,1644,,129,,129,,1111
55,"piccadilly_circus",,8,,9,,8,,8,,775,,76,,1304,,3043,,3913,,5217,,6087,,6087,,2243,,4549,,5255,,6316,,6819,,676
56,"place_de_la_concorde",1,0,1,0,1,0,1,0,1,0,,98,,16,,24,,48,,6,,64,,64,,2759,,3871,,6486,,75,,7805,,7743
57,"place_de_la_republique",,2,,3,,25,,2333,,2,,2,,125,,25,,5,,625,,625,,75,,1538,,2727,,3333,,3398,,303,,3158
58,"place_des_vosges",,8,,7,,85,,8667,,9,,9,,12,,2,,4,,4,,56,,68,,2087,,3111,,544,,5474,,6904,,7747
59,"pont_du_gard",,8,,7,,85,,8,,775,,78,,16,,24,,44,,56,,56,,6,,2667,,3574,,5798,,6588,,6502,,6783
60,"pont_neuf",1,0,1,0,,9,,9,,8,,74,,16,,2,,36,,56,,6,,64,,2759,,3333,,5143,,6904,,6857,,6864
61,"ponte_vecchio",,6,,8,,9,,8667,,875,,86,,125,,25,,4583,,5417,,5417,,5833,,2069,,381,,6074,,6667,,6691,,6952
62,"puerta_de_alcala",,2,,3,,35,,5,,55,,6,,0526,,1053,,2105,,3684,,5789,,6316,,0833,,1558,,2629,,4242,,5641,,6154
63,"puerta_del_sol",,8,,9,,65,,6333,,475,,4,,1,,25,,3,,4,,4,,4,,1778,,3913,,4105,,4903,,4343,,4
64,"red_fort",1,0,1,0,1,0,1,0,1,0,1,0,,2,,32,,44,,64,,72,,76,,3333,,4848,,6111,,7805,,8372,,8636
65,"reims_cathedral",1,0,1,0,1,0,1,0,1,0,1,0,,2,,24,,44,,52,,52,,56,,3333,,3871,,6111,,6842,,6842,,7179
66,"rialto_bridge",1,0,1,0,,85,,8,,7,,7,,1875,,3125,,5,,5625,,5625,,6875,,3158,,4762,,6296,,6606,,6238,,6937
67,"roman_forum_rome",,6,,7,,75,,7667,,725,,72,,12,,24,,4,,48,,52,,6,,2,,3574,,5217,,5904,,6056,,6545
68,"sacre_coeur",,6,,4,,6,,6667,,65,,62,,125,,1667,,25,,4167,,4583,,4583,,2069,,2353,,3529,,5128,,5376,,527
69,"sagrada_familia",,8,,9,,95,,9333,,925,,94,,16,,24,,44,,48,,56,,6,,2667,,3789,,6014,,634,,6976,,7325
70,"santa_maria_novella",,6,,5,,6,,6,,6,,62,,12,,16,,28,,4,,44,,48,,2,,2424,,3818,,48,,5077,,5411
71,"schonbrunn_palace",1,0,1,0,,95,,9667,,975,,98,,2,,32,,48,,52,,52,,56,,3333,,4848,,6378,,6762,,6783,,7127
72,"seville_cathedral",,4,,7,,8,,8667,,9,,9,,08,,16,,36,,52,,6,,64,,1333,,2605,,4966,,65,,72,,7481
73,"spanish_steps",,8,,8,,85,,7667,,7,,68,,1364,,2273,,3636,,4545,,5,,6364,,233,,354,,5094,,5707,,5833,,6575
74,"st__basil_cathedral",1,0,1,0,,95,,9333,,925,,86,,2,,32,,4,,44,,48,,52,,3333,,4848,,563,,5981,,632,,6481
75,"statue_of_liberty",,8,,9,,9,,8667,,8,,8,,16,,28,,44,,48,,56,,56,,2667,,4271,,591,,6178,,6588,,6588
76,"stonehenge",,6,,6,,55,,5333,,55,,52,,1579,,2632,,4211,,4211,,5263,,5789,,25,,3659,,477,,4706,,5379,,5479
77,"summer_palace_beijing",1,0,1,0,1,0,1,0,,975,,96,,16,,24,,36,,48,,52,,6,,2759,,3871,,5294,,6486,,6783,,7385
78,"sydney_opera_house",1,0,,9,,95,,9,,875,,9,,2,,24,,4,,48,,52,,56,,3333,,3789,,563,,6261,,6523,,6904
79,"teotihuacan",,8,,8,,7,,6667,,625,,6,,12,,24,,36,,48,,6,,64,,2087,,3692,,4755,,5581,,6122,,6194
80,"terracotta_army",,8,,8,,45,,4333,,4,,38,,2,,3,,35,,45,,5,,5,,32,,4364,,3937,,4415,,4444,,4318
81,"the_blue_mosque",,6,,6,,75,,8333,,875,,9,,12,,16,,28,,48,,48,,6,,2,,2526,,4078,,6091,,6199,,72
82,"the_henry_ford",,8,,9,,7,,7333,,7,,68,,12,,28,,4,,48,,56,,56,,2087,,4271,,5091,,5802,,6222,,6142
83,"taj_mahal",1,0,1,0,,9,,8667,,875,,9,,16,,24,,32,,44,,56,,68,,2759,,3871,,4721,,5837,,6829,,7747
84,"tour_montparnasse",,2,,5,,55,,4,,45,,48,,05,,25,,4,,4,,5,,55,,08,,3333,,4632,,4,,4737,,5126
85,"tower_bridge_london",1,0,1,0,,8,,6333,,65,,62,,16,,28,,4,,44,,52,,52,,2759,,4375,,5333,,5193,,5778,,5656
86,"trafalgar_square",,6,,5,,5,,4,,425,,44,,1364,,1364,,2273,,2727,,4091,,5,,2222,,2143,,3125,,3243,,4169,,4681
87,"leaning_tower_of_pisa",1,0,,7,,55,,4667,,425,,46,,16,,2,,36,,36,,44,,44,,2759,,3111,,4352,,4065,,4324,,4498
88,"hermitage_museum_saint_petersburg",1,0,,9,,9,,7667,,775,,82,,16,,2,,36,,44,,52,,6,,2759,,3273,,5143,,5591,,6224,,693
89,"jantar_mantar_jaipur",,8,,8,,8,,8333,,85,,88,,16,,28,,44,,64,,72,,76,,2667,,4148,,5677,,724,,7796,,8156
90,"lake_titicaca_peru",,4,,5,,35,,4333,,45,,48,,0833,,1667,,25,,4167,,4583,,5417,,1379,,25,,2917,,4248,,4541,,509
91,"the_great_wall_of_china",,8,,7,,75,,8,,85,,88,,12,,24,,32,,52,,6,,6,,2087,,3574,,4486,,6303,,7034,,7135
92,"grande_arche_paris",,8,,6,,65,,6333,,65,,68,,12,,16,,28,,36,,36,,4,,2087,,2526,,3914,,4591,,4634,,5037
93,"el_angel_mexico",,8,,9,,7,,7,,675,,62,,1429,,2381,,4286,,619,,619,,6667,,2424,,3766,,5316,,657,,6458,,6425
94,"bibliotheque_nationale_de_france",,6,,6,,8,,7333,,725,,7,,12,,24,,36,,4,,44,,48,,2,,3429,,4966,,5176,,5476,,5695
95,"kronborg_castle",,8,,7,,7,,6667,,65,,64,,1667,,25,,4583,,5833,,5833,,5833,,2759,,3684,,554,,6222,,6149,,6104
96,"ajanta_caves",,6,,7,,85,,9,,9,,92,,1364,,2273,,4091,,5909,,6364,,6364,,2222,,3431,,5523,,7134,,7456,,7523
97,"atomium",1,0,,9,,95,,9333,,95,,96,,2381,,3333,,4286,,4286,,4286,,4286,,3846,,4865,,5907,,5874,,5907,,5926
98,"ellora_caves",1,0,1,0,,9,,9333,,925,,94,,1818,,2727,,4091,,4545,,5455,,5909,,3077,,4286,,5625,,6114,,6862,,7257
99,"potala_palace",,8,,9,,95,,9,,85,,88,,1667,,2778,,4444,,5,,5,,5556,,2759,,4245,,6056,,6429,,6296,,6811
100,"jokhang",1,0,,9,,95,,8333,,825,,84,,16,,28,,48,,56,,68,,68,,2759,,4271,,6378,,6699,,7455,,7516
101,"rila_monastery",,8,,8,,8,,8333,,875,,9,,16,,24,,36,,44,,44,,48,,2667,,3692,,4966,,5759,,5856,,6261
102,"louvre_pyramid",1,0,1,0,,9,,9,,925,,94,,2222,,2778,,3333,,4444,,5,,6111,,3636,,4348,,4865,,595,,6491,,7407
103,"brooklyn_bridge",,8,,9,,85,,8333,,85,,86,,1905,,3333,,381,,381,,4762,,5238,,3077,,4865,,5261,,5229,,6104,,6511
104,"tower_of_london",1,0,,8,,8,,7667,,75,,76,,1739,,2609,,3913,,4783,,4783,,5217,,2963,,3934,,5255,,5891,,5841,,6187
105,"british_museum_london",1,0,1,0,1,0,,9333,,925,,94,,2,,3,,45,,55,,55,,55,,3333,,4615,,6207,,6921,,6898,,694
106,"buckingham_palace",,4,,6,,4,,4333,,45,,44,,1,,15,,2,,3,,35,,35,,16,,24,,2667,,3545,,3937,,3899
107,"charles_bridge_prague",1,0,1,0,,65,,6,,65,,6,,1667,,2083,,2917,,2917,,3333,,375,,2857,,3448,,4027,,3925,,4407,,4615
108,"champs_elysees_paris",,8,,6,,6,,6,,675,,66,,2,,3333,,4,,4,,4,,5333,,32,,4286,,48,,48,,5023,,5899
109,"chrysler_building",1,0,1,0,1,0,1,0,1,0,1,0,,2857,,3571,,5,,6429,,7857,,9286,,4444,,5263,,6667,,7826,,88,,963
110,"moma_new_york",,6,,7,,85,,9,,9,,9,,0526,,1053,,3684,,5263,,5263,,5789,,0968,,183,,514,,6642,,6642,,7046
111,"grand_central_terminal",1,0,1,0,1,0,,9667,,975,,96,,1429,,1905,,2857,,4286,,4762,,5238,,25,,32,,4444,,5939,,6399,,6778
112,"houses_of_parliament",1,0,1,0,1,0,1,0,1,0,1,0,,2174,,3043,,3913,,4348,,4348,,4348,,3571,,4667,,5625,,6061,,6061,,6061
113,"alexanderplatz_berlin",,4,,4,,55,,5,,575,,6,,08,,12,,28,,32,,4,,44,,1333,,1846,,3711,,3902,,4718,,5077
114,"centre_pompidou",,4,,6,,75,,6,,575,,62,,0556,,2222,,3333,,3889,,5,,5,,0976,,3243,,4615,,4719,,5349,,5536
115,"sydney_harbour_bridge",1,0,1,0,1,0,1,0,1,0,1,0,,1875,,3125,,5,,5,,5,,5625,,3158,,4762,,6667,,6667,,6667,,72
116,"pier_39",1,0,1,0,1,0,,9667,,9,,9,,1429,,1905,,4286,,5714,,619,,6667,,25,,32,,6,,7183,,7335,,766
117,"coit_tower",,6,,7,,6,,5333,,525,,58,,1333,,2,,3333,,3333,,4,,4667,,2182,,3111,,4286,,4103,,4541,,5172
118,"st_paul_s_cathedral_london",1,0,1,0,,95,,9,,85,,86,,2941,,4118,,5882,,7647,,7647,,8235,,4545,,5833,,7266,,8269,,8051,,8414
119,"cloud_gate",1,0,,7,,85,,6333,,6,,58,,25,,25,,3333,,4167,,5,,5,,4,,3684,,4789,,5026,,5455,,537
120,"musee_d_orsay",1,0,1,0,,9,,9333,,95,,92,,1429,,2857,,4286,,5238,,5714,,6667,,25,,4444,,5806,,671,,7136,,7731
121,"pike_place_market",,8,,8,,9,,8,,85,,82,,1429,,2381,,4762,,5238,,5238,,5238,,2424,,367,,6228,,6331,,6482,,6393
122,"royal_palace_madrid",,8,,8,,75,,8,,775,,78,,1818,,2727,,3636,,3636,,4545,,5455,,2963,,4068,,4898,,5,,573,,642
123,"sony_center_berlin",1,0,,9,,9,,9333,,95,,94,,2381,,2857,,381,,381,,4762,,5238,,3846,,4337,,5353,,5411,,6344,,6727
124,"red_square_moscow",,8,,8,,7,,7333,,7,,7,,0952,,1905,,381,,5238,,5714,,619,,1702,,3077,,4934,,6111,,6292,,657
125,"prague_castle",1,0,1,0,,95,,8667,,85,,84,,16,,24,,44,,52,,64,,64,,2759,,3871,,6014,,65,,7302,,7265
126,"musee_du_louvre",1,0,1,0,,95,,9667,,975,,98,,12,,28,,44,,64,,64,,68,,2143,,4375,,6014,,7701,,7728,,8029
127,"millennium_bridge_london",,8,,7,,75,,7667,,8,,82,,12,,2,,36,,4,,44,,52,,2087,,3111,,4865,,5257,,5677,,6364
128,"casa_mila",1,0,,9,,95,,9333,,9,,9,,16,,24,,4,,48,,56,,68,,2759,,3789,,563,,634,,6904,,7747
129,"national_gallery_london",,6,,8,,65,,7,,675,,68,,0909,,2273,,2727,,4545,,5455,,6364,,1579,,354,,3842,,5512,,6034,,6575
130,"national_mall",1,0,1,0,,95,,9333,,925,,92,,16,,28,,48,,56,,64,,68,,2759,,4375,,6378,,7,,7565,,782
131,"london_city_hall",1,0,1,0,1,0,,9333,,9,,92,,15,,25,,35,,45,,55,,6,,2609,,4,,5185,,6072,,6828,,7263
132,"holocaust_memorial",,6,,6,,75,,7333,,675,,7,,125,,25,,4375,,5625,,5625,,625,,2069,,3529,,5526,,6367,,6136,,6604
133,"columbus_circle",1,0,,7,,7,,6667,,65,,6,,2,,28,,48,,56,,64,,68,,3333,,4,,5695,,6087,,645,,6375
134,"siegessaeule",,8,,9,,7,,7,,675,,68,,16,,28,,36,,48,,56,,72,,2667,,4271,,4755,,5695,,6121,,6994
135,"jardin_du_luxembourg",1,0,1,0,1,0,1,0,1,0,1,0,,12,,24,,44,,56,,64,,8,,2143,,3871,,6111,,7179,,7805,,8889
136,"merlion_singapore",,0,,1,,15,,1,,15,,18,,0,,0455,,1364,,1364,,2727,,3636,,0,,0625,,1429,,1154,,1935,,2408
137,"harrods_london",1,0,,9,,85,,8667,,775,,78,,16,,32,,44,,52,,6,,64,,2759,,4721,,5798,,65,,6764,,7031
138,"metropolitan_museum_of_art_new_york",1,0,1,0,,95,,9667,,975,,94,,2,,24,,36,,48,,52,,6,,3333,,3871,,5221,,6415,,6783,,7325
139,"new_york_stock_exchange",,8,,8,,75,,7,,75,,66,,15,,3,,35,,45,,5,,5,,2526,,4364,,4773,,5478,,6,,569
140,"stephansdom_vienna",1,0,1,0,1,0,1,0,1,0,1,0,,2,,32,,52,,64,,68,,68,,3333,,4848,,6842,,7805,,8095,,8095
141,"hms_belfast",1,0,1,0,1,0,1,0,,975,,96,,16,,28,,4,,4,,48,,56,,2759,,4375,,5714,,5714,,6433,,7074
142,"leicester_square",1,0,,9,,8,,8,,775,,8,,12,,24,,24,,32,,44,,48,,2143,,3789,,3692,,4571,,5613,,6
143,"ciudad_de_las_artes_y_las_ciencias",1,0,1,0,,9,,9,,925,,92,,2,,32,,44,,48,,56,,6,,3333,,4848,,591,,6261,,6976,,7263
144,"topkapi_palace",1,0,1,0,,95,,9667,,975,,96,,2,,32,,44,,52,,64,,64,,3333,,4848,,6014,,6762,,7728,,768
145,"royal_albert_hall",,8,,9,,75,,8,,8,,76,,12,,2,,32,,44,,48,,48,,2087,,3273,,4486,,5677,,6,,5884
146,"st_vitus_cathedral",,8,,9,,95,,9667,,975,,96,,12,,28,,4,,48,,52,,6,,2087,,4271,,563,,6415,,6783,,7385
147,"castello_sforzesco",1,0,1,0,,85,,8667,,875,,9,,2,,32,,36,,4,,52,,52,,3333,,4848,,5058,,5474,,6523,,6592
148,"rijksmuseum_amsterdam",1,0,1,0,1,0,1,0,1,0,1,0,,08,,24,,36,,52,,56,,6,,1481,,3871,,5294,,6842,,7179,,75
149,"dam_square",,8,,8,,75,,7,,675,,7,,16,,24,,28,,32,,36,,44,,2667,,3692,,4078,,4392,,4696,,5404
150,"rathaus_vienna",1,0,1,0,,85,,7667,,725,,7,,12,,12,,24,,28,,28,,36,,2143,,2143,,3743,,4102,,404,,4755
151,"bath_abbey",1,0,1,0,1,0,1,0,,975,,98,,12,,28,,4,,52,,6,,64,,2143,,4375,,5714,,6842,,7429,,7743
152,"salisbury_cathedral",1,0,1,0,1,0,1,0,1,0,1,0,,2,,32,,4,,48,,48,,52,,3333,,4848,,5714,,6486,,6486,,6842
153,"templo_de_debod",,2,,3,,4,,4,,45,,46,,0455,,0909,,2273,,2273,,2727,,3182,,0741,,1395,,2899,,2899,,3396,,3762
154,"Niagara_Falls",,4,,5,,5,,6,,6,,56,,0455,,1364,,2273,,3636,,4545,,4545,,0816,,2143,,3125,,4528,,5172,,5018
155,"Golden_Gate_Bridge_in_San_Francisco",1,0,1,0,1,0,,9,,925,,94,,1818,,2727,,4545,,5455,,6364,,6364,,3077,,4286,,625,,6792,,754,,7589
156,"Neuschwanstein_Castle",,8,,9,,95,,9667,,975,,98,,16,,24,,48,,48,,56,,68,,2667,,3789,,6378,,6415,,7114,,8029
157,"Christ_Church_Cathedral_Missouri",1,0,1,0,1,0,1,0,1,0,1,0,,2,,36,,4,,52,,56,,6,,3333,,5294,,5714,,6842,,7179,,75
158,"Mount_Rushmore_in_South_Dakota",1,0,1,0,1,0,,9667,,975,,96,,16,,24,,36,,52,,6,,64,,2759,,3871,,5294,,6762,,7429,,768
159,"Puerta_de_Toledo",,0,,1,,05,,0667,,05,,06,,0,,5,,5,1,0,1,0,1,0,,0,,1667,,0909,,125,,0952,,1132
160,"Urquhart_Castle",1,0,1,0,,75,,8,,825,,82,,1667,,2917,,4167,,5417,,625,,6667,,2857,,4516,,5357,,646,,7112,,7354
161,"Gare_du_Nord_Paris",1,0,,8,,8,,8,,85,,86,,16,,2,,24,,24,,28,,32,,2759,,32,,3692,,3692,,4212,,4664
162,"Newgrange_in_Ireland",,6,,7,,7,,6667,,625,,66,,125,,2917,,375,,4167,,5,,5417,,2069,,4118,,4884,,5128,,5556,,595
163,"Windmills_at_Kinderdijk",1,0,1,0,,95,,9,,85,,84,,16,,2,,36,,48,,56,,56,,2759,,3333,,5221,,6261,,6752,,672
164,"Conciergerie",,8,,9,,95,,9667,,975,,98,,12,,28,,4,,52,,68,,72,,2087,,4271,,563,,6762,,8012,,8301
165,"Palazzo_Madama",,6,,8,,75,,7667,,775,,74,,1364,,2727,,4091,,5909,,6818,,6818,,2222,,4068,,5294,,6674,,7254,,7097
166,"Split_Rock_Lighthouse",1,0,1,0,,95,,9667,,9,,88,,16,,2,,2,,24,,36,,4,,2759,,3333,,3304,,3845,,5143,,55
167,"The_Little_Mermaid_Denmark",1,0,1,0,,95,,9333,,925,,92,,3571,,5714,,7143,,9286,,9286,,9286,,5263,,7273,,8155,,9309,,9268,,9243
168,"Great_Pyramid_of_Giza",,8,,6,,65,,7,,65,,66,,2667,,3333,,4,,6667,,7333,,7333,,4,,4286,,4952,,6829,,6892,,6947
169,"Pitti_Palace",,8,,8,,9,,8333,,85,,84,,1818,,3182,,5,,5455,,5455,,5455,,2963,,4553,,6429,,6593,,6645,,6614
170,"Georgia_State_Capitol",,4,,6,,5,,4333,,375,,38,,1053,,1579,,2632,,2632,,2632,,2632,,1667,,25,,3448,,3275,,3093,,311
171,"Dome_des_Invalides",1,0,1,0,1,0,1,0,1,0,,98,,12,,16,,36,,4,,44,,44,,2143,,2759,,5294,,5714,,6111,,6073
172,"Reggia_di_Caserta",,4,,6,,45,,5667,,525,,52,,04,,2,,28,,44,,48,,52,,0727,,3,,3452,,4954,,5015,,52
173,"The_Burj_al_Arab_Hotel",,8,,7,,85,,8667,,85,,82,,16,,24,,4,,48,,48,,48,,2667,,3574,,544,,6178,,6135,,6055
174,"Elephanta_Caves",1,0,1,0,,95,,9667,,975,,98,,1667,,2917,,4583,,5833,,6667,,7083,,2857,,4516,,6183,,7276,,7919,,8223
175,"Basilica_of_Santa_Croce",1,0,1,0,1,0,1,0,1,0,1,0,,12,,24,,36,,4,,52,,64,,2143,,3871,,5294,,5714,,6842,,7805
176,"Aachen_Cathedral",1,0,1,0,,9,,9,,925,,92,,2,,24,,36,,44,,52,,56,,3333,,3871,,5143,,591,,6657,,6962
177,"Monument_to_the_Great_Fire_of_London",,4,,4,,5,,5333,,475,,48,,08,,16,,24,,36,,44,,52,,1333,,2286,,3243,,4299,,4568,,4992
178,"Longmen_Grottoes",,8,,7,,5,,4333,,525,,52,,12,,2,,32,,4,,48,,64,,2087,,3111,,3902,,416,,5015,,5738
179,"Louisiana_State_Capitol",,0,,3,,3,,2333,,225,,22,,0,,12,,2,,2,,24,,28,,0,,1714,,24,,2154,,2323,,2464
180,"The_Great_Sphinx_at_Giza",,6,,8,,9,,9,,9,,88,,12,,28,,4,,52,,56,,64,,2,,4148,,5538,,6592,,6904,,7411
181,"Teatro_Real_Madrid",,8,,9,,8,,6667,,7,,68,,1739,,3478,,5217,,5217,,6087,,7826,,2857,,5017,,6316,,5854,,6512,,7277
182,"Palacio_de_la_Magdalena",1,0,,9,,85,,8333,,825,,82,,16,,2,,4,,48,,64,,68,,2759,,3273,,544,,6091,,7208,,7435
183,"Sowjetisches_Ehrenmal",,4,,5,,65,,6667,,725,,72,,08,,2,,36,,44,,56,,68,,1333,,2857,,4634,,5301,,6319,,6994
184,"Cathedral_of_Trier",1,0,1,0,1,0,,9333,,925,,92,,16,,28,,48,,6,,68,,76,,2759,,4375,,6486,,7304,,7838,,8324
185,"Saint_Mary_of_the_Flower",,2,,1,,15,,1333,,1,,1,,04,,04,,12,,16,,16,,16,,0667,,0571,,1333,,1455,,1231,,1231
186,"Skellig_Michael",,8,,8,,75,,7,,65,,66,,16,,28,,48,,56,,6,,6,,2667,,4148,,5854,,6222,,624,,6286
187,"Chicago_Board_of_Trade_Building",,8,,9,,9,,8667,,875,,88,,1818,,3182,,4545,,5909,,7273,,7273,,2963,,4701,,604,,7027,,7943,,7964
188,"Pont_de_Normandie_France",,8,,9,,95,,9667,,975,,98,,1579,,3684,,5789,,6316,,7368,,8421,,2637,,5228,,7194,,764,,8394,,9058
189,"Palazzo_Rosso",,0,,1,,05,,0667,,1,,08,,0,,0417,,0417,,0833,,125,,125,,0,,0588,,0455,,0741,,1111,,0976
190,"Piazza_Vittorio_Veneto",1,0,,9,,75,,5333,,425,,38,,25,,375,,5,,5,,5,,5625,,4,,5294,,6,,5161,,4595,,4536
191,"Sforza_Castle",1,0,1,0,,95,,9667,,975,,96,,2,,32,,52,,64,,72,,72,,3333,,4848,,6721,,7701,,8283,,8229
192,"Torres_KIO",,8,,9,,95,,9667,,95,,94,,12,,24,,4,,52,,56,,56,,2087,,3789,,563,,6762,,7046,,7019
193,"Torre_Picasso",1,0,1,0,,65,,7,,625,,66,,2083,,3333,,4167,,5417,,5833,,6667,,3448,,5,,5078,,6107,,6034,,6633
194,"The_Palace_of_Parliament_in_Bucharest",,8,,9,,9,,9333,,95,,96,,12,,24,,32,,36,,4,,68,,2087,,3789,,4721,,5196,,563,,7961
195,"Ernest_Hemingway_House",,8,,8,,75,,7667,,725,,76,,12,,24,,36,,48,,52,,64,,2087,,3692,,4865,,5904,,6056,,6949
196,"Castel_dellOvo_Napoli",,6,,8,,9,,9,,9,,92,,08,,24,,48,,6,,68,,76,,1412,,3692,,6261,,72,,7747,,8324
197,"Villa_Borghese_gardens",1,0,1,0,1,0,1,0,1,0,1,0,,2,,28,,48,,68,,76,,84,,3333,,4375,,6486,,8095,,8636,,913
198,"Saint_Marks_Basilica",1,0,1,0,1,0,1,0,1,0,1,0,,12,,2,,24,,28,,36,,4,,2143,,3333,,3871,,4375,,5294,,5714
199,"Mausoleum_of_the_First_Qin_Emperor",,8,,8,,75,,8,,8,,8,,16,,32,,4,,52,,52,,52,,2667,,4571,,5217,,6303,,6303,,6303
200,"Mausoleum_of_Hadrian",,8,,8,,8,,8667,,9,,9,,2222,,3333,,3889,,5556,,6111,,6111,,3478,,4706,,5234,,6771,,7279,,7279
201,"Piazza_de_Ferrari",1,0,1,0,1,0,,9667,,95,,94,,1579,,3158,,3684,,4737,,5263,,5263,,2727,,48,,5385,,6358,,6774,,6748
202,"George_Washington_Carver",1,0,,7,,65,,7,,675,,7,,25,,3125,,5,,5,,5,,625,,4,,4321,,5652,,5833,,5745,,6604
203,"Cathedral_of_Santiago_de_Compostela",1,0,1,0,,95,,8667,,85,,84,,1765,,2941,,4706,,5882,,7059,,7647,,3,,4545,,6294,,7008,,7713,,8006
204,"Saint-Jacques_Tower",,6,,7,,8,,7667,,725,,74,,0769,,2308,,3846,,3846,,4615,,4615,,1364,,3471,,5195,,5122,,564,,5685
205,"Calakmul_Campeche_Mexico",1,0,1,0,,85,,8667,,875,,88,,2857,,3571,,5,,6429,,6429,,7143,,4444,,5263,,6296,,7382,,7412,,7885
206,"Bran_Castle_in_Transylvania",,8,,7,,85,,9,,9,,9,,1053,,2105,,4737,,5789,,6842,,6842,,186,,3237,,6083,,7046,,7774,,7774
207,"Mosteiro_da_Batalha",1,0,1,0,1,0,1,0,1,0,1,0,,2105,,4211,,5263,,5789,,6842,,7368,,3478,,5926,,6897,,7333,,8125,,8485
208,"Wartburg_Castle",1,0,1,0,,9,,9,,925,,92,,2,,35,,55,,7,,75,,75,,3333,,5185,,6828,,7875,,8284,,8263
209,"Fujian_Tulou_Fujian_China",1,0,1,0,1,0,,9667,,975,,98,,2222,,3333,,5,,6111,,7222,,7222,,3636,,5,,6667,,7488,,8298,,8316
210,"Alabama_State_Capitol",,6,,7,,75,,7667,,75,,76,,0952,,2857,,5238,,6667,,7143,,8095,,1644,,4058,,6168,,7132,,7317,,784
211,"Palazzo_dAccursio",,8,,9,,9,,9333,,925,,9,,2222,,2778,,3333,,4444,,5,,6111,,3478,,4245,,4865,,6022,,6491,,7279
212,"Casa_Grande_Ruins",1,0,,9,,8,,8667,,875,,84,,2353,,2941,,4118,,4706,,4706,,4706,,381,,4433,,5437,,61,,612,,6032
213,"Stravinsky_Fountain",1,0,1,0,1,0,,9667,,975,,96,,2667,,4,,4667,,5333,,6,,6,,4211,,5714,,6364,,6874,,7429,,7385
214,"Angel_Falls_Venezuela",,6,,6,,55,,6333,,575,,56,,1765,,3529,,4118,,5882,,6471,,6471,,2727,,4444,,4709,,61,,6089,,6004
215,"Statue_of_George_IV",,8,,6,,6,,6,,5,,48,,5,,5,,75,,75,,75,,875,,6154,,5455,,6667,,6667,,6,,6199
216,"Palacio_Barolo",1,0,,9,,95,,9333,,9,,92,,2353,,2941,,4118,,4706,,4706,,5882,,381,,4433,,5745,,6257,,618,,7176
217,"Bridge_of_Remembrance_Christchurch_New_Zealand",1,0,1,0,,95,,8333,,825,,8,,4167,,75,,8333,,8333,,9167,1,0,,5882,,8571,,8879,,8333,,8684,,8889
218,"John_A._Roebling_Suspension_Bridge",,0,,2,,4,,3667,,4,,42,,0,,1333,,4667,,5333,,7333,,7333,,0,,16,,4308,,4346,,5176,,5341
219,"Blue_Dome_Santorini",1,0,1,0,,95,,9667,,975,,96,,25,,4375,,625,,75,,75,,75,,4,,6087,,754,,8447,,8478,,8421
220,"Fossar_de_les_Moreres",1,0,,8,,6,,5,,45,,48,,3571,,4286,,5714,,6429,,6429,,7143,,5263,,5581,,5854,,5625,,5294,,5742
221,"Luxor_Obelisk_France",,8,,8,,7,,6667,,675,,68,,1875,,1875,,3125,,3125,,4375,,4375,,3038,,3038,,4321,,4255,,5309,,5324
222,"Valle_de_los_Caidos",,8,,8,,85,,9,,9,,88,,2,,35,,4,,5,,55,,65,,32,,487,,544,,6429,,6828,,7477
--------------------
"--","Avg.",P@5,P@10,P@20,P@30,P@40,P@50,CR@5,CR@10,CR@20,CR@30,CR@40,CR@50,F1@5,F1@10,F1@20,F1@30,F1@40,F1@50
,,,8063,,8117,,7928,,7821,,7747,,773,,1543,,2573,,3944,,4892,,5473,,5961,,2559,,3834,,5174,,5886,,6267,,6575