--------------------
"Run name","output_runCEDDDunnIndex"
--------------------
"Average P@20 = ",,8023
"Average CR@20 = ",,3973
"Average F1@20 = ",,5189
--------------------
"Query Id ","Location name",P@5,P@10,P@20,P@30,P@40,P@50,CR@5,CR@10,CR@20,CR@30,CR@40,CR@50,F1@5,F1@10,F1@20,F1@30,F1@40,F1@50
1,"angel_of_the_north",1,0,1,0,1,0,1,0,1,0,1,0,,16,,2,,36,,56,,64,,72,,2759,,3333,,5294,,7179,,7805,,8372
2,"big_ben",1,0,1,0,,9,,9333,,925,,92,,2273,,3182,,3182,,5,,5455,,5909,,3704,,4828,,4701,,6512,,6862,,7196
3,"hearst_castle",,8,,9,,9,,9333,,925,,92,,125,,2917,,5417,,6667,,7917,,7917,,2162,,4406,,6763,,7778,,8532,,851
4,"la_madeleine",,8,,6,,4,,5667,,425,,4,,2143,,2857,,3571,,7857,,7857,,8571,,338,,3871,,3774,,6585,,5516,,5455
5,"pont_alexandre_iii",1,0,1,0,,95,,9667,,95,,92,,2,,28,,36,,52,,6,,76,,3333,,4375,,5221,,6762,,7355,,8324
6,"neues_museum",,8,,5,,25,,3667,,525,,62,,08,,08,,08,,32,,56,,72,,1455,,1379,,1212,,3417,,5419,,6663
7,"montezuma_castle",,8,,8,,85,,6,,65,,64,,25,,25,,4167,,4167,,5,,6667,,381,,381,,5592,,4918,,5652,,6531
8,"cn_tower",,4,,6,,55,,6667,,625,,6,,0833,,1667,,25,,4583,,5833,,6667,,1379,,2609,,3438,,5432,,6034,,6316
9,"acropolis_athens",,8,,7,,85,,8667,,875,,84,,0952,,1905,,4762,,4762,,5238,,5238,,1702,,2995,,6104,,6147,,6553,,6453
10,"agra_fort",1,0,,7,,8,,8333,,875,,88,,2,,28,,48,,56,,68,,76,,3333,,4,,6,,6699,,7653,,8156
11,"albert_memorial",,6,,8,,85,,8333,,7,,74,,0909,,1364,,1818,,3636,,3636,,5455,,1579,,233,,2996,,5063,,4786,,628
12,"altes_museum",,8,,8,,85,,6333,,625,,66,,0417,,125,,4167,,4583,,5417,,5833,,0792,,2162,,5592,,5318,,5804,,6193
13,"amiens_cathedral",1,0,1,0,,95,,9667,,975,,98,,16,,28,,52,,64,,68,,76,,2759,,4375,,6721,,7701,,8012,,8561
14,"angkor_wat",1,0,1,0,,9,,9333,,95,,92,,12,,2,,36,,56,,72,,72,,2143,,3333,,5143,,7,,8192,,8078
15,"ara_pacis",,6,,7,,85,,7333,,625,,66,,1364,,2727,,5455,,6364,,6364,,6818,,2222,,3925,,6645,,6814,,6306,,6707
16,"arc_de_triomphe",,4,,7,,85,,7667,,75,,74,,0833,,2083,,375,,5,,5417,,625,,1379,,3211,,5204,,6053,,629,,6777
17,"aztec_ruins",,8,,9,,5,,4,,3,,36,,12,,28,,32,,36,,36,,44,,2087,,4271,,3902,,3789,,3273,,396
18,"berlin_cathedral",1,0,1,0,1,0,1,0,,95,,9,,16,,28,,48,,6,,64,,76,,2759,,4375,,6486,,75,,7648,,8241
19,"bok_tower_gardens",1,0,,7,,85,,8667,,9,,9,,2,,28,,44,,6,,6,,68,,3333,,4,,5798,,7091,,72,,7747
20,"brandenburg_gate",1,0,1,0,1,0,,9667,,975,,96,,12,,2,,28,,44,,56,,56,,2143,,3333,,4375,,6047,,7114,,7074
21,"cabrillo",,0,,2,,2,,1333,,15,,12,,0,,0769,,2308,,2308,,3846,,3846,,0,,1111,,2143,,169,,2158,,1829
22,"casa_batllo",,4,,6,,8,,8667,,9,,92,,08,,2,,44,,48,,64,,72,,1333,,3,,5677,,6178,,7481,,8078
23,"casa_rosada",1,0,1,0,,95,,9667,,975,,98,,12,,24,,36,,52,,64,,76,,2143,,3871,,5221,,6762,,7728,,8561
24,"castillo_de_san_marcos",,6,,8,,65,,6333,,625,,68,,12,,2,,32,,44,,6,,68,,2,,32,,4289,,5193,,6122,,68
25,"chartres_cathedral",1,0,1,0,1,0,,9667,,975,,94,,16,,24,,52,,68,,72,,72,,2759,,3871,,6842,,7984,,8283,,8154
26,"chichen_itza",1,0,,9,,7,,7667,,8,,8,,12,,24,,4,,48,,6,,68,,2143,,3789,,5091,,5904,,6857,,7351
27,"christ_the_redeemer_rio",,4,,6,,55,,4667,,425,,52,,0435,,1739,,2609,,3043,,3913,,5652,,0784,,2697,,3539,,3684,,4075,,5417
28,"civic_center_san_francisco",,8,,7,,85,,8667,,775,,78,,16,,24,,52,,6,,6,,6,,2667,,3574,,6453,,7091,,6764,,6783
29,"cologne_cathedral",1,0,1,0,1,0,1,0,,975,,96,,2,,24,,4,,52,,6,,68,,3333,,3871,,5714,,6842,,7429,,7961
30,"colosseum",1,0,1,0,1,0,1,0,,85,,86,,2,,24,,4,,48,,48,,56,,3333,,3871,,5714,,6486,,6135,,6783
31,"doge_s_palace",1,0,1,0,1,0,,8333,,85,,88,,12,,24,,4,,44,,48,,48,,2143,,3871,,5714,,5759,,6135,,6212
32,"eiffel_tower",1,0,1,0,1,0,1,0,,975,,98,,16,,16,,28,,36,,48,,52,,2759,,2759,,4375,,5294,,6433,,6795
33,"golden_gate_bridge",1,0,,8,,8,,8333,,7,,74,,1739,,3043,,3913,,5652,,5652,,5652,,2963,,4409,,5255,,6736,,6254,,6409
34,"grand_palais",1,0,,9,,85,,9,,9,,92,,0909,,1818,,3636,,4545,,5,,5455,,1667,,3025,,5094,,604,,6429,,6849
35,"guggenheim_museum_bilbao",1,0,,9,,95,,9667,,925,,94,,2,,36,,44,,52,,52,,72,,3333,,5143,,6014,,6762,,6657,,8154
36,"hagia_sophia_istanbul",1,0,1,0,1,0,,9667,,925,,94,,12,,2,,36,,56,,64,,72,,2143,,3333,,5294,,7092,,7565,,8154
37,"hoover_dam",1,0,,9,,95,,9333,,925,,88,,16,,24,,4,,48,,6,,68,,2759,,3789,,563,,634,,7279,,7672
38,"humayun_tomb",,6,,7,,65,,7333,,75,,76,,12,,2,,4,,52,,64,,72,,2,,3111,,4952,,6085,,6906,,7395
39,"iguazu_falls",,4,,7,,8,,8333,,85,,84,,04,,2,,32,,52,,6,,64,,0727,,3111,,4571,,6404,,7034,,7265
40,"iolani_palace",1,0,1,0,1,0,,8667,,75,,68,,12,,16,,4,,52,,6,,64,,2143,,2759,,5714,,65,,6667,,6594
41,"la_mezquita",,8,,8,,75,,7,,65,,56,,1667,,2917,,4583,,5,,5417,,625,,2759,,4275,,569,,5833,,5909,,5907
42,"la_rambla_barcelona",,8,,9,,95,,9333,,925,,92,,16,,24,,28,,44,,48,,6,,2667,,3789,,4325,,5981,,632,,7263
43,"la_sainte_chapelle",1,0,1,0,,95,,9667,,95,,96,,16,,36,,6,,6,,76,,84,,2759,,5294,,7355,,7404,,8444,,896
44,"liberty_memorial",1,0,,6,,55,,6,,625,,66,,08,,12,,2,,28,,44,,6,,1481,,2,,2933,,3818,,5164,,6286
45,"lincoln_home",1,0,1,0,,9,,9333,,925,,92,,2778,,3333,,5,,5556,,7222,,7778,,4348,,5,,6429,,6965,,8111,,8429
46,"machu_picchu",,8,,7,,8,,7333,,8,,82,,12,,12,,28,,4,,52,,64,,2087,,2049,,4148,,5176,,6303,,7189
47,"marble_arch_london",,8,,9,,65,,6,,475,,38,,3333,,5,,5833,,75,,75,,75,,4706,,6429,,6149,,6667,,5816,,5044
48,"milan_cathedral",1,0,1,0,1,0,,9333,,95,,96,,2,,36,,52,,6,,68,,68,,3333,,5294,,6842,,7304,,7926,,7961
49,"mole_antonelliana",1,0,1,0,,85,,8,,825,,74,,16,,24,,4,,44,,56,,6,,2759,,3871,,544,,5677,,6671,,6627
50,"mont_saint_michel",1,0,1,0,1,0,,9667,,95,,92,,08,,2,,36,,44,,64,,68,,1481,,3333,,5294,,6047,,7648,,782
51,"moulin_rouge",,0,,0,,0,,0667,,125,,1,,0,,0,,0,,25,,5,,5,,0,,0,,0,,1053,,2,,1667
52,"nelson_s_column",,8,,8,,9,,9333,,95,,94,,1667,,2917,,4167,,4583,,7083,,7917,,2759,,4275,,5696,,6148,,8116,,8595
53,"notre_dame_de_paris",1,0,1,0,1,0,,9333,,875,,82,,12,,2,,4,,56,,64,,68,,2143,,3333,,5714,,7,,7393,,7435
54,"obelisco",,4,,3,,15,,1,,075,,18,,1818,,1818,,1818,,1818,,1818,,4545,,25,,2264,,1644,,129,,1062,,2579
55,"piccadilly_circus",,8,,8,,85,,7667,,825,,74,,0435,,1304,,4348,,4348,,6087,,7391,,0825,,2243,,5753,,5549,,7005,,7396
56,"place_de_la_concorde",1,0,1,0,1,0,1,0,1,0,1,0,,12,,24,,36,,48,,56,,72,,2143,,3871,,5294,,6486,,7179,,8372
57,"place_de_la_republique",,2,,3,,3,,2,,2,,18,,125,,375,,625,,625,,75,,75,,1538,,3333,,4054,,303,,3158,,2903
58,"place_des_vosges",1,0,1,0,,85,,9,,775,,72,,2,,28,,4,,48,,52,,64,,3333,,4375,,544,,6261,,6224,,6776
59,"pont_du_gard",,8,,9,,95,,8,,7,,74,,12,,28,,48,,52,,56,,64,,2087,,4271,,6378,,6303,,6222,,6864
60,"pont_neuf",1,0,1,0,,85,,9,,8,,72,,08,,2,,36,,56,,64,,64,,1481,,3333,,5058,,6904,,7111,,6776
61,"ponte_vecchio",1,0,,9,,95,,9333,,85,,78,,1667,,2083,,4167,,4583,,5417,,5417,,2857,,3383,,5793,,6148,,6617,,6393
62,"puerta_de_alcala",,6,,8,,65,,6333,,725,,7,,1053,,2632,,4211,,5263,,6842,,7895,,1791,,396,,5111,,5749,,704,,742
63,"puerta_del_sol",,8,,8,,7,,5333,,4,,36,,2,,25,,35,,35,,35,,4,,32,,381,,4667,,4226,,3733,,3789
64,"red_fort",1,0,1,0,1,0,1,0,,975,,98,,2,,28,,44,,68,,76,,76,,3333,,4375,,6111,,8095,,8542,,8561
65,"reims_cathedral",1,0,1,0,1,0,1,0,1,0,1,0,,2,,32,,4,,44,,56,,64,,3333,,4848,,5714,,6111,,7179,,7805
66,"rialto_bridge",1,0,1,0,,8,,7333,,625,,5,,1875,,25,,5,,625,,6875,,6875,,3158,,4,,6154,,6748,,6548,,5789
67,"roman_forum_rome",,8,,9,,8,,7333,,625,,68,,12,,24,,4,,48,,48,,64,,2087,,3789,,5333,,5802,,543,,6594
68,"sacre_coeur",,2,,4,,45,,5667,,6,,6,,0417,,0833,,2083,,375,,4583,,5,,069,,1379,,2848,,4513,,5197,,5455
69,"sagrada_familia",,8,,9,,95,,9333,,925,,94,,12,,24,,44,,56,,64,,64,,2087,,3789,,6014,,7,,7565,,7615
70,"santa_maria_novella",1,0,1,0,,7,,6667,,575,,6,,12,,2,,32,,44,,48,,6,,2143,,3333,,4392,,5301,,5232,,6
71,"schonbrunn_palace",1,0,1,0,1,0,1,0,1,0,1,0,,16,,28,,52,,52,,68,,72,,2759,,4375,,6842,,6842,,8095,,8372
72,"seville_cathedral",1,0,1,0,,9,,9333,,95,,96,,12,,2,,28,,48,,64,,72,,2143,,3333,,4271,,634,,7648,,8229
73,"spanish_steps",1,0,1,0,,75,,7,,7,,68,,1364,,3182,,3636,,4545,,5455,,6364,,24,,4828,,4898,,5512,,6131,,6575
74,"st__basil_cathedral",1,0,1,0,,95,,9333,,9,,84,,16,,32,,44,,52,,6,,6,,2759,,4848,,6014,,6679,,72,,7
75,"statue_of_liberty",1,0,1,0,,95,,8667,,775,,8,,16,,2,,32,,44,,52,,6,,2759,,3333,,4787,,5837,,6224,,6857
76,"stonehenge",,8,,7,,7,,7,,6,,52,,1053,,2105,,3684,,5263,,5263,,5263,,186,,3237,,4828,,6009,,5607,,5231
77,"summer_palace_beijing",1,0,1,0,,95,,9333,,925,,9,,08,,24,,4,,52,,6,,64,,1481,,3871,,563,,6679,,7279,,7481
78,"sydney_opera_house",1,0,1,0,,95,,9333,,95,,96,,16,,28,,4,,48,,64,,68,,2759,,4375,,563,,634,,7648,,7961
79,"teotihuacan",1,0,,9,,65,,6,,65,,7,,2,,28,,36,,44,,64,,68,,3333,,4271,,4634,,5077,,645,,6899
80,"terracotta_army",,8,,9,,75,,5333,,45,,48,,2,,35,,5,,5,,5,,6,,32,,504,,6,,5161,,4737,,5333
81,"the_blue_mosque",,8,,7,,8,,8667,,9,,92,,08,,12,,4,,48,,56,,64,,1455,,2049,,5333,,6178,,6904,,7549
82,"the_henry_ford",,8,,8,,6,,6667,,7,,72,,12,,24,,28,,44,,6,,68,,2087,,3692,,3818,,5301,,6462,,6994
83,"taj_mahal",,8,,9,,85,,8667,,875,,9,,16,,28,,4,,44,,56,,68,,2667,,4271,,544,,5837,,6829,,7747
84,"tour_montparnasse",,6,,8,,65,,4333,,4,,36,,15,,35,,4,,4,,45,,45,,24,,487,,4952,,416,,4235,,4
85,"tower_bridge_london",,4,,3,,6,,7,,55,,52,,08,,12,,36,,56,,6,,68,,1333,,1714,,45,,6222,,5739,,5893
86,"trafalgar_square",,6,,5,,5,,4,,425,,44,,1364,,1818,,2727,,2727,,4545,,5,,2222,,2667,,3529,,3243,,4393,,4681
87,"leaning_tower_of_pisa",,6,,6,,5,,5333,,625,,66,,08,,2,,28,,44,,6,,68,,1412,,3,,359,,4822,,6122,,6699
88,"hermitage_museum_saint_petersburg",1,0,1,0,,8,,8667,,875,,88,,2,,28,,36,,52,,64,,76,,3333,,4375,,4966,,65,,7393,,8156
89,"jantar_mantar_jaipur",1,0,,8,,8,,7333,,725,,74,,2,,28,,44,,56,,72,,76,,3333,,4148,,5677,,6351,,7225,,7499
90,"lake_titicaca_peru",,6,,5,,55,,4667,,525,,5,,0833,,125,,3333,,4167,,5417,,5833,,1463,,2,,4151,,4403,,5332,,5385
91,"the_great_wall_of_china",1,0,,9,,85,,8667,,85,,78,,2,,32,,4,,52,,56,,6,,3333,,4721,,544,,65,,6752,,6783
92,"grande_arche_paris",,6,,6,,55,,5667,,6,,64,,08,,12,,28,,28,,36,,48,,1412,,2,,3711,,3748,,45,,5486
93,"el_angel_mexico",,0,,3,,55,,5,,525,,46,,0,,0952,,3333,,4286,,4762,,5238,,0,,1446,,4151,,4615,,4994,,4898
94,"bibliotheque_nationale_de_france",1,0,,9,,7,,7333,,75,,76,,2,,24,,32,,48,,6,,64,,3333,,3789,,4392,,5802,,6667,,6949
95,"kronborg_castle",,6,,6,,6,,7,,725,,74,,125,,25,,375,,5,,625,,625,,2069,,3529,,4615,,5833,,6713,,6777
96,"ajanta_caves",1,0,1,0,,9,,9333,,95,,92,,1364,,2727,,4545,,5909,,6818,,6818,,24,,4286,,604,,7237,,7939,,7832
97,"atomium",1,0,1,0,,95,,9667,,95,,9,,1905,,2857,,4286,,4762,,5238,,619,,32,,4444,,5907,,6381,,6753,,7335
98,"ellora_caves",1,0,1,0,,95,,9333,,95,,94,,1364,,1818,,2727,,4091,,4091,,5,,24,,3077,,4238,,5688,,5719,,6528
99,"potala_palace",,8,,9,,85,,8333,,75,,76,,1667,,2778,,3333,,4444,,5,,6667,,2759,,4245,,4789,,5797,,6,,7103
100,"jokhang",1,0,,8,,8,,8333,,85,,82,,2,,28,,48,,6,,68,,8,,3333,,4148,,6,,6977,,7556,,8099
101,"rila_monastery",1,0,1,0,,85,,9,,925,,88,,12,,24,,36,,4,,44,,48,,2143,,3871,,5058,,5538,,5963,,6212
102,"louvre_pyramid",1,0,1,0,,9,,9,,925,,88,,1111,,2222,,3889,,4444,,5,,5556,,2,,3636,,5431,,595,,6491,,6811
103,"brooklyn_bridge",1,0,1,0,,85,,8333,,825,,82,,0476,,2381,,4286,,4762,,4762,,4762,,0909,,3846,,5698,,6061,,6038,,6025
104,"tower_of_london",,8,,7,,7,,7333,,7,,72,,0435,,1739,,3478,,3913,,4348,,4348,,0825,,2786,,4647,,5103,,5364,,5422
105,"british_museum_london",1,0,1,0,1,0,1,0,,95,,96,,1,,15,,35,,45,,5,,65,,1818,,2609,,5185,,6207,,6552,,7752
106,"buckingham_palace",,4,,7,,45,,4,,35,,34,,1,,25,,25,,3,,3,,35,,16,,3684,,3214,,3429,,3231,,3449
107,"charles_bridge_prague",1,0,1,0,,8,,5667,,55,,52,,1667,,25,,375,,4167,,4583,,5417,,2857,,4,,5106,,4802,,5,,5306
108,"champs_elysees_paris",,8,,7,,65,,6333,,525,,46,,1333,,2667,,3333,,4,,4667,,5333,,2286,,3862,,4407,,4903,,4941,,494
109,"chrysler_building",1,0,1,0,1,0,1,0,1,0,1,0,,1429,,3571,,4286,,6429,,7143,,8571,,25,,5263,,6,,7826,,8333,,9231
110,"moma_new_york",,8,,8,,85,,9,,9,,92,,1579,,1579,,2632,,4737,,5263,,5789,,2637,,2637,,4019,,6207,,6642,,7107
111,"grand_central_terminal",1,0,1,0,1,0,,9667,,975,,96,,1429,,1429,,2857,,2857,,381,,5714,,25,,25,,4444,,4411,,5478,,7164
112,"houses_of_parliament",1,0,1,0,1,0,1,0,,95,,94,,1739,,2609,,3478,,3913,,4783,,5652,,2963,,4138,,5161,,5625,,6362,,706
113,"alexanderplatz_berlin",,0,,2,,55,,5333,,625,,6,,0,,04,,32,,4,,48,,52,,0,,0667,,4046,,4571,,543,,5571
114,"centre_pompidou",,8,,9,,9,,7333,,725,,72,,1667,,1667,,3333,,3889,,5556,,6111,,2759,,2812,,4865,,5083,,6291,,6611
115,"sydney_harbour_bridge",1,0,1,0,1,0,1,0,1,0,1,0,,1875,,3125,,5,,5625,,5625,,5625,,3158,,4762,,6667,,72,,72,,72
116,"pier_39",1,0,1,0,,95,,9667,,95,,9,,1905,,2381,,4762,,619,,6667,,6667,,32,,3846,,6344,,7548,,7835,,766
117,"coit_tower",,8,,7,,65,,5333,,525,,58,,1333,,2,,2667,,3333,,4,,4667,,2286,,3111,,3782,,4103,,4541,,5172
118,"st_paul_s_cathedral_london",,6,,8,,9,,9333,,75,,72,,1765,,4118,,5294,,7059,,7059,,8235,,2727,,5437,,6667,,8038,,7273,,7683
119,"cloud_gate",1,0,,9,,75,,6,,625,,68,,25,,4167,,5,,5,,6667,,75,,4,,5696,,6,,5455,,6452,,7133
120,"musee_d_orsay",1,0,1,0,,9,,9,,9,,92,,0952,,1429,,3333,,5238,,6667,,7143,,1739,,25,,4865,,6622,,766,,8042
121,"pike_place_market",1,0,1,0,,8,,8333,,75,,8,,1429,,2381,,4286,,5238,,5238,,5714,,25,,3846,,5581,,6433,,6168,,6667
122,"royal_palace_madrid",,8,,8,,85,,8,,825,,84,,1818,,3636,,4545,,5909,,6364,,6364,,2963,,5,,5923,,6797,,7185,,7241
123,"sony_center_berlin",1,0,1,0,,95,,9667,,95,,92,,0952,,2381,,3333,,4286,,4762,,5238,,1739,,3846,,4935,,5939,,6344,,6675
124,"red_square_moscow",1,0,,7,,6,,6333,,625,,64,,2381,,2857,,3333,,5238,,619,,6667,,3846,,4058,,4286,,5734,,622,,6531
125,"prague_castle",1,0,1,0,,95,,9,,9,,88,,12,,2,,44,,64,,68,,8,,2143,,3333,,6014,,7481,,7747,,8381
126,"musee_du_louvre",1,0,1,0,1,0,1,0,1,0,,98,,16,,36,,44,,6,,64,,68,,2759,,5294,,6111,,75,,7805,,8029
127,"millennium_bridge_london",,8,,9,,75,,7667,,775,,8,,12,,28,,36,,44,,48,,52,,2087,,4271,,4865,,5591,,5928,,6303
128,"casa_mila",1,0,1,0,1,0,,9333,,95,,96,,12,,28,,48,,48,,56,,6,,2143,,4375,,6486,,634,,7046,,7385
129,"national_gallery_london",1,0,1,0,,65,,7333,,75,,64,,1818,,2727,,3182,,5,,6364,,6364,,3077,,4286,,4272,,5946,,6885,,6382
130,"national_mall",1,0,1,0,1,0,,8333,,825,,8,,12,,28,,48,,56,,64,,68,,2143,,4375,,6486,,6699,,7208,,7351
131,"london_city_hall",,8,,9,,9,,9,,875,,78,,15,,3,,5,,55,,8,,85,,2526,,45,,6429,,6828,,8358,,8135
132,"holocaust_memorial",,8,,9,,8,,7,,675,,64,,125,,375,,4375,,5,,5625,,625,,2162,,5294,,5657,,5833,,6136,,6324
133,"columbus_circle",,2,,5,,65,,5333,,525,,54,,04,,16,,44,,48,,56,,64,,0667,,2424,,5248,,5053,,5419,,5858
134,"siegessaeule",1,0,1,0,,8,,7,,525,,48,,16,,28,,48,,56,,56,,56,,2759,,4375,,6,,6222,,5419,,5169
135,"jardin_du_luxembourg",1,0,1,0,1,0,1,0,,95,,96,,12,,28,,48,,68,,76,,8,,2143,,4375,,6486,,8095,,8444,,8727
136,"merlion_singapore",,0,,2,,1,,1667,,2,,24,,0,,0909,,0909,,2273,,2727,,4091,,0,,125,,0952,,1923,,2308,,3025
137,"harrods_london",1,0,1,0,,95,,8667,,875,,9,,2,,28,,48,,56,,6,,72,,3333,,4375,,6378,,6804,,7119,,8
138,"metropolitan_museum_of_art_new_york",,8,,9,,95,,9667,,975,,98,,12,,16,,36,,52,,64,,68,,2087,,2717,,5221,,6762,,7728,,8029
139,"new_york_stock_exchange",1,0,,9,,9,,8333,,825,,7,,25,,3,,4,,45,,5,,5,,4,,45,,5538,,5844,,6226,,5833
140,"stephansdom_vienna",1,0,1,0,1,0,,9667,,975,,96,,16,,32,,4,,52,,6,,64,,2759,,4848,,5714,,6762,,7429,,768
141,"hms_belfast",1,0,1,0,1,0,1,0,,975,,98,,12,,24,,36,,44,,48,,56,,2143,,3871,,5294,,6111,,6433,,7127
142,"leicester_square",1,0,,7,,75,,7667,,725,,7,,2,,24,,32,,44,,52,,56,,3333,,3574,,4486,,5591,,6056,,6222
143,"ciudad_de_las_artes_y_las_ciencias",1,0,1,0,,95,,9667,,95,,96,,2,,36,,44,,64,,72,,76,,3333,,5294,,6014,,7701,,8192,,8484
144,"topkapi_palace",1,0,,9,,9,,9333,,925,,94,,16,,24,,4,,52,,6,,72,,2759,,3789,,5538,,6679,,7279,,8154
145,"royal_albert_hall",1,0,1,0,,9,,8,,75,,74,,12,,16,,4,,44,,44,,52,,2143,,2759,,5538,,5677,,5546,,6108
146,"st_vitus_cathedral",1,0,1,0,1,0,,9667,,9,,9,,12,,28,,44,,52,,68,,68,,2143,,4375,,6111,,6762,,7747,,7747
147,"castello_sforzesco",1,0,1,0,,85,,9,,9,,9,,12,,2,,32,,4,,48,,52,,2143,,3333,,465,,5538,,6261,,6592
148,"rijksmuseum_amsterdam",1,0,1,0,1,0,1,0,1,0,1,0,,12,,16,,28,,48,,6,,72,,2143,,2759,,4375,,6486,,75,,8372
149,"dam_square",,8,,8,,8,,8,,7,,68,,12,,2,,28,,36,,36,,44,,2087,,32,,4148,,4966,,4755,,5343
150,"rathaus_vienna",1,0,1,0,,9,,7,,675,,66,,2,,2,,24,,32,,36,,44,,3333,,3333,,3789,,4392,,4696,,528
151,"bath_abbey",1,0,1,0,,95,,9667,,95,,9,,2,,28,,44,,56,,56,,68,,3333,,4375,,6014,,7092,,7046,,7747
152,"salisbury_cathedral",1,0,1,0,1,0,1,0,1,0,,96,,12,,2,,28,,36,,44,,52,,2143,,3333,,4375,,5294,,6111,,6746
153,"templo_de_debod",,0,,0,,1,,3,,35,,4,,0,,0,,0909,,2273,,3636,,5,,0,,0,,0952,,2586,,3567,,4444
154,"Niagara_Falls",,8,,7,,65,,5333,,625,,64,,1818,,2273,,4091,,4545,,6818,,6818,,2963,,3431,,5021,,4908,,6522,,6602
155,"Golden_Gate_Bridge_in_San_Francisco",1,0,,8,,85,,9,,925,,94,,1818,,2273,,3636,,5455,,7273,,7727,,3077,,354,,5094,,6792,,8143,,8482
156,"Neuschwanstein_Castle",1,0,1,0,1,0,,9667,,975,,98,,12,,24,,44,,56,,68,,72,,2143,,3871,,6111,,7092,,8012,,8301
157,"Christ_Church_Cathedral_Missouri",1,0,1,0,1,0,1,0,1,0,,98,,16,,32,,52,,56,,56,,64,,2759,,4848,,6842,,7179,,7179,,7743
158,"Mount_Rushmore_in_South_Dakota",,8,,8,,9,,9333,,875,,86,,08,,16,,32,,48,,52,,6,,1455,,2667,,4721,,634,,6523,,7068
159,"Puerta_de_Toledo",,0,,0,,1,,0667,,05,,04,,0,,0,1,0,1,0,1,0,1,0,,0,,0,,1818,,125,,0952,,0769
160,"Urquhart_Castle",,8,,8,,8,,8,,8,,78,,125,,25,,4167,,5417,,6667,,75,,2162,,381,,5479,,646,,7273,,7647
161,"Gare_du_Nord_Paris",,8,,6,,75,,8,,825,,82,,16,,2,,28,,32,,32,,4,,2667,,3,,4078,,4571,,4611,,5377
162,"Newgrange_in_Ireland",,6,,6,,65,,7,,625,,66,,125,,25,,375,,4583,,4583,,4583,,2069,,3529,,4756,,554,,5288,,541
163,"Windmills_at_Kinderdijk",1,0,1,0,1,0,,9,,825,,84,,16,,24,,36,,4,,48,,56,,2759,,3871,,5294,,5538,,6069,,672
164,"Conciergerie",1,0,1,0,1,0,1,0,1,0,,96,,08,,24,,36,,44,,6,,6,,1481,,3871,,5294,,6111,,75,,7385
165,"Palazzo_Madama",1,0,,9,,85,,7,,65,,68,,1818,,3182,,4545,,5455,,5455,,6818,,3077,,4701,,5923,,6131,,5932,,6809
166,"Split_Rock_Lighthouse",,8,,9,,95,,9,,875,,88,,16,,28,,4,,44,,48,,6,,2667,,4271,,563,,591,,6199,,7135
167,"The_Little_Mermaid_Denmark",1,0,1,0,1,0,,9333,,775,,62,,2143,,4286,,7857,,8571,,8571,,8571,,3529,,6,,88,,8936,,814,,7195
168,"Great_Pyramid_of_Giza",,6,,5,,65,,5667,,55,,56,,2,,3333,,4667,,4667,,5333,,6667,,3,,4,,5433,,5118,,5415,,6087
169,"Pitti_Palace",,6,,8,,8,,7,,625,,54,,1364,,2727,,4545,,5,,5455,,5909,,2222,,4068,,5797,,5833,,5825,,5643
170,"Georgia_State_Capitol",,8,,9,,55,,3667,,275,,22,,2105,,2105,,2105,,2105,,2105,,2105,,3333,,3412,,3045,,2675,,2385,,2152
171,"Dome_des_Invalides",1,0,1,0,1,0,1,0,1,0,,96,,12,,28,,36,,44,,56,,6,,2143,,4375,,5294,,6111,,7179,,7385
172,"Reggia_di_Caserta",,6,,8,,55,,5,,425,,54,,08,,28,,32,,36,,4,,68,,1412,,4148,,4046,,4186,,4121,,602
173,"The_Burj_al_Arab_Hotel",,8,,8,,8,,8,,775,,82,,12,,2,,32,,44,,52,,64,,2087,,32,,4571,,5677,,6224,,7189
174,"Elephanta_Caves",1,0,1,0,1,0,1,0,,975,,96,,125,,25,,4167,,5417,,6667,,75,,2222,,4,,5882,,7027,,7919,,8421
175,"Basilica_of_Santa_Croce",1,0,1,0,1,0,1,0,1,0,1,0,,16,,28,,48,,6,,64,,64,,2759,,4375,,6486,,75,,7805,,7805
176,"Aachen_Cathedral",1,0,,9,,95,,9667,,975,,96,,16,,2,,44,,48,,68,,68,,2759,,3273,,6014,,6415,,8012,,7961
177,"Monument_to_the_Great_Fire_of_London",,6,,6,,5,,5333,,625,,62,,12,,2,,32,,44,,56,,64,,2,,3,,3902,,4822,,5907,,6298
178,"Longmen_Grottoes",,6,,8,,6,,6,,625,,68,,12,,28,,36,,48,,64,,68,,2,,4148,,45,,5333,,6324,,68
179,"Louisiana_State_Capitol",,8,,5,,4,,3333,,325,,4,,16,,2,,28,,36,,44,,64,,2667,,2857,,3294,,3462,,3739,,4923
180,"The_Great_Sphinx_at_Giza",1,0,1,0,,85,,9,,9,,92,,2,,28,,48,,6,,68,,72,,3333,,4375,,6135,,72,,7747,,8078
181,"Teatro_Real_Madrid",1,0,,7,,85,,7333,,65,,68,,2174,,3043,,5652,,6522,,6957,,7826,,3571,,4242,,679,,6904,,6721,,7277
182,"Palacio_de_la_Magdalena",,6,,8,,85,,8,,8,,8,,08,,28,,48,,56,,72,,8,,1412,,4148,,6135,,6588,,7579,,8
183,"Sowjetisches_Ehrenmal",1,0,,6,,7,,7667,,775,,74,,12,,16,,4,,52,,6,,68,,2143,,2526,,5091,,6197,,6764,,7087
184,"Cathedral_of_Trier",1,0,1,0,1,0,,9667,,95,,9,,2,,36,,48,,52,,64,,72,,3333,,5294,,6486,,6762,,7648,,8
185,"Saint_Mary_of_the_Flower",,6,,3,,2,,1333,,275,,36,,12,,12,,16,,16,,32,,44,,2,,1714,,1778,,1455,,2958,,396
186,"Skellig_Michael",,6,,6,,65,,6667,,65,,66,,12,,24,,44,,48,,52,,56,,2,,3429,,5248,,5581,,5778,,6059
187,"Chicago_Board_of_Trade_Building",1,0,1,0,,95,,7667,,575,,6,,2273,,3182,,4091,,4545,,4545,,6364,,3704,,4828,,5719,,5707,,5077,,6176
188,"Pont_de_Normandie_France",1,0,1,0,1,0,,9667,,85,,74,,2105,,4211,,6842,,7895,,7895,,8421,,3478,,5926,,8125,,8691,,8186,,7878
189,"Palazzo_Rosso",,0,,0,,05,,1333,,15,,14,,0,,0,,0417,,125,,2083,,25,,0,,0,,0455,,129,,1744,,1795
190,"Piazza_Vittorio_Veneto",,0,,4,,45,,4,,525,,44,,0,,1875,,4375,,5,,8125,,875,,0,,2553,,4437,,4444,,6379,,5856
191,"Sforza_Castle",1,0,1,0,,95,,9333,,95,,96,,2,,32,,44,,56,,72,,76,,3333,,4848,,6014,,7,,8192,,8484
192,"Torres_KIO",1,0,,9,,9,,9,,925,,92,,2,,28,,36,,52,,56,,6,,3333,,4271,,5143,,6592,,6976,,7263
193,"Torre_Picasso",1,0,1,0,,9,,6667,,625,,68,,2083,,3333,,5,,5,,5417,,5833,,3448,,5,,6429,,5714,,5804,,628
194,"The_Palace_of_Parliament_in_Bucharest",1,0,,9,,95,,9333,,95,,96,,16,,2,,24,,24,,44,,6,,2759,,3273,,3832,,3818,,6014,,7385
195,"Ernest_Hemingway_House",,8,,9,,9,,8333,,875,,8,,12,,28,,44,,48,,56,,6,,2087,,4271,,591,,6091,,6829,,6857
196,"Castel_dellOvo_Napoli",,8,,9,,95,,9,,875,,88,,16,,28,,48,,68,,8,,8,,2667,,4271,,6378,,7747,,8358,,8381
197,"Villa_Borghese_gardens",1,0,1,0,1,0,1,0,1,0,,98,,16,,28,,52,,64,,72,,8,,2759,,4375,,6842,,7805,,8372,,8809
198,"Saint_Marks_Basilica",1,0,1,0,1,0,1,0,1,0,1,0,,2,,24,,4,,4,,4,,48,,3333,,3871,,5714,,5714,,5714,,6486
199,"Mausoleum_of_the_First_Qin_Emperor",,8,,9,,7,,8,,775,,8,,12,,28,,36,,48,,52,,64,,2087,,4271,,4755,,6,,6224,,7111
200,"Mausoleum_of_Hadrian",1,0,,8,,9,,8333,,8,,74,,1667,,2222,,4444,,5,,5556,,5556,,2857,,3478,,595,,625,,6557,,6346
201,"Piazza_de_Ferrari",1,0,1,0,,95,,9333,,95,,96,,1579,,3158,,4211,,4737,,5263,,5263,,2727,,48,,5835,,6284,,6774,,6799
202,"George_Washington_Carver",,4,,6,,7,,5667,,475,,54,,0625,,25,,5,,5,,5,,625,,1081,,3529,,5833,,5312,,4872,,5794
203,"Cathedral_of_Santiago_de_Compostela",1,0,1,0,1,0,,9667,,9,,88,,1765,,2941,,6471,,7059,,8235,,8235,,3,,4545,,7857,,8159,,8601,,8508
204,"Saint-Jacques_Tower",,8,,8,,85,,8,,825,,84,,2308,,3077,,3077,,4615,,6154,,7692,,3582,,4444,,4518,,5854,,7049,,8031
205,"Calakmul_Campeche_Mexico",,6,,8,,9,,9,,8,,82,,1429,,3571,,5714,,7143,,7143,,7857,,2308,,4938,,699,,7965,,7547,,8025
206,"Bran_Castle_in_Transylvania",1,0,,9,,85,,9,,925,,92,,1579,,2632,,3158,,4211,,5263,,6842,,2727,,4072,,4605,,5737,,6709,,7848
207,"Mosteiro_da_Batalha",1,0,1,0,1,0,1,0,1,0,1,0,,2105,,3684,,4211,,5789,,6842,,7368,,3478,,5385,,5926,,7333,,8125,,8485
208,"Wartburg_Castle",,8,,8,,9,,9333,,925,,92,,15,,2,,5,,65,,8,,85,,2526,,32,,6429,,7663,,858,,8836
209,"Fujian_Tulou_Fujian_China",1,0,1,0,1,0,1,0,1,0,1,0,,1667,,2778,,4444,,6111,,6111,,7778,,2857,,4348,,6154,,7586,,7586,,875
210,"Alabama_State_Capitol",,8,,7,,65,,7,,775,,74,,1429,,2857,,4762,,6667,,7619,,7619,,2424,,4058,,5497,,6829,,7684,,7508
211,"Palazzo_dAccursio",1,0,1,0,,9,,8333,,775,,8,,1667,,2222,,2778,,3333,,3889,,5,,2857,,3636,,4245,,4762,,5179,,6154
212,"Casa_Grande_Ruins",1,0,,9,,8,,8,,825,,82,,1765,,2353,,3529,,4118,,4706,,5294,,3,,3731,,4898,,5437,,5993,,6434
213,"Stravinsky_Fountain",1,0,1,0,,95,,9,,925,,94,,1333,,3333,,4667,,6,,6,,6,,2353,,5,,6259,,72,,7279,,7325
214,"Angel_Falls_Venezuela",,6,,6,,45,,5333,,525,,48,,1765,,2353,,2941,,5294,,5882,,6471,,2727,,338,,3557,,5314,,5548,,5511
215,"Statue_of_George_IV",,4,,4,,5,,4667,,4,,32,,25,,375,,625,,75,,75,,75,,3077,,3871,,5556,,5753,,5217,,4486
216,"Palacio_Barolo",,6,,7,,8,,8667,,9,,92,,1765,,2353,,4706,,4706,,6471,,6471,,2727,,3522,,5926,,61,,7529,,7598
217,"Bridge_of_Remembrance_Christchurch_New_Zealand",,8,,9,,95,,7333,,65,,52,,3333,,5,,9167,,9167,,9167,,9167,,4706,,6429,,933,,8148,,7606,,6636
218,"John_A._Roebling_Suspension_Bridge",,4,,6,,6,,5333,,425,,5,,1333,,4,,6667,,7333,,7333,,7333,,2,,48,,6316,,6175,,5381,,5946
219,"Blue_Dome_Santorini",1,0,,9,,95,,9667,,875,,86,,25,,5,,5625,,75,,8125,,8125,,4,,6429,,7066,,8447,,8426,,8356
220,"Fossar_de_les_Moreres",,4,,6,,5,,3333,,25,,2,,1429,,3571,,5,,5,,5,,5,,2105,,4478,,5,,4,,3333,,2857
221,"Luxor_Obelisk_France",,6,,7,,75,,7333,,75,,74,,125,,3125,,375,,375,,4375,,5625,,2069,,4321,,5,,4962,,5526,,6392
222,"Valle_de_los_Caidos",1,0,,9,,9,,8667,,9,,92,,25,,35,,5,,55,,65,,75,,4,,504,,6429,,6729,,7548,,8263
--------------------
"--","Avg.",P@5,P@10,P@20,P@30,P@40,P@50,CR@5,CR@10,CR@20,CR@30,CR@40,CR@50,F1@5,F1@10,F1@20,F1@30,F1@40,F1@50
,,,8261,,8284,,8023,,7809,,7635,,7566,,1438,,2472,,3973,,4949,,5747,,6411,,2413,,3741,,5189,,5917,,64,,6777