--------------------
"Run name","output_runFCTHDaviesBouldin"
--------------------
"Average P@20 = ",,6878
"Average CR@20 = ",,3934
"Average F1@20 = ",,4928
--------------------
"Query Id ","Location name",P@5,P@10,P@20,P@30,P@40,P@50,CR@5,CR@10,CR@20,CR@30,CR@40,CR@50,F1@5,F1@10,F1@20,F1@30,F1@40,F1@50
1,"angel_of_the_north",1,0,1,0,,95,,9,,925,,92,,2,,32,,48,,64,,76,,8,,3333,,4848,,6378,,7481,,8344,,8558
2,"big_ben",1,0,1,0,,95,,9667,,95,,96,,1364,,3182,,4545,,6364,,7727,,8182,,24,,4828,,6149,,7675,,8522,,8834
3,"hearst_castle",1,0,,9,,9,,9,,875,,82,,1667,,2917,,5,,5833,,6667,,75,,2857,,4406,,6429,,7079,,7568,,7834
4,"la_madeleine",,6,,4,,5,,5,,5,,4,,1429,,2143,,3571,,5,,5,,5,,2308,,2791,,4167,,5,,5,,4444
5,"pont_alexandre_iii",1,0,1,0,,95,,9333,,9,,8,,2,,4,,6,,64,,72,,72,,3333,,5714,,7355,,7593,,8,,7579
6,"neues_museum",,6,,8,,85,,7667,,775,,78,,08,,2,,48,,56,,56,,6,,1412,,32,,6135,,6472,,6502,,6783
7,"montezuma_castle",,8,,7,,65,,6,,65,,6,,1667,,3333,,6667,,8333,,8333,,8333,,2759,,4516,,6582,,6977,,7303,,6977
8,"cn_tower",,6,,7,,5,,5333,,45,,56,,125,,2083,,25,,375,,375,,4583,,2069,,3211,,3333,,4404,,4091,,5041
9,"acropolis_athens",,6,,6,,5,,5667,,65,,7,,0952,,2381,,4286,,5238,,5714,,5714,,1644,,3409,,4615,,5444,,6082,,6292
10,"agra_fort",,8,,8,,9,,8667,,875,,78,,16,,28,,52,,64,,72,,76,,2667,,4148,,6592,,7363,,79,,7699
11,"albert_memorial",,6,,6,,7,,8,,8,,76,,0909,,1818,,4091,,4545,,5,,5,,1579,,2791,,5164,,5797,,6154,,6032
12,"altes_museum",1,0,,8,,8,,8333,,875,,82,,1667,,25,,4583,,625,,625,,7917,,2857,,381,,5828,,7143,,7292,,8056
13,"amiens_cathedral",1,0,1,0,1,0,1,0,1,0,1,0,,2,,36,,52,,6,,6,,68,,3333,,5294,,6842,,75,,75,,8095
14,"angkor_wat",,4,,7,,6,,5667,,6,,66,,08,,24,,28,,4,,52,,56,,1333,,3574,,3818,,469,,5571,,6059
15,"ara_pacis",,6,,5,,5,,5333,,525,,54,,1364,,1818,,3182,,4091,,4091,,5,,2222,,2667,,3889,,463,,4599,,5192
16,"arc_de_triomphe",,4,,6,,45,,3667,,4,,4,,0417,,1667,,25,,3333,,4167,,4583,,0755,,2609,,3214,,3492,,4082,,4272
17,"aztec_ruins",,4,,4,,45,,6333,,475,,38,,08,,16,,28,,52,,52,,52,,1333,,2286,,3452,,5711,,4965,,4391
18,"berlin_cathedral",1,0,,9,,95,,9333,,925,,92,,2,,28,,52,,6,,68,,68,,3333,,4271,,6721,,7304,,7838,,782
19,"bok_tower_gardens",1,0,,9,,95,,9667,,975,,98,,16,,28,,52,,52,,56,,64,,2759,,4271,,6721,,6762,,7114,,7743
20,"brandenburg_gate",1,0,1,0,,95,,8667,,825,,82,,2,,36,,48,,64,,76,,84,,3333,,5294,,6378,,7363,,7912,,8299
21,"cabrillo",,2,,2,,15,,1333,,1,,08,,0769,,1538,,2308,,2308,,2308,,2308,,1111,,1739,,1818,,169,,1395,,1188
22,"casa_batllo",1,0,,9,,9,,9,,925,,92,,2,,36,,56,,68,,68,,72,,3333,,5143,,6904,,7747,,7838,,8078
23,"casa_rosada",,8,,8,,75,,8,,8,,74,,12,,24,,36,,52,,68,,68,,2087,,3692,,4865,,6303,,7351,,7087
24,"castillo_de_san_marcos",,6,,7,,75,,8333,,875,,86,,12,,24,,48,,6,,64,,68,,2,,3574,,5854,,6977,,7393,,7595
25,"chartres_cathedral",1,0,,9,,95,,9667,,975,,98,,16,,28,,56,,68,,8,,88,,2759,,4271,,7046,,7984,,8789,,9273
26,"chichen_itza",1,0,,9,,85,,8667,,9,,92,,2,,32,,36,,44,,48,,56,,3333,,4721,,5058,,5837,,6261,,6962
27,"christ_the_redeemer_rio",,2,,2,,3,,3,,475,,5,,0435,,0435,,1739,,2609,,3913,,4348,,0714,,0714,,2202,,2791,,4291,,4651
28,"civic_center_san_francisco",,2,,2,,25,,2,,25,,24,,04,,04,,12,,12,,2,,28,,0667,,0667,,1622,,15,,2222,,2585
29,"cologne_cathedral",1,0,1,0,1,0,,9333,,925,,94,,16,,24,,44,,52,,6,,72,,2759,,3871,,6111,,6679,,7279,,8154
30,"colosseum",,8,,6,,8,,8333,,875,,86,,12,,16,,4,,52,,64,,64,,2087,,2526,,5333,,6404,,7393,,7339
31,"doge_s_palace",1,0,,9,,75,,8,,775,,78,,16,,28,,32,,4,,44,,56,,2759,,4271,,4486,,5333,,5613,,6519
32,"eiffel_tower",1,0,1,0,1,0,1,0,1,0,,96,,16,,32,,52,,64,,68,,68,,2759,,4848,,6842,,7805,,8095,,7961
33,"golden_gate_bridge",1,0,,7,,8,,8667,,875,,88,,1739,,2174,,4348,,5217,,6522,,7391,,2963,,3318,,5634,,6514,,7473,,8034
34,"grand_palais",1,0,1,0,,95,,9,,9,,9,,2273,,3636,,4545,,4545,,5,,5,,3704,,5333,,6149,,604,,6429,,6429
35,"guggenheim_museum_bilbao",1,0,1,0,,95,,9667,,925,,88,,16,,36,,48,,6,,64,,68,,2759,,5294,,6378,,7404,,7565,,7672
36,"hagia_sophia_istanbul",1,0,1,0,1,0,,9333,,925,,92,,2,,32,,44,,48,,6,,6,,3333,,4848,,6111,,634,,7279,,7263
37,"hoover_dam",,6,,7,,7,,8,,825,,8,,12,,24,,36,,56,,68,,68,,2,,3574,,4755,,6588,,7455,,7351
38,"humayun_tomb",,8,,9,,75,,7,,75,,78,,16,,28,,4,,56,,64,,72,,2667,,4271,,5217,,6222,,6906,,7488
39,"iguazu_falls",,8,,6,,65,,7333,,8,,76,,16,,24,,36,,52,,6,,68,,2667,,3429,,4634,,6085,,6857,,7178
40,"iolani_palace",,8,,8,,85,,8,,775,,78,,12,,28,,52,,6,,68,,72,,2087,,4148,,6453,,6857,,7244,,7488
41,"la_mezquita",,4,,6,,6,,6333,,575,,6,,0833,,25,,375,,4167,,5,,5417,,1379,,3529,,4615,,5026,,5349,,5693
42,"la_rambla_barcelona",,6,,6,,65,,6667,,7,,62,,08,,2,,28,,44,,52,,56,,1412,,3,,3914,,5301,,5967,,5885
43,"la_sainte_chapelle",1,0,1,0,1,0,1,0,,975,,96,,2,,28,,6,,64,,72,,76,,3333,,4375,,75,,7805,,8283,,8484
44,"liberty_memorial",,2,,4,,4,,3667,,35,,32,,04,,12,,2,,24,,32,,36,,0667,,1846,,2667,,2901,,3343,,3388
45,"lincoln_home",,0,,2,,25,,1667,,15,,12,,0,,1111,,2222,,2222,,2778,,2778,,0,,1429,,2353,,1905,,1948,,1676
46,"machu_picchu",,8,,8,,85,,8333,,8,,78,,12,,24,,4,,52,,56,,56,,2087,,3692,,544,,6404,,6588,,6519
47,"marble_arch_london",,2,,1,,2,,1667,,225,,22,,0833,,0833,,3333,,4167,,4167,,5833,,1176,,0909,,25,,2381,,2922,,3195
48,"milan_cathedral",1,0,,7,,8,,8667,,9,,92,,2,,24,,48,,56,,72,,72,,3333,,3574,,6,,6804,,8,,8078
49,"mole_antonelliana",1,0,,9,,65,,5667,,65,,68,,12,,28,,36,,4,,56,,6,,2143,,4271,,4634,,469,,6017,,6375
50,"mont_saint_michel",1,0,,8,,9,,9,,85,,86,,16,,24,,4,,56,,64,,68,,2759,,3692,,5538,,6904,,7302,,7595
51,"moulin_rouge",,0,,0,,1,,0667,,05,,06,,0,,0,,25,,25,,25,,375,,0,,0,,1429,,1053,,0833,,1034
52,"nelson_s_column",,8,,9,,8,,7667,,725,,68,,1667,,3333,,5,,5417,,5833,,625,,2759,,4865,,6154,,6348,,6465,,6513
53,"notre_dame_de_paris",1,0,1,0,,85,,8667,,875,,88,,16,,36,,48,,56,,56,,64,,2759,,5294,,6135,,6804,,6829,,7411
54,"obelisco",,2,,2,,15,,1333,,175,,14,,0909,,1818,,2727,,3636,,4545,,4545,,125,,1905,,1935,,1951,,2527,,2141
55,"piccadilly_circus",,2,,3,,55,,5333,,5,,52,,0435,,1304,,4348,,5217,,5217,,6087,,0714,,1818,,4857,,5275,,5106,,5609
56,"place_de_la_concorde",1,0,,9,,95,,9667,,975,,96,,2,,32,,56,,6,,68,,68,,3333,,4721,,7046,,7404,,8012,,7961
57,"place_de_la_republique",,4,,4,,2,,1333,,175,,16,,25,,5,,5,,5,,75,,875,,3077,,4444,,2857,,2105,,2838,,2705
58,"place_des_vosges",1,0,,8,,75,,8333,,8,,8,,16,,24,,4,,6,,72,,8,,2759,,3692,,5217,,6977,,7579,,8
59,"pont_du_gard",,6,,5,,55,,5667,,675,,7,,12,,16,,32,,4,,52,,6,,2,,2424,,4046,,469,,5874,,6462
60,"pont_neuf",1,0,,8,,7,,7333,,675,,58,,2,,28,,48,,64,,68,,68,,3333,,4148,,5695,,6835,,6775,,626
61,"ponte_vecchio",,8,,6,,75,,7667,,8,,76,,0833,,125,,375,,4583,,5833,,625,,1509,,2069,,5,,5737,,6747,,6859
62,"puerta_de_alcala",,6,,5,,35,,3333,,375,,34,,1053,,2105,,3158,,3684,,5263,,5789,,1791,,2963,,332,,35,,438,,4284
63,"puerta_del_sol",,8,,5,,4,,4,,425,,42,,15,,2,,3,,4,,45,,5,,2526,,2857,,3429,,4,,4371,,4565
64,"red_fort",1,0,,9,,85,,8,,775,,82,,2,,28,,44,,56,,72,,84,,3333,,4271,,5798,,6588,,7465,,8299
65,"reims_cathedral",1,0,1,0,,95,,8667,,8,,82,,12,,24,,52,,64,,68,,68,,2143,,3871,,6721,,7363,,7351,,7435
66,"rialto_bridge",,0,,2,,3,,3,,225,,18,,0,,125,,1875,,3125,,3125,,3125,,0,,1538,,2308,,3061,,2616,,2284
67,"roman_forum_rome",1,0,,9,,9,,9,,925,,86,,2,,32,,52,,6,,76,,8,,3333,,4721,,6592,,72,,8344,,8289
68,"sacre_coeur",,4,,4,,5,,5333,,5,,46,,0833,,1667,,3333,,4167,,4583,,4583,,1379,,2353,,4,,4678,,4783,,4592
69,"sagrada_familia",1,0,,8,,9,,9333,,925,,92,,2,,32,,56,,68,,72,,76,,3333,,4571,,6904,,7868,,8097,,8324
70,"santa_maria_novella",,4,,4,,5,,6333,,65,,56,,04,,08,,28,,4,,56,,56,,0727,,1333,,359,,4903,,6017,,56
71,"schonbrunn_palace",,6,,8,,65,,6667,,675,,72,,12,,24,,32,,44,,52,,64,,2,,3692,,4289,,5301,,5874,,6776
72,"seville_cathedral",1,0,1,0,1,0,,9333,,95,,96,,16,,36,,6,,68,,68,,8,,2759,,5294,,75,,7868,,7926,,8727
73,"spanish_steps",,6,,8,,75,,7,,7,,66,,1364,,3636,,5,,5,,5909,,6364,,2222,,5,,6,,5833,,6408,,648
74,"st__basil_cathedral",1,0,,8,,8,,7333,,75,,8,,2,,28,,44,,48,,52,,6,,3333,,4148,,5677,,5802,,6142,,6857
75,"statue_of_liberty",,2,,5,,6,,6,,625,,7,,04,,12,,32,,44,,52,,6,,0667,,1935,,4174,,5077,,5677,,6462
76,"stonehenge",,4,,5,,6,,5667,,55,,6,,1053,,2632,,4211,,4737,,5263,,5789,,1667,,3448,,4948,,516,,5379,,5893
77,"summer_palace_beijing",1,0,1,0,,9,,7333,,75,,76,,16,,32,,56,,6,,64,,64,,2759,,4848,,6904,,66,,6906,,6949
78,"sydney_opera_house",,4,,6,,7,,6,,675,,7,,08,,24,,36,,4,,44,,52,,1333,,3429,,4755,,48,,5327,,5967
79,"teotihuacan",,8,,9,,95,,9,,875,,88,,12,,28,,48,,48,,56,,64,,2087,,4271,,6378,,6261,,6829,,7411
80,"terracotta_army",,2,,6,,6,,4667,,45,,56,,05,,3,,5,,5,,6,,65,,08,,4,,5455,,4828,,5143,,6017
81,"the_blue_mosque",,8,,8,,85,,8333,,8,,78,,16,,32,,36,,48,,6,,64,,2667,,4571,,5058,,6091,,6857,,7031
82,"the_henry_ford",1,0,,7,,55,,5333,,5,,48,,2,,28,,36,,4,,44,,48,,3333,,4,,4352,,4571,,4681,,48
83,"taj_mahal",1,0,,9,,85,,8333,,825,,86,,2,,36,,44,,52,,56,,6,,3333,,5143,,5798,,6404,,6671,,7068
84,"tour_montparnasse",,2,,5,,3,,4333,,375,,32,,05,,2,,25,,4,,45,,45,,08,,2857,,2727,,416,,4091,,374
85,"tower_bridge_london",,4,,5,,5,,4667,,475,,5,,04,,16,,2,,32,,4,,44,,0727,,2424,,2857,,3797,,4343,,4681
86,"trafalgar_square",,6,,4,,45,,5333,,425,,42,,1364,,1818,,2727,,4091,,4091,,4545,,2222,,25,,3396,,463,,4169,,4366
87,"leaning_tower_of_pisa",1,0,,6,,75,,7333,,75,,72,,16,,16,,4,,44,,48,,6,,2759,,2526,,5217,,55,,5854,,6545
88,"hermitage_museum_saint_petersburg",,6,,8,,85,,7667,,65,,58,,12,,2,,4,,52,,52,,56,,2,,32,,544,,6197,,5778,,5698
89,"jantar_mantar_jaipur",,8,,8,,6,,5667,,575,,64,,16,,28,,4,,48,,6,,68,,2667,,4148,,48,,5197,,5872,,6594
90,"lake_titicaca_peru",,6,,6,,55,,5,,525,,5,,125,,2083,,2917,,375,,4167,,5417,,2069,,3093,,3812,,4286,,4646,,52
91,"the_great_wall_of_china",,6,,7,,7,,7667,,775,,72,,12,,24,,36,,56,,6,,68,,2,,3574,,4755,,6472,,6764,,6994
92,"grande_arche_paris",,8,,8,,75,,7667,,75,,68,,12,,24,,44,,52,,52,,56,,2087,,3692,,5546,,6197,,6142,,6142
93,"el_angel_mexico",,2,,3,,35,,4,,425,,36,,0476,,1429,,2857,,381,,4286,,4286,,0769,,1935,,3146,,3902,,4268,,3913
94,"bibliotheque_nationale_de_france",1,0,,8,,8,,8,,8,,8,,12,,2,,32,,4,,48,,52,,2143,,32,,4571,,5333,,6,,6303
95,"kronborg_castle",1,0,,7,,75,,8,,825,,86,,2083,,2917,,4583,,5833,,625,,7083,,3448,,4118,,569,,6747,,7112,,7768
96,"ajanta_caves",1,0,1,0,1,0,,9333,,925,,86,,1818,,2727,,4545,,5,,5,,5455,,3077,,4286,,625,,6512,,6491,,6675
97,"atomium",1,0,1,0,,95,,9667,,975,,98,,1429,,381,,5238,,619,,6667,,7143,,25,,5517,,6753,,7548,,7919,,8263
98,"ellora_caves",1,0,1,0,,9,,9,,925,,94,,2273,,3182,,4091,,4545,,5909,,6818,,3704,,4828,,5625,,604,,7211,,7904
99,"potala_palace",,6,,7,,7,,7,,725,,72,,1667,,3333,,3333,,5556,,6111,,7222,,2609,,4516,,4516,,6195,,6632,,7211
100,"jokhang",,6,,6,,7,,6667,,675,,68,,12,,24,,4,,52,,72,,76,,2,,3429,,5091,,5843,,6968,,7178
101,"rila_monastery",1,0,1,0,,95,,9,,9,,9,,08,,2,,28,,32,,36,,44,,1481,,3333,,4325,,4721,,5143,,591
102,"louvre_pyramid",1,0,,9,,9,,9333,,95,,96,,1111,,2778,,4444,,5556,,6667,,6667,,2,,4245,,595,,6965,,7835,,7869
103,"brooklyn_bridge",,4,,7,,8,,8667,,9,,84,,0952,,2857,,4762,,6667,,6667,,6667,,1538,,4058,,597,,7536,,766,,7434
104,"tower_of_london",,6,,6,,7,,7,,7,,66,,1304,,2174,,4348,,4783,,5217,,6522,,2143,,3191,,5364,,5683,,5979,,6561
105,"british_museum_london",1,0,1,0,,85,,9,,925,,94,,15,,15,,35,,35,,4,,5,,2609,,2609,,4958,,504,,5585,,6528
106,"buckingham_palace",,4,,5,,5,,3333,,4,,4,,1,,25,,4,,4,,5,,55,,16,,3333,,4444,,3636,,4444,,4632
107,"charles_bridge_prague",,6,,5,,65,,5667,,575,,6,,0833,,1667,,2917,,375,,4167,,5,,1463,,25,,4027,,4513,,4832,,5455
108,"champs_elysees_paris",,2,,3,,25,,4,,45,,46,,0667,,2,,3333,,4667,,5333,,5333,,1,,24,,2857,,4308,,4881,,494
109,"chrysler_building",1,0,1,0,,9,,9,,925,,92,,1429,,3571,,5,,5714,,6429,,7857,,25,,5263,,6429,,699,,7585,,8476
110,"moma_new_york",,8,,8,,85,,8667,,9,,86,,1053,,2632,,3684,,5263,,5789,,6316,,186,,396,,514,,6549,,7046,,7283
111,"grand_central_terminal",1,0,1,0,,95,,9667,,975,,98,,1429,,1905,,2857,,4286,,4286,,4286,,25,,32,,4393,,5939,,5954,,5963
112,"houses_of_parliament",,4,,7,,8,,7,,675,,74,,087,,3043,,5217,,5652,,5652,,6087,,1429,,4242,,6316,,6254,,6152,,668
113,"alexanderplatz_berlin",,6,,6,,6,,6,,5,,54,,12,,24,,4,,48,,48,,52,,2,,3429,,48,,5333,,4898,,5298
114,"centre_pompidou",1,0,,7,,7,,7,,775,,76,,1667,,2222,,3889,,4444,,5556,,5556,,2857,,3373,,5,,5437,,6472,,6419
115,"sydney_harbour_bridge",,4,,7,,7,,7333,,775,,8,,125,,3125,,5,,625,,6875,,75,,1905,,4321,,5833,,6748,,7286,,7742
116,"pier_39",,8,,8,,85,,9,,925,,88,,0952,,1905,,2857,,4286,,5238,,5714,,1702,,3077,,4277,,5806,,6689,,6929
117,"coit_tower",,4,,5,,45,,4,,475,,56,,1333,,2,,4,,4667,,5333,,5333,,2,,2857,,4235,,4308,,5025,,5463
118,"st_paul_s_cathedral_london",,8,,7,,7,,7,,625,,62,,1176,,2941,,4118,,4706,,4706,,5882,,2051,,4142,,5185,,5628,,5369,,6037
119,"cloud_gate",,8,,6,,65,,6667,,625,,6,,3333,,4167,,5833,,6667,,75,,8333,,4706,,4918,,6149,,6667,,6818,,6977
120,"musee_d_orsay",1,0,1,0,,95,,9667,,95,,96,,1905,,3333,,4286,,5714,,5714,,619,,32,,5,,5907,,7183,,7136,,7527
121,"pike_place_market",,8,,6,,65,,6333,,7,,76,,0952,,1905,,4286,,4762,,619,,7143,,1702,,2892,,5166,,5436,,657,,7364
122,"royal_palace_madrid",,8,,7,,75,,6667,,725,,7,,1818,,3182,,4545,,5909,,7727,,7727,,2963,,4375,,566,,6265,,7481,,7346
123,"sony_center_berlin",1,0,1,0,,9,,8667,,825,,8,,1905,,3333,,4762,,5238,,5238,,5714,,32,,5,,6228,,653,,6408,,6667
124,"red_square_moscow",,8,,8,,75,,5667,,65,,64,,1429,,2381,,381,,4286,,5238,,6667,,2424,,367,,5053,,488,,5801,,6531
125,"prague_castle",,6,,7,,8,,8,,825,,86,,12,,24,,44,,56,,64,,76,,2,,3574,,5677,,6588,,7208,,8069
126,"musee_du_louvre",1,0,1,0,1,0,,9667,,95,,96,,2,,28,,44,,56,,72,,76,,3333,,4375,,6111,,7092,,8192,,8484
127,"millennium_bridge_london",1,0,1,0,,9,,7333,,75,,76,,16,,24,,44,,44,,6,,76,,2759,,3871,,591,,55,,6667,,76
128,"casa_mila",1,0,,9,,95,,9333,,95,,96,,16,,28,,44,,48,,56,,6,,2759,,4271,,6014,,634,,7046,,7385
129,"national_gallery_london",,6,,5,,4,,4,,425,,44,,1364,,2273,,3636,,5,,5909,,7727,,2222,,3125,,381,,4444,,4944,,5607
130,"national_mall",,4,,6,,65,,5333,,55,,64,,08,,24,,44,,48,,56,,6,,1333,,3429,,5248,,5053,,555,,6194
131,"london_city_hall",,6,,6,,6,,5667,,575,,5,,15,,3,,4,,55,,65,,65,,24,,4,,48,,5582,,6102,,5652
132,"holocaust_memorial",,6,,5,,35,,5333,,525,,58,,1875,,3125,,375,,5625,,625,,75,,2857,,3846,,3621,,5475,,5707,,6541
133,"columbus_circle",,8,,7,,55,,5,,475,,48,,16,,2,,24,,24,,28,,4,,2667,,3111,,3342,,3243,,3523,,4364
134,"siegessaeule",,6,,5,,7,,8,,85,,88,,08,,16,,32,,56,,68,,76,,1412,,2424,,4392,,6588,,7556,,8156
135,"jardin_du_luxembourg",1,0,,8,,9,,8667,,8,,8,,16,,24,,48,,64,,72,,76,,2759,,3692,,6261,,7363,,7579,,7795
136,"merlion_singapore",,2,,3,,3,,3,,425,,44,,0455,,0909,,2273,,3182,,4091,,5455,,0741,,1395,,2586,,3088,,4169,,4871
137,"harrods_london",,8,,7,,85,,8667,,9,,88,,12,,16,,32,,4,,4,,56,,2087,,2605,,465,,5474,,5538,,6844
138,"metropolitan_museum_of_art_new_york",,6,,8,,9,,9333,,95,,94,,12,,32,,56,,6,,72,,8,,2,,4571,,6904,,7304,,8192,,8644
139,"new_york_stock_exchange",,4,,4,,45,,4,,375,,4,,1,,2,,3,,35,,35,,35,,16,,2667,,36,,3733,,3621,,3733
140,"stephansdom_vienna",,8,,7,,55,,6333,,65,,72,,12,,2,,32,,48,,56,,64,,2087,,3111,,4046,,5461,,6017,,6776
141,"hms_belfast",,8,,9,,8,,8333,,825,,82,,12,,32,,52,,6,,64,,76,,2087,,4721,,6303,,6977,,7208,,7889
142,"leicester_square",,8,,6,,65,,6667,,675,,72,,12,,16,,28,,4,,4,,44,,2087,,2526,,3914,,5,,5023,,5462
143,"ciudad_de_las_artes_y_las_ciencias",1,0,,9,,95,,9667,,9,,92,,16,,24,,44,,52,,6,,68,,2759,,3789,,6014,,6762,,72,,782
144,"topkapi_palace",,8,,9,,95,,9333,,9,,9,,12,,28,,52,,52,,64,,68,,2087,,4271,,6721,,6679,,7481,,7747
145,"royal_albert_hall",,6,,6,,65,,6333,,6,,56,,08,,16,,28,,32,,4,,44,,1412,,2526,,3914,,4252,,48,,4928
146,"st_vitus_cathedral",1,0,1,0,1,0,,9667,,925,,92,,12,,24,,44,,52,,6,,64,,2143,,3871,,6111,,6762,,7279,,7549
147,"castello_sforzesco",1,0,1,0,,95,,9667,,975,,92,,16,,28,,44,,6,,64,,64,,2759,,4375,,6014,,7404,,7728,,7549
148,"rijksmuseum_amsterdam",,8,,9,,95,,9667,,975,,98,,08,,2,,36,,56,,68,,68,,1455,,3273,,5221,,7092,,8012,,8029
149,"dam_square",,8,,9,,75,,7,,7,,62,,16,,28,,4,,52,,52,,6,,2667,,4271,,5217,,5967,,5967,,6098
150,"rathaus_vienna",,4,,4,,4,,4333,,475,,44,,08,,16,,28,,36,,44,,44,,1333,,2286,,3294,,3933,,4568,,44
151,"bath_abbey",1,0,,9,,9,,9,,925,,88,,16,,24,,52,,72,,72,,72,,2759,,3789,,6592,,8,,8097,,792
152,"salisbury_cathedral",,8,,7,,75,,8333,,875,,88,,12,,2,,32,,36,,52,,6,,2087,,3111,,4486,,5028,,6523,,7135
153,"templo_de_debod",,4,,6,,5,,5667,,525,,46,,0909,,2727,,3636,,4545,,5,,5455,,1481,,375,,4211,,5045,,5122,,4991
154,"Niagara_Falls",,2,,4,,25,,4333,,5,,5,,0455,,1364,,1818,,3182,,4545,,5455,,0741,,2034,,2105,,3669,,4762,,5217
155,"Golden_Gate_Bridge_in_San_Francisco",,8,,9,,95,,9333,,925,,94,,1818,,3636,,5455,,6364,,7273,,8182,,2963,,518,,693,,7568,,8143,,8749
156,"Neuschwanstein_Castle",,8,,7,,7,,8,,85,,88,,16,,24,,4,,6,,68,,76,,2667,,3574,,5091,,6857,,7556,,8156
157,"Christ_Church_Cathedral_Missouri",1,0,1,0,,85,,8,,825,,84,,2,,28,,44,,52,,56,,64,,3333,,4375,,5798,,6303,,6671,,7265
158,"Mount_Rushmore_in_South_Dakota",1,0,,8,,8,,8667,,875,,84,,2,,28,,48,,52,,56,,6,,3333,,4148,,6,,65,,6829,,7
159,"Puerta_de_Toledo",,0,,0,,0,,1,,1,,08,,0,,0,,0,1,0,1,0,1,0,,0,,0,,0,,1818,,1818,,1481
160,"Urquhart_Castle",,8,,9,,9,,8,,775,,82,,1667,,375,,4583,,625,,7083,,7917,,2759,,5294,,6074,,7018,,7402,,8056
161,"Gare_du_Nord_Paris",,6,,7,,65,,5,,525,,44,,12,,28,,36,,36,,48,,48,,2,,4,,4634,,4186,,5015,,4591
162,"Newgrange_in_Ireland",,6,,6,,55,,6,,6,,66,,125,,25,,4167,,5417,,6667,,7083,,2069,,3529,,4741,,5693,,6316,,6833
163,"Windmills_at_Kinderdijk",,8,,9,,95,,9333,,9,,92,,16,,32,,44,,56,,56,,64,,2667,,4721,,6014,,7,,6904,,7549
164,"Conciergerie",1,0,1,0,,95,,9667,,975,,96,,16,,28,,44,,6,,64,,68,,2759,,4375,,6014,,7404,,7728,,7961
165,"Palazzo_Madama",,6,,5,,5,,4,,525,,48,,1364,,1364,,2273,,3182,,5,,5455,,2222,,2143,,3125,,3544,,5122,,5106
166,"Split_Rock_Lighthouse",,8,,8,,7,,6667,,575,,56,,12,,28,,4,,44,,44,,44,,2087,,4148,,5091,,5301,,4985,,4928
167,"The_Little_Mermaid_Denmark",,2,,1,,1,,0667,,075,,06,,0714,,0714,,1429,,1429,,2143,,2143,,1053,,0833,,1176,,0909,,1111,,0938
168,"Great_Pyramid_of_Giza",,6,,5,,55,,6667,,675,,7,,2,,2667,,4,,4667,,6,,6,,3,,3478,,4632,,549,,6353,,6462
169,"Pitti_Palace",,8,,9,,75,,7,,575,,54,,0909,,1818,,3182,,4545,,4545,,4545,,1633,,3025,,4468,,5512,,5077,,4936
170,"Georgia_State_Capitol",,2,,3,,2,,1333,,125,,12,,0526,,1579,,2105,,2105,,2105,,2632,,0833,,2069,,2051,,1633,,1569,,1648
171,"Dome_des_Invalides",1,0,1,0,1,0,1,0,,975,,92,,16,,28,,44,,6,,64,,76,,2759,,4375,,6111,,75,,7728,,8324
172,"Reggia_di_Caserta",,6,,6,,7,,7,,675,,7,,08,,2,,36,,44,,56,,64,,1412,,3,,4755,,5404,,6121,,6687
173,"The_Burj_al_Arab_Hotel",,6,,8,,75,,8,,7,,6,,12,,28,,44,,6,,6,,6,,2,,4148,,5546,,6857,,6462,,6
174,"Elephanta_Caves",1,0,,7,,8,,8667,,9,,92,,2083,,2917,,4167,,5,,5833,,7083,,3448,,4118,,5479,,6341,,7079,,8004
175,"Basilica_of_Santa_Croce",,8,,8,,9,,9333,,95,,96,,16,,32,,52,,52,,64,,68,,2667,,4571,,6592,,6679,,7648,,7961
176,"Aachen_Cathedral",,4,,6,,75,,6667,,725,,78,,08,,2,,48,,48,,64,,72,,1333,,3,,5854,,5581,,6799,,7488
177,"Monument_to_the_Great_Fire_of_London",,8,,6,,5,,4,,475,,52,,16,,2,,32,,36,,56,,6,,2667,,3,,3902,,3789,,514,,5571
178,"Longmen_Grottoes",,0,,3,,4,,4667,,45,,48,,0,,12,,32,,48,,52,,72,,0,,1714,,3556,,4732,,4825,,576
179,"Louisiana_State_Capitol",,4,,3,,45,,5,,5,,52,,08,,12,,36,,44,,52,,6,,1333,,1714,,4,,4681,,5098,,5571
180,"The_Great_Sphinx_at_Giza",,8,,7,,7,,6333,,5,,46,,08,,2,,32,,44,,48,,56,,1455,,3111,,4392,,5193,,4898,,5051
181,"Teatro_Real_Madrid",,4,,4,,5,,5,,55,,46,,087,,1739,,2609,,3478,,4783,,5217,,1429,,2424,,3429,,4103,,5116,,4889
182,"Palacio_de_la_Magdalena",,4,,7,,75,,7,,7,,64,,08,,24,,52,,6,,72,,76,,1333,,3574,,6142,,6462,,7099,,6949
183,"Sowjetisches_Ehrenmal",,4,,5,,6,,5,,5,,54,,08,,2,,32,,4,,52,,64,,1333,,2857,,4174,,4444,,5098,,5858
184,"Cathedral_of_Trier",,8,,7,,65,,6333,,675,,7,,12,,24,,36,,4,,48,,64,,2087,,3574,,4634,,4903,,561,,6687
185,"Saint_Mary_of_the_Flower",,4,,4,,25,,3,,275,,24,,08,,12,,12,,2,,28,,28,,1333,,1846,,1622,,24,,2775,,2585
186,"Skellig_Michael",1,0,,9,,85,,8,,85,,82,,2,,32,,44,,56,,64,,68,,3333,,4721,,5798,,6588,,7302,,7435
187,"Chicago_Board_of_Trade_Building",,2,,3,,35,,3,,225,,28,,0455,,1364,,2727,,3182,,3182,,3636,,0741,,1875,,3066,,3088,,2636,,3164
188,"Pont_de_Normandie_France",1,0,,7,,6,,5,,5,,54,,2105,,2105,,3684,,3684,,3684,,3684,,3478,,3237,,4565,,4242,,4242,,438
189,"Palazzo_Rosso",,0,,0,,05,,0333,,05,,06,,0,,0,,0417,,0417,,0833,,125,,0,,0,,0455,,037,,0625,,0811
190,"Piazza_Vittorio_Veneto",,4,,3,,45,,4667,,55,,52,,125,,1875,,3125,,625,,75,,8125,,1905,,2308,,3689,,5344,,6346,,6341
191,"Sforza_Castle",,8,,7,,85,,9,,925,,94,,16,,24,,4,,44,,52,,52,,2667,,3574,,544,,591,,6657,,6696
192,"Torres_KIO",1,0,,8,,85,,8667,,9,,84,,16,,28,,4,,56,,64,,68,,2759,,4148,,544,,6804,,7481,,7516
193,"Torre_Picasso",1,0,,6,,7,,7333,,775,,76,,125,,1667,,2917,,3333,,4583,,5,,2222,,2609,,4118,,4583,,576,,6032
194,"The_Palace_of_Parliament_in_Bucharest",,6,,6,,8,,8667,,875,,86,,12,,24,,32,,44,,64,,76,,2,,3429,,4571,,5837,,7393,,8069
195,"Ernest_Hemingway_House",,4,,7,,75,,7,,625,,62,,08,,16,,4,,56,,6,,64,,1333,,2605,,5217,,6222,,6122,,6298
196,"Castel_dellOvo_Napoli",,6,,6,,7,,7333,,725,,72,,12,,2,,36,,52,,6,,72,,2,,3,,4755,,6085,,6566,,72
197,"Villa_Borghese_gardens",,6,,8,,8,,8,,85,,84,,12,,24,,4,,48,,64,,68,,2,,3692,,5333,,6,,7302,,7516
198,"Saint_Marks_Basilica",,8,,9,,9,,9333,,95,,92,,12,,28,,52,,56,,64,,68,,2087,,4271,,6592,,7,,7648,,782
199,"Mausoleum_of_the_First_Qin_Emperor",,8,,9,,95,,9333,,825,,86,,16,,32,,56,,68,,72,,72,,2667,,4721,,7046,,7868,,7689,,7838
200,"Mausoleum_of_Hadrian",,4,,6,,6,,5333,,6,,54,,1111,,2778,,4444,,5556,,6111,,7222,,1739,,3797,,5106,,5442,,6055,,618
201,"Piazza_de_Ferrari",,8,,9,,8,,8333,,85,,86,,2105,,3158,,3684,,5263,,6316,,6842,,3333,,4675,,5045,,6452,,7247,,7621
202,"George_Washington_Carver",,4,,4,,45,,5,,6,,6,,125,,25,,375,,4375,,4375,,5625,,1905,,3077,,4091,,4667,,506,,5806
203,"Cathedral_of_Santiago_de_Compostela",1,0,,8,,7,,6667,,65,,7,,2353,,3529,,4706,,5294,,6471,,7647,,381,,4898,,5628,,5902,,6485,,7309
204,"Saint-Jacques_Tower",,6,,7,,7,,7,,675,,64,,2308,,3846,,4615,,6154,,6154,,7692,,3333,,4965,,5563,,655,,6438,,6987
205,"Calakmul_Campeche_Mexico",,2,,4,,35,,3,,225,,2,,0714,,2857,,2857,,2857,,2857,,2857,,1053,,3333,,3146,,2927,,2517,,2353
206,"Bran_Castle_in_Transylvania",,8,,8,,85,,8667,,9,,86,,2105,,3158,,4737,,5789,,5789,,5789,,3333,,4528,,6083,,6942,,7046,,692
207,"Mosteiro_da_Batalha",1,0,1,0,1,0,1,0,1,0,1,0,,2105,,3158,,4737,,5789,,6842,,6842,,3478,,48,,6429,,7333,,8125,,8125
208,"Wartburg_Castle",,8,,9,,9,,8667,,8,,84,,15,,4,,55,,55,,65,,65,,2526,,5538,,6828,,6729,,7172,,7329
209,"Fujian_Tulou_Fujian_China",,6,,8,,9,,9,,825,,82,,1667,,3889,,5,,6111,,6667,,7778,,2609,,5234,,6429,,7279,,7374,,7983
210,"Alabama_State_Capitol",,2,,5,,5,,5,,5,,46,,0476,,2381,,4286,,5714,,619,,619,,0769,,3226,,4615,,5333,,5532,,5278
211,"Palazzo_dAccursio",,6,,6,,6,,6,,6,,5,,1667,,2778,,3333,,3333,,3333,,3889,,2609,,3797,,4286,,4286,,4286,,4375
212,"Casa_Grande_Ruins",,8,,7,,85,,8667,,7,,72,,1176,,1765,,4118,,5294,,5882,,6471,,2051,,2819,,5548,,6573,,6393,,6816
213,"Stravinsky_Fountain",1,0,,8,,8,,8667,,875,,8,,3333,,4667,,6,,6667,,6667,,6667,,5,,5895,,6857,,7536,,7568,,7273
214,"Angel_Falls_Venezuela",,4,,5,,45,,5667,,475,,42,,1176,,2353,,3529,,5882,,6471,,6471,,1818,,32,,3956,,5772,,5478,,5094
215,"Statue_of_George_IV",,0,,0,,05,,0667,,125,,1,,0,,0,,125,,125,,25,,25,,0,,0,,0714,,087,,1667,,1429
216,"Palacio_Barolo",,6,,8,,8,,8333,,875,,9,,1176,,2353,,5882,,6471,,8235,,8235,,1967,,3636,,678,,7285,,8485,,8601
217,"Bridge_of_Remembrance_Christchurch_New_Zealand",,2,,1,,05,,0333,,025,,02,,0833,,0833,,0833,,0833,,0833,,0833,,1176,,0909,,0625,,0476,,0385,,0323
218,"John_A._Roebling_Suspension_Bridge",,6,,7,,45,,4,,4,,4,,2,,3333,,4,,4,,5333,,6667,,3,,4516,,4235,,4,,4571,,5
219,"Blue_Dome_Santorini",,8,,5,,45,,5,,625,,64,,25,,3125,,4375,,5625,,625,,6875,,381,,3846,,4437,,5294,,625,,6629
220,"Fossar_de_les_Moreres",,8,,6,,65,,7333,,65,,64,,2143,,3571,,5,,7143,,7857,,7857,,338,,4478,,5652,,7237,,7114,,7054
221,"Luxor_Obelisk_France",,6,,7,,65,,7333,,75,,76,,1875,,25,,375,,4375,,5,,5,,2857,,3684,,4756,,548,,6,,6032
222,"Valle_de_los_Caidos",1,0,1,0,,9,,8667,,875,,88,,2,,25,,4,,5,,55,,75,,3333,,4,,5538,,6341,,6754,,8098
--------------------
"--","Avg.",P@5,P@10,P@20,P@30,P@40,P@50,CR@5,CR@10,CR@20,CR@30,CR@40,CR@50,F1@5,F1@10,F1@20,F1@30,F1@40,F1@50
,,,691,,6869,,6878,,6854,,6881,,6816,,1328,,2436,,3934,,4896,,5596,,6143,,2202,,3545,,4928,,5596,,6048,,6323