--------------------
"Run name","output_runCN3X3DunnIndex"
--------------------
"Average P@20 = ",,7698
"Average CR@20 = ",,4369
"Average F1@20 = ",,5465
--------------------
"Query Id ","Location name",P@5,P@10,P@20,P@30,P@40,P@50,CR@5,CR@10,CR@20,CR@30,CR@40,CR@50,F1@5,F1@10,F1@20,F1@30,F1@40,F1@50
1,"angel_of_the_north",1,0,1,0,1,0,1,0,,975,,96,,2,,36,,52,,56,,6,,68,,3333,,5294,,6842,,7179,,7429,,7961
2,"big_ben",1,0,,9,,8,,8333,,8,,82,,1818,,3182,,3636,,5,,5,,6364,,3077,,4701,,5,,625,,6154,,7166
3,"hearst_castle",1,0,,9,,9,,8667,,875,,88,,2083,,375,,5417,,7083,,75,,7917,,3448,,5294,,6763,,7795,,8077,,8335
4,"la_madeleine",,2,,6,,35,,3667,,325,,32,,0714,,2857,,2857,,3571,,4286,,5714,,1053,,3871,,3146,,3618,,3697,,4103
5,"pont_alexandre_iii",1,0,,9,,95,,9667,,95,,96,,12,,28,,44,,56,,64,,64,,2143,,4271,,6014,,7092,,7648,,768
6,"neues_museum",,2,,4,,55,,5333,,575,,62,,04,,12,,32,,4,,52,,64,,0667,,1846,,4046,,4571,,5461,,6298
7,"montezuma_castle",,6,,5,,55,,5333,,575,,58,,25,,4167,,5,,5833,,75,,75,,3529,,4545,,5238,,5572,,6509,,6541
8,"cn_tower",,2,,5,,7,,7667,,775,,74,,0417,,1667,,2917,,4583,,5833,,5833,,069,,25,,4118,,5737,,6656,,6524
9,"acropolis_athens",1,0,,9,,75,,8,,8,,8,,1905,,2857,,381,,4286,,5238,,5714,,32,,4337,,5053,,5581,,6331,,6667
10,"agra_fort",1,0,1,0,,95,,9,,9,,88,,16,,32,,44,,56,,68,,72,,2759,,4848,,6014,,6904,,7747,,792
11,"albert_memorial",,6,,7,,65,,7,,7,,72,,1364,,2727,,3636,,3636,,3636,,5455,,2222,,3925,,4664,,4786,,4786,,6207
12,"altes_museum",,6,,8,,8,,7667,,75,,72,,125,,25,,4167,,5833,,625,,7083,,2069,,381,,5479,,6626,,6818,,7141
13,"amiens_cathedral",1,0,1,0,,9,,9333,,95,,94,,2,,28,,56,,72,,84,,84,,3333,,4375,,6904,,8129,,8916,,8872
14,"angkor_wat",,8,,8,,8,,8333,,825,,84,,16,,28,,44,,56,,68,,72,,2667,,4148,,5677,,6699,,7455,,7754
15,"ara_pacis",,8,,9,,6,,6667,,675,,72,,1818,,3636,,4091,,5,,5909,,7727,,2963,,518,,4865,,5714,,6302,,7454
16,"arc_de_triomphe",,6,,6,,65,,6667,,675,,62,,125,,2083,,375,,4583,,5833,,625,,2069,,3093,,4756,,5432,,6258,,6225
17,"aztec_ruins",,0,,1,,15,,1667,,2,,26,,0,,04,,08,,16,,24,,4,,0,,0571,,1043,,1633,,2182,,3152
18,"berlin_cathedral",1,0,1,0,,95,,9333,,95,,94,,16,,28,,56,,64,,72,,76,,2759,,4375,,7046,,7593,,8192,,8405
19,"bok_tower_gardens",1,0,,9,,9,,9,,9,,9,,16,,28,,52,,68,,76,,76,,2759,,4271,,6592,,7747,,8241,,8241
20,"brandenburg_gate",1,0,,9,,9,,9,,925,,92,,16,,28,,52,,64,,64,,72,,2759,,4271,,6592,,7481,,7565,,8078
21,"cabrillo",,0,,2,,1,,1333,,125,,12,,0,,1538,,1538,,3077,,3846,,3846,,0,,1739,,1212,,186,,1887,,1829
22,"casa_batllo",1,0,1,0,,95,,9667,,975,,94,,2,,36,,52,,64,,72,,8,,3333,,5294,,6721,,7701,,8283,,8644
23,"casa_rosada",,8,,8,,9,,9333,,9,,9,,12,,2,,52,,6,,68,,68,,2087,,32,,6592,,7304,,7747,,7747
24,"castillo_de_san_marcos",,8,,6,,75,,7,,7,,72,,16,,24,,44,,48,,56,,68,,2667,,3429,,5546,,5695,,6222,,6994
25,"chartres_cathedral",,8,,9,,95,,8667,,9,,9,,16,,24,,48,,56,,64,,68,,2667,,3789,,6378,,6804,,7481,,7747
26,"chichen_itza",,8,,9,,9,,8667,,8,,84,,12,,24,,44,,52,,6,,72,,2087,,3789,,591,,65,,6857,,7754
27,"christ_the_redeemer_rio",,8,,6,,6,,5667,,6,,58,,1304,,2174,,3478,,5217,,6087,,6087,,2243,,3191,,4404,,5433,,6043,,594
28,"civic_center_san_francisco",,6,,6,,65,,6333,,625,,62,,12,,2,,4,,52,,56,,64,,2,,3,,4952,,5711,,5907,,6298
29,"cologne_cathedral",1,0,1,0,,95,,9667,,975,,96,,2,,24,,36,,48,,6,,72,,3333,,3871,,5221,,6415,,7429,,8229
30,"colosseum",1,0,1,0,1,0,,9333,,925,,9,,16,,28,,44,,48,,6,,68,,2759,,4375,,6111,,634,,7279,,7747
31,"doge_s_palace",1,0,,9,,85,,8667,,85,,84,,12,,24,,32,,4,,4,,44,,2143,,3789,,465,,5474,,544,,5775
32,"eiffel_tower",,8,,9,,95,,9667,,95,,96,,16,,24,,44,,52,,52,,6,,2667,,3789,,6014,,6762,,6721,,7385
33,"golden_gate_bridge",,8,,8,,9,,8667,,825,,82,,1304,,2174,,3913,,5217,,6522,,6522,,2243,,3419,,5455,,6514,,7285,,7265
34,"grand_palais",1,0,1,0,,85,,9,,9,,92,,2273,,3182,,4091,,4091,,5455,,5909,,3704,,4828,,5523,,5625,,6792,,7196
35,"guggenheim_museum_bilbao",1,0,1,0,,95,,9333,,95,,96,,16,,2,,4,,52,,6,,64,,2759,,3333,,563,,6679,,7355,,768
36,"hagia_sophia_istanbul",,8,,9,,95,,9667,,95,,94,,16,,2,,48,,6,,68,,72,,2667,,3273,,6378,,7404,,7926,,8154
37,"hoover_dam",1,0,1,0,,9,,9,,875,,9,,2,,32,,52,,56,,6,,64,,3333,,4848,,6592,,6904,,7119,,7481
38,"humayun_tomb",,8,,8,,7,,7667,,75,,74,,12,,24,,4,,48,,56,,64,,2087,,3692,,5091,,5904,,6412,,6864
39,"iguazu_falls",,6,,7,,75,,7667,,75,,76,,12,,24,,4,,4,,44,,6,,2,,3574,,5217,,5257,,5546,,6706
40,"iolani_palace",,6,,8,,75,,7667,,7,,7,,12,,32,,48,,56,,68,,72,,2,,4571,,5854,,6472,,6899,,7099
41,"la_mezquita",,8,,7,,6,,6333,,575,,52,,1667,,25,,3333,,4167,,4583,,5,,2759,,3684,,4286,,5026,,5101,,5098
42,"la_rambla_barcelona",1,0,,7,,75,,8,,8,,84,,12,,16,,36,,48,,52,,56,,2143,,2605,,4865,,6,,6303,,672
43,"la_sainte_chapelle",1,0,1,0,1,0,,9667,,95,,94,,16,,32,,52,,64,,68,,72,,2759,,4848,,6842,,7701,,7926,,8154
44,"liberty_memorial",,6,,7,,8,,7333,,725,,7,,12,,28,,44,,52,,56,,6,,2,,4,,5677,,6085,,6319,,6462
45,"lincoln_home",,8,,8,,75,,7667,,75,,76,,2222,,3333,,6111,,6667,,8333,,8333,,3478,,4706,,6735,,7132,,7895,,795
46,"machu_picchu",,6,,7,,7,,7667,,75,,74,,12,,24,,4,,56,,64,,68,,2,,3574,,5091,,6472,,6906,,7087
47,"marble_arch_london",,8,,6,,35,,3,,3,,28,,3333,,5,,5833,,6667,,6667,,6667,,4706,,5455,,4375,,4138,,4138,,3944
48,"milan_cathedral",1,0,1,0,1,0,,9667,,925,,9,,2,,32,,44,,52,,6,,68,,3333,,4848,,6111,,6762,,7279,,7747
49,"mole_antonelliana",1,0,1,0,,8,,8667,,85,,8,,16,,28,,44,,48,,52,,6,,2759,,4375,,5677,,6178,,6453,,6857
50,"mont_saint_michel",1,0,1,0,1,0,,9667,,95,,96,,12,,24,,48,,56,,68,,72,,2143,,3871,,6486,,7092,,7926,,8229
51,"moulin_rouge",,2,,1,,15,,1333,,15,,14,,125,,125,,375,,5,,5,,5,,1538,,1111,,2143,,2105,,2308,,2188
52,"nelson_s_column",,8,,9,,95,,9667,,95,,92,,1667,,2917,,4167,,5833,,625,,7083,,2759,,4406,,5793,,7276,,754,,8004
53,"notre_dame_de_paris",,8,,9,,85,,8333,,875,,88,,16,,2,,4,,48,,56,,68,,2667,,3273,,544,,6091,,6829,,7672
54,"obelisco",,0,,0,,05,,1,,075,,1,,0,,0,,0909,,2727,,2727,,3636,,0,,0,,0645,,1463,,1176,,1569
55,"piccadilly_circus",1,0,1,0,,9,,8333,,775,,74,,2174,,3478,,5217,,5652,,6522,,7391,,3571,,5161,,6606,,6736,,7083,,7396
56,"place_de_la_concorde",1,0,1,0,1,0,1,0,,95,,96,,2,,28,,48,,6,,6,,68,,3333,,4375,,6486,,75,,7355,,7961
57,"place_de_la_republique",,4,,2,,2,,1333,,15,,12,,25,,25,,375,,375,,5,,5,,3077,,2222,,2609,,1967,,2308,,1935
58,"place_des_vosges",,6,,7,,65,,6667,,675,,7,,12,,2,,36,,48,,6,,68,,2,,3111,,4634,,5581,,6353,,6899
59,"pont_du_gard",,8,,7,,75,,7667,,775,,76,,16,,2,,4,,52,,56,,64,,2667,,3111,,5217,,6197,,6502,,6949
60,"pont_neuf",1,0,,9,,9,,8,,8,,74,,16,,28,,48,,6,,6,,72,,2759,,4271,,6261,,6857,,6857,,7299
61,"ponte_vecchio",1,0,,9,,75,,8,,7,,74,,1667,,25,,4167,,5,,5417,,625,,2857,,3913,,5357,,6154,,6107,,6777
62,"puerta_de_alcala",,6,,6,,45,,4667,,5,,56,,1579,,3158,,3158,,4211,,6316,,7368,,25,,4138,,3711,,4427,,5581,,6364
63,"puerta_del_sol",,4,,3,,4,,3667,,375,,42,,1,,15,,3,,35,,35,,6,,16,,2,,3429,,3581,,3621,,4941
64,"red_fort",1,0,1,0,1,0,1,0,1,0,1,0,,2,,32,,48,,52,,64,,68,,3333,,4848,,6486,,6842,,7805,,8095
65,"reims_cathedral",1,0,1,0,,95,,9333,,9,,9,,2,,36,,44,,44,,56,,56,,3333,,5294,,6014,,5981,,6904,,6904
66,"rialto_bridge",1,0,,9,,8,,6333,,625,,58,,25,,4375,,5625,,6875,,75,,8125,,4,,5888,,6606,,6593,,6818,,6768
67,"roman_forum_rome",,6,,7,,6,,6667,,7,,7,,12,,28,,4,,52,,64,,72,,2,,4,,48,,5843,,6687,,7099
68,"sacre_coeur",,4,,7,,6,,5667,,575,,54,,0833,,2917,,4167,,5,,5417,,5833,,1379,,4118,,4918,,5312,,5578,,5608
69,"sagrada_familia",1,0,1,0,1,0,,9333,,95,,94,,16,,28,,48,,52,,56,,56,,2759,,4375,,6486,,6679,,7046,,7019
70,"santa_maria_novella",,8,,7,,7,,6,,575,,54,,12,,2,,32,,4,,48,,48,,2087,,3111,,4392,,48,,5232,,5082
71,"schonbrunn_palace",1,0,1,0,,95,,9667,,95,,96,,2,,28,,4,,52,,6,,68,,3333,,4375,,563,,6762,,7355,,7961
72,"seville_cathedral",,8,,8,,85,,9,,9,,92,,16,,28,,48,,52,,6,,72,,2667,,4148,,6135,,6592,,72,,8078
73,"spanish_steps",,8,,8,,7,,6667,,65,,64,,1364,,2273,,4091,,5455,,6818,,7727,,233,,354,,5164,,6,,6655,,7001
74,"st__basil_cathedral",1,0,,9,,8,,8667,,875,,86,,2,,32,,48,,52,,6,,64,,3333,,4721,,6,,65,,7119,,7339
75,"statue_of_liberty",1,0,,9,,8,,8667,,825,,82,,16,,24,,4,,44,,56,,64,,2759,,3789,,5333,,5837,,6671,,7189
76,"stonehenge",,6,,6,,5,,4333,,45,,48,,1579,,2632,,3684,,4211,,4737,,5789,,25,,3659,,4242,,4271,,4615,,5249
77,"summer_palace_beijing",1,0,1,0,,9,,9333,,9,,9,,2,,28,,32,,48,,56,,56,,3333,,4375,,4721,,634,,6904,,6904
78,"sydney_opera_house",1,0,1,0,,95,,8333,,85,,86,,12,,32,,44,,52,,56,,6,,2143,,4848,,6014,,6404,,6752,,7068
79,"teotihuacan",,6,,5,,45,,5333,,575,,58,,12,,2,,28,,4,,48,,52,,2,,2857,,3452,,4571,,5232,,5484
80,"terracotta_army",,6,,6,,6,,6333,,625,,64,,15,,3,,4,,6,,65,,7,,24,,4,,48,,6162,,6373,,6687
81,"the_blue_mosque",,4,,7,,85,,8333,,875,,9,,08,,28,,44,,48,,56,,68,,1333,,4,,5798,,6091,,6829,,7747
82,"the_henry_ford",1,0,1,0,,8,,7333,,725,,68,,12,,28,,4,,44,,56,,64,,2143,,4375,,5333,,55,,6319,,6594
83,"taj_mahal",1,0,1,0,,95,,9333,,95,,94,,2,,28,,44,,48,,56,,6,,3333,,4375,,6014,,634,,7046,,7325
84,"tour_montparnasse",,4,,5,,5,,5333,,475,,42,,1,,2,,35,,45,,5,,55,,16,,2857,,4118,,4881,,4872,,4763
85,"tower_bridge_london",,4,,5,,55,,5667,,575,,58,,08,,2,,4,,56,,56,,64,,1333,,2857,,4632,,5633,,5674,,6085
86,"trafalgar_square",,4,,5,,6,,6,,6,,58,,0909,,2273,,2727,,4091,,4545,,4545,,1481,,3125,,375,,4865,,5172,,5097
87,"leaning_tower_of_pisa",,4,,7,,7,,6,,6,,6,,08,,2,,36,,44,,52,,56,,1333,,3111,,4755,,5077,,5571,,5793
88,"hermitage_museum_saint_petersburg",,8,,9,,85,,7667,,8,,82,,12,,32,,48,,48,,56,,56,,2087,,4721,,6135,,5904,,6588,,6655
89,"jantar_mantar_jaipur",1,0,,9,,8,,8333,,8,,78,,16,,28,,48,,56,,64,,72,,2759,,4271,,6,,6699,,7111,,7488
90,"lake_titicaca_peru",,4,,5,,6,,5333,,575,,6,,0833,,2083,,4583,,4583,,5417,,625,,1379,,2941,,5197,,493,,5578,,6122
91,"the_great_wall_of_china",,8,,9,,9,,8,,825,,8,,12,,2,,32,,4,,52,,56,,2087,,3273,,4721,,5333,,6379,,6588
92,"grande_arche_paris",,8,,5,,7,,7667,,75,,74,,12,,16,,36,,52,,56,,6,,2087,,2424,,4755,,6197,,6412,,6627
93,"el_angel_mexico",,8,,8,,8,,7,,625,,6,,1429,,2857,,5714,,5714,,619,,6667,,2424,,4211,,6667,,6292,,622,,6316
94,"bibliotheque_nationale_de_france",,6,,7,,85,,8,,75,,78,,12,,28,,44,,48,,56,,6,,2,,4,,5798,,6,,6412,,6783
95,"kronborg_castle",,8,,5,,65,,6667,,725,,72,,125,,125,,3333,,4167,,5417,,5833,,2162,,2,,4407,,5128,,6201,,6445
96,"ajanta_caves",,8,,8,,9,,9,,9,,88,,1818,,2273,,4545,,6364,,7273,,7273,,2963,,354,,604,,7456,,8045,,7964
97,"atomium",1,0,1,0,,95,,9333,,9,,92,,2381,,3333,,381,,4762,,5238,,619,,3846,,5,,5438,,6306,,6622,,7401
98,"ellora_caves",1,0,1,0,1,0,,9333,,95,,94,,2273,,2727,,3636,,4091,,4091,,5,,3704,,4286,,5333,,5688,,5719,,6528
99,"potala_palace",1,0,,9,,75,,8,,825,,82,,1667,,3333,,5,,6111,,7778,,7778,,2857,,4865,,6,,6929,,8007,,7983
100,"jokhang",,8,,9,,75,,7667,,725,,74,,16,,28,,44,,56,,56,,6,,2667,,4271,,5546,,6472,,6319,,6627
101,"rila_monastery",,8,,8,,7,,7667,,825,,86,,12,,2,,24,,36,,48,,52,,2087,,32,,3574,,4899,,6069,,6481
102,"louvre_pyramid",1,0,1,0,,95,,9333,,875,,9,,1667,,3333,,3889,,5556,,5556,,6667,,2857,,5,,5519,,6965,,6796,,766
103,"brooklyn_bridge",1,0,1,0,,9,,9333,,95,,94,,2381,,3333,,381,,4762,,5714,,6667,,3846,,5,,5353,,6306,,7136,,7801
104,"tower_of_london",,8,,8,,8,,8,,75,,72,,087,,1304,,3043,,4783,,5652,,6087,,1569,,2243,,4409,,5986,,6446,,6597
105,"british_museum_london",1,0,1,0,1,0,,9667,,975,,94,,2,,35,,45,,45,,5,,5,,3333,,5185,,6207,,6141,,661,,6528
106,"buckingham_palace",,4,,3,,4,,4,,4,,42,,1,,15,,3,,3,,35,,4,,16,,2,,3429,,3429,,3733,,4098
107,"charles_bridge_prague",,8,,9,,8,,7333,,7,,66,,125,,3333,,375,,375,,4583,,5,,2162,,4865,,5106,,4962,,554,,569
108,"champs_elysees_paris",,6,,7,,55,,6,,6,,56,,1333,,4,,4,,4667,,6,,6,,2182,,5091,,4632,,525,,6,,5793
109,"chrysler_building",1,0,1,0,,95,,9333,,925,,94,,2857,,5,,5,,7143,,7857,,8571,,4444,,6667,,6552,,8092,,8497,,8967
110,"moma_new_york",,6,,7,,75,,8,,8,,84,,1579,,2632,,2632,,3684,,4211,,5263,,25,,3825,,3896,,5045,,5517,,6471
111,"grand_central_terminal",1,0,1,0,1,0,,9667,,95,,92,,0952,,2857,,4286,,5238,,5238,,6667,,1739,,4444,,6,,6794,,6753,,7731
112,"houses_of_parliament",1,0,1,0,,95,,9333,,95,,9,,1739,,2174,,3478,,3913,,4348,,4348,,2963,,3571,,5092,,5514,,5965,,5863
113,"alexanderplatz_berlin",,6,,5,,6,,6667,,625,,66,,12,,16,,32,,48,,48,,56,,2,,2424,,4174,,5581,,543,,6059
114,"centre_pompidou",,6,,7,,75,,7667,,725,,66,,1667,,2222,,4444,,5556,,6111,,6667,,2609,,3373,,5581,,6443,,6632,,6633
115,"sydney_harbour_bridge",1,0,1,0,1,0,,9667,,975,,98,,25,,375,,5,,75,,75,,75,,4,,5455,,6667,,8447,,8478,,8497
116,"pier_39",,8,,7,,85,,8,,825,,82,,1429,,2381,,4286,,4762,,5714,,6667,,2424,,3553,,5698,,597,,6752,,7354
117,"coit_tower",,6,,5,,7,,6333,,6,,6,,0667,,2,,4667,,5333,,6,,6,,12,,2857,,56,,579,,6,,6
118,"st_paul_s_cathedral_london",1,0,1,0,,9,,9,,875,,84,,2353,,3529,,5294,,6471,,6471,,6471,,381,,5217,,6667,,7529,,744,,731
119,"cloud_gate",,8,,8,,8,,7667,,8,,78,,1667,,3333,,5,,5,,5,,5833,,2759,,4706,,6154,,6053,,6154,,6675
120,"musee_d_orsay",,8,,7,,8,,8333,,85,,88,,1905,,3333,,381,,5714,,6667,,7143,,3077,,4516,,5161,,678,,7473,,7885
121,"pike_place_market",,8,,9,,85,,8667,,8,,78,,1429,,2857,,4762,,5238,,619,,6667,,2424,,4337,,6104,,653,,698,,7189
122,"royal_palace_madrid",,8,,8,,8,,8667,,8,,82,,1818,,2727,,4545,,5909,,6818,,7727,,2963,,4068,,5797,,7027,,7362,,7957
123,"sony_center_berlin",1,0,1,0,,9,,9333,,95,,96,,1429,,2857,,4286,,5238,,5238,,5238,,25,,4444,,5806,,671,,6753,,6778
124,"red_square_moscow",,6,,7,,7,,7333,,775,,74,,1429,,2381,,381,,5714,,6667,,6667,,2308,,3553,,4934,,6423,,7168,,7014
125,"prague_castle",,6,,8,,75,,8,,85,,86,,12,,32,,48,,64,,68,,72,,2,,4571,,5854,,7111,,7556,,7838
126,"musee_du_louvre",1,0,1,0,1,0,1,0,1,0,,96,,08,,24,,44,,6,,64,,68,,1481,,3871,,6111,,75,,7805,,7961
127,"millennium_bridge_london",,8,,8,,7,,7333,,775,,74,,16,,28,,4,,48,,48,,56,,2667,,4148,,5091,,5802,,5928,,6375
128,"casa_mila",1,0,1,0,1,0,1,0,,95,,94,,2,,32,,56,,68,,72,,84,,3333,,4848,,7179,,8095,,8192,,8872
129,"national_gallery_london",1,0,,8,,8,,7667,,75,,7,,2273,,3636,,4545,,5455,,5909,,5909,,3704,,5,,5797,,6374,,661,,6408
130,"national_mall",,6,,8,,85,,8333,,825,,8,,12,,28,,44,,64,,72,,72,,2,,4148,,5798,,724,,7689,,7579
131,"london_city_hall",1,0,,9,,9,,9,,8,,76,,2,,2,,4,,65,,7,,7,,3333,,3273,,5538,,7548,,7467,,7288
132,"holocaust_memorial",,6,,5,,5,,4667,,475,,5,,1875,,3125,,375,,4375,,5625,,5625,,2857,,3846,,4286,,4516,,5151,,5294
133,"columbus_circle",,4,,5,,55,,5667,,575,,56,,08,,2,,4,,52,,52,,56,,1333,,2857,,4632,,5423,,5461,,56
134,"siegessaeule",1,0,,8,,75,,6667,,625,,56,,2,,32,,44,,48,,6,,68,,3333,,4571,,5546,,5581,,6122,,6142
135,"jardin_du_luxembourg",1,0,1,0,1,0,,9667,,975,,96,,16,,32,,56,,64,,8,,88,,2759,,4848,,7179,,7701,,8789,,9183
136,"merlion_singapore",,2,,3,,3,,3,,325,,32,,0455,,1364,,2273,,3182,,3636,,4091,,0741,,1875,,2586,,3088,,3432,,3591
137,"harrods_london",,8,,8,,85,,8333,,775,,76,,16,,28,,48,,6,,68,,76,,2667,,4148,,6135,,6977,,7244,,76
138,"metropolitan_museum_of_art_new_york",1,0,1,0,,95,,9333,,95,,96,,2,,36,,4,,64,,68,,68,,3333,,5294,,563,,7593,,7926,,7961
139,"new_york_stock_exchange",,8,,8,,65,,6333,,575,,54,,15,,3,,45,,5,,55,,55,,2526,,4364,,5318,,5588,,5622,,545
140,"stephansdom_vienna",1,0,1,0,1,0,1,0,,975,,98,,16,,28,,52,,68,,68,,76,,2759,,4375,,6842,,8095,,8012,,8561
141,"hms_belfast",1,0,1,0,,95,,9,,925,,92,,2,,32,,44,,56,,72,,72,,3333,,4848,,6014,,6904,,8097,,8078
142,"leicester_square",1,0,,9,,85,,8667,,85,,8,,2,,28,,44,,48,,52,,56,,3333,,4271,,5798,,6178,,6453,,6588
143,"ciudad_de_las_artes_y_las_ciencias",,8,,9,,85,,9,,925,,94,,16,,32,,48,,6,,64,,76,,2667,,4721,,6135,,72,,7565,,8405
144,"topkapi_palace",1,0,1,0,,95,,9333,,95,,96,,2,,32,,48,,52,,6,,68,,3333,,4848,,6378,,6679,,7355,,7961
145,"royal_albert_hall",,4,,5,,65,,6333,,675,,66,,08,,12,,36,,44,,6,,64,,1333,,1935,,4634,,5193,,6353,,6498
146,"st_vitus_cathedral",1,0,1,0,,85,,8333,,875,,88,,16,,32,,52,,56,,64,,68,,2759,,4848,,6453,,6699,,7393,,7672
147,"castello_sforzesco",,8,,9,,9,,9,,9,,92,,12,,24,,48,,52,,52,,68,,2087,,3789,,6261,,6592,,6592,,782
148,"rijksmuseum_amsterdam",1,0,1,0,1,0,1,0,1,0,1,0,,16,,24,,4,,44,,56,,64,,2759,,3871,,5714,,6111,,7179,,7805
149,"dam_square",,6,,6,,65,,7333,,75,,74,,12,,2,,32,,4,,48,,52,,2,,3,,4289,,5176,,5854,,6108
150,"rathaus_vienna",,8,,7,,75,,7,,65,,66,,16,,16,,36,,4,,4,,56,,2667,,2605,,4865,,5091,,4952,,6059
151,"bath_abbey",,8,,9,,95,,9333,,95,,96,,16,,28,,48,,6,,68,,72,,2667,,4271,,6378,,7304,,7926,,8229
152,"salisbury_cathedral",1,0,1,0,,95,,9667,,975,,98,,12,,24,,4,,48,,56,,6,,2143,,3871,,563,,6415,,7114,,7443
153,"templo_de_debod",,6,,6,,55,,5667,,525,,5,,1364,,2727,,4091,,5,,5,,5455,,2222,,375,,4692,,5312,,5122,,5217
154,"Niagara_Falls",,4,,6,,55,,5,,525,,58,,0909,,2273,,3182,,3182,,4091,,4545,,1481,,3297,,4031,,3889,,4599,,5097
155,"Golden_Gate_Bridge_in_San_Francisco",,8,,9,,95,,9,,925,,94,,1818,,3182,,5,,5909,,6364,,8182,,2963,,4701,,6552,,7134,,754,,8749
156,"Neuschwanstein_Castle",1,0,1,0,1,0,1,0,1,0,1,0,,2,,32,,56,,64,,64,,68,,3333,,4848,,7179,,7805,,7805,,8095
157,"Christ_Church_Cathedral_Missouri",1,0,,9,,9,,8667,,825,,82,,2,,28,,44,,52,,52,,6,,3333,,4271,,591,,65,,6379,,693
158,"Mount_Rushmore_in_South_Dakota",1,0,,9,,85,,9,,85,,88,,2,,28,,44,,48,,52,,56,,3333,,4271,,5798,,6261,,6453,,6844
159,"Puerta_de_Toledo",,2,,1,,1,,1,,075,,06,,5,,5,1,0,1,0,1,0,1,0,,2857,,1667,,1818,,1818,,1395,,1132
160,"Urquhart_Castle",1,0,1,0,,85,,7,,725,,78,,1667,,25,,5,,5417,,625,,75,,2857,,4,,6296,,6107,,6713,,7647
161,"Gare_du_Nord_Paris",,8,,8,,8,,8333,,775,,72,,16,,24,,4,,48,,48,,52,,2667,,3692,,5333,,6091,,5928,,6039
162,"Newgrange_in_Ireland",,6,,6,,65,,6333,,6,,62,,125,,2083,,4167,,4167,,4583,,5,,2069,,3093,,5078,,5026,,5197,,5536
163,"Windmills_at_Kinderdijk",1,0,,9,,9,,8667,,875,,84,,16,,2,,48,,52,,6,,64,,2759,,3273,,6261,,65,,7119,,7265
164,"Conciergerie",,8,,9,,95,,9667,,975,,98,,16,,28,,44,,6,,64,,76,,2667,,4271,,6014,,7404,,7728,,8561
165,"Palazzo_Madama",,8,,8,,75,,7,,625,,68,,1818,,3182,,5455,,6364,,6818,,7273,,2963,,4553,,6316,,6667,,6522,,7028
166,"Split_Rock_Lighthouse",,8,,9,,75,,7667,,775,,76,,12,,24,,36,,36,,4,,44,,2087,,3789,,4865,,4899,,5277,,5573
167,"The_Little_Mermaid_Denmark",,8,,9,,8,,7,,7,,64,,2143,,5,,6429,,7143,,7857,,7857,,338,,6429,,7129,,7071,,7404,,7054
168,"Great_Pyramid_of_Giza",,6,,8,,65,,6667,,625,,64,,2,,3333,,5333,,6,,6667,,7333,,3,,4706,,5859,,6316,,6452,,6835
169,"Pitti_Palace",,6,,8,,75,,7333,,725,,66,,0909,,2273,,3182,,5,,5909,,6364,,1579,,354,,4468,,5946,,6511,,648
170,"Georgia_State_Capitol",,4,,3,,3,,2667,,25,,24,,1053,,1579,,2632,,2632,,2632,,2632,,1667,,2069,,2804,,2649,,2564,,251
171,"Dome_des_Invalides",1,0,1,0,1,0,,9667,,975,,98,,16,,32,,52,,6,,6,,72,,2759,,4848,,6842,,7404,,7429,,8301
172,"Reggia_di_Caserta",,6,,6,,55,,5667,,65,,62,,12,,24,,4,,44,,6,,68,,2,,3429,,4632,,4954,,624,,6486
173,"The_Burj_al_Arab_Hotel",,8,,9,,75,,8,,775,,78,,12,,2,,36,,48,,56,,56,,2087,,3273,,4865,,6,,6502,,6519
174,"Elephanta_Caves",,8,,7,,75,,7,,7,,68,,1667,,2083,,4583,,5,,625,,6667,,2759,,3211,,569,,5833,,6604,,6733
175,"Basilica_of_Santa_Croce",1,0,1,0,,95,,9667,,975,,98,,16,,32,,4,,48,,52,,6,,2759,,4848,,563,,6415,,6783,,7443
176,"Aachen_Cathedral",1,0,1,0,,95,,9667,,95,,88,,16,,28,,4,,44,,6,,72,,2759,,4375,,563,,6047,,7355,,792
177,"Monument_to_the_Great_Fire_of_London",,8,,7,,7,,6667,,65,,66,,16,,28,,48,,52,,56,,76,,2667,,4,,5695,,5843,,6017,,7065
178,"Longmen_Grottoes",,6,,6,,75,,6333,,55,,58,,12,,2,,44,,52,,6,,72,,2,,3,,5546,,5711,,5739,,6425
179,"Louisiana_State_Capitol",,0,,2,,3,,3667,,35,,36,,0,,08,,2,,32,,44,,48,,0,,1143,,24,,3417,,3899,,4114
180,"The_Great_Sphinx_at_Giza",,8,,7,,75,,7667,,775,,72,,16,,2,,4,,56,,68,,72,,2667,,3111,,5217,,6472,,7244,,72
181,"Teatro_Real_Madrid",1,0,,8,,7,,7667,,7,,68,,2174,,3043,,4348,,7391,,8261,,8261,,3571,,4409,,5364,,7526,,7578,,746
182,"Palacio_de_la_Magdalena",,4,,7,,8,,6667,,7,,68,,04,,2,,4,,44,,6,,68,,0727,,3111,,5333,,5301,,6462,,68
183,"Sowjetisches_Ehrenmal",,6,,6,,65,,6,,6,,64,,12,,2,,4,,48,,56,,64,,2,,3,,4952,,5333,,5793,,64
184,"Cathedral_of_Trier",1,0,1,0,1,0,,9333,,85,,86,,16,,36,,6,,6,,68,,76,,2759,,5294,,75,,7304,,7556,,8069
185,"Saint_Mary_of_the_Flower",,4,,2,,35,,3,,35,,32,,08,,08,,12,,2,,32,,36,,1333,,1143,,1787,,24,,3343,,3388
186,"Skellig_Michael",,8,,6,,7,,7,,7,,74,,16,,24,,48,,6,,64,,76,,2667,,3429,,5695,,6462,,6687,,7499
187,"Chicago_Board_of_Trade_Building",1,0,1,0,,85,,8,,825,,76,,1818,,3182,,5,,6364,,6818,,7273,,3077,,4828,,6296,,7089,,7466,,7433
188,"Pont_de_Normandie_France",1,0,1,0,,95,,9667,,95,,84,,2632,,4737,,7368,,7895,,8421,,8947,,4167,,6429,,83,,8691,,8928,,8665
189,"Palazzo_Rosso",,0,,0,,1,,0667,,075,,06,,0,,0,,0833,,0833,,125,,125,,0,,0,,0909,,0741,,0937,,0811
190,"Piazza_Vittorio_Veneto",,4,,2,,45,,4,,375,,36,,125,,125,,5,,5,,5,,5625,,1905,,1538,,4737,,4444,,4286,,439
191,"Sforza_Castle",,6,,8,,9,,9333,,95,,94,,12,,2,,48,,64,,68,,68,,2,,32,,6261,,7593,,7926,,7891
192,"Torres_KIO",1,0,,9,,85,,8333,,775,,76,,2,,32,,48,,56,,56,,56,,3333,,4721,,6135,,6699,,6502,,6448
193,"Torre_Picasso",,8,,9,,85,,8,,825,,82,,1667,,3333,,5417,,7083,,7083,,7917,,2759,,4865,,6617,,7514,,7622,,8056
194,"The_Palace_of_Parliament_in_Bucharest",1,0,1,0,,95,,9,,85,,88,,12,,24,,48,,6,,6,,72,,2143,,3871,,6378,,72,,7034,,792
195,"Ernest_Hemingway_House",,8,,9,,8,,8,,75,,74,,12,,28,,48,,6,,64,,72,,2087,,4271,,6,,6857,,6906,,7299
196,"Castel_dellOvo_Napoli",1,0,,9,,85,,9,,825,,84,,2,,28,,48,,56,,68,,76,,3333,,4271,,6135,,6904,,7455,,798
197,"Villa_Borghese_gardens",1,0,1,0,1,0,1,0,1,0,1,0,,16,,32,,48,,6,,76,,8,,2759,,4848,,6486,,75,,8636,,8889
198,"Saint_Marks_Basilica",1,0,1,0,,95,,9,,925,,9,,2,,32,,4,,52,,6,,64,,3333,,4848,,563,,6592,,7279,,7481
199,"Mausoleum_of_the_First_Qin_Emperor",1,0,1,0,,95,,9,,85,,84,,2,,28,,48,,68,,72,,72,,3333,,4375,,6378,,7747,,7796,,7754
200,"Mausoleum_of_Hadrian",,8,,6,,65,,6,,625,,66,,1667,,2222,,4444,,5556,,7222,,8333,,2759,,3243,,5279,,5769,,6701,,7366
201,"Piazza_de_Ferrari",1,0,1,0,,95,,9333,,9,,9,,2632,,2632,,4211,,4737,,5263,,6316,,4167,,4167,,5835,,6284,,6642,,7423
202,"George_Washington_Carver",,6,,6,,6,,6333,,6,,58,,125,,3125,,5,,5,,5625,,625,,2069,,411,,5455,,5588,,5806,,6017
203,"Cathedral_of_Santiago_de_Compostela",,8,,8,,85,,8667,,825,,84,,1765,,3529,,5882,,6471,,7647,,7647,,2892,,4898,,6953,,7409,,7937,,8006
204,"Saint-Jacques_Tower",1,0,,9,,95,,9,,85,,82,,3077,,5385,,6154,,8462,,9231,,9231,,4706,,6738,,7469,,8722,,885,,8685
205,"Calakmul_Campeche_Mexico",1,0,,8,,8,,8,,825,,8,,2143,,2857,,7143,,7857,,7857,,7857,,3529,,4211,,7547,,7928,,8049,,7928
206,"Bran_Castle_in_Transylvania",1,0,,9,,8,,8333,,85,,86,,2105,,3158,,3684,,4737,,5789,,5789,,3478,,4675,,5045,,604,,6888,,692
207,"Mosteiro_da_Batalha",1,0,1,0,1,0,1,0,1,0,1,0,,2632,,4737,,6842,,7368,,7368,,7368,,4167,,6429,,8125,,8485,,8485,,8485
208,"Wartburg_Castle",,8,,9,,95,,9333,,925,,94,,2,,3,,55,,65,,7,,7,,32,,45,,6967,,7663,,7969,,8024
209,"Fujian_Tulou_Fujian_China",1,0,1,0,1,0,,9667,,95,,96,,2778,,4444,,5556,,6667,,7222,,7778,,4348,,6154,,7143,,7891,,8206,,8593
210,"Alabama_State_Capitol",,6,,5,,65,,7333,,775,,76,,1429,,1905,,4286,,6667,,8095,,8095,,2308,,2759,,5166,,6984,,7919,,784
211,"Palazzo_dAccursio",1,0,,9,,8,,7667,,7,,66,,1667,,3333,,5,,5556,,6111,,6667,,2857,,4865,,6154,,6443,,6525,,6633
212,"Casa_Grande_Ruins",1,0,,8,,75,,7333,,725,,76,,2941,,3529,,4706,,5294,,5294,,5294,,4545,,4898,,5783,,6149,,612,,6241
213,"Stravinsky_Fountain",1,0,1,0,,95,,8667,,9,,88,,2667,,4667,,5333,,5333,,5333,,5333,,4211,,6364,,6831,,6603,,6698,,6642
214,"Angel_Falls_Venezuela",,8,,7,,55,,6,,6,,52,,2353,,3529,,4706,,5882,,7647,,8235,,3636,,4693,,5072,,5941,,6724,,6375
215,"Statue_of_George_IV",,6,,6,,55,,4333,,4,,38,,375,,5,,625,,625,,75,,875,,4615,,5455,,5851,,5118,,5217,,5299
216,"Palacio_Barolo",,8,,9,,9,,9333,,9,,9,,1765,,3529,,5294,,5882,,5882,,7059,,2892,,507,,6667,,7216,,7115,,7912
217,"Bridge_of_Remembrance_Christchurch_New_Zealand",,8,,9,,8,,7333,,7,,66,,25,,5833,,5833,,8333,,9167,,9167,,381,,7079,,6747,,7801,,7938,,7674
218,"John_A._Roebling_Suspension_Bridge",,4,,5,,45,,4,,375,,44,,1333,,3333,,6,,8,,8,,8,,2,,4,,5143,,5333,,5106,,5677
219,"Blue_Dome_Santorini",1,0,,9,,9,,9333,,925,,92,,3125,,375,,625,,75,,875,,875,,4762,,5294,,7377,,8317,,8993,,8969
220,"Fossar_de_les_Moreres",,6,,5,,35,,3333,,35,,34,,2143,,3571,,5,,5,,5714,,6429,,3158,,4167,,4118,,4,,4341,,4448
221,"Luxor_Obelisk_France",1,0,1,0,,95,,8333,,775,,76,,25,,25,,4375,,4375,,4375,,4375,,4,,4,,5991,,5738,,5593,,5553
222,"Valle_de_los_Caidos",1,0,1,0,,9,,9333,,95,,94,,2,,35,,65,,7,,75,,75,,3333,,5185,,7548,,8,,8382,,8343
--------------------
"--","Avg.",P@5,P@10,P@20,P@30,P@40,P@50,CR@5,CR@10,CR@20,CR@30,CR@40,CR@50,F1@5,F1@10,F1@20,F1@30,F1@40,F1@50
,,,7838,,7856,,7698,,7614,,7535,,7479,,1604,,275,,4369,,5289,,5961,,652,,2615,,3996,,5465,,6117,,652,,6828