--------------------
"Run name","output_runLUMSilhouette"
--------------------
"Average P@20 = ",,7667
"Average CR@20 = ",,4112
"Average F1@20 = ",,5254
--------------------
"Query Id ","Location name",P@5,P@10,P@20,P@30,P@40,P@50,CR@5,CR@10,CR@20,CR@30,CR@40,CR@50,F1@5,F1@10,F1@20,F1@30,F1@40,F1@50
1,"angel_of_the_north",1,0,1,0,1,0,1,0,1,0,1,0,,16,,32,,44,,56,,68,,8,,2759,,4848,,6111,,7179,,8095,,8889
2,"big_ben",1,0,,8,,85,,8,,7,,7,,2273,,2727,,4091,,4545,,4545,,5,,3704,,4068,,5523,,5797,,5512,,5833
3,"hearst_castle",1,0,1,0,,9,,8667,,875,,88,,2083,,3333,,5,,6667,,75,,7917,,3448,,5,,6429,,7536,,8077,,8335
4,"la_madeleine",,0,,0,,25,,3,,35,,3,,0,,0,,3571,,5,,6429,,7143,,0,,0,,2941,,375,,4532,,4225
5,"pont_alexandre_iii",1,0,1,0,,95,,8667,,85,,86,,2,,28,,44,,56,,64,,72,,3333,,4375,,6014,,6804,,7302,,7838
6,"neues_museum",,2,,1,,55,,7,,75,,7,,04,,04,,36,,56,,6,,68,,0667,,0571,,4352,,6222,,6667,,6899
7,"montezuma_castle",,6,,7,,65,,7,,675,,68,,25,,25,,3333,,4167,,6667,,75,,3529,,3684,,4407,,5224,,6708,,7133
8,"cn_tower",,2,,4,,6,,5667,,625,,6,,0417,,125,,375,,5,,6667,,7083,,069,,1905,,4615,,5312,,6452,,6497
9,"acropolis_athens",1,0,,9,,8,,8,,85,,86,,1905,,2857,,4286,,4762,,619,,619,,32,,4337,,5581,,597,,7164,,7199
10,"agra_fort",,8,,9,,9,,9,,925,,92,,12,,2,,4,,48,,6,,72,,2087,,3273,,5538,,6261,,7279,,8078
11,"albert_memorial",,8,,8,,85,,8,,8,,8,,1818,,2273,,4091,,5455,,5909,,7273,,2963,,354,,5523,,6486,,6797,,7619
12,"altes_museum",,8,,8,,7,,6,,675,,7,,1667,,2083,,3333,,375,,5417,,625,,2759,,3306,,4516,,4615,,601,,6604
13,"amiens_cathedral",1,0,1,0,,95,,9333,,95,,96,,2,,36,,52,,68,,72,,8,,3333,,5294,,6721,,7868,,8192,,8727
14,"angkor_wat",1,0,1,0,,8,,8333,,825,,82,,16,,28,,4,,56,,64,,68,,2759,,4375,,5333,,6699,,7208,,7435
15,"ara_pacis",1,0,,8,,8,,8333,,725,,72,,2273,,2727,,5455,,5909,,6818,,7273,,3704,,4068,,6486,,6915,,7027,,7236
16,"arc_de_triomphe",1,0,,9,,75,,7333,,7,,74,,1667,,25,,375,,5833,,7083,,75,,2857,,3913,,5,,6498,,7041,,745
17,"aztec_ruins",,2,,1,,15,,3,,3,,34,,04,,04,,12,,36,,44,,52,,0667,,0571,,1333,,3273,,3568,,4112
18,"berlin_cathedral",1,0,1,0,1,0,,9667,,95,,92,,2,,32,,44,,56,,6,,6,,3333,,4848,,6111,,7092,,7355,,7263
19,"bok_tower_gardens",,8,,8,,9,,9,,925,,88,,16,,32,,52,,64,,76,,8,,2667,,4571,,6592,,7481,,8344,,8381
20,"brandenburg_gate",1,0,1,0,1,0,1,0,1,0,,98,,16,,32,,36,,44,,6,,68,,2759,,4848,,5294,,6111,,75,,8029
21,"cabrillo",,0,,3,,25,,1667,,125,,1,,0,,2308,,3846,,3846,,3846,,3846,,0,,2609,,303,,2326,,1887,,1587
22,"casa_batllo",1,0,1,0,1,0,1,0,1,0,1,0,,16,,28,,44,,6,,76,,84,,2759,,4375,,6111,,75,,8636,,913
23,"casa_rosada",,8,,8,,9,,9,,9,,84,,16,,2,,4,,56,,64,,68,,2667,,32,,5538,,6904,,7481,,7516
24,"castillo_de_san_marcos",,8,,6,,6,,7,,775,,8,,12,,2,,24,,44,,56,,6,,2087,,3,,3429,,5404,,6502,,6857
25,"chartres_cathedral",1,0,1,0,,95,,9333,,925,,94,,2,,36,,52,,6,,64,,72,,3333,,5294,,6721,,7304,,7565,,8154
26,"chichen_itza",,8,,9,,85,,9,,875,,9,,16,,2,,44,,6,,8,,8,,2667,,3273,,5798,,72,,8358,,8471
27,"christ_the_redeemer_rio",,6,,6,,7,,7,,675,,64,,1304,,2174,,5217,,6522,,6522,,6957,,2143,,3191,,5979,,6752,,6634,,6667
28,"civic_center_san_francisco",,4,,7,,75,,6333,,55,,58,,08,,28,,44,,48,,52,,6,,1333,,4,,5546,,5461,,5346,,5898
29,"cologne_cathedral",1,0,1,0,1,0,1,0,,975,,96,,16,,28,,48,,6,,72,,72,,2759,,4375,,6486,,75,,8283,,8229
30,"colosseum",1,0,1,0,1,0,,8667,,875,,82,,16,,28,,56,,56,,6,,68,,2759,,4375,,7179,,6804,,7119,,7435
31,"doge_s_palace",1,0,1,0,,95,,9667,,9,,9,,12,,2,,36,,4,,44,,44,,2143,,3333,,5221,,5659,,591,,591
32,"eiffel_tower",1,0,1,0,1,0,,9,,875,,88,,2,,32,,4,,56,,64,,68,,3333,,4848,,5714,,6904,,7393,,7672
33,"golden_gate_bridge",,8,,8,,75,,7667,,75,,74,,1739,,1739,,3478,,4348,,5217,,5652,,2857,,2857,,4752,,5549,,6154,,6409
34,"grand_palais",1,0,1,0,,95,,9333,,925,,92,,2273,,4545,,5455,,5455,,6364,,7273,,3704,,625,,693,,6885,,754,,8124
35,"guggenheim_museum_bilbao",1,0,,9,,95,,9333,,9,,9,,2,,32,,52,,56,,72,,76,,3333,,4721,,6721,,7,,8,,8241
36,"hagia_sophia_istanbul",1,0,1,0,,95,,9,,9,,92,,16,,24,,36,,48,,6,,64,,2759,,3871,,5221,,6261,,72,,7549
37,"hoover_dam",1,0,1,0,,95,,9667,,925,,92,,16,,24,,36,,52,,64,,76,,2759,,3871,,5221,,6762,,7565,,8324
38,"humayun_tomb",,8,,8,,75,,7667,,8,,8,,16,,24,,36,,52,,68,,68,,2667,,3692,,4865,,6197,,7351,,7351
39,"iguazu_falls",,8,,8,,75,,7667,,825,,8,,12,,2,,32,,52,,56,,64,,2087,,32,,4486,,6197,,6671,,7111
40,"iolani_palace",,6,,7,,7,,7333,,65,,64,,12,,24,,4,,56,,64,,72,,2,,3574,,5091,,6351,,645,,6776
41,"la_mezquita",,6,,7,,6,,5,,45,,52,,0833,,1667,,25,,375,,375,,5417,,1463,,2692,,3529,,4286,,4091,,5306
42,"la_rambla_barcelona",1,0,1,0,1,0,1,0,,95,,88,,08,,2,,4,,44,,6,,68,,1481,,3333,,5714,,6111,,7355,,7672
43,"la_sainte_chapelle",1,0,1,0,,95,,9333,,95,,96,,2,,36,,6,,68,,72,,76,,3333,,5294,,7355,,7868,,8192,,8484
44,"liberty_memorial",,8,,6,,7,,7333,,75,,74,,12,,16,,32,,48,,6,,6,,2087,,2526,,4392,,5802,,6667,,6627
45,"lincoln_home",1,0,,9,,9,,8,,625,,62,,2222,,3889,,6111,,7222,,7222,,7778,,3636,,5431,,7279,,7591,,6701,,69
46,"machu_picchu",,8,,8,,7,,7667,,775,,8,,16,,32,,4,,56,,64,,68,,2667,,4571,,5091,,6472,,7011,,7351
47,"marble_arch_london",,6,,5,,45,,3667,,275,,28,,1667,,25,,3333,,4167,,4167,,5,,2609,,3333,,383,,3901,,3313,,359
48,"milan_cathedral",1,0,,9,,9,,9,,925,,92,,2,,24,,48,,56,,64,,8,,3333,,3789,,6261,,6904,,7565,,8558
49,"mole_antonelliana",,8,,8,,7,,7,,725,,72,,12,,24,,32,,48,,56,,64,,2087,,3692,,4392,,5695,,6319,,6776
50,"mont_saint_michel",1,0,,9,,9,,9333,,95,,94,,2,,24,,44,,48,,56,,64,,3333,,3789,,591,,634,,7046,,7615
51,"moulin_rouge",,2,,1,,1,,1,,125,,14,,125,,125,,25,,25,,5,,625,,1538,,1111,,1429,,1429,,2,,2288
52,"nelson_s_column",1,0,1,0,1,0,1,0,1,0,,96,,1667,,3333,,5,,5833,,625,,75,,2857,,5,,6667,,7368,,7692,,8421
53,"notre_dame_de_paris",,8,,9,,9,,9333,,925,,92,,12,,24,,44,,56,,6,,64,,2087,,3789,,591,,7,,7279,,7549
54,"obelisco",,2,,2,,1,,1333,,125,,12,,0909,,1818,,1818,,2727,,2727,,3636,,125,,1905,,129,,1791,,1714,,1805
55,"piccadilly_circus",1,0,1,0,,9,,8667,,8,,76,,1739,,3913,,5652,,6522,,7391,,7826,,2963,,5625,,6944,,7443,,7684,,7711
56,"place_de_la_concorde",1,0,1,0,1,0,,9667,,975,,98,,12,,24,,4,,56,,72,,76,,2143,,3871,,5714,,7092,,8283,,8561
57,"place_de_la_republique",,0,,2,,2,,2,,15,,16,,0,,25,,375,,5,,5,,625,,0,,2222,,2609,,2857,,2308,,2548
58,"place_des_vosges",1,0,1,0,1,0,,8667,,725,,72,,16,,32,,48,,56,,64,,68,,2759,,4848,,6486,,6804,,6799,,6994
59,"pont_du_gard",,8,,7,,65,,6667,,675,,64,,12,,2,,36,,4,,4,,44,,2087,,3111,,4634,,5,,5023,,5215
60,"pont_neuf",1,0,,8,,65,,6,,575,,54,,2,,28,,48,,52,,64,,68,,3333,,4148,,5522,,5571,,6058,,602
61,"ponte_vecchio",,8,,7,,7,,5667,,65,,68,,0833,,2083,,375,,375,,5417,,6667,,1509,,3211,,4884,,4513,,5909,,6733
62,"puerta_de_alcala",,2,,2,,3,,4333,,475,,52,,0526,,1053,,3158,,4737,,6316,,7368,,0833,,1379,,3077,,4526,,5422,,6097
63,"puerta_del_sol",,4,,2,,4,,3333,,425,,48,,1,,1,,3,,35,,55,,6,,16,,1333,,3429,,3415,,4795,,5333
64,"red_fort",1,0,1,0,1,0,1,0,1,0,1,0,,2,,4,,52,,68,,72,,8,,3333,,5714,,6842,,8095,,8372,,8889
65,"reims_cathedral",1,0,1,0,1,0,,9,,825,,8,,16,,32,,4,,52,,6,,6,,2759,,4848,,5714,,6592,,6947,,6857
66,"rialto_bridge",,4,,6,,5,,4,,3,,38,,125,,1875,,3125,,3125,,3125,,5,,1905,,2857,,3846,,3509,,3061,,4318
67,"roman_forum_rome",,8,,8,,7,,6667,,75,,72,,08,,2,,36,,48,,64,,64,,1455,,32,,4755,,5581,,6906,,6776
68,"sacre_coeur",,8,,6,,45,,4667,,475,,5,,125,,2083,,3333,,5,,5417,,6667,,2162,,3093,,383,,4828,,5061,,5714
69,"sagrada_familia",1,0,1,0,,95,,9333,,925,,94,,12,,24,,4,,52,,72,,72,,2143,,3871,,563,,6679,,8097,,8154
70,"santa_maria_novella",,6,,6,,5,,5333,,55,,54,,08,,2,,28,,44,,52,,56,,1412,,3,,359,,4822,,5346,,5498
71,"schonbrunn_palace",1,0,1,0,1,0,,9667,,95,,94,,16,,32,,44,,56,,64,,72,,2759,,4848,,6111,,7092,,7648,,8154
72,"seville_cathedral",1,0,,9,,9,,9333,,95,,96,,2,,28,,44,,52,,68,,84,,3333,,4271,,591,,6679,,7926,,896
73,"spanish_steps",,8,,6,,45,,5333,,525,,56,,1364,,2273,,3182,,4545,,5,,5909,,233,,3297,,3728,,4908,,5122,,575
74,"st__basil_cathedral",1,0,1,0,,9,,9,,925,,94,,16,,24,,4,,6,,72,,8,,2759,,3871,,5538,,72,,8097,,8644
75,"statue_of_liberty",,8,,8,,85,,8333,,875,,88,,16,,32,,6,,68,,76,,76,,2667,,4571,,7034,,7489,,8135,,8156
76,"stonehenge",1,0,,8,,6,,5667,,55,,52,,1053,,2105,,4211,,4211,,5263,,5263,,1905,,3333,,4948,,4831,,5379,,5231
77,"summer_palace_beijing",1,0,1,0,1,0,,9,,9,,86,,2,,32,,48,,56,,72,,76,,3333,,4848,,6486,,6904,,8,,8069
78,"sydney_opera_house",1,0,1,0,,95,,9,,85,,88,,16,,24,,36,,44,,52,,6,,2759,,3871,,5221,,591,,6453,,7135
79,"teotihuacan",,8,,8,,65,,7333,,8,,74,,12,,2,,32,,48,,52,,6,,2087,,32,,4289,,5802,,6303,,6627
80,"terracotta_army",,8,,8,,55,,6,,625,,66,,15,,35,,5,,65,,7,,7,,2526,,487,,5238,,624,,6604,,6794
81,"the_blue_mosque",1,0,,9,,9,,9333,,925,,94,,2,,28,,44,,56,,6,,68,,3333,,4271,,591,,7,,7279,,7891
82,"the_henry_ford",,8,,9,,65,,7,,625,,6,,16,,28,,4,,56,,64,,72,,2667,,4271,,4952,,6222,,6324,,6545
83,"taj_mahal",1,0,,9,,85,,8667,,85,,84,,16,,28,,44,,52,,6,,72,,2759,,4271,,5798,,65,,7034,,7754
84,"tour_montparnasse",,6,,4,,55,,4333,,35,,36,,15,,2,,45,,45,,45,,55,,24,,2667,,495,,4415,,3937,,4352
85,"tower_bridge_london",,8,,5,,5,,5667,,6,,6,,12,,16,,24,,4,,48,,56,,2087,,2424,,3243,,469,,5333,,5793
86,"trafalgar_square",,8,,8,,55,,6,,55,,54,,0909,,1818,,2727,,3636,,4091,,4545,,1633,,2963,,3646,,4528,,4692,,4936
87,"leaning_tower_of_pisa",,6,,4,,35,,5333,,575,,58,,12,,12,,24,,48,,6,,64,,2,,1846,,2847,,5053,,5872,,6085
88,"hermitage_museum_saint_petersburg",,8,,9,,8,,8667,,8,,8,,16,,24,,36,,56,,68,,72,,2667,,3789,,4966,,6804,,7351,,7579
89,"jantar_mantar_jaipur",,8,,8,,8,,8667,,85,,86,,12,,24,,52,,72,,8,,84,,2087,,3692,,6303,,7866,,8242,,8499
90,"lake_titicaca_peru",,6,,6,,55,,5667,,575,,6,,125,,25,,375,,5417,,5833,,7083,,2069,,3529,,4459,,5539,,5791,,6497
91,"the_great_wall_of_china",,8,,9,,9,,8667,,85,,86,,16,,28,,32,,48,,6,,68,,2667,,4271,,4721,,6178,,7034,,7595
92,"grande_arche_paris",,8,,7,,6,,6,,7,,64,,16,,28,,32,,44,,56,,64,,2667,,4,,4174,,5077,,6222,,64
93,"el_angel_mexico",,8,,5,,6,,6,,55,,52,,1429,,1905,,4286,,5714,,6667,,7143,,2424,,2759,,5,,5854,,6027,,6019
94,"bibliotheque_nationale_de_france",,6,,6,,75,,7667,,775,,74,,08,,16,,32,,56,,6,,64,,1412,,2526,,4486,,6472,,6764,,6864
95,"kronborg_castle",,8,,9,,8,,8333,,875,,82,,125,,2917,,4583,,5,,5833,,5833,,2162,,4406,,5828,,625,,7,,6817
96,"ajanta_caves",1,0,,8,,9,,9333,,925,,92,,1818,,2273,,5,,6364,,6818,,7727,,3077,,354,,6429,,7568,,785,,84
97,"atomium",1,0,1,0,,95,,9333,,875,,88,,1905,,3333,,4762,,619,,619,,6667,,32,,5,,6344,,7444,,7251,,7586
98,"ellora_caves",1,0,1,0,1,0,,9667,,975,,96,,1818,,3636,,5909,,5909,,6364,,7273,,3077,,5333,,7429,,7335,,7701,,8276
99,"potala_palace",1,0,,9,,8,,7,,675,,68,,2222,,3889,,3889,,5,,5556,,6667,,3636,,5431,,5234,,5833,,6095,,6733
100,"jokhang",,8,,8,,8,,8333,,7,,7,,16,,24,,32,,56,,6,,64,,2667,,3692,,4571,,6699,,6462,,6687
101,"rila_monastery",,8,,8,,9,,9,,85,,86,,12,,24,,28,,4,,52,,52,,2087,,3692,,4271,,5538,,6453,,6481
102,"louvre_pyramid",1,0,,9,,95,,9333,,925,,84,,2222,,2778,,4444,,5,,5556,,6111,,3636,,4245,,6056,,6512,,6942,,7075
103,"brooklyn_bridge",1,0,,7,,75,,8,,775,,8,,1429,,2381,,3333,,5238,,619,,7143,,25,,3553,,4615,,6331,,6883,,7547
104,"tower_of_london",,6,,6,,7,,7333,,65,,66,,087,,1739,,3043,,4348,,4783,,4783,,1519,,2697,,4242,,5459,,5511,,5546
105,"british_museum_london",1,0,1,0,1,0,,9333,,95,,96,,2,,4,,5,,6,,65,,75,,3333,,5714,,6667,,7304,,7719,,8421
106,"buckingham_palace",,6,,5,,45,,4667,,425,,44,,1,,15,,3,,4,,45,,5,,1714,,2308,,36,,4308,,4371,,4681
107,"charles_bridge_prague",,6,,5,,7,,5333,,525,,62,,125,,2083,,375,,4167,,5417,,7083,,2069,,2941,,4884,,4678,,5332,,6612
108,"champs_elysees_paris",,4,,4,,5,,4667,,425,,42,,0667,,1333,,3333,,4667,,6,,6,,1143,,2,,4,,4667,,4976,,4941
109,"chrysler_building",1,0,1,0,1,0,,9667,,975,,92,,2857,,5,,6429,,7857,,9286,,9286,,4444,,6667,,7826,,8668,,9512,,9243
110,"moma_new_york",,8,,9,,85,,8333,,85,,86,,1579,,3684,,4737,,4737,,5263,,5789,,2637,,5228,,6083,,604,,6501,,692
111,"grand_central_terminal",1,0,1,0,1,0,1,0,,925,,94,,0952,,1429,,381,,4286,,5238,,5714,,1739,,25,,5517,,6,,6689,,7108
112,"houses_of_parliament",1,0,1,0,,95,,9,,9,,88,,1739,,2609,,3478,,4348,,5217,,5217,,2963,,4138,,5092,,5863,,6606,,6551
113,"alexanderplatz_berlin",,4,,6,,65,,6667,,625,,66,,08,,2,,4,,56,,64,,72,,1333,,3,,4952,,6087,,6324,,6887
114,"centre_pompidou",1,0,1,0,,8,,8667,,8,,78,,2222,,4444,,5,,7222,,8333,,8333,,3636,,6154,,6154,,7879,,8163,,8058
115,"sydney_harbour_bridge",1,0,1,0,1,0,1,0,,975,,98,,1875,,375,,5,,5625,,75,,8125,,3158,,5455,,6667,,72,,8478,,8884
116,"pier_39",,8,,9,,95,,8667,,825,,82,,1905,,2381,,3333,,5238,,5714,,6667,,3077,,3766,,4935,,653,,6752,,7354
117,"coit_tower",,6,,8,,75,,7333,,6,,58,,2,,4,,5333,,6667,,6667,,7333,,3,,5333,,6234,,6984,,6316,,6477
118,"st_paul_s_cathedral_london",,8,,9,,85,,8333,,825,,76,,1765,,2941,,4706,,7647,,8824,,8824,,2892,,4433,,6058,,7975,,8527,,8166
119,"cloud_gate",,4,,6,,6,,6,,7,,76,,1667,,4167,,4167,,5,,5,,5,,2353,,4918,,4918,,5455,,5833,,6032
120,"musee_d_orsay",1,0,1,0,,95,,9333,,95,,94,,1429,,2381,,4286,,5714,,6667,,8095,,25,,3846,,5907,,7089,,7835,,8699
121,"pike_place_market",1,0,,9,,75,,7,,7,,74,,1429,,1905,,3333,,381,,5714,,619,,25,,3144,,4615,,4934,,6292,,6741
122,"royal_palace_madrid",1,0,,9,,85,,8667,,825,,84,,1818,,3182,,5,,5455,,6364,,6818,,3077,,4701,,6296,,6695,,7185,,7527
123,"sony_center_berlin",,8,,9,,85,,9,,875,,9,,1905,,381,,4762,,5238,,5714,,6667,,3077,,5353,,6104,,6622,,6914,,766
124,"red_square_moscow",,4,,5,,65,,7667,,7,,64,,0952,,1905,,2857,,5714,,8095,,8095,,1538,,2759,,3969,,6548,,7508,,7148
125,"prague_castle",1,0,,9,,95,,8667,,85,,88,,16,,28,,52,,64,,76,,84,,2759,,4271,,6721,,7363,,8025,,8595
126,"musee_du_louvre",1,0,1,0,1,0,1,0,,975,,98,,2,,32,,48,,56,,64,,68,,3333,,4848,,6486,,7179,,7728,,8029
127,"millennium_bridge_london",,4,,6,,7,,7,,65,,68,,08,,2,,44,,56,,6,,68,,1333,,3,,5404,,6222,,624,,68
128,"casa_mila",1,0,1,0,,95,,9667,,95,,92,,2,,28,,4,,56,,6,,68,,3333,,4375,,563,,7092,,7355,,782
129,"national_gallery_london",,6,,8,,75,,7,,575,,6,,1364,,2727,,4091,,5909,,6364,,7273,,2222,,4068,,5294,,6408,,6041,,6575
130,"national_mall",1,0,,8,,8,,8667,,7,,72,,2,,28,,4,,6,,6,,84,,3333,,4148,,5333,,7091,,6462,,7754
131,"london_city_hall",1,0,,9,,9,,8333,,725,,7,,2,,4,,45,,5,,6,,65,,3333,,5538,,6,,625,,6566,,6741
132,"holocaust_memorial",,8,,6,,7,,5667,,5,,52,,1875,,1875,,375,,4375,,4375,,6875,,3038,,2857,,4884,,4938,,4667,,5921
133,"columbus_circle",,4,,3,,5,,4667,,45,,48,,08,,12,,4,,48,,52,,6,,1333,,1714,,4444,,4732,,4825,,5333
134,"siegessaeule",,8,,8,,8,,6667,,675,,72,,08,,16,,36,,36,,48,,6,,1455,,2667,,4966,,4675,,561,,6545
135,"jardin_du_luxembourg",1,0,1,0,1,0,,9667,,925,,9,,16,,32,,52,,6,,76,,8,,2759,,4848,,6842,,7404,,8344,,8471
136,"merlion_singapore",,2,,3,,35,,3667,,475,,54,,0455,,1364,,2727,,4091,,5909,,6818,,0741,,1875,,3066,,3867,,5267,,6027
137,"harrods_london",1,0,1,0,,95,,8667,,875,,86,,16,,32,,52,,64,,72,,84,,2759,,4848,,6721,,7363,,79,,8499
138,"metropolitan_museum_of_art_new_york",1,0,1,0,,95,,9667,,975,,96,,16,,24,,4,,56,,64,,64,,2759,,3871,,563,,7092,,7728,,768
139,"new_york_stock_exchange",1,0,1,0,,85,,6667,,625,,58,,2,,35,,5,,55,,55,,65,,3333,,5185,,6296,,6027,,5851,,613
140,"stephansdom_vienna",1,0,1,0,1,0,,9667,,975,,94,,2,,32,,36,,56,,6,,68,,3333,,4848,,5294,,7092,,7429,,7891
141,"hms_belfast",1,0,1,0,1,0,,9333,,875,,9,,16,,28,,44,,6,,6,,64,,2759,,4375,,6111,,7304,,7119,,7481
142,"leicester_square",,8,,9,,75,,7667,,75,,78,,08,,12,,32,,48,,6,,72,,1455,,2118,,4486,,5904,,6667,,7488
143,"ciudad_de_las_artes_y_las_ciencias",1,0,1,0,1,0,1,0,1,0,1,0,,16,,2,,44,,52,,72,,76,,2759,,3333,,6111,,6842,,8372,,8636
144,"topkapi_palace",1,0,1,0,1,0,,9667,,975,,96,,16,,32,,56,,64,,72,,76,,2759,,4848,,7179,,7701,,8283,,8484
145,"royal_albert_hall",1,0,,7,,7,,5667,,6,,64,,16,,2,,32,,44,,48,,56,,2759,,3111,,4392,,4954,,5333,,5973
146,"st_vitus_cathedral",,6,,8,,9,,8667,,875,,9,,12,,24,,44,,44,,6,,64,,2,,3692,,591,,5837,,7119,,7481
147,"castello_sforzesco",1,0,1,0,1,0,,9667,,95,,96,,16,,36,,44,,56,,68,,8,,2759,,5294,,6111,,7092,,7926,,8727
148,"rijksmuseum_amsterdam",,6,,8,,9,,9333,,95,,96,,12,,28,,4,,68,,76,,76,,2,,4148,,5538,,7868,,8444,,8484
149,"dam_square",,8,,7,,75,,6,,675,,66,,16,,24,,4,,44,,6,,6,,2667,,3574,,5217,,5077,,6353,,6286
150,"rathaus_vienna",,4,,7,,75,,6333,,65,,58,,08,,16,,24,,32,,48,,52,,1333,,2605,,3636,,4252,,5522,,5484
151,"bath_abbey",,8,,9,,95,,9333,,95,,94,,16,,28,,4,,52,,72,,76,,2667,,4271,,563,,6679,,8192,,8405
152,"salisbury_cathedral",1,0,,9,,95,,9333,,925,,94,,16,,28,,4,,4,,6,,68,,2759,,4271,,563,,56,,7279,,7891
153,"templo_de_debod",,6,,4,,4,,4,,475,,44,,0909,,1364,,2273,,3636,,5909,,6364,,1579,,2034,,2899,,381,,5267,,5203
154,"Niagara_Falls",,8,,6,,6,,6333,,6,,58,,1364,,2273,,3182,,4091,,5,,5455,,233,,3297,,4158,,4971,,5455,,5622
155,"Golden_Gate_Bridge_in_San_Francisco",,8,,9,,95,,9667,,95,,96,,1364,,3182,,4545,,5909,,8182,,8182,,233,,4701,,6149,,7335,,8792,,8834
156,"Neuschwanstein_Castle",1,0,,9,,95,,9667,,975,,98,,2,,32,,52,,6,,64,,68,,3333,,4721,,6721,,7404,,7728,,8029
157,"Christ_Church_Cathedral_Missouri",1,0,1,0,1,0,,8667,,85,,84,,12,,28,,4,,48,,56,,68,,2143,,4375,,5714,,6178,,6752,,7516
158,"Mount_Rushmore_in_South_Dakota",1,0,1,0,1,0,,9667,,875,,9,,16,,32,,52,,64,,68,,68,,2759,,4848,,6842,,7701,,7653,,7747
159,"Puerta_de_Toledo",,0,,1,,05,,0333,,025,,02,,0,,5,,5,,5,,5,,5,,0,,1667,,0909,,0625,,0476,,0385
160,"Urquhart_Castle",1,0,,9,,75,,7333,,75,,8,,1667,,2917,,3333,,4583,,5833,,7083,,2857,,4406,,4615,,5641,,6562,,7514
161,"Gare_du_Nord_Paris",,8,,7,,75,,7667,,775,,82,,12,,16,,28,,44,,6,,68,,2087,,2605,,4078,,5591,,6764,,7435
162,"Newgrange_in_Ireland",,8,,6,,55,,6333,,625,,64,,1667,,25,,3333,,4167,,5,,5417,,2759,,3529,,4151,,5026,,5556,,5867
163,"Windmills_at_Kinderdijk",1,0,1,0,,95,,9667,,925,,88,,12,,16,,32,,48,,52,,52,,2143,,2759,,4787,,6415,,6657,,6537
164,"Conciergerie",1,0,1,0,,95,,9667,,925,,92,,12,,24,,4,,48,,64,,64,,2143,,3871,,563,,6415,,7565,,7549
165,"Palazzo_Madama",,8,,7,,7,,6,,575,,52,,1818,,3182,,5,,5909,,7273,,7727,,2963,,4375,,5833,,5954,,6422,,6217
166,"Split_Rock_Lighthouse",,8,,8,,85,,7667,,725,,76,,16,,24,,36,,4,,44,,52,,2667,,3692,,5058,,5257,,5476,,6175
167,"The_Little_Mermaid_Denmark",1,0,,9,,75,,6333,,575,,54,,2143,,2143,,4286,,5,,5714,,6429,,3529,,3462,,5455,,5588,,5732,,587
168,"Great_Pyramid_of_Giza",,8,,7,,65,,6667,,675,,62,,2667,,3333,,4667,,6,,6667,,7333,,4,,4516,,5433,,6316,,6708,,6719
169,"Pitti_Palace",,6,,6,,65,,5667,,675,,72,,1364,,2273,,4091,,5,,5455,,5909,,2222,,3297,,5021,,5312,,6034,,6491
170,"Georgia_State_Capitol",,6,,5,,35,,2333,,275,,28,,1579,,2632,,2632,,2632,,3158,,3158,,25,,3448,,3004,,2473,,294,,2968
171,"Dome_des_Invalides",1,0,1,0,1,0,1,0,1,0,1,0,,16,,24,,44,,48,,56,,68,,2759,,3871,,6111,,6486,,7179,,8095
172,"Reggia_di_Caserta",,8,,8,,7,,7667,,75,,74,,16,,24,,4,,6,,68,,68,,2667,,3692,,5091,,6732,,7133,,7087
173,"The_Burj_al_Arab_Hotel",,8,,8,,8,,7667,,7,,68,,12,,2,,36,,4,,48,,52,,2087,,32,,4966,,5257,,5695,,5893
174,"Elephanta_Caves",1,0,1,0,1,0,,9667,,75,,76,,2083,,3333,,5833,,6667,,6667,,75,,3448,,5,,7368,,7891,,7059,,755
175,"Basilica_of_Santa_Croce",1,0,1,0,1,0,1,0,,975,,98,,2,,4,,56,,64,,68,,8,,3333,,5714,,7179,,7805,,8012,,8809
176,"Aachen_Cathedral",,6,,8,,85,,9,,9,,9,,08,,2,,4,,48,,56,,72,,1412,,32,,544,,6261,,6904,,8
177,"Monument_to_the_Great_Fire_of_London",,8,,8,,55,,6,,625,,62,,16,,32,,32,,48,,64,,68,,2667,,4571,,4046,,5333,,6324,,6486
178,"Longmen_Grottoes",,2,,6,,6,,6,,6,,62,,04,,2,,44,,56,,68,,68,,0667,,3,,5077,,5793,,6375,,6486
179,"Louisiana_State_Capitol",,4,,4,,25,,3333,,3,,34,,08,,16,,2,,36,,44,,52,,1333,,2286,,2222,,3462,,3568,,4112
180,"The_Great_Sphinx_at_Giza",1,0,1,0,,85,,8,,825,,8,,08,,24,,28,,4,,48,,56,,1481,,3871,,4212,,5333,,6069,,6588
181,"Teatro_Real_Madrid",,4,,5,,75,,6333,,65,,66,,087,,1739,,4348,,4783,,5652,,6522,,1429,,2581,,5505,,545,,6047,,6561
182,"Palacio_de_la_Magdalena",1,0,,9,,75,,8,,775,,76,,16,,28,,36,,56,,64,,72,,2759,,4271,,4865,,6588,,7011,,7395
183,"Sowjetisches_Ehrenmal",,6,,7,,6,,6667,,65,,66,,12,,2,,4,,48,,64,,68,,2,,3111,,48,,5581,,645,,6699
184,"Cathedral_of_Trier",1,0,,9,,9,,8667,,875,,84,,2,,32,,44,,6,,72,,72,,3333,,4721,,591,,7091,,79,,7754
185,"Saint_Mary_of_the_Flower",,4,,3,,25,,4,,4,,36,,08,,12,,2,,32,,36,,36,,1333,,1714,,2222,,3556,,3789,,36
186,"Skellig_Michael",,8,,7,,8,,8333,,825,,78,,12,,24,,44,,56,,64,,64,,2087,,3574,,5677,,6699,,7208,,7031
187,"Chicago_Board_of_Trade_Building",,8,,7,,65,,5667,,575,,56,,1818,,1818,,3636,,3636,,4545,,5,,2963,,2887,,4664,,443,,5077,,5283
188,"Pont_de_Normandie_France",1,0,1,0,,8,,8,,8,,76,,1579,,4211,,5789,,6842,,8947,1,0,,2727,,5926,,6718,,7376,,8447,,8636
189,"Palazzo_Rosso",,2,,2,,15,,1,,075,,08,,0417,,0833,,125,,125,,125,,125,,069,,1176,,1364,,1111,,0937,,0976
190,"Piazza_Vittorio_Veneto",,6,,5,,35,,5333,,4,,34,,1875,,3125,,375,,5625,,5625,,5625,,2857,,3846,,3621,,5475,,4675,,4238
191,"Sforza_Castle",1,0,1,0,1,0,1,0,,975,,94,,16,,2,,4,,52,,64,,68,,2759,,3333,,5714,,6842,,7728,,7891
192,"Torres_KIO",1,0,,9,,95,,8333,,825,,84,,2,,28,,4,,48,,64,,68,,3333,,4271,,563,,6091,,7208,,7516
193,"Torre_Picasso",,6,,7,,65,,6333,,7,,7,,125,,25,,375,,5,,5417,,5833,,2069,,3684,,4756,,5588,,6107,,6364
194,"The_Palace_of_Parliament_in_Bucharest",1,0,,7,,85,,8333,,75,,78,,2,,24,,36,,52,,64,,64,,3333,,3574,,5058,,6404,,6906,,7031
195,"Ernest_Hemingway_House",,6,,8,,85,,7667,,8,,76,,12,,2,,44,,52,,56,,68,,2,,32,,5798,,6197,,6588,,7178
196,"Castel_dellOvo_Napoli",,4,,7,,8,,7667,,725,,72,,08,,2,,44,,64,,72,,72,,1333,,3111,,5677,,6976,,7225,,72
197,"Villa_Borghese_gardens",1,0,1,0,1,0,1,0,,975,,98,,12,,28,,48,,56,,64,,72,,2143,,4375,,6486,,7179,,7728,,8301
198,"Saint_Marks_Basilica",1,0,1,0,1,0,,9333,,925,,92,,12,,24,,24,,4,,44,,64,,2143,,3871,,3871,,56,,5963,,7549
199,"Mausoleum_of_the_First_Qin_Emperor",,8,,7,,65,,7,,725,,76,,12,,24,,36,,48,,56,,76,,2087,,3574,,4634,,5695,,6319,,76
200,"Mausoleum_of_Hadrian",1,0,,8,,75,,5667,,6,,64,,2222,,3333,,5,,5,,6111,,7222,,3636,,4706,,6,,5312,,6055,,6786
201,"Piazza_de_Ferrari",1,0,1,0,1,0,,9333,,9,,92,,2105,,2632,,4737,,5263,,5263,,5789,,3478,,4167,,6429,,6731,,6642,,7107
202,"George_Washington_Carver",,6,,5,,5,,4667,,475,,5,,1875,,3125,,3125,,375,,4375,,5,,2857,,3846,,3846,,4158,,4555,,5
203,"Cathedral_of_Santiago_de_Compostela",1,0,,8,,7,,7667,,7,,68,,1176,,2353,,4118,,5882,,7059,,7647,,2105,,3636,,5185,,6657,,7029,,7199
204,"Saint-Jacques_Tower",,8,,7,,75,,7667,,8,,82,,1538,,2308,,3077,,3846,,5385,,6923,,2581,,3471,,4364,,5122,,6437,,7508
205,"Calakmul_Campeche_Mexico",1,0,1,0,,95,,7333,,725,,7,,3571,,5714,,7143,,7143,,8571,1,0,,5263,,7273,,8155,,7237,,7856,,8235
206,"Bran_Castle_in_Transylvania",,8,,8,,85,,8,,825,,84,,2105,,3684,,5263,,6316,,6842,,7368,,3333,,5045,,6501,,7059,,748,,785
207,"Mosteiro_da_Batalha",1,0,1,0,1,0,1,0,1,0,1,0,,2105,,3158,,5789,,6842,,7368,,7895,,3478,,48,,7333,,8125,,8485,,8824
208,"Wartburg_Castle",1,0,1,0,,95,,9667,,975,,98,,25,,4,,5,,6,,75,,9,,4,,5714,,6552,,7404,,8478,,9383
209,"Fujian_Tulou_Fujian_China",,8,,9,,95,,9333,,9,,9,,2222,,3333,,6111,,6111,,6667,,7222,,3478,,4865,,7438,,7386,,766,,8014
210,"Alabama_State_Capitol",,8,,7,,85,,7333,,675,,68,,1429,,2857,,5238,,6667,,7619,,8095,,2424,,4058,,6482,,6984,,7158,,7391
211,"Palazzo_dAccursio",,4,,5,,65,,5667,,5,,52,,1111,,2222,,4444,,5,,5556,,6667,,1739,,3077,,5279,,5312,,5263,,5843
212,"Casa_Grande_Ruins",1,0,,8,,75,,7667,,75,,74,,1765,,3529,,3529,,4118,,5294,,5882,,3,,4898,,48,,5358,,6207,,6554
213,"Stravinsky_Fountain",1,0,1,0,,95,,9,,85,,84,,1333,,2667,,4667,,6,,6,,6,,2353,,4211,,6259,,72,,7034,,7
214,"Angel_Falls_Venezuela",,6,,8,,6,,5333,,5,,52,,1765,,2941,,4706,,4706,,5882,,6471,,2727,,4301,,5275,,5,,5405,,5766
215,"Statue_of_George_IV",,4,,4,,4,,3333,,275,,28,,25,,5,,625,,75,,75,,75,,3077,,4444,,4878,,4615,,4024,,4078
216,"Palacio_Barolo",,8,,8,,85,,9,,85,,84,,1176,,2941,,4118,,5882,,6471,,7059,,2051,,4301,,5548,,7115,,7348,,7671
217,"Bridge_of_Remembrance_Christchurch_New_Zealand",,8,,7,,7,,5,,425,,4,,25,,3333,,6667,,6667,,75,,9167,,381,,4516,,6829,,5714,,5426,,557
218,"John_A._Roebling_Suspension_Bridge",,0,,3,,35,,4,,375,,42,,0,,2,,3333,,6,,6667,,7333,,0,,24,,3415,,48,,48,,5341
219,"Blue_Dome_Santorini",1,0,1,0,,9,,7,,75,,72,,25,,4375,,625,,625,,6875,,8125,,4,,6087,,7377,,6604,,7174,,7635
220,"Fossar_de_les_Moreres",,2,,4,,5,,3667,,3,,38,,0714,,2143,,5,,5,,5714,,7857,,1053,,2791,,5,,4231,,3934,,5123
221,"Luxor_Obelisk_France",,8,,8,,65,,7333,,725,,74,,25,,3125,,3125,,375,,4375,,5625,,381,,4494,,4221,,4962,,5457,,6392
222,"Valle_de_los_Caidos",1,0,1,0,,95,,9667,,95,,94,,25,,4,,5,,65,,8,,85,,4,,5714,,6552,,7773,,8686,,8927
--------------------
"--","Avg.",P@5,P@10,P@20,P@30,P@40,P@50,CR@5,CR@10,CR@20,CR@30,CR@40,CR@50,F1@5,F1@10,F1@20,F1@30,F1@40,F1@50
,,,7937,,7806,,7667,,7509,,7366,,7355,,1501,,2615,,4112,,5195,,6075,,6726,,2497,,3839,,5254,,603,,6535,,6894