--------------------
"Run name","output_runACCDtrs"
--------------------
"Average P@20 = ",,7764
"Average CR@20 = ",,418
"Average F1@20 = ",,5325
--------------------
"Query Id ","Location name",P@5,P@10,P@20,P@30,P@40,P@50,CR@5,CR@10,CR@20,CR@30,CR@40,CR@50,F1@5,F1@10,F1@20,F1@30,F1@40,F1@50
1,"angel_of_the_north",1,0,1,0,1,0,1,0,1,0,,98,,2,,36,,52,,6,,68,,72,,3333,,5294,,6842,,75,,8095,,8301
2,"big_ben",1,0,1,0,1,0,1,0,,95,,9,,1818,,3182,,3636,,4545,,5,,5909,,3077,,4828,,5333,,625,,6552,,7134
3,"hearst_castle",1,0,,9,,95,,9667,,925,,92,,2083,,375,,625,,7917,,7917,,8333,,3448,,5294,,754,,8705,,8532,,8745
4,"la_madeleine",,6,,6,,5,,4667,,5,,48,,2143,,3571,,5714,,7143,,7857,,8571,,3158,,4478,,5333,,5645,,6111,,6154
5,"pont_alexandre_iii",1,0,1,0,,95,,9667,,95,,96,,16,,24,,48,,56,,64,,64,,2759,,3871,,6378,,7092,,7648,,768
6,"neues_museum",,0,,4,,3,,4333,,475,,5,,0,,16,,2,,36,,4,,52,,0,,2286,,24,,3933,,4343,,5098
7,"montezuma_castle",,6,,6,,75,,7333,,725,,62,,25,,25,,6667,,6667,,75,,8333,,3529,,3529,,7059,,6984,,7373,,711
8,"cn_tower",,6,,7,,8,,7333,,75,,68,,0833,,25,,4583,,5833,,6667,,6667,,1463,,3684,,5828,,6498,,7059,,6733
9,"acropolis_athens",1,0,,9,,9,,8667,,875,,84,,1429,,2857,,4286,,4762,,5238,,5714,,25,,4337,,5806,,6147,,6553,,6802
10,"agra_fort",,8,,9,,85,,8667,,875,,86,,12,,28,,48,,6,,76,,84,,2087,,4271,,6135,,7091,,8135,,8499
11,"albert_memorial",,4,,6,,75,,7667,,8,,82,,0455,,0909,,2727,,2727,,5,,5909,,0816,,1579,,4,,4023,,6154,,6869
12,"altes_museum",,6,,6,,65,,7,,675,,66,,125,,25,,375,,5417,,625,,6667,,2069,,3529,,4756,,6107,,649,,6633
13,"amiens_cathedral",1,0,,9,,95,,9333,,95,,96,,2,,32,,52,,64,,76,,84,,3333,,4721,,6721,,7593,,8444,,896
14,"angkor_wat",1,0,,8,,7,,7333,,75,,72,,2,,24,,32,,52,,64,,72,,3333,,3692,,4392,,6085,,6906,,72
15,"ara_pacis",1,0,,8,,75,,7,,675,,68,,2273,,3182,,5455,,6818,,7727,,7727,,3704,,4553,,6316,,6908,,7206,,7234
16,"arc_de_triomphe",1,0,1,0,,85,,8333,,85,,8,,125,,25,,4167,,5417,,6667,,6667,,2222,,4,,5592,,6566,,7473,,7273
17,"aztec_ruins",,2,,1,,15,,2333,,225,,22,,04,,04,,08,,2,,2,,24,,0667,,0571,,1043,,2154,,2118,,2296
18,"berlin_cathedral",1,0,1,0,,95,,9333,,95,,92,,2,,36,,52,,64,,64,,68,,3333,,5294,,6721,,7593,,7648,,782
19,"bok_tower_gardens",,4,,7,,8,,8333,,85,,86,,08,,28,,52,,64,,76,,8,,1333,,4,,6303,,724,,8025,,8289
20,"brandenburg_gate",1,0,,9,,95,,9667,,95,,94,,16,,24,,4,,56,,6,,64,,2759,,3789,,563,,7092,,7355,,7615
21,"cabrillo",,4,,2,,2,,1667,,15,,12,,1538,,1538,,2308,,3077,,3846,,3846,,2222,,1739,,2143,,2162,,2158,,1829
22,"casa_batllo",1,0,1,0,,85,,9,,925,,94,,2,,28,,36,,52,,64,,76,,3333,,4375,,5058,,6592,,7565,,8405
23,"casa_rosada",1,0,,9,,95,,9,,9,,9,,16,,32,,56,,64,,76,,8,,2759,,4721,,7046,,7481,,8241,,8471
24,"castillo_de_san_marcos",1,0,,9,,85,,8333,,775,,76,,2,,32,,48,,52,,64,,72,,3333,,4721,,6135,,6404,,7011,,7395
25,"chartres_cathedral",1,0,1,0,,95,,9,,925,,92,,16,,28,,44,,56,,64,,68,,2759,,4375,,6014,,6904,,7565,,782
26,"chichen_itza",,8,,7,,75,,8,,825,,86,,16,,2,,44,,52,,6,,64,,2667,,3111,,5546,,6303,,6947,,7339
27,"christ_the_redeemer_rio",,8,,7,,6,,6,,575,,64,,1739,,2174,,2609,,3478,,4348,,5652,,2857,,3318,,3636,,4404,,4952,,6003
28,"civic_center_san_francisco",,8,,8,,75,,7333,,65,,64,,16,,32,,4,,48,,52,,6,,2667,,4571,,5217,,5802,,5778,,6194
29,"cologne_cathedral",1,0,1,0,1,0,,9667,,975,,98,,16,,32,,56,,6,,68,,76,,2759,,4848,,7179,,7404,,8012,,8561
30,"colosseum",1,0,,9,,95,,9,,925,,92,,2,,32,,56,,6,,64,,68,,3333,,4721,,7046,,72,,7565,,782
31,"doge_s_palace",,8,,9,,8,,8,,825,,82,,16,,32,,4,,48,,48,,48,,2667,,4721,,5333,,6,,6069,,6055
32,"eiffel_tower",1,0,1,0,1,0,1,0,,925,,94,,12,,2,,32,,52,,56,,64,,2143,,3333,,4848,,6842,,6976,,7615
33,"golden_gate_bridge",,8,,9,,8,,8,,75,,76,,1739,,3043,,3913,,4783,,5652,,5652,,2857,,4549,,5255,,5986,,6446,,6483
34,"grand_palais",1,0,,9,,9,,9,,925,,92,,1818,,2727,,4545,,4545,,6818,,7727,,3077,,4186,,604,,604,,785,,84
35,"guggenheim_museum_bilbao",1,0,1,0,1,0,1,0,,975,,94,,16,,24,,4,,48,,6,,64,,2759,,3871,,5714,,6486,,7429,,7615
36,"hagia_sophia_istanbul",1,0,1,0,1,0,1,0,1,0,1,0,,08,,16,,32,,52,,6,,8,,1481,,2759,,4848,,6842,,75,,8889
37,"hoover_dam",1,0,1,0,,95,,9,,925,,94,,16,,2,,4,,52,,64,,68,,2759,,3333,,563,,6592,,7565,,7891
38,"humayun_tomb",1,0,,8,,75,,7333,,775,,8,,12,,24,,36,,52,,6,,72,,2143,,3692,,4865,,6085,,6764,,7579
39,"iguazu_falls",,4,,6,,6,,6333,,675,,74,,08,,2,,36,,52,,68,,84,,1333,,3,,45,,5711,,6775,,7868
40,"iolani_palace",1,0,,9,,8,,7333,,675,,68,,2,,28,,4,,56,,56,,76,,3333,,4271,,5333,,6351,,6121,,7178
41,"la_mezquita",,8,,8,,75,,6667,,65,,62,,1667,,2917,,4167,,4583,,5833,,625,,2759,,4275,,5357,,5432,,6149,,6225
42,"la_rambla_barcelona",,8,,9,,85,,9,,9,,9,,12,,28,,44,,52,,56,,68,,2087,,4271,,5798,,6592,,6904,,7747
43,"la_sainte_chapelle",1,0,1,0,,95,,9333,,9,,92,,12,,24,,52,,64,,64,,76,,2143,,3871,,6721,,7593,,7481,,8324
44,"liberty_memorial",,6,,6,,7,,7,,65,,68,,08,,16,,28,,32,,36,,52,,1412,,2526,,4,,4392,,4634,,5893
45,"lincoln_home",1,0,,8,,8,,8333,,825,,86,,2222,,3333,,5556,,6111,,6111,,7222,,3636,,4706,,6557,,7051,,7021,,7851
46,"machu_picchu",1,0,,8,,8,,8333,,775,,8,,16,,24,,4,,6,,68,,72,,2759,,3692,,5333,,6977,,7244,,7579
47,"marble_arch_london",,6,,7,,55,,4333,,4,,4,,25,,3333,,6667,,6667,,6667,,8333,,3529,,4516,,6027,,5253,,5,,5405
48,"milan_cathedral",1,0,1,0,,9,,9333,,925,,94,,16,,32,,44,,56,,64,,72,,2759,,4848,,591,,7,,7565,,8154
49,"mole_antonelliana",,8,,9,,9,,7333,,675,,68,,08,,2,,28,,36,,4,,48,,1455,,3273,,4271,,4829,,5023,,5628
50,"mont_saint_michel",,8,,9,,9,,8667,,875,,9,,12,,28,,44,,48,,56,,68,,2087,,4271,,591,,6178,,6829,,7747
51,"moulin_rouge",,0,,0,,05,,0667,,05,,08,,0,,0,,125,,25,,25,,5,,0,,0,,0714,,1053,,0833,,1379
52,"nelson_s_column",,8,,9,,9,,9333,,875,,9,,125,,2083,,375,,5,,5833,,6667,,2162,,3383,,5294,,6512,,7,,766
53,"notre_dame_de_paris",1,0,,9,,95,,9,,9,,86,,16,,28,,56,,64,,72,,72,,2759,,4271,,7046,,7481,,8,,7838
54,"obelisco",,2,,1,,15,,1667,,175,,22,,0909,,0909,,1818,,3636,,5455,,6364,,125,,0952,,1644,,2286,,265,,327
55,"piccadilly_circus",,6,,8,,85,,8333,,8,,76,,1304,,3043,,4783,,5652,,6522,,6957,,2143,,4409,,6121,,6736,,7186,,7264
56,"place_de_la_concorde",,8,,9,,95,,9667,,95,,96,,08,,16,,36,,52,,64,,68,,1455,,2717,,5221,,6762,,7648,,7961
57,"place_de_la_republique",,2,,1,,2,,2667,,225,,22,,125,,125,,375,,5,,625,,75,,1538,,1111,,2609,,3478,,3309,,3402
58,"place_des_vosges",,6,,7,,6,,6333,,65,,7,,08,,12,,24,,32,,4,,64,,1412,,2049,,3429,,4252,,4952,,6687
59,"pont_du_gard",,8,,7,,6,,6333,,7,,74,,16,,24,,32,,4,,52,,6,,2667,,3574,,4174,,4903,,5967,,6627
60,"pont_neuf",1,0,,8,,75,,7333,,625,,66,,16,,2,,36,,4,,48,,56,,2759,,32,,4865,,5176,,543,,6059
61,"ponte_vecchio",,8,,8,,75,,7667,,725,,68,,1667,,25,,3333,,5417,,5833,,6667,,2759,,381,,4615,,6348,,6465,,6733
62,"puerta_de_alcala",,2,,4,,5,,4333,,4,,48,,0526,,2105,,4211,,4211,,4211,,5263,,0833,,2759,,4571,,4271,,4103,,5021
63,"puerta_del_sol",,8,,6,,5,,5333,,5,,44,,2,,25,,35,,4,,5,,55,,32,,3529,,4118,,4571,,5,,4889
64,"red_fort",1,0,1,0,1,0,1,0,1,0,1,0,,2,,32,,48,,64,,68,,72,,3333,,4848,,6486,,7805,,8095,,8372
65,"reims_cathedral",1,0,1,0,,95,,9667,,975,,98,,16,,32,,44,,48,,56,,68,,2759,,4848,,6014,,6415,,7114,,8029
66,"rialto_bridge",1,0,,7,,7,,6333,,6,,6,,25,,25,,4375,,5625,,5625,,6875,,4,,3684,,5385,,5958,,5806,,6408
67,"roman_forum_rome",,6,,7,,75,,7333,,725,,66,,12,,24,,4,,44,,56,,56,,2,,3574,,5217,,55,,6319,,6059
68,"sacre_coeur",,4,,6,,55,,5667,,575,,6,,0833,,1667,,375,,4583,,5833,,5833,,1379,,2609,,4459,,5068,,5791,,5915
69,"sagrada_familia",,8,,9,,95,,9667,,95,,94,,16,,24,,44,,56,,6,,68,,2667,,3789,,6014,,7092,,7355,,7891
70,"santa_maria_novella",,6,,7,,7,,6,,55,,54,,12,,24,,4,,44,,48,,48,,2,,3574,,5091,,5077,,5126,,5082
71,"schonbrunn_palace",1,0,1,0,1,0,1,0,,975,,98,,16,,24,,48,,52,,6,,64,,2759,,3871,,6486,,6842,,7429,,7743
72,"seville_cathedral",,6,,8,,9,,9,,925,,92,,12,,28,,44,,48,,6,,68,,2,,4148,,591,,6261,,7279,,782
73,"spanish_steps",1,0,,8,,65,,6667,,625,,68,,1364,,2273,,3636,,5,,5909,,6818,,24,,354,,4664,,5714,,6075,,6809
74,"st__basil_cathedral",1,0,1,0,,85,,9,,825,,84,,2,,36,,48,,56,,64,,64,,3333,,5294,,6135,,6904,,7208,,7265
75,"statue_of_liberty",,8,,9,,85,,8333,,8,,84,,16,,28,,44,,52,,64,,68,,2667,,4271,,5798,,6404,,7111,,7516
76,"stonehenge",,6,,5,,55,,5333,,525,,5,,0526,,1053,,2632,,4211,,5789,,6316,,0968,,1739,,356,,4706,,5507,,5581
77,"summer_palace_beijing",1,0,1,0,,95,,9667,,95,,9,,16,,28,,44,,6,,68,,72,,2759,,4375,,6014,,7404,,7926,,8
78,"sydney_opera_house",1,0,1,0,,9,,9333,,925,,9,,16,,32,,4,,52,,6,,64,,2759,,4848,,5538,,6679,,7279,,7481
79,"teotihuacan",,8,,7,,6,,6667,,675,,72,,16,,2,,36,,48,,52,,64,,2667,,3111,,45,,5581,,5874,,6776
80,"terracotta_army",,8,,6,,65,,6,,6,,62,,2,,25,,55,,55,,6,,75,,32,,3529,,5958,,5739,,6,,6788
81,"the_blue_mosque",1,0,,9,,85,,8667,,9,,92,,2,,24,,32,,44,,56,,68,,3333,,3789,,465,,5837,,6904,,782
82,"the_henry_ford",1,0,1,0,,85,,7333,,75,,72,,16,,32,,52,,56,,64,,64,,2759,,4848,,6453,,6351,,6906,,6776
83,"taj_mahal",1,0,,9,,9,,9,,925,,88,,16,,24,,32,,48,,6,,6,,2759,,3789,,4721,,6261,,7279,,7135
84,"tour_montparnasse",,8,,7,,5,,4667,,425,,4,,15,,25,,4,,55,,65,,65,,2526,,3684,,4444,,5049,,514,,4952
85,"tower_bridge_london",,4,,5,,5,,5333,,525,,52,,08,,16,,28,,48,,56,,56,,1333,,2424,,359,,5053,,5419,,5393
86,"trafalgar_square",,8,,6,,55,,4667,,45,,46,,1364,,1818,,3636,,3636,,4091,,4545,,233,,2791,,4378,,4088,,4286,,4573
87,"leaning_tower_of_pisa",,6,,7,,5,,4667,,5,,52,,12,,24,,36,,4,,48,,52,,2,,3574,,4186,,4308,,4898,,52
88,"hermitage_museum_saint_petersburg",1,0,,8,,75,,8,,8,,84,,16,,2,,4,,52,,6,,68,,2759,,32,,5217,,6303,,6857,,7516
89,"jantar_mantar_jaipur",,4,,6,,75,,7667,,8,,8,,08,,2,,48,,64,,72,,76,,1333,,3,,5854,,6976,,7579,,7795
90,"lake_titicaca_peru",,2,,4,,55,,5,,5,,5,,0417,,125,,375,,5,,5833,,625,,069,,1905,,4459,,5,,5385,,5556
91,"the_great_wall_of_china",1,0,,8,,75,,8,,775,,8,,16,,24,,4,,52,,56,,6,,2759,,3692,,5217,,6303,,6502,,6857
92,"grande_arche_paris",,6,,7,,65,,7,,65,,66,,08,,16,,28,,32,,44,,56,,1412,,2605,,3914,,4392,,5248,,6059
93,"el_angel_mexico",,8,,6,,6,,6,,5,,54,,1905,,2381,,4286,,5714,,619,,6667,,3077,,3409,,5,,5854,,5532,,5967
94,"bibliotheque_nationale_de_france",1,0,,5,,65,,6333,,65,,68,,12,,12,,28,,36,,52,,56,,2143,,1935,,3914,,4591,,5778,,6142
95,"kronborg_castle",,6,,8,,8,,7667,,8,,82,,0833,,2917,,4583,,5833,,5833,,5833,,1463,,4275,,5828,,6626,,6747,,6817
96,"ajanta_caves",1,0,,9,,9,,9,,9,,88,,1364,,3182,,4545,,5455,,5455,,5455,,24,,4701,,604,,6792,,6792,,6735
97,"atomium",1,0,1,0,,95,,9333,,95,,94,,2381,,3333,,381,,5238,,5714,,6667,,3846,,5,,5438,,671,,7136,,7801
98,"ellora_caves",1,0,1,0,1,0,1,0,,975,,98,,0909,,2727,,5,,5455,,5909,,6364,,1667,,4286,,6667,,7059,,7358,,7717
99,"potala_palace",1,0,,7,,85,,8667,,825,,82,,2222,,2778,,5,,6111,,6111,,6111,,3636,,3977,,6296,,7168,,7021,,7003
100,"jokhang",,8,,9,,8,,8667,,775,,78,,16,,24,,48,,56,,56,,6,,2667,,3789,,6,,6804,,6502,,6783
101,"rila_monastery",,8,,8,,9,,8667,,85,,86,,12,,16,,32,,4,,44,,44,,2087,,2667,,4721,,5474,,5798,,5822
102,"louvre_pyramid",1,0,1,0,,9,,9,,9,,88,,2222,,3889,,5556,,6111,,6667,,6667,,3636,,56,,687,,7279,,766,,7586
103,"brooklyn_bridge",,8,,8,,85,,8667,,85,,84,,1429,,1905,,3333,,381,,4762,,5238,,2424,,3077,,4789,,5293,,6104,,6453
104,"tower_of_london",1,0,1,0,,85,,8,,775,,74,,1739,,2174,,3043,,3478,,4783,,6087,,2963,,3571,,4482,,4848,,5915,,668
105,"british_museum_london",1,0,1,0,,95,,9333,,925,,92,,15,,3,,35,,4,,45,,6,,2609,,4615,,5115,,56,,6055,,7263
106,"buckingham_palace",,8,,6,,5,,4333,,35,,34,,15,,2,,25,,25,,25,,25,,2526,,3,,3333,,3171,,2917,,2881
107,"charles_bridge_prague",1,0,,9,,75,,7667,,675,,64,,2083,,25,,375,,4167,,5,,5,,3448,,3913,,5,,5399,,5745,,5614
108,"champs_elysees_paris",1,0,,7,,7,,6667,,575,,58,,2667,,2667,,4,,4667,,4667,,5333,,4211,,3862,,5091,,549,,5152,,5557
109,"chrysler_building",1,0,1,0,1,0,1,0,1,0,,98,,2143,,5,,6429,,6429,,7143,,8571,,3529,,6667,,7826,,7826,,8333,,9145
110,"moma_new_york",,6,,8,,85,,8667,,875,,88,,1579,,2632,,3158,,4737,,6316,,6842,,25,,396,,4605,,6126,,7336,,7699
111,"grand_central_terminal",1,0,1,0,,95,,9333,,95,,96,,0952,,1905,,2857,,3333,,5238,,619,,1739,,32,,4393,,4912,,6753,,7527
112,"houses_of_parliament",1,0,,9,,9,,9333,,95,,92,,1739,,2609,,4348,,5217,,5652,,6087,,2963,,4045,,5863,,6693,,7088,,7327
113,"alexanderplatz_berlin",,6,,6,,7,,6667,,625,,64,,12,,16,,28,,36,,4,,48,,2,,2526,,4,,4675,,4878,,5486
114,"centre_pompidou",1,0,,7,,65,,6333,,625,,7,,2778,,3333,,5,,5556,,6111,,7222,,4348,,4516,,5652,,5919,,618,,7109
115,"sydney_harbour_bridge",1,0,1,0,1,0,1,0,1,0,,98,,25,,375,,5,,625,,75,,75,,4,,5455,,6667,,7692,,8571,,8497
116,"pier_39",,8,,9,,95,,9,,925,,9,,1905,,1905,,4286,,5238,,619,,7143,,3077,,3144,,5907,,6622,,7417,,7965
117,"coit_tower",,6,,6,,7,,6333,,55,,6,,0667,,1333,,2667,,3333,,4,,5333,,12,,2182,,3862,,4368,,4632,,5647
118,"st_paul_s_cathedral_london",1,0,,9,,75,,8,,8,,78,,2941,,4706,,5294,,5882,,7647,,7647,,4545,,618,,6207,,678,,782,,7723
119,"cloud_gate",,8,,6,,55,,6,,625,,64,,25,,3333,,5,,5833,,5833,,5833,,381,,4286,,5238,,5915,,6034,,6104
120,"musee_d_orsay",1,0,,9,,9,,9333,,9,,92,,1429,,1905,,381,,5238,,5714,,7143,,25,,3144,,5353,,671,,699,,8042
121,"pike_place_market",1,0,1,0,,8,,8,,8,,8,,1905,,3333,,4286,,5714,,5714,,5714,,32,,5,,5581,,6667,,6667,,6667
122,"royal_palace_madrid",,8,,7,,7,,7333,,725,,76,,1364,,2727,,4091,,5909,,6818,,6818,,233,,3925,,5164,,6545,,7027,,7188
123,"sony_center_berlin",,8,,9,,95,,9667,,95,,94,,1429,,2381,,381,,5238,,5238,,5238,,2424,,3766,,5438,,6794,,6753,,6727
124,"red_square_moscow",,8,,9,,7,,7333,,775,,78,,1905,,2857,,4286,,5714,,619,,7143,,3077,,4337,,5316,,6423,,6883,,7457
125,"prague_castle",1,0,1,0,1,0,,8667,,85,,84,,2,,32,,44,,6,,72,,72,,3333,,4848,,6111,,7091,,7796,,7754
126,"musee_du_louvre",1,0,1,0,1,0,1,0,1,0,,98,,16,,28,,44,,56,,6,,64,,2759,,4375,,6111,,7179,,75,,7743
127,"millennium_bridge_london",,6,,8,,85,,8,,75,,76,,12,,24,,44,,52,,6,,68,,2,,3692,,5798,,6303,,6667,,7178
128,"casa_mila",,8,,8,,85,,8667,,9,,92,,16,,32,,4,,52,,6,,64,,2667,,4571,,544,,65,,72,,7549
129,"national_gallery_london",,8,,8,,7,,7,,675,,64,,1818,,3182,,4091,,4545,,4545,,4545,,2963,,4553,,5164,,5512,,5433,,5316
130,"national_mall",1,0,1,0,,9,,9,,9,,88,,2,,32,,48,,6,,8,,84,,3333,,4848,,6261,,72,,8471,,8595
131,"london_city_hall",1,0,,9,,9,,8,,75,,7,,25,,45,,55,,6,,6,,65,,4,,6,,6828,,6857,,6667,,6741
132,"holocaust_memorial",,8,,7,,6,,5667,,525,,52,,25,,3125,,4375,,4375,,5,,5,,381,,4321,,506,,4938,,5122,,5098
133,"columbus_circle",,6,,7,,65,,6333,,65,,62,,12,,28,,44,,52,,6,,64,,2,,4,,5248,,5711,,624,,6298
134,"siegessaeule",1,0,,8,,75,,6333,,6,,56,,16,,2,,32,,36,,44,,48,,2759,,32,,4486,,4591,,5077,,5169
135,"jardin_du_luxembourg",,8,,9,,95,,9333,,925,,92,,16,,28,,52,,64,,8,,84,,2667,,4271,,6721,,7593,,858,,8782
136,"merlion_singapore",,0,,1,,3,,2667,,275,,36,,0,,0455,,2273,,3182,,4545,,6364,,0,,0625,,2586,,2902,,3427,,4599
137,"harrods_london",,8,,9,,95,,9333,,95,,9,,16,,24,,44,,52,,56,,64,,2667,,3789,,6014,,6679,,7046,,7481
138,"metropolitan_museum_of_art_new_york",1,0,1,0,1,0,1,0,1,0,,96,,16,,28,,4,,52,,56,,68,,2759,,4375,,5714,,6842,,7179,,7961
139,"new_york_stock_exchange",1,0,,7,,65,,7333,,65,,66,,15,,25,,3,,5,,55,,65,,2609,,3684,,4105,,5946,,5958,,655
140,"stephansdom_vienna",1,0,1,0,1,0,1,0,1,0,1,0,,16,,36,,52,,6,,68,,68,,2759,,5294,,6842,,75,,8095,,8095
141,"hms_belfast",1,0,1,0,1,0,,9667,,975,,96,,12,,16,,4,,52,,64,,72,,2143,,2759,,5714,,6762,,7728,,8229
142,"leicester_square",,8,,7,,7,,7333,,75,,8,,16,,24,,36,,48,,48,,56,,2667,,3574,,4755,,5802,,5854,,6588
143,"ciudad_de_las_artes_y_las_ciencias",1,0,1,0,1,0,,9333,,925,,94,,2,,28,,52,,64,,64,,72,,3333,,4375,,6842,,7593,,7565,,8154
144,"topkapi_palace",1,0,1,0,,95,,9667,,975,,96,,16,,28,,44,,56,,64,,68,,2759,,4375,,6014,,7092,,7728,,7961
145,"royal_albert_hall",,8,,8,,65,,7,,7,,66,,16,,24,,36,,44,,48,,52,,2667,,3692,,4634,,5404,,5695,,5817
146,"st_vitus_cathedral",1,0,,8,,9,,9333,,95,,96,,16,,28,,48,,56,,64,,72,,2759,,4148,,6261,,7,,7648,,8229
147,"castello_sforzesco",,8,,8,,85,,9,,9,,92,,12,,2,,4,,48,,52,,64,,2087,,32,,544,,6261,,6592,,7549
148,"rijksmuseum_amsterdam",1,0,1,0,1,0,1,0,1,0,,98,,12,,24,,44,,48,,56,,6,,2143,,3871,,6111,,6486,,7179,,7443
149,"dam_square",1,0,,8,,6,,6,,625,,64,,16,,2,,28,,4,,44,,56,,2759,,32,,3818,,48,,5164,,5973
150,"rathaus_vienna",,8,,9,,7,,7,,625,,62,,16,,28,,32,,4,,44,,48,,2667,,4271,,4392,,5091,,5164,,5411
151,"bath_abbey",1,0,1,0,1,0,,9667,,975,,96,,16,,28,,4,,52,,64,,76,,2759,,4375,,5714,,6762,,7728,,8484
152,"salisbury_cathedral",1,0,1,0,1,0,,9667,,95,,94,,12,,2,,32,,52,,56,,6,,2143,,3333,,4848,,6762,,7046,,7325
153,"templo_de_debod",,2,,3,,15,,2333,,275,,36,,0455,,1364,,1364,,2273,,3182,,4545,,0741,,1875,,1429,,2303,,295,,4018
154,"Niagara_Falls",,4,,6,,6,,6333,,65,,62,,0455,,1818,,3182,,4545,,5455,,5909,,0816,,2791,,4158,,5292,,5932,,6051
155,"Golden_Gate_Bridge_in_San_Francisco",1,0,1,0,,95,,9333,,95,,96,,1364,,2273,,3182,,4545,,5909,,6364,,24,,3704,,4767,,6114,,7286,,7654
156,"Neuschwanstein_Castle",1,0,,9,,9,,9333,,925,,92,,16,,28,,48,,6,,72,,72,,2759,,4271,,6261,,7304,,8097,,8078
157,"Christ_Church_Cathedral_Missouri",1,0,1,0,,95,,9,,9,,88,,16,,32,,44,,52,,6,,68,,2759,,4848,,6014,,6592,,72,,7672
158,"Mount_Rushmore_in_South_Dakota",,8,,9,,95,,9333,,95,,94,,12,,24,,36,,44,,6,,68,,2087,,3789,,5221,,5981,,7355,,7891
159,"Puerta_de_Toledo",,2,,3,,15,,1,,075,,06,,5,1,0,1,0,1,0,1,0,1,0,,2857,,4615,,2609,,1818,,1395,,1132
160,"Urquhart_Castle",,8,,8,,9,,8667,,8,,78,,125,,2917,,4583,,5833,,6667,,7083,,2162,,4275,,6074,,6973,,7273,,7424
161,"Gare_du_Nord_Paris",,8,,7,,8,,7667,,775,,76,,12,,16,,32,,4,,4,,4,,2087,,2605,,4571,,5257,,5277,,5241
162,"Newgrange_in_Ireland",,6,,6,,6,,6,,625,,6,,125,,2083,,3333,,4583,,5,,5,,2069,,3093,,4286,,5197,,5556,,5455
163,"Windmills_at_Kinderdijk",1,0,1,0,,85,,9,,925,,94,,16,,32,,48,,6,,68,,72,,2759,,4848,,6135,,72,,7838,,8154
164,"Conciergerie",1,0,1,0,,95,,9333,,95,,94,,16,,28,,52,,68,,76,,8,,2759,,4375,,6721,,7868,,8444,,8644
165,"Palazzo_Madama",,6,,6,,65,,6667,,65,,6,,1364,,2727,,5,,5455,,6364,,6364,,2222,,375,,5652,,6,,6431,,6176
166,"Split_Rock_Lighthouse",1,0,1,0,,95,,9333,,9,,88,,16,,28,,44,,48,,56,,6,,2759,,4375,,6014,,634,,6904,,7135
167,"The_Little_Mermaid_Denmark",1,0,,8,,7,,7667,,675,,62,,2857,,3571,,5714,,7857,,8571,,8571,,4444,,4938,,6292,,7761,,7552,,7195
168,"Great_Pyramid_of_Giza",,6,,6,,55,,6333,,675,,64,,2,,2667,,4,,6,,7333,,7333,,3,,3692,,4632,,6162,,703,,6835
169,"Pitti_Palace",,8,,7,,7,,7333,,675,,66,,1818,,2273,,3636,,4545,,5455,,5909,,2963,,3431,,4786,,5612,,6034,,6235
170,"Georgia_State_Capitol",,6,,6,,5,,4,,375,,32,,1579,,2105,,2632,,2632,,2632,,2632,,25,,3117,,3448,,3175,,3093,,2888
171,"Dome_des_Invalides",1,0,1,0,1,0,1,0,,975,,98,,2,,24,,4,,44,,56,,6,,3333,,3871,,5714,,6111,,7114,,7443
172,"Reggia_di_Caserta",,6,,5,,6,,6333,,625,,68,,12,,16,,32,,48,,56,,64,,2,,2424,,4174,,5461,,5907,,6594
173,"The_Burj_al_Arab_Hotel",,8,,9,,8,,7667,,75,,78,,16,,32,,48,,56,,6,,72,,2667,,4721,,6,,6472,,6667,,7488
174,"Elephanta_Caves",1,0,1,0,,85,,9,,85,,86,,2083,,2917,,4583,,625,,625,,6667,,3448,,4516,,5955,,7377,,7203,,7511
175,"Basilica_of_Santa_Croce",1,0,1,0,1,0,1,0,,975,,98,,16,,28,,48,,56,,64,,76,,2759,,4375,,6486,,7179,,7728,,8561
176,"Aachen_Cathedral",1,0,,8,,9,,9333,,925,,9,,2,,2,,4,,44,,56,,6,,3333,,32,,5538,,5981,,6976,,72
177,"Monument_to_the_Great_Fire_of_London",,6,,6,,55,,5333,,5,,54,,12,,2,,32,,44,,44,,52,,2,,3,,4046,,4822,,4681,,5298
178,"Longmen_Grottoes",,6,,7,,85,,7667,,675,,64,,12,,28,,52,,56,,6,,68,,2,,4,,6453,,6472,,6353,,6594
179,"Louisiana_State_Capitol",,4,,2,,3,,3,,25,,28,,08,,08,,2,,24,,24,,32,,1333,,1143,,24,,2667,,2449,,2987
180,"The_Great_Sphinx_at_Giza",1,0,,8,,9,,8,,8,,8,,16,,28,,4,,48,,64,,68,,2759,,4148,,5538,,6,,7111,,7351
181,"Teatro_Real_Madrid",1,0,,9,,85,,7333,,675,,64,,2174,,3478,,5652,,6522,,7391,,7826,,3571,,5017,,679,,6904,,7056,,7042
182,"Palacio_de_la_Magdalena",,8,,7,,75,,7,,725,,68,,12,,2,,36,,44,,56,,64,,2087,,3111,,4865,,5404,,6319,,6594
183,"Sowjetisches_Ehrenmal",,4,,7,,65,,6667,,675,,66,,08,,24,,36,,48,,68,,84,,1333,,3574,,4634,,5581,,6775,,7392
184,"Cathedral_of_Trier",1,0,1,0,,95,,9,,875,,84,,16,,32,,52,,6,,68,,8,,2759,,4848,,6721,,72,,7653,,8195
185,"Saint_Mary_of_the_Flower",,0,,1,,45,,5,,475,,44,,0,,04,,32,,4,,4,,48,,0,,0571,,374,,4444,,4343,,4591
186,"Skellig_Michael",,8,,7,,75,,7667,,75,,76,,16,,24,,4,,52,,56,,68,,2667,,3574,,5217,,6197,,6412,,7178
187,"Chicago_Board_of_Trade_Building",1,0,,9,,85,,8,,7,,72,,1364,,2273,,4091,,5455,,6364,,6818,,24,,3629,,5523,,6486,,6667,,7004
188,"Pont_de_Normandie_France",1,0,,9,,95,,9333,,925,,9,,2632,,3684,,6316,,8421,,8947,,8947,,4167,,5228,,7587,,8854,,9096,,8974
189,"Palazzo_Rosso",,0,,0,,0,,0333,,075,,1,,0,,0,,0,,0417,,125,,2083,,0,,0,,0,,037,,0937,,1351
190,"Piazza_Vittorio_Veneto",,8,,6,,5,,4333,,4,,36,,125,,1875,,375,,4375,,5,,5625,,2162,,2857,,4286,,4354,,4444,,439
191,"Sforza_Castle",1,0,,9,,95,,9667,,9,,92,,2,,28,,44,,48,,56,,64,,3333,,4271,,6014,,6415,,6904,,7549
192,"Torres_KIO",1,0,1,0,,95,,9333,,925,,86,,2,,36,,52,,64,,64,,68,,3333,,5294,,6721,,7593,,7565,,7595
193,"Torre_Picasso",1,0,1,0,,85,,8,,825,,78,,2083,,2917,,375,,5417,,5417,,5833,,3448,,4516,,5204,,646,,654,,6675
194,"The_Palace_of_Parliament_in_Bucharest",1,0,,9,,95,,9667,,95,,94,,12,,24,,4,,52,,52,,6,,2143,,3789,,563,,6762,,6721,,7325
195,"Ernest_Hemingway_House",,8,,9,,85,,8333,,8,,72,,16,,32,,48,,6,,64,,72,,2667,,4721,,6135,,6977,,7111,,72
196,"Castel_dellOvo_Napoli",1,0,1,0,,9,,8667,,875,,84,,2,,36,,56,,6,,64,,72,,3333,,5294,,6904,,7091,,7393,,7754
197,"Villa_Borghese_gardens",1,0,1,0,1,0,,9667,,95,,96,,16,,28,,56,,68,,8,,92,,2759,,4375,,7179,,7984,,8686,,9396
198,"Saint_Marks_Basilica",1,0,1,0,1,0,1,0,1,0,,98,,12,,28,,36,,36,,44,,48,,2143,,4375,,5294,,5294,,6111,,6444
199,"Mausoleum_of_the_First_Qin_Emperor",1,0,1,0,,9,,8,,8,,78,,16,,24,,36,,36,,48,,64,,2759,,3871,,5143,,4966,,6,,7031
200,"Mausoleum_of_Hadrian",1,0,,9,,85,,8333,,8,,76,,2222,,3889,,4444,,7222,,7778,,8333,,3636,,5431,,5837,,7738,,7887,,795
201,"Piazza_de_Ferrari",1,0,,9,,95,,9667,,975,,94,,2632,,3158,,3684,,4737,,5263,,5263,,4167,,4675,,5309,,6358,,6836,,6748
202,"George_Washington_Carver",,8,,8,,65,,6333,,725,,7,,1875,,25,,4375,,4375,,5625,,5625,,3038,,381,,523,,5175,,6335,,6238
203,"Cathedral_of_Santiago_de_Compostela",1,0,1,0,,95,,9,,9,,88,,1765,,2941,,5882,,7647,,7647,,8235,,3,,4545,,7266,,8269,,8269,,8508
204,"Saint-Jacques_Tower",,6,,6,,75,,7667,,775,,76,,1538,,2308,,5385,,6154,,6154,,6923,,2449,,3333,,6269,,6827,,686,,7246
205,"Calakmul_Campeche_Mexico",1,0,,9,,8,,8,,775,,8,,2857,,3571,,5714,,6429,,7143,,7857,,4444,,5114,,6667,,7129,,7434,,7928
206,"Bran_Castle_in_Transylvania",1,0,1,0,,9,,8333,,85,,82,,1579,,2632,,3684,,4211,,5789,,6316,,2727,,4167,,5228,,5594,,6888,,7136
207,"Mosteiro_da_Batalha",1,0,1,0,1,0,1,0,1,0,1,0,,2632,,4211,,6316,,6316,,6316,,7368,,4167,,5926,,7742,,7742,,7742,,8485
208,"Wartburg_Castle",1,0,1,0,,95,,9333,,95,,92,,2,,25,,5,,7,,7,,8,,3333,,4,,6552,,8,,8061,,8558
209,"Fujian_Tulou_Fujian_China",1,0,1,0,1,0,1,0,,95,,94,,2778,,3889,,6111,,6111,,6667,,6667,,4348,,56,,7586,,7586,,7835,,7801
210,"Alabama_State_Capitol",,4,,4,,5,,6333,,6,,58,,0952,,1429,,3333,,5238,,5714,,6667,,1538,,2105,,4,,5734,,5854,,6203
211,"Palazzo_dAccursio",,8,,8,,65,,7333,,7,,66,,1111,,1667,,2778,,3889,,3889,,3889,,1951,,2759,,3892,,5083,,5,,4894
212,"Casa_Grande_Ruins",,8,,8,,9,,9,,875,,88,,1765,,3529,,4706,,4706,,5294,,5294,,2892,,4898,,618,,618,,6597,,6611
213,"Stravinsky_Fountain",1,0,1,0,,95,,9,,925,,9,,2667,,2667,,4,,4,,4667,,6,,4211,,4211,,563,,5538,,6204,,72
214,"Angel_Falls_Venezuela",,6,,6,,5,,5667,,6,,56,,1765,,1765,,3529,,5882,,7647,,7647,,2727,,2727,,4138,,5772,,6724,,6465
215,"Statue_of_George_IV",1,0,,6,,45,,4667,,425,,38,,5,,625,,625,,75,,75,,875,,6667,,6122,,5233,,5753,,5426,,5299
216,"Palacio_Barolo",1,0,1,0,,85,,8333,,875,,88,,2353,,2941,,4706,,5882,,6471,,7059,,381,,4545,,6058,,6897,,744,,7834
217,"Bridge_of_Remembrance_Christchurch_New_Zealand",1,0,1,0,,9,,8333,,7,,62,,4167,,5833,,75,,9167,,9167,,9167,,5882,,7368,,8182,,873,,7938,,7397
218,"John_A._Roebling_Suspension_Bridge",,2,,3,,25,,3333,,4,,42,,0667,,2,,3333,,5333,,6667,,7333,,1,,24,,2857,,4103,,5,,5341
219,"Blue_Dome_Santorini",1,0,,9,,9,,9333,,925,,92,,25,,5,,5625,,6875,,75,,8125,,4,,6429,,6923,,7918,,8284,,8629
220,"Fossar_de_les_Moreres",,6,,8,,65,,6667,,6,,52,,2143,,5,,5714,,6429,,7143,,7143,,3158,,6154,,6082,,6545,,6522,,6019
221,"Luxor_Obelisk_France",,8,,7,,75,,7333,,75,,74,,1875,,1875,,375,,4375,,4375,,5,,3038,,2958,,5,,548,,5526,,5968
222,"Valle_de_los_Caidos",1,0,1,0,,9,,9,,875,,9,,25,,3,,5,,6,,7,,8,,4,,4615,,6429,,72,,7778,,8471
--------------------
"--","Avg.",P@5,P@10,P@20,P@30,P@40,P@50,CR@5,CR@10,CR@20,CR@30,CR@40,CR@50,F1@5,F1@10,F1@20,F1@30,F1@40,F1@50
,,,8171,,7959,,7764,,771,,7592,,7542,,1606,,2624,,418,,516,,5876,,6503,,2632,,3861,,5325,,6059,,6494,,6843