--------------------
"Run name","output_runPHOGSilhouette"
--------------------
"Average P@20 = ",,7867
"Average CR@20 = ",,4052
"Average F1@20 = ",,5237
--------------------
"Query Id ","Location name",P@5,P@10,P@20,P@30,P@40,P@50,CR@5,CR@10,CR@20,CR@30,CR@40,CR@50,F1@5,F1@10,F1@20,F1@30,F1@40,F1@50
1,"angel_of_the_north",1,0,1,0,1,0,,9667,,95,,96,,16,,24,,4,,52,,64,,64,,2759,,3871,,5714,,6762,,7648,,768
2,"big_ben",1,0,1,0,,9,,9,,9,,84,,1364,,2727,,4091,,5,,5455,,5909,,24,,4286,,5625,,6429,,6792,,6938
3,"hearst_castle",1,0,1,0,1,0,,9667,,975,,98,,2083,,3333,,5,,7083,,7917,,8333,,3448,,5,,6667,,8176,,8738,,9007
4,"la_madeleine",,0,,4,,45,,3667,,45,,4,,0,,1429,,3571,,5,,7857,,7857,,0,,2105,,3982,,4231,,5723,,5301
5,"pont_alexandre_iii",1,0,1,0,1,0,1,0,,975,,96,,16,,24,,36,,52,,64,,64,,2759,,3871,,5294,,6842,,7728,,768
6,"neues_museum",,0,,1,,2,,3,,375,,46,,0,,04,,12,,2,,4,,56,,0,,0571,,15,,24,,3871,,5051
7,"montezuma_castle",,4,,5,,6,,5333,,55,,58,,1667,,25,,4167,,5833,,6667,,75,,2353,,3333,,4918,,5572,,6027,,6541
8,"cn_tower",,8,,6,,7,,7333,,675,,68,,1667,,2083,,375,,4583,,5417,,625,,2759,,3093,,4884,,5641,,601,,6513
9,"acropolis_athens",,8,,9,,95,,9,,9,,86,,0952,,2381,,381,,4762,,619,,619,,1702,,3766,,5438,,6228,,7335,,7199
10,"agra_fort",,8,,9,,8,,8,,85,,84,,16,,28,,44,,56,,68,,72,,2667,,4271,,5677,,6588,,7556,,7754
11,"albert_memorial",,6,,7,,7,,7,,725,,74,,1364,,1818,,2727,,3636,,5455,,5909,,2222,,2887,,3925,,4786,,6225,,6571
12,"altes_museum",,8,,8,,65,,6333,,675,,7,,1667,,2917,,4167,,4583,,5833,,7083,,2759,,4275,,5078,,5318,,6258,,7041
13,"amiens_cathedral",,8,,9,,95,,9667,,95,,96,,12,,28,,52,,68,,76,,8,,2087,,4271,,6721,,7984,,8444,,8727
14,"angkor_wat",,6,,7,,75,,8,,85,,86,,12,,16,,4,,56,,68,,76,,2,,2605,,5217,,6588,,7556,,8069
15,"ara_pacis",,8,,7,,75,,7,,7,,68,,1818,,2727,,4545,,5909,,6364,,6818,,2963,,3925,,566,,6408,,6667,,6809
16,"arc_de_triomphe",1,0,,9,,85,,8,,8,,78,,2083,,3333,,5,,625,,7083,,75,,3448,,4865,,6296,,7018,,7514,,7647
17,"aztec_ruins",,0,,1,,2,,2,,2,,22,,0,,04,,16,,2,,28,,36,,0,,0571,,1778,,2,,2333,,2731
18,"berlin_cathedral",1,0,1,0,,95,,9667,,95,,96,,2,,36,,48,,52,,52,,72,,3333,,5294,,6378,,6762,,6721,,8229
19,"bok_tower_gardens",,8,,7,,8,,8333,,825,,82,,16,,28,,44,,56,,64,,64,,2667,,4,,5677,,6699,,7208,,7189
20,"brandenburg_gate",1,0,1,0,1,0,,9667,,975,,94,,16,,28,,44,,48,,52,,52,,2759,,4375,,6111,,6415,,6783,,6696
21,"cabrillo",,2,,2,,2,,1667,,15,,16,,0769,,1538,,3077,,3077,,3846,,5385,,1111,,1739,,2424,,2162,,2158,,2467
22,"casa_batllo",1,0,1,0,1,0,1,0,1,0,,98,,2,,28,,52,,56,,64,,76,,3333,,4375,,6842,,7179,,7805,,8561
23,"casa_rosada",,8,,8,,85,,9,,925,,94,,16,,2,,44,,6,,68,,76,,2667,,32,,5798,,72,,7838,,8405
24,"castillo_de_san_marcos",,6,,7,,6,,5667,,625,,66,,12,,24,,36,,44,,48,,56,,2,,3574,,45,,4954,,543,,6059
25,"chartres_cathedral",1,0,1,0,1,0,1,0,,975,,96,,2,,32,,52,,64,,72,,76,,3333,,4848,,6842,,7805,,8283,,8484
26,"chichen_itza",1,0,,9,,9,,9,,85,,88,,12,,2,,48,,64,,68,,72,,2143,,3273,,6261,,7481,,7556,,792
27,"christ_the_redeemer_rio",,6,,6,,6,,5,,55,,54,,1304,,1304,,3043,,4348,,4783,,5652,,2143,,2143,,4038,,4651,,5116,,5523
28,"civic_center_san_francisco",1,0,,9,,9,,8,,825,,8,,2,,36,,56,,6,,6,,64,,3333,,5143,,6904,,6857,,6947,,7111
29,"cologne_cathedral",1,0,1,0,1,0,,9667,,975,,96,,12,,24,,4,,52,,68,,68,,2143,,3871,,5714,,6762,,8012,,7961
30,"colosseum",1,0,1,0,1,0,1,0,,95,,96,,2,,32,,44,,48,,6,,68,,3333,,4848,,6111,,6486,,7355,,7961
31,"doge_s_palace",,6,,8,,85,,8,,8,,84,,12,,2,,36,,4,,44,,48,,2,,32,,5058,,5333,,5677,,6109
32,"eiffel_tower",1,0,1,0,1,0,1,0,,975,,96,,16,,24,,32,,44,,48,,56,,2759,,3871,,4848,,6111,,6433,,7074
33,"golden_gate_bridge",1,0,1,0,,9,,8667,,9,,9,,1739,,3043,,3478,,4348,,6087,,6522,,2963,,4667,,5017,,5791,,7262,,7563
34,"grand_palais",,8,,8,,85,,8667,,875,,9,,1818,,2273,,3636,,5,,5455,,5455,,2963,,354,,5094,,6341,,672,,6792
35,"guggenheim_museum_bilbao",1,0,1,0,,95,,9667,,975,,98,,12,,28,,44,,48,,52,,56,,2143,,4375,,6014,,6415,,6783,,7127
36,"hagia_sophia_istanbul",1,0,1,0,1,0,,9667,,95,,96,,08,,16,,28,,36,,44,,6,,1481,,2759,,4375,,5246,,6014,,7385
37,"hoover_dam",1,0,,9,,9,,9333,,95,,96,,2,,28,,44,,52,,64,,76,,3333,,4271,,591,,6679,,7648,,8484
38,"humayun_tomb",,6,,6,,6,,5667,,675,,7,,12,,24,,32,,44,,6,,64,,2,,3429,,4174,,4954,,6353,,6687
39,"iguazu_falls",,6,,7,,75,,7333,,725,,7,,12,,24,,36,,52,,56,,64,,2,,3574,,4865,,6085,,6319,,6687
40,"iolani_palace",1,0,,8,,85,,7667,,775,,72,,2,,2,,44,,48,,6,,64,,3333,,32,,5798,,5904,,6764,,6776
41,"la_mezquita",,8,,8,,65,,7,,7,,7,,125,,2917,,4167,,5,,625,,6667,,2162,,4275,,5078,,5833,,6604,,6829
42,"la_rambla_barcelona",1,0,,9,,95,,9333,,95,,96,,12,,24,,36,,44,,52,,56,,2143,,3789,,5221,,5981,,6721,,7074
43,"la_sainte_chapelle",1,0,1,0,1,0,1,0,,975,,92,,2,,36,,52,,6,,64,,64,,3333,,5294,,6842,,75,,7728,,7549
44,"liberty_memorial",,8,,8,,7,,7,,625,,66,,12,,16,,28,,4,,44,,56,,2087,,2667,,4,,5091,,5164,,6059
45,"lincoln_home",1,0,,9,,9,,8667,,9,,88,,2222,,3333,,5,,7222,,7778,,7778,,3636,,4865,,6429,,7879,,8344,,8257
46,"machu_picchu",1,0,,9,,8,,8,,75,,72,,16,,32,,56,,56,,6,,68,,2759,,4721,,6588,,6588,,6667,,6994
47,"marble_arch_london",,6,,5,,55,,6,,5,,44,,25,,3333,,5,,8333,,8333,,9167,,3529,,4,,5238,,6977,,625,,5946
48,"milan_cathedral",1,0,1,0,,95,,9333,,95,,94,,12,,24,,48,,64,,64,,64,,2143,,3871,,6378,,7593,,7648,,7615
49,"mole_antonelliana",,8,,7,,75,,7333,,725,,68,,12,,24,,36,,36,,4,,48,,2087,,3574,,4865,,4829,,5156,,5628
50,"mont_saint_michel",1,0,1,0,1,0,1,0,1,0,1,0,,2,,32,,48,,52,,56,,64,,3333,,4848,,6486,,6842,,7179,,7805
51,"moulin_rouge",,0,,0,,1,,1333,,15,,14,,0,,0,,125,,375,,5,,625,,0,,0,,1111,,1967,,2308,,2288
52,"nelson_s_column",,8,,9,,95,,9667,,975,,98,,125,,2083,,3333,,4583,,5417,,7083,,2162,,3383,,4935,,6218,,6964,,8223
53,"notre_dame_de_paris",,8,,9,,9,,8667,,9,,88,,12,,2,,44,,6,,68,,72,,2087,,3273,,591,,7091,,7747,,792
54,"obelisco",,2,,1,,15,,1333,,2,,18,,0909,,0909,,1818,,2727,,5455,,5455,,125,,0952,,1644,,1791,,2927,,2707
55,"piccadilly_circus",,8,,9,,8,,8333,,8,,76,,1304,,2609,,5217,,6522,,6957,,6957,,2243,,4045,,6316,,7317,,7442,,7264
56,"place_de_la_concorde",1,0,1,0,1,0,1,0,1,0,1,0,,08,,2,,36,,48,,52,,6,,1481,,3333,,5294,,6486,,6842,,75
57,"place_de_la_republique",,6,,3,,25,,2667,,225,,24,,375,,375,,5,,75,,875,,875,,4615,,3333,,3333,,3934,,358,,3767
58,"place_des_vosges",1,0,,9,,85,,8333,,775,,76,,12,,24,,36,,56,,68,,68,,2143,,3789,,5058,,6699,,7244,,7178
59,"pont_du_gard",1,0,,9,,85,,8,,725,,7,,16,,24,,4,,44,,48,,48,,2759,,3789,,544,,5677,,5776,,5695
60,"pont_neuf",1,0,1,0,,85,,8,,75,,78,,08,,24,,36,,44,,52,,6,,1481,,3871,,5058,,5677,,6142,,6783
61,"ponte_vecchio",1,0,1,0,,9,,9333,,875,,88,,1667,,25,,4167,,5833,,5833,,6667,,2857,,4,,5696,,7179,,7,,7586
62,"puerta_de_alcala",,4,,5,,5,,6,,625,,64,,1053,,2105,,3158,,4211,,5263,,6842,,1667,,2963,,3871,,4948,,5714,,6614
63,"puerta_del_sol",,4,,6,,4,,4667,,4,,42,,1,,2,,25,,4,,4,,5,,16,,3,,3077,,4308,,4,,4565
64,"red_fort",1,0,1,0,1,0,1,0,1,0,1,0,,16,,28,,48,,64,,72,,76,,2759,,4375,,6486,,7805,,8372,,8636
65,"reims_cathedral",1,0,1,0,,95,,9667,,975,,98,,2,,28,,4,,6,,64,,68,,3333,,4375,,563,,7404,,7728,,8029
66,"rialto_bridge",1,0,,8,,85,,8333,,725,,66,,1875,,25,,5625,,625,,75,,75,,3158,,381,,677,,7143,,7373,,7021
67,"roman_forum_rome",,6,,7,,55,,6,,65,,68,,12,,24,,4,,48,,6,,68,,2,,3574,,4632,,5333,,624,,68
68,"sacre_coeur",,0,,4,,65,,6333,,65,,6,,0,,1667,,4167,,5,,5417,,5417,,0,,2353,,5078,,5588,,5909,,5693
69,"sagrada_familia",,8,,9,,9,,9333,,925,,94,,16,,32,,44,,48,,56,,6,,2667,,4721,,591,,634,,6976,,7325
70,"santa_maria_novella",,8,,6,,55,,4667,,45,,52,,16,,24,,32,,36,,44,,52,,2667,,3429,,4046,,4065,,4449,,52
71,"schonbrunn_palace",1,0,1,0,,95,,9667,,975,,98,,16,,28,,44,,6,,68,,68,,2759,,4375,,6014,,7404,,8012,,8029
72,"seville_cathedral",,8,,9,,85,,9,,925,,9,,12,,32,,48,,52,,6,,68,,2087,,4721,,6135,,6592,,7279,,7747
73,"spanish_steps",1,0,,7,,7,,6333,,675,,66,,1818,,2273,,3636,,4545,,6364,,7273,,3077,,3431,,4786,,5292,,6551,,692
74,"st__basil_cathedral",1,0,1,0,,95,,9333,,925,,9,,2,,28,,4,,52,,52,,6,,3333,,4375,,563,,6679,,6657,,72
75,"statue_of_liberty",1,0,,9,,85,,8667,,825,,84,,16,,28,,4,,52,,6,,64,,2759,,4271,,544,,65,,6947,,7265
76,"stonehenge",,6,,6,,65,,5667,,6,,6,,1579,,2105,,4211,,5263,,6316,,6316,,25,,3117,,5111,,5457,,6154,,6154
77,"summer_palace_beijing",1,0,1,0,1,0,1,0,,95,,94,,12,,32,,52,,6,,68,,68,,2143,,4848,,6842,,75,,7926,,7891
78,"sydney_opera_house",1,0,1,0,,9,,9,,925,,9,,16,,28,,44,,52,,6,,6,,2759,,4375,,591,,6592,,7279,,72
79,"teotihuacan",,8,,6,,65,,7,,725,,72,,12,,16,,32,,44,,52,,6,,2087,,2526,,4289,,5404,,6056,,6545
80,"terracotta_army",1,0,,7,,65,,5333,,575,,56,,2,,25,,4,,45,,55,,7,,3333,,3684,,4952,,4881,,5622,,6222
81,"the_blue_mosque",,8,,9,,9,,9,,875,,9,,12,,2,,44,,52,,6,,72,,2087,,3273,,591,,6592,,7119,,8
82,"the_henry_ford",,8,,9,,85,,8,,775,,78,,12,,24,,36,,48,,64,,68,,2087,,3789,,5058,,6,,7011,,7266
83,"taj_mahal",,8,,9,,9,,9,,925,,9,,16,,24,,4,,52,,64,,68,,2667,,3789,,5538,,6592,,7565,,7747
84,"tour_montparnasse",,8,,7,,7,,6667,,525,,5,,15,,25,,35,,55,,55,,6,,2526,,3684,,4667,,6027,,5372,,5455
85,"tower_bridge_london",,8,,8,,7,,6333,,55,,56,,16,,24,,44,,52,,52,,6,,2667,,3692,,5404,,5711,,5346,,5793
86,"trafalgar_square",,2,,5,,65,,4667,,45,,46,,0455,,1364,,2273,,2273,,2727,,3636,,0741,,2143,,3368,,3057,,3396,,4062
87,"leaning_tower_of_pisa",,6,,5,,5,,4667,,475,,52,,12,,16,,28,,32,,44,,52,,2,,2424,,359,,3797,,4568,,52
88,"hermitage_museum_saint_petersburg",1,0,,9,,9,,9333,,9,,86,,16,,28,,44,,52,,6,,68,,2759,,4271,,591,,6679,,72,,7595
89,"jantar_mantar_jaipur",,6,,7,,7,,7333,,75,,76,,12,,24,,48,,68,,72,,76,,2,,3574,,5695,,7057,,7347,,76
90,"lake_titicaca_peru",,8,,5,,4,,5333,,475,,5,,125,,1667,,2917,,5,,5833,,7083,,2162,,25,,3373,,5161,,5236,,5862
91,"the_great_wall_of_china",,8,,8,,8,,7667,,725,,78,,12,,24,,44,,48,,56,,6,,2087,,3692,,5677,,5904,,6319,,6783
92,"grande_arche_paris",,8,,7,,65,,6333,,625,,64,,12,,2,,36,,4,,48,,52,,2087,,3111,,4634,,4903,,543,,5738
93,"el_angel_mexico",,8,,7,,45,,5667,,575,,58,,1429,,2381,,3333,,5714,,619,,7619,,2424,,3553,,383,,569,,5962,,6586
94,"bibliotheque_nationale_de_france",,6,,7,,6,,6667,,675,,7,,04,,16,,32,,32,,4,,52,,075,,2605,,4174,,4324,,5023,,5967
95,"kronborg_castle",,8,,6,,7,,7,,725,,74,,1667,,25,,375,,4583,,5417,,625,,2759,,3529,,4884,,554,,6201,,6777
96,"ajanta_caves",,8,,7,,8,,8667,,9,,9,,1364,,2273,,4091,,5455,,5909,,6818,,233,,3431,,5414,,6695,,7134,,7759
97,"atomium",1,0,,8,,9,,9333,,875,,9,,1905,,2381,,381,,4762,,5238,,5714,,32,,367,,5353,,6306,,6553,,699
98,"ellora_caves",1,0,1,0,,95,,9667,,925,,94,,2273,,3182,,3636,,4091,,5,,5455,,3704,,4828,,526,,5749,,6491,,6903
99,"potala_palace",,6,,8,,9,,9333,,925,,9,,1667,,2778,,3889,,5,,6111,,6111,,2609,,4124,,5431,,6512,,736,,7279
100,"jokhang",,8,,9,,8,,8,,85,,86,,12,,24,,36,,48,,72,,8,,2087,,3789,,4966,,6,,7796,,8289
101,"rila_monastery",,8,,9,,85,,8667,,875,,88,,12,,28,,32,,36,,4,,44,,2087,,4271,,465,,5087,,549,,5867
102,"louvre_pyramid",,8,,8,,85,,8667,,9,,92,,1667,,3333,,5,,5556,,6667,,6667,,2759,,4706,,6296,,6771,,766,,7731
103,"brooklyn_bridge",,6,,8,,85,,8667,,8,,8,,0952,,2381,,3333,,4762,,4762,,5714,,1644,,367,,4789,,6147,,597,,6667
104,"tower_of_london",,8,,9,,85,,8,,85,,84,,1739,,2609,,3478,,3478,,4783,,5652,,2857,,4045,,4936,,4848,,6121,,6757
105,"british_museum_london",1,0,1,0,,95,,9667,,975,,92,,15,,15,,25,,35,,6,,6,,2609,,2609,,3958,,5139,,7429,,7263
106,"buckingham_palace",,4,,4,,4,,5,,425,,46,,1,,15,,3,,3,,3,,4,,16,,2182,,3429,,375,,3517,,4279
107,"charles_bridge_prague",1,0,,8,,75,,6,,65,,64,,125,,2083,,375,,4167,,4167,,4583,,2222,,3306,,5,,4918,,5078,,5341
108,"champs_elysees_paris",,6,,5,,6,,6333,,65,,58,,2,,3333,,3333,,4667,,6,,6,,3,,4,,4286,,5374,,624,,5898
109,"chrysler_building",1,0,1,0,,95,,9667,,975,,98,,3571,,5714,,5714,,7857,,8571,,8571,,5263,,7273,,7136,,8668,,9123,,9145
110,"moma_new_york",,6,,8,,85,,9,,9,,9,,1579,,2105,,3158,,4211,,4737,,6316,,25,,3333,,4605,,5737,,6207,,7423
111,"grand_central_terminal",1,0,1,0,,95,,9667,,975,,96,,0952,,0952,,2381,,3333,,4286,,5714,,1739,,1739,,3808,,4957,,5954,,7164
112,"houses_of_parliament",1,0,1,0,1,0,,9667,,975,,96,,1304,,2174,,3478,,3913,,4348,,4783,,2308,,3571,,5161,,5571,,6014,,6385
113,"alexanderplatz_berlin",,4,,6,,55,,6333,,675,,66,,04,,16,,24,,44,,44,,48,,0727,,2526,,3342,,5193,,5327,,5558
114,"centre_pompidou",1,0,,9,,75,,7333,,65,,66,,2778,,3889,,4444,,5,,5,,6667,,4348,,5431,,5581,,5946,,5652,,6633
115,"sydney_harbour_bridge",1,0,1,0,1,0,1,0,1,0,1,0,,25,,5,,5,,625,,625,,6875,,4,,6667,,6667,,7692,,7692,,8148
116,"pier_39",1,0,1,0,,9,,9,,9,,88,,1905,,2857,,3333,,4762,,619,,6667,,32,,4444,,4865,,6228,,7335,,7586
117,"coit_tower",,6,,5,,6,,6333,,675,,72,,2,,2,,3333,,3333,,4667,,5333,,3,,2857,,4286,,4368,,5518,,6128
118,"st_paul_s_cathedral_london",1,0,,9,,9,,8667,,85,,86,,2353,,4118,,7059,,7647,,8235,,8824,,381,,565,,7912,,8125,,8366,,871
119,"cloud_gate",,8,,7,,65,,6667,,675,,68,,25,,3333,,4167,,5,,5833,,5833,,381,,4516,,5078,,5714,,6258,,628
120,"musee_d_orsay",,8,,9,,9,,9,,925,,92,,1905,,2857,,3333,,381,,5714,,5714,,3077,,4337,,4865,,5353,,7064,,705
121,"pike_place_market",1,0,,9,,9,,9,,9,,9,,1905,,2857,,3333,,4762,,5714,,5714,,32,,4337,,4865,,6228,,699,,699
122,"royal_palace_madrid",1,0,,8,,8,,8333,,85,,82,,2273,,3182,,5455,,6364,,6364,,6818,,3704,,4553,,6486,,7216,,7278,,7446
123,"sony_center_berlin",,8,,9,,95,,9667,,95,,92,,1905,,1905,,4286,,4286,,4286,,4286,,3077,,3144,,5907,,5939,,5907,,5847
124,"red_square_moscow",1,0,,8,,7,,7333,,7,,76,,1429,,1905,,3333,,4762,,5714,,6667,,25,,3077,,4516,,5774,,6292,,7103
125,"prague_castle",1,0,1,0,,85,,9,,85,,84,,12,,28,,4,,52,,56,,68,,2143,,4375,,544,,6592,,6752,,7516
126,"musee_du_louvre",,8,,9,,95,,9667,,975,,98,,16,,24,,4,,48,,56,,72,,2667,,3789,,563,,6415,,7114,,8301
127,"millennium_bridge_london",,8,,8,,85,,8667,,825,,82,,12,,24,,4,,48,,48,,52,,2087,,3692,,544,,6178,,6069,,6364
128,"casa_mila",1,0,,9,,95,,9333,,95,,96,,16,,24,,4,,52,,56,,64,,2759,,3789,,563,,6679,,7046,,768
129,"national_gallery_london",1,0,,9,,7,,7,,7,,72,,2273,,2727,,4091,,5,,6818,,7273,,3704,,4186,,5164,,5833,,6908,,7236
130,"national_mall",1,0,1,0,1,0,1,0,,95,,92,,2,,36,,56,,64,,72,,76,,3333,,5294,,7179,,7805,,8192,,8324
131,"london_city_hall",1,0,1,0,1,0,,9667,,95,,88,,15,,2,,45,,55,,75,,8,,2609,,3333,,6207,,7011,,8382,,8381
132,"holocaust_memorial",1,0,,8,,7,,6667,,65,,58,,1875,,25,,5,,5625,,625,,625,,3158,,381,,5833,,6102,,6373,,6017
133,"columbus_circle",,6,,8,,75,,6333,,625,,58,,08,,24,,44,,48,,6,,64,,1412,,3692,,5546,,5461,,6122,,6085
134,"siegessaeule",,6,,7,,7,,6667,,65,,58,,12,,28,,36,,56,,6,,68,,2,,4,,4755,,6087,,624,,626
135,"jardin_du_luxembourg",1,0,,9,,9,,9333,,9,,92,,2,,28,,44,,52,,6,,72,,3333,,4271,,591,,6679,,72,,8078
136,"merlion_singapore",,2,,1,,25,,2667,,325,,38,,0455,,0455,,1818,,2273,,3636,,5455,,0741,,0625,,2105,,2454,,3432,,4479
137,"harrods_london",,8,,8,,9,,8667,,8,,82,,16,,28,,44,,6,,64,,68,,2667,,4148,,591,,7091,,7111,,7435
138,"metropolitan_museum_of_art_new_york",1,0,,9,,9,,9333,,95,,96,,2,,32,,48,,56,,6,,72,,3333,,4721,,6261,,7,,7355,,8229
139,"new_york_stock_exchange",,8,,7,,75,,8,,75,,66,,15,,3,,4,,5,,5,,55,,2526,,42,,5217,,6154,,6,,6
140,"stephansdom_vienna",1,0,1,0,1,0,1,0,1,0,1,0,,16,,28,,48,,64,,72,,76,,2759,,4375,,6486,,7805,,8372,,8636
141,"hms_belfast",1,0,1,0,1,0,,9667,,95,,96,,16,,24,,4,,44,,64,,76,,2759,,3871,,5714,,6047,,7648,,8484
142,"leicester_square",1,0,,9,,85,,8,,775,,74,,08,,16,,28,,36,,48,,6,,1481,,2717,,4212,,4966,,5928,,6627
143,"ciudad_de_las_artes_y_las_ciencias",,8,,9,,95,,9667,,95,,94,,12,,32,,44,,52,,6,,64,,2087,,4721,,6014,,6762,,7355,,7615
144,"topkapi_palace",1,0,1,0,1,0,,9667,,95,,96,,2,,28,,48,,64,,72,,76,,3333,,4375,,6486,,7701,,8192,,8484
145,"royal_albert_hall",,8,,7,,65,,6333,,7,,66,,16,,2,,32,,4,,56,,56,,2667,,3111,,4289,,4903,,6222,,6059
146,"st_vitus_cathedral",,8,,8,,85,,8667,,9,,92,,16,,24,,44,,52,,56,,64,,2667,,3692,,5798,,65,,6904,,7549
147,"castello_sforzesco",1,0,,9,,85,,9,,9,,9,,08,,16,,36,,56,,6,,6,,1481,,2717,,5058,,6904,,72,,72
148,"rijksmuseum_amsterdam",1,0,1,0,1,0,1,0,1,0,1,0,,04,,16,,32,,48,,52,,68,,0769,,2759,,4848,,6486,,6842,,8095
149,"dam_square",,8,,8,,7,,7333,,725,,7,,16,,2,,28,,36,,44,,52,,2667,,32,,4,,4829,,5476,,5967
150,"rathaus_vienna",1,0,,8,,75,,7,,675,,68,,16,,24,,32,,36,,4,,4,,2759,,3692,,4486,,4755,,5023,,5037
151,"bath_abbey",1,0,1,0,1,0,1,0,1,0,1,0,,2,,28,,36,,56,,6,,64,,3333,,4375,,5294,,7179,,75,,7805
152,"salisbury_cathedral",1,0,1,0,1,0,1,0,,95,,96,,16,,24,,28,,36,,36,,56,,2759,,3871,,4375,,5294,,5221,,7074
153,"templo_de_debod",,4,,4,,4,,3667,,425,,44,,0909,,1364,,2727,,2727,,3636,,4545,,1481,,2034,,3243,,3128,,3919,,4472
154,"Niagara_Falls",,6,,4,,6,,6667,,65,,66,,1364,,1364,,3182,,4091,,5,,5455,,2222,,2034,,4158,,507,,5652,,5973
155,"Golden_Gate_Bridge_in_San_Francisco",1,0,1,0,1,0,,9333,,95,,94,,2273,,2727,,3636,,5455,,6364,,6818,,3704,,4286,,5333,,6885,,7622,,7904
156,"Neuschwanstein_Castle",1,0,,9,,9,,9,,925,,94,,2,,28,,44,,52,,64,,72,,3333,,4271,,591,,6592,,7565,,8154
157,"Christ_Church_Cathedral_Missouri",1,0,1,0,,95,,9333,,925,,94,,16,,36,,52,,56,,56,,6,,2759,,5294,,6721,,7,,6976,,7325
158,"Mount_Rushmore_in_South_Dakota",1,0,,9,,95,,9333,,95,,94,,2,,24,,36,,48,,56,,68,,3333,,3789,,5221,,634,,7046,,7891
159,"Puerta_de_Toledo",,4,,2,,15,,1,,075,,06,1,0,1,0,1,0,1,0,1,0,1,0,,5714,,3333,,2609,,1818,,1395,,1132
160,"Urquhart_Castle",1,0,,8,,75,,8333,,825,,86,,1667,,25,,4167,,5417,,6667,,75,,2857,,381,,5357,,6566,,7374,,8012
161,"Gare_du_Nord_Paris",,6,,7,,75,,7333,,7,,72,,08,,2,,24,,36,,36,,36,,1412,,3111,,3636,,4829,,4755,,48
162,"Newgrange_in_Ireland",,6,,5,,65,,6667,,65,,66,,125,,1667,,3333,,4583,,4583,,5417,,2069,,25,,4407,,5432,,5376,,595
163,"Windmills_at_Kinderdijk",,6,,7,,85,,8667,,85,,88,,12,,24,,32,,4,,48,,64,,2,,3574,,465,,5474,,6135,,7411
164,"Conciergerie",,8,,9,,95,,9667,,975,,98,,12,,2,,4,,52,,6,,72,,2087,,3273,,563,,6762,,7429,,8301
165,"Palazzo_Madama",,8,,8,,8,,7333,,675,,66,,1364,,3182,,5,,5455,,5909,,6364,,233,,4553,,6154,,6256,,6302,,648
166,"Split_Rock_Lighthouse",1,0,1,0,,95,,9333,,9,,88,,16,,24,,28,,4,,44,,48,,2759,,3871,,4325,,56,,591,,6212
167,"The_Little_Mermaid_Denmark",,8,,9,,9,,8,,75,,7,,2857,,5,,7143,,7857,,8571,,9286,,4211,,6429,,7965,,7928,,8,,7982
168,"Great_Pyramid_of_Giza",,8,,5,,5,,5667,,55,,6,,2,,2667,,4667,,5333,,6,,7333,,32,,3478,,4828,,5495,,5739,,66
169,"Pitti_Palace",1,0,,8,,75,,7333,,7,,68,,1818,,3182,,4091,,4091,,4091,,5,,3077,,4553,,5294,,5252,,5164,,5763
170,"Georgia_State_Capitol",,6,,6,,5,,4667,,375,,34,,1579,,2105,,2632,,2632,,2632,,2632,,25,,3117,,3448,,3365,,3093,,2967
171,"Dome_des_Invalides",1,0,1,0,,95,,9,,925,,94,,12,,24,,28,,36,,44,,48,,2143,,3871,,4325,,5143,,5963,,6355
172,"Reggia_di_Caserta",,6,,5,,55,,5667,,525,,58,,12,,2,,36,,44,,48,,56,,2,,2857,,4352,,4954,,5015,,5698
173,"The_Burj_al_Arab_Hotel",,8,,9,,85,,8667,,825,,8,,16,,28,,4,,4,,52,,6,,2667,,4271,,544,,5474,,6379,,6857
174,"Elephanta_Caves",1,0,1,0,1,0,,9667,,95,,9,,2083,,3333,,4583,,4583,,625,,625,,3448,,5,,6286,,6218,,754,,7377
175,"Basilica_of_Santa_Croce",1,0,1,0,1,0,1,0,1,0,1,0,,12,,24,,4,,48,,52,,6,,2143,,3871,,5714,,6486,,6842,,75
176,"Aachen_Cathedral",1,0,,9,,95,,9,,9,,92,,12,,2,,4,,52,,64,,68,,2143,,3273,,563,,6592,,7481,,782
177,"Monument_to_the_Great_Fire_of_London",,4,,4,,5,,5333,,525,,52,,08,,12,,28,,4,,44,,52,,1333,,1846,,359,,4571,,4788,,52
178,"Longmen_Grottoes",,6,,5,,55,,5667,,55,,52,,12,,2,,4,,52,,52,,56,,2,,2857,,4632,,5423,,5346,,5393
179,"Louisiana_State_Capitol",,4,,2,,2,,1667,,225,,32,,08,,08,,16,,2,,28,,4,,1333,,1143,,1778,,1818,,2495,,3556
180,"The_Great_Sphinx_at_Giza",1,0,,9,,95,,9667,,925,,88,,2,,32,,4,,48,,6,,6,,3333,,4721,,563,,6415,,7279,,7135
181,"Teatro_Real_Madrid",1,0,1,0,,95,,8667,,775,,72,,2174,,3913,,5652,,6522,,6522,,7826,,3571,,5625,,7088,,7443,,7083,,75
182,"Palacio_de_la_Magdalena",1,0,,9,,8,,7667,,775,,76,,16,,28,,4,,56,,6,,68,,2759,,4271,,5333,,6472,,6764,,7178
183,"Sowjetisches_Ehrenmal",,4,,5,,6,,6667,,725,,7,,08,,12,,36,,52,,68,,76,,1333,,1935,,45,,5843,,7018,,7288
184,"Cathedral_of_Trier",1,0,,9,,95,,9333,,95,,96,,2,,32,,44,,64,,72,,88,,3333,,4721,,6014,,7593,,8192,,9183
185,"Saint_Mary_of_the_Flower",,0,,1,,3,,2333,,275,,32,,0,,04,,2,,24,,32,,44,,0,,0571,,24,,2366,,2958,,3705
186,"Skellig_Michael",,6,,8,,8,,7333,,725,,72,,12,,32,,56,,56,,6,,64,,2,,4571,,6588,,6351,,6566,,6776
187,"Chicago_Board_of_Trade_Building",1,0,1,0,,85,,8333,,75,,72,,2273,,3182,,4091,,5909,,6364,,6818,,3704,,4828,,5523,,6915,,6885,,7004
188,"Pont_de_Normandie_France",1,0,,9,,85,,8667,,875,,82,,2105,,3684,,6316,,7895,,8421,1,0,,3478,,5228,,7247,,8263,,8582,,9011
189,"Palazzo_Rosso",,0,,0,,1,,1333,,1,,08,,0,,0,,0833,,125,,125,,125,,0,,0,,0909,,129,,1111,,0976
190,"Piazza_Vittorio_Veneto",,8,,8,,55,,5,,45,,44,,25,,375,,4375,,5625,,5625,,625,,381,,5106,,4873,,5294,,5,,5164
191,"Sforza_Castle",1,0,1,0,,95,,9333,,925,,94,,2,,32,,36,,48,,56,,6,,3333,,4848,,5221,,634,,6976,,7325
192,"Torres_KIO",1,0,1,0,,85,,8667,,8,,8,,16,,36,,4,,52,,64,,64,,2759,,5294,,544,,65,,7111,,7111
193,"Torre_Picasso",1,0,,8,,7,,6667,,675,,68,,1667,,25,,375,,5,,5833,,6667,,2857,,381,,4884,,5714,,6258,,6733
194,"The_Palace_of_Parliament_in_Bucharest",1,0,1,0,,95,,9333,,95,,94,,16,,24,,28,,48,,6,,64,,2759,,3871,,4325,,634,,7355,,7615
195,"Ernest_Hemingway_House",,8,,7,,7,,7667,,75,,7,,16,,28,,52,,56,,6,,6,,2667,,4,,5967,,6472,,6667,,6462
196,"Castel_dellOvo_Napoli",1,0,1,0,,95,,9,,9,,9,,2,,28,,48,,6,,76,,8,,3333,,4375,,6378,,72,,8241,,8471
197,"Villa_Borghese_gardens",1,0,1,0,,95,,9333,,95,,96,,16,,32,,48,,6,,72,,76,,2759,,4848,,6378,,7304,,8192,,8484
198,"Saint_Marks_Basilica",1,0,1,0,1,0,1,0,1,0,1,0,,2,,32,,36,,44,,48,,52,,3333,,4848,,5294,,6111,,6486,,6842
199,"Mausoleum_of_the_First_Qin_Emperor",1,0,1,0,,9,,8667,,875,,82,,2,,32,,44,,44,,44,,48,,3333,,4848,,591,,5837,,5856,,6055
200,"Mausoleum_of_Hadrian",,8,,9,,8,,8333,,725,,68,,1667,,3333,,5556,,6111,,6111,,6111,,2759,,4865,,6557,,7051,,6632,,6437
201,"Piazza_de_Ferrari",1,0,1,0,,95,,9667,,9,,86,,1579,,2632,,4211,,5263,,5789,,5789,,2727,,4167,,5835,,6816,,7046,,692
202,"George_Washington_Carver",,2,,5,,65,,7667,,7,,7,,0625,,25,,5,,5625,,5625,,6875,,0952,,3333,,5652,,6489,,6238,,6937
203,"Cathedral_of_Santiago_de_Compostela",1,0,1,0,,95,,9333,,85,,86,,2353,,4706,,6471,,7647,,7647,,8235,,381,,64,,7698,,8406,,8051,,8414
204,"Saint-Jacques_Tower",,8,,7,,8,,8,,775,,78,,3077,,3846,,4615,,4615,,5385,,6154,,4444,,4965,,5854,,5854,,6354,,688
205,"Calakmul_Campeche_Mexico",1,0,1,0,,9,,9,,875,,86,,2857,,4286,,5,,5714,,6429,,7857,,4444,,6,,6429,,699,,7412,,8212
206,"Bran_Castle_in_Transylvania",1,0,,8,,9,,9333,,875,,86,,2105,,3684,,4737,,7368,,7895,,7895,,3478,,5045,,6207,,8235,,83,,8232
207,"Mosteiro_da_Batalha",1,0,1,0,1,0,1,0,1,0,1,0,,2632,,3684,,5263,,6316,,6316,,6316,,4167,,5385,,6897,,7742,,7742,,7742
208,"Wartburg_Castle",1,0,1,0,,95,,9667,,875,,88,,25,,35,,6,,75,,85,,9,,4,,5185,,7355,,8447,,8623,,8899
209,"Fujian_Tulou_Fujian_China",1,0,1,0,1,0,1,0,1,0,,98,,1667,,3333,,4444,,5556,,6667,,6667,,2857,,5,,6154,,7143,,8,,7935
210,"Alabama_State_Capitol",,8,,7,,75,,7333,,75,,74,,1429,,2857,,5238,,7143,,7619,,8095,,2424,,4058,,6168,,7237,,7559,,7732
211,"Palazzo_dAccursio",,8,,8,,8,,7,,675,,66,,1667,,2778,,3333,,3333,,3889,,5,,2759,,4124,,4706,,4516,,4935,,569
212,"Casa_Grande_Ruins",,8,,7,,8,,8667,,85,,84,,1765,,2353,,4118,,5294,,5294,,5294,,2892,,3522,,5437,,6573,,6525,,6495
213,"Stravinsky_Fountain",1,0,1,0,1,0,,9333,,9,,9,,2667,,2667,,4,,5333,,5333,,5333,,4211,,4211,,5714,,6788,,6698,,6698
214,"Angel_Falls_Venezuela",,6,,6,,7,,5667,,525,,58,,1176,,2353,,4706,,5882,,6471,,7647,,1967,,338,,5628,,5772,,5797,,6597
215,"Statue_of_George_IV",1,0,,7,,6,,4667,,4,,4,,375,,5,,625,,625,,75,,875,,5455,,5833,,6122,,5344,,5217,,549
216,"Palacio_Barolo",,8,,8,,85,,9,,9,,92,,1765,,2941,,4118,,6471,,6471,,7059,,2892,,4301,,5548,,7529,,7529,,7988
217,"Bridge_of_Remembrance_Christchurch_New_Zealand",1,0,1,0,,85,,8,,725,,66,,3333,,5,,6667,,75,,8333,,8333,,5,,6667,,7473,,7742,,7754,,7366
218,"John_A._Roebling_Suspension_Bridge",,6,,5,,45,,4333,,45,,44,,2,,3333,,4,,6667,,7333,,7333,,3,,4,,4235,,5253,,5577,,55
219,"Blue_Dome_Santorini",,8,,8,,85,,9,,925,,92,,1875,,3125,,5,,6875,,75,,8125,,3038,,4494,,6296,,7795,,8284,,8629
220,"Fossar_de_les_Moreres",,4,,4,,55,,5,,425,,44,,1429,,2143,,5,,5,,5,,6429,,2105,,2791,,5238,,5,,4595,,5224
221,"Luxor_Obelisk_France",,8,,8,,85,,8333,,85,,8,,1875,,3125,,4375,,5,,5,,5625,,3038,,4494,,5777,,625,,6296,,6606
222,"Valle_de_los_Caidos",1,0,1,0,1,0,,9667,,875,,88,,2,,3,,5,,55,,65,,65,,3333,,4615,,6667,,7011,,7459,,7477
--------------------
"--","Avg.",P@5,P@10,P@20,P@30,P@40,P@50,CR@5,CR@10,CR@20,CR@30,CR@40,CR@50,F1@5,F1@10,F1@20,F1@30,F1@40,F1@50
,,,8108,,7932,,7867,,7814,,7721,,7681,,1603,,2605,,4052,,5056,,5791,,6406,,2603,,3828,,5237,,6004,,6468,,6827