--------------------
"Run name","output_runCNN_ADDaviesBouldin"
--------------------
"Average P@20 = ",,7858
"Average CR@20 = ",,4113
"Average F1@20 = ",,5279
--------------------
"Query Id ","Location name",P@5,P@10,P@20,P@30,P@40,P@50,CR@5,CR@10,CR@20,CR@30,CR@40,CR@50,F1@5,F1@10,F1@20,F1@30,F1@40,F1@50
1,"angel_of_the_north",1,0,1,0,1,0,1,0,,95,,96,,12,,28,,44,,52,,68,,76,,2143,,4375,,6111,,6842,,7926,,8484
2,"big_ben",1,0,1,0,,95,,9333,,925,,82,,1818,,3182,,3636,,4091,,4545,,5,,3077,,4828,,526,,5688,,6096,,6212
3,"hearst_castle",,8,,7,,8,,8667,,85,,86,,1667,,2917,,5417,,7083,,7917,,8333,,2759,,4118,,646,,7795,,8198,,8465
4,"la_madeleine",,0,,1,,25,,3667,,375,,32,,0,,0714,,2857,,5,,7143,,7857,,0,,0833,,2667,,4231,,4918,,4548
5,"pont_alexandre_iii",1,0,1,0,,95,,9667,,975,,98,,12,,24,,28,,52,,6,,68,,2143,,3871,,4325,,6762,,7429,,8029
6,"neues_museum",,0,,2,,25,,4667,,525,,54,,0,,08,,2,,48,,52,,64,,0,,1143,,2222,,4732,,5225,,5858
7,"montezuma_castle",,6,,5,,5,,5333,,55,,58,,1667,,1667,,4167,,5833,,6667,,75,,2609,,25,,4545,,5572,,6027,,6541
8,"cn_tower",,2,,5,,55,,6,,55,,56,,0417,,2083,,3333,,4583,,5417,,625,,069,,2941,,4151,,5197,,5458,,5907
9,"acropolis_athens",1,0,,9,,85,,8667,,875,,82,,2381,,3333,,4286,,4762,,5238,,5238,,3846,,4865,,5698,,6147,,6553,,6393
10,"agra_fort",,8,,8,,85,,8667,,875,,9,,16,,24,,44,,6,,68,,72,,2667,,3692,,5798,,7091,,7653,,8
11,"albert_memorial",,8,,7,,8,,7333,,8,,8,,1364,,2273,,2727,,3182,,4545,,5909,,233,,3431,,4068,,4438,,5797,,6797
12,"altes_museum",,6,,4,,6,,5667,,625,,66,,125,,125,,4167,,5417,,7083,,75,,2069,,1905,,4918,,5539,,6641,,7021
13,"amiens_cathedral",1,0,1,0,,95,,9667,,975,,98,,2,,32,,48,,64,,8,,84,,3333,,4848,,6378,,7701,,8789,,9046
14,"angkor_wat",,6,,7,,8,,8,,85,,82,,12,,24,,36,,48,,64,,64,,2,,3574,,4966,,6,,7302,,7189
15,"ara_pacis",1,0,,8,,6,,7,,625,,66,,2273,,3182,,4545,,5,,5455,,5455,,3704,,4553,,5172,,5833,,5825,,5973
16,"arc_de_triomphe",,8,,7,,85,,7,,675,,68,,1667,,2917,,4167,,5417,,5417,,5833,,2759,,4118,,5592,,6107,,601,,628
17,"aztec_ruins",,0,,0,,0,,2,,225,,34,,0,,0,,0,,2,,32,,48,,0,,0,,0,,2,,2642,,398
18,"berlin_cathedral",1,0,1,0,,95,,9667,,925,,9,,16,,32,,48,,6,,64,,72,,2759,,4848,,6378,,7404,,7565,,8
19,"bok_tower_gardens",,8,,8,,85,,8333,,85,,84,,16,,28,,52,,56,,64,,64,,2667,,4148,,6453,,6699,,7302,,7265
20,"brandenburg_gate",,8,,9,,9,,9333,,925,,86,,12,,24,,32,,44,,64,,68,,2087,,3789,,4721,,5981,,7565,,7595
21,"cabrillo",,2,,2,,15,,1667,,15,,14,,0769,,1538,,2308,,3846,,4615,,5385,,1111,,1739,,1818,,2326,,2264,,2222
22,"casa_batllo",1,0,1,0,1,0,1,0,,975,,96,,12,,28,,48,,64,,76,,84,,2143,,4375,,6486,,7805,,8542,,896
23,"casa_rosada",1,0,1,0,,9,,9333,,9,,88,,2,,36,,44,,56,,68,,72,,3333,,5294,,591,,7,,7747,,792
24,"castillo_de_san_marcos",,8,,5,,65,,6667,,675,,74,,16,,2,,4,,52,,6,,68,,2667,,2857,,4952,,5843,,6353,,7087
25,"chartres_cathedral",1,0,1,0,1,0,,9667,,95,,92,,16,,32,,52,,6,,64,,68,,2759,,4848,,6842,,7404,,7648,,782
26,"chichen_itza",1,0,,9,,95,,9333,,95,,94,,12,,28,,32,,48,,68,,76,,2143,,4271,,4787,,634,,7926,,8405
27,"christ_the_redeemer_rio",,4,,4,,55,,4667,,475,,48,,087,,1739,,3913,,4348,,4783,,4783,,1429,,2424,,4573,,4502,,4766,,4791
28,"civic_center_san_francisco",,4,,4,,7,,7667,,625,,6,,08,,16,,36,,44,,48,,52,,1333,,2286,,4755,,5591,,543,,5571
29,"cologne_cathedral",1,0,1,0,1,0,1,0,1,0,1,0,,16,,24,,36,,48,,64,,76,,2759,,3871,,5294,,6486,,7805,,8636
30,"colosseum",1,0,,9,,95,,9667,,85,,88,,16,,28,,44,,52,,56,,72,,2759,,4271,,6014,,6762,,6752,,792
31,"doge_s_palace",1,0,1,0,,85,,8667,,9,,92,,2,,28,,4,,48,,52,,52,,3333,,4375,,544,,6178,,6592,,6644
32,"eiffel_tower",1,0,1,0,1,0,1,0,1,0,,94,,2,,32,,36,,48,,48,,52,,3333,,4848,,5294,,6486,,6486,,6696
33,"golden_gate_bridge",,8,,7,,8,,8333,,725,,76,,1739,,2609,,3913,,4783,,6087,,6522,,2857,,3801,,5255,,6077,,6618,,702
34,"grand_palais",1,0,1,0,,9,,9333,,925,,92,,2273,,3182,,4091,,5455,,5455,,5455,,3704,,4828,,5625,,6885,,6862,,6849
35,"guggenheim_museum_bilbao",,8,,9,,95,,9667,,975,,96,,16,,24,,4,,48,,56,,64,,2667,,3789,,563,,6415,,7114,,768
36,"hagia_sophia_istanbul",1,0,1,0,1,0,,9667,,975,,98,,16,,2,,32,,44,,64,,72,,2759,,3333,,4848,,6047,,7728,,8301
37,"hoover_dam",1,0,1,0,,95,,9333,,925,,92,,16,,28,,36,,52,,64,,72,,2759,,4375,,5221,,6679,,7565,,8078
38,"humayun_tomb",,8,,9,,75,,8,,8,,78,,12,,24,,4,,52,,64,,76,,2087,,3789,,5217,,6303,,7111,,7699
39,"iguazu_falls",,8,,9,,8,,7667,,775,,78,,08,,2,,32,,36,,44,,6,,1455,,3273,,4571,,4899,,5613,,6783
40,"iolani_palace",1,0,,8,,9,,7333,,75,,72,,16,,24,,44,,48,,6,,72,,2759,,3692,,591,,5802,,6667,,72
41,"la_mezquita",,6,,6,,8,,6667,,625,,58,,125,,2083,,4167,,5,,5833,,6667,,2069,,3093,,5479,,5714,,6034,,6203
42,"la_rambla_barcelona",1,0,1,0,1,0,,9333,,95,,92,,12,,2,,28,,32,,44,,48,,2143,,3333,,4375,,4766,,6014,,6309
43,"la_sainte_chapelle",,8,,9,,9,,9333,,925,,94,,16,,36,,48,,56,,64,,76,,2667,,5143,,6261,,7,,7565,,8405
44,"liberty_memorial",,2,,6,,65,,7333,,65,,6,,04,,16,,32,,44,,48,,56,,0667,,2526,,4289,,55,,5522,,5793
45,"lincoln_home",1,0,,9,,95,,9,,825,,72,,2222,,3333,,6111,,7222,,7778,,7778,,3636,,4865,,7438,,8014,,8007,,7478
46,"machu_picchu",,6,,7,,65,,7333,,775,,74,,12,,28,,36,,56,,64,,76,,2,,4,,4634,,6351,,7011,,7499
47,"marble_arch_london",,2,,4,,5,,3333,,3,,26,,0833,,25,,4167,,4167,,5,,5,,1176,,3077,,4545,,3704,,375,,3421
48,"milan_cathedral",1,0,1,0,1,0,,9333,,95,,94,,2,,4,,52,,64,,72,,72,,3333,,5714,,6842,,7593,,8192,,8154
49,"mole_antonelliana",,8,,8,,8,,7333,,75,,72,,16,,24,,36,,44,,56,,64,,2667,,3692,,4966,,55,,6412,,6776
50,"mont_saint_michel",1,0,1,0,1,0,,9333,,95,,92,,12,,28,,4,,52,,72,,76,,2143,,4375,,5714,,6679,,8192,,8324
51,"moulin_rouge",,0,,1,,1,,1333,,175,,14,,0,,125,,25,,375,,625,,625,,0,,1111,,1429,,1967,,2734,,2288
52,"nelson_s_column",,8,,9,,95,,9667,,95,,94,,125,,25,,5,,5833,,75,,875,,2162,,3913,,6552,,7276,,8382,,9063
53,"notre_dame_de_paris",1,0,1,0,,9,,9333,,875,,88,,16,,36,,44,,64,,68,,72,,2759,,5294,,591,,7593,,7653,,792
54,"obelisco",,4,,3,,2,,1333,,125,,2,,1818,,2727,,2727,,2727,,3636,,5455,,25,,2857,,2308,,1791,,186,,2927
55,"piccadilly_circus",1,0,,8,,75,,7,,7,,7,,2174,,2609,,4783,,4783,,6087,,6522,,3571,,3934,,5841,,5683,,6512,,6752
56,"place_de_la_concorde",1,0,1,0,1,0,1,0,1,0,,98,,16,,32,,44,,52,,6,,68,,2759,,4848,,6111,,6842,,75,,8029
57,"place_de_la_republique",,6,,4,,3,,2333,,225,,2,,375,,5,,625,,625,,625,,75,,4615,,4444,,4054,,3398,,3309,,3158
58,"place_des_vosges",1,0,,8,,75,,7333,,675,,7,,16,,24,,36,,48,,6,,64,,2759,,3692,,4865,,5802,,6353,,6687
59,"pont_du_gard",,8,,7,,8,,7,,7,,74,,16,,2,,4,,48,,56,,64,,2667,,3111,,5333,,5695,,6222,,6864
60,"pont_neuf",,4,,7,,75,,5667,,6,,54,,08,,24,,48,,48,,6,,68,,1333,,3574,,5854,,5197,,6,,602
61,"ponte_vecchio",,6,,8,,85,,8,,725,,7,,125,,2917,,5,,5417,,625,,6667,,2069,,4275,,6296,,646,,6713,,6829
62,"puerta_de_alcala",,8,,6,,55,,6,,625,,64,,2105,,3158,,5263,,5789,,6316,,6316,,3333,,4138,,5379,,5893,,6283,,6358
63,"puerta_del_sol",,6,,6,,4,,2667,,225,,2,,15,,25,,25,,25,,25,,25,,24,,3529,,3077,,2581,,2368,,2222
64,"red_fort",1,0,1,0,1,0,,9667,,975,,98,,2,,32,,6,,68,,72,,8,,3333,,4848,,75,,7984,,8283,,8809
65,"reims_cathedral",1,0,1,0,1,0,1,0,1,0,,94,,16,,36,,48,,56,,6,,72,,2759,,5294,,6486,,7179,,75,,8154
66,"rialto_bridge",,6,,8,,8,,6333,,575,,5,,125,,375,,5,,5625,,6875,,6875,,2069,,5106,,6154,,5958,,6262,,5789
67,"roman_forum_rome",1,0,,9,,85,,8,,675,,74,,12,,24,,4,,44,,52,,68,,2143,,3789,,544,,5677,,5874,,7087
68,"sacre_coeur",,6,,7,,6,,7,,65,,62,,125,,1667,,25,,4167,,5,,5,,2069,,2692,,3529,,5224,,5652,,5536
69,"sagrada_familia",1,0,1,0,,9,,9,,925,,94,,2,,32,,4,,56,,64,,72,,3333,,4848,,5538,,6904,,7565,,8154
70,"santa_maria_novella",,8,,6,,45,,5667,,575,,58,,16,,16,,28,,4,,44,,52,,2667,,2526,,3452,,469,,4985,,5484
71,"schonbrunn_palace",1,0,1,0,,95,,9667,,975,,98,,16,,32,,48,,56,,72,,76,,2759,,4848,,6378,,7092,,8283,,8561
72,"seville_cathedral",1,0,,9,,9,,9,,925,,94,,16,,28,,4,,56,,64,,72,,2759,,4271,,5538,,6904,,7565,,8154
73,"spanish_steps",,8,,7,,75,,6667,,6,,58,,1818,,2727,,3182,,4091,,4545,,5909,,2963,,3925,,4468,,507,,5172,,5854
74,"st__basil_cathedral",1,0,1,0,1,0,,8667,,85,,86,,16,,32,,6,,64,,68,,68,,2759,,4848,,75,,7363,,7556,,7595
75,"statue_of_liberty",,6,,8,,9,,8333,,875,,88,,08,,2,,32,,4,,56,,6,,1412,,32,,4721,,5405,,6829,,7135
76,"stonehenge",,2,,5,,6,,5,,475,,5,,0526,,2105,,4211,,5263,,5789,,5789,,0833,,2963,,4948,,5128,,5218,,5366
77,"summer_palace_beijing",1,0,1,0,1,0,,9333,,875,,8,,16,,24,,4,,56,,6,,64,,2759,,3871,,5714,,7,,7119,,7111
78,"sydney_opera_house",1,0,,9,,95,,9333,,95,,96,,2,,28,,4,,52,,64,,64,,3333,,4271,,563,,6679,,7648,,768
79,"teotihuacan",,6,,7,,65,,5667,,625,,7,,12,,24,,36,,48,,52,,6,,2,,3574,,4634,,5197,,5677,,6462
80,"terracotta_army",,6,,6,,7,,5333,,575,,62,,15,,25,,45,,5,,7,,75,,24,,3529,,5478,,5161,,6314,,6788
81,"the_blue_mosque",1,0,,9,,9,,9333,,95,,96,,2,,24,,32,,44,,56,,68,,3333,,3789,,4721,,5981,,7046,,7961
82,"the_henry_ford",1,0,,9,,9,,7,,75,,74,,16,,28,,44,,48,,6,,72,,2759,,4271,,591,,5695,,6667,,7299
83,"taj_mahal",,8,,8,,9,,8667,,875,,88,,12,,24,,4,,44,,56,,68,,2087,,3692,,5538,,5837,,6829,,7672
84,"tour_montparnasse",,4,,6,,55,,4667,,375,,38,,1,,3,,4,,5,,55,,55,,16,,4,,4632,,4828,,4459,,4495
85,"tower_bridge_london",1,0,,8,,6,,6,,5,,5,,2,,28,,28,,36,,4,,52,,3333,,4148,,3818,,45,,4444,,5098
86,"trafalgar_square",,4,,6,,45,,4667,,5,,54,,0909,,1364,,2273,,2727,,3182,,4091,,1481,,2222,,302,,3443,,3889,,4655
87,"leaning_tower_of_pisa",,8,,6,,5,,5,,6,,68,,16,,2,,32,,44,,56,,64,,2667,,3,,3902,,4681,,5793,,6594
88,"hermitage_museum_saint_petersburg",1,0,,9,,75,,8,,825,,84,,16,,28,,28,,44,,56,,68,,2759,,4271,,4078,,5677,,6671,,7516
89,"jantar_mantar_jaipur",,6,,7,,85,,8667,,85,,84,,12,,2,,44,,56,,72,,76,,2,,3111,,5798,,6804,,7796,,798
90,"lake_titicaca_peru",,2,,3,,45,,5,,525,,56,,0417,,0833,,25,,4167,,5,,5833,,069,,1304,,3214,,4545,,5122,,5714
91,"the_great_wall_of_china",,6,,7,,75,,8333,,8,,76,,12,,24,,36,,52,,56,,6,,2,,3574,,4865,,6404,,6588,,6706
92,"grande_arche_paris",,6,,6,,55,,5667,,575,,64,,08,,2,,28,,32,,44,,52,,1412,,3,,3711,,409,,4985,,5738
93,"el_angel_mexico",,6,,7,,7,,6,,575,,5,,1429,,2857,,4762,,619,,6667,,6667,,2308,,4058,,5668,,6094,,6174,,5714
94,"bibliotheque_nationale_de_france",1,0,,9,,85,,7667,,775,,78,,12,,2,,28,,36,,48,,6,,2143,,3273,,4212,,4899,,5928,,6783
95,"kronborg_castle",,8,,8,,8,,7333,,8,,78,,1667,,2917,,5,,5417,,5833,,625,,2759,,4275,,6154,,6231,,6747,,694
96,"ajanta_caves",1,0,,9,,95,,9667,,95,,94,,2273,,4091,,5909,,5909,,6818,,6818,,3704,,5625,,7286,,7335,,7939,,7904
97,"atomium",1,0,,8,,9,,9333,,925,,9,,2381,,2381,,4762,,5238,,5714,,5714,,3846,,367,,6228,,671,,7064,,699
98,"ellora_caves",1,0,1,0,1,0,1,0,,95,,96,,1818,,3182,,4545,,5455,,5455,,6364,,3077,,4828,,625,,7059,,693,,7654
99,"potala_palace",,8,,7,,85,,8333,,825,,78,,1111,,2222,,5,,5556,,7778,,7778,,1951,,3373,,6296,,6667,,8007,,7789
100,"jokhang",,8,,7,,8,,8333,,875,,84,,16,,24,,4,,56,,72,,8,,2667,,3574,,5333,,6699,,79,,8195
101,"rila_monastery",,8,,8,,85,,9,,925,,9,,16,,24,,36,,44,,44,,48,,2667,,3692,,5058,,591,,5963,,6261
102,"louvre_pyramid",,8,,8,,9,,9333,,925,,88,,2222,,2778,,5,,6111,,6111,,6667,,3478,,4124,,6429,,7386,,736,,7586
103,"brooklyn_bridge",,8,,9,,9,,8333,,775,,8,,1905,,2857,,381,,4286,,4286,,5714,,3077,,4337,,5353,,566,,5519,,6667
104,"tower_of_london",,8,,6,,75,,7333,,7,,7,,1739,,2174,,3913,,4783,,6087,,6522,,2857,,3191,,5143,,5789,,6512,,6752
105,"british_museum_london",1,0,1,0,1,0,1,0,,975,,94,,2,,3,,45,,65,,65,,65,,3333,,4615,,6207,,7879,,78,,7686
106,"buckingham_palace",,4,,4,,45,,4,,375,,38,,05,,15,,25,,25,,25,,3,,0889,,2182,,3214,,3077,,3,,3353
107,"charles_bridge_prague",,6,,5,,75,,6,,575,,52,,125,,2083,,3333,,4167,,5,,5,,2069,,2941,,4615,,4918,,5349,,5098
108,"champs_elysees_paris",,8,,5,,5,,6,,55,,52,,2667,,3333,,5333,,5333,,5333,,6667,,4,,4,,5161,,5647,,5415,,5843
109,"chrysler_building",1,0,1,0,1,0,1,0,,95,,96,,2857,,3571,,5714,,8571,,9286,,9286,,4444,,5263,,7273,,9231,,9392,,944
110,"moma_new_york",1,0,,8,,8,,8667,,85,,88,,2105,,2105,,3158,,4211,,5789,,6316,,3478,,3333,,4528,,5668,,6888,,7354
111,"grand_central_terminal",1,0,1,0,1,0,,9667,,975,,94,,1429,,2381,,3333,,4762,,4762,,5238,,25,,3846,,5,,6381,,6399,,6727
112,"houses_of_parliament",1,0,1,0,1,0,1,0,,925,,88,,2174,,3043,,3913,,4783,,5217,,6087,,3571,,4667,,5625,,6471,,6672,,7196
113,"alexanderplatz_berlin",,4,,4,,45,,5667,,675,,7,,08,,16,,24,,32,,48,,6,,1333,,2286,,313,,409,,561,,6462
114,"centre_pompidou",,4,,7,,75,,7,,725,,7,,1111,,3333,,3889,,4444,,6667,,7778,,1739,,4516,,5122,,5437,,6946,,7368
115,"sydney_harbour_bridge",1,0,1,0,1,0,1,0,,975,,98,,25,,4375,,5,,5,,5625,,6875,,4,,6087,,6667,,6667,,7134,,8081
116,"pier_39",1,0,1,0,,95,,8333,,85,,82,,2381,,381,,4762,,5238,,5238,,5238,,3846,,5517,,6344,,6433,,6482,,6393
117,"coit_tower",,8,,8,,75,,6333,,65,,7,,2667,,3333,,4667,,5333,,6,,6667,,4,,4706,,5753,,579,,624,,6829
118,"st_paul_s_cathedral_london",1,0,1,0,,9,,8333,,825,,78,,2941,,4118,,4706,,7647,,7647,,8235,,4545,,5833,,618,,7975,,7937,,8012
119,"cloud_gate",,6,,6,,7,,6,,625,,66,,25,,25,,4167,,5833,,5833,,6667,,3529,,3529,,5224,,5915,,6034,,6633
120,"musee_d_orsay",1,0,,8,,9,,9333,,925,,92,,2381,,2857,,4762,,6667,,7143,,8095,,3846,,4211,,6228,,7778,,8061,,8612
121,"pike_place_market",1,0,,9,,85,,8667,,825,,86,,1905,,2857,,4286,,5238,,619,,619,,32,,4337,,5698,,653,,7073,,7199
122,"royal_palace_madrid",,8,,8,,8,,7667,,825,,8,,1818,,2727,,3636,,5455,,6818,,6818,,2963,,4068,,5,,6374,,7466,,7362
123,"sony_center_berlin",1,0,1,0,,95,,9667,,925,,88,,1905,,2381,,3333,,3333,,4762,,5238,,32,,3846,,4935,,4957,,6287,,6567
124,"red_square_moscow",,6,,8,,8,,7,,75,,74,,1429,,2857,,4762,,5238,,7143,,7619,,2308,,4211,,597,,5992,,7317,,7508
125,"prague_castle",,8,,7,,8,,8333,,825,,8,,16,,24,,4,,52,,64,,72,,2667,,3574,,5333,,6404,,7208,,7579
126,"musee_du_louvre",1,0,1,0,1,0,1,0,1,0,,98,,16,,32,,48,,6,,68,,68,,2759,,4848,,6486,,75,,8095,,8029
127,"millennium_bridge_london",,8,,8,,7,,7667,,825,,8,,16,,28,,32,,4,,56,,64,,2667,,4148,,4392,,5257,,6671,,7111
128,"casa_mila",,6,,8,,9,,9333,,9,,9,,12,,24,,4,,56,,68,,72,,2,,3692,,5538,,7,,7747,,8
129,"national_gallery_london",,6,,7,,65,,7,,7,,62,,1364,,2727,,4091,,5455,,5455,,5909,,2222,,3925,,5021,,6131,,6131,,6051
130,"national_mall",1,0,1,0,1,0,,9,,875,,8,,16,,28,,52,,56,,6,,64,,2759,,4375,,6842,,6904,,7119,,7111
131,"london_city_hall",,8,,9,,95,,9,,85,,72,,15,,3,,35,,5,,6,,6,,2526,,45,,5115,,6429,,7034,,6545
132,"holocaust_memorial",,8,,7,,7,,7,,625,,52,,25,,3125,,4375,,625,,75,,75,,381,,4321,,5385,,6604,,6818,,6142
133,"columbus_circle",1,0,,9,,8,,6667,,625,,62,,16,,28,,44,,56,,64,,72,,2759,,4271,,5677,,6087,,6324,,6663
134,"siegessaeule",,6,,5,,75,,7,,6,,56,,12,,16,,36,,52,,52,,6,,2,,2424,,4865,,5967,,5571,,5793
135,"jardin_du_luxembourg",,8,,9,,95,,9667,,925,,94,,16,,36,,56,,64,,68,,76,,2667,,5143,,7046,,7701,,7838,,8405
136,"merlion_singapore",,4,,2,,2,,2,,35,,4,,0909,,0909,,1364,,2273,,4545,,5909,,1481,,125,,1622,,2128,,3955,,4771
137,"harrods_london",,8,,9,,9,,8333,,85,,86,,12,,28,,44,,52,,64,,68,,2087,,4271,,591,,6404,,7302,,7595
138,"metropolitan_museum_of_art_new_york",,8,,8,,9,,9333,,95,,96,,12,,2,,4,,56,,6,,64,,2087,,32,,5538,,7,,7355,,768
139,"new_york_stock_exchange",,8,,8,,85,,6667,,55,,58,,15,,3,,4,,45,,5,,65,,2526,,4364,,544,,5373,,5238,,613
140,"stephansdom_vienna",1,0,1,0,1,0,,9667,,975,,94,,2,,32,,52,,56,,68,,68,,3333,,4848,,6842,,7092,,8012,,7891
141,"hms_belfast",1,0,1,0,1,0,,9333,,95,,96,,16,,24,,32,,44,,6,,76,,2759,,3871,,4848,,5981,,7355,,8484
142,"leicester_square",,4,,6,,7,,7,,725,,7,,08,,2,,32,,36,,48,,56,,1333,,3,,4392,,4755,,5776,,6222
143,"ciudad_de_las_artes_y_las_ciencias",,8,,9,,9,,9333,,95,,94,,12,,28,,4,,52,,64,,72,,2087,,4271,,5538,,6679,,7648,,8154
144,"topkapi_palace",1,0,1,0,,95,,9667,,975,,98,,16,,28,,44,,6,,76,,8,,2759,,4375,,6014,,7404,,8542,,8809
145,"royal_albert_hall",,4,,6,,7,,7,,6,,6,,04,,12,,4,,4,,48,,6,,0727,,2,,5091,,5091,,5333,,6
146,"st_vitus_cathedral",,8,,9,,95,,9333,,925,,92,,16,,28,,44,,52,,6,,64,,2667,,4271,,6014,,6679,,7279,,7549
147,"castello_sforzesco",1,0,,9,,85,,8333,,875,,9,,12,,16,,36,,4,,48,,48,,2143,,2717,,5058,,5405,,6199,,6261
148,"rijksmuseum_amsterdam",1,0,,9,,95,,9667,,95,,96,,16,,28,,4,,52,,52,,76,,2759,,4271,,563,,6762,,6721,,8484
149,"dam_square",,6,,6,,75,,6667,,625,,62,,12,,2,,32,,36,,44,,56,,2,,3,,4486,,4675,,5164,,5885
150,"rathaus_vienna",,8,,7,,7,,7667,,675,,62,,12,,16,,28,,36,,48,,48,,2087,,2605,,4,,4899,,561,,5411
151,"bath_abbey",1,0,1,0,1,0,1,0,1,0,,96,,2,,32,,4,,52,,6,,68,,3333,,4848,,5714,,6842,,75,,7961
152,"salisbury_cathedral",1,0,1,0,1,0,1,0,1,0,,96,,2,,32,,4,,48,,52,,56,,3333,,4848,,5714,,6486,,6842,,7074
153,"templo_de_debod",,8,,5,,4,,6,,525,,54,,1818,,1818,,2727,,3182,,3636,,5,,2963,,2667,,3243,,4158,,4297,,5192
154,"Niagara_Falls",,8,,7,,65,,6333,,675,,64,,1818,,3182,,4091,,5,,6364,,6364,,2963,,4375,,5021,,5588,,6551,,6382
155,"Golden_Gate_Bridge_in_San_Francisco",1,0,1,0,1,0,1,0,1,0,,98,,1818,,2727,,3636,,4545,,6364,,6364,,3077,,4286,,5333,,625,,7778,,7717
156,"Neuschwanstein_Castle",1,0,1,0,1,0,,9667,,975,,96,,2,,28,,44,,56,,6,,6,,3333,,4375,,6111,,7092,,7429,,7385
157,"Christ_Church_Cathedral_Missouri",1,0,,9,,95,,9667,,875,,84,,2,,28,,48,,52,,52,,52,,3333,,4271,,6378,,6762,,6523,,6424
158,"Mount_Rushmore_in_South_Dakota",1,0,1,0,,95,,9667,,95,,88,,16,,32,,4,,56,,64,,64,,2759,,4848,,563,,7092,,7648,,7411
159,"Puerta_de_Toledo",,2,,1,,1,,0667,,05,,04,,5,,5,1,0,1,0,1,0,1,0,,2857,,1667,,1818,,125,,0952,,0769
160,"Urquhart_Castle",1,0,,9,,85,,8667,,9,,9,,1667,,2083,,375,,625,,75,,8333,,2857,,3383,,5204,,7263,,8182,,8654
161,"Gare_du_Nord_Paris",,8,,8,,65,,7333,,675,,68,,16,,2,,24,,24,,36,,44,,2667,,32,,3506,,3616,,4696,,5343
162,"Newgrange_in_Ireland",,8,,7,,65,,6667,,625,,68,,125,,1667,,2917,,375,,375,,4583,,2162,,2692,,4027,,48,,4688,,5476
163,"Windmills_at_Kinderdijk",1,0,1,0,,8,,8,,8,,84,,2,,32,,4,,52,,56,,64,,3333,,4848,,5333,,6303,,6588,,7265
164,"Conciergerie",1,0,1,0,1,0,1,0,,975,,98,,12,,24,,52,,64,,72,,72,,2143,,3871,,6842,,7805,,8283,,8301
165,"Palazzo_Madama",,8,,9,,9,,7333,,675,,64,,1364,,3182,,5,,6364,,6818,,8636,,233,,4701,,6429,,6814,,6784,,7352
166,"Split_Rock_Lighthouse",1,0,1,0,1,0,,9333,,9,,88,,12,,28,,4,,44,,56,,6,,2143,,4375,,5714,,5981,,6904,,7135
167,"The_Little_Mermaid_Denmark",1,0,1,0,,95,,9,,775,,64,,3571,,4286,,5,,7143,,7143,,7143,,5263,,6,,6552,,7965,,7434,,6751
168,"Great_Pyramid_of_Giza",,6,,5,,65,,6667,,65,,64,,2,,3333,,4667,,6,,6,,8,,3,,4,,5433,,6316,,624,,7111
169,"Pitti_Palace",1,0,,8,,75,,7667,,6,,58,,1364,,2727,,3182,,4545,,4545,,5,,24,,4068,,4468,,5707,,5172,,537
170,"Georgia_State_Capitol",,4,,6,,6,,4,,3,,26,,1053,,2105,,2632,,2632,,2632,,2632,,1667,,3117,,3659,,3175,,2804,,2616
171,"Dome_des_Invalides",1,0,1,0,,95,,9667,,975,,98,,16,,32,,44,,48,,6,,64,,2759,,4848,,6014,,6415,,7429,,7743
172,"Reggia_di_Caserta",,6,,7,,7,,6667,,625,,68,,12,,24,,4,,44,,56,,64,,2,,3574,,5091,,5301,,5907,,6594
173,"The_Burj_al_Arab_Hotel",1,0,,8,,8,,7667,,775,,82,,2,,2,,36,,4,,56,,6,,3333,,32,,4966,,5257,,6502,,693
174,"Elephanta_Caves",1,0,1,0,1,0,1,0,,9,,82,,1667,,2917,,5,,625,,7083,,75,,2857,,4516,,6667,,7692,,7927,,7834
175,"Basilica_of_Santa_Croce",1,0,1,0,1,0,1,0,1,0,1,0,,16,,24,,4,,48,,56,,64,,2759,,3871,,5714,,6486,,7179,,7805
176,"Aachen_Cathedral",,8,,9,,95,,9333,,95,,96,,16,,28,,36,,48,,6,,6,,2667,,4271,,5221,,634,,7355,,7385
177,"Monument_to_the_Great_Fire_of_London",,6,,6,,45,,4667,,575,,62,,12,,24,,28,,36,,56,,68,,2,,3429,,3452,,4065,,5674,,6486
178,"Longmen_Grottoes",,8,,7,,6,,5333,,525,,56,,16,,28,,44,,52,,6,,68,,2667,,4,,5077,,5266,,56,,6142
179,"Louisiana_State_Capitol",,6,,5,,25,,2667,,375,,38,,12,,2,,2,,2,,32,,4,,2,,2857,,2222,,2286,,3453,,3897
180,"The_Great_Sphinx_at_Giza",1,0,1,0,,9,,8667,,875,,86,,2,,32,,4,,56,,64,,68,,3333,,4848,,5538,,6804,,7393,,7595
181,"Teatro_Real_Madrid",,6,,7,,85,,6333,,6,,64,,1304,,2609,,4783,,5652,,6087,,6957,,2143,,3801,,6121,,5973,,6043,,6667
182,"Palacio_de_la_Magdalena",,8,,7,,75,,8,,8,,72,,12,,2,,44,,52,,6,,6,,2087,,3111,,5546,,6303,,6857,,6545
183,"Sowjetisches_Ehrenmal",,8,,9,,75,,8333,,775,,76,,16,,36,,44,,64,,72,,8,,2667,,5143,,5546,,724,,7465,,7795
184,"Cathedral_of_Trier",1,0,1,0,1,0,,9333,,9,,88,,16,,32,,56,,72,,8,,84,,2759,,4848,,7179,,8129,,8471,,8595
185,"Saint_Mary_of_the_Flower",,0,,0,,05,,1,,275,,3,,0,,0,,04,,12,,36,,4,,0,,0,,0444,,1091,,3118,,3429
186,"Skellig_Michael",1,0,,8,,75,,7,,675,,68,,16,,28,,44,,52,,56,,56,,2759,,4148,,5546,,5967,,6121,,6142
187,"Chicago_Board_of_Trade_Building",1,0,,9,,9,,9,,675,,7,,2273,,3636,,4545,,6364,,6364,,6818,,3704,,518,,604,,7456,,6551,,6908
188,"Pont_de_Normandie_France",1,0,1,0,1,0,1,0,,9,,8,,2632,,2632,,6316,,7895,,8421,,8947,,4167,,4167,,7742,,8824,,8701,,8447
189,"Palazzo_Rosso",,0,,0,,0,,0333,,075,,06,,0,,0,,0,,0417,,125,,125,,0,,0,,0,,037,,0937,,0811
190,"Piazza_Vittorio_Veneto",,4,,4,,55,,3667,,45,,44,,125,,1875,,4375,,4375,,5625,,625,,1905,,2553,,4873,,399,,5,,5164
191,"Sforza_Castle",,8,,8,,9,,9333,,925,,92,,16,,28,,4,,48,,52,,6,,2667,,4148,,5538,,634,,6657,,7263
192,"Torres_KIO",1,0,1,0,,95,,9333,,825,,8,,2,,36,,44,,52,,56,,64,,3333,,5294,,6014,,6679,,6671,,7111
193,"Torre_Picasso",,6,,6,,8,,6667,,675,,7,,125,,25,,4583,,4583,,5,,625,,2069,,3529,,5828,,5432,,5745,,6604
194,"The_Palace_of_Parliament_in_Bucharest",1,0,1,0,,95,,9333,,95,,9,,2,,36,,36,,44,,6,,64,,3333,,5294,,5221,,5981,,7355,,7481
195,"Ernest_Hemingway_House",,6,,5,,65,,6333,,65,,68,,12,,16,,4,,48,,6,,68,,2,,2424,,4952,,5461,,624,,68
196,"Castel_dellOvo_Napoli",,8,,9,,9,,9333,,85,,86,,16,,36,,52,,6,,6,,68,,2667,,5143,,6592,,7304,,7034,,7595
197,"Villa_Borghese_gardens",1,0,1,0,1,0,1,0,1,0,1,0,,2,,36,,56,,68,,72,,8,,3333,,5294,,7179,,8095,,8372,,8889
198,"Saint_Marks_Basilica",,8,,8,,9,,9333,,95,,9,,12,,2,,36,,36,,44,,48,,2087,,32,,5143,,5196,,6014,,6261
199,"Mausoleum_of_the_First_Qin_Emperor",,6,,7,,8,,8,,775,,78,,12,,28,,4,,56,,64,,68,,2,,4,,5333,,6588,,7011,,7266
200,"Mausoleum_of_Hadrian",,6,,7,,85,,9,,7,,56,,1111,,2778,,3889,,5556,,5556,,5556,,1875,,3977,,5336,,687,,6195,,5578
201,"Piazza_de_Ferrari",1,0,1,0,1,0,,9667,,9,,9,,1579,,3158,,3684,,4737,,5789,,6316,,2727,,48,,5385,,6358,,7046,,7423
202,"George_Washington_Carver",,8,,7,,7,,7,,625,,62,,25,,4375,,4375,,5625,,625,,625,,381,,5385,,5385,,6238,,625,,6225
203,"Cathedral_of_Santiago_de_Compostela",,8,,8,,9,,8,,825,,76,,2353,,4118,,7059,,7647,,8235,,8824,,3636,,5437,,7912,,782,,8243,,8166
204,"Saint-Jacques_Tower",,4,,6,,7,,6667,,7,,7,,1538,,3846,,5385,,5385,,7692,,7692,,2222,,4688,,6087,,5957,,733,,733
205,"Calakmul_Campeche_Mexico",1,0,1,0,1,0,,9333,,825,,78,,2857,,5,,6429,,7143,,7143,,8571,,4444,,6667,,7826,,8092,,7657,,8168
206,"Bran_Castle_in_Transylvania",1,0,1,0,,9,,9,,9,,84,,2105,,3684,,5263,,5789,,7895,,8421,,3478,,5385,,6642,,7046,,8411,,8411
207,"Mosteiro_da_Batalha",1,0,1,0,1,0,1,0,1,0,1,0,,2632,,3684,,5263,,6316,,6316,,6842,,4167,,5385,,6897,,7742,,7742,,8125
208,"Wartburg_Castle",,8,,8,,9,,9,,9,,84,,2,,25,,5,,65,,8,,8,,32,,381,,6429,,7548,,8471,,8195
209,"Fujian_Tulou_Fujian_China",1,0,1,0,1,0,1,0,1,0,,98,,2778,,4444,,5556,,6111,,7222,,7778,,4348,,6154,,7143,,7586,,8387,,8673
210,"Alabama_State_Capitol",,6,,8,,8,,8333,,8,,76,,1429,,2857,,5238,,6667,,7143,,7143,,2308,,4211,,6331,,7407,,7547,,7364
211,"Palazzo_dAccursio",,8,,6,,8,,8333,,725,,66,,1667,,2222,,4444,,5556,,6111,,6111,,2759,,3243,,5714,,6667,,6632,,6346
212,"Casa_Grande_Ruins",1,0,,9,,85,,9,,85,,82,,1765,,2353,,3529,,4118,,4706,,4706,,3,,3731,,4988,,565,,6058,,598
213,"Stravinsky_Fountain",,8,,9,,95,,9667,,875,,86,,0667,,1333,,3333,,4667,,5333,,5333,,1231,,2323,,4935,,6295,,6627,,6584
214,"Angel_Falls_Venezuela",,8,,6,,65,,6667,,675,,64,,2353,,3529,,4706,,7059,,7059,,7647,,3636,,4444,,5459,,6857,,6901,,6968
215,"Statue_of_George_IV",,4,,4,,5,,4667,,4,,32,,25,,5,,625,,875,,875,,875,,3077,,4444,,5556,,6087,,549,,4686
216,"Palacio_Barolo",1,0,1,0,,95,,9333,,95,,96,,1765,,2941,,3529,,4118,,5882,,8235,,3,,4545,,5147,,5714,,7266,,8865
217,"Bridge_of_Remembrance_Christchurch_New_Zealand",,4,,7,,85,,7,,65,,54,,0833,,3333,,8333,1,0,1,0,1,0,,1379,,4516,,8416,,8235,,7879,,7013
218,"John_A._Roebling_Suspension_Bridge",,2,,3,,4,,4333,,5,,46,,0667,,2,,4,,6,,6667,,7333,,1,,24,,4,,5032,,5714,,5654
219,"Blue_Dome_Santorini",,4,,7,,8,,8667,,85,,88,,125,,3125,,5625,,8125,,8125,,875,,1905,,4321,,6606,,8387,,8308,,8775
220,"Fossar_de_les_Moreres",,4,,5,,65,,5333,,425,,34,,1429,,2857,,6429,,6429,,6429,,6429,,2105,,3636,,6464,,583,,5117,,4448
221,"Luxor_Obelisk_France",,8,,9,,8,,8,,8,,8,,1875,,25,,3125,,375,,375,,4375,,3038,,3913,,4494,,5106,,5106,,5657
222,"Valle_de_los_Caidos",1,0,1,0,,85,,8667,,875,,9,,15,,3,,5,,55,,65,,75,,2609,,4615,,6296,,6729,,7459,,8182
--------------------
"--","Avg.",P@5,P@10,P@20,P@30,P@40,P@50,CR@5,CR@10,CR@20,CR@30,CR@40,CR@50,F1@5,F1@10,F1@20,F1@30,F1@40,F1@50
,,,7775,,7739,,7858,,7713,,7574,,7459,,1579,,2672,,4113,,5109,,5945,,6541,,2575,,3895,,5279,,6002,,6515,,6815