--------------------
"Run name","output_runCN3X3Dtrs"
--------------------
"Average P@20 = ",,7901
"Average CR@20 = ",,3874
"Average F1@20 = ",,5077
--------------------
"Query Id ","Location name",P@5,P@10,P@20,P@30,P@40,P@50,CR@5,CR@10,CR@20,CR@30,CR@40,CR@50,F1@5,F1@10,F1@20,F1@30,F1@40,F1@50
1,"angel_of_the_north",1,0,1,0,1,0,1,0,1,0,1,0,,2,,32,,44,,48,,6,,68,,3333,,4848,,6111,,6486,,75,,8095
2,"big_ben",1,0,1,0,1,0,1,0,,95,,96,,2273,,3182,,4091,,4091,,4545,,5455,,3704,,4828,,5806,,5806,,6149,,6957
3,"hearst_castle",,8,,8,,9,,9333,,95,,96,,1667,,2917,,625,,75,,75,,75,,2759,,4275,,7377,,8317,,8382,,8421
4,"la_madeleine",,4,,3,,4,,3333,,35,,34,,1429,,2143,,4286,,5,,6429,,7143,,2105,,25,,4138,,4,,4532,,4607
5,"pont_alexandre_iii",1,0,1,0,,95,,9667,,975,,96,,2,,24,,4,,48,,52,,6,,3333,,3871,,563,,6415,,6783,,7385
6,"neues_museum",,0,,3,,4,,4333,,45,,5,,0,,08,,2,,36,,48,,56,,0,,1263,,2667,,3933,,4645,,5283
7,"montezuma_castle",,6,,6,,5,,4667,,5,,5,,25,,3333,,4167,,5,,6667,,6667,,3529,,4286,,4545,,4828,,5714,,5714
8,"cn_tower",,6,,6,,55,,5667,,65,,68,,0833,,2083,,3333,,4583,,625,,7083,,1463,,3093,,4151,,5068,,6373,,6939
9,"acropolis_athens",,4,,5,,75,,8,,85,,84,,0476,,1429,,381,,4762,,5238,,5714,,0851,,2222,,5053,,597,,6482,,6802
10,"agra_fort",,6,,8,,9,,9,,85,,88,,12,,28,,44,,52,,64,,68,,2,,4148,,591,,6592,,7302,,7672
11,"albert_memorial",,4,,7,,85,,6333,,675,,72,,0909,,1364,,1818,,2727,,4091,,4545,,1481,,2283,,2996,,3813,,5094,,5573
12,"altes_museum",,6,,7,,8,,8333,,8,,76,,0833,,2083,,375,,5833,,625,,6667,,1463,,3211,,5106,,6863,,7018,,7103
13,"amiens_cathedral",1,0,1,0,,95,,9667,,975,,98,,12,,24,,52,,6,,64,,72,,2143,,3871,,6721,,7404,,7728,,8301
14,"angkor_wat",1,0,1,0,,95,,8,,725,,72,,08,,24,,48,,52,,56,,64,,1481,,3871,,6378,,6303,,6319,,6776
15,"ara_pacis",,8,,8,,7,,6667,,675,,66,,1818,,2727,,4545,,5455,,5909,,6364,,2963,,4068,,5512,,6,,6302,,648
16,"arc_de_triomphe",,8,,9,,9,,9,,775,,76,,1667,,2083,,375,,4583,,5833,,6667,,2759,,3383,,5294,,6074,,6656,,7103
17,"aztec_ruins",,0,,0,,2,,3,,25,,26,,0,,0,,12,,28,,28,,32,,0,,0,,15,,2897,,2642,,2869
18,"berlin_cathedral",1,0,1,0,,95,,9667,,975,,96,,2,,32,,44,,56,,6,,64,,3333,,4848,,6014,,7092,,7429,,768
19,"bok_tower_gardens",1,0,1,0,,95,,9333,,925,,92,,2,,32,,52,,64,,68,,76,,3333,,4848,,6721,,7593,,7838,,8324
20,"brandenburg_gate",1,0,1,0,1,0,1,0,1,0,,98,,12,,16,,36,,44,,44,,52,,2143,,2759,,5294,,6111,,6111,,6795
21,"cabrillo",,2,,3,,25,,1667,,175,,16,,0769,,2308,,3077,,3077,,4615,,5385,,1111,,2609,,2759,,2162,,2538,,2467
22,"casa_batllo",1,0,1,0,1,0,1,0,,95,,96,,16,,32,,56,,64,,68,,68,,2759,,4848,,7179,,7805,,7926,,7961
23,"casa_rosada",1,0,,7,,85,,9,,925,,94,,16,,2,,28,,48,,64,,68,,2759,,3111,,4212,,6261,,7565,,7891
24,"castillo_de_san_marcos",1,0,,8,,65,,6,,625,,62,,16,,24,,32,,44,,52,,6,,2759,,3692,,4289,,5077,,5677,,6098
25,"chartres_cathedral",1,0,1,0,1,0,,9667,,975,,96,,16,,28,,48,,6,,64,,72,,2759,,4375,,6486,,7404,,7728,,8229
26,"chichen_itza",,8,,8,,75,,8,,8,,82,,16,,2,,32,,36,,44,,56,,2667,,32,,4486,,4966,,5677,,6655
27,"christ_the_redeemer_rio",,4,,6,,75,,7333,,65,,6,,087,,1304,,3478,,4348,,5217,,5652,,1429,,2143,,4752,,5459,,5788,,5821
28,"civic_center_san_francisco",,8,,9,,85,,8333,,8,,82,,16,,32,,44,,6,,6,,6,,2667,,4721,,5798,,6977,,6857,,693
29,"cologne_cathedral",1,0,1,0,1,0,1,0,,975,,98,,16,,32,,52,,6,,64,,68,,2759,,4848,,6842,,75,,7728,,8029
30,"colosseum",1,0,1,0,1,0,1,0,,975,,96,,16,,32,,44,,56,,56,,64,,2759,,4848,,6111,,7179,,7114,,768
31,"doge_s_palace",1,0,1,0,1,0,,8,,75,,78,,12,,24,,4,,44,,48,,52,,2143,,3871,,5714,,5677,,5854,,624
32,"eiffel_tower",1,0,1,0,1,0,1,0,1,0,,98,,16,,16,,32,,36,,52,,56,,2759,,2759,,4848,,5294,,6842,,7127
33,"golden_gate_bridge",1,0,1,0,,85,,8667,,85,,88,,1739,,2609,,4348,,4783,,5652,,6087,,2963,,4138,,5753,,6164,,679,,7196
34,"grand_palais",1,0,1,0,,95,,9333,,9,,92,,0909,,0909,,1818,,3636,,4091,,5,,1667,,1667,,3052,,5234,,5625,,6479
35,"guggenheim_museum_bilbao",1,0,1,0,1,0,1,0,1,0,1,0,,12,,2,,36,,44,,56,,6,,2143,,3333,,5294,,6111,,7179,,75
36,"hagia_sophia_istanbul",1,0,1,0,1,0,1,0,1,0,,94,,16,,28,,36,,44,,52,,6,,2759,,4375,,5294,,6111,,6842,,7325
37,"hoover_dam",1,0,1,0,,95,,9333,,95,,96,,12,,2,,36,,44,,52,,56,,2143,,3333,,5221,,5981,,6721,,7074
38,"humayun_tomb",1,0,,8,,6,,6333,,675,,68,,16,,28,,4,,48,,64,,68,,2759,,4148,,48,,5461,,657,,68
39,"iguazu_falls",,4,,7,,85,,8333,,825,,8,,08,,2,,4,,52,,6,,6,,1333,,3111,,544,,6404,,6947,,6857
40,"iolani_palace",1,0,1,0,1,0,1,0,,825,,68,,16,,28,,36,,52,,6,,6,,2759,,4375,,5294,,6842,,6947,,6375
41,"la_mezquita",,8,,8,,9,,9333,,85,,82,,125,,25,,4583,,5,,5417,,5833,,2162,,381,,6074,,6512,,6617,,6817
42,"la_rambla_barcelona",,6,,8,,9,,9333,,925,,9,,08,,16,,28,,4,,52,,6,,1412,,2667,,4271,,56,,6657,,72
43,"la_sainte_chapelle",1,0,1,0,1,0,,9333,,95,,96,,2,,32,,56,,6,,64,,68,,3333,,4848,,7179,,7304,,7648,,7961
44,"liberty_memorial",,6,,7,,5,,6,,7,,72,,04,,16,,24,,32,,44,,56,,075,,2605,,3243,,4174,,5404,,63
45,"lincoln_home",1,0,1,0,,9,,8,,85,,84,,2222,,2778,,4444,,6667,,7222,,7778,,3636,,4348,,595,,7273,,7809,,8077
46,"machu_picchu",1,0,,9,,95,,9,,75,,7,,2,,28,,44,,6,,6,,6,,3333,,4271,,6014,,72,,6667,,6462
47,"marble_arch_london",,6,,6,,65,,6667,,575,,46,,25,,5,,6667,,8333,,8333,,8333,,3529,,5455,,6582,,7407,,6805,,5928
48,"milan_cathedral",1,0,,9,,9,,9333,,875,,88,,12,,2,,28,,48,,64,,68,,2143,,3273,,4271,,634,,7393,,7672
49,"mole_antonelliana",1,0,1,0,1,0,1,0,,9,,86,,2,,2,,28,,32,,36,,44,,3333,,3333,,4375,,4848,,5143,,5822
50,"mont_saint_michel",1,0,1,0,1,0,1,0,,975,,96,,12,,28,,36,,44,,44,,56,,2143,,4375,,5294,,6111,,6064,,7074
51,"moulin_rouge",,0,,0,,0,,1333,,175,,14,,0,,0,,0,,375,,625,,625,,0,,0,,0,,1967,,2734,,2288
52,"nelson_s_column",,8,,9,,95,,9667,,975,,98,,0417,,2083,,3333,,4583,,5,,5833,,0792,,3383,,4935,,6218,,661,,7313
53,"notre_dame_de_paris",,8,,9,,95,,9333,,925,,88,,12,,28,,4,,48,,52,,64,,2087,,4271,,563,,634,,6657,,7411
54,"obelisco",,0,,0,,05,,1,,1,,1,,0,,0,,0909,,2727,,3636,,3636,,0,,0,,0645,,1463,,1569,,1569
55,"piccadilly_circus",1,0,,7,,7,,7667,,775,,78,,1739,,2174,,3913,,6087,,6957,,7391,,2963,,3318,,502,,6786,,7332,,759
56,"place_de_la_concorde",1,0,1,0,1,0,1,0,1,0,,98,,16,,2,,32,,48,,52,,56,,2759,,3333,,4848,,6486,,6842,,7127
57,"place_de_la_republique",,2,,3,,3,,3333,,25,,2,,125,,25,,5,,75,,75,,75,,1538,,2727,,375,,4615,,375,,3158
58,"place_des_vosges",,6,,8,,7,,6333,,725,,7,,08,,2,,36,,4,,56,,68,,1412,,32,,4755,,4903,,6319,,6899
59,"pont_du_gard",,8,,8,,75,,8333,,85,,82,,12,,24,,36,,52,,56,,64,,2087,,3692,,4865,,6404,,6752,,7189
60,"pont_neuf",1,0,1,0,,9,,8667,,85,,74,,08,,2,,4,,56,,6,,64,,1481,,3333,,5538,,6804,,7034,,6864
61,"ponte_vecchio",1,0,,9,,75,,7333,,75,,7,,1667,,25,,375,,5417,,6667,,6667,,2857,,3913,,5,,6231,,7059,,6829
62,"puerta_de_alcala",,6,,7,,7,,6667,,65,,68,,1579,,3158,,4737,,5789,,5789,,6316,,25,,4352,,565,,6197,,6124,,6549
63,"puerta_del_sol",1,0,,6,,55,,5,,5,,42,,2,,2,,3,,35,,45,,45,,3333,,3,,3882,,4118,,4737,,4345
64,"red_fort",1,0,1,0,1,0,1,0,1,0,1,0,,16,,28,,44,,56,,68,,76,,2759,,4375,,6111,,7179,,8095,,8636
65,"reims_cathedral",1,0,1,0,,9,,9,,925,,92,,2,,32,,48,,56,,68,,72,,3333,,4848,,6261,,6904,,7838,,8078
66,"rialto_bridge",1,0,1,0,,95,,8333,,7,,66,,25,,25,,4375,,5625,,5625,,75,,4,,4,,5991,,6716,,6238,,7021
67,"roman_forum_rome",,4,,5,,7,,7667,,775,,68,,08,,2,,36,,44,,52,,52,,1333,,2857,,4755,,5591,,6224,,5893
68,"sacre_coeur",,4,,4,,4,,4667,,525,,54,,0833,,1667,,2917,,4167,,5,,5833,,1379,,2353,,3373,,4403,,5122,,5608
69,"sagrada_familia",1,0,1,0,1,0,1,0,,95,,94,,2,,28,,52,,56,,64,,64,,3333,,4375,,6842,,7179,,7648,,7615
70,"santa_maria_novella",,8,,6,,55,,4667,,525,,62,,16,,2,,32,,32,,4,,48,,2667,,3,,4046,,3797,,4541,,5411
71,"schonbrunn_palace",1,0,1,0,1,0,1,0,,975,,98,,16,,28,,4,,52,,6,,6,,2759,,4375,,5714,,6842,,7429,,7443
72,"seville_cathedral",,8,,7,,85,,9,,875,,9,,16,,28,,44,,56,,64,,68,,2667,,4,,5798,,6904,,7393,,7747
73,"spanish_steps",,8,,8,,65,,6,,7,,64,,1818,,2273,,3182,,4545,,6364,,6364,,2963,,354,,4272,,5172,,6667,,6382
74,"st__basil_cathedral",1,0,1,0,,9,,9,,875,,88,,2,,36,,52,,56,,6,,68,,3333,,5294,,6592,,6904,,7119,,7672
75,"statue_of_liberty",1,0,,9,,95,,8667,,85,,82,,16,,2,,36,,4,,48,,6,,2759,,3273,,5221,,5474,,6135,,693
76,"stonehenge",1,0,,7,,55,,6667,,625,,54,,1579,,2105,,3158,,4737,,5789,,6316,,2727,,3237,,4012,,5538,,6011,,5822
77,"summer_palace_beijing",1,0,1,0,1,0,,9,,8,,8,,16,,24,,44,,48,,52,,56,,2759,,3871,,6111,,6261,,6303,,6588
78,"sydney_opera_house",1,0,1,0,,95,,9667,,95,,9,,16,,28,,36,,48,,48,,52,,2759,,4375,,5221,,6415,,6378,,6592
79,"teotihuacan",,8,,9,,65,,6333,,575,,58,,12,,24,,32,,44,,48,,52,,2087,,3789,,4289,,5193,,5232,,5484
80,"terracotta_army",,4,,4,,45,,4667,,4,,44,,1,,2,,4,,45,,5,,5,,16,,2667,,4235,,4582,,4444,,4681
81,"the_blue_mosque",,4,,7,,85,,8667,,9,,92,,08,,12,,2,,28,,4,,44,,1333,,2049,,3238,,4233,,5538,,5953
82,"the_henry_ford",1,0,,8,,85,,7667,,625,,7,,16,,24,,36,,4,,48,,6,,2759,,3692,,5058,,5257,,543,,6462
83,"taj_mahal",1,0,,8,,9,,8667,,9,,92,,2,,32,,4,,48,,6,,6,,3333,,4571,,5538,,6178,,72,,7263
84,"tour_montparnasse",,4,,4,,5,,5667,,55,,5,,1,,2,,4,,5,,6,,6,,16,,2667,,4444,,5312,,5739,,5455
85,"tower_bridge_london",1,0,1,0,,8,,6333,,675,,64,,16,,24,,4,,48,,56,,56,,2759,,3871,,5333,,5461,,6121,,5973
86,"trafalgar_square",,4,,5,,5,,6,,5,,5,,0909,,1364,,2273,,3636,,3636,,5455,,1481,,2143,,3125,,4528,,4211,,5217
87,"leaning_tower_of_pisa",,8,,7,,6,,5333,,575,,56,,16,,24,,32,,4,,44,,48,,2667,,3574,,4174,,4571,,4985,,5169
88,"hermitage_museum_saint_petersburg",1,0,1,0,,95,,8,,775,,82,,12,,24,,32,,44,,52,,6,,2143,,3871,,4787,,5677,,6224,,693
89,"jantar_mantar_jaipur",,6,,6,,75,,8333,,825,,82,,08,,2,,44,,6,,68,,8,,1412,,3,,5546,,6977,,7455,,8099
90,"lake_titicaca_peru",,6,,4,,45,,6,,55,,58,,0833,,125,,2917,,5417,,5833,,6667,,1463,,1905,,3539,,5693,,5662,,6203
91,"the_great_wall_of_china",,6,,7,,75,,7667,,8,,8,,12,,28,,4,,52,,52,,56,,2,,4,,5217,,6197,,6303,,6588
92,"grande_arche_paris",,6,,7,,7,,6,,625,,66,,08,,24,,36,,4,,52,,56,,1412,,3574,,4755,,48,,5677,,6059
93,"el_angel_mexico",,6,,6,,55,,6,,575,,56,,1429,,2381,,381,,5714,,619,,7143,,2308,,3409,,4501,,5854,,5962,,6278
94,"bibliotheque_nationale_de_france",,8,,7,,75,,8,,8,,72,,12,,16,,24,,32,,4,,48,,2087,,2605,,3636,,4571,,5333,,576
95,"kronborg_castle",,6,,5,,7,,6333,,625,,68,,125,,2083,,375,,5,,5833,,5833,,2069,,2941,,4884,,5588,,6034,,628
96,"ajanta_caves",,8,,9,,8,,8667,,9,,92,,1364,,2727,,3636,,5,,5455,,5909,,233,,4186,,5,,6341,,6792,,7196
97,"atomium",,8,,9,,95,,9667,,975,,98,,1429,,3333,,4286,,4286,,4762,,5238,,2424,,4865,,5907,,5939,,6399,,6827
98,"ellora_caves",1,0,1,0,1,0,1,0,,975,,92,,1818,,2273,,3636,,4545,,5,,5455,,3077,,3704,,5333,,625,,661,,6849
99,"potala_palace",,8,,9,,9,,9333,,85,,88,,2222,,2222,,3333,,4444,,5556,,6111,,3478,,3564,,4865,,6022,,6719,,7213
100,"jokhang",,8,,7,,75,,8333,,875,,88,,12,,16,,32,,56,,6,,64,,2087,,2605,,4486,,6699,,7119,,7411
101,"rila_monastery",,8,,7,,75,,8333,,875,,9,,16,,24,,32,,44,,52,,52,,2667,,3574,,4486,,5759,,6523,,6592
102,"louvre_pyramid",1,0,1,0,1,0,1,0,,9,,9,,1111,,1667,,2778,,4444,,5,,5,,2,,2857,,4348,,6154,,6429,,6429
103,"brooklyn_bridge",1,0,1,0,,85,,8,,825,,84,,1429,,2381,,3333,,381,,4286,,5238,,25,,3846,,4789,,5161,,5641,,6453
104,"tower_of_london",,6,,7,,75,,7333,,75,,76,,087,,1304,,2609,,3478,,4783,,5652,,1519,,2199,,3871,,4718,,5841,,6483
105,"british_museum_london",1,0,1,0,,9,,9,,925,,9,,2,,35,,45,,55,,55,,6,,3333,,5185,,6,,6828,,6898,,72
106,"buckingham_palace",,2,,3,,4,,4,,425,,44,,05,,15,,2,,25,,4,,45,,08,,2,,2667,,3077,,4121,,4449
107,"charles_bridge_prague",1,0,1,0,,9,,7333,,65,,6,,125,,125,,2917,,2917,,3333,,4167,,2222,,2222,,4406,,4173,,4407,,4918
108,"champs_elysees_paris",,8,,6,,6,,6,,5,,48,,1333,,2,,3333,,4,,4667,,4667,,2286,,3,,4286,,48,,4828,,4732
109,"chrysler_building",1,0,1,0,1,0,1,0,1,0,1,0,,2857,,4286,,6429,,7857,,8571,,9286,,4444,,6,,7826,,88,,9231,,963
110,"moma_new_york",,6,,7,,85,,9,,925,,94,,1053,,1579,,3158,,3158,,4737,,6316,,1791,,2577,,4605,,4675,,6265,,7555
111,"grand_central_terminal",1,0,1,0,1,0,1,0,1,0,1,0,,1429,,1905,,2857,,2857,,3333,,4762,,25,,32,,4444,,4444,,5,,6452
112,"houses_of_parliament",1,0,1,0,1,0,1,0,1,0,1,0,,1304,,2174,,3478,,3913,,4348,,4348,,2308,,3571,,5161,,5625,,6061,,6061
113,"alexanderplatz_berlin",,0,,3,,35,,4667,,6,,66,,0,,08,,16,,32,,48,,52,,0,,1263,,2196,,3797,,5333,,5817
114,"centre_pompidou",,6,,6,,6,,6333,,7,,68,,1667,,2222,,3333,,5,,6667,,6667,,2609,,3243,,4286,,5588,,6829,,6733
115,"sydney_harbour_bridge",1,0,1,0,1,0,1,0,1,0,1,0,,25,,3125,,4375,,5,,5625,,5625,,4,,4762,,6087,,6667,,72,,72
116,"pier_39",,8,,9,,85,,8667,,875,,88,,1905,,381,,4762,,5714,,619,,7143,,3077,,5353,,6104,,6887,,7251,,7885
117,"coit_tower",,6,,7,,7,,5333,,5,,56,,2,,2667,,3333,,4,,4,,4667,,3,,3862,,4516,,4571,,4444,,5091
118,"st_paul_s_cathedral_london",,8,,9,,95,,9667,,95,,9,,2353,,2941,,5294,,5882,,7059,,7059,,3636,,4433,,6799,,7314,,8099,,7912
119,"cloud_gate",,8,,7,,8,,8667,,825,,66,,25,,3333,,5,,5,,5,,5,,381,,4516,,6154,,6341,,6226,,569
120,"musee_d_orsay",1,0,,9,,9,,9,,875,,9,,0476,,1905,,3333,,4762,,5714,,7143,,0909,,3144,,4865,,6228,,6914,,7965
121,"pike_place_market",,6,,7,,75,,8,,825,,86,,0952,,2381,,3333,,5238,,5714,,5714,,1644,,3553,,4615,,6331,,6752,,6866
122,"royal_palace_madrid",,8,,6,,75,,7667,,8,,82,,1364,,1818,,3636,,5909,,6818,,7727,,233,,2791,,4898,,6674,,7362,,7957
123,"sony_center_berlin",,6,,7,,75,,8333,,875,,88,,1429,,2857,,3333,,4762,,4762,,5238,,2308,,4058,,4615,,6061,,6167,,6567
124,"red_square_moscow",,8,,7,,7,,6,,675,,7,,1429,,1905,,381,,381,,5238,,619,,2424,,2995,,4934,,466,,5899,,657
125,"prague_castle",1,0,,9,,85,,9,,85,,82,,16,,32,,44,,56,,64,,64,,2759,,4721,,5798,,6904,,7302,,7189
126,"musee_du_louvre",1,0,1,0,,95,,9667,,975,,98,,16,,24,,4,,56,,6,,64,,2759,,3871,,563,,7092,,7429,,7743
127,"millennium_bridge_london",1,0,,8,,8,,7667,,75,,76,,2,,24,,4,,52,,52,,6,,3333,,3692,,5333,,6197,,6142,,6706
128,"casa_mila",,8,,7,,85,,9,,925,,94,,16,,24,,4,,4,,56,,6,,2667,,3574,,544,,5538,,6976,,7325
129,"national_gallery_london",1,0,1,0,,85,,7333,,65,,68,,1818,,2727,,4091,,5,,5455,,5909,,3077,,4286,,5523,,5946,,5932,,6323
130,"national_mall",1,0,1,0,1,0,1,0,,925,,9,,2,,28,,52,,56,,64,,8,,3333,,4375,,6842,,7179,,7565,,8471
131,"london_city_hall",1,0,1,0,1,0,,9667,,95,,92,,25,,35,,45,,5,,6,,65,,4,,5185,,6207,,6591,,7355,,7618
132,"holocaust_memorial",,8,,9,,8,,6667,,65,,62,,25,,375,,4375,,5,,5,,5625,,381,,5294,,5657,,5714,,5652,,5899
133,"columbus_circle",,8,,7,,55,,5667,,6,,56,,16,,24,,32,,48,,64,,64,,2667,,3574,,4046,,5197,,6194,,5973
134,"siegessaeule",1,0,1,0,1,0,,9667,,95,,78,,16,,24,,44,,6,,76,,76,,2759,,3871,,6111,,7404,,8444,,7699
135,"jardin_du_luxembourg",1,0,1,0,1,0,1,0,1,0,1,0,,16,,28,,52,,64,,72,,76,,2759,,4375,,6842,,7805,,8372,,8636
136,"merlion_singapore",,0,,1,,15,,1333,,2,,24,,0,,0455,,1364,,1364,,3182,,4091,,0,,0625,,1429,,1348,,2456,,3025
137,"harrods_london",,8,,9,,9,,8667,,875,,86,,16,,28,,52,,68,,72,,72,,2667,,4271,,6592,,7621,,79,,7838
138,"metropolitan_museum_of_art_new_york",1,0,1,0,1,0,,9,,925,,94,,2,,24,,48,,48,,6,,64,,3333,,3871,,6486,,6261,,7279,,7615
139,"new_york_stock_exchange",,8,,8,,9,,9333,,75,,64,,2,,3,,35,,4,,4,,5,,32,,4364,,504,,56,,5217,,5614
140,"stephansdom_vienna",1,0,1,0,1,0,,9667,,975,,98,,12,,32,,44,,56,,64,,68,,2143,,4848,,6111,,7092,,7728,,8029
141,"hms_belfast",1,0,1,0,1,0,1,0,,975,,92,,16,,28,,4,,64,,64,,72,,2759,,4375,,5714,,7805,,7728,,8078
142,"leicester_square",1,0,1,0,,9,,7667,,8,,8,,12,,16,,24,,4,,44,,52,,2143,,2759,,3789,,5257,,5677,,6303
143,"ciudad_de_las_artes_y_las_ciencias",,8,,9,,9,,8667,,875,,9,,16,,28,,4,,52,,6,,6,,2667,,4271,,5538,,65,,7119,,72
144,"topkapi_palace",1,0,1,0,,95,,9333,,95,,96,,2,,32,,48,,64,,72,,72,,3333,,4848,,6378,,7593,,8192,,8229
145,"royal_albert_hall",,8,,9,,8,,8333,,8,,8,,12,,28,,36,,44,,44,,48,,2087,,4271,,4966,,5759,,5677,,6
146,"st_vitus_cathedral",,8,,9,,95,,9667,,95,,96,,16,,32,,48,,52,,56,,56,,2667,,4721,,6378,,6762,,7046,,7074
147,"castello_sforzesco",1,0,1,0,,9,,9,,9,,92,,12,,2,,32,,4,,52,,6,,2143,,3333,,4721,,5538,,6592,,7263
148,"rijksmuseum_amsterdam",1,0,1,0,1,0,1,0,1,0,1,0,,12,,24,,32,,44,,52,,64,,2143,,3871,,4848,,6111,,6842,,7805
149,"dam_square",1,0,,9,,75,,7667,,775,,7,,16,,28,,32,,44,,52,,56,,2759,,4271,,4486,,5591,,6224,,6222
150,"rathaus_vienna",,8,,9,,75,,7333,,725,,68,,12,,24,,28,,36,,44,,44,,2087,,3789,,4078,,4829,,5476,,5343
151,"bath_abbey",1,0,,9,,95,,9667,,95,,92,,2,,32,,4,,44,,6,,68,,3333,,4721,,563,,6047,,7355,,782
152,"salisbury_cathedral",1,0,1,0,1,0,1,0,1,0,1,0,,16,,28,,36,,44,,44,,52,,2759,,4375,,5294,,6111,,6111,,6842
153,"templo_de_debod",,6,,5,,5,,4333,,475,,48,,1364,,2273,,3636,,4091,,5,,5455,,2222,,3125,,4211,,4209,,4872,,5106
154,"Niagara_Falls",,6,,6,,6,,6333,,65,,64,,1364,,1818,,2727,,3636,,4091,,4091,,2222,,2791,,375,,462,,5021,,4991
155,"Golden_Gate_Bridge_in_San_Francisco",1,0,,9,,9,,9333,,925,,94,,1818,,2273,,5,,5455,,6818,,7727,,3077,,3629,,6429,,6885,,785,,8482
156,"Neuschwanstein_Castle",1,0,1,0,1,0,1,0,1,0,,98,,16,,28,,56,,72,,76,,76,,2759,,4375,,7179,,8372,,8636,,8561
157,"Christ_Church_Cathedral_Missouri",1,0,1,0,,75,,8,,775,,76,,2,,32,,44,,52,,52,,56,,3333,,4848,,5546,,6303,,6224,,6448
158,"Mount_Rushmore_in_South_Dakota",,8,,8,,9,,9333,,95,,96,,12,,16,,28,,48,,6,,68,,2087,,2667,,4271,,634,,7355,,7961
159,"Puerta_de_Toledo",,6,,3,,15,,1,,075,,06,1,0,1,0,1,0,1,0,1,0,1,0,,75,,4615,,2609,,1818,,1395,,1132
160,"Urquhart_Castle",,8,,9,,9,,8333,,8,,82,,1667,,2917,,4583,,5,,625,,6667,,2759,,4406,,6074,,625,,7018,,7354
161,"Gare_du_Nord_Paris",,6,,7,,75,,7667,,7,,62,,12,,24,,32,,36,,4,,4,,2,,3574,,4486,,4899,,5091,,4863
162,"Newgrange_in_Ireland",,8,,6,,55,,5667,,575,,64,,125,,1667,,2917,,4167,,5,,5417,,2162,,2609,,3812,,4802,,5349,,5867
163,"Windmills_at_Kinderdijk",1,0,1,0,,8,,8,,775,,8,,16,,28,,36,,56,,6,,6,,2759,,4375,,4966,,6588,,6764,,6857
164,"Conciergerie",,8,,9,,95,,9667,,975,,98,,12,,2,,44,,56,,68,,72,,2087,,3273,,6014,,7092,,8012,,8301
165,"Palazzo_Madama",1,0,,7,,65,,5667,,625,,7,,2273,,2727,,4091,,5909,,7727,,7727,,3704,,3925,,5021,,5785,,6911,,7346
166,"Split_Rock_Lighthouse",1,0,,7,,85,,8333,,8,,84,,2,,24,,4,,48,,48,,56,,3333,,3574,,544,,6091,,6,,672
167,"The_Little_Mermaid_Denmark",1,0,1,0,,95,,9667,,95,,92,,2857,,2857,,5714,,7143,,7857,,9286,,4444,,4444,,7136,,8215,,8601,,9243
168,"Great_Pyramid_of_Giza",,4,,5,,55,,5667,,575,,62,,1333,,3333,,6,,6667,,7333,,8,,2,,4,,5739,,6126,,6446,,6986
169,"Pitti_Palace",,6,,5,,55,,6667,,75,,76,,1364,,1818,,3182,,4545,,5455,,5455,,2222,,2667,,4031,,5405,,6316,,6351
170,"Georgia_State_Capitol",1,0,,9,,95,,6333,,475,,38,,1579,,2632,,2632,,2632,,2632,,2632,,2727,,4072,,4121,,3718,,3387,,311
171,"Dome_des_Invalides",1,0,1,0,1,0,1,0,,975,,98,,16,,28,,36,,4,,4,,52,,2759,,4375,,5294,,5714,,5673,,6795
172,"Reggia_di_Caserta",,6,,6,,4,,4,,45,,5,,12,,2,,28,,4,,48,,52,,2,,3,,3294,,4,,4645,,5098
173,"The_Burj_al_Arab_Hotel",,6,,7,,8,,8333,,875,,9,,12,,2,,4,,44,,48,,56,,2,,3111,,5333,,5759,,6199,,6904
174,"Elephanta_Caves",1,0,,9,,8,,8667,,85,,84,,1667,,2917,,375,,5417,,625,,6667,,2857,,4406,,5106,,6667,,7203,,7434
175,"Basilica_of_Santa_Croce",1,0,1,0,1,0,1,0,1,0,1,0,,12,,24,,32,,4,,44,,56,,2143,,3871,,4848,,5714,,6111,,7179
176,"Aachen_Cathedral",1,0,1,0,,85,,8333,,875,,9,,16,,24,,36,,44,,56,,56,,2759,,3871,,5058,,5759,,6829,,6904
177,"Monument_to_the_Great_Fire_of_London",1,0,,8,,5,,5333,,5,,48,,2,,24,,32,,36,,44,,48,,3333,,3692,,3902,,4299,,4681,,48
178,"Longmen_Grottoes",,6,,8,,65,,7667,,725,,64,,12,,24,,36,,6,,72,,72,,2,,3692,,4634,,6732,,7225,,6776
179,"Louisiana_State_Capitol",,2,,3,,35,,4,,4,,4,,04,,12,,2,,32,,36,,48,,0667,,1714,,2545,,3556,,3789,,4364
180,"The_Great_Sphinx_at_Giza",,8,,9,,85,,8333,,85,,84,,12,,24,,36,,44,,52,,6,,2087,,3789,,5058,,5759,,6453,,7
181,"Teatro_Real_Madrid",,8,,8,,8,,7333,,7,,66,,1739,,3043,,5652,,6957,,7826,,8696,,2857,,4409,,6624,,714,,739,,7504
182,"Palacio_de_la_Magdalena",,6,,7,,8,,8,,8,,8,,12,,24,,4,,48,,56,,68,,2,,3574,,5333,,6,,6588,,7351
183,"Sowjetisches_Ehrenmal",,6,,5,,3,,3667,,475,,54,,08,,16,,2,,36,,48,,56,,1412,,2424,,24,,3633,,4775,,5498
184,"Cathedral_of_Trier",1,0,,9,,95,,9667,,9,,9,,16,,28,,56,,68,,8,,96,,2759,,4271,,7046,,7984,,8471,,929
185,"Saint_Mary_of_the_Flower",,2,,1,,1,,1333,,125,,1,,04,,04,,08,,12,,16,,16,,0667,,0571,,0889,,1263,,1404,,1231
186,"Skellig_Michael",,8,,8,,65,,6667,,6,,66,,16,,32,,36,,52,,56,,64,,2667,,4571,,4634,,5843,,5793,,6498
187,"Chicago_Board_of_Trade_Building",1,0,1,0,1,0,1,0,,95,,94,,1818,,2727,,4091,,5909,,5909,,7273,,3077,,4286,,5806,,7429,,7286,,8201
188,"Pont_de_Normandie_France",1,0,1,0,1,0,1,0,,975,,98,,2632,,3158,,6316,,7368,,7895,,8421,,4167,,48,,7742,,8485,,8725,,9058
189,"Palazzo_Rosso",,0,,1,,1,,1,,075,,1,,0,,0417,,0833,,125,,125,,2083,,0,,0588,,0909,,1111,,0937,,1351
190,"Piazza_Vittorio_Veneto",1,0,,9,,7,,5333,,45,,38,,25,,3125,,4375,,5,,5625,,5625,,4,,4639,,5385,,5161,,5,,4536
191,"Sforza_Castle",1,0,1,0,1,0,,9667,,95,,96,,2,,36,,56,,56,,64,,72,,3333,,5294,,7179,,7092,,7648,,8229
192,"Torres_KIO",1,0,1,0,,95,,9333,,925,,9,,16,,32,,4,,44,,52,,6,,2759,,4848,,563,,5981,,6657,,72
193,"Torre_Picasso",,8,,9,,8,,8,,75,,74,,125,,25,,4167,,625,,7083,,75,,2162,,3913,,5479,,7018,,7286,,745
194,"The_Palace_of_Parliament_in_Bucharest",1,0,,9,,95,,9667,,95,,96,,16,,2,,24,,28,,4,,64,,2759,,3273,,3832,,4342,,563,,768
195,"Ernest_Hemingway_House",,8,,8,,85,,8333,,775,,78,,16,,24,,44,,56,,6,,64,,2667,,3692,,5798,,6699,,6764,,7031
196,"Castel_dellOvo_Napoli",,8,,8,,9,,9,,875,,9,,12,,2,,48,,6,,64,,68,,2087,,32,,6261,,72,,7393,,7747
197,"Villa_Borghese_gardens",1,0,1,0,1,0,1,0,1,0,,98,,16,,24,,48,,68,,72,,76,,2759,,3871,,6486,,8095,,8372,,8561
198,"Saint_Marks_Basilica",1,0,1,0,1,0,1,0,,975,,98,,12,,24,,36,,44,,44,,48,,2143,,3871,,5294,,6111,,6064,,6444
199,"Mausoleum_of_the_First_Qin_Emperor",,8,,9,,95,,8333,,775,,8,,16,,32,,36,,44,,48,,52,,2667,,4721,,5221,,5759,,5928,,6303
200,"Mausoleum_of_Hadrian",,8,,6,,6,,5,,5,,5,,1111,,1667,,3889,,4444,,4444,,5,,1951,,2609,,4719,,4706,,4706,,5
201,"Piazza_de_Ferrari",1,0,1,0,1,0,,9667,,975,,94,,1579,,2632,,3684,,3684,,4737,,5263,,2727,,4167,,5385,,5335,,6376,,6748
202,"George_Washington_Carver",,0,,5,,7,,8,,675,,7,,0,,1875,,375,,5,,5625,,625,,0,,2727,,4884,,6154,,6136,,6604
203,"Cathedral_of_Santiago_de_Compostela",1,0,1,0,,95,,9333,,85,,8,,1176,,2941,,5882,,5882,,7059,,8824,,2105,,4545,,7266,,7216,,7713,,8392
204,"Saint-Jacques_Tower",,8,,9,,9,,9,,9,,82,,2308,,4615,,5385,,6923,,8462,1,0,,3582,,6102,,6738,,7826,,8722,,9011
205,"Calakmul_Campeche_Mexico",1,0,1,0,,8,,7667,,8,,78,,2143,,4286,,6429,,6429,,8571,,8571,,3529,,6,,7129,,6993,,8276,,8168
206,"Bran_Castle_in_Transylvania",1,0,,9,,9,,9,,9,,9,,1579,,2632,,3158,,4211,,4211,,4737,,2727,,4072,,4675,,5737,,5737,,6207
207,"Mosteiro_da_Batalha",1,0,1,0,1,0,1,0,1,0,1,0,,2632,,3684,,5263,,5263,,6842,,7368,,4167,,5385,,6897,,6897,,8125,,8485
208,"Wartburg_Castle",1,0,1,0,,95,,9333,,9,,92,,2,,3,,5,,6,,65,,75,,3333,,4615,,6552,,7304,,7548,,8263
209,"Fujian_Tulou_Fujian_China",1,0,1,0,1,0,1,0,1,0,,98,,1667,,3333,,3889,,5,,6667,,7222,,2857,,5,,56,,6667,,8,,8316
210,"Alabama_State_Capitol",,4,,5,,6,,7,,775,,76,,0952,,2381,,4762,,6667,,8095,,8571,,1538,,3226,,531,,6829,,7919,,8057
211,"Palazzo_dAccursio",1,0,1,0,1,0,,9333,,875,,9,,1667,,2222,,3889,,4444,,5,,6111,,2857,,3636,,56,,6022,,6364,,7279
212,"Casa_Grande_Ruins",1,0,,9,,8,,8333,,85,,84,,2353,,3529,,4118,,5882,,5882,,5882,,381,,507,,5437,,6897,,6953,,6919
213,"Stravinsky_Fountain",1,0,1,0,,9,,8667,,825,,86,,1333,,2667,,3333,,4667,,5333,,6,,2353,,4211,,4865,,6067,,6479,,7068
214,"Angel_Falls_Venezuela",,8,,7,,5,,4667,,45,,52,,1176,,2353,,3529,,4706,,5882,,7647,,2051,,3522,,4138,,4686,,5099,,619
215,"Statue_of_George_IV",,6,,5,,45,,4333,,425,,44,,375,,5,,625,,625,,625,,875,,4615,,5,,5233,,5118,,506,,5856
216,"Palacio_Barolo",,8,,7,,8,,8667,,9,,92,,2353,,2353,,4118,,5294,,7059,,7059,,3636,,3522,,5437,,6573,,7912,,7988
217,"Bridge_of_Remembrance_Christchurch_New_Zealand",,6,,5,,5,,6,,7,,74,,1667,,3333,,3333,,5833,,9167,1,0,,2609,,4,,4,,5915,,7938,,8506
218,"John_A._Roebling_Suspension_Bridge",,0,,3,,4,,4,,475,,4,,0,,0667,,2667,,4667,,6667,,6667,,0,,1091,,32,,4308,,5547,,5
219,"Blue_Dome_Santorini",1,0,,9,,95,,9333,,925,,92,,25,,375,,6875,,75,,8125,,8125,,4,,5294,,7977,,8317,,8651,,8629
220,"Fossar_de_les_Moreres",,8,,9,,75,,5667,,525,,42,,2143,,2857,,5714,,5714,,7143,,7143,,338,,4337,,6486,,569,,6052,,529
221,"Luxor_Obelisk_France",1,0,1,0,,8,,7667,,775,,78,,1875,,25,,375,,5,,625,,625,,3158,,4,,5106,,6053,,692,,694
222,"Valle_de_los_Caidos",1,0,1,0,1,0,,9333,,925,,92,,25,,3,,45,,45,,65,,7,,4,,4615,,6207,,6072,,7635,,7951
--------------------
"--","Avg.",P@5,P@10,P@20,P@30,P@40,P@50,CR@5,CR@10,CR@20,CR@30,CR@40,CR@50,F1@5,F1@10,F1@20,F1@30,F1@40,F1@50
,,,8009,,8,,7901,,7841,,7744,,7677,,1521,,2476,,3874,,4889,,5652,,6208,,2492,,369,,5077,,5874,,6368,,6698