--------------------
"Run name","output_runFCTHSilhouette"
--------------------
"Average P@20 = ",,7905
"Average CR@20 = ",,385
"Average F1@20 = ",,5097
--------------------
"Query Id ","Location name",P@5,P@10,P@20,P@30,P@40,P@50,CR@5,CR@10,CR@20,CR@30,CR@40,CR@50,F1@5,F1@10,F1@20,F1@30,F1@40,F1@50
1,"angel_of_the_north",1,0,1,0,1,0,1,0,1,0,1,0,,04,,2,,4,,56,,68,,76,,0769,,3333,,5714,,7179,,8095,,8636
2,"big_ben",,8,,9,,9,,9,,9,,82,,1364,,2727,,4091,,4545,,5,,5909,,233,,4186,,5625,,604,,6429,,6869
3,"hearst_castle",1,0,1,0,,9,,9333,,925,,9,,1667,,375,,5,,7083,,7917,,7917,,2857,,5455,,6429,,8054,,8532,,8424
4,"la_madeleine",1,0,,6,,5,,5667,,425,,42,,2143,,2143,,3571,,6429,,6429,,7857,,3529,,3158,,4167,,6024,,5117,,5474
5,"pont_alexandre_iii",1,0,1,0,,95,,9667,,975,,98,,2,,28,,32,,44,,72,,76,,3333,,4375,,4787,,6047,,8283,,8561
6,"neues_museum",,6,,3,,2,,3,,475,,58,,04,,04,,08,,28,,56,,64,,075,,0706,,1143,,2897,,514,,6085
7,"montezuma_castle",,8,,8,,9,,8333,,7,,68,,25,,25,,5,,5833,,5833,,6667,,381,,381,,6429,,6863,,6364,,6733
8,"cn_tower",,4,,6,,7,,6667,,675,,68,,0833,,1667,,2917,,375,,5,,5833,,1379,,2609,,4118,,48,,5745,,628
9,"acropolis_athens",1,0,1,0,,95,,9,,925,,86,,1905,,2857,,4286,,5238,,5714,,5714,,32,,4444,,5907,,6622,,7064,,6866
10,"agra_fort",1,0,,8,,85,,8667,,9,,9,,16,,28,,52,,64,,76,,8,,2759,,4148,,6453,,7363,,8241,,8471
11,"albert_memorial",,2,,3,,6,,7,,775,,76,,0455,,1364,,2727,,3182,,4545,,5455,,0741,,1875,,375,,4375,,573,,6351
12,"altes_museum",,8,,8,,65,,6667,,55,,6,,0833,,1667,,375,,5,,5417,,5833,,1509,,2759,,4756,,5714,,5458,,5915
13,"amiens_cathedral",1,0,1,0,1,0,1,0,,925,,94,,2,,36,,52,,6,,68,,8,,3333,,5294,,6842,,75,,7838,,8644
14,"angkor_wat",1,0,,9,,85,,8333,,875,,84,,12,,2,,4,,56,,68,,68,,2143,,3273,,544,,6699,,7653,,7516
15,"ara_pacis",,4,,3,,65,,7,,675,,6,,0909,,1364,,4091,,5455,,6818,,6818,,1481,,1875,,5021,,6131,,6784,,6383
16,"arc_de_triomphe",,8,,9,,95,,8,,725,,68,,125,,2083,,375,,5,,5833,,5833,,2162,,3383,,5377,,6154,,6465,,628
17,"aztec_ruins",,6,,3,,15,,1667,,15,,3,,08,,08,,08,,16,,2,,32,,1412,,1263,,1043,,1633,,1714,,3097
18,"berlin_cathedral",1,0,1,0,1,0,1,0,,975,,96,,2,,32,,52,,52,,6,,68,,3333,,4848,,6842,,6842,,7429,,7961
19,"bok_tower_gardens",,8,,9,,85,,8333,,8,,82,,16,,28,,52,,6,,68,,72,,2667,,4271,,6453,,6977,,7351,,7668
20,"brandenburg_gate",1,0,1,0,1,0,1,0,1,0,,96,,16,,24,,4,,52,,56,,64,,2759,,3871,,5714,,6842,,7179,,768
21,"cabrillo",,0,,2,,2,,2,,175,,14,,0,,0769,,2308,,3846,,4615,,4615,,0,,1111,,2143,,2632,,2538,,2148
22,"casa_batllo",,4,,6,,8,,8667,,9,,92,,08,,2,,48,,52,,68,,8,,1333,,3,,6,,65,,7747,,8558
23,"casa_rosada",1,0,1,0,,95,,9667,,975,,98,,12,,24,,4,,52,,64,,76,,2143,,3871,,563,,6762,,7728,,8561
24,"castillo_de_san_marcos",,0,,0,,3,,5333,,6,,64,,0,,0,,16,,4,,52,,68,,0,,0,,2087,,4571,,5571,,6594
25,"chartres_cathedral",1,0,1,0,1,0,,9667,,95,,94,,12,,24,,32,,64,,72,,76,,2143,,3871,,4848,,7701,,8192,,8405
26,"chichen_itza",1,0,,9,,85,,8667,,9,,88,,12,,24,,4,,56,,6,,72,,2143,,3789,,544,,6804,,72,,792
27,"christ_the_redeemer_rio",,4,,6,,7,,6333,,6,,68,,0435,,1739,,3043,,4348,,4783,,6087,,0784,,2697,,4242,,5156,,5323,,6424
28,"civic_center_san_francisco",,8,,8,,75,,8333,,7,,64,,16,,24,,48,,64,,64,,64,,2667,,3692,,5854,,724,,6687,,64
29,"cologne_cathedral",1,0,1,0,,95,,9667,,95,,94,,2,,32,,4,,52,,56,,72,,3333,,4848,,563,,6762,,7046,,8154
30,"colosseum",1,0,1,0,1,0,1,0,,85,,86,,16,,36,,48,,52,,52,,64,,2759,,5294,,6486,,6842,,6453,,7339
31,"doge_s_palace",1,0,1,0,1,0,,9667,,85,,86,,12,,24,,28,,44,,48,,48,,2143,,3871,,4375,,6047,,6135,,6161
32,"eiffel_tower",1,0,1,0,,95,,9667,,95,,94,,08,,16,,36,,48,,52,,52,,1481,,2759,,5221,,6415,,6721,,6696
33,"golden_gate_bridge",,8,,6,,75,,7667,,775,,72,,1739,,1739,,3478,,4783,,5217,,6087,,2857,,2697,,4752,,5891,,6236,,6597
34,"grand_palais",1,0,1,0,,9,,9,,925,,94,,0909,,1818,,3182,,3636,,4545,,5909,,1667,,3077,,4701,,518,,6096,,7257
35,"guggenheim_museum_bilbao",1,0,,9,,85,,9,,925,,94,,08,,2,,36,,44,,6,,64,,1481,,3273,,5058,,591,,7279,,7615
36,"hagia_sophia_istanbul",1,0,1,0,,9,,9,,925,,92,,12,,2,,36,,52,,52,,64,,2143,,3333,,5143,,6592,,6657,,7549
37,"hoover_dam",1,0,1,0,,95,,9333,,95,,96,,2,,24,,4,,44,,56,,68,,3333,,3871,,563,,5981,,7046,,7961
38,"humayun_tomb",,8,,9,,9,,7667,,8,,82,,16,,28,,48,,52,,6,,76,,2667,,4271,,6261,,6197,,6857,,7889
39,"iguazu_falls",,6,,5,,7,,7667,,725,,72,,12,,12,,36,,52,,56,,68,,2,,1935,,4755,,6197,,6319,,6994
40,"iolani_palace",1,0,,9,,9,,9333,,775,,66,,16,,24,,48,,52,,6,,64,,2759,,3789,,6261,,6679,,6764,,6498
41,"la_mezquita",,8,,7,,75,,7333,,675,,6,,1667,,25,,4167,,5,,5,,5833,,2759,,3684,,5357,,5946,,5745,,5915
42,"la_rambla_barcelona",1,0,1,0,,95,,9667,,975,,92,,16,,2,,4,,4,,4,,52,,2759,,3333,,563,,5659,,5673,,6644
43,"la_sainte_chapelle",1,0,1,0,,95,,9333,,925,,94,,16,,24,,4,,48,,6,,72,,2759,,3871,,563,,634,,7279,,8154
44,"liberty_memorial",1,0,,8,,7,,7667,,675,,68,,16,,16,,36,,48,,52,,68,,2759,,2667,,4755,,5904,,5874,,68
45,"lincoln_home",,4,,6,,8,,8667,,875,,78,,1111,,3333,,4444,,6667,,7778,,7778,,1739,,4286,,5714,,7536,,8235,,7789
46,"machu_picchu",,6,,7,,8,,7667,,825,,84,,08,,16,,32,,48,,56,,68,,1412,,2605,,4571,,5904,,6671,,7516
47,"marble_arch_london",,8,,7,,7,,5333,,5,,42,,3333,,3333,,6667,,6667,,8333,,8333,,4706,,4516,,6829,,5926,,625,,5585
48,"milan_cathedral",1,0,1,0,1,0,,9333,,95,,96,,2,,36,,52,,6,,68,,68,,3333,,5294,,6842,,7304,,7926,,7961
49,"mole_antonelliana",1,0,1,0,,85,,8,,8,,7,,12,,24,,32,,4,,52,,6,,2143,,3871,,465,,5333,,6303,,6462
50,"mont_saint_michel",1,0,1,0,,95,,9667,,95,,94,,12,,2,,32,,44,,6,,76,,2143,,3333,,4787,,6047,,7355,,8405
51,"moulin_rouge",,0,,0,,05,,0333,,225,,18,,0,,0,,125,,125,,75,,75,,0,,0,,0714,,0526,,3462,,2903
52,"nelson_s_column",,6,,8,,9,,9333,,95,,96,,0833,,2083,,4167,,5,,5833,,7083,,1463,,3306,,5696,,6512,,7228,,8152
53,"notre_dame_de_paris",,8,,9,,9,,9,,875,,9,,08,,2,,32,,64,,72,,76,,1455,,3273,,4721,,7481,,79,,8241
54,"obelisco",,0,,0,,1,,1,,075,,18,,0,,0,,1818,,1818,,1818,,5455,,0,,0,,129,,129,,1062,,2707
55,"piccadilly_circus",1,0,,9,,9,,8667,,75,,7,,1739,,2174,,4348,,4783,,5652,,5652,,2963,,3502,,5863,,6164,,6446,,6254
56,"place_de_la_concorde",1,0,1,0,1,0,1,0,1,0,1,0,,2,,32,,4,,48,,6,,68,,3333,,4848,,5714,,6486,,75,,8095
57,"place_de_la_republique",,6,,3,,25,,1667,,175,,14,,375,,375,,5,,5,,5,,5,,4615,,3333,,3333,,25,,2593,,2188
58,"place_des_vosges",1,0,1,0,1,0,,9,,775,,78,,16,,24,,36,,44,,52,,68,,2759,,3871,,5294,,591,,6224,,7266
59,"pont_du_gard",,8,,8,,8,,8,,825,,82,,12,,24,,36,,44,,56,,56,,2087,,3692,,4966,,5677,,6671,,6655
60,"pont_neuf",1,0,,9,,8,,8,,7,,68,,16,,24,,36,,48,,48,,56,,2759,,3789,,4966,,6,,5695,,6142
61,"ponte_vecchio",,8,,9,,9,,8333,,875,,84,,125,,2083,,375,,5417,,5833,,625,,2162,,3383,,5294,,6566,,7,,7167
62,"puerta_de_alcala",,4,,7,,7,,5667,,625,,62,,1053,,3158,,4737,,5263,,6316,,7368,,1667,,4352,,565,,5457,,6283,,6734
63,"puerta_del_sol",,6,,7,,6,,5,,425,,36,,15,,2,,35,,35,,4,,4,,24,,3111,,4421,,4118,,4121,,3789
64,"red_fort",1,0,1,0,1,0,1,0,1,0,1,0,,16,,28,,4,,56,,68,,76,,2759,,4375,,5714,,7179,,8095,,8636
65,"reims_cathedral",1,0,1,0,1,0,1,0,1,0,1,0,,2,,36,,48,,56,,68,,76,,3333,,5294,,6486,,7179,,8095,,8636
66,"rialto_bridge",1,0,,8,,65,,7,,6,,52,,125,,3125,,3125,,5625,,625,,625,,2222,,4494,,4221,,6238,,6122,,5677
67,"roman_forum_rome",1,0,,9,,8,,7,,725,,72,,12,,16,,32,,44,,48,,64,,2143,,2717,,4571,,5404,,5776,,6776
68,"sacre_coeur",,8,,6,,6,,6667,,575,,64,,125,,125,,2083,,375,,4167,,5833,,2162,,2069,,3093,,48,,4832,,6104
69,"sagrada_familia",,6,,8,,9,,9333,,925,,94,,12,,24,,48,,52,,64,,64,,2,,3692,,6261,,6679,,7565,,7615
70,"santa_maria_novella",1,0,1,0,,95,,7333,,6,,62,,12,,24,,4,,44,,48,,64,,2143,,3871,,563,,55,,5333,,6298
71,"schonbrunn_palace",1,0,1,0,1,0,1,0,1,0,1,0,,16,,28,,44,,64,,68,,72,,2759,,4375,,6111,,7805,,8095,,8372
72,"seville_cathedral",1,0,1,0,,9,,9333,,95,,96,,08,,16,,36,,48,,56,,64,,1481,,2759,,5143,,634,,7046,,768
73,"spanish_steps",1,0,,9,,7,,7,,725,,68,,1364,,2727,,3182,,5,,5909,,6818,,24,,4186,,4375,,5833,,6511,,6809
74,"st__basil_cathedral",1,0,1,0,1,0,,9,,85,,88,,12,,24,,44,,6,,6,,64,,2143,,3871,,6111,,72,,7034,,7411
75,"statue_of_liberty",,8,,9,,85,,7667,,825,,82,,12,,2,,32,,4,,6,,64,,2087,,3273,,465,,5257,,6947,,7189
76,"stonehenge",,6,,6,,65,,5,,475,,5,,1053,,2105,,3684,,4211,,4737,,5789,,1791,,3117,,4703,,4571,,4743,,5366
77,"summer_palace_beijing",1,0,1,0,1,0,1,0,,975,,98,,12,,28,,44,,52,,6,,6,,2143,,4375,,6111,,6842,,7429,,7443
78,"sydney_opera_house",1,0,1,0,,95,,9333,,95,,96,,12,,28,,44,,52,,6,,64,,2143,,4375,,6014,,6679,,7355,,768
79,"teotihuacan",1,0,,9,,75,,6667,,65,,68,,16,,32,,44,,48,,52,,56,,2759,,4721,,5546,,5581,,5778,,6142
80,"terracotta_army",,0,,1,,05,,1667,,35,,4,,0,,05,,05,,2,,5,,6,,0,,0667,,05,,1818,,4118,,48
81,"the_blue_mosque",,8,,7,,75,,8333,,875,,9,,08,,12,,36,,52,,6,,8,,1455,,2049,,4865,,6404,,7119,,8471
82,"the_henry_ford",,6,,6,,75,,7,,625,,7,,12,,2,,36,,44,,56,,6,,2,,3,,4865,,5404,,5907,,6462
83,"taj_mahal",1,0,1,0,1,0,,9333,,925,,94,,12,,28,,4,,44,,64,,76,,2143,,4375,,5714,,5981,,7565,,8405
84,"tour_montparnasse",,6,,7,,6,,5,,375,,44,,1,,2,,35,,4,,4,,55,,1714,,3111,,4421,,4444,,3871,,4889
85,"tower_bridge_london",,2,,3,,6,,7,,6,,54,,04,,12,,32,,56,,56,,56,,0667,,1714,,4174,,6222,,5793,,5498
86,"trafalgar_square",,4,,4,,5,,4333,,45,,5,,0909,,1818,,2727,,3182,,3182,,4091,,1481,,25,,3529,,3669,,3728,,45
87,"leaning_tower_of_pisa",,6,,6,,6,,5,,575,,62,,12,,2,,36,,44,,6,,64,,2,,3,,45,,4681,,5872,,6298
88,"hermitage_museum_saint_petersburg",1,0,1,0,,85,,8333,,825,,82,,08,,16,,28,,4,,6,,6,,1481,,2759,,4212,,5405,,6947,,693
89,"jantar_mantar_jaipur",1,0,1,0,,85,,7667,,725,,78,,2,,32,,52,,6,,76,,8,,3333,,4848,,6453,,6732,,7421,,7899
90,"lake_titicaca_peru",,2,,4,,4,,4333,,45,,46,,0417,,125,,25,,3333,,4583,,625,,069,,1905,,3077,,3768,,4541,,53
91,"the_great_wall_of_china",1,0,1,0,,85,,8333,,8,,8,,12,,2,,32,,36,,48,,56,,2143,,3333,,465,,5028,,6,,6588
92,"grande_arche_paris",,6,,6,,6,,5667,,625,,66,,08,,12,,28,,28,,32,,48,,1412,,2,,3818,,3748,,4233,,5558
93,"el_angel_mexico",,0,,3,,35,,5667,,55,,44,,0,,0952,,1905,,4286,,5238,,5238,,0,,1446,,2467,,488,,5366,,4783
94,"bibliotheque_nationale_de_france",1,0,,9,,75,,8333,,775,,78,,2,,28,,32,,44,,56,,64,,3333,,4271,,4486,,5759,,6502,,7031
95,"kronborg_castle",,8,,6,,6,,5667,,675,,72,,1667,,2083,,375,,4583,,5,,5,,2759,,3093,,4615,,5068,,5745,,5902
96,"ajanta_caves",1,0,1,0,,85,,8667,,875,,9,,1364,,3182,,5,,5909,,5909,,5909,,24,,4828,,6296,,7027,,7054,,7134
97,"atomium",1,0,1,0,1,0,,9667,,975,,94,,1429,,1905,,3333,,4286,,4286,,5238,,25,,32,,5,,5939,,5954,,6727
98,"ellora_caves",1,0,1,0,,95,,9667,,975,,96,,1364,,2273,,3636,,5455,,5909,,6364,,24,,3704,,526,,6974,,7358,,7654
99,"potala_palace",,8,,9,,9,,9,,85,,84,,1667,,2778,,4444,,5556,,7222,,7778,,2759,,4245,,595,,687,,7809,,8077
100,"jokhang",1,0,1,0,,9,,8667,,875,,86,,12,,28,,36,,6,,76,,88,,2143,,4375,,5143,,7091,,8135,,8699
101,"rila_monastery",1,0,1,0,1,0,,9,,925,,94,,08,,2,,32,,4,,48,,52,,1481,,3333,,4848,,5538,,632,,6696
102,"louvre_pyramid",,8,,9,,95,,9333,,925,,88,,1111,,3889,,4444,,5556,,5556,,5556,,1951,,5431,,6056,,6965,,6942,,6811
103,"brooklyn_bridge",,8,,9,,95,,9333,,95,,9,,1429,,2381,,3333,,4286,,5714,,619,,2424,,3766,,4935,,5874,,7136,,7335
104,"tower_of_london",,8,,7,,75,,7333,,725,,7,,0435,,1739,,3913,,4348,,5652,,6087,,0825,,2786,,5143,,5459,,6352,,6512
105,"british_museum_london",1,0,1,0,1,0,,9333,,95,,92,,2,,2,,4,,55,,6,,65,,3333,,3333,,5714,,6921,,7355,,7618
106,"buckingham_palace",,6,,4,,5,,4,,375,,36,,15,,2,,35,,35,,4,,45,,24,,2667,,4118,,3733,,3871,,4
107,"charles_bridge_prague",,4,,4,,65,,6,,6,,54,,0833,,1667,,2917,,375,,4167,,4167,,1379,,2353,,4027,,4615,,4918,,4704
108,"champs_elysees_paris",,8,,7,,75,,7667,,675,,58,,1333,,2,,4,,5333,,6,,6,,2286,,3111,,5217,,6291,,6353,,5898
109,"chrysler_building",1,0,1,0,,95,,9667,,95,,96,,3571,,4286,,6429,,7143,,8571,,9286,,5263,,6,,7668,,8215,,9012,,944
110,"moma_new_york",1,0,1,0,,85,,9,,85,,88,,1579,,2632,,3158,,4211,,5263,,6316,,2727,,4167,,4605,,5737,,6501,,7354
111,"grand_central_terminal",1,0,1,0,1,0,,9667,,975,,94,,0476,,0952,,2381,,5238,,5714,,5714,,0909,,1739,,3846,,6794,,7206,,7108
112,"houses_of_parliament",1,0,1,0,,8,,8667,,9,,92,,1739,,2609,,3913,,4783,,5652,,5652,,2963,,4138,,5255,,6164,,6944,,7002
113,"alexanderplatz_berlin",,0,,0,,45,,4667,,55,,58,,0,,0,,24,,36,,48,,56,,0,,0,,313,,4065,,5126,,5698
114,"centre_pompidou",,2,,5,,6,,6667,,65,,64,,0556,,2222,,3333,,4444,,5,,5,,087,,3077,,4286,,5333,,5652,,5614
115,"sydney_harbour_bridge",1,0,1,0,1,0,1,0,1,0,1,0,,1875,,3125,,375,,5,,625,,625,,3158,,4762,,5455,,6667,,7692,,7692
116,"pier_39",1,0,1,0,1,0,,9,,85,,88,,0952,,2381,,4762,,619,,6667,,7143,,1739,,3846,,6452,,7335,,7473,,7885
117,"coit_tower",,8,,7,,65,,6667,,675,,7,,2667,,2667,,4,,5333,,6,,6,,4,,3862,,4952,,5926,,6353,,6462
118,"st_paul_s_cathedral_london",,6,,8,,9,,9333,,8,,72,,1765,,4118,,4706,,5882,,6471,,7647,,2727,,5437,,618,,7216,,7154,,7417
119,"cloud_gate",,8,,4,,3,,4667,,525,,58,,1667,,1667,,25,,3333,,5,,5833,,2759,,2353,,2727,,3889,,5122,,5817
120,"musee_d_orsay",1,0,1,0,,85,,9,,9,,9,,1429,,3333,,3333,,5238,,5714,,619,,25,,5,,4789,,6622,,699,,7335
121,"pike_place_market",1,0,1,0,,85,,8667,,875,,88,,1429,,2381,,381,,381,,4286,,4762,,25,,3846,,5261,,5293,,5753,,618
122,"royal_palace_madrid",,8,,8,,85,,9,,825,,84,,1818,,3182,,5,,6364,,6818,,6818,,2963,,4553,,6296,,7456,,7466,,7527
123,"sony_center_berlin",1,0,1,0,,9,,9333,,95,,94,,0476,,1429,,2857,,381,,4286,,4762,,0909,,25,,4337,,5411,,5907,,6321
124,"red_square_moscow",1,0,,8,,8,,7333,,75,,72,,2381,,3333,,4286,,4286,,5714,,619,,3846,,4706,,5581,,541,,6486,,6657
125,"prague_castle",1,0,1,0,,9,,9,,9,,9,,12,,24,,44,,56,,64,,72,,2143,,3871,,591,,6904,,7481,,8
126,"musee_du_louvre",1,0,1,0,,95,,9667,,975,,96,,16,,32,,44,,44,,52,,64,,2759,,4848,,6014,,6047,,6783,,768
127,"millennium_bridge_london",,8,,8,,75,,8333,,8,,8,,16,,24,,32,,36,,44,,56,,2667,,3692,,4486,,5028,,5677,,6588
128,"casa_mila",1,0,1,0,1,0,,9333,,95,,96,,16,,24,,44,,48,,56,,64,,2759,,3871,,6111,,634,,7046,,768
129,"national_gallery_london",1,0,1,0,,7,,7333,,775,,66,,1818,,3182,,3636,,5455,,6364,,6364,,3077,,4828,,4786,,6256,,6989,,648
130,"national_mall",1,0,,9,,9,,9333,,9,,9,,16,,24,,48,,72,,8,,84,,2759,,3789,,6261,,8129,,8471,,869
131,"london_city_hall",,8,,9,,95,,9667,,95,,9,,15,,35,,4,,6,,7,,7,,2526,,504,,563,,7404,,8061,,7875
132,"holocaust_memorial",1,0,,9,,8,,7333,,625,,54,,1875,,3125,,4375,,625,,6875,,75,,3158,,4639,,5657,,6748,,6548,,6279
133,"columbus_circle",,8,,8,,55,,4667,,525,,54,,12,,24,,28,,4,,56,,64,,2087,,3692,,3711,,4308,,5419,,5858
134,"siegessaeule",1,0,1,0,1,0,,8333,,75,,64,,16,,28,,44,,6,,68,,72,,2759,,4375,,6111,,6977,,7133,,6776
135,"jardin_du_luxembourg",1,0,1,0,1,0,1,0,,9,,88,,12,,24,,48,,56,,68,,76,,2143,,3871,,6486,,7179,,7747,,8156
136,"merlion_singapore",,0,,0,,1,,1667,,35,,46,,0,,0,,0909,,2273,,4091,,5455,,0,,0,,0952,,1923,,3772,,4991
137,"harrods_london",1,0,1,0,1,0,,8333,,825,,84,,2,,24,,4,,48,,56,,6,,3333,,3871,,5714,,6091,,6671,,7
138,"metropolitan_museum_of_art_new_york",,8,,9,,95,,9667,,975,,98,,12,,2,,36,,52,,56,,64,,2087,,3273,,5221,,6762,,7114,,7743
139,"new_york_stock_exchange",,6,,8,,8,,7667,,6,,62,,15,,25,,35,,45,,45,,55,,24,,381,,487,,5671,,5143,,5829
140,"stephansdom_vienna",1,0,1,0,1,0,1,0,1,0,,98,,16,,28,,48,,64,,64,,68,,2759,,4375,,6486,,7805,,7805,,8029
141,"hms_belfast",1,0,1,0,1,0,1,0,,975,,98,,2,,24,,4,,52,,56,,76,,3333,,3871,,5714,,6842,,7114,,8561
142,"leicester_square",1,0,,7,,75,,7,,725,,7,,2,,2,,28,,32,,48,,52,,3333,,3111,,4078,,4392,,5776,,5967
143,"ciudad_de_las_artes_y_las_ciencias",1,0,1,0,,95,,9333,,925,,94,,12,,32,,48,,56,,6,,72,,2143,,4848,,6378,,7,,7279,,8154
144,"topkapi_palace",1,0,1,0,1,0,,9333,,95,,94,,2,,4,,44,,52,,64,,72,,3333,,5714,,6111,,6679,,7648,,8154
145,"royal_albert_hall",1,0,,9,,6,,5667,,65,,68,,16,,28,,36,,48,,52,,56,,2759,,4271,,45,,5197,,5778,,6142
146,"st_vitus_cathedral",1,0,1,0,,95,,9667,,95,,94,,2,,32,,44,,52,,6,,64,,3333,,4848,,6014,,6762,,7355,,7615
147,"castello_sforzesco",1,0,1,0,,95,,9333,,925,,92,,12,,24,,36,,52,,56,,56,,2143,,3871,,5221,,6679,,6976,,6962
148,"rijksmuseum_amsterdam",1,0,1,0,1,0,1,0,1,0,1,0,,08,,08,,2,,48,,68,,72,,1481,,1481,,3333,,6486,,8095,,8372
149,"dam_square",,8,,8,,85,,7,,625,,66,,16,,24,,32,,32,,4,,56,,2667,,3692,,465,,4392,,4878,,6059
150,"rathaus_vienna",,8,,9,,85,,7,,625,,64,,16,,2,,24,,32,,44,,6,,2667,,3273,,3743,,4392,,5164,,6194
151,"bath_abbey",1,0,1,0,1,0,1,0,1,0,,94,,16,,36,,52,,56,,68,,76,,2759,,5294,,6842,,7179,,8095,,8405
152,"salisbury_cathedral",1,0,1,0,1,0,1,0,,975,,94,,16,,24,,32,,36,,48,,56,,2759,,3871,,4848,,5294,,6433,,7019
153,"templo_de_debod",,0,,0,,1,,3667,,4,,46,,0,,0,,0909,,1818,,2727,,3636,,0,,0,,0952,,2431,,3243,,4062
154,"Niagara_Falls",,6,,6,,55,,4667,,575,,6,,1364,,2273,,4091,,4545,,6818,,6818,,2222,,3297,,4692,,4605,,6239,,6383
155,"Golden_Gate_Bridge_in_San_Francisco",1,0,1,0,,9,,9333,,95,,96,,2273,,2727,,3636,,5909,,6818,,6818,,3704,,4286,,518,,7237,,7939,,7973
156,"Neuschwanstein_Castle",1,0,1,0,1,0,1,0,,975,,98,,12,,28,,48,,56,,64,,72,,2143,,4375,,6486,,7179,,7728,,8301
157,"Christ_Church_Cathedral_Missouri",1,0,,9,,95,,9667,,975,,98,,2,,28,,36,,44,,48,,6,,3333,,4271,,5221,,6047,,6433,,7443
158,"Mount_Rushmore_in_South_Dakota",,8,,8,,9,,9,,825,,86,,08,,16,,32,,44,,44,,56,,1455,,2667,,4721,,591,,5739,,6783
159,"Puerta_de_Toledo",,0,,0,,0,,1,,075,,06,,0,,0,,0,1,0,1,0,1,0,,0,,0,,0,,1818,,1395,,1132
160,"Urquhart_Castle",,8,,8,,8,,8333,,825,,86,,125,,25,,375,,5833,,625,,6667,,2162,,381,,5106,,6863,,7112,,7511
161,"Gare_du_Nord_Paris",,4,,6,,8,,8333,,725,,7,,08,,2,,32,,36,,48,,52,,1333,,3,,4571,,5028,,5776,,5967
162,"Newgrange_in_Ireland",,6,,5,,65,,7,,65,,64,,125,,2083,,375,,4583,,4583,,4583,,2069,,2941,,4756,,554,,5376,,5341
163,"Windmills_at_Kinderdijk",,8,,8,,9,,8333,,825,,86,,12,,28,,44,,48,,48,,68,,2087,,4148,,591,,6091,,6069,,7595
164,"Conciergerie",1,0,,9,,95,,9667,,95,,94,,12,,2,,4,,56,,64,,64,,2143,,3273,,563,,7092,,7648,,7615
165,"Palazzo_Madama",1,0,,8,,8,,7,,575,,64,,2273,,3182,,5455,,5909,,6364,,7727,,3704,,4553,,6486,,6408,,6041,,7001
166,"Split_Rock_Lighthouse",1,0,1,0,1,0,,9333,,9,,86,,12,,16,,28,,36,,48,,52,,2143,,2759,,4375,,5196,,6261,,6481
167,"The_Little_Mermaid_Denmark",1,0,1,0,1,0,1,0,1,0,,94,,2143,,4286,,6429,,7857,,8571,,9286,,3529,,6,,7826,,88,,9231,,9343
168,"Great_Pyramid_of_Giza",,2,,4,,55,,7,,575,,6,,0667,,1333,,2667,,5333,,6,,7333,,1,,2,,3592,,6054,,5872,,66
169,"Pitti_Palace",1,0,,8,,8,,8667,,775,,8,,1364,,2273,,4545,,5,,5,,5,,24,,354,,5797,,6341,,6078,,6154
170,"Georgia_State_Capitol",,8,,9,,6,,4,,3,,34,,2105,,2632,,2632,,2632,,2632,,2632,,3333,,4072,,3659,,3175,,2804,,2967
171,"Dome_des_Invalides",1,0,1,0,1,0,,9667,,975,,98,,12,,2,,4,,56,,56,,64,,2143,,3333,,5714,,7092,,7114,,7743
172,"Reggia_di_Caserta",,6,,4,,45,,4333,,425,,5,,08,,12,,24,,4,,44,,52,,1412,,1846,,313,,416,,4324,,5098
173,"The_Burj_al_Arab_Hotel",1,0,,8,,8,,7667,,775,,82,,16,,24,,36,,4,,52,,56,,2759,,3692,,4966,,5257,,6224,,6655
174,"Elephanta_Caves",1,0,1,0,1,0,,9667,,95,,96,,125,,2917,,4583,,5833,,5833,,7083,,2222,,4516,,6286,,7276,,7228,,8152
175,"Basilica_of_Santa_Croce",1,0,1,0,1,0,1,0,1,0,1,0,,16,,32,,48,,6,,6,,68,,2759,,4848,,6486,,75,,75,,8095
176,"Aachen_Cathedral",1,0,,9,,85,,8667,,9,,92,,16,,24,,32,,4,,48,,56,,2759,,3789,,465,,5474,,6261,,6962
177,"Monument_to_the_Great_Fire_of_London",,6,,7,,75,,6333,,625,,64,,12,,2,,4,,44,,52,,6,,2,,3111,,5217,,5193,,5677,,6194
178,"Longmen_Grottoes",,6,,6,,45,,4667,,55,,54,,12,,2,,28,,4,,6,,68,,2,,3,,3452,,4308,,5739,,602
179,"Louisiana_State_Capitol",,6,,4,,45,,3,,3,,38,,12,,16,,28,,28,,36,,56,,2,,2286,,3452,,2897,,3273,,4528
180,"The_Great_Sphinx_at_Giza",1,0,1,0,1,0,,9333,,925,,9,,16,,28,,48,,56,,6,,72,,2759,,4375,,6486,,7,,7279,,8
181,"Teatro_Real_Madrid",1,0,,7,,85,,6333,,625,,62,,2174,,3043,,5652,,5652,,7391,,7826,,3571,,4242,,679,,5973,,6773,,6919
182,"Palacio_de_la_Magdalena",1,0,1,0,,8,,8333,,825,,76,,16,,28,,4,,52,,64,,72,,2759,,4375,,5333,,6404,,7208,,7395
183,"Sowjetisches_Ehrenmal",,8,,7,,7,,7333,,8,,76,,12,,2,,4,,48,,6,,64,,2087,,3111,,5091,,5802,,6857,,6949
184,"Cathedral_of_Trier",1,0,,9,,95,,8333,,825,,86,,2,,24,,48,,6,,76,,84,,3333,,3789,,6378,,6977,,7912,,8499
185,"Saint_Mary_of_the_Flower",,6,,3,,2,,1333,,3,,38,,12,,12,,16,,16,,32,,4,,2,,1714,,1778,,1455,,3097,,3897
186,"Skellig_Michael",,6,,7,,7,,7,,7,,7,,12,,28,,44,,52,,6,,6,,2,,4,,5404,,5967,,6462,,6462
187,"Chicago_Board_of_Trade_Building",1,0,,9,,65,,7667,,65,,6,,1818,,2273,,3636,,5,,5455,,5909,,3077,,3629,,4664,,6053,,5932,,5954
188,"Pont_de_Normandie_France",1,0,1,0,1,0,,9667,,875,,8,,2105,,3684,,5789,,6842,,7368,,7895,,3478,,5385,,7333,,8013,,8,,7947
189,"Palazzo_Rosso",,0,,0,,0,,0333,,1,,1,,0,,0,,0,,0417,,125,,1667,,0,,0,,0,,037,,1111,,125
190,"Piazza_Vittorio_Veneto",,0,,2,,45,,3667,,425,,4,,0,,125,,4375,,5,,8125,,875,,0,,1538,,4437,,4231,,5581,,549
191,"Sforza_Castle",1,0,1,0,1,0,1,0,,975,,96,,16,,28,,44,,56,,6,,64,,2759,,4375,,6111,,7179,,7429,,768
192,"Torres_KIO",,8,,9,,9,,9333,,825,,8,,16,,24,,36,,48,,6,,64,,2667,,3789,,5143,,634,,6947,,7111
193,"Torre_Picasso",1,0,1,0,1,0,,7333,,725,,74,,2083,,375,,5,,5,,5,,625,,3448,,5455,,6667,,5946,,5918,,6777
194,"The_Palace_of_Parliament_in_Bucharest",,8,,9,,95,,9667,,925,,92,,16,,32,,44,,52,,56,,72,,2667,,4721,,6014,,6762,,6976,,8078
195,"Ernest_Hemingway_House",1,0,1,0,,9,,7667,,775,,78,,2,,28,,36,,48,,56,,6,,3333,,4375,,5143,,5904,,6502,,6783
196,"Castel_dellOvo_Napoli",1,0,1,0,,9,,9333,,85,,8,,16,,32,,56,,76,,76,,8,,2759,,4848,,6904,,8378,,8025,,8
197,"Villa_Borghese_gardens",1,0,1,0,1,0,1,0,1,0,1,0,,2,,32,,44,,64,,76,,84,,3333,,4848,,6111,,7805,,8636,,913
198,"Saint_Marks_Basilica",1,0,1,0,1,0,1,0,1,0,1,0,,2,,24,,36,,36,,4,,44,,3333,,3871,,5294,,5294,,5714,,6111
199,"Mausoleum_of_the_First_Qin_Emperor",,8,,9,,7,,8,,775,,8,,16,,28,,32,,44,,48,,6,,2667,,4271,,4392,,5677,,5928,,6857
200,"Mausoleum_of_Hadrian",,8,,9,,85,,7667,,6,,48,,1667,,3333,,3889,,5556,,5556,,5556,,2759,,4865,,5336,,6443,,5769,,515
201,"Piazza_de_Ferrari",1,0,,8,,85,,8667,,85,,86,,2105,,3158,,4211,,4211,,5263,,6316,,3478,,4528,,5631,,5668,,6501,,7283
202,"George_Washington_Carver",,4,,7,,6,,4333,,375,,48,,125,,3125,,375,,4375,,5,,625,,1905,,4321,,4615,,4354,,4286,,543
203,"Cathedral_of_Santiago_de_Compostela",1,0,1,0,1,0,,9333,,85,,84,,2941,,4706,,7647,,8235,,8824,,8824,,4545,,64,,8667,,875,,8659,,8607
204,"Saint-Jacques_Tower",,6,,7,,8,,8667,,8,,78,,1538,,2308,,4615,,5385,,6154,,6923,,2449,,3471,,5854,,6642,,6957,,7335
205,"Calakmul_Campeche_Mexico",,8,,9,,75,,8,,8,,76,,1429,,2857,,5,,5714,,6429,,7143,,2424,,4337,,6,,6667,,7129,,7364
206,"Bran_Castle_in_Transylvania",1,0,1,0,,95,,9333,,85,,82,,2105,,3684,,4211,,4737,,5789,,6316,,3478,,5385,,5835,,6284,,6888,,7136
207,"Mosteiro_da_Batalha",1,0,1,0,1,0,1,0,1,0,1,0,,2632,,3684,,6316,,6842,,7368,,7368,,4167,,5385,,7742,,8125,,8485,,8485
208,"Wartburg_Castle",1,0,,8,,85,,9,,925,,94,,15,,2,,4,,65,,8,,9,,2609,,32,,544,,7548,,858,,9196
209,"Fujian_Tulou_Fujian_China",1,0,1,0,1,0,,9667,,975,,98,,1667,,2778,,4444,,6111,,6111,,6667,,2857,,4348,,6154,,7488,,7513,,7935
210,"Alabama_State_Capitol",,2,,4,,7,,7,,75,,72,,0476,,1905,,619,,7143,,7143,,7619,,0769,,2581,,657,,7071,,7317,,7404
211,"Palazzo_dAccursio",1,0,,9,,9,,7333,,725,,66,,2222,,2222,,3333,,5,,5556,,6667,,3636,,3564,,4865,,5946,,6291,,6633
212,"Casa_Grande_Ruins",,4,,6,,65,,7,,775,,78,,1176,,2941,,3529,,4118,,4706,,5294,,1818,,3947,,4575,,5185,,5856,,6307
213,"Stravinsky_Fountain",,8,,9,,95,,9333,,775,,78,,0667,,1333,,4667,,5333,,5333,,5333,,1231,,2323,,6259,,6788,,6318,,6335
214,"Angel_Falls_Venezuela",,2,,4,,45,,4,,5,,46,,0588,,1765,,2941,,4118,,5882,,6471,,0909,,2449,,3557,,4058,,5405,,5377
215,"Statue_of_George_IV",,4,,6,,65,,5333,,4,,4,,25,,375,,625,,875,,875,1,0,,3077,,4615,,6373,,6627,,549,,5714
216,"Palacio_Barolo",1,0,,9,,9,,8667,,9,,92,,2353,,3529,,5294,,5294,,5882,,6471,,381,,507,,6667,,6573,,7115,,7598
217,"Bridge_of_Remembrance_Christchurch_New_Zealand",,8,,9,,95,,8,,675,,56,,25,,4167,,75,,9167,,9167,,9167,,381,,5696,,8382,,8544,,7775,,6953
218,"John_A._Roebling_Suspension_Bridge",1,0,,9,,7,,5333,,475,,5,,2,,2667,,6,,6667,,6667,,6667,,3333,,4114,,6462,,5926,,5547,,5714
219,"Blue_Dome_Santorini",1,0,1,0,,95,,9667,,875,,88,,3125,,4375,,5625,,6875,,75,,875,,4762,,6087,,7066,,8035,,8077,,8775
220,"Fossar_de_les_Moreres",,4,,2,,6,,5333,,4,,34,,1429,,1429,,5714,,7143,,7143,,7143,,2105,,1667,,5854,,6107,,5128,,4607
221,"Luxor_Obelisk_France",,6,,7,,7,,7333,,725,,72,,125,,125,,1875,,375,,4375,,5,,2069,,2121,,2958,,4962,,5457,,5902
222,"Valle_de_los_Caidos",1,0,1,0,,95,,9,,875,,88,,25,,3,,45,,6,,7,,8,,4,,4615,,6107,,72,,7778,,8381
--------------------
"--","Avg.",P@5,P@10,P@20,P@30,P@40,P@50,CR@5,CR@10,CR@20,CR@30,CR@40,CR@50,F1@5,F1@10,F1@20,F1@30,F1@40,F1@50
,,,8,,7946,,7905,,7764,,7611,,7568,,1401,,2361,,385,,4955,,577,,6454,,2344,,3585,,5097,,5922,,6414,,681