--------------------
"Run name","output_runFCTHDtrs"
--------------------
"Average P@20 = ",,7903
"Average CR@20 = ",,3983
"Average F1@20 = ",,5196
--------------------
"Query Id ","Location name",P@5,P@10,P@20,P@30,P@40,P@50,CR@5,CR@10,CR@20,CR@30,CR@40,CR@50,F1@5,F1@10,F1@20,F1@30,F1@40,F1@50
1,"angel_of_the_north",1,0,1,0,1,0,1,0,,975,,98,,2,,28,,4,,56,,64,,68,,3333,,4375,,5714,,7179,,7728,,8029
2,"big_ben",,8,,9,,9,,9,,925,,84,,1364,,3182,,4091,,4545,,5,,5909,,233,,4701,,5625,,604,,6491,,6938
3,"hearst_castle",1,0,1,0,,95,,9667,,85,,86,,1667,,3333,,5417,,75,,7917,,7917,,2857,,5,,6899,,8447,,8198,,8244
4,"la_madeleine",,6,,3,,5,,4667,,375,,32,,2143,,2143,,5,,6429,,6429,,7143,,3158,,25,,5,,5408,,4737,,442
5,"pont_alexandre_iii",1,0,1,0,1,0,1,0,,975,,94,,2,,28,,44,,56,,6,,76,,3333,,4375,,6111,,7179,,7429,,8405
6,"neues_museum",,6,,3,,25,,5,,625,,7,,08,,08,,12,,36,,6,,68,,1412,,1263,,1622,,4186,,6122,,6899
7,"montezuma_castle",,8,,8,,45,,6,,625,,62,,25,,4167,,4167,,5,,5833,,6667,,381,,5479,,4327,,5455,,6034,,6425
8,"cn_tower",,4,,4,,65,,7,,675,,6,,0833,,1667,,375,,5417,,5833,,6667,,1379,,2353,,4756,,6107,,6258,,6316
9,"acropolis_athens",1,0,,9,,95,,9,,9,,84,,1905,,2857,,4286,,5238,,5714,,5714,,32,,4337,,5907,,6622,,699,,6802
10,"agra_fort",,8,,9,,9,,9333,,925,,94,,16,,36,,52,,6,,72,,8,,2667,,5143,,6592,,7304,,8097,,8644
11,"albert_memorial",,4,,7,,65,,7667,,825,,86,,0909,,0909,,2727,,4091,,5455,,7273,,1481,,1609,,3842,,5335,,6567,,7881
12,"altes_museum",,8,,9,,65,,5333,,625,,68,,125,,2917,,375,,4167,,5,,5833,,2162,,4406,,4756,,4678,,5556,,628
13,"amiens_cathedral",1,0,1,0,1,0,1,0,,925,,94,,2,,36,,56,,64,,72,,84,,3333,,5294,,7179,,7805,,8097,,8872
14,"angkor_wat",,8,,7,,75,,8333,,875,,86,,16,,24,,4,,56,,72,,72,,2667,,3574,,5217,,6699,,79,,7838
15,"ara_pacis",,6,,8,,6,,6667,,575,,64,,1364,,3636,,4545,,6364,,6364,,6364,,2222,,5,,5172,,6512,,6041,,6382
16,"arc_de_triomphe",,4,,7,,75,,7333,,65,,64,,0833,,1667,,375,,5417,,5833,,6667,,1379,,2692,,5,,6231,,6149,,6531
17,"aztec_ruins",,4,,2,,25,,2333,,25,,36,,04,,04,,16,,2,,32,,48,,0727,,0667,,1951,,2154,,2807,,4114
18,"berlin_cathedral",,8,,9,,95,,9667,,9,,92,,12,,28,,48,,6,,6,,68,,2087,,4271,,6378,,7404,,72,,782
19,"bok_tower_gardens",1,0,,7,,85,,8667,,85,,88,,2,,24,,44,,52,,56,,56,,3333,,3574,,5798,,65,,6752,,6844
20,"brandenburg_gate",1,0,1,0,,95,,9667,,95,,94,,12,,16,,36,,44,,48,,64,,2143,,2759,,5221,,6047,,6378,,7615
21,"cabrillo",,0,,3,,15,,1333,,1,,1,,0,,2308,,2308,,3077,,3077,,3846,,0,,2609,,1818,,186,,1509,,1587
22,"casa_batllo",,6,,8,,9,,9333,,925,,92,,12,,16,,32,,48,,6,,8,,2,,2667,,4721,,634,,7279,,8558
23,"casa_rosada",1,0,,9,,95,,9667,,95,,94,,16,,24,,48,,52,,64,,64,,2759,,3789,,6378,,6762,,7648,,7615
24,"castillo_de_san_marcos",,8,,7,,6,,6,,65,,72,,16,,2,,28,,44,,6,,68,,2667,,3111,,3818,,5077,,624,,6994
25,"chartres_cathedral",1,0,1,0,,95,,9,,925,,9,,16,,24,,52,,68,,72,,76,,2759,,3871,,6721,,7747,,8097,,8241
26,"chichen_itza",1,0,,9,,85,,9,,925,,92,,16,,24,,4,,52,,6,,72,,2759,,3789,,544,,6592,,7279,,8078
27,"christ_the_redeemer_rio",,4,,7,,65,,6,,575,,58,,087,,2609,,3913,,4783,,5652,,6087,,1429,,3801,,4885,,5323,,5701,,594
28,"civic_center_san_francisco",1,0,,9,,9,,8667,,725,,6,,16,,28,,44,,56,,6,,6,,2759,,4271,,591,,6804,,6566,,6
29,"cologne_cathedral",1,0,1,0,1,0,,9667,,975,,96,,2,,24,,4,,56,,64,,72,,3333,,3871,,5714,,7092,,7728,,8229
30,"colosseum",1,0,1,0,1,0,1,0,,825,,86,,2,,32,,44,,56,,6,,68,,3333,,4848,,6111,,7179,,6947,,7595
31,"doge_s_palace",1,0,1,0,,75,,8333,,85,,88,,16,,28,,44,,48,,48,,48,,2759,,4375,,5546,,6091,,6135,,6212
32,"eiffel_tower",1,0,1,0,1,0,,9667,,95,,9,,12,,12,,24,,4,,4,,6,,2143,,2143,,3871,,5659,,563,,72
33,"golden_gate_bridge",1,0,,8,,85,,8667,,7,,76,,2174,,2609,,3913,,4783,,4783,,5217,,3571,,3934,,5359,,6164,,5683,,6187
34,"grand_palais",1,0,1,0,,9,,9,,9,,92,,0909,,1818,,2727,,4091,,5,,5909,,1667,,3077,,4186,,5625,,6429,,7196
35,"guggenheim_museum_bilbao",1,0,1,0,1,0,,9667,,95,,96,,2,,24,,44,,48,,52,,72,,3333,,3871,,6111,,6415,,6721,,8229
36,"hagia_sophia_istanbul",1,0,1,0,1,0,,9667,,975,,98,,08,,12,,36,,52,,6,,72,,1481,,2143,,5294,,6762,,7429,,8301
37,"hoover_dam",1,0,,9,,85,,9,,9,,88,,16,,28,,44,,56,,68,,76,,2759,,4271,,5798,,6904,,7747,,8156
38,"humayun_tomb",,8,,7,,7,,7667,,8,,82,,16,,2,,44,,56,,68,,76,,2667,,3111,,5404,,6472,,7351,,7889
39,"iguazu_falls",,4,,7,,8,,7333,,675,,7,,08,,2,,44,,52,,56,,72,,1333,,3111,,5677,,6085,,6121,,7099
40,"iolani_palace",,6,,8,,75,,6667,,675,,66,,12,,24,,44,,48,,6,,68,,2,,3692,,5546,,5581,,6353,,6699
41,"la_mezquita",,6,,8,,8,,6667,,6,,54,,125,,3333,,4583,,5,,5417,,625,,2069,,4706,,5828,,5714,,5693,,5794
42,"la_rambla_barcelona",,8,,9,,95,,9333,,95,,92,,16,,24,,4,,48,,48,,52,,2667,,3789,,563,,634,,6378,,6644
43,"la_sainte_chapelle",1,0,1,0,,95,,9667,,95,,96,,2,,36,,6,,64,,68,,76,,3333,,5294,,7355,,7701,,7926,,8484
44,"liberty_memorial",1,0,,6,,7,,7333,,65,,66,,12,,12,,36,,48,,52,,68,,2143,,2,,4755,,5802,,5778,,6699
45,"lincoln_home",,4,,7,,8,,8,,825,,68,,1111,,2778,,5,,6667,,7222,,7222,,1739,,3977,,6154,,7273,,7702,,7005
46,"machu_picchu",1,0,,8,,65,,7,,775,,74,,16,,28,,4,,52,,68,,76,,2759,,4148,,4952,,5967,,7244,,7499
47,"marble_arch_london",,6,,7,,5,,3333,,325,,28,,1667,,5,,5,,5,,5833,,6667,,2609,,5833,,5,,4,,4174,,3944
48,"milan_cathedral",1,0,1,0,,8,,8333,,875,,9,,2,,32,,52,,6,,72,,76,,3333,,4848,,6303,,6977,,79,,8241
49,"mole_antonelliana",1,0,1,0,,85,,8,,825,,72,,16,,24,,4,,48,,56,,6,,2759,,3871,,544,,6,,6671,,6545
50,"mont_saint_michel",1,0,1,0,1,0,1,0,,95,,92,,12,,24,,44,,6,,72,,76,,2143,,3871,,6111,,75,,8192,,8324
51,"moulin_rouge",,0,,0,,0,,2667,,225,,2,,0,,0,,0,,625,,625,,75,,0,,0,,0,,3738,,3309,,3158
52,"nelson_s_column",,6,,7,,85,,9,,925,,94,,0833,,2083,,4167,,4583,,7083,,8333,,1463,,3211,,5592,,6074,,8023,,8835
53,"notre_dame_de_paris",1,0,1,0,1,0,,9333,,875,,82,,16,,24,,52,,6,,68,,72,,2759,,3871,,6842,,7304,,7653,,7668
54,"obelisco",,4,,3,,15,,1667,,125,,24,,1818,,1818,,1818,,2727,,2727,,6364,,25,,2264,,1644,,2069,,1714,,3485
55,"piccadilly_circus",,8,,8,,8,,7333,,775,,72,,1304,,3043,,3913,,4783,,6087,,6957,,2243,,4409,,5255,,5789,,6819,,7076
56,"place_de_la_concorde",1,0,1,0,1,0,1,0,1,0,,98,,2,,28,,44,,6,,68,,76,,3333,,4375,,6111,,75,,8095,,8561
57,"place_de_la_republique",,6,,4,,25,,1667,,2,,16,,375,,375,,5,,5,,625,,625,,4615,,3871,,3333,,25,,303,,2548
58,"place_des_vosges",1,0,,7,,85,,8333,,75,,74,,16,,2,,36,,48,,56,,64,,2759,,3111,,5058,,6091,,6412,,6864
59,"pont_du_gard",,8,,9,,9,,7667,,775,,8,,12,,28,,48,,56,,6,,64,,2087,,4271,,6261,,6472,,6764,,7111
60,"pont_neuf",1,0,1,0,,95,,7333,,725,,66,,12,,24,,44,,48,,6,,64,,2143,,3871,,6014,,5802,,6566,,6498
61,"ponte_vecchio",1,0,1,0,,95,,7667,,7,,66,,1667,,2917,,5417,,5417,,5833,,6667,,2857,,4516,,6899,,6348,,6364,,6633
62,"puerta_de_alcala",,6,,5,,55,,6333,,675,,64,,1579,,2632,,3158,,5263,,6316,,6842,,25,,3448,,4012,,5749,,6526,,6614
63,"puerta_del_sol",,8,,8,,6,,4,,35,,28,,2,,25,,3,,3,,35,,35,,32,,381,,4,,3429,,35,,3111
64,"red_fort",1,0,1,0,1,0,1,0,1,0,1,0,,16,,32,,52,,6,,68,,68,,2759,,4848,,6842,,75,,8095,,8095
65,"reims_cathedral",1,0,1,0,1,0,1,0,1,0,,94,,16,,2,,32,,4,,56,,68,,2759,,3333,,4848,,5714,,7179,,7891
66,"rialto_bridge",1,0,1,0,,75,,7333,,625,,5,,1875,,25,,375,,625,,6875,,6875,,3158,,4,,5,,6748,,6548,,5789
67,"roman_forum_rome",,8,,8,,75,,7,,6,,66,,12,,2,,36,,48,,48,,64,,2087,,32,,4865,,5695,,5333,,6498
68,"sacre_coeur",,8,,7,,7,,7,,65,,6,,125,,2083,,3333,,4583,,5417,,5833,,2162,,3211,,4516,,554,,5909,,5915
69,"sagrada_familia",1,0,,9,,95,,9333,,95,,96,,08,,16,,32,,48,,6,,68,,1481,,2717,,4787,,634,,7355,,7961
70,"santa_maria_novella",1,0,,6,,65,,6,,575,,62,,12,,16,,32,,36,,44,,64,,2143,,2526,,4289,,45,,4985,,6298
71,"schonbrunn_palace",1,0,1,0,1,0,1,0,1,0,1,0,,2,,36,,48,,56,,72,,72,,3333,,5294,,6486,,7179,,8372,,8372
72,"seville_cathedral",,8,,7,,85,,9,,925,,94,,08,,2,,32,,48,,6,,64,,1455,,3111,,465,,6261,,7279,,7615
73,"spanish_steps",,8,,7,,65,,6,,575,,58,,0909,,1364,,3636,,4091,,5455,,5909,,1633,,2283,,4664,,4865,,5598,,5854
74,"st__basil_cathedral",1,0,1,0,,9,,9,,875,,9,,12,,28,,44,,6,,68,,68,,2143,,4375,,591,,72,,7653,,7747
75,"statue_of_liberty",1,0,1,0,,85,,8,,85,,8,,12,,2,,4,,48,,56,,6,,2143,,3333,,544,,6,,6752,,6857
76,"stonehenge",1,0,,6,,6,,4667,,525,,52,,1053,,1053,,3158,,3684,,4737,,5263,,1905,,1791,,4138,,4118,,498,,5231
77,"summer_palace_beijing",,8,,9,,9,,9333,,9,,9,,12,,24,,36,,56,,64,,68,,2087,,3789,,5143,,7,,7481,,7747
78,"sydney_opera_house",,8,,9,,9,,9,,925,,94,,16,,28,,4,,52,,6,,68,,2667,,4271,,5538,,6592,,7279,,7891
79,"teotihuacan",1,0,,9,,6,,6,,625,,68,,2,,32,,36,,48,,6,,64,,3333,,4721,,45,,5333,,6122,,6594
80,"terracotta_army",,4,,7,,45,,4667,,525,,58,,1,,25,,3,,3,,55,,65,,16,,3684,,36,,3652,,5372,,613
81,"the_blue_mosque",,6,,8,,9,,9,,925,,94,,12,,16,,32,,56,,6,,6,,2,,2667,,4721,,6904,,7279,,7325
82,"the_henry_ford",,6,,8,,65,,6667,,675,,72,,12,,28,,32,,48,,56,,68,,2,,4148,,4289,,5581,,6121,,6994
83,"taj_mahal",1,0,1,0,,9,,9333,,925,,92,,16,,28,,36,,48,,6,,68,,2759,,4375,,5143,,634,,7279,,782
84,"tour_montparnasse",,6,,7,,6,,4,,375,,36,,15,,25,,4,,4,,45,,45,,24,,3684,,48,,4,,4091,,4
85,"tower_bridge_london",,6,,8,,65,,5667,,5,,5,,08,,2,,36,,44,,56,,6,,1412,,32,,4634,,4954,,5283,,5455
86,"trafalgar_square",,2,,4,,45,,5,,5,,48,,0455,,1818,,2727,,4091,,4545,,5,,0741,,25,,3396,,45,,4762,,4898
87,"leaning_tower_of_pisa",,6,,7,,5,,5333,,575,,62,,12,,24,,28,,4,,48,,64,,2,,3574,,359,,4571,,5232,,6298
88,"hermitage_museum_saint_petersburg",1,0,1,0,,8,,8667,,9,,9,,2,,24,,36,,48,,64,,72,,3333,,3871,,4966,,6178,,7481,,8
89,"jantar_mantar_jaipur",1,0,,7,,8,,7333,,725,,74,,2,,28,,48,,6,,76,,8,,3333,,4,,6,,66,,7421,,7688
90,"lake_titicaca_peru",,8,,7,,45,,5,,575,,56,,125,,25,,2917,,4167,,5417,,6667,,2162,,3684,,3539,,4545,,5578,,6087
91,"the_great_wall_of_china",1,0,,9,,9,,9333,,875,,8,,16,,28,,44,,56,,56,,64,,2759,,4271,,591,,7,,6829,,7111
92,"grande_arche_paris",,4,,6,,55,,6667,,625,,66,,08,,2,,28,,32,,48,,56,,1333,,3,,3711,,4324,,543,,6059
93,"el_angel_mexico",,4,,7,,55,,5333,,575,,48,,0952,,2381,,3333,,4762,,619,,6667,,1538,,3553,,4151,,5031,,5962,,5581
94,"bibliotheque_nationale_de_france",,8,,6,,75,,6667,,725,,74,,16,,2,,36,,44,,56,,6,,2667,,3,,4865,,5301,,6319,,6627
95,"kronborg_castle",,6,,7,,75,,6667,,75,,8,,125,,25,,5,,5,,5833,,625,,2069,,3684,,6,,5714,,6562,,7018
96,"ajanta_caves",1,0,,9,,95,,9667,,975,,94,,1818,,2727,,4545,,5455,,6364,,6364,,3077,,4186,,6149,,6974,,7701,,7589
97,"atomium",,8,,9,,95,,9333,,95,,92,,1429,,2857,,3333,,381,,4762,,5238,,2424,,4337,,4935,,5411,,6344,,6675
98,"ellora_caves",1,0,1,0,,95,,9667,,95,,96,,1818,,1818,,3636,,4545,,4545,,5455,,3077,,3077,,526,,6183,,6149,,6957
99,"potala_palace",,8,,9,,9,,8,,7,,72,,2222,,2778,,3889,,4444,,5,,6111,,3478,,4245,,5431,,5714,,5833,,6611
100,"jokhang",1,0,,9,,9,,8667,,85,,82,,2,,28,,48,,72,,8,,84,,3333,,4271,,6261,,7866,,8242,,8299
101,"rila_monastery",,8,,7,,85,,9,,925,,88,,08,,2,,36,,4,,44,,48,,1455,,3111,,5058,,5538,,5963,,6212
102,"louvre_pyramid",1,0,1,0,,9,,9,,925,,88,,1111,,2222,,3889,,4444,,5,,5556,,2,,3636,,5431,,595,,6491,,6811
103,"brooklyn_bridge",,8,,9,,85,,8667,,875,,88,,0952,,2381,,3333,,4286,,5714,,6667,,1702,,3766,,4789,,5735,,6914,,7586
104,"tower_of_london",,6,,7,,8,,7667,,7,,7,,087,,1304,,2609,,3913,,4348,,5217,,1519,,2199,,3934,,5181,,5364,,5979
105,"british_museum_london",1,0,1,0,1,0,,9333,,925,,9,,15,,2,,4,,55,,6,,65,,2609,,3333,,5714,,6921,,7279,,7548
106,"buckingham_palace",,6,,8,,45,,4333,,35,,34,,15,,25,,25,,3,,3,,35,,24,,381,,3214,,3545,,3231,,3449
107,"charles_bridge_prague",1,0,1,0,,75,,5667,,525,,46,,1667,,2083,,3333,,375,,4167,,4583,,2857,,3448,,4615,,4513,,4646,,4592
108,"champs_elysees_paris",,6,,5,,65,,6333,,575,,5,,0667,,2,,4,,4667,,6667,,6667,,12,,2857,,4952,,5374,,6174,,5714
109,"chrysler_building",1,0,1,0,1,0,1,0,,975,,98,,2857,,5,,7143,,9286,1,0,1,0,,4444,,6667,,8333,,963,,9873,,9899
110,"moma_new_york",,8,,9,,95,,9,,825,,86,,1579,,1579,,4737,,5263,,5789,,6842,,2637,,2687,,6322,,6642,,6804,,7621
111,"grand_central_terminal",1,0,1,0,1,0,,9667,,975,,94,,0476,,0952,,2381,,5238,,5714,,5714,,0909,,1739,,3846,,6794,,7206,,7108
112,"houses_of_parliament",1,0,1,0,1,0,1,0,,9,,84,,1739,,3043,,3478,,3913,,4348,,4783,,2963,,4667,,5161,,5625,,5863,,6095
113,"alexanderplatz_berlin",,0,,2,,55,,5333,,625,,6,,0,,04,,32,,4,,48,,52,,0,,0667,,4046,,4571,,543,,5571
114,"centre_pompidou",,8,,8,,75,,6667,,75,,74,,2222,,2778,,3889,,4444,,7778,,8333,,3478,,4124,,5122,,5333,,7636,,7839
115,"sydney_harbour_bridge",1,0,1,0,1,0,1,0,1,0,1,0,,125,,25,,5,,5,,6875,,6875,,2222,,4,,6667,,6667,,8148,,8148
116,"pier_39",1,0,1,0,1,0,,9,,875,,9,,1905,,2381,,4762,,619,,6667,,7143,,32,,3846,,6452,,7335,,7568,,7965
117,"coit_tower",,6,,6,,55,,6667,,65,,72,,1333,,2,,3333,,4667,,5333,,6,,2182,,3,,4151,,549,,5859,,6545
118,"st_paul_s_cathedral_london",,8,,9,,9,,8,,775,,72,,2353,,3529,,5294,,7059,,7059,,8235,,3636,,507,,6667,,75,,7388,,7683
119,"cloud_gate",,8,,8,,6,,6333,,625,,66,,1667,,25,,3333,,5833,,5833,,5833,,2759,,381,,4286,,6073,,6034,,6193
120,"musee_d_orsay",1,0,1,0,,95,,9667,,95,,94,,0952,,1905,,4286,,4286,,5714,,6667,,1739,,32,,5907,,5939,,7136,,7801
121,"pike_place_market",1,0,,9,,85,,8,,775,,82,,2381,,3333,,4762,,5238,,5714,,619,,3846,,4865,,6104,,6331,,6578,,7055
122,"royal_palace_madrid",,8,,9,,85,,8333,,875,,88,,1364,,2727,,3182,,5,,6818,,7273,,233,,4186,,463,,625,,7664,,7964
123,"sony_center_berlin",,8,,9,,95,,9667,,975,,92,,0476,,1429,,2857,,381,,381,,4762,,0899,,2466,,4393,,5465,,5478,,6276
124,"red_square_moscow",,8,,8,,7,,8,,75,,7,,1905,,2381,,381,,5238,,5714,,5714,,3077,,367,,4934,,6331,,6486,,6292
125,"prague_castle",1,0,,9,,85,,8333,,8,,8,,12,,28,,48,,52,,68,,76,,2143,,4271,,6135,,6404,,7351,,7795
126,"musee_du_louvre",1,0,1,0,1,0,1,0,1,0,,98,,16,,32,,44,,64,,72,,72,,2759,,4848,,6111,,7805,,8372,,8301
127,"millennium_bridge_london",,8,,8,,75,,8,,8,,78,,16,,24,,32,,36,,48,,52,,2667,,3692,,4486,,4966,,6,,624
128,"casa_mila",1,0,1,0,1,0,,9333,,925,,94,,2,,28,,48,,48,,56,,6,,3333,,4375,,6486,,634,,6976,,7325
129,"national_gallery_london",1,0,1,0,,65,,7333,,775,,68,,2273,,3182,,3182,,5,,6364,,6364,,3704,,4828,,4272,,5946,,6989,,6575
130,"national_mall",1,0,1,0,1,0,,8333,,85,,8,,16,,32,,48,,56,,76,,84,,2759,,4848,,6486,,6699,,8025,,8195
131,"london_city_hall",,8,,9,,95,,9,,85,,74,,15,,3,,4,,6,,7,,75,,2526,,45,,563,,72,,7677,,745
132,"holocaust_memorial",,8,,9,,75,,7,,6,,48,,1875,,375,,5625,,6875,,75,,75,,3038,,5294,,6429,,6937,,6667,,5854
133,"columbus_circle",,4,,6,,7,,5667,,525,,5,,08,,2,,44,,48,,56,,64,,1333,,3,,5404,,5197,,5419,,5614
134,"siegessaeule",1,0,1,0,,8,,7,,525,,48,,16,,28,,48,,56,,56,,56,,2759,,4375,,6,,6222,,5419,,5169
135,"jardin_du_luxembourg",1,0,1,0,1,0,1,0,,95,,96,,16,,32,,52,,64,,72,,76,,2759,,4848,,6842,,7805,,8192,,8484
136,"merlion_singapore",,0,,1,,1,,1667,,275,,42,,0,,0455,,0909,,2273,,4091,,5,,0,,0625,,0952,,1923,,3289,,4565
137,"harrods_london",1,0,1,0,,85,,8667,,9,,92,,16,,28,,4,,52,,6,,72,,2759,,4375,,544,,65,,72,,8078
138,"metropolitan_museum_of_art_new_york",1,0,1,0,1,0,1,0,1,0,1,0,,2,,28,,44,,56,,64,,72,,3333,,4375,,6111,,7179,,7805,,8372
139,"new_york_stock_exchange",,6,,8,,85,,7,,625,,64,,15,,25,,3,,4,,45,,55,,24,,381,,4435,,5091,,5233,,5916
140,"stephansdom_vienna",1,0,1,0,1,0,,9667,,975,,96,,16,,32,,4,,52,,6,,64,,2759,,4848,,5714,,6762,,7429,,768
141,"hms_belfast",1,0,1,0,1,0,,9,,925,,94,,2,,28,,44,,56,,68,,8,,3333,,4375,,6111,,6904,,7838,,8644
142,"leicester_square",1,0,1,0,,85,,7667,,75,,74,,2,,2,,32,,44,,52,,6,,3333,,3333,,465,,5591,,6142,,6627
143,"ciudad_de_las_artes_y_las_ciencias",1,0,1,0,,95,,9667,,95,,96,,2,,24,,44,,48,,56,,68,,3333,,3871,,6014,,6415,,7046,,7961
144,"topkapi_palace",1,0,,9,,95,,9333,,925,,94,,12,,24,,48,,52,,64,,76,,2143,,3789,,6378,,6679,,7565,,8405
145,"royal_albert_hall",,8,,7,,7,,7,,625,,66,,12,,16,,32,,36,,44,,56,,2087,,2605,,4392,,4755,,5164,,6059
146,"st_vitus_cathedral",1,0,1,0,1,0,1,0,,95,,94,,16,,28,,44,,52,,6,,64,,2759,,4375,,6111,,6842,,7355,,7615
147,"castello_sforzesco",1,0,,9,,9,,9,,9,,92,,12,,24,,4,,44,,56,,6,,2143,,3789,,5538,,591,,6904,,7263
148,"rijksmuseum_amsterdam",1,0,1,0,1,0,1,0,1,0,1,0,,12,,16,,36,,44,,56,,68,,2143,,2759,,5294,,6111,,7179,,8095
149,"dam_square",,6,,7,,75,,7,,6,,64,,12,,2,,32,,4,,4,,56,,2,,3111,,4486,,5091,,48,,5973
150,"rathaus_vienna",,8,,9,,85,,6667,,65,,64,,16,,24,,24,,32,,36,,48,,2667,,3789,,3743,,4324,,4634,,5486
151,"bath_abbey",1,0,1,0,1,0,1,0,,975,,92,,16,,32,,48,,56,,64,,76,,2759,,4848,,6486,,7179,,7728,,8324
152,"salisbury_cathedral",1,0,1,0,1,0,1,0,1,0,,96,,12,,24,,36,,44,,48,,52,,2143,,3871,,5294,,6111,,6486,,6746
153,"templo_de_debod",,0,,2,,25,,4667,,425,,48,,0,,0455,,1364,,2727,,3182,,4091,,0,,0741,,1765,,3443,,3639,,4417
154,"Niagara_Falls",,6,,7,,65,,6667,,7,,74,,1364,,2273,,3182,,4091,,5,,5909,,2222,,3431,,4272,,507,,5833,,6571
155,"Golden_Gate_Bridge_in_San_Francisco",1,0,1,0,1,0,1,0,1,0,1,0,,1364,,2273,,3636,,5455,,6818,,6818,,24,,3704,,5333,,7059,,8108,,8108
156,"Neuschwanstein_Castle",1,0,1,0,1,0,,9667,,975,,96,,2,,28,,48,,52,,64,,68,,3333,,4375,,6486,,6762,,7728,,7961
157,"Christ_Church_Cathedral_Missouri",1,0,1,0,1,0,,9667,,9,,74,,16,,24,,32,,4,,48,,48,,2759,,3871,,4848,,5659,,6261,,5823
158,"Mount_Rushmore_in_South_Dakota",,6,,8,,9,,9333,,875,,86,,08,,28,,36,,56,,56,,64,,1412,,4148,,5143,,7,,6829,,7339
159,"Puerta_de_Toledo",,2,,1,,05,,0333,,025,,02,,5,,5,,5,,5,,5,,5,,2857,,1667,,0909,,0625,,0476,,0385
160,"Urquhart_Castle",,8,,9,,8,,8333,,8,,8,,1667,,2917,,4583,,5,,625,,75,,2759,,4406,,5828,,625,,7018,,7742
161,"Gare_du_Nord_Paris",,8,,6,,75,,8,,7,,66,,16,,16,,28,,36,,44,,52,,2667,,2526,,4078,,4966,,5404,,5817
162,"Newgrange_in_Ireland",,6,,7,,75,,6333,,6,,68,,0833,,25,,3333,,4167,,4583,,5417,,1463,,3684,,4615,,5026,,5197,,603
163,"Windmills_at_Kinderdijk",,8,,9,,8,,8333,,85,,88,,16,,32,,36,,44,,48,,6,,2667,,4721,,4966,,5759,,6135,,7135
164,"Conciergerie",1,0,1,0,1,0,1,0,1,0,,96,,08,,16,,44,,64,,68,,72,,1481,,2759,,6111,,7805,,8095,,8229
165,"Palazzo_Madama",1,0,1,0,,85,,7333,,675,,66,,2273,,4091,,5,,5909,,6364,,7727,,3704,,5806,,6296,,6545,,6551,,7119
166,"Split_Rock_Lighthouse",,8,,9,,95,,9,,875,,86,,16,,24,,28,,36,,52,,56,,2667,,3789,,4325,,5143,,6523,,6783
167,"The_Little_Mermaid_Denmark",1,0,,9,,9,,8,,7,,56,,2857,,4286,,7143,,7857,,7857,,7857,,4444,,5806,,7965,,7928,,7404,,6539
168,"Great_Pyramid_of_Giza",,6,,7,,65,,6333,,575,,62,,2,,2667,,4,,6,,6,,6667,,3,,3862,,4952,,6162,,5872,,6425
169,"Pitti_Palace",,6,,7,,85,,7,,625,,54,,1364,,2727,,4091,,4545,,5,,5455,,2222,,3925,,5523,,5512,,5556,,5427
170,"Georgia_State_Capitol",,8,,9,,55,,3667,,275,,22,,1579,,2105,,2105,,2105,,2105,,2105,,2637,,3412,,3045,,2675,,2385,,2152
171,"Dome_des_Invalides",1,0,1,0,,95,,9667,,975,,94,,16,,32,,44,,44,,6,,64,,2759,,4848,,6014,,6047,,7429,,7615
172,"Reggia_di_Caserta",,6,,5,,45,,5,,425,,54,,12,,2,,28,,44,,44,,72,,2,,2857,,3452,,4681,,4324,,6171
173,"The_Burj_al_Arab_Hotel",,8,,8,,8,,7667,,8,,84,,12,,2,,32,,4,,48,,56,,2087,,32,,4571,,5257,,6,,672
174,"Elephanta_Caves",1,0,1,0,1,0,,9333,,925,,82,,1667,,3333,,5,,625,,6667,,7083,,2857,,5,,6667,,7487,,7749,,7601
175,"Basilica_of_Santa_Croce",1,0,1,0,1,0,1,0,1,0,1,0,,12,,16,,44,,52,,56,,68,,2143,,2759,,6111,,6842,,7179,,8095
176,"Aachen_Cathedral",1,0,,9,,95,,9667,,95,,96,,16,,2,,44,,48,,56,,64,,2759,,3273,,6014,,6415,,7046,,768
177,"Monument_to_the_Great_Fire_of_London",,8,,7,,5,,5667,,575,,58,,16,,24,,32,,48,,52,,64,,2667,,3574,,3902,,5197,,5461,,6085
178,"Longmen_Grottoes",,6,,7,,5,,6,,6,,62,,12,,28,,32,,52,,6,,68,,2,,4,,3902,,5571,,6,,6486
179,"Louisiana_State_Capitol",,6,,5,,3,,3,,4,,44,,12,,2,,2,,28,,44,,6,,2,,2857,,24,,2897,,419,,5077
180,"The_Great_Sphinx_at_Giza",1,0,1,0,,85,,9,,9,,92,,2,,28,,48,,6,,68,,68,,3333,,4375,,6135,,72,,7747,,782
181,"Teatro_Real_Madrid",1,0,1,0,,9,,6,,575,,62,,2174,,3913,,5652,,5652,,6087,,7826,,3571,,5625,,6944,,5821,,5914,,6919
182,"Palacio_de_la_Magdalena",,4,,7,,8,,7667,,75,,72,,08,,24,,4,,56,,64,,72,,1333,,3574,,5333,,6472,,6906,,72
183,"Sowjetisches_Ehrenmal",,6,,5,,65,,7667,,775,,74,,12,,2,,44,,56,,6,,68,,2,,2857,,5248,,6472,,6764,,7087
184,"Cathedral_of_Trier",1,0,1,0,1,0,,7667,,825,,8,,2,,28,,56,,64,,72,,84,,3333,,4375,,7179,,6976,,7689,,8195
185,"Saint_Mary_of_the_Flower",,2,,1,,1,,1,,25,,34,,04,,04,,08,,12,,32,,4,,0667,,0571,,0889,,1091,,2807,,3676
186,"Skellig_Michael",,8,,7,,7,,6333,,625,,64,,16,,24,,44,,48,,52,,56,,2667,,3574,,5404,,5461,,5677,,5973
187,"Chicago_Board_of_Trade_Building",1,0,1,0,,95,,8,,6,,6,,1818,,3182,,4545,,5909,,5909,,7727,,3077,,4828,,6149,,6797,,5954,,6755
188,"Pont_de_Normandie_France",1,0,1,0,,95,,9333,,875,,78,,2105,,4211,,5789,,7368,,8947,,8947,,3478,,5926,,7194,,8235,,8848,,8334
189,"Palazzo_Rosso",,0,,0,,05,,1333,,125,,1,,0,,0,,0417,,125,,1667,,1667,,0,,0,,0455,,129,,1429,,125
190,"Piazza_Vittorio_Veneto",,4,,6,,35,,3333,,45,,42,,125,,3125,,375,,375,,75,,8125,,1905,,411,,3621,,3529,,5625,,5538
191,"Sforza_Castle",1,0,1,0,,95,,9667,,95,,92,,2,,32,,36,,44,,56,,6,,3333,,4848,,5221,,6047,,7046,,7263
192,"Torres_KIO",,8,,9,,9,,9333,,825,,82,,12,,28,,4,,52,,56,,72,,2087,,4271,,5538,,6679,,6671,,7668
193,"Torre_Picasso",1,0,1,0,,95,,7667,,725,,74,,2083,,3333,,4583,,5833,,6667,,75,,3448,,5,,6183,,6626,,6946,,745
194,"The_Palace_of_Parliament_in_Bucharest",1,0,1,0,1,0,1,0,,975,,92,,12,,16,,2,,44,,6,,68,,2143,,2759,,3333,,6111,,7429,,782
195,"Ernest_Hemingway_House",1,0,1,0,,9,,8333,,825,,82,,16,,24,,4,,52,,56,,64,,2759,,3871,,5538,,6404,,6671,,7189
196,"Castel_dellOvo_Napoli",,6,,7,,85,,8333,,825,,82,,12,,24,,52,,68,,76,,76,,2,,3574,,6453,,7489,,7912,,7889
197,"Villa_Borghese_gardens",1,0,1,0,1,0,1,0,,975,,98,,12,,24,,52,,64,,68,,84,,2143,,3871,,6842,,7805,,8012,,9046
198,"Saint_Marks_Basilica",1,0,1,0,1,0,1,0,1,0,,94,,16,,32,,36,,4,,48,,56,,2759,,4848,,5294,,5714,,6486,,7019
199,"Mausoleum_of_the_First_Qin_Emperor",,8,,9,,7,,8,,775,,8,,12,,28,,36,,48,,52,,64,,2087,,4271,,4755,,6,,6224,,7111
200,"Mausoleum_of_Hadrian",1,0,,9,,85,,7333,,625,,5,,1111,,2222,,3333,,3889,,4444,,4444,,2,,3564,,4789,,5083,,5195,,4706
201,"Piazza_de_Ferrari",1,0,1,0,1,0,,9667,,875,,88,,2632,,3684,,4737,,5263,,5789,,6316,,4167,,5385,,6429,,6816,,6968,,7354
202,"George_Washington_Carver",,4,,7,,75,,6,,55,,58,,0625,,25,,4375,,5,,5625,,625,,1081,,3684,,5526,,5455,,5562,,6017
203,"Cathedral_of_Santiago_de_Compostela",1,0,1,0,,95,,9,,9,,78,,2941,,4706,,5882,,6471,,7647,,7647,,4545,,64,,7266,,7529,,8269,,7723
204,"Saint-Jacques_Tower",,8,,8,,9,,8,,825,,82,,2308,,2308,,3077,,4615,,8462,,9231,,3582,,3582,,4586,,5854,,8354,,8685
205,"Calakmul_Campeche_Mexico",1,0,1,0,1,0,,9,,825,,8,,2143,,4286,,6429,,6429,,6429,,7857,,3529,,6,,7826,,75,,7226,,7928
206,"Bran_Castle_in_Transylvania",,8,,9,,9,,9333,,825,,8,,2105,,3158,,4737,,5789,,5789,,6842,,3333,,4675,,6207,,7146,,6804,,7376
207,"Mosteiro_da_Batalha",1,0,1,0,1,0,1,0,1,0,1,0,,2632,,3158,,5263,,6842,,7368,,7368,,4167,,48,,6897,,8125,,8485,,8485
208,"Wartburg_Castle",1,0,1,0,,9,,9333,,9,,82,,2,,35,,55,,75,,85,,85,,3333,,5185,,6828,,8317,,8743,,8347
209,"Fujian_Tulou_Fujian_China",1,0,1,0,1,0,,9667,,975,,94,,2222,,3333,,5,,6111,,7222,,7778,,3636,,5,,6667,,7488,,8298,,8512
210,"Alabama_State_Capitol",,2,,4,,7,,7,,725,,72,,0476,,1905,,5714,,7143,,7619,,7619,,0769,,2581,,6292,,7071,,743,,7404
211,"Palazzo_dAccursio",1,0,1,0,,9,,8,,7,,62,,2222,,3333,,3889,,5556,,6111,,6667,,3636,,5,,5431,,6557,,6525,,6425
212,"Casa_Grande_Ruins",,8,,8,,85,,8,,8,,78,,2353,,2941,,3529,,4118,,5294,,5294,,3636,,4301,,4988,,5437,,6372,,6307
213,"Stravinsky_Fountain",1,0,1,0,1,0,,9333,,775,,74,,0667,,2667,,4667,,5333,,5333,,5333,,125,,4211,,6364,,6788,,6318,,6199
214,"Angel_Falls_Venezuela",,2,,5,,35,,5,,525,,52,,0588,,1176,,2353,,5294,,6471,,7059,,0909,,1905,,2814,,5143,,5797,,5988
215,"Statue_of_George_IV",,8,,7,,6,,5,,375,,3,,5,,5,,625,,75,,75,,75,,6154,,5833,,6122,,6,,5,,4286
216,"Palacio_Barolo",1,0,,8,,9,,9333,,95,,94,,2353,,2941,,4118,,4118,,6471,,6471,,381,,4301,,565,,5714,,7698,,7665
217,"Bridge_of_Remembrance_Christchurch_New_Zealand",,8,,9,,95,,7333,,625,,52,,3333,,5,,9167,,9167,,9167,,9167,,4706,,6429,,933,,8148,,7432,,6636
218,"John_A._Roebling_Suspension_Bridge",,6,,4,,4,,4667,,475,,5,,2,,2667,,3333,,5333,,6,,6667,,3,,32,,3636,,4978,,5302,,5714
219,"Blue_Dome_Santorini",1,0,,9,,95,,9667,,925,,9,,3125,,5625,,625,,625,,6875,,6875,,4762,,6923,,754,,7592,,7888,,7795
220,"Fossar_de_les_Moreres",,2,,6,,45,,3,,225,,18,,0714,,3571,,5,,5,,5,,5,,1053,,4478,,4737,,375,,3103,,2647
221,"Luxor_Obelisk_France",,6,,7,,75,,7333,,775,,78,,125,,1875,,25,,375,,4375,,5625,,2069,,2958,,375,,4962,,5593,,6536
222,"Valle_de_los_Caidos",1,0,1,0,,95,,9,,875,,9,,25,,3,,4,,5,,55,,7,,4,,4615,,563,,6429,,6754,,7875
--------------------
"--","Avg.",P@5,P@10,P@20,P@30,P@40,P@50,CR@5,CR@10,CR@20,CR@30,CR@40,CR@50,F1@5,F1@10,F1@20,F1@30,F1@40,F1@50
,,,8036,,8176,,7903,,7715,,7543,,7433,,1527,,2543,,3983,,5022,,5835,,6521,,2506,,3794,,5196,,5961,,6446,,6803