--------------------
"Run name","output_runSCHSilhouette"
--------------------
"Average P@20 = ",,7833
"Average CR@20 = ",,4056
"Average F1@20 = ",,5234
--------------------
"Query Id ","Location name",P@5,P@10,P@20,P@30,P@40,P@50,CR@5,CR@10,CR@20,CR@30,CR@40,CR@50,F1@5,F1@10,F1@20,F1@30,F1@40,F1@50
1,"angel_of_the_north",1,0,1,0,1,0,1,0,1,0,1,0,,16,,32,,44,,68,,72,,76,,2759,,4848,,6111,,8095,,8372,,8636
2,"big_ben",,8,,9,,9,,9,,925,,82,,0909,,2273,,4091,,4545,,5,,5455,,1633,,3629,,5625,,604,,6491,,6551
3,"hearst_castle",1,0,1,0,,95,,9333,,9,,88,,2083,,375,,5833,,6667,,75,,7917,,3448,,5455,,7228,,7778,,8182,,8335
4,"la_madeleine",,2,,2,,35,,3333,,3,,26,,0714,,1429,,3571,,5714,,5714,,5714,,1053,,1667,,3535,,4211,,3934,,3574
5,"pont_alexandre_iii",1,0,1,0,,95,,9667,,975,,98,,2,,28,,44,,52,,64,,68,,3333,,4375,,6014,,6762,,7728,,8029
6,"neues_museum",,2,,4,,35,,4,,55,,62,,04,,16,,28,,36,,48,,64,,0667,,2286,,3111,,3789,,5126,,6298
7,"montezuma_castle",,6,,8,,7,,6,,675,,68,,25,,5833,,5833,,6667,,75,,75,,3529,,6747,,6364,,6316,,7105,,7133
8,"cn_tower",,6,,7,,75,,7333,,7,,66,,125,,2083,,375,,5417,,625,,7083,,2069,,3211,,5,,6231,,6604,,6833
9,"acropolis_athens",,8,,7,,7,,8,,8,,82,,1905,,2381,,3333,,4762,,5238,,5714,,3077,,3553,,4516,,597,,6331,,6735
10,"agra_fort",,8,,9,,95,,9333,,9,,9,,16,,32,,48,,56,,68,,76,,2667,,4721,,6378,,7,,7747,,8241
11,"albert_memorial",,8,,8,,85,,8,,85,,86,,1364,,2273,,3182,,5,,5909,,6818,,233,,354,,463,,6154,,6972,,7606
12,"altes_museum",,6,,6,,75,,6,,625,,66,,125,,2083,,4167,,5,,5417,,625,,2069,,3093,,5357,,5455,,5804,,642
13,"amiens_cathedral",1,0,1,0,1,0,1,0,1,0,,98,,2,,36,,6,,68,,8,,88,,3333,,5294,,75,,8095,,8889,,9273
14,"angkor_wat",,8,,7,,7,,7667,,8,,82,,16,,28,,4,,52,,56,,6,,2667,,4,,5091,,6197,,6588,,693
15,"ara_pacis",,2,,2,,5,,5333,,575,,58,,0455,,0455,,3636,,5,,6364,,6818,,0741,,0741,,4211,,5161,,6041,,6268
16,"arc_de_triomphe",1,0,1,0,,95,,7667,,675,,64,,1667,,2917,,4583,,5,,5833,,625,,2857,,4516,,6183,,6053,,6258,,6324
17,"aztec_ruins",,2,,2,,15,,3,,25,,34,,04,,08,,12,,28,,32,,48,,0667,,1143,,1333,,2897,,2807,,398
18,"berlin_cathedral",1,0,,9,,95,,9,,875,,9,,16,,28,,44,,56,,64,,68,,2759,,4271,,6014,,6904,,7393,,7747
19,"bok_tower_gardens",1,0,1,0,,9,,9,,925,,94,,16,,32,,48,,56,,64,,64,,2759,,4848,,6261,,6904,,7565,,7615
20,"brandenburg_gate",,8,,9,,95,,9333,,925,,92,,08,,24,,36,,44,,48,,56,,1455,,3789,,5221,,5981,,632,,6962
21,"cabrillo",,0,,2,,15,,1333,,1,,12,,0,,1538,,2308,,3077,,3077,,4615,,0,,1739,,1818,,186,,1509,,1905
22,"casa_batllo",1,0,1,0,1,0,1,0,,975,,96,,16,,36,,44,,52,,6,,72,,2759,,5294,,6111,,6842,,7429,,8229
23,"casa_rosada",,8,,9,,95,,9333,,925,,92,,12,,24,,44,,56,,68,,76,,2087,,3789,,6014,,7,,7838,,8324
24,"castillo_de_san_marcos",,6,,7,,65,,6667,,725,,74,,12,,2,,44,,48,,6,,68,,2,,3111,,5248,,5581,,6566,,7087
25,"chartres_cathedral",1,0,1,0,1,0,,9667,,975,,94,,16,,2,,44,,52,,68,,72,,2759,,3333,,6111,,6762,,8012,,8154
26,"chichen_itza",,8,,9,,85,,8667,,9,,92,,16,,32,,44,,52,,68,,76,,2667,,4721,,5798,,65,,7747,,8324
27,"christ_the_redeemer_rio",1,0,,8,,75,,6667,,6,,6,,1739,,2609,,3478,,4783,,6087,,6522,,2963,,3934,,4752,,557,,6043,,625
28,"civic_center_san_francisco",1,0,,9,,9,,8333,,675,,56,,16,,32,,48,,52,,56,,56,,2759,,4721,,6261,,6404,,6121,,56
29,"cologne_cathedral",1,0,1,0,,95,,9667,,975,,98,,16,,2,,32,,6,,68,,76,,2759,,3333,,4787,,7404,,8012,,8561
30,"colosseum",1,0,1,0,1,0,1,0,,85,,88,,16,,28,,52,,52,,56,,68,,2759,,4375,,6842,,6842,,6752,,7672
31,"doge_s_palace",,8,,9,,9,,8,,85,,84,,16,,24,,4,,44,,48,,48,,2667,,3789,,5538,,5677,,6135,,6109
32,"eiffel_tower",1,0,1,0,1,0,,9333,,875,,9,,2,,28,,44,,48,,56,,6,,3333,,4375,,6111,,634,,6829,,72
33,"golden_gate_bridge",,8,,8,,8,,8333,,75,,76,,1739,,2609,,3478,,5217,,5217,,6087,,2857,,3934,,4848,,6417,,6154,,676
34,"grand_palais",1,0,1,0,,95,,9667,,95,,94,,2273,,3182,,4545,,5,,5455,,6364,,3704,,4828,,6149,,6591,,693,,7589
35,"guggenheim_museum_bilbao",1,0,1,0,1,0,1,0,,975,,98,,2,,28,,4,,56,,64,,72,,3333,,4375,,5714,,7179,,7728,,8301
36,"hagia_sophia_istanbul",1,0,1,0,1,0,,9,,925,,92,,2,,36,,44,,56,,64,,76,,3333,,5294,,6111,,6904,,7565,,8324
37,"hoover_dam",1,0,,9,,95,,9,,9,,88,,16,,24,,44,,56,,72,,76,,2759,,3789,,6014,,6904,,8,,8156
38,"humayun_tomb",,8,,7,,65,,7333,,775,,82,,16,,24,,36,,52,,68,,84,,2667,,3574,,4634,,6085,,7244,,8299
39,"iguazu_falls",1,0,,7,,75,,8,,775,,8,,16,,24,,36,,56,,64,,76,,2759,,3574,,4865,,6588,,7011,,7795
40,"iolani_palace",,8,,9,,95,,7333,,775,,74,,16,,28,,48,,56,,64,,64,,2667,,4271,,6378,,6351,,7011,,6864
41,"la_mezquita",,8,,8,,9,,7333,,625,,62,,1667,,25,,375,,4167,,5,,6667,,2759,,381,,5294,,5314,,5556,,6425
42,"la_rambla_barcelona",1,0,1,0,,95,,9333,,95,,94,,2,,24,,28,,36,,4,,56,,3333,,3871,,4325,,5196,,563,,7019
43,"la_sainte_chapelle",1,0,1,0,,95,,9667,,95,,96,,16,,28,,48,,56,,72,,8,,2759,,4375,,6378,,7092,,8192,,8727
44,"liberty_memorial",,6,,3,,65,,7,,675,,66,,04,,04,,32,,44,,6,,68,,075,,0706,,4289,,5404,,6353,,6699
45,"lincoln_home",1,0,1,0,,95,,9667,,875,,74,,2222,,3889,,6111,,7222,,8333,,8333,,3636,,56,,7438,,8268,,8537,,7839
46,"machu_picchu",,4,,6,,6,,6333,,725,,76,,08,,16,,4,,56,,72,,76,,1333,,2526,,48,,5944,,7225,,76
47,"marble_arch_london",,6,,4,,5,,3667,,325,,28,,25,,3333,,5,,5,,5833,,6667,,3529,,3636,,5,,4231,,4174,,3944
48,"milan_cathedral",1,0,,9,,8,,8667,,9,,9,,2,,32,,48,,64,,72,,76,,3333,,4721,,6,,7363,,8,,8241
49,"mole_antonelliana",,8,,8,,65,,7667,,725,,68,,16,,16,,28,,36,,52,,6,,2667,,2667,,3914,,4899,,6056,,6375
50,"mont_saint_michel",1,0,1,0,1,0,,9333,,925,,94,,16,,36,,56,,56,,76,,76,,2759,,5294,,7179,,7,,8344,,8405
51,"moulin_rouge",,0,,0,,0,,1333,,1,,1,,0,,0,,0,,375,,375,,5,,0,,0,,0,,1967,,1579,,1667
52,"nelson_s_column",1,0,1,0,1,0,1,0,,975,,98,,125,,2917,,4583,,5833,,7083,,8333,,2222,,4516,,6286,,7368,,8205,,9007
53,"notre_dame_de_paris",,8,,9,,95,,9333,,9,,92,,16,,24,,48,,56,,64,,68,,2667,,3789,,6378,,7,,7481,,782
54,"obelisco",,4,,2,,1,,0667,,1,,2,,0909,,0909,,0909,,0909,,2727,,5455,,1481,,125,,0952,,0769,,1463,,2927
55,"piccadilly_circus",,4,,7,,7,,7333,,775,,7,,087,,2609,,4348,,5217,,6522,,6957,,1429,,3801,,5364,,6097,,7083,,6978
56,"place_de_la_concorde",1,0,1,0,1,0,1,0,1,0,1,0,,2,,32,,44,,6,,68,,72,,3333,,4848,,6111,,75,,8095,,8372
57,"place_de_la_republique",,2,,2,,25,,1667,,15,,18,,125,,125,,375,,375,,375,,625,,1538,,1538,,3,,2308,,2143,,2795
58,"place_des_vosges",,6,,7,,8,,7667,,7,,74,,12,,16,,32,,48,,64,,72,,2,,2605,,4571,,5904,,6687,,7299
59,"pont_du_gard",,8,,7,,75,,7667,,775,,82,,12,,24,,48,,6,,64,,68,,2087,,3574,,5854,,6732,,7011,,7435
60,"pont_neuf",,8,,9,,85,,7,,725,,68,,16,,32,,52,,56,,72,,84,,2667,,4721,,6453,,6222,,7225,,7516
61,"ponte_vecchio",1,0,,9,,9,,7333,,625,,66,,1667,,2083,,375,,4167,,4583,,5833,,2857,,3383,,5294,,5314,,5288,,6193
62,"puerta_de_alcala",,6,,3,,5,,6,,675,,64,,1579,,1579,,2632,,5263,,6316,,7368,,25,,2069,,3448,,5607,,6526,,685
63,"puerta_del_sol",,2,,3,,5,,3667,,3,,24,,05,,15,,35,,4,,4,,4,,08,,2,,4118,,3826,,3429,,3
64,"red_fort",1,0,1,0,1,0,1,0,1,0,1,0,,2,,32,,44,,6,,64,,68,,3333,,4848,,6111,,75,,7805,,8095
65,"reims_cathedral",1,0,1,0,1,0,1,0,1,0,,94,,2,,32,,44,,44,,52,,56,,3333,,4848,,6111,,6111,,6842,,7019
66,"rialto_bridge",,8,,9,,7,,6333,,5,,42,,25,,375,,5,,625,,625,,6875,,381,,5294,,5833,,6291,,5556,,5214
67,"roman_forum_rome",,6,,6,,6,,6333,,675,,7,,12,,2,,4,,44,,6,,68,,2,,3,,48,,5193,,6353,,6899
68,"sacre_coeur",,6,,6,,55,,5667,,55,,54,,0833,,1667,,2917,,375,,5,,5417,,1463,,2609,,3812,,4513,,5238,,5408
69,"sagrada_familia",1,0,1,0,,95,,9333,,95,,94,,2,,32,,44,,52,,52,,56,,3333,,4848,,6014,,6679,,6721,,7019
70,"santa_maria_novella",,8,,8,,65,,6,,575,,64,,12,,24,,36,,44,,48,,64,,2087,,3692,,4634,,5077,,5232,,64
71,"schonbrunn_palace",1,0,1,0,1,0,,9667,,975,,98,,2,,32,,52,,56,,64,,68,,3333,,4848,,6842,,7092,,7728,,8029
72,"seville_cathedral",1,0,,9,,85,,9,,925,,94,,16,,28,,36,,56,,64,,72,,2759,,4271,,5058,,6904,,7565,,8154
73,"spanish_steps",1,0,1,0,,8,,7667,,7,,64,,2273,,2727,,4091,,5,,5909,,5909,,3704,,4286,,5414,,6053,,6408,,6145
74,"st__basil_cathedral",1,0,1,0,,85,,8667,,85,,88,,2,,36,,4,,6,,68,,72,,3333,,5294,,544,,7091,,7556,,792
75,"statue_of_liberty",,8,,8,,9,,8,,85,,86,,16,,24,,4,,48,,56,,6,,2667,,3692,,5538,,6,,6752,,7068
76,"stonehenge",,4,,5,,6,,6333,,525,,52,,0526,,2105,,3158,,4737,,5263,,5789,,093,,2963,,4138,,542,,5257,,5479
77,"summer_palace_beijing",1,0,1,0,1,0,,9667,,925,,9,,2,,28,,44,,48,,6,,68,,3333,,4375,,6111,,6415,,7279,,7747
78,"sydney_opera_house",1,0,1,0,1,0,,9667,,95,,94,,16,,28,,4,,56,,6,,64,,2759,,4375,,5714,,7092,,7355,,7615
79,"teotihuacan",,8,,8,,65,,6333,,675,,72,,16,,32,,4,,44,,52,,56,,2667,,4571,,4952,,5193,,5874,,63
80,"terracotta_army",,2,,4,,5,,5333,,625,,62,,05,,15,,45,,55,,65,,7,,08,,2182,,4737,,5415,,6373,,6576
81,"the_blue_mosque",,6,,8,,9,,9333,,95,,96,,12,,24,,44,,56,,6,,68,,2,,3692,,591,,7,,7355,,7961
82,"the_henry_ford",,8,,8,,75,,6667,,725,,72,,12,,24,,36,,44,,56,,64,,2087,,3692,,4865,,5301,,6319,,6776
83,"taj_mahal",1,0,,9,,85,,9,,925,,94,,16,,28,,32,,48,,6,,72,,2759,,4271,,465,,6261,,7279,,8154
84,"tour_montparnasse",,8,,9,,65,,4333,,475,,42,,2,,35,,4,,4,,45,,45,,32,,504,,4952,,416,,4622,,4345
85,"tower_bridge_london",,6,,7,,5,,5333,,525,,52,,12,,12,,24,,36,,36,,4,,2,,2049,,3243,,4299,,4271,,4522
86,"trafalgar_square",,4,,4,,45,,4,,4,,42,,0909,,1818,,3182,,4091,,4091,,5,,1481,,25,,3728,,4045,,4045,,4565
87,"leaning_tower_of_pisa",,4,,5,,4,,4,,55,,64,,08,,2,,28,,36,,44,,64,,1333,,2857,,3294,,3789,,4889,,64
88,"hermitage_museum_saint_petersburg",1,0,,9,,85,,9,,9,,9,,16,,28,,44,,6,,68,,68,,2759,,4271,,5798,,72,,7747,,7747
89,"jantar_mantar_jaipur",,4,,5,,6,,7333,,75,,78,,08,,16,,4,,64,,76,,84,,1333,,2424,,48,,6835,,755,,8089
90,"lake_titicaca_peru",,6,,8,,65,,4667,,5,,5,,125,,2917,,4167,,4167,,4167,,5833,,2069,,4275,,5078,,4403,,4545,,5385
91,"the_great_wall_of_china",,8,,9,,85,,9,,775,,82,,16,,32,,44,,56,,56,,68,,2667,,4721,,5798,,6904,,6502,,7435
92,"grande_arche_paris",,6,,7,,7,,7,,625,,66,,08,,16,,36,,4,,48,,56,,1412,,2605,,4755,,5091,,543,,6059
93,"el_angel_mexico",,8,,9,,65,,6667,,575,,48,,1905,,3333,,4286,,5714,,5714,,5714,,3077,,4865,,5166,,6154,,5732,,5217
94,"bibliotheque_nationale_de_france",,4,,6,,7,,7,,75,,74,,08,,24,,32,,48,,6,,68,,1333,,3429,,4392,,5695,,6667,,7087
95,"kronborg_castle",1,0,1,0,,8,,7667,,775,,78,,2083,,2917,,5,,5417,,5833,,625,,3448,,4516,,6154,,6348,,6656,,694
96,"ajanta_caves",,6,,5,,75,,8333,,875,,86,,1364,,1818,,5,,5909,,6364,,6364,,2222,,2667,,6,,6915,,7368,,7315
97,"atomium",,8,,8,,9,,9,,925,,9,,0952,,2381,,4286,,4762,,5238,,5714,,1702,,367,,5806,,6228,,6689,,699
98,"ellora_caves",1,0,1,0,1,0,,9667,,975,,98,,1818,,2273,,4091,,5455,,5455,,5909,,3077,,3704,,5806,,6974,,6996,,7373
99,"potala_palace",1,0,,9,,85,,8333,,75,,76,,2222,,2778,,4444,,6667,,7222,,8333,,3636,,4245,,5837,,7407,,7358,,795
100,"jokhang",1,0,,9,,9,,9,,85,,84,,2,,32,,48,,6,,72,,76,,3333,,4721,,6261,,72,,7796,,798
101,"rila_monastery",1,0,1,0,,85,,9,,925,,92,,2,,24,,32,,4,,44,,44,,3333,,3871,,465,,5538,,5963,,5953
102,"louvre_pyramid",,8,,9,,95,,9333,,95,,9,,1111,,2778,,4444,,5556,,6667,,6667,,1951,,4245,,6056,,6965,,7835,,766
103,"brooklyn_bridge",1,0,,9,,75,,8,,825,,86,,1429,,2857,,381,,5714,,6667,,6667,,25,,4337,,5053,,6667,,7374,,7511
104,"tower_of_london",,6,,6,,7,,6667,,625,,7,,0435,,087,,2609,,3478,,4783,,6957,,0811,,1519,,3801,,4571,,5419,,6978
105,"british_museum_london",1,0,1,0,1,0,,9667,,95,,9,,2,,3,,4,,55,,6,,65,,3333,,4615,,5714,,7011,,7355,,7548
106,"buckingham_palace",,4,,4,,45,,4333,,375,,36,,1,,15,,25,,25,,25,,3,,16,,2182,,3214,,3171,,3,,3273
107,"charles_bridge_prague",1,0,1,0,,65,,6667,,6,,6,,125,,2083,,25,,375,,4167,,5417,,2222,,3448,,3611,,48,,4918,,5693
108,"champs_elysees_paris",,6,,5,,5,,5333,,5,,46,,2,,3333,,4,,4667,,6,,6,,3,,4,,4444,,4978,,5455,,5208
109,"chrysler_building",1,0,1,0,1,0,,9667,,95,,96,,1429,,2857,,6429,,7857,,8571,,8571,,25,,4444,,7826,,8668,,9012,,9057
110,"moma_new_york",1,0,,9,,95,,9667,,875,,9,,2105,,2632,,4211,,5263,,5789,,5789,,3478,,4072,,5835,,6816,,6968,,7046
111,"grand_central_terminal",1,0,1,0,1,0,,9667,,95,,96,,0952,,1429,,2381,,4762,,5714,,5714,,1739,,25,,3846,,6381,,7136,,7164
112,"houses_of_parliament",1,0,1,0,,95,,9667,,975,,94,,1739,,2609,,3913,,4783,,5217,,5652,,2963,,4138,,5543,,6399,,6797,,706
113,"alexanderplatz_berlin",,8,,7,,6,,6667,,7,,68,,16,,24,,28,,44,,52,,6,,2667,,3574,,3818,,5301,,5967,,6375
114,"centre_pompidou",,8,,7,,75,,6667,,75,,74,,2222,,2778,,3889,,3889,,6667,,7222,,3478,,3977,,5122,,4912,,7059,,731
115,"sydney_harbour_bridge",1,0,1,0,1,0,1,0,,975,,98,,25,,375,,5,,625,,6875,,6875,,4,,5455,,6667,,7692,,8064,,8081
116,"pier_39",1,0,1,0,,95,,9,,925,,94,,2381,,2857,,4762,,619,,6667,,6667,,3846,,4444,,6344,,7335,,7749,,7801
117,"coit_tower",,6,,7,,75,,6333,,625,,7,,2,,2667,,4,,4,,5333,,5333,,3,,3862,,5217,,4903,,5755,,6054
118,"st_paul_s_cathedral_london",1,0,,8,,85,,8,,75,,72,,2941,,4706,,5882,,6471,,7059,,7059,,4545,,5926,,6953,,7154,,7273,,7129
119,"cloud_gate",1,0,,7,,65,,6333,,65,,66,,25,,4167,,4167,,5,,5,,5833,,4,,5224,,5078,,5588,,5652,,6193
120,"musee_d_orsay",1,0,,8,,85,,8667,,875,,9,,2381,,3333,,4286,,5238,,619,,6667,,3846,,4706,,5698,,653,,7251,,766
121,"pike_place_market",,6,,7,,8,,7333,,8,,82,,1429,,1905,,381,,4762,,5714,,619,,2308,,2995,,5161,,5774,,6667,,7055
122,"royal_palace_madrid",,4,,5,,75,,7,,775,,8,,0455,,1364,,3636,,4545,,6364,,7727,,0816,,2143,,4898,,5512,,6989,,7861
123,"sony_center_berlin",1,0,,9,,95,,9667,,925,,94,,2381,,2381,,2857,,2857,,3333,,4286,,3846,,3766,,4393,,4411,,4901,,5887
124,"red_square_moscow",,8,,7,,8,,8,,8,,76,,0952,,1429,,2857,,4762,,5714,,6667,,1702,,2373,,4211,,597,,6667,,7103
125,"prague_castle",1,0,1,0,,85,,8667,,825,,86,,12,,28,,4,,48,,56,,72,,2143,,4375,,544,,6178,,6671,,7838
126,"musee_du_louvre",1,0,1,0,1,0,1,0,1,0,1,0,,12,,24,,32,,44,,6,,64,,2143,,3871,,4848,,6111,,75,,7805
127,"millennium_bridge_london",1,0,,8,,75,,7667,,825,,76,,2,,28,,4,,48,,56,,56,,3333,,4148,,5217,,5904,,6671,,6448
128,"casa_mila",1,0,1,0,1,0,,9667,,975,,98,,2,,32,,44,,56,,64,,64,,3333,,4848,,6111,,7092,,7728,,7743
129,"national_gallery_london",,8,,8,,75,,7667,,7,,74,,0909,,2273,,4091,,4545,,5,,5909,,1633,,354,,5294,,5707,,5833,,6571
130,"national_mall",1,0,1,0,,95,,8667,,85,,8,,2,,32,,44,,6,,84,,84,,3333,,4848,,6014,,7091,,845,,8195
131,"london_city_hall",1,0,1,0,1,0,,9333,,85,,72,,1,,2,,4,,55,,6,,6,,1818,,3333,,5714,,6921,,7034,,6545
132,"holocaust_memorial",,6,,7,,6,,6,,55,,44,,1875,,3125,,4375,,5,,5625,,5625,,2857,,4321,,506,,5455,,5562,,4938
133,"columbus_circle",,8,,5,,65,,6,,55,,52,,12,,16,,44,,48,,56,,68,,2087,,2424,,5248,,5333,,555,,5893
134,"siegessaeule",,6,,8,,9,,7,,55,,5,,12,,2,,48,,52,,52,,52,,2,,32,,6261,,5967,,5346,,5098
135,"jardin_du_luxembourg",1,0,,9,,95,,9667,,95,,94,,2,,32,,44,,56,,6,,72,,3333,,4721,,6014,,7092,,7355,,8154
136,"merlion_singapore",,0,,0,,05,,2,,3,,4,,0,,0,,0455,,2727,,4091,,5455,,0,,0,,0476,,2308,,3462,,4615
137,"harrods_london",,6,,7,,8,,7333,,8,,84,,12,,2,,4,,44,,48,,56,,2,,3111,,5333,,55,,6,,672
138,"metropolitan_museum_of_art_new_york",1,0,1,0,,9,,9333,,95,,96,,2,,32,,48,,68,,76,,76,,3333,,4848,,6261,,7868,,8444,,8484
139,"new_york_stock_exchange",,8,,8,,9,,7333,,6,,62,,1,,25,,35,,4,,5,,55,,1778,,381,,504,,5176,,5455,,5829
140,"stephansdom_vienna",1,0,1,0,1,0,1,0,,975,,96,,16,,32,,48,,56,,64,,68,,2759,,4848,,6486,,7179,,7728,,7961
141,"hms_belfast",1,0,,9,,95,,9333,,925,,92,,16,,28,,4,,44,,52,,64,,2759,,4271,,563,,5981,,6657,,7549
142,"leicester_square",,4,,6,,7,,7333,,7,,68,,08,,24,,36,,44,,48,,52,,1333,,3429,,4755,,55,,5695,,5893
143,"ciudad_de_las_artes_y_las_ciencias",,8,,9,,95,,9667,,95,,96,,16,,28,,4,,6,,64,,68,,2667,,4271,,563,,7404,,7648,,7961
144,"topkapi_palace",1,0,1,0,1,0,,9667,,975,,98,,2,,28,,4,,56,,76,,76,,3333,,4375,,5714,,7092,,8542,,8561
145,"royal_albert_hall",1,0,,8,,75,,7333,,65,,64,,2,,28,,44,,44,,48,,48,,3333,,4148,,5546,,55,,5522,,5486
146,"st_vitus_cathedral",1,0,,9,,95,,9333,,9,,92,,16,,32,,48,,56,,6,,64,,2759,,4721,,6378,,7,,72,,7549
147,"castello_sforzesco",,8,,9,,9,,9333,,9,,92,,16,,24,,52,,56,,68,,68,,2667,,3789,,6592,,7,,7747,,782
148,"rijksmuseum_amsterdam",1,0,1,0,1,0,1,0,1,0,1,0,,16,,28,,36,,52,,68,,8,,2759,,4375,,5294,,6842,,8095,,8889
149,"dam_square",,8,,7,,8,,7333,,625,,64,,16,,28,,44,,48,,52,,6,,2667,,4,,5677,,5802,,5677,,6194
150,"rathaus_vienna",,6,,8,,85,,6667,,625,,64,,08,,16,,24,,32,,4,,56,,1412,,2667,,3743,,4324,,4878,,5973
151,"bath_abbey",1,0,1,0,,95,,9667,,975,,92,,2,,32,,4,,48,,64,,72,,3333,,4848,,563,,6415,,7728,,8078
152,"salisbury_cathedral",1,0,1,0,1,0,1,0,,95,,92,,16,,28,,36,,44,,48,,48,,2759,,4375,,5294,,6111,,6378,,6309
153,"templo_de_debod",,2,,4,,35,,5333,,55,,58,,0455,,1364,,2273,,2727,,4545,,4545,,0741,,2034,,2756,,3609,,4977,,5097
154,"Niagara_Falls",,8,,6,,55,,6,,65,,64,,1364,,2273,,2727,,5,,5,,5455,,233,,3297,,3646,,5455,,5652,,589
155,"Golden_Gate_Bridge_in_San_Francisco",,8,,8,,9,,9333,,95,,96,,1364,,2273,,3636,,5,,6818,,7273,,233,,354,,518,,6512,,7939,,8276
156,"Neuschwanstein_Castle",1,0,,8,,9,,9,,925,,92,,16,,2,,4,,52,,64,,64,,2759,,32,,5538,,6592,,7565,,7549
157,"Christ_Church_Cathedral_Missouri",1,0,1,0,1,0,1,0,,875,,78,,16,,28,,28,,44,,48,,52,,2759,,4375,,4375,,6111,,6199,,624
158,"Mount_Rushmore_in_South_Dakota",,8,,9,,95,,9667,,9,,88,,16,,2,,36,,56,,56,,56,,2667,,3273,,5221,,7092,,6904,,6844
159,"Puerta_de_Toledo",,0,,1,,1,,0667,,05,,04,,0,,5,1,0,1,0,1,0,1,0,,0,,1667,,1818,,125,,0952,,0769
160,"Urquhart_Castle",,2,,6,,8,,8667,,9,,88,,0417,,1667,,375,,5417,,7083,,7917,,069,,2609,,5106,,6667,,7927,,8335
161,"Gare_du_Nord_Paris",,2,,4,,65,,7333,,75,,72,,04,,12,,2,,24,,4,,48,,0667,,1846,,3059,,3616,,5217,,576
162,"Newgrange_in_Ireland",,6,,6,,75,,6667,,65,,7,,125,,2083,,4167,,4167,,4583,,5,,2069,,3093,,5357,,5128,,5376,,5833
163,"Windmills_at_Kinderdijk",,8,,9,,95,,8667,,875,,86,,08,,16,,48,,52,,6,,6,,1455,,2717,,6378,,65,,7119,,7068
164,"Conciergerie",,8,,9,,95,,9667,,95,,96,,12,,32,,48,,56,,6,,68,,2087,,4721,,6378,,7092,,7355,,7961
165,"Palazzo_Madama",1,0,,9,,75,,7333,,725,,72,,1364,,3182,,5,,5455,,6364,,7273,,24,,4701,,6,,6256,,6778,,7236
166,"Split_Rock_Lighthouse",,6,,6,,8,,8333,,825,,82,,12,,24,,28,,44,,52,,56,,2,,3429,,4148,,5759,,6379,,6655
167,"The_Little_Mermaid_Denmark",1,0,,8,,8,,8333,,7,,66,,2857,,2857,,5,,7143,,7143,,8571,,4444,,4211,,6154,,7692,,7071,,7458
168,"Great_Pyramid_of_Giza",,4,,6,,55,,5667,,525,,6,,1333,,2667,,4,,4667,,4667,,5333,,2,,3692,,4632,,5118,,4941,,5647
169,"Pitti_Palace",1,0,,8,,85,,7333,,625,,58,,2273,,3182,,5,,5,,5,,5455,,3704,,4553,,6296,,5946,,5556,,5622
170,"Georgia_State_Capitol",,6,,5,,5,,3333,,25,,24,,1053,,1053,,2105,,2105,,2105,,2632,,1791,,1739,,2963,,2581,,2286,,251
171,"Dome_des_Invalides",,8,,9,,95,,9667,,975,,98,,08,,28,,4,,44,,52,,64,,1455,,4271,,563,,6047,,6783,,7743
172,"Reggia_di_Caserta",,4,,3,,45,,5667,,575,,62,,08,,12,,28,,48,,64,,68,,1333,,1714,,3452,,5197,,6058,,6486
173,"The_Burj_al_Arab_Hotel",,8,,8,,8,,8,,8,,8,,16,,28,,44,,52,,64,,68,,2667,,4148,,5677,,6303,,7111,,7351
174,"Elephanta_Caves",1,0,1,0,,95,,9,,9,,84,,1667,,25,,5,,6667,,7083,,75,,2857,,4,,6552,,766,,7927,,7925
175,"Basilica_of_Santa_Croce",1,0,1,0,1,0,1,0,1,0,1,0,,16,,28,,44,,56,,6,,68,,2759,,4375,,6111,,7179,,75,,8095
176,"Aachen_Cathedral",1,0,,9,,95,,9333,,95,,94,,16,,28,,4,,52,,68,,72,,2759,,4271,,563,,6679,,7926,,8154
177,"Monument_to_the_Great_Fire_of_London",,8,,6,,65,,6,,6,,64,,16,,2,,4,,44,,56,,64,,2667,,3,,4952,,5077,,5793,,64
178,"Longmen_Grottoes",,8,,7,,6,,5333,,575,,58,,16,,24,,4,,44,,64,,68,,2667,,3574,,48,,4822,,6058,,626
179,"Louisiana_State_Capitol",,0,,2,,25,,2667,,375,,4,,0,,08,,16,,2,,44,,56,,0,,1143,,1951,,2286,,4049,,4667
180,"The_Great_Sphinx_at_Giza",1,0,1,0,,85,,8667,,875,,88,,12,,28,,4,,64,,76,,76,,2143,,4375,,544,,7363,,8135,,8156
181,"Teatro_Real_Madrid",1,0,1,0,,95,,6667,,625,,64,,1739,,3913,,5652,,5652,,6522,,6522,,2963,,5625,,7088,,6118,,6383,,646
182,"Palacio_de_la_Magdalena",,8,,8,,85,,7667,,725,,7,,16,,28,,32,,44,,52,,68,,2667,,4148,,465,,5591,,6056,,6899
183,"Sowjetisches_Ehrenmal",,6,,6,,55,,7,,7,,68,,12,,2,,36,,6,,64,,76,,2,,3,,4352,,6462,,6687,,7178
184,"Cathedral_of_Trier",,6,,8,,9,,8333,,825,,8,,12,,32,,52,,68,,76,,88,,2,,4571,,6592,,7489,,7912,,8381
185,"Saint_Mary_of_the_Flower",,4,,4,,25,,3,,4,,46,,08,,16,,16,,32,,44,,52,,1333,,2286,,1951,,3097,,419,,4882
186,"Skellig_Michael",,8,,6,,6,,6333,,675,,64,,12,,2,,36,,52,,6,,6,,2087,,3,,45,,5711,,6353,,6194
187,"Chicago_Board_of_Trade_Building",,8,,8,,9,,8333,,625,,6,,1818,,3182,,5,,5909,,5909,,6364,,2963,,4553,,6429,,6915,,6075,,6176
188,"Pont_de_Normandie_France",1,0,1,0,,95,,9667,,875,,78,,2632,,4737,,5789,,7368,,8421,,8421,,4167,,6429,,7194,,8363,,8582,,8099
189,"Palazzo_Rosso",,0,,0,,0,,0667,,05,,06,,0,,0,,0,,0833,,0833,,125,,0,,0,,0,,0741,,0625,,0811
190,"Piazza_Vittorio_Veneto",,8,,7,,35,,3667,,375,,4,,1875,,375,,375,,4375,,5625,,6875,,3038,,4884,,3621,,399,,45,,5057
191,"Sforza_Castle",1,0,1,0,1,0,1,0,1,0,1,0,,2,,36,,48,,6,,64,,64,,3333,,5294,,6486,,75,,7805,,7805
192,"Torres_KIO",1,0,1,0,,95,,9333,,825,,8,,16,,32,,44,,52,,64,,68,,2759,,4848,,6014,,6679,,7208,,7351
193,"Torre_Picasso",,8,,9,,8,,6667,,675,,74,,125,,3333,,4583,,4583,,5417,,625,,2162,,4865,,5828,,5432,,601,,6777
194,"The_Palace_of_Parliament_in_Bucharest",1,0,1,0,,95,,9667,,925,,9,,2,,24,,28,,48,,6,,68,,3333,,3871,,4325,,6415,,7279,,7747
195,"Ernest_Hemingway_House",1,0,,9,,9,,8,,775,,78,,2,,24,,52,,6,,64,,72,,3333,,3789,,6592,,6857,,7011,,7488
196,"Castel_dellOvo_Napoli",,8,,8,,85,,9,,925,,88,,16,,28,,48,,68,,76,,76,,2667,,4148,,6135,,7747,,8344,,8156
197,"Villa_Borghese_gardens",1,0,1,0,1,0,1,0,1,0,1,0,,16,,32,,48,,64,,68,,76,,2759,,4848,,6486,,7805,,8095,,8636
198,"Saint_Marks_Basilica",1,0,1,0,1,0,1,0,1,0,,92,,16,,24,,24,,32,,44,,48,,2759,,3871,,3871,,4848,,6111,,6309
199,"Mausoleum_of_the_First_Qin_Emperor",,8,,8,,85,,8,,775,,8,,16,,24,,36,,44,,48,,52,,2667,,3692,,5058,,5677,,5928,,6303
200,"Mausoleum_of_Hadrian",1,0,,8,,8,,7,,575,,5,,1667,,2222,,4444,,5556,,5556,,6111,,2857,,3478,,5714,,6195,,5651,,55
201,"Piazza_de_Ferrari",,8,,9,,9,,9,,85,,86,,2105,,3684,,5263,,5263,,6316,,6842,,3333,,5228,,6642,,6642,,7247,,7621
202,"George_Washington_Carver",,6,,6,,65,,6667,,6,,58,,125,,1875,,375,,5625,,5625,,625,,2069,,2857,,4756,,6102,,5806,,6017
203,"Cathedral_of_Santiago_de_Compostela",1,0,,8,,9,,8,,8,,72,,2941,,4118,,4706,,5294,,6471,,7059,,4545,,5437,,618,,6372,,7154,,7129
204,"Saint-Jacques_Tower",1,0,,8,,85,,8,,825,,82,,2308,,2308,,3077,,4615,,6923,,7692,,375,,3582,,4518,,5854,,7529,,7938
205,"Calakmul_Campeche_Mexico",,6,,7,,75,,7667,,775,,78,,2143,,4286,,5,,7857,,7857,,8571,,3158,,5316,,6,,7761,,7803,,8168
206,"Bran_Castle_in_Transylvania",,8,,8,,9,,9,,85,,84,,1579,,2105,,3684,,5789,,6842,,7895,,2637,,3333,,5228,,7046,,7581,,814
207,"Mosteiro_da_Batalha",1,0,1,0,1,0,1,0,1,0,1,0,,2105,,3158,,4737,,5263,,5789,,6316,,3478,,48,,6429,,6897,,7333,,7742
208,"Wartburg_Castle",,8,,9,,9,,9,,875,,88,,2,,4,,55,,75,,85,,85,,32,,5538,,6828,,8182,,8623,,8647
209,"Fujian_Tulou_Fujian_China",1,0,1,0,1,0,,9667,,975,,96,,2222,,3333,,6111,,6667,,7222,,8333,,3636,,5,,7586,,7891,,8298,,8922
210,"Alabama_State_Capitol",,6,,6,,7,,7667,,75,,72,,1429,,2857,,4762,,619,,6667,,7143,,2308,,3871,,5668,,685,,7059,,7171
211,"Palazzo_dAccursio",1,0,,7,,65,,7333,,725,,64,,1111,,1667,,2778,,5,,6111,,6111,,2,,2692,,3892,,5946,,6632,,6252
212,"Casa_Grande_Ruins",,8,,6,,75,,7667,,75,,74,,1765,,2941,,4706,,4706,,5294,,5294,,2892,,3947,,5783,,5832,,6207,,6172
213,"Stravinsky_Fountain",1,0,1,0,1,0,,9667,,875,,86,,2667,,3333,,4667,,4667,,4667,,5333,,4211,,5,,6364,,6295,,6087,,6584
214,"Angel_Falls_Venezuela",,8,,7,,55,,6,,55,,5,,2353,,2941,,4118,,5294,,7647,,7647,,3636,,4142,,4709,,5625,,6398,,6047
215,"Statue_of_George_IV",,2,,6,,55,,5333,,4,,32,,125,,5,,75,,75,,75,,75,,1538,,5455,,6346,,6234,,5217,,4486
216,"Palacio_Barolo",1,0,,8,,9,,9333,,95,,94,,2353,,3529,,4118,,5294,,7059,,8235,,381,,4898,,565,,6756,,8099,,8779
217,"Bridge_of_Remembrance_Christchurch_New_Zealand",,8,,9,,95,,8,,65,,58,,3333,,4167,,75,,8333,,8333,,9167,,4706,,5696,,8382,,8163,,7303,,7105
218,"John_A._Roebling_Suspension_Bridge",,0,,2,,45,,4,,425,,5,,0,,1333,,3333,,4,,6,,8,,0,,16,,383,,4,,4976,,6154
219,"Blue_Dome_Santorini",1,0,1,0,,95,,9667,,925,,9,,25,,375,,5625,,75,,8125,,8125,,4,,5455,,7066,,8447,,8651,,854
220,"Fossar_de_les_Moreres",,0,,4,,55,,4333,,325,,26,,0,,2143,,5714,,5714,,5714,,5714,,0,,2791,,5605,,4929,,4143,,3574
221,"Luxor_Obelisk_France",,8,,9,,85,,8667,,8,,8,,1875,,25,,25,,4375,,4375,,5625,,3038,,3913,,3864,,5815,,5657,,6606
222,"Valle_de_los_Caidos",1,0,1,0,,95,,9667,,925,,94,,2,,35,,55,,65,,7,,85,,3333,,5185,,6967,,7773,,7969,,8927
--------------------
"--","Avg.",P@5,P@10,P@20,P@30,P@40,P@50,CR@5,CR@10,CR@20,CR@30,CR@40,CR@50,F1@5,F1@10,F1@20,F1@30,F1@40,F1@50
,,,7775,,7784,,7833,,7691,,7545,,7492,,1515,,2589,,4056,,51,,5909,,6533,,2509,,3816,,5234,,6013,,6499,,683