--------------------
"Run name","output_runCEDDDaviesBouldin"
--------------------
"Average P@20 = ",,7959
"Average CR@20 = ",,3924
"Average F1@20 = ",,5149
--------------------
"Query Id ","Location name",P@5,P@10,P@20,P@30,P@40,P@50,CR@5,CR@10,CR@20,CR@30,CR@40,CR@50,F1@5,F1@10,F1@20,F1@30,F1@40,F1@50
1,"angel_of_the_north",1,0,1,0,1,0,1,0,1,0,1,0,,16,,32,,4,,56,,6,,72,,2759,,4848,,5714,,7179,,75,,8372
2,"big_ben",1,0,1,0,,95,,9333,,925,,92,,1364,,2273,,3182,,3636,,4545,,5909,,24,,3704,,4767,,5234,,6096,,7196
3,"hearst_castle",,8,,9,,9,,9333,,925,,92,,125,,3333,,4583,,7083,,75,,875,,2162,,4865,,6074,,8054,,8284,,8969
4,"la_madeleine",,8,,5,,55,,4667,,4,,42,,2143,,2143,,4286,,5714,,7143,,7857,,338,,3,,4818,,5138,,5128,,5474
5,"pont_alexandre_iii",1,0,1,0,,95,,9667,,95,,92,,2,,28,,36,,52,,6,,76,,3333,,4375,,5221,,6762,,7355,,8324
6,"neues_museum",,8,,5,,25,,3667,,525,,62,,08,,08,,08,,32,,56,,72,,1455,,1379,,1212,,3417,,5419,,6663
7,"montezuma_castle",,8,,8,,65,,5667,,65,,64,,25,,3333,,4167,,4167,,5,,6667,,381,,4706,,5078,,4802,,5652,,6531
8,"cn_tower",,4,,5,,55,,6333,,7,,72,,0833,,1667,,3333,,4167,,5417,,625,,1379,,25,,4151,,5026,,6107,,6691
9,"acropolis_athens",1,0,1,0,,9,,9,,925,,86,,1905,,3333,,4286,,4762,,5714,,5714,,32,,5,,5806,,6228,,7064,,6866
10,"agra_fort",,8,,8,,8,,8333,,85,,86,,12,,28,,36,,52,,6,,68,,2087,,4148,,4966,,6404,,7034,,7595
11,"albert_memorial",,4,,4,,7,,8,,775,,8,,0909,,1818,,2727,,4091,,5909,,6364,,1481,,25,,3925,,5414,,6705,,7089
12,"altes_museum",,0,,4,,45,,5333,,55,,6,,0,,125,,3333,,4583,,5833,,6667,,0,,1905,,383,,493,,5662,,6316
13,"amiens_cathedral",1,0,1,0,1,0,1,0,,975,,94,,2,,4,,52,,64,,72,,8,,3333,,5714,,6842,,7805,,8283,,8644
14,"angkor_wat",1,0,,9,,85,,8333,,875,,78,,12,,2,,36,,48,,72,,76,,2143,,3273,,5058,,6091,,79,,7699
15,"ara_pacis",,6,,7,,85,,7333,,625,,66,,1364,,2727,,5455,,6364,,6364,,6818,,2222,,3925,,6645,,6814,,6306,,6707
16,"arc_de_triomphe",,8,,9,,95,,8333,,75,,7,,125,,2083,,375,,5417,,5833,,625,,2162,,3383,,5377,,6566,,6562,,6604
17,"aztec_ruins",,4,,2,,1,,0667,,125,,26,,04,,04,,04,,04,,12,,28,,0727,,0667,,0571,,05,,1224,,2696
18,"berlin_cathedral",1,0,1,0,1,0,,9667,,95,,9,,2,,32,,52,,52,,56,,64,,3333,,4848,,6842,,6762,,7046,,7481
19,"bok_tower_gardens",,8,,9,,95,,8667,,85,,86,,16,,28,,56,,68,,72,,72,,2667,,4271,,7046,,7621,,7796,,7838
20,"brandenburg_gate",,8,,9,,95,,9667,,95,,96,,16,,2,,4,,48,,6,,68,,2667,,3273,,563,,6415,,7355,,7961
21,"cabrillo",,0,,3,,3,,2,,175,,16,,0,,1538,,3846,,3846,,4615,,5385,,0,,2034,,3371,,2632,,2538,,2467
22,"casa_batllo",1,0,1,0,1,0,1,0,,975,,96,,16,,24,,4,,56,,56,,76,,2759,,3871,,5714,,7179,,7114,,8484
23,"casa_rosada",1,0,1,0,,85,,9,,925,,94,,12,,24,,24,,48,,68,,76,,2143,,3871,,3743,,6261,,7838,,8405
24,"castillo_de_san_marcos",,6,,8,,65,,6,,625,,68,,12,,2,,32,,4,,56,,64,,2,,32,,4289,,48,,5907,,6594
25,"chartres_cathedral",1,0,1,0,,95,,9667,,975,,96,,12,,24,,4,,6,,76,,84,,2143,,3871,,563,,7404,,8542,,896
26,"chichen_itza",,8,,8,,75,,7667,,8,,84,,16,,28,,4,,48,,56,,6,,2667,,4148,,5217,,5904,,6588,,7
27,"christ_the_redeemer_rio",1,0,1,0,,7,,6333,,525,,46,,2174,,2609,,3478,,4348,,4348,,4348,,3571,,4138,,4647,,5156,,4757,,447
28,"civic_center_san_francisco",,6,,8,,8,,8,,675,,64,,12,,32,,56,,6,,6,,64,,2,,4571,,6588,,6857,,6353,,64
29,"cologne_cathedral",1,0,1,0,,95,,9667,,95,,96,,16,,32,,48,,48,,52,,6,,2759,,4848,,6378,,6415,,6721,,7385
30,"colosseum",1,0,1,0,1,0,,9667,,9,,9,,2,,24,,4,,48,,52,,6,,3333,,3871,,5714,,6415,,6592,,72
31,"doge_s_palace",1,0,,9,,8,,8333,,825,,82,,16,,28,,44,,48,,52,,52,,2759,,4271,,5677,,6091,,6379,,6364
32,"eiffel_tower",1,0,1,0,1,0,,9667,,925,,86,,08,,12,,24,,4,,44,,52,,1481,,2143,,3871,,5659,,5963,,6481
33,"golden_gate_bridge",1,0,,9,,95,,9333,,85,,88,,1739,,2174,,4348,,5217,,5652,,5652,,2963,,3502,,5965,,6693,,679,,6883
34,"grand_palais",1,0,1,0,,9,,9333,,925,,94,,0909,,1364,,3182,,4091,,5,,5909,,1667,,24,,4701,,5688,,6491,,7257
35,"guggenheim_museum_bilbao",1,0,,9,,85,,9,,9,,92,,08,,24,,32,,56,,6,,64,,1481,,3789,,465,,6904,,72,,7549
36,"hagia_sophia_istanbul",1,0,1,0,,95,,9,,925,,92,,12,,2,,36,,48,,6,,72,,2143,,3333,,5221,,6261,,7279,,8078
37,"hoover_dam",1,0,,9,,95,,9333,,925,,88,,16,,24,,4,,48,,6,,68,,2759,,3789,,563,,634,,7279,,7672
38,"humayun_tomb",,6,,8,,9,,7333,,8,,82,,12,,28,,44,,44,,68,,8,,2,,4148,,591,,55,,7351,,8099
39,"iguazu_falls",,4,,4,,65,,7333,,7,,72,,08,,16,,36,,52,,6,,68,,1333,,2286,,4634,,6085,,6462,,6994
40,"iolani_palace",,0,,0,,4,,5,,55,,54,,0,,0,,2,,4,,44,,6,,0,,0,,2667,,4444,,4889,,5684
41,"la_mezquita",,8,,9,,8,,7667,,775,,74,,125,,25,,3333,,4167,,5417,,5833,,2162,,3913,,4706,,5399,,6377,,6524
42,"la_rambla_barcelona",1,0,1,0,,95,,9667,,975,,9,,2,,28,,4,,44,,44,,52,,3333,,4375,,563,,6047,,6064,,6592
43,"la_sainte_chapelle",1,0,1,0,,9,,9333,,925,,94,,16,,28,,48,,56,,68,,76,,2759,,4375,,6261,,7,,7838,,8405
44,"liberty_memorial",,6,,8,,45,,5,,525,,54,,12,,2,,2,,28,,4,,48,,2,,32,,2769,,359,,4541,,5082
45,"lincoln_home",,4,,7,,85,,8667,,85,,72,,1111,,3333,,6111,,7222,,7222,,7222,,1739,,4516,,711,,7879,,7809,,7211
46,"machu_picchu",1,0,1,0,,65,,6333,,675,,72,,12,,28,,36,,48,,52,,6,,2143,,4375,,4634,,5461,,5874,,6545
47,"marble_arch_london",,6,,6,,6,,4333,,375,,32,,25,,25,,5,,5,,5833,,6667,,3529,,3529,,5455,,4643,,4565,,4324
48,"milan_cathedral",,8,,9,,95,,8667,,9,,92,,16,,36,,52,,64,,76,,76,,2667,,5143,,6721,,7363,,8241,,8324
49,"mole_antonelliana",1,0,1,0,1,0,,8,,825,,74,,12,,24,,32,,4,,52,,56,,2143,,3871,,4848,,5333,,6379,,6375
50,"mont_saint_michel",1,0,1,0,1,0,,9667,,95,,92,,08,,2,,36,,44,,64,,68,,1481,,3333,,5294,,6047,,7648,,782
51,"moulin_rouge",,0,,0,,05,,0667,,225,,18,,0,,0,,125,,25,,75,,75,,0,,0,,0714,,1053,,3462,,2903
52,"nelson_s_column",1,0,1,0,,95,,9667,,975,,94,,2083,,2917,,375,,5,,6667,,75,,3448,,4516,,5377,,6591,,7919,,8343
53,"notre_dame_de_paris",1,0,1,0,1,0,,9,,85,,84,,12,,2,,32,,48,,6,,68,,2143,,3333,,4848,,6261,,7034,,7516
54,"obelisco",,2,,1,,15,,1,,075,,14,,0909,,0909,,1818,,1818,,1818,,4545,,125,,0952,,1644,,129,,1062,,2141
55,"piccadilly_circus",,8,,8,,85,,7667,,775,,7,,0435,,1304,,4348,,5217,,6522,,6522,,0825,,2243,,5753,,6209,,7083,,6752
56,"place_de_la_concorde",1,0,1,0,1,0,1,0,1,0,1,0,,2,,32,,36,,52,,6,,68,,3333,,4848,,5294,,6842,,75,,8095
57,"place_de_la_republique",,6,,6,,35,,2333,,175,,16,,375,,5,,5,,5,,5,,5,,4615,,5455,,4118,,3182,,2593,,2424
58,"place_des_vosges",1,0,1,0,,85,,9,,775,,72,,2,,28,,4,,48,,52,,64,,3333,,4375,,544,,6261,,6224,,6776
59,"pont_du_gard",1,0,,9,,85,,8667,,825,,78,,2,,24,,4,,52,,52,,52,,3333,,3789,,544,,65,,6379,,624
60,"pont_neuf",1,0,1,0,,95,,7667,,725,,7,,16,,32,,52,,56,,64,,68,,2759,,4848,,6721,,6472,,6799,,6899
61,"ponte_vecchio",,8,,9,,9,,8333,,875,,84,,1667,,25,,4167,,5417,,5417,,5833,,2759,,3913,,5696,,6566,,6691,,6885
62,"puerta_de_alcala",,2,,6,,7,,5667,,65,,7,,0526,,2105,,4737,,4737,,6316,,7368,,0833,,3117,,565,,516,,6407,,7179
63,"puerta_del_sol",,8,,7,,65,,5,,475,,42,,15,,2,,35,,4,,45,,45,,2526,,3111,,455,,4444,,4622,,4345
64,"red_fort",1,0,1,0,1,0,1,0,1,0,1,0,,2,,28,,48,,64,,72,,8,,3333,,4375,,6486,,7805,,8372,,8889
65,"reims_cathedral",1,0,1,0,1,0,1,0,,975,,96,,16,,28,,4,,56,,56,,64,,2759,,4375,,5714,,7179,,7114,,768
66,"rialto_bridge",1,0,1,0,,8,,7333,,625,,5,,1875,,25,,5,,625,,6875,,6875,,3158,,4,,6154,,6748,,6548,,5789
67,"roman_forum_rome",1,0,,8,,85,,8667,,8,,82,,12,,16,,32,,44,,64,,84,,2143,,2667,,465,,5837,,7111,,8299
68,"sacre_coeur",,2,,4,,55,,5333,,6,,6,,0417,,0833,,2083,,25,,4167,,4583,,069,,1379,,3022,,3404,,4918,,5197
69,"sagrada_familia",,8,,9,,95,,9667,,95,,96,,16,,24,,4,,52,,64,,64,,2667,,3789,,563,,6762,,7648,,768
70,"santa_maria_novella",1,0,1,0,,9,,7,,6,,64,,2,,32,,44,,48,,52,,64,,3333,,4848,,591,,5695,,5571,,64
71,"schonbrunn_palace",1,0,1,0,,95,,9667,,975,,98,,16,,28,,4,,48,,56,,64,,2759,,4375,,563,,6415,,7114,,7743
72,"seville_cathedral",1,0,1,0,,85,,9,,925,,94,,12,,16,,4,,48,,64,,68,,2143,,2759,,544,,6261,,7565,,7891
73,"spanish_steps",1,0,1,0,,8,,7667,,7,,66,,1364,,3182,,4091,,5455,,5455,,5909,,24,,4828,,5414,,6374,,6131,,6235
74,"st__basil_cathedral",1,0,1,0,,95,,9333,,9,,84,,16,,32,,44,,52,,6,,6,,2759,,4848,,6014,,6679,,72,,7
75,"statue_of_liberty",1,0,,9,,9,,9,,85,,86,,12,,28,,4,,52,,56,,6,,2143,,4271,,5538,,6592,,6752,,7068
76,"stonehenge",,6,,6,,65,,4667,,5,,5,,1053,,2105,,3684,,4211,,4211,,4737,,1791,,3117,,4703,,4427,,4571,,4865
77,"summer_palace_beijing",1,0,1,0,,95,,9333,,925,,9,,08,,2,,36,,52,,6,,64,,1481,,3333,,5221,,6679,,7279,,7481
78,"sydney_opera_house",1,0,1,0,,95,,9333,,95,,96,,16,,28,,4,,52,,64,,68,,2759,,4375,,563,,6679,,7648,,7961
79,"teotihuacan",,8,,6,,55,,5667,,6,,66,,16,,2,,28,,44,,48,,56,,2667,,3,,3711,,4954,,5333,,6059
80,"terracotta_army",,8,,9,,75,,5333,,45,,48,,2,,35,,5,,5,,5,,6,,32,,504,,6,,5161,,4737,,5333
81,"the_blue_mosque",,8,,7,,8,,8667,,9,,9,,12,,16,,36,,48,,64,,68,,2087,,2605,,4966,,6178,,7481,,7747
82,"the_henry_ford",,6,,6,,75,,7667,,675,,68,,12,,2,,36,,48,,6,,68,,2,,3,,4865,,5904,,6353,,68
83,"taj_mahal",1,0,1,0,,9,,9,,925,,94,,12,,24,,36,,4,,56,,72,,2143,,3871,,5143,,5538,,6976,,8154
84,"tour_montparnasse",,6,,6,,5,,4333,,35,,42,,1,,2,,35,,4,,45,,55,,1714,,3,,4118,,416,,3937,,4763
85,"tower_bridge_london",,6,,5,,6,,4333,,4,,46,,12,,16,,32,,36,,44,,56,,2,,2424,,4174,,3933,,419,,5051
86,"trafalgar_square",,8,,7,,7,,5667,,6,,56,,1364,,2273,,4091,,4545,,5,,5,,233,,3431,,5164,,5045,,5455,,5283
87,"leaning_tower_of_pisa",,6,,6,,7,,5667,,525,,56,,12,,2,,36,,44,,48,,56,,2,,3,,4755,,4954,,5015,,56
88,"hermitage_museum_saint_petersburg",1,0,1,0,,85,,8333,,75,,8,,08,,16,,24,,36,,52,,56,,1481,,2759,,3743,,5028,,6142,,6588
89,"jantar_mantar_jaipur",1,0,1,0,,9,,8667,,9,,88,,16,,32,,48,,64,,76,,84,,2759,,4848,,6261,,7363,,8241,,8595
90,"lake_titicaca_peru",,2,,4,,5,,5333,,525,,54,,0417,,125,,2917,,4167,,5,,5833,,069,,1905,,3684,,4678,,5122,,5608
91,"the_great_wall_of_china",1,0,1,0,,9,,9,,8,,78,,2,,32,,4,,56,,56,,64,,3333,,4848,,5538,,6904,,6588,,7031
92,"grande_arche_paris",,4,,6,,5,,6667,,625,,56,,08,,12,,2,,4,,4,,4,,1333,,2,,2857,,5,,4878,,4667
93,"el_angel_mexico",,0,,3,,55,,5333,,6,,52,,0,,0952,,381,,4762,,7143,,7619,,0,,1446,,4501,,5031,,6522,,6181
94,"bibliotheque_nationale_de_france",,8,,7,,65,,7333,,7,,74,,16,,24,,28,,52,,64,,72,,2667,,3574,,3914,,6085,,6687,,7299
95,"kronborg_castle",,6,,7,,75,,6667,,75,,76,,125,,25,,5417,,5417,,5833,,5833,,2069,,3684,,629,,5977,,6562,,66
96,"ajanta_caves",,8,,9,,85,,9,,9,,92,,0909,,2727,,5,,5909,,6364,,6364,,1633,,4186,,6296,,7134,,7456,,7523
97,"atomium",1,0,1,0,,95,,9667,,95,,92,,1905,,2857,,4286,,4762,,5238,,5714,,32,,4444,,5907,,6381,,6753,,705
98,"ellora_caves",1,0,1,0,,95,,9667,,975,,96,,1818,,2273,,3636,,4545,,5,,5455,,3077,,3704,,526,,6183,,661,,6957
99,"potala_palace",,8,,9,,85,,8333,,75,,76,,1667,,2778,,3333,,4444,,5,,6667,,2759,,4245,,4789,,5797,,6,,7103
100,"jokhang",1,0,1,0,,85,,8333,,85,,78,,16,,32,,4,,56,,72,,8,,2759,,4848,,544,,6699,,7796,,7899
101,"rila_monastery",1,0,1,0,1,0,,9,,9,,92,,12,,24,,32,,4,,44,,48,,2143,,3871,,4848,,5538,,591,,6309
102,"louvre_pyramid",1,0,1,0,,9,,9,,925,,86,,1111,,2222,,3889,,4444,,5,,5,,2,,3636,,5431,,595,,6491,,6324
103,"brooklyn_bridge",1,0,1,0,,85,,8333,,825,,82,,0476,,2381,,4286,,4762,,4762,,4762,,0909,,3846,,5698,,6061,,6038,,6025
104,"tower_of_london",,8,,6,,75,,7333,,675,,74,,0435,,1304,,3478,,4783,,5217,,6087,,0825,,2143,,4752,,5789,,5886,,668
105,"british_museum_london",1,0,1,0,1,0,,9333,,925,,9,,1,,15,,3,,5,,6,,65,,1818,,2609,,4615,,6512,,7279,,7548
106,"buckingham_palace",,6,,6,,55,,4667,,45,,46,,1,,2,,2,,3,,35,,4,,1714,,3,,2933,,3652,,3937,,4279
107,"charles_bridge_prague",,4,,6,,7,,5333,,475,,5,,0833,,1667,,25,,2917,,375,,5,,1379,,2609,,3684,,3771,,4191,,5
108,"champs_elysees_paris",1,0,,9,,8,,7333,,6,,6,,2,,2667,,3333,,4667,,5333,,6,,3333,,4114,,4706,,5704,,5647,,6
109,"chrysler_building",1,0,1,0,1,0,1,0,,975,,98,,2857,,2857,,5,,6429,,7857,,7857,,4444,,4444,,6667,,7826,,8702,,8722
110,"moma_new_york",1,0,,9,,85,,8667,,825,,86,,2105,,2632,,4211,,5263,,5263,,6316,,3478,,4072,,5631,,6549,,6426,,7283
111,"grand_central_terminal",1,0,1,0,1,0,,9667,,975,,98,,0476,,0476,,1429,,3333,,5238,,5714,,0909,,0909,,25,,4957,,6815,,7219
112,"houses_of_parliament",1,0,1,0,,8,,8667,,9,,92,,1739,,2609,,4348,,5217,,5217,,5217,,2963,,4138,,5634,,6514,,6606,,6659
113,"alexanderplatz_berlin",,0,,1,,35,,5667,,6,,62,,0,,04,,24,,44,,56,,64,,0,,0571,,2847,,4954,,5793,,6298
114,"centre_pompidou",,8,,9,,95,,7333,,725,,7,,1667,,1667,,3889,,3889,,5,,6111,,2759,,2812,,5519,,5083,,5918,,6525
115,"sydney_harbour_bridge",1,0,1,0,1,0,1,0,1,0,1,0,,25,,3125,,5,,5625,,6875,,6875,,4,,4762,,6667,,72,,8148,,8148
116,"pier_39",,8,,9,,9,,9,,8,,82,,1429,,381,,5238,,6667,,6667,,6667,,2424,,5353,,6622,,766,,7273,,7354
117,"coit_tower",,4,,5,,65,,7,,675,,7,,0667,,2,,2667,,4667,,4667,,5333,,1143,,2857,,3782,,56,,5518,,6054
118,"st_paul_s_cathedral_london",,6,,8,,9,,9333,,8,,72,,1765,,4118,,5882,,7059,,7647,,8824,,2727,,5437,,7115,,8038,,782,,793
119,"cloud_gate",1,0,,6,,55,,5333,,55,,6,,1667,,1667,,3333,,3333,,5,,5,,2857,,2609,,4151,,4103,,5238,,5455
120,"musee_d_orsay",,8,,8,,85,,9,,925,,92,,1905,,381,,4286,,5238,,5714,,619,,3077,,5161,,5698,,6622,,7064,,7401
121,"pike_place_market",1,0,1,0,,9,,9,,875,,88,,1429,,2381,,4286,,4286,,5238,,5238,,25,,3846,,5806,,5806,,6553,,6567
122,"royal_palace_madrid",,8,,8,,85,,8,,825,,84,,1818,,3636,,4545,,5909,,6364,,6364,,2963,,5,,5923,,6797,,7185,,7241
123,"sony_center_berlin",,8,,9,,9,,9,,925,,94,,1905,,2857,,381,,381,,4286,,4762,,3077,,4337,,5353,,5353,,5858,,6321
124,"red_square_moscow",1,0,,7,,6,,6333,,625,,64,,2381,,2857,,3333,,5238,,619,,6667,,3846,,4058,,4286,,5734,,622,,6531
125,"prague_castle",,8,,9,,8,,8333,,85,,88,,12,,28,,44,,56,,64,,76,,2087,,4271,,5677,,6699,,7302,,8156
126,"musee_du_louvre",1,0,1,0,,95,,9667,,975,,98,,16,,32,,48,,64,,68,,68,,2759,,4848,,6378,,7701,,8012,,8029
127,"millennium_bridge_london",,8,,9,,75,,7667,,825,,78,,12,,28,,4,,48,,48,,52,,2087,,4271,,5217,,5904,,6069,,624
128,"casa_mila",1,0,1,0,1,0,,9,,925,,94,,12,,28,,48,,56,,68,,72,,2143,,4375,,6486,,6904,,7838,,8154
129,"national_gallery_london",1,0,1,0,,85,,7333,,8,,66,,1818,,3182,,4091,,5,,5909,,6364,,3077,,4828,,5523,,5946,,6797,,648
130,"national_mall",1,0,,9,,9,,8333,,825,,82,,16,,28,,48,,6,,68,,68,,2759,,4271,,6261,,6977,,7455,,7435
131,"london_city_hall",,8,,9,,9,,9,,875,,78,,15,,3,,5,,55,,8,,85,,2526,,45,,6429,,6828,,8358,,8135
132,"holocaust_memorial",,6,,7,,85,,8,,75,,66,,1875,,3125,,4375,,5,,5625,,625,,2857,,4321,,5777,,6154,,6429,,642
133,"columbus_circle",1,0,,9,,8,,6333,,6,,52,,16,,28,,44,,52,,6,,64,,2759,,4271,,5677,,5711,,6,,5738
134,"siegessaeule",1,0,1,0,,8,,7,,525,,48,,16,,28,,48,,56,,56,,56,,2759,,4375,,6,,6222,,5419,,5169
135,"jardin_du_luxembourg",1,0,1,0,1,0,1,0,,95,,96,,12,,28,,48,,64,,64,,72,,2143,,4375,,6486,,7805,,7648,,8229
136,"merlion_singapore",,2,,1,,1,,1,,3,,36,,0455,,0455,,0909,,1364,,3636,,4545,,0741,,0625,,0952,,1154,,3288,,4018
137,"harrods_london",1,0,1,0,,95,,8333,,825,,86,,2,,28,,4,,56,,64,,72,,3333,,4375,,563,,6699,,7208,,7838
138,"metropolitan_museum_of_art_new_york",1,0,1,0,1,0,1,0,1,0,1,0,,2,,28,,4,,48,,64,,68,,3333,,4375,,5714,,6486,,7805,,8095
139,"new_york_stock_exchange",,8,,9,,95,,7667,,6,,64,,2,,35,,4,,45,,5,,65,,32,,504,,563,,5671,,5455,,645
140,"stephansdom_vienna",1,0,1,0,1,0,,9667,,975,,96,,2,,32,,56,,6,,68,,72,,3333,,4848,,7179,,7404,,8012,,8229
141,"hms_belfast",1,0,1,0,,95,,9667,,95,,92,,16,,2,,36,,52,,68,,72,,2759,,3333,,5221,,6762,,7926,,8078
142,"leicester_square",,8,,6,,8,,8,,85,,8,,12,,16,,2,,48,,52,,56,,2087,,2526,,32,,6,,6453,,6588
143,"ciudad_de_las_artes_y_las_ciencias",1,0,1,0,1,0,,9667,,95,,96,,12,,28,,4,,48,,56,,6,,2143,,4375,,5714,,6415,,7046,,7385
144,"topkapi_palace",1,0,,9,,9,,9333,,925,,94,,16,,24,,4,,52,,6,,72,,2759,,3789,,5538,,6679,,7279,,8154
145,"royal_albert_hall",,8,,4,,35,,5333,,6,,6,,12,,12,,2,,4,,44,,52,,2087,,1846,,2545,,4571,,5077,,5571
146,"st_vitus_cathedral",1,0,1,0,,95,,9667,,95,,92,,16,,28,,32,,44,,56,,64,,2759,,4375,,4787,,6047,,7046,,7549
147,"castello_sforzesco",1,0,1,0,,9,,9,,9,,92,,16,,24,,32,,44,,52,,56,,2759,,3871,,4721,,591,,6592,,6962
148,"rijksmuseum_amsterdam",1,0,1,0,1,0,1,0,1,0,1,0,,12,,16,,28,,44,,64,,76,,2143,,2759,,4375,,6111,,7805,,8636
149,"dam_square",,6,,5,,7,,7667,,675,,7,,12,,2,,32,,4,,48,,64,,2,,2857,,4392,,5257,,561,,6687
150,"rathaus_vienna",,8,,9,,85,,6667,,6,,62,,12,,16,,2,,28,,32,,48,,2087,,2717,,3238,,3944,,4174,,5411
151,"bath_abbey",1,0,1,0,1,0,1,0,,975,,92,,16,,28,,48,,52,,56,,64,,2759,,4375,,6486,,6842,,7114,,7549
152,"salisbury_cathedral",1,0,1,0,1,0,1,0,1,0,,96,,12,,2,,32,,36,,4,,52,,2143,,3333,,4848,,5294,,5714,,6746
153,"templo_de_debod",,0,,0,,2,,3333,,35,,36,,0,,0,,1364,,3182,,3636,,3636,,0,,0,,1622,,3256,,3567,,3618
154,"Niagara_Falls",,8,,7,,7,,7,,675,,64,,1364,,2273,,3636,,4091,,5,,5455,,233,,3431,,4786,,5164,,5745,,589
155,"Golden_Gate_Bridge_in_San_Francisco",1,0,,9,,95,,9667,,975,,98,,1818,,1818,,3636,,5,,5909,,6364,,3077,,3025,,526,,6591,,7358,,7717
156,"Neuschwanstein_Castle",1,0,1,0,,95,,9667,,95,,94,,08,,24,,4,,56,,68,,76,,1481,,3871,,563,,7092,,7926,,8405
157,"Christ_Church_Cathedral_Missouri",1,0,1,0,1,0,1,0,1,0,1,0,,2,,28,,32,,44,,44,,64,,3333,,4375,,4848,,6111,,6111,,7805
158,"Mount_Rushmore_in_South_Dakota",,8,,8,,9,,9333,,95,,96,,12,,16,,28,,36,,6,,68,,2087,,2667,,4271,,5196,,7355,,7961
159,"Puerta_de_Toledo",,0,,1,,05,,0333,,025,,02,,0,,5,,5,,5,,5,,5,,0,,1667,,0909,,0625,,0476,,0385
160,"Urquhart_Castle",1,0,1,0,,8,,8,,8,,84,,2083,,2917,,375,,5,,5833,,6667,,3448,,4516,,5106,,6154,,6747,,7434
161,"Gare_du_Nord_Paris",,2,,5,,7,,8,,725,,68,,04,,12,,2,,24,,32,,44,,0667,,1935,,3111,,3692,,444,,5343
162,"Newgrange_in_Ireland",,8,,7,,8,,7667,,7,,74,,125,,2083,,3333,,4167,,4167,,4583,,2162,,3211,,4706,,5399,,5224,,5661
163,"Windmills_at_Kinderdijk",1,0,1,0,1,0,,9,,825,,84,,16,,24,,36,,4,,48,,56,,2759,,3871,,5294,,5538,,6069,,672
164,"Conciergerie",1,0,1,0,1,0,1,0,1,0,,96,,08,,24,,36,,44,,6,,6,,1481,,3871,,5294,,6111,,75,,7385
165,"Palazzo_Madama",,8,,8,,8,,6667,,625,,66,,1818,,3182,,4545,,5455,,6364,,7727,,2963,,4553,,5797,,6,,6306,,7119
166,"Split_Rock_Lighthouse",1,0,1,0,,9,,9,,925,,88,,08,,24,,28,,44,,52,,52,,1481,,3871,,4271,,591,,6657,,6537
167,"The_Little_Mermaid_Denmark",1,0,1,0,1,0,1,0,,95,,92,,2857,,4286,,6429,,7857,,8571,,9286,,4444,,6,,7826,,88,,9012,,9243
168,"Great_Pyramid_of_Giza",,6,,6,,65,,5333,,525,,54,,2,,4,,6,,6,,6667,,8,,3,,48,,624,,5647,,5874,,6448
169,"Pitti_Palace",,6,,8,,8,,7,,625,,54,,1364,,2727,,4545,,5,,5455,,5909,,2222,,4068,,5797,,5833,,5825,,5643
170,"Georgia_State_Capitol",,8,,9,,6,,4,,3,,36,,1579,,2632,,2632,,2632,,2632,,2632,,2637,,4072,,3659,,3175,,2804,,3041
171,"Dome_des_Invalides",1,0,1,0,1,0,1,0,1,0,1,0,,12,,24,,4,,44,,52,,64,,2143,,3871,,5714,,6111,,6842,,7805
172,"Reggia_di_Caserta",1,0,,6,,6,,5,,5,,52,,2,,2,,4,,48,,52,,56,,3333,,3,,48,,4898,,5098,,5393
173,"The_Burj_al_Arab_Hotel",1,0,,9,,75,,7667,,75,,8,,16,,2,,36,,44,,48,,6,,2759,,3273,,4865,,5591,,5854,,6857
174,"Elephanta_Caves",1,0,1,0,,95,,9333,,925,,8,,125,,25,,4167,,6667,,75,,75,,2222,,4,,5793,,7778,,8284,,7742
175,"Basilica_of_Santa_Croce",1,0,1,0,1,0,1,0,1,0,1,0,,16,,32,,48,,52,,6,,64,,2759,,4848,,6486,,6842,,75,,7805
176,"Aachen_Cathedral",1,0,,9,,85,,8667,,9,,92,,12,,2,,32,,4,,48,,56,,2143,,3273,,465,,5474,,6261,,6962
177,"Monument_to_the_Great_Fire_of_London",,4,,3,,65,,4667,,575,,56,,08,,12,,4,,4,,48,,56,,1333,,1714,,4952,,4308,,5232,,56
178,"Longmen_Grottoes",,6,,8,,6,,6,,625,,66,,12,,28,,4,,56,,6,,68,,2,,4148,,48,,5793,,6122,,6699
179,"Louisiana_State_Capitol",,2,,2,,3,,2333,,3,,36,,04,,08,,2,,24,,4,,52,,0667,,1143,,24,,2366,,3429,,4255
180,"The_Great_Sphinx_at_Giza",1,0,1,0,,9,,9,,9,,9,,16,,32,,44,,56,,6,,68,,2759,,4848,,591,,6904,,72,,7747
181,"Teatro_Real_Madrid",1,0,,7,,8,,7,,65,,64,,2174,,3043,,5217,,6087,,7391,,8261,,3571,,4242,,6316,,6512,,6917,,7212
182,"Palacio_de_la_Magdalena",,6,,8,,65,,7333,,775,,76,,08,,28,,36,,52,,6,,68,,1412,,4148,,4634,,6085,,6764,,7178
183,"Sowjetisches_Ehrenmal",1,0,,6,,6,,7,,725,,66,,12,,16,,32,,56,,76,,84,,2143,,2526,,4174,,6222,,7421,,7392
184,"Cathedral_of_Trier",1,0,1,0,1,0,,9,,875,,88,,2,,4,,56,,64,,72,,8,,3333,,5714,,7179,,7481,,79,,8381
185,"Saint_Mary_of_the_Flower",,6,,3,,2,,1333,,3,,38,,12,,12,,16,,16,,32,,4,,2,,1714,,1778,,1455,,3097,,3897
186,"Skellig_Michael",,6,,8,,65,,7333,,675,,64,,12,,16,,24,,44,,56,,6,,2,,2667,,3506,,55,,6121,,6194
187,"Chicago_Board_of_Trade_Building",1,0,1,0,1,0,,8333,,625,,66,,1818,,2273,,4091,,4545,,4545,,5455,,3077,,3704,,5806,,5882,,5263,,5973
188,"Pont_de_Normandie_France",1,0,1,0,1,0,,9,,875,,78,,2632,,4211,,6842,,7368,,8421,,8421,,4167,,5926,,8125,,8103,,8582,,8099
189,"Palazzo_Rosso",,2,,1,,1,,0667,,1,,08,,0417,,0417,,0833,,0833,,1667,,1667,,069,,0588,,0909,,0741,,125,,1081
190,"Piazza_Vittorio_Veneto",,0,,5,,5,,5,,475,,42,,0,,25,,5,,6875,,75,,8125,,0,,3333,,5,,5789,,5816,,5538
191,"Sforza_Castle",1,0,1,0,1,0,,9667,,95,,96,,16,,28,,44,,48,,6,,64,,2759,,4375,,6111,,6415,,7355,,768
192,"Torres_KIO",,8,,8,,9,,9,,8,,74,,16,,28,,32,,44,,48,,48,,2667,,4148,,4721,,591,,6,,5823
193,"Torre_Picasso",1,0,1,0,,75,,7333,,75,,7,,125,,3333,,5,,6667,,6667,,75,,2222,,5,,6,,6984,,7059,,7241
194,"The_Palace_of_Parliament_in_Bucharest",,8,,9,,9,,9333,,85,,88,,12,,28,,52,,56,,6,,72,,2087,,4271,,6592,,7,,7034,,792
195,"Ernest_Hemingway_House",1,0,1,0,,95,,8,,775,,78,,16,,24,,4,,56,,68,,68,,2759,,3871,,563,,6588,,7244,,7266
196,"Castel_dellOvo_Napoli",1,0,1,0,,95,,9333,,9,,9,,16,,32,,52,,64,,72,,76,,2759,,4848,,6721,,7593,,8,,8241
197,"Villa_Borghese_gardens",1,0,1,0,1,0,1,0,,975,,98,,16,,32,,48,,6,,64,,76,,2759,,4848,,6486,,75,,7728,,8561
198,"Saint_Marks_Basilica",1,0,1,0,1,0,1,0,1,0,,98,,2,,32,,44,,44,,48,,56,,3333,,4848,,6111,,6111,,6486,,7127
199,"Mausoleum_of_the_First_Qin_Emperor",1,0,1,0,,8,,8,,775,,8,,2,,28,,32,,44,,48,,64,,3333,,4375,,4571,,5677,,5928,,7111
200,"Mausoleum_of_Hadrian",1,0,,9,,6,,6333,,7,,68,,2222,,2778,,3333,,4444,,5556,,5556,,3636,,4245,,4286,,5223,,6195,,6115
201,"Piazza_de_Ferrari",,8,,8,,9,,9333,,925,,94,,1579,,2632,,3158,,4737,,5789,,6316,,2637,,396,,4675,,6284,,7122,,7555
202,"George_Washington_Carver",,4,,6,,7,,5667,,475,,54,,0625,,25,,5,,5,,5,,625,,1081,,3529,,5833,,5312,,4872,,5794
203,"Cathedral_of_Santiago_de_Compostela",1,0,1,0,1,0,,8333,,825,,78,,2941,,4118,,6471,,7059,,8235,,8824,,4545,,5833,,7857,,7643,,8243,,828
204,"Saint-Jacques_Tower",,6,,7,,8,,8667,,85,,82,,1538,,2308,,4615,,5385,,6154,,6923,,2449,,3471,,5854,,6642,,7139,,7508
205,"Calakmul_Campeche_Mexico",,6,,8,,9,,9,,8,,82,,1429,,3571,,5714,,7143,,7143,,7857,,2308,,4938,,699,,7965,,7547,,8025
206,"Bran_Castle_in_Transylvania",,8,,9,,9,,9,,825,,8,,2105,,3684,,4737,,5263,,5263,,6316,,3333,,5228,,6207,,6642,,6426,,7059
207,"Mosteiro_da_Batalha",1,0,1,0,1,0,1,0,1,0,1,0,,2632,,3684,,5789,,6842,,7368,,7368,,4167,,5385,,7333,,8125,,8485,,8485
208,"Wartburg_Castle",,8,,8,,85,,9,,925,,94,,15,,2,,4,,6,,7,,85,,2526,,32,,544,,72,,7969,,8927
209,"Fujian_Tulou_Fujian_China",1,0,1,0,1,0,,9667,,975,,98,,1667,,2778,,5,,6667,,7222,,7778,,2857,,4348,,6667,,7891,,8298,,8673
210,"Alabama_State_Capitol",,8,,7,,65,,7333,,8,,76,,1429,,2857,,5238,,6667,,7619,,7619,,2424,,4058,,5801,,6984,,7805,,761
211,"Palazzo_dAccursio",1,0,1,0,,9,,7333,,7,,62,,2222,,2778,,3889,,4444,,5556,,6111,,3636,,4348,,5431,,5535,,6195,,6155
212,"Casa_Grande_Ruins",,4,,6,,7,,6667,,75,,78,,1176,,2941,,3529,,4118,,4706,,4706,,1818,,3947,,4693,,5091,,5783,,587
213,"Stravinsky_Fountain",,8,,9,,95,,9667,,85,,84,,1333,,3333,,4,,5333,,5333,,5333,,2286,,4865,,563,,6874,,6554,,6524
214,"Angel_Falls_Venezuela",,8,,6,,6,,7333,,65,,58,,2353,,2941,,4706,,7059,,7059,,7059,,3636,,3947,,5275,,7193,,6768,,6368
215,"Statue_of_George_IV",,4,,6,,65,,5667,,425,,44,,25,,375,,625,,75,,75,,875,,3077,,4615,,6373,,6456,,5426,,5856
216,"Palacio_Barolo",1,0,1,0,,9,,9333,,95,,96,,2353,,3529,,5294,,6471,,7647,,8235,,381,,5217,,6667,,7643,,8473,,8865
217,"Bridge_of_Remembrance_Christchurch_New_Zealand",,8,,9,,95,,8,,675,,56,,25,,5,,8333,1,0,1,0,1,0,,381,,6429,,8879,,8889,,806,,7179
218,"John_A._Roebling_Suspension_Bridge",1,0,,5,,65,,5667,,55,,56,,2667,,2667,,5333,,6,,6667,,7333,,4211,,3478,,5859,,5829,,6027,,6351
219,"Blue_Dome_Santorini",,6,,7,,8,,8667,,875,,9,,125,,3125,,5,,75,,75,,75,,2069,,4321,,6154,,8041,,8077,,8182
220,"Fossar_de_les_Moreres",,4,,4,,65,,4333,,475,,44,,1429,,2143,,5714,,5714,,7143,,7143,,2105,,2791,,6082,,4929,,5706,,5446
221,"Luxor_Obelisk_France",,4,,5,,65,,6,,675,,72,,0625,,125,,25,,3125,,4375,,5,,1081,,2,,3611,,411,,5309,,5902
222,"Valle_de_los_Caidos",1,0,,9,,9,,8667,,9,,92,,25,,35,,5,,55,,65,,75,,4,,504,,6429,,6729,,7548,,8263
--------------------
"--","Avg.",P@5,P@10,P@20,P@30,P@40,P@50,CR@5,CR@10,CR@20,CR@30,CR@40,CR@50,F1@5,F1@10,F1@20,F1@30,F1@40,F1@50
,,,8018,,8086,,7959,,7721,,7597,,7534,,1435,,2478,,3924,,4933,,5745,,6392,,2396,,3718,,5149,,5901,,6411,,6775