--------------------
"Run name","output_runCEDDSilhouette"
--------------------
"Average P@20 = ",,7977
"Average CR@20 = ",,3928
"Average F1@20 = ",,5143
--------------------
"Query Id ","Location name",P@5,P@10,P@20,P@30,P@40,P@50,CR@5,CR@10,CR@20,CR@30,CR@40,CR@50,F1@5,F1@10,F1@20,F1@30,F1@40,F1@50
1,"angel_of_the_north",1,0,1,0,1,0,1,0,1,0,1,0,,16,,32,,4,,56,,68,,72,,2759,,4848,,5714,,7179,,8095,,8372
2,"big_ben",,8,,9,,9,,8667,,875,,82,,1818,,3636,,4545,,4545,,5455,,5909,,2963,,518,,604,,5963,,672,,6869
3,"hearst_castle",1,0,,9,,95,,9667,,95,,94,,1667,,3333,,5,,7083,,75,,7917,,2857,,4865,,6552,,8176,,8382,,8595
4,"la_madeleine",,8,,5,,6,,5,,425,,44,,2143,,2143,,5,,6429,,7143,,7857,,338,,3,,5455,,5625,,5329,,5641
5,"pont_alexandre_iii",1,0,1,0,,95,,9667,,975,,98,,2,,28,,36,,48,,72,,76,,3333,,4375,,5221,,6415,,8283,,8561
6,"neues_museum",,8,,5,,25,,3667,,525,,62,,08,,08,,08,,32,,56,,68,,1455,,1379,,1212,,3417,,5419,,6486
7,"montezuma_castle",,2,,5,,6,,5667,,475,,56,,0833,,1667,,5,,5833,,5833,,5833,,1176,,25,,5455,,5749,,5236,,5714
8,"cn_tower",,4,,6,,65,,6667,,7,,72,,0833,,1667,,25,,375,,5,,5833,,1379,,2609,,3611,,48,,5833,,6445
9,"acropolis_athens",1,0,1,0,,95,,9,,9,,88,,1905,,2857,,381,,4762,,5714,,5714,,32,,4444,,5438,,6228,,699,,6929
10,"agra_fort",1,0,,7,,8,,8667,,875,,86,,16,,24,,44,,6,,72,,72,,2759,,3574,,5677,,7091,,79,,7838
11,"albert_memorial",,4,,5,,6,,6333,,725,,76,,0909,,1818,,1818,,3636,,5,,6364,,1481,,2667,,2791,,462,,5918,,6927
12,"altes_museum",,8,,8,,65,,6,,55,,6,,0417,,125,,3333,,4167,,4583,,5417,,0792,,2162,,4407,,4918,,5,,5693
13,"amiens_cathedral",1,0,1,0,1,0,,9667,,9,,92,,2,,32,,52,,6,,72,,84,,3333,,4848,,6842,,7404,,8,,8782
14,"angkor_wat",1,0,,9,,8,,8667,,875,,88,,12,,2,,44,,56,,68,,72,,2143,,3273,,5677,,6804,,7653,,792
15,"ara_pacis",,6,,7,,85,,7333,,65,,64,,1364,,2727,,5455,,6364,,6818,,6818,,2222,,3925,,6645,,6814,,6655,,6602
16,"arc_de_triomphe",1,0,1,0,,8,,7667,,7,,66,,1667,,2917,,4167,,5833,,6667,,6667,,2857,,4516,,5479,,6626,,6829,,6633
17,"aztec_ruins",,4,,2,,1,,0667,,15,,22,,04,,04,,04,,04,,2,,24,,0727,,0667,,0571,,05,,1714,,2296
18,"berlin_cathedral",1,0,1,0,1,0,1,0,,95,,92,,16,,28,,48,,64,,68,,72,,2759,,4375,,6486,,7805,,7926,,8078
19,"bok_tower_gardens",1,0,,9,,8,,8333,,875,,88,,2,,32,,44,,6,,6,,68,,3333,,4721,,5677,,6977,,7119,,7672
20,"brandenburg_gate",1,0,1,0,1,0,1,0,1,0,,96,,2,,24,,36,,52,,56,,64,,3333,,3871,,5294,,6842,,7179,,768
21,"cabrillo",,0,,2,,2,,1667,,175,,14,,0,,0769,,2308,,3077,,4615,,4615,,0,,1111,,2143,,2162,,2538,,2148
22,"casa_batllo",,4,,7,,85,,9,,925,,94,,08,,24,,48,,6,,64,,76,,1333,,3574,,6135,,72,,7565,,8405
23,"casa_rosada",1,0,1,0,,85,,9,,925,,94,,12,,24,,24,,48,,72,,72,,2143,,3871,,3743,,6261,,8097,,8154
24,"castillo_de_san_marcos",,0,,4,,45,,5333,,6,,66,,0,,12,,28,,4,,6,,72,,0,,1846,,3452,,4571,,6,,6887
25,"chartres_cathedral",1,0,1,0,,95,,9333,,925,,9,,16,,28,,44,,64,,68,,72,,2759,,4375,,6014,,7593,,7838,,8
26,"chichen_itza",,8,,8,,75,,7667,,8,,82,,16,,28,,4,,48,,6,,68,,2667,,4148,,5217,,5904,,6857,,7435
27,"christ_the_redeemer_rio",1,0,,9,,65,,6667,,55,,48,,2174,,2174,,3043,,3913,,4348,,4783,,3571,,3502,,4146,,4932,,4857,,4791
28,"civic_center_san_francisco",,8,,8,,85,,8333,,725,,6,,12,,28,,44,,48,,56,,56,,2087,,4148,,5798,,6091,,6319,,5793
29,"cologne_cathedral",1,0,1,0,1,0,1,0,,975,,92,,2,,24,,4,,52,,64,,76,,3333,,3871,,5714,,6842,,7728,,8324
30,"colosseum",1,0,1,0,1,0,,9667,,875,,9,,16,,28,,44,,48,,6,,64,,2759,,4375,,6111,,6415,,7119,,7481
31,"doge_s_palace",1,0,1,0,,95,,9,,825,,86,,12,,24,,32,,4,,48,,48,,2143,,3871,,4787,,5538,,6069,,6161
32,"eiffel_tower",1,0,1,0,1,0,,9667,,925,,86,,08,,12,,24,,4,,44,,6,,1481,,2143,,3871,,5659,,5963,,7068
33,"golden_gate_bridge",1,0,,9,,85,,8333,,775,,78,,1739,,2609,,4348,,4783,,5652,,6087,,2963,,4045,,5753,,6077,,6537,,6838
34,"grand_palais",1,0,1,0,,85,,8667,,85,,88,,0909,,1818,,3182,,4091,,4545,,5455,,1667,,3077,,463,,5558,,5923,,6735
35,"guggenheim_museum_bilbao",1,0,,9,,85,,9,,925,,94,,08,,24,,32,,48,,6,,68,,1481,,3789,,465,,6261,,7279,,7891
36,"hagia_sophia_istanbul",1,0,1,0,,95,,9667,,975,,96,,12,,2,,36,,52,,64,,72,,2143,,3333,,5221,,6762,,7728,,8229
37,"hoover_dam",1,0,1,0,,95,,9333,,95,,9,,16,,28,,4,,44,,56,,6,,2759,,4375,,563,,5981,,7046,,72
38,"humayun_tomb",,6,,8,,65,,7333,,775,,8,,12,,24,,32,,52,,68,,76,,2,,3692,,4289,,6085,,7244,,7795
39,"iguazu_falls",,8,,8,,8,,8333,,825,,8,,16,,24,,32,,44,,52,,6,,2667,,3692,,4571,,5759,,6379,,6857
40,"iolani_palace",1,0,1,0,,85,,9,,8,,66,,12,,24,,44,,52,,56,,56,,2143,,3871,,5798,,6592,,6588,,6059
41,"la_mezquita",,8,,8,,7,,7333,,675,,62,,1667,,2917,,4167,,4583,,5,,625,,2759,,4275,,5224,,5641,,5745,,6225
42,"la_rambla_barcelona",,4,,7,,85,,9,,925,,9,,08,,24,,4,,48,,48,,52,,1333,,3574,,544,,6261,,632,,6592
43,"la_sainte_chapelle",1,0,1,0,,95,,9667,,95,,96,,16,,28,,56,,56,,68,,8,,2759,,4375,,7046,,7092,,7926,,8727
44,"liberty_memorial",1,0,,9,,65,,7333,,7,,64,,16,,24,,24,,48,,52,,64,,2759,,3789,,3506,,5802,,5967,,64
45,"lincoln_home",,4,,7,,8,,8667,,875,,72,,1111,,3333,,5556,,7222,,7778,,7778,,1739,,4516,,6557,,7879,,8235,,7478
46,"machu_picchu",,8,,7,,8,,7,,775,,8,,12,,12,,28,,36,,6,,64,,2087,,2049,,4148,,4755,,6764,,7111
47,"marble_arch_london",,6,,6,,6,,4333,,375,,32,,25,,25,,5,,5,,5833,,6667,,3529,,3529,,5455,,4643,,4565,,4324
48,"milan_cathedral",1,0,1,0,1,0,,9667,,95,,96,,2,,4,,56,,64,,68,,72,,3333,,5714,,7179,,7701,,7926,,8229
49,"mole_antonelliana",1,0,1,0,,75,,7,,725,,66,,12,,16,,28,,36,,44,,56,,2143,,2759,,4078,,4755,,5476,,6059
50,"mont_saint_michel",1,0,1,0,1,0,1,0,1,0,,96,,12,,2,,32,,44,,6,,72,,2143,,3333,,4848,,6111,,75,,8229
51,"moulin_rouge",,0,,0,,0,,1,,075,,14,,0,,0,,0,,375,,375,,625,,0,,0,,0,,1579,,125,,2288
52,"nelson_s_column",1,0,1,0,,95,,9667,,975,,94,,2083,,2917,,375,,5,,625,,75,,3448,,4516,,5377,,6591,,7617,,8343
53,"notre_dame_de_paris",1,0,1,0,1,0,,9667,,9,,86,,12,,2,,32,,56,,68,,76,,2143,,3333,,4848,,7092,,7747,,8069
54,"obelisco",,2,,3,,15,,1,,1,,2,,0909,,1818,,1818,,1818,,2727,,5455,,125,,2264,,1644,,129,,1463,,2927
55,"piccadilly_circus",1,0,,9,,9,,8667,,75,,74,,1739,,2174,,4348,,4783,,6087,,6087,,2963,,3502,,5863,,6164,,672,,668
56,"place_de_la_concorde",1,0,1,0,1,0,1,0,1,0,1,0,,2,,32,,36,,52,,6,,68,,3333,,4848,,5294,,6842,,75,,8095
57,"place_de_la_republique",,2,,3,,25,,2,,15,,14,,125,,375,,5,,625,,625,,625,,1538,,3333,,3333,,303,,2419,,2288
58,"place_des_vosges",1,0,1,0,,95,,8333,,725,,78,,16,,28,,36,,48,,6,,76,,2759,,4375,,5221,,6091,,6566,,7699
59,"pont_du_gard",1,0,1,0,,9,,9333,,85,,82,,16,,2,,4,,56,,56,,6,,2759,,3333,,5538,,7,,6752,,693
60,"pont_neuf",1,0,1,0,,85,,8,,725,,66,,16,,32,,48,,56,,6,,6,,2759,,4848,,6135,,6588,,6566,,6286
61,"ponte_vecchio",,8,,9,,9,,8333,,75,,72,,1667,,25,,4167,,5417,,5833,,6667,,2759,,3913,,5696,,6566,,6562,,6923
62,"puerta_de_alcala",,2,,6,,7,,6333,,675,,64,,0526,,1579,,4737,,5263,,6842,,7368,,0833,,25,,565,,5749,,6796,,685
63,"puerta_del_sol",,8,,8,,6,,4667,,45,,4,,2,,25,,4,,45,,45,,45,,32,,381,,48,,4582,,45,,4235
64,"red_fort",1,0,1,0,1,0,1,0,1,0,1,0,,2,,28,,48,,72,,72,,76,,3333,,4375,,6486,,8372,,8372,,8636
65,"reims_cathedral",1,0,1,0,1,0,1,0,1,0,,96,,2,,24,,36,,4,,48,,6,,3333,,3871,,5294,,5714,,6486,,7385
66,"rialto_bridge",1,0,,9,,8,,7333,,65,,56,,125,,3125,,375,,625,,6875,,6875,,2222,,4639,,5106,,6748,,6682,,6172
67,"roman_forum_rome",1,0,,9,,8,,7333,,625,,68,,12,,2,,36,,44,,44,,64,,2143,,3273,,4966,,55,,5164,,6594
68,"sacre_coeur",,6,,6,,6,,6667,,575,,6,,0833,,1667,,25,,375,,4167,,5417,,1463,,2609,,3529,,48,,4832,,5693
69,"sagrada_familia",,8,,9,,95,,9667,,925,,94,,16,,24,,4,,52,,6,,6,,2667,,3789,,563,,6762,,7279,,7325
70,"santa_maria_novella",1,0,1,0,,95,,7333,,6,,62,,12,,2,,44,,44,,48,,64,,2143,,3333,,6014,,55,,5333,,6298
71,"schonbrunn_palace",1,0,1,0,1,0,1,0,1,0,1,0,,16,,28,,52,,56,,56,,64,,2759,,4375,,6842,,7179,,7179,,7805
72,"seville_cathedral",1,0,1,0,,9,,9333,,95,,96,,12,,16,,32,,48,,68,,68,,2143,,2759,,4721,,634,,7926,,7961
73,"spanish_steps",1,0,1,0,,7,,7333,,725,,66,,1364,,3182,,3636,,5909,,6364,,6818,,24,,4828,,4786,,6545,,6778,,6707
74,"st__basil_cathedral",1,0,1,0,1,0,,9667,,875,,9,,16,,32,,52,,6,,6,,72,,2759,,4848,,6842,,7404,,7119,,8
75,"statue_of_liberty",1,0,,9,,9,,9,,825,,84,,12,,28,,4,,52,,56,,6,,2143,,4271,,5538,,6592,,6671,,7
76,"stonehenge",,6,,6,,6,,4333,,475,,48,,1053,,2105,,3684,,3684,,4211,,5263,,1791,,3117,,4565,,3982,,4464,,5021
77,"summer_palace_beijing",1,0,1,0,,95,,9667,,925,,94,,12,,24,,4,,48,,6,,6,,2143,,3871,,563,,6415,,7279,,7325
78,"sydney_opera_house",1,0,1,0,,95,,9333,,95,,96,,16,,28,,4,,52,,64,,68,,2759,,4375,,563,,6679,,7648,,7961
79,"teotihuacan",1,0,,9,,7,,7333,,725,,78,,2,,32,,4,,56,,64,,64,,3333,,4721,,5091,,6351,,6799,,7031
80,"terracotta_army",,0,,0,,4,,3333,,4,,46,,0,,0,,3,,3,,5,,65,,0,,0,,3429,,3158,,4444,,5387
81,"the_blue_mosque",1,0,,7,,8,,8667,,9,,92,,16,,16,,32,,48,,6,,68,,2759,,2605,,4571,,6178,,72,,782
82,"the_henry_ford",,6,,8,,65,,6667,,675,,7,,12,,28,,32,,48,,56,,68,,2,,4148,,4289,,5581,,6121,,6899
83,"taj_mahal",,8,,9,,85,,9,,9,,92,,12,,24,,4,,56,,56,,64,,2087,,3789,,544,,6904,,6904,,7549
84,"tour_montparnasse",,6,,8,,65,,4333,,4,,36,,1,,3,,35,,35,,4,,4,,1714,,4364,,455,,3872,,4,,3789
85,"tower_bridge_london",,6,,5,,6,,5,,425,,46,,12,,16,,36,,4,,44,,56,,2,,2424,,45,,4444,,4324,,5051
86,"trafalgar_square",,8,,7,,65,,5667,,525,,48,,1364,,2273,,3182,,3636,,4545,,5455,,233,,3431,,4272,,443,,4872,,5106
87,"leaning_tower_of_pisa",,6,,6,,5,,5,,6,,64,,12,,2,,32,,4,,56,,64,,2,,3,,3902,,4444,,5793,,64
88,"hermitage_museum_saint_petersburg",1,0,1,0,,8,,8667,,9,,9,,08,,16,,28,,48,,56,,64,,1481,,2759,,4148,,6178,,6904,,7481
89,"jantar_mantar_jaipur",1,0,,8,,8,,7333,,725,,74,,2,,28,,44,,56,,72,,8,,3333,,4148,,5677,,6351,,7225,,7688
90,"lake_titicaca_peru",,2,,4,,6,,6333,,65,,64,,0417,,125,,2917,,4167,,5833,,625,,069,,1905,,3925,,5026,,6149,,6324
91,"the_great_wall_of_china",1,0,,9,,85,,8667,,8,,78,,2,,32,,44,,52,,56,,64,,3333,,4721,,5798,,65,,6588,,7031
92,"grande_arche_paris",,6,,6,,55,,5667,,625,,66,,08,,12,,28,,28,,36,,48,,1412,,2,,3711,,3748,,4569,,5558
93,"el_angel_mexico",1,0,,8,,75,,7667,,675,,64,,1905,,3333,,5238,,619,,6667,,6667,,32,,4706,,6168,,685,,6708,,6531
94,"bibliotheque_nationale_de_france",1,0,,9,,65,,7667,,725,,74,,2,,24,,32,,44,,52,,6,,3333,,3789,,4289,,5591,,6056,,6627
95,"kronborg_castle",1,0,,7,,75,,7333,,775,,82,,1667,,2083,,4167,,4583,,5833,,625,,2857,,3211,,5357,,5641,,6656,,7093
96,"ajanta_caves",1,0,1,0,,9,,9333,,9,,92,,1364,,2727,,5,,5909,,6364,,6364,,24,,4286,,6429,,7237,,7456,,7523
97,"atomium",1,0,1,0,1,0,,9667,,975,,94,,1905,,2857,,4286,,5238,,5238,,5714,,32,,4444,,6,,6794,,6815,,7108
98,"ellora_caves",1,0,1,0,,95,,9667,,975,,96,,1818,,2273,,3636,,4545,,5,,5455,,3077,,3704,,526,,6183,,661,,6957
99,"potala_palace",,8,,9,,85,,8667,,825,,82,,1667,,2778,,3889,,5,,6667,,7222,,2759,,4245,,5336,,6341,,7374,,768
100,"jokhang",1,0,,8,,8,,8333,,825,,8,,16,,2,,36,,56,,68,,68,,2759,,32,,4966,,6699,,7455,,7351
101,"rila_monastery",1,0,1,0,1,0,,9,,925,,94,,12,,24,,36,,44,,48,,52,,2143,,3871,,5294,,591,,632,,6696
102,"louvre_pyramid",1,0,1,0,,95,,9333,,925,,88,,1667,,1667,,4444,,5,,5,,5556,,2857,,2857,,6056,,6512,,6491,,6811
103,"brooklyn_bridge",,8,,9,,95,,8667,,875,,88,,0476,,1429,,3333,,381,,4762,,5714,,0899,,2466,,4935,,5293,,6167,,6929
104,"tower_of_london",1,0,,8,,7,,7,,725,,7,,1304,,2174,,3043,,3913,,4348,,5652,,2308,,3419,,4242,,502,,5436,,6254
105,"british_museum_london",1,0,1,0,1,0,,9333,,925,,9,,1,,15,,35,,5,,6,,65,,1818,,2609,,5185,,6512,,7279,,7548
106,"buckingham_palace",,4,,5,,45,,3667,,35,,34,,1,,25,,25,,3,,3,,35,,16,,3333,,3214,,33,,3231,,3449
107,"charles_bridge_prague",,4,,4,,7,,5333,,5,,52,,0833,,1667,,2917,,3333,,375,,5,,1379,,2353,,4118,,4103,,4286,,5098
108,"champs_elysees_paris",1,0,,9,,7,,6667,,575,,54,,1333,,2,,2,,3333,,4,,5333,,2353,,3273,,3111,,4444,,4718,,5366
109,"chrysler_building",1,0,1,0,1,0,1,0,1,0,1,0,,2857,,2857,,4286,,5714,,7143,,8571,,4444,,4444,,6,,7273,,8333,,9231
110,"moma_new_york",1,0,,9,,95,,9333,,875,,9,,2105,,2105,,4211,,4211,,4211,,5789,,3478,,3412,,5835,,5803,,5685,,7046
111,"grand_central_terminal",1,0,1,0,1,0,,9667,,975,,96,,0476,,0952,,1905,,5238,,5714,,5714,,0909,,1739,,32,,6794,,7206,,7164
112,"houses_of_parliament",1,0,1,0,1,0,1,0,1,0,,92,,1739,,2609,,4348,,4783,,5217,,5652,,2963,,4138,,6061,,6471,,6857,,7002
113,"alexanderplatz_berlin",,0,,2,,6,,6667,,725,,68,,0,,04,,32,,52,,56,,6,,0,,0667,,4174,,5843,,6319,,6375
114,"centre_pompidou",,8,,7,,7,,6,,625,,6,,1667,,2222,,3889,,4444,,6111,,6667,,2759,,3373,,5,,5106,,618,,6316
115,"sydney_harbour_bridge",1,0,1,0,1,0,1,0,,975,,98,,125,,3125,,375,,5625,,6875,,6875,,2222,,4762,,5455,,72,,8064,,8081
116,"pier_39",1,0,1,0,1,0,,9,,9,,92,,0952,,2857,,4762,,619,,6667,,7143,,1739,,4444,,6452,,7335,,766,,8042
117,"coit_tower",1,0,,9,,7,,7,,7,,72,,2,,2667,,4,,4667,,6,,6,,3333,,4114,,5091,,56,,6462,,6545
118,"st_paul_s_cathedral_london",,8,,9,,9,,8667,,775,,82,,1176,,3529,,5294,,7059,,7059,,7647,,2051,,507,,6667,,7781,,7388,,7914
119,"cloud_gate",,8,,4,,3,,4667,,525,,6,,1667,,1667,,25,,3333,,5,,5833,,2759,,2353,,2727,,3889,,5122,,5915
120,"musee_d_orsay",1,0,1,0,,95,,9667,,95,,94,,1429,,1905,,4762,,4762,,619,,7143,,25,,32,,6344,,6381,,7496,,8117
121,"pike_place_market",1,0,1,0,,85,,9,,875,,88,,1429,,2381,,4286,,4286,,5238,,5714,,25,,3846,,5698,,5806,,6553,,6929
122,"royal_palace_madrid",,8,,8,,9,,9,,825,,84,,1818,,3636,,5455,,6364,,6364,,6818,,2963,,5,,6792,,7456,,7185,,7527
123,"sony_center_berlin",1,0,1,0,,9,,9333,,95,,96,,0952,,2381,,3333,,4286,,4762,,4762,,1739,,3846,,4865,,5874,,6344,,6366
124,"red_square_moscow",1,0,,7,,8,,7,,725,,7,,2381,,2857,,4286,,4286,,5714,,619,,3846,,4058,,5581,,5316,,6391,,657
125,"prague_castle",,8,,9,,8,,8333,,85,,88,,12,,28,,4,,56,,64,,76,,2087,,4271,,5333,,6699,,7302,,8156
126,"musee_du_louvre",1,0,1,0,,95,,9667,,975,,98,,16,,36,,44,,44,,48,,56,,2759,,5294,,6014,,6047,,6433,,7127
127,"millennium_bridge_london",,8,,8,,75,,8333,,8,,8,,12,,2,,36,,4,,48,,56,,2087,,32,,4865,,5405,,6,,6588
128,"casa_mila",1,0,1,0,1,0,,9333,,925,,94,,16,,36,,48,,56,,64,,68,,2759,,5294,,6486,,7,,7565,,7891
129,"national_gallery_london",1,0,1,0,,7,,7333,,775,,66,,1818,,3182,,3636,,5455,,6364,,6364,,3077,,4828,,4786,,6256,,6989,,648
130,"national_mall",1,0,,9,,95,,9667,,95,,92,,16,,32,,56,,68,,76,,76,,2759,,4721,,7046,,7984,,8444,,8324
131,"london_city_hall",,8,,9,,8,,8667,,9,,86,,15,,3,,35,,55,,65,,65,,2526,,45,,487,,6729,,7548,,7404
132,"holocaust_memorial",1,0,1,0,,95,,8333,,75,,64,,1875,,3125,,4375,,5,,5625,,6875,,3158,,4762,,5991,,625,,6429,,6629
133,"columbus_circle",1,0,,9,,85,,6667,,625,,58,,16,,28,,44,,52,,6,,64,,2759,,4271,,5798,,5843,,6122,,6085
134,"siegessaeule",1,0,1,0,1,0,,9,,775,,64,,16,,28,,44,,64,,68,,68,,2759,,4375,,6111,,7481,,7244,,6594
135,"jardin_du_luxembourg",1,0,1,0,1,0,1,0,,925,,88,,12,,28,,48,,64,,76,,84,,2143,,4375,,6486,,7805,,8344,,8595
136,"merlion_singapore",,0,,1,,05,,1333,,3,,42,,0,,0455,,0455,,1818,,4545,,5455,,0,,0625,,0476,,1538,,3614,,4746
137,"harrods_london",1,0,1,0,,95,,9,,825,,86,,2,,24,,36,,52,,6,,76,,3333,,3871,,5221,,6592,,6947,,8069
138,"metropolitan_museum_of_art_new_york",1,0,1,0,1,0,1,0,1,0,,98,,2,,36,,4,,52,,6,,64,,3333,,5294,,5714,,6842,,75,,7743
139,"new_york_stock_exchange",,4,,7,,85,,7,,575,,58,,1,,2,,3,,4,,45,,5,,16,,3111,,4435,,5091,,5049,,537
140,"stephansdom_vienna",1,0,1,0,,95,,9667,,975,,98,,2,,28,,56,,68,,72,,72,,3333,,4375,,7046,,7984,,8283,,8301
141,"hms_belfast",1,0,1,0,1,0,,9667,,975,,98,,16,,24,,36,,44,,56,,72,,2759,,3871,,5294,,6047,,7114,,8301
142,"leicester_square",1,0,,7,,75,,7667,,725,,7,,2,,24,,32,,44,,52,,56,,3333,,3574,,4486,,5591,,6056,,6222
143,"ciudad_de_las_artes_y_las_ciencias",1,0,1,0,1,0,,9667,,95,,96,,16,,28,,36,,48,,52,,64,,2759,,4375,,5294,,6415,,6721,,768
144,"topkapi_palace",1,0,1,0,1,0,,9667,,975,,98,,2,,36,,44,,56,,68,,76,,3333,,5294,,6111,,7092,,8012,,8561
145,"royal_albert_hall",,8,,4,,6,,6667,,575,,6,,12,,12,,28,,28,,36,,52,,2087,,1846,,3818,,3944,,4428,,5571
146,"st_vitus_cathedral",1,0,1,0,1,0,1,0,,925,,92,,16,,28,,4,,56,,64,,64,,2759,,4375,,5714,,7179,,7565,,7549
147,"castello_sforzesco",1,0,1,0,,9,,9,,9,,92,,16,,24,,36,,44,,56,,6,,2759,,3871,,5143,,591,,6904,,7263
148,"rijksmuseum_amsterdam",1,0,1,0,1,0,1,0,,975,,96,,12,,16,,2,,44,,48,,64,,2143,,2759,,3333,,6111,,6433,,768
149,"dam_square",,6,,7,,75,,6333,,575,,64,,12,,2,,36,,4,,52,,6,,2,,3111,,4865,,4903,,5461,,6194
150,"rathaus_vienna",,8,,9,,9,,7333,,65,,66,,16,,2,,28,,36,,52,,64,,2667,,3273,,4271,,4829,,5778,,6498
151,"bath_abbey",1,0,1,0,1,0,1,0,1,0,,94,,16,,32,,48,,52,,64,,72,,2759,,4848,,6486,,6842,,7805,,8154
152,"salisbury_cathedral",1,0,1,0,1,0,1,0,1,0,,96,,12,,2,,32,,36,,4,,52,,2143,,3333,,4848,,5294,,5714,,6746
153,"templo_de_debod",,2,,1,,15,,4333,,45,,48,,0455,,0455,,1364,,3636,,4091,,4545,,0741,,0625,,1429,,3954,,4286,,4669
154,"Niagara_Falls",,8,,7,,7,,6333,,7,,64,,1818,,2727,,3182,,4091,,6818,,6818,,2963,,3925,,4375,,4971,,6908,,6602
155,"Golden_Gate_Bridge_in_San_Francisco",1,0,1,0,,9,,9,,925,,94,,1818,,2727,,4091,,4091,,5909,,6818,,3077,,4286,,5625,,5625,,7211,,7904
156,"Neuschwanstein_Castle",1,0,1,0,,95,,9667,,975,,96,,08,,2,,48,,6,,64,,68,,1481,,3333,,6378,,7404,,7728,,7961
157,"Christ_Church_Cathedral_Missouri",1,0,1,0,1,0,1,0,1,0,,96,,12,,2,,28,,4,,44,,56,,2143,,3333,,4375,,5714,,6111,,7074
158,"Mount_Rushmore_in_South_Dakota",,8,,8,,9,,9,,825,,86,,08,,16,,32,,44,,44,,56,,1455,,2667,,4721,,591,,5739,,6783
159,"Puerta_de_Toledo",,4,,3,,15,,1,,075,,06,1,0,1,0,1,0,1,0,1,0,1,0,,5714,,4615,,2609,,1818,,1395,,1132
160,"Urquhart_Castle",,8,,8,,8,,8333,,825,,86,,125,,25,,375,,5833,,625,,6667,,2162,,381,,5106,,6863,,7112,,7511
161,"Gare_du_Nord_Paris",,2,,6,,7,,8,,7,,66,,04,,2,,2,,28,,36,,48,,0667,,3,,3111,,4148,,4755,,5558
162,"Newgrange_in_Ireland",,8,,7,,75,,7667,,7,,74,,125,,2083,,375,,4167,,4167,,4583,,2162,,3211,,5,,5399,,5224,,5661
163,"Windmills_at_Kinderdijk",,8,,9,,8,,8333,,825,,86,,12,,28,,44,,48,,52,,68,,2087,,4271,,5677,,6091,,6379,,7595
164,"Conciergerie",1,0,,9,,95,,9667,,975,,98,,16,,24,,4,,6,,68,,8,,2759,,3789,,563,,7404,,8012,,8809
165,"Palazzo_Madama",,8,,8,,8,,7333,,65,,68,,1818,,2727,,4545,,5909,,6818,,8182,,2963,,4068,,5797,,6545,,6655,,7427
166,"Split_Rock_Lighthouse",1,0,1,0,1,0,,9,,875,,88,,12,,16,,24,,32,,44,,48,,2143,,2759,,3871,,4721,,5856,,6212
167,"The_Little_Mermaid_Denmark",1,0,1,0,1,0,,9667,,85,,88,,2857,,4286,,6429,,7143,,7143,,7857,,4444,,6,,7826,,8215,,7763,,8302
168,"Great_Pyramid_of_Giza",,6,,6,,55,,7,,6,,58,,2,,4,,5333,,7333,,7333,,8,,3,,48,,5415,,7163,,66,,6725
169,"Pitti_Palace",,6,,8,,85,,9,,85,,78,,1364,,2727,,4545,,5,,5455,,5455,,2222,,4068,,5923,,6429,,6645,,642
170,"Georgia_State_Capitol",,8,,9,,55,,3667,,275,,32,,1579,,2632,,2632,,2632,,2632,,2632,,2637,,4072,,356,,3064,,2689,,2888
171,"Dome_des_Invalides",1,0,1,0,1,0,1,0,1,0,1,0,,12,,24,,44,,44,,52,,64,,2143,,3871,,6111,,6111,,6842,,7805
172,"Reggia_di_Caserta",,0,,4,,45,,5333,,525,,54,,0,,16,,32,,44,,48,,52,,0,,2286,,374,,4822,,5015,,5298
173,"The_Burj_al_Arab_Hotel",1,0,,9,,9,,8333,,775,,82,,16,,2,,36,,44,,48,,56,,2759,,3273,,5143,,5759,,5928,,6655
174,"Elephanta_Caves",1,0,1,0,1,0,,9333,,925,,82,,125,,25,,4583,,5833,,625,,6667,,2222,,4,,6286,,7179,,746,,7354
175,"Basilica_of_Santa_Croce",1,0,1,0,1,0,1,0,1,0,1,0,,16,,28,,48,,56,,64,,64,,2759,,4375,,6486,,7179,,7805,,7805
176,"Aachen_Cathedral",1,0,,9,,85,,8667,,9,,92,,12,,2,,32,,4,,48,,56,,2143,,3273,,465,,5474,,6261,,6962
177,"Monument_to_the_Great_Fire_of_London",,2,,2,,6,,4667,,6,,56,,04,,08,,36,,4,,44,,52,,0667,,1143,,45,,4308,,5077,,5393
178,"Longmen_Grottoes",,6,,7,,6,,6,,6,,62,,12,,28,,4,,56,,6,,64,,2,,4,,48,,5793,,6,,6298
179,"Louisiana_State_Capitol",,6,,4,,45,,3,,3,,34,,12,,16,,28,,28,,36,,44,,2,,2286,,3452,,2897,,3273,,3836
180,"The_Great_Sphinx_at_Giza",1,0,1,0,,85,,9,,9,,92,,16,,28,,44,,56,,64,,68,,2759,,4375,,5798,,6904,,7481,,782
181,"Teatro_Real_Madrid",1,0,,7,,85,,7333,,65,,68,,2174,,3043,,5652,,6522,,6957,,7826,,3571,,4242,,679,,6904,,6721,,7277
182,"Palacio_de_la_Magdalena",,6,,8,,65,,7333,,775,,76,,08,,28,,36,,52,,6,,68,,1412,,4148,,4634,,6085,,6764,,7178
183,"Sowjetisches_Ehrenmal",1,0,,6,,6,,6667,,725,,66,,16,,2,,36,,56,,8,,88,,2759,,3,,45,,6087,,7607,,7543
184,"Cathedral_of_Trier",1,0,1,0,1,0,,9,,925,,88,,2,,24,,52,,64,,8,,84,,3333,,3871,,6842,,7481,,858,,8595
185,"Saint_Mary_of_the_Flower",,6,,3,,2,,1333,,3,,38,,12,,12,,16,,16,,32,,4,,2,,1714,,1778,,1455,,3097,,3897
186,"Skellig_Michael",,4,,6,,65,,7,,7,,7,,08,,24,,44,,52,,6,,6,,1333,,3429,,5248,,5967,,6462,,6462
187,"Chicago_Board_of_Trade_Building",1,0,1,0,,8,,8333,,65,,64,,1818,,2273,,3182,,4091,,4091,,4545,,3077,,3704,,4553,,5488,,5021,,5316
188,"Pont_de_Normandie_France",1,0,1,0,,95,,8667,,85,,76,,2632,,4211,,6316,,7895,,8947,,8947,,4167,,5926,,7587,,8263,,8718,,8219
189,"Palazzo_Rosso",,0,,0,,1,,0667,,1,,08,,0,,0,,0833,,0833,,125,,125,,0,,0,,0909,,0741,,1111,,0976
190,"Piazza_Vittorio_Veneto",,0,,4,,45,,4,,525,,44,,0,,1875,,4375,,5,,8125,,875,,0,,2553,,4437,,4444,,6379,,5856
191,"Sforza_Castle",1,0,1,0,,95,,9667,,925,,92,,16,,24,,32,,44,,52,,6,,2759,,3871,,4787,,6047,,6657,,7263
192,"Torres_KIO",,8,,9,,9,,9333,,825,,8,,16,,24,,36,,44,,48,,56,,2667,,3789,,5143,,5981,,6069,,6588
193,"Torre_Picasso",1,0,1,0,1,0,,7,,65,,68,,1667,,2917,,4583,,5,,5417,,625,,2857,,4516,,6286,,5833,,5909,,6513
194,"The_Palace_of_Parliament_in_Bucharest",1,0,,9,,9,,9333,,925,,88,,2,,28,,36,,52,,64,,68,,3333,,4271,,5143,,6679,,7565,,7672
195,"Ernest_Hemingway_House",1,0,1,0,,95,,8,,8,,8,,16,,24,,4,,44,,52,,6,,2759,,3871,,563,,5677,,6303,,6857
196,"Castel_dellOvo_Napoli",1,0,1,0,,95,,9667,,95,,92,,16,,32,,56,,76,,8,,84,,2759,,4848,,7046,,851,,8686,,8782
197,"Villa_Borghese_gardens",1,0,1,0,1,0,1,0,,975,,98,,12,,28,,48,,6,,64,,76,,2143,,4375,,6486,,75,,7728,,8561
198,"Saint_Marks_Basilica",1,0,1,0,1,0,1,0,1,0,1,0,,2,,28,,32,,32,,4,,44,,3333,,4375,,4848,,4848,,5714,,6111
199,"Mausoleum_of_the_First_Qin_Emperor",,8,,9,,7,,8,,775,,8,,12,,28,,32,,44,,48,,6,,2087,,4271,,4392,,5677,,5928,,6857
200,"Mausoleum_of_Hadrian",,8,,9,,9,,8,,675,,54,,1667,,2778,,3333,,4444,,5,,5,,2759,,4245,,4865,,5714,,5745,,5192
201,"Piazza_de_Ferrari",,8,,7,,85,,8667,,85,,86,,1579,,2632,,3684,,4211,,5789,,6842,,2637,,3825,,514,,5668,,6888,,7621
202,"George_Washington_Carver",,4,,6,,6,,4333,,4,,5,,125,,25,,4375,,5,,625,,6875,,1905,,3529,,506,,4643,,4878,,5789
203,"Cathedral_of_Santiago_de_Compostela",1,0,1,0,1,0,,8667,,85,,8,,2941,,4118,,6471,,7059,,8235,,8824,,4545,,5833,,7857,,7781,,8366,,8392
204,"Saint-Jacques_Tower",1,0,,7,,8,,7667,,775,,76,,2308,,2308,,3846,,4615,,5385,,7692,,375,,3471,,5195,,5762,,6354,,7646
205,"Calakmul_Campeche_Mexico",,8,,9,,95,,8667,,775,,82,,2143,,3571,,6429,,7143,,8571,,8571,,338,,5114,,7668,,7831,,814,,8382
206,"Bran_Castle_in_Transylvania",,8,,9,,9,,9,,9,,88,,2105,,3684,,4211,,4737,,5789,,6316,,3333,,5228,,5737,,6207,,7046,,7354
207,"Mosteiro_da_Batalha",1,0,1,0,1,0,1,0,1,0,1,0,,2632,,3684,,5789,,6842,,7368,,7368,,4167,,5385,,7333,,8125,,8485,,8485
208,"Wartburg_Castle",,8,,8,,9,,9333,,95,,94,,15,,2,,45,,65,,85,,85,,2526,,32,,6,,7663,,8972,,8927
209,"Fujian_Tulou_Fujian_China",1,0,1,0,1,0,,9667,,975,,94,,1667,,2778,,5,,6111,,7222,,8889,,2857,,4348,,6667,,7488,,8298,,9137
210,"Alabama_State_Capitol",,8,,7,,85,,7333,,775,,74,,1429,,2857,,5714,,6667,,7143,,7619,,2424,,4058,,6834,,6984,,7434,,7508
211,"Palazzo_dAccursio",1,0,1,0,,9,,7333,,7,,62,,2778,,3333,,4444,,5,,6111,,6111,,4348,,5,,595,,5946,,6525,,6155
212,"Casa_Grande_Ruins",,4,,6,,7,,6667,,75,,76,,1176,,2941,,3529,,4118,,4706,,5294,,1818,,3947,,4693,,5091,,5783,,6241
213,"Stravinsky_Fountain",,8,,9,,95,,9333,,825,,8,,0667,,2,,3333,,5333,,5333,,5333,,1231,,3273,,4935,,6788,,6479,,64
214,"Angel_Falls_Venezuela",,4,,7,,65,,5667,,6,,58,,1176,,4118,,6471,,7059,,7647,,7647,,1818,,5185,,6485,,6287,,6724,,6597
215,"Statue_of_George_IV",,4,,6,,65,,5333,,4,,42,,25,,375,,625,,75,,75,,875,,3077,,4615,,6373,,6234,,5217,,5676
216,"Palacio_Barolo",1,0,,8,,9,,9333,,95,,94,,2941,,3529,,5294,,5882,,6471,,7059,,4545,,4898,,6667,,7216,,7698,,8063
217,"Bridge_of_Remembrance_Christchurch_New_Zealand",1,0,,8,,9,,8,,65,,54,,25,,4167,,8333,1,0,1,0,1,0,,4,,5479,,8654,,8889,,7879,,7013
218,"John_A._Roebling_Suspension_Bridge",,8,,6,,6,,5333,,5,,54,,2,,3333,,5333,,6667,,6667,,6667,,32,,4286,,5647,,5926,,5714,,5967
219,"Blue_Dome_Santorini",1,0,1,0,,95,,9667,,925,,9,,3125,,375,,5,,6875,,8125,,8125,,4762,,5455,,6552,,8035,,8651,,854
220,"Fossar_de_les_Moreres",,4,,2,,5,,3667,,275,,22,,1429,,1429,,5,,5714,,5714,,5714,,2105,,1667,,5,,4467,,3713,,3177
221,"Luxor_Obelisk_France",,4,,5,,6,,6333,,7,,72,,0625,,125,,25,,3125,,4375,,625,,1081,,2,,3529,,4185,,5385,,6691
222,"Valle_de_los_Caidos",1,0,,9,,9,,9,,9,,92,,25,,35,,5,,5,,55,,7,,4,,504,,6429,,6429,,6828,,7951
--------------------
"--","Avg.",P@5,P@10,P@20,P@30,P@40,P@50,CR@5,CR@10,CR@20,CR@30,CR@40,CR@50,F1@5,F1@10,F1@20,F1@30,F1@40,F1@50
,,,8162,,814,,7977,,7803,,7628,,7561,,1484,,2476,,3928,,4969,,5783,,644,,2439,,3706,,5143,,5931,,6425,,6804