--------------------
"Run name","output_runACCDunnIndex"
--------------------
"Average P@20 = ",,8023
"Average CR@20 = ",,3806
"Average F1@20 = ",,5045
--------------------
"Query Id ","Location name",P@5,P@10,P@20,P@30,P@40,P@50,CR@5,CR@10,CR@20,CR@30,CR@40,CR@50,F1@5,F1@10,F1@20,F1@30,F1@40,F1@50
1,"angel_of_the_north",1,0,1,0,1,0,1,0,1,0,,98,,16,,32,,52,,56,,64,,68,,2759,,4848,,6842,,7179,,7805,,8029
2,"big_ben",,8,,8,,8,,7333,,75,,78,,1818,,3182,,4091,,5,,5,,5455,,2963,,4553,,5414,,5946,,6,,642
3,"hearst_castle",1,0,1,0,,95,,9333,,95,,94,,1667,,3333,,5833,,6667,,7083,,75,,2857,,5,,7228,,7778,,8116,,8343
4,"la_madeleine",,0,,0,,2,,4,,45,,48,,0,,0,,1429,,5,,5714,,8571,,0,,0,,1667,,4444,,5035,,6154
5,"pont_alexandre_iii",1,0,1,0,,95,,9667,,975,,98,,2,,32,,32,,36,,48,,68,,3333,,4848,,4787,,5246,,6433,,8029
6,"neues_museum",,2,,1,,25,,5,,625,,7,,04,,04,,16,,44,,6,,76,,0667,,0571,,1951,,4681,,6122,,7288
7,"montezuma_castle",1,0,,9,,65,,4333,,475,,56,,3333,,5,,5,,5,,5833,,75,,5,,6429,,5652,,4643,,5236,,6412
8,"cn_tower",,4,,5,,55,,6333,,7,,74,,0833,,1667,,2917,,375,,5833,,625,,1379,,25,,3812,,4711,,6364,,6777
9,"acropolis_athens",,8,,8,,85,,8333,,875,,86,,1905,,3333,,4286,,5238,,5238,,5714,,3077,,4706,,5698,,6433,,6553,,6866
10,"agra_fort",,8,,8,,85,,8333,,85,,88,,16,,28,,4,,56,,64,,68,,2667,,4148,,544,,6699,,7302,,7672
11,"albert_memorial",,6,,8,,9,,6333,,675,,72,,0909,,1364,,2273,,2727,,4091,,4545,,1579,,233,,3629,,3813,,5094,,5573
12,"altes_museum",,4,,7,,75,,8333,,7,,68,,0833,,25,,4583,,6667,,7083,,7917,,1379,,3684,,569,,7407,,7041,,7316
13,"amiens_cathedral",1,0,,9,,95,,9667,,95,,94,,16,,32,,56,,76,,84,,88,,2759,,4721,,7046,,851,,8916,,909
14,"angkor_wat",1,0,,9,,75,,8,,85,,82,,2,,32,,48,,52,,64,,64,,3333,,4721,,5854,,6303,,7302,,7189
15,"ara_pacis",1,0,1,0,,75,,6,,65,,68,,2273,,3636,,4545,,5,,6364,,7273,,3704,,5333,,566,,5455,,6431,,7028
16,"arc_de_triomphe",1,0,1,0,,95,,9,,8,,78,,125,,1667,,375,,4583,,5833,,6667,,2222,,2857,,5377,,6074,,6747,,7189
17,"aztec_ruins",,0,,0,,0,,1,,325,,26,,0,,0,,0,,08,,32,,32,,0,,0,,0,,0889,,3225,,2869
18,"berlin_cathedral",1,0,,9,,9,,9333,,875,,88,,12,,28,,48,,64,,64,,64,,2143,,4271,,6261,,7593,,7393,,7411
19,"bok_tower_gardens",1,0,,9,,75,,8,,85,,86,,2,,32,,48,,64,,68,,72,,3333,,4721,,5854,,7111,,7556,,7838
20,"brandenburg_gate",1,0,1,0,1,0,1,0,,975,,98,,12,,24,,28,,44,,44,,52,,2143,,3871,,4375,,6111,,6064,,6795
21,"cabrillo",,0,,3,,25,,1667,,15,,14,,0,,2308,,3077,,3077,,3846,,4615,,0,,2609,,2759,,2162,,2158,,2148
22,"casa_batllo",1,0,1,0,1,0,1,0,1,0,1,0,,2,,24,,36,,52,,68,,72,,3333,,3871,,5294,,6842,,8095,,8372
23,"casa_rosada",1,0,,9,,95,,9333,,925,,92,,2,,28,,44,,56,,68,,76,,3333,,4271,,6014,,7,,7838,,8324
24,"castillo_de_san_marcos",,8,,8,,75,,7667,,7,,74,,12,,24,,4,,52,,56,,6,,2087,,3692,,5217,,6197,,6222,,6627
25,"chartres_cathedral",1,0,1,0,1,0,,9667,,975,,94,,12,,2,,44,,68,,72,,76,,2143,,3333,,6111,,7984,,8283,,8405
26,"chichen_itza",1,0,1,0,,75,,8,,85,,88,,16,,32,,44,,52,,6,,68,,2759,,4848,,5546,,6303,,7034,,7672
27,"christ_the_redeemer_rio",,4,,7,,5,,5667,,525,,54,,087,,2174,,3043,,4348,,4348,,5652,,1429,,3318,,3784,,492,,4757,,5523
28,"civic_center_san_francisco",,8,,7,,8,,8333,,875,,82,,16,,24,,44,,6,,6,,64,,2667,,3574,,5677,,6977,,7119,,7189
29,"cologne_cathedral",1,0,1,0,,95,,9667,,95,,94,,16,,36,,6,,68,,76,,76,,2759,,5294,,7355,,7984,,8444,,8405
30,"colosseum",1,0,1,0,1,0,1,0,1,0,,98,,12,,16,,4,,48,,6,,6,,2143,,2759,,5714,,6486,,75,,7443
31,"doge_s_palace",1,0,1,0,1,0,,8,,725,,78,,12,,2,,32,,44,,48,,48,,2143,,3333,,4848,,5677,,5776,,5943
32,"eiffel_tower",1,0,,8,,85,,8667,,85,,86,,16,,2,,36,,36,,44,,6,,2759,,32,,5058,,5087,,5798,,7068
33,"golden_gate_bridge",1,0,,8,,9,,8667,,85,,86,,1739,,2609,,3913,,4783,,4783,,5652,,2963,,3934,,5455,,6164,,6121,,6821
34,"grand_palais",1,0,,9,,9,,8667,,9,,92,,0455,,1364,,3636,,4091,,5,,5455,,087,,2368,,518,,5558,,6429,,6849
35,"guggenheim_museum_bilbao",1,0,1,0,,9,,9,,925,,92,,2,,32,,4,,52,,52,,6,,3333,,4848,,5538,,6592,,6657,,7263
36,"hagia_sophia_istanbul",1,0,1,0,1,0,1,0,1,0,,94,,12,,2,,32,,48,,52,,6,,2143,,3333,,4848,,6486,,6842,,7325
37,"hoover_dam",,8,,9,,95,,9667,,925,,9,,16,,28,,44,,6,,6,,64,,2667,,4271,,6014,,7404,,7279,,7481
38,"humayun_tomb",,8,,6,,55,,6667,,65,,72,,08,,16,,28,,48,,6,,64,,1455,,2526,,3711,,5581,,624,,6776
39,"iguazu_falls",,4,,7,,8,,8333,,875,,82,,04,,16,,36,,48,,6,,6,,0727,,2605,,4966,,6091,,7119,,693
40,"iolani_palace",1,0,1,0,1,0,,9667,,725,,68,,16,,16,,36,,56,,56,,64,,2759,,2759,,5294,,7092,,6319,,6594
41,"la_mezquita",,8,,7,,65,,6667,,6,,56,,1667,,25,,375,,4583,,5,,5833,,2759,,3684,,4756,,5432,,5455,,5714
42,"la_rambla_barcelona",1,0,1,0,,95,,9333,,925,,92,,16,,2,,36,,48,,6,,6,,2759,,3333,,5221,,634,,7279,,7263
43,"la_sainte_chapelle",1,0,1,0,1,0,,9667,,95,,96,,2,,4,,6,,72,,76,,84,,3333,,5714,,75,,8253,,8444,,896
44,"liberty_memorial",,6,,8,,85,,7667,,725,,74,,08,,12,,24,,36,,44,,52,,1412,,2087,,3743,,4899,,5476,,6108
45,"lincoln_home",1,0,1,0,,9,,9333,,9,,92,,2778,,3333,,5,,6667,,7222,,8333,,4348,,5,,6429,,7778,,8014,,8745
46,"machu_picchu",1,0,1,0,,7,,6667,,675,,68,,16,,28,,4,,44,,48,,6,,2759,,4375,,5091,,5301,,561,,6375
47,"marble_arch_london",,8,,7,,55,,5,,45,,4,,3333,,5,,6667,,75,,75,,8333,,4706,,5833,,6027,,6,,5625,,5405
48,"milan_cathedral",1,0,1,0,,95,,8333,,85,,88,,12,,24,,32,,48,,64,,68,,2143,,3871,,4787,,6091,,7302,,7672
49,"mole_antonelliana",1,0,1,0,,85,,9,,75,,7,,12,,2,,2,,36,,4,,48,,2143,,3333,,3238,,5143,,5217,,5695
50,"mont_saint_michel",1,0,1,0,1,0,1,0,,975,,98,,12,,2,,4,,44,,48,,6,,2143,,3333,,5714,,6111,,6433,,7443
51,"moulin_rouge",,2,,1,,15,,1,,075,,08,,125,,125,,25,,25,,25,,375,,1538,,1111,,1875,,1429,,1154,,1319
52,"nelson_s_column",,8,,9,,95,,9667,,975,,98,,0417,,1667,,2917,,4583,,5417,,5833,,0792,,2812,,4463,,6218,,6964,,7313
53,"notre_dame_de_paris",1,0,,9,,8,,8667,,9,,86,,16,,32,,4,,64,,72,,76,,2759,,4721,,5333,,7363,,8,,8069
54,"obelisco",,2,,2,,1,,0667,,075,,08,,0909,,0909,,0909,,0909,,1818,,1818,,125,,125,,0952,,0769,,1062,,1111
55,"piccadilly_circus",,6,,7,,75,,8,,8,,74,,1304,,3043,,4783,,6087,,6957,,7826,,2143,,4242,,5841,,6914,,7442,,7607
56,"place_de_la_concorde",1,0,1,0,1,0,1,0,,975,,98,,12,,16,,28,,44,,56,,64,,2143,,2759,,4375,,6111,,7114,,7743
57,"place_de_la_republique",,2,,4,,35,,3333,,25,,2,,125,,375,,625,,75,,75,,75,,1538,,3871,,4487,,4615,,375,,3158
58,"place_des_vosges",1,0,,7,,75,,8333,,875,,9,,08,,12,,24,,4,,52,,68,,1481,,2049,,3636,,5405,,6523,,7747
59,"pont_du_gard",,8,,8,,9,,9,,925,,78,,12,,16,,36,,44,,6,,6,,2087,,2667,,5143,,591,,7279,,6783
60,"pont_neuf",1,0,1,0,,9,,8667,,875,,74,,12,,24,,4,,56,,64,,64,,2143,,3871,,5538,,6804,,7393,,6864
61,"ponte_vecchio",1,0,,9,,95,,9,,925,,86,,125,,1667,,3333,,4583,,5417,,5833,,2222,,2812,,4935,,6074,,6832,,6952
62,"puerta_de_alcala",,2,,2,,35,,4667,,55,,6,,0526,,1053,,3158,,3158,,4737,,6316,,0833,,1379,,332,,3767,,509,,6154
63,"puerta_del_sol",,8,,9,,65,,6333,,475,,4,,1,,25,,3,,4,,4,,4,,1778,,3913,,4105,,4903,,4343,,4
64,"red_fort",1,0,1,0,1,0,1,0,1,0,1,0,,16,,32,,4,,6,,72,,76,,2759,,4848,,5714,,75,,8372,,8636
65,"reims_cathedral",1,0,1,0,1,0,1,0,1,0,1,0,,16,,2,,4,,48,,52,,56,,2759,,3333,,5714,,6486,,6842,,7179
66,"rialto_bridge",1,0,1,0,,95,,7667,,75,,7,,125,,25,,4375,,4375,,6875,,6875,,2222,,4,,5991,,5571,,7174,,6937
67,"roman_forum_rome",,6,,7,,8,,8,,675,,72,,12,,16,,4,,48,,48,,6,,2,,2605,,5333,,6,,561,,6545
68,"sacre_coeur",,6,,4,,55,,5667,,625,,64,,125,,1667,,3333,,3333,,4583,,4583,,2069,,2353,,4151,,4198,,5288,,5341
69,"sagrada_familia",,8,,9,,95,,9333,,95,,94,,12,,24,,4,,48,,56,,6,,2087,,3789,,563,,634,,7046,,7325
70,"santa_maria_novella",,8,,5,,3,,5333,,625,,62,,12,,16,,2,,36,,44,,48,,2087,,2424,,24,,4299,,5164,,5411
71,"schonbrunn_palace",1,0,1,0,1,0,,9667,,975,,98,,12,,24,,48,,48,,52,,56,,2143,,3871,,6486,,6415,,6783,,7127
72,"seville_cathedral",,8,,9,,85,,8667,,9,,92,,12,,28,,48,,6,,72,,72,,2087,,4271,,6135,,7091,,8,,8078
73,"spanish_steps",1,0,1,0,,75,,7333,,675,,68,,0909,,1818,,3636,,5455,,5909,,6364,,1667,,3077,,4898,,6256,,6302,,6575
74,"st__basil_cathedral",1,0,1,0,1,0,,8667,,875,,86,,16,,32,,48,,52,,52,,52,,2759,,4848,,6486,,65,,6523,,6481
75,"statue_of_liberty",1,0,1,0,,95,,9,,8,,8,,12,,16,,32,,44,,48,,56,,2143,,2759,,4787,,591,,6,,6588
76,"stonehenge",1,0,,7,,7,,7333,,6,,52,,1579,,2105,,3158,,5263,,5263,,5789,,2727,,3237,,4352,,6128,,5607,,5479
77,"summer_palace_beijing",1,0,,8,,9,,9333,,8,,82,,12,,24,,44,,6,,72,,76,,2143,,3692,,591,,7304,,7579,,7889
78,"sydney_opera_house",1,0,1,0,,95,,9667,,975,,9,,16,,28,,4,,44,,48,,56,,2759,,4375,,563,,6047,,6433,,6904
79,"teotihuacan",,8,,7,,65,,5667,,6,,6,,16,,2,,4,,44,,52,,64,,2667,,3111,,4952,,4954,,5571,,6194
80,"terracotta_army",,8,,9,,8,,5333,,4,,38,,2,,4,,5,,5,,5,,5,,32,,5538,,6154,,5161,,4444,,4318
81,"the_blue_mosque",,6,,8,,85,,8667,,9,,9,,08,,16,,28,,4,,52,,6,,1412,,2667,,4212,,5474,,6592,,72
82,"the_henry_ford",1,0,1,0,,95,,7333,,625,,68,,12,,28,,36,,36,,48,,56,,2143,,4375,,5221,,4829,,543,,6142
83,"taj_mahal",1,0,,9,,8,,8667,,9,,9,,2,,24,,44,,48,,48,,68,,3333,,3789,,5677,,6178,,6261,,7747
84,"tour_montparnasse",,6,,6,,4,,3333,,3,,34,,15,,3,,4,,5,,55,,6,,24,,4,,4,,4,,3882,,434
85,"tower_bridge_london",1,0,1,0,,75,,6333,,65,,62,,16,,2,,36,,44,,52,,52,,2759,,3333,,4865,,5193,,5778,,5656
86,"trafalgar_square",,6,,4,,5,,4333,,45,,44,,1364,,1818,,2727,,3182,,4545,,5,,2222,,25,,3529,,3669,,4523,,4681
87,"leaning_tower_of_pisa",,6,,5,,45,,4667,,425,,46,,12,,16,,24,,36,,4,,44,,2,,2424,,313,,4065,,4121,,4498
88,"hermitage_museum_saint_petersburg",1,0,1,0,,9,,7,,775,,82,,12,,24,,32,,36,,48,,6,,2143,,3871,,4721,,4755,,5928,,693
89,"jantar_mantar_jaipur",1,0,,8,,9,,9333,,95,,9,,2,,32,,48,,68,,76,,8,,3333,,4571,,6261,,7868,,8444,,8471
90,"lake_titicaca_peru",,4,,5,,55,,5,,475,,48,,0417,,1667,,2917,,375,,5,,5417,,0755,,25,,3812,,4286,,4872,,509
91,"the_great_wall_of_china",,8,,9,,75,,8333,,85,,88,,12,,2,,36,,44,,52,,6,,2087,,3273,,4865,,5759,,6453,,7135
92,"grande_arche_paris",,8,,7,,65,,6,,6,,68,,12,,2,,28,,32,,32,,4,,2087,,3111,,3914,,4174,,4174,,5037
93,"el_angel_mexico",1,0,1,0,,8,,7333,,625,,62,,1905,,2857,,381,,5714,,619,,6667,,32,,4444,,5161,,6423,,622,,6425
94,"bibliotheque_nationale_de_france",,4,,6,,75,,7667,,725,,7,,08,,12,,2,,32,,4,,48,,1333,,2,,3158,,4515,,5156,,5695
95,"kronborg_castle",,6,,5,,7,,7333,,65,,64,,125,,2083,,375,,5417,,5417,,5833,,2069,,2941,,4884,,6231,,5909,,6104
96,"ajanta_caves",,8,,7,,8,,8667,,9,,92,,1364,,2273,,4091,,5,,5909,,6364,,233,,3431,,5414,,6341,,7134,,7523
97,"atomium",,8,,9,,95,,9667,,975,,96,,1429,,381,,381,,4286,,4286,,4286,,2424,,5353,,5438,,5939,,5954,,5926
98,"ellora_caves",1,0,1,0,,95,,9667,,975,,98,,2273,,2273,,3636,,5909,,5909,,5909,,3704,,3704,,526,,7335,,7358,,7373
99,"potala_palace",1,0,,9,,9,,8333,,825,,76,,2222,,3889,,6667,,6667,,7222,,7778,,3636,,5431,,766,,7407,,7702,,7688
100,"jokhang",,8,,7,,75,,8333,,825,,84,,12,,16,,32,,52,,56,,68,,2087,,2605,,4486,,6404,,6671,,7516
101,"rila_monastery",1,0,1,0,,95,,9,,925,,92,,12,,24,,32,,36,,48,,52,,2143,,3871,,4787,,5143,,632,,6644
102,"louvre_pyramid",1,0,1,0,1,0,,9333,,925,,94,,1111,,2222,,4444,,4444,,5556,,6111,,2,,3636,,6154,,6022,,6942,,7407
103,"brooklyn_bridge",1,0,,9,,95,,8667,,825,,86,,0476,,1905,,3333,,381,,4762,,5238,,0909,,3144,,4935,,5293,,6038,,6511
104,"tower_of_london",,8,,8,,8,,7667,,725,,7,,1304,,2609,,4783,,5652,,5652,,6957,,2243,,3934,,5986,,6507,,6352,,6978
105,"british_museum_london",1,0,1,0,1,0,1,0,,95,,96,,2,,3,,4,,5,,55,,6,,3333,,4615,,5714,,6667,,6967,,7385
106,"buckingham_palace",,4,,6,,35,,3667,,35,,34,,1,,2,,2,,3,,35,,4,,16,,3,,2545,,33,,35,,3676
107,"charles_bridge_prague",,8,,9,,9,,7333,,7,,66,,1667,,25,,3333,,4167,,4583,,5417,,2759,,3913,,4865,,5314,,554,,595
108,"champs_elysees_paris",,6,,6,,65,,6,,6,,66,,1333,,2,,2667,,4,,5333,,5333,,2182,,3,,3782,,48,,5647,,5899
109,"chrysler_building",1,0,1,0,1,0,1,0,1,0,1,0,,1429,,2857,,5,,5714,,7143,,9286,,25,,4444,,6667,,7273,,8333,,963
110,"moma_new_york",,6,,7,,85,,9,,925,,9,,1053,,1579,,2632,,4211,,5789,,5789,,1791,,2577,,4019,,5737,,7122,,7046
111,"grand_central_terminal",1,0,1,0,1,0,1,0,1,0,,96,,0952,,2381,,2381,,2857,,381,,5238,,1739,,3846,,3846,,4444,,5517,,6778
112,"houses_of_parliament",1,0,1,0,1,0,1,0,1,0,1,0,,1304,,2174,,2609,,3478,,3913,,4348,,2308,,3571,,4138,,5161,,5625,,6061
113,"alexanderplatz_berlin",,6,,5,,65,,6667,,725,,72,,12,,16,,4,,48,,52,,56,,2,,2424,,4952,,5581,,6056,,63
114,"centre_pompidou",1,0,,9,,8,,7,,725,,72,,1111,,2778,,4444,,4444,,6111,,7222,,2,,4245,,5714,,5437,,6632,,7211
115,"sydney_harbour_bridge",1,0,1,0,1,0,1,0,1,0,1,0,,25,,25,,4375,,5625,,5625,,5625,,4,,4,,6087,,72,,72,,72
116,"pier_39",1,0,1,0,,95,,9667,,975,,9,,1905,,2381,,381,,5238,,619,,6667,,32,,3846,,5438,,6794,,7573,,766
117,"coit_tower",1,0,,9,,8,,7667,,725,,7,,1333,,2,,3333,,4667,,5333,,6667,,2353,,3273,,4706,,5802,,6146,,6829
118,"st_paul_s_cathedral_london",1,0,1,0,1,0,1,0,,9,,86,,2353,,2941,,4706,,6471,,6471,,8235,,381,,4545,,64,,7857,,7529,,8414
119,"cloud_gate",,6,,4,,55,,6,,6,,58,,1667,,1667,,5,,5,,5,,5,,2609,,2353,,5238,,5455,,5455,,537
120,"musee_d_orsay",1,0,1,0,,85,,8667,,9,,92,,0952,,1429,,3333,,5238,,5714,,6667,,1739,,25,,4789,,653,,699,,7731
121,"pike_place_market",1,0,,9,,85,,8,,8,,84,,1905,,3333,,4762,,4762,,5238,,5714,,32,,4865,,6104,,597,,6331,,6802
122,"royal_palace_madrid",,6,,8,,9,,8667,,775,,78,,1364,,2273,,4091,,4091,,4545,,5455,,2222,,354,,5625,,5558,,573,,642
123,"sony_center_berlin",1,0,,9,,9,,8667,,9,,9,,1429,,2857,,4286,,5238,,5714,,5714,,25,,4337,,5806,,653,,699,,699
124,"red_square_moscow",,8,,8,,7,,6333,,675,,7,,1429,,1905,,3333,,381,,4762,,619,,2424,,3077,,4516,,4757,,5584,,657
125,"prague_castle",1,0,,9,,95,,9333,,9,,84,,16,,24,,4,,56,,64,,64,,2759,,3789,,563,,7,,7481,,7265
126,"musee_du_louvre",1,0,1,0,1,0,1,0,1,0,,98,,16,,16,,36,,44,,56,,64,,2759,,2759,,5294,,6111,,7179,,7743
127,"millennium_bridge_london",1,0,,8,,7,,7,,775,,82,,2,,32,,36,,36,,52,,52,,3333,,4571,,4755,,4755,,6224,,6364
128,"casa_mila",,8,,8,,9,,8667,,9,,92,,08,,24,,52,,52,,52,,6,,1455,,3692,,6592,,65,,6592,,7263
129,"national_gallery_london",1,0,1,0,,85,,5667,,625,,68,,1818,,2727,,4091,,4091,,5,,6364,,3077,,4286,,5523,,4752,,5556,,6575
130,"national_mall",1,0,1,0,1,0,1,0,,925,,92,,2,,28,,44,,6,,6,,68,,3333,,4375,,6111,,75,,7279,,782
131,"london_city_hall",1,0,1,0,1,0,,9667,,925,,92,,2,,4,,5,,5,,55,,6,,3333,,5714,,6667,,6591,,6898,,7263
132,"holocaust_memorial",,8,,9,,8,,7,,7,,7,,125,,3125,,4375,,5,,5625,,625,,2162,,4639,,5657,,5833,,6238,,6604
133,"columbus_circle",,4,,7,,8,,7667,,675,,6,,08,,2,,44,,6,,68,,68,,1333,,3111,,5677,,6732,,6775,,6375
134,"siegessaeule",1,0,1,0,1,0,1,0,,775,,68,,16,,2,,48,,64,,68,,72,,2759,,3333,,6486,,7805,,7244,,6994
135,"jardin_du_luxembourg",1,0,1,0,1,0,,9667,,95,,94,,2,,28,,48,,6,,8,,8,,3333,,4375,,6486,,7404,,8686,,8644
136,"merlion_singapore",,0,,2,,1,,1667,,2,,18,,0,,0909,,0909,,2273,,3182,,3636,,0,,125,,0952,,1923,,2456,,2408
137,"harrods_london",1,0,1,0,1,0,,8667,,775,,78,,16,,24,,44,,56,,6,,64,,2759,,3871,,6111,,6804,,6764,,7031
138,"metropolitan_museum_of_art_new_york",1,0,1,0,1,0,,9,,925,,94,,16,,24,,4,,44,,52,,6,,2759,,3871,,5714,,591,,6657,,7325
139,"new_york_stock_exchange",,4,,7,,85,,6667,,55,,54,,1,,2,,3,,4,,45,,55,,16,,3111,,4435,,5,,495,,545
140,"stephansdom_vienna",1,0,1,0,1,0,1,0,1,0,1,0,,12,,28,,48,,56,,6,,68,,2143,,4375,,6486,,7179,,75,,8095
141,"hms_belfast",1,0,1,0,1,0,1,0,1,0,,96,,12,,16,,32,,44,,52,,56,,2143,,2759,,4848,,6111,,6842,,7074
142,"leicester_square",1,0,1,0,,9,,8,,8,,8,,12,,16,,24,,32,,44,,48,,2143,,2759,,3789,,4571,,5677,,6
143,"ciudad_de_las_artes_y_las_ciencias",1,0,,9,,9,,9,,925,,92,,16,,28,,36,,48,,6,,6,,2759,,4271,,5143,,6261,,7279,,7263
144,"topkapi_palace",1,0,,9,,95,,9667,,95,,96,,16,,28,,52,,56,,64,,76,,2759,,4271,,6721,,7092,,7648,,8484
145,"royal_albert_hall",1,0,1,0,,95,,7,,775,,76,,12,,16,,4,,44,,44,,48,,2143,,2759,,563,,5404,,5613,,5884
146,"st_vitus_cathedral",,8,,9,,95,,9667,,975,,96,,16,,28,,32,,52,,52,,6,,2667,,4271,,4787,,6762,,6783,,7385
147,"castello_sforzesco",1,0,1,0,,9,,8667,,9,,9,,12,,24,,32,,4,,52,,52,,2143,,3871,,4721,,5474,,6592,,6592
148,"rijksmuseum_amsterdam",1,0,1,0,1,0,1,0,1,0,1,0,,16,,28,,36,,48,,64,,72,,2759,,4375,,5294,,6486,,7805,,8372
149,"dam_square",1,0,,9,,75,,6333,,55,,54,,16,,28,,32,,36,,48,,52,,2759,,4271,,4486,,4591,,5126,,5298
150,"rathaus_vienna",1,0,1,0,1,0,,9,,85,,7,,16,,16,,16,,2,,32,,36,,2759,,2759,,2759,,3273,,465,,4755
151,"bath_abbey",1,0,1,0,1,0,,9667,,975,,98,,2,,32,,4,,52,,56,,64,,3333,,4848,,5714,,6762,,7114,,7743
152,"salisbury_cathedral",1,0,1,0,1,0,1,0,1,0,1,0,,16,,2,,28,,28,,48,,52,,2759,,3333,,4375,,4375,,6486,,6842
153,"templo_de_debod",,0,,3,,35,,2333,,325,,46,,0,,0909,,1818,,1818,,3182,,3182,,0,,1395,,2393,,2044,,3216,,3762
154,"Niagara_Falls",,6,,7,,55,,6,,625,,56,,1364,,2273,,2727,,3636,,4091,,4545,,2222,,3431,,3646,,4528,,4945,,5018
155,"Golden_Gate_Bridge_in_San_Francisco",1,0,1,0,1,0,,9667,,975,,98,,0909,,2273,,3636,,4545,,6364,,7273,,1667,,3704,,5333,,6183,,7701,,8349
156,"Neuschwanstein_Castle",1,0,1,0,1,0,1,0,,975,,98,,12,,24,,44,,6,,68,,68,,2143,,3871,,6111,,75,,8012,,8029
157,"Christ_Church_Cathedral_Missouri",1,0,1,0,1,0,1,0,1,0,1,0,,16,,32,,52,,56,,56,,6,,2759,,4848,,6842,,7179,,7179,,75
158,"Mount_Rushmore_in_South_Dakota",,8,,8,,9,,9333,,95,,96,,12,,16,,28,,4,,52,,64,,2087,,2667,,4271,,56,,6721,,768
159,"Puerta_de_Toledo",,0,,1,,05,,0667,,05,,04,,0,,5,,5,1,0,1,0,1,0,,0,,1667,,0909,,125,,0952,,0769
160,"Urquhart_Castle",1,0,,9,,85,,7667,,775,,82,,1667,,25,,375,,4583,,5833,,6667,,2857,,3913,,5204,,5737,,6656,,7354
161,"Gare_du_Nord_Paris",,8,,8,,65,,7667,,825,,86,,16,,2,,24,,28,,32,,32,,2667,,32,,3506,,4102,,4611,,4664
162,"Newgrange_in_Ireland",,4,,7,,7,,7,,7,,68,,0833,,125,,375,,5,,5,,5,,1379,,2121,,4884,,5833,,5833,,5763
163,"Windmills_at_Kinderdijk",1,0,1,0,1,0,,9667,,925,,92,,2,,24,,44,,52,,68,,72,,3333,,3871,,6111,,6762,,7838,,8078
164,"Conciergerie",,8,,9,,95,,9667,,975,,98,,08,,24,,44,,56,,64,,72,,1455,,3789,,6014,,7092,,7728,,8301
165,"Palazzo_Madama",1,0,1,0,,85,,8667,,75,,74,,2273,,4091,,5455,,5909,,5909,,6818,,3704,,5806,,6645,,7027,,661,,7097
166,"Split_Rock_Lighthouse",1,0,,8,,85,,8667,,85,,82,,2,,24,,32,,52,,64,,64,,3333,,3692,,465,,65,,7302,,7189
167,"The_Little_Mermaid_Denmark",1,0,1,0,,95,,9333,,95,,92,,2857,,2857,,5,,7143,,8571,,9286,,4444,,4444,,6552,,8092,,9012,,9243
168,"Great_Pyramid_of_Giza",,6,,6,,6,,6667,,65,,62,,2,,3333,,5333,,5333,,5333,,6667,,3,,4286,,5647,,5926,,5859,,6425
169,"Pitti_Palace",,8,,9,,85,,9,,9,,84,,1364,,2273,,4545,,5455,,5455,,5455,,233,,3629,,5923,,6792,,6792,,6614
170,"Georgia_State_Capitol",1,0,,9,,9,,6,,475,,38,,1579,,2105,,2632,,2632,,2632,,2632,,2727,,3412,,4072,,3659,,3387,,311
171,"Dome_des_Invalides",1,0,1,0,1,0,,9667,,975,,98,,16,,24,,4,,4,,44,,44,,2759,,3871,,5714,,5659,,6064,,6073
172,"Reggia_di_Caserta",1,0,,7,,55,,6,,475,,52,,16,,24,,36,,48,,52,,52,,2759,,3574,,4352,,5333,,4965,,52
173,"The_Burj_al_Arab_Hotel",,8,,7,,75,,8333,,875,,82,,12,,2,,4,,44,,48,,48,,2087,,3111,,5217,,5759,,6199,,6055
174,"Elephanta_Caves",,8,,8,,8,,8667,,875,,84,,1667,,25,,4167,,4583,,5417,,625,,2759,,381,,5479,,5996,,6691,,7167
175,"Basilica_of_Santa_Croce",1,0,1,0,1,0,1,0,1,0,1,0,,12,,16,,2,,52,,64,,64,,2143,,2759,,3333,,6842,,7805,,7805
176,"Aachen_Cathedral",1,0,,9,,8,,8667,,9,,9,,16,,24,,36,,44,,52,,6,,2759,,3789,,4966,,5837,,6592,,72
177,"Monument_to_the_Great_Fire_of_London",1,0,,7,,6,,5,,425,,48,,2,,2,,28,,36,,4,,52,,3333,,3111,,3818,,4186,,4121,,4992
178,"Longmen_Grottoes",,6,,8,,85,,7333,,675,,68,,12,,32,,44,,56,,68,,76,,2,,4571,,5798,,6351,,6775,,7178
179,"Louisiana_State_Capitol",,4,,3,,25,,2,,25,,22,,08,,12,,16,,2,,28,,28,,1333,,1714,,1951,,2,,2642,,2464
180,"The_Great_Sphinx_at_Giza",1,0,1,0,,85,,8667,,85,,88,,12,,2,,28,,36,,56,,64,,2143,,3333,,4212,,5087,,6752,,7411
181,"Teatro_Real_Madrid",1,0,1,0,1,0,1,0,,825,,68,,1739,,3478,,5652,,7391,,7826,,7826,,2963,,5161,,7222,,85,,8032,,7277
182,"Palacio_de_la_Magdalena",,6,,7,,8,,8333,,85,,82,,12,,24,,4,,48,,64,,68,,2,,3574,,5333,,6091,,7302,,7435
183,"Sowjetisches_Ehrenmal",,6,,3,,55,,6333,,65,,72,,12,,12,,32,,44,,6,,68,,2,,1714,,4046,,5193,,624,,6994
184,"Cathedral_of_Trier",1,0,1,0,1,0,1,0,,975,,92,,2,,28,,44,,6,,72,,76,,3333,,4375,,6111,,75,,8283,,8324
185,"Saint_Mary_of_the_Flower",,2,,1,,1,,1333,,125,,1,,04,,04,,08,,12,,16,,16,,0667,,0571,,0889,,1263,,1404,,1231
186,"Skellig_Michael",,8,,8,,75,,7,,675,,72,,16,,28,,52,,72,,72,,72,,2667,,4148,,6142,,7099,,6968,,72
187,"Chicago_Board_of_Trade_Building",,8,,7,,8,,8667,,775,,72,,1818,,2273,,4545,,5455,,5909,,7273,,2963,,3431,,5797,,6695,,6705,,7236
188,"Pont_de_Normandie_France",1,0,1,0,1,0,,9667,,975,,98,,1579,,3684,,5789,,6842,,7895,,8421,,2727,,5385,,7333,,8013,,8725,,9058
189,"Palazzo_Rosso",,0,,0,,0,,0,,075,,08,,0,,0,,0,,0,,0833,,125,,0,,0,,0,,0,,0789,,0976
190,"Piazza_Vittorio_Veneto",1,0,1,0,,75,,5333,,425,,38,,1875,,375,,4375,,5,,5,,5625,,3158,,5455,,5526,,5161,,4595,,4536
191,"Sforza_Castle",1,0,1,0,,95,,9333,,95,,96,,16,,32,,44,,56,,68,,72,,2759,,4848,,6014,,7,,7926,,8229
192,"Torres_KIO",1,0,1,0,,9,,9333,,925,,94,,16,,28,,4,,44,,52,,56,,2759,,4375,,5538,,5981,,6657,,7019
193,"Torre_Picasso",1,0,1,0,,9,,8667,,875,,84,,1667,,25,,4583,,5,,6667,,75,,2857,,4,,6074,,6341,,7568,,7925
194,"The_Palace_of_Parliament_in_Bucharest",1,0,,9,,95,,9667,,95,,96,,2,,2,,24,,24,,44,,68,,3333,,3273,,3832,,3845,,6014,,7961
195,"Ernest_Hemingway_House",,8,,9,,85,,9,,825,,76,,16,,28,,44,,56,,6,,64,,2667,,4271,,5798,,6904,,6947,,6949
196,"Castel_dellOvo_Napoli",1,0,,9,,9,,8333,,85,,88,,16,,28,,52,,6,,68,,68,,2759,,4271,,6592,,6977,,7556,,7672
197,"Villa_Borghese_gardens",1,0,1,0,1,0,1,0,1,0,1,0,,16,,28,,48,,68,,72,,84,,2759,,4375,,6486,,8095,,8372,,913
198,"Saint_Marks_Basilica",1,0,1,0,1,0,1,0,1,0,1,0,,16,,24,,4,,4,,4,,4,,2759,,3871,,5714,,5714,,5714,,5714
199,"Mausoleum_of_the_First_Qin_Emperor",1,0,,9,,9,,8667,,825,,82,,08,,2,,32,,44,,56,,76,,1481,,3273,,4721,,5837,,6671,,7889
200,"Mausoleum_of_Hadrian",1,0,1,0,,9,,9,,875,,9,,1111,,2778,,4444,,5,,5556,,6111,,2,,4348,,595,,6429,,6796,,7279
201,"Piazza_de_Ferrari",1,0,1,0,1,0,,9667,,95,,94,,1579,,2632,,3684,,4737,,5263,,5263,,2727,,4167,,5385,,6358,,6774,,6748
202,"George_Washington_Carver",,2,,6,,75,,8,,7,,7,,0625,,1875,,375,,5,,5625,,625,,0952,,2857,,5,,6154,,6238,,6604
203,"Cathedral_of_Santiago_de_Compostela",1,0,1,0,1,0,,9,,85,,84,,1765,,2941,,4118,,6471,,7647,,7647,,3,,4545,,5833,,7529,,8051,,8006
204,"Saint-Jacques_Tower",,8,,9,,85,,8333,,8,,74,,2308,,3077,,3077,,3077,,4615,,4615,,3582,,4586,,4518,,4494,,5854,,5685
205,"Calakmul_Campeche_Mexico",,8,,8,,7,,7667,,8,,76,,2143,,3571,,5,,6429,,7857,,9286,,338,,4938,,5833,,6993,,7928,,8359
206,"Bran_Castle_in_Transylvania",1,0,,9,,85,,9,,9,,9,,1579,,2632,,3158,,3684,,4737,,6842,,2727,,4072,,4605,,5228,,6207,,7774
207,"Mosteiro_da_Batalha",1,0,1,0,1,0,1,0,1,0,1,0,,2632,,2632,,4211,,5789,,6842,,7368,,4167,,4167,,5926,,7333,,8125,,8485
208,"Wartburg_Castle",1,0,1,0,,95,,9333,,9,,92,,15,,3,,5,,6,,65,,75,,2609,,4615,,6552,,7304,,7548,,8263
209,"Fujian_Tulou_Fujian_China",1,0,1,0,1,0,1,0,1,0,,98,,1667,,3333,,3889,,6111,,6667,,7222,,2857,,5,,56,,7586,,8,,8316
210,"Alabama_State_Capitol",1,0,,8,,75,,7333,,775,,74,,2381,,3333,,5238,,5238,,619,,6667,,3846,,4706,,6168,,6111,,6883,,7014
211,"Palazzo_dAccursio",,4,,7,,8,,8,,7,,6,,1111,,2778,,2778,,4444,,5556,,6111,,1739,,3977,,4124,,5714,,6195,,6055
212,"Casa_Grande_Ruins",,8,,9,,8,,8,,825,,84,,2353,,2941,,3529,,4118,,4706,,4706,,3636,,4433,,4898,,5437,,5993,,6032
213,"Stravinsky_Fountain",1,0,1,0,1,0,1,0,1,0,,96,,2,,2667,,4667,,5333,,6,,6,,3333,,4211,,6364,,6957,,75,,7385
214,"Angel_Falls_Venezuela",,8,,8,,6,,5667,,525,,56,,1765,,3529,,4118,,5882,,5882,,6471,,2892,,4898,,4884,,5772,,5548,,6004
215,"Statue_of_George_IV",1,0,,9,,6,,6,,525,,48,,5,,5,,5,,75,,75,,875,,6667,,6429,,5455,,6667,,6176,,6199
216,"Palacio_Barolo",,8,,7,,8,,8667,,9,,92,,2353,,2353,,4118,,4706,,5882,,5882,,3636,,3522,,5437,,61,,7115,,7176
217,"Bridge_of_Remembrance_Christchurch_New_Zealand",,6,,5,,55,,5667,,6,,56,,25,,3333,,5,,75,,9167,,9167,,3529,,4,,5238,,6456,,7253,,6953
218,"John_A._Roebling_Suspension_Bridge",,8,,7,,45,,4,,475,,5,,2667,,3333,,4667,,6,,7333,,7333,,4,,4516,,4582,,48,,5766,,5946
219,"Blue_Dome_Santorini",1,0,,9,,9,,9333,,95,,96,,3125,,375,,5,,5625,,6875,,75,,4762,,5294,,6429,,7019,,7977,,8421
220,"Fossar_de_les_Moreres",,4,,2,,3,,4,,375,,4,,0714,,0714,,2857,,5,,5,,5714,,1212,,1053,,2927,,4444,,4286,,4706
221,"Luxor_Obelisk_France",,8,,8,,8,,8333,,8,,78,,125,,1875,,3125,,375,,375,,375,,2162,,3038,,4494,,5172,,5106,,5065
222,"Valle_de_los_Caidos",1,0,1,0,,85,,9,,9,,88,,25,,4,,45,,6,,65,,65,,4,,5714,,5885,,72,,7548,,7477
--------------------
"--","Avg.",P@5,P@10,P@20,P@30,P@40,P@50,CR@5,CR@10,CR@20,CR@30,CR@40,CR@50,F1@5,F1@10,F1@20,F1@30,F1@40,F1@50
,,,8306,,823,,8023,,7878,,7764,,7694,,1465,,2429,,3806,,4828,,5577,,6161,,2453,,3669,,5045,,5841,,6344,,6682