--------------------
"Run name","output_runCOSINESilhouette"
--------------------
"Average P@20 = ",,7581
"Average CR@20 = ",,4246
"Average F1@20 = ",,5337
--------------------
"Query Id ","Location name",P@5,P@10,P@20,P@30,P@40,P@50,CR@5,CR@10,CR@20,CR@30,CR@40,CR@50,F1@5,F1@10,F1@20,F1@30,F1@40,F1@50
1,"angel_of_the_north",1,0,1,0,1,0,1,0,1,0,1,0,,16,,24,,4,,52,,56,,76,,2759,,3871,,5714,,6842,,7179,,8636
2,"big_ben",,8,,7,,75,,8333,,875,,84,,1364,,2273,,3636,,5909,,5909,,6364,,233,,3431,,4898,,6915,,7054,,7241
3,"hearst_castle",,8,,9,,85,,8333,,875,,86,,1667,,2917,,5,,625,,75,,7917,,2759,,4406,,6296,,7143,,8077,,8244
4,"la_madeleine",,2,,2,,15,,1333,,225,,32,,0714,,1429,,2143,,2857,,4286,,5714,,1053,,1667,,1765,,1818,,2951,,4103
5,"pont_alexandre_iii",1,0,1,0,,8,,8333,,85,,8,,16,,36,,44,,6,,72,,8,,2759,,5294,,5677,,6977,,7796,,8
6,"neues_museum",,2,,6,,7,,6333,,575,,54,,04,,24,,48,,56,,6,,6,,0667,,3429,,5695,,5944,,5872,,5684
7,"montezuma_castle",,8,,7,,65,,6333,,55,,46,,25,,3333,,4167,,5833,,5833,,6667,,381,,4516,,5078,,6073,,5662,,5444
8,"cn_tower",,8,,8,,8,,8333,,775,,72,,1667,,25,,4583,,625,,6667,,7083,,2759,,381,,5828,,7143,,7168,,7141
9,"acropolis_athens",,6,,7,,8,,8333,,825,,8,,1429,,1905,,381,,5238,,619,,619,,2308,,2995,,5161,,6433,,7073,,698
10,"agra_fort",1,0,1,0,,9,,9,,875,,86,,2,,36,,48,,52,,68,,72,,3333,,5294,,6261,,6592,,7653,,7838
11,"albert_memorial",,8,,9,,75,,8,,775,,74,,1818,,3182,,4091,,5909,,6364,,6364,,2963,,4701,,5294,,6797,,6989,,6843
12,"altes_museum",1,0,,7,,75,,8333,,85,,88,,2083,,2917,,375,,5833,,6667,,7917,,3448,,4118,,5,,6863,,7473,,8335
13,"amiens_cathedral",,8,,9,,9,,9333,,95,,96,,12,,24,,56,,68,,72,,76,,2087,,3789,,6904,,7868,,8192,,8484
14,"angkor_wat",,8,,8,,7,,7667,,8,,78,,16,,28,,36,,52,,64,,68,,2667,,4148,,4755,,6197,,7111,,7266
15,"ara_pacis",,8,,6,,55,,6,,65,,66,,1364,,1818,,3182,,5455,,6818,,7273,,233,,2791,,4031,,5714,,6655,,692
16,"arc_de_triomphe",,8,,8,,7,,7,,65,,66,,1667,,3333,,4167,,5833,,625,,6667,,2759,,4706,,5224,,6364,,6373,,6633
17,"aztec_ruins",,2,,2,,25,,3667,,45,,48,,04,,08,,2,,4,,52,,52,,0667,,1143,,2222,,3826,,4825,,4992
18,"berlin_cathedral",1,0,1,0,,95,,9,,9,,92,,16,,28,,52,,56,,6,,68,,2759,,4375,,6721,,6904,,72,,782
19,"bok_tower_gardens",1,0,,9,,9,,9333,,9,,86,,2,,32,,44,,56,,68,,8,,3333,,4721,,591,,7,,7747,,8289
20,"brandenburg_gate",1,0,1,0,,95,,9667,,975,,96,,2,,32,,44,,48,,6,,6,,3333,,4848,,6014,,6415,,7429,,7385
21,"cabrillo",,0,,1,,2,,1667,,15,,12,,0,,0769,,3077,,3846,,3846,,3846,,0,,087,,2424,,2326,,2158,,1829
22,"casa_batllo",1,0,1,0,1,0,1,0,1,0,1,0,,2,,36,,52,,6,,68,,72,,3333,,5294,,6842,,75,,8095,,8372
23,"casa_rosada",1,0,1,0,,95,,9333,,925,,94,,16,,32,,52,,68,,72,,72,,2759,,4848,,6721,,7868,,8097,,8154
24,"castillo_de_san_marcos",,8,,7,,75,,7667,,7,,7,,08,,16,,36,,56,,56,,64,,1455,,2605,,4865,,6472,,6222,,6687
25,"chartres_cathedral",1,0,,9,,95,,9333,,925,,94,,2,,32,,52,,6,,68,,72,,3333,,4721,,6721,,7304,,7838,,8154
26,"chichen_itza",1,0,,8,,85,,9,,875,,82,,2,,24,,56,,6,,64,,68,,3333,,3692,,6752,,72,,7393,,7435
27,"christ_the_redeemer_rio",,6,,5,,55,,5667,,575,,6,,1304,,1304,,3043,,4348,,4348,,5217,,2143,,2069,,3919,,492,,4952,,5581
28,"civic_center_san_francisco",1,0,,9,,7,,6333,,7,,72,,2,,28,,4,,4,,56,,64,,3333,,4271,,5091,,4903,,6222,,6776
29,"cologne_cathedral",1,0,1,0,,9,,9,,9,,92,,16,,24,,4,,56,,72,,76,,2759,,3871,,5538,,6904,,8,,8324
30,"colosseum",,8,,9,,9,,9333,,95,,96,,12,,24,,48,,6,,68,,76,,2087,,3789,,6261,,7304,,7926,,8484
31,"doge_s_palace",,6,,8,,85,,8,,75,,74,,08,,2,,4,,52,,52,,52,,1412,,32,,544,,6303,,6142,,6108
32,"eiffel_tower",1,0,1,0,1,0,,9667,,95,,96,,12,,2,,44,,48,,52,,52,,2143,,3333,,6111,,6415,,6721,,6746
33,"golden_gate_bridge",1,0,,8,,75,,7,,75,,74,,2174,,2609,,3913,,4348,,5217,,5652,,3571,,3934,,5143,,5364,,6154,,6409
34,"grand_palais",1,0,1,0,1,0,,9667,,975,,96,,1818,,4091,,4545,,5909,,6364,,6818,,3077,,5806,,625,,7335,,7701,,7973
35,"guggenheim_museum_bilbao",1,0,1,0,1,0,,9667,,975,,98,,12,,28,,48,,52,,56,,64,,2143,,4375,,6486,,6762,,7114,,7743
36,"hagia_sophia_istanbul",1,0,1,0,,95,,8667,,9,,9,,2,,36,,44,,6,,68,,68,,3333,,5294,,6014,,7091,,7747,,7747
37,"hoover_dam",1,0,,9,,9,,8667,,875,,9,,16,,32,,4,,48,,6,,68,,2759,,4721,,5538,,6178,,7119,,7747
38,"humayun_tomb",,8,,7,,7,,7667,,725,,74,,12,,2,,36,,48,,6,,68,,2087,,3111,,4755,,5904,,6566,,7087
39,"iguazu_falls",,6,,7,,6,,6667,,725,,74,,08,,24,,32,,44,,64,,68,,1412,,3574,,4174,,5301,,6799,,7087
40,"iolani_palace",,8,,9,,8,,7333,,775,,82,,12,,32,,48,,56,,72,,84,,2087,,4721,,6,,6351,,7465,,8299
41,"la_mezquita",,6,,5,,5,,5667,,55,,58,,125,,2083,,375,,5417,,625,,75,,2069,,2941,,4286,,5539,,5851,,6541
42,"la_rambla_barcelona",,6,,7,,85,,8333,,85,,86,,08,,16,,4,,56,,68,,68,,1412,,2605,,544,,6699,,7556,,7595
43,"la_sainte_chapelle",1,0,1,0,1,0,1,0,,975,,98,,2,,4,,56,,68,,72,,8,,3333,,5714,,7179,,8095,,8283,,8809
44,"liberty_memorial",,8,,8,,75,,7333,,6,,62,,08,,2,,32,,4,,44,,52,,1455,,32,,4486,,5176,,5077,,5656
45,"lincoln_home",,6,,7,,5,,5667,,65,,68,,1667,,2778,,3889,,6111,,7778,,8333,,2609,,3977,,4375,,5881,,7082,,7489
46,"machu_picchu",,8,,7,,75,,7667,,775,,78,,16,,24,,48,,56,,6,,68,,2667,,3574,,5854,,6472,,6764,,7266
47,"marble_arch_london",,8,,8,,45,,3667,,325,,3,,3333,,4167,,5,,5833,,5833,,75,,4706,,5479,,4737,,4503,,4174,,4286
48,"milan_cathedral",1,0,,9,,95,,9333,,925,,94,,16,,24,,44,,52,,6,,6,,2759,,3789,,6014,,6679,,7279,,7325
49,"mole_antonelliana",,8,,7,,8,,8,,75,,7,,16,,28,,28,,4,,44,,44,,2667,,4,,4148,,5333,,5546,,5404
50,"mont_saint_michel",1,0,1,0,,95,,9667,,925,,88,,2,,36,,52,,64,,72,,76,,3333,,5294,,6721,,7701,,8097,,8156
51,"moulin_rouge",,2,,1,,1,,0667,,05,,04,,125,,125,,25,,25,,25,,25,,1538,,1111,,1429,,1053,,0833,,069
52,"nelson_s_column",,8,,9,,85,,8667,,85,,86,,125,,2083,,4167,,5,,625,,75,,2162,,3383,,5592,,6341,,7203,,8012
53,"notre_dame_de_paris",,6,,8,,75,,8,,825,,84,,12,,2,,24,,44,,52,,64,,2,,32,,3636,,5677,,6379,,7265
54,"obelisco",,2,,3,,15,,1667,,125,,16,,0909,,2727,,2727,,3636,,3636,,4545,,125,,2857,,1935,,2286,,186,,2367
55,"piccadilly_circus",,8,,8,,8,,8333,,825,,8,,1739,,3043,,4783,,6522,,8261,,8696,,2857,,4409,,5986,,7317,,8255,,8333
56,"place_de_la_concorde",1,0,1,0,,95,,9333,,95,,96,,12,,24,,36,,48,,64,,76,,2143,,3871,,5221,,634,,7648,,8484
57,"place_de_la_republique",,0,,2,,1,,1333,,225,,22,,0,,25,,25,,375,,625,,75,,0,,2222,,1429,,1967,,3309,,3402
58,"place_des_vosges",,8,,5,,65,,6333,,625,,64,,16,,2,,4,,52,,6,,6,,2667,,2857,,4952,,5711,,6122,,6194
59,"pont_du_gard",,6,,7,,75,,8,,85,,88,,12,,2,,36,,36,,4,,56,,2,,3111,,4865,,4966,,544,,6844
60,"pont_neuf",,6,,7,,75,,6667,,65,,62,,12,,2,,44,,56,,6,,64,,2,,3111,,5546,,6087,,624,,6298
61,"ponte_vecchio",,8,,7,,7,,7,,7,,68,,125,,25,,4167,,5417,,6667,,6667,,2162,,3684,,5224,,6107,,6829,,6733
62,"puerta_de_alcala",,4,,6,,65,,6333,,6,,54,,1053,,2632,,4737,,5263,,5789,,5789,,1667,,3659,,548,,5749,,5893,,5588
63,"puerta_del_sol",,4,,4,,5,,4667,,475,,5,,1,,2,,4,,5,,55,,7,,16,,2667,,4444,,4828,,5098,,5833
64,"red_fort",1,0,1,0,1,0,1,0,1,0,1,0,,2,,32,,44,,64,,68,,72,,3333,,4848,,6111,,7805,,8095,,8372
65,"reims_cathedral",1,0,,9,,9,,8667,,875,,9,,16,,24,,36,,48,,56,,56,,2759,,3789,,5143,,6178,,6829,,6904
66,"rialto_bridge",,8,,6,,7,,7333,,65,,62,,25,,375,,5,,6875,,75,,75,,381,,4615,,5833,,7097,,6964,,6788
67,"roman_forum_rome",,8,,8,,8,,8333,,775,,78,,12,,28,,44,,6,,6,,68,,2087,,4148,,5677,,6977,,6764,,7266
68,"sacre_coeur",,8,,7,,6,,6,,525,,52,,125,,1667,,2083,,375,,4583,,5833,,2162,,2692,,3093,,4615,,4894,,5498
69,"sagrada_familia",,8,,9,,85,,8667,,875,,9,,16,,32,,44,,52,,6,,64,,2667,,4721,,5798,,65,,7119,,7481
70,"santa_maria_novella",,4,,5,,5,,5333,,45,,36,,08,,2,,36,,48,,48,,48,,1333,,2857,,4186,,5053,,4645,,4114
71,"schonbrunn_palace",1,0,,9,,95,,9667,,975,,98,,2,,36,,56,,72,,76,,84,,3333,,5143,,7046,,8253,,8542,,9046
72,"seville_cathedral",,8,,9,,95,,9667,,925,,92,,16,,32,,48,,68,,72,,72,,2667,,4721,,6378,,7984,,8097,,8078
73,"spanish_steps",,8,,8,,65,,6667,,65,,66,,1364,,1818,,2727,,3636,,5,,6364,,233,,2963,,3842,,4706,,5652,,648
74,"st__basil_cathedral",1,0,1,0,1,0,,9333,,95,,94,,16,,28,,52,,6,,68,,72,,2759,,4375,,6842,,7304,,7926,,8154
75,"statue_of_liberty",,8,,8,,75,,7667,,8,,8,,16,,24,,36,,56,,6,,6,,2667,,3692,,4865,,6472,,6857,,6857
76,"stonehenge",,6,,5,,65,,6333,,6,,58,,1579,,2105,,3684,,5263,,5263,,5789,,25,,2963,,4703,,5749,,5607,,5795
77,"summer_palace_beijing",1,0,,9,,9,,8667,,875,,86,,2,,28,,48,,6,,72,,76,,3333,,4271,,6261,,7091,,79,,8069
78,"sydney_opera_house",1,0,1,0,,95,,8667,,875,,88,,2,,36,,52,,64,,68,,68,,3333,,5294,,6721,,7363,,7653,,7672
79,"teotihuacan",1,0,,9,,85,,7667,,65,,64,,2,,32,,36,,48,,48,,56,,3333,,4721,,5058,,5904,,5522,,5973
80,"terracotta_army",,4,,7,,55,,5667,,55,,5,,1,,3,,45,,6,,65,,65,,16,,42,,495,,5829,,5958,,5652
81,"the_blue_mosque",,8,,9,,9,,9,,925,,92,,16,,24,,32,,36,,48,,48,,2667,,3789,,4721,,5143,,632,,6309
82,"the_henry_ford",,6,,8,,7,,7,,7,,68,,12,,24,,4,,48,,56,,56,,2,,3692,,5091,,5695,,6222,,6142
83,"taj_mahal",,8,,9,,95,,9333,,925,,94,,16,,32,,48,,6,,72,,76,,2667,,4721,,6378,,7304,,8097,,8405
84,"tour_montparnasse",,8,,6,,55,,5,,425,,42,,15,,25,,4,,5,,5,,55,,2526,,3529,,4632,,5,,4595,,4763
85,"tower_bridge_london",,4,,7,,55,,5667,,625,,6,,04,,2,,32,,4,,48,,52,,0727,,3111,,4046,,469,,543,,5571
86,"trafalgar_square",,8,,7,,65,,5667,,575,,54,,1818,,2727,,3636,,5,,5,,5,,2963,,3925,,4664,,5312,,5349,,5192
87,"leaning_tower_of_pisa",,6,,4,,5,,6,,6,,64,,12,,16,,28,,4,,44,,52,,2,,2286,,359,,48,,5077,,5738
88,"hermitage_museum_saint_petersburg",,8,,9,,85,,8333,,875,,88,,16,,28,,44,,48,,6,,64,,2667,,4271,,5798,,6091,,7119,,7411
89,"jantar_mantar_jaipur",1,0,,9,,95,,9667,,9,,86,,2,,36,,52,,64,,68,,76,,3333,,5143,,6721,,7701,,7747,,8069
90,"lake_titicaca_peru",,8,,7,,6,,5333,,575,,6,,1667,,25,,4167,,5,,625,,625,,2759,,3684,,4918,,5161,,599,,6122
91,"the_great_wall_of_china",,8,,9,,85,,8333,,825,,82,,16,,32,,48,,56,,68,,72,,2667,,4721,,6135,,6699,,7455,,7668
92,"grande_arche_paris",,8,,8,,7,,6,,55,,58,,16,,32,,36,,36,,4,,48,,2667,,4571,,4755,,45,,4632,,5253
93,"el_angel_mexico",,8,,7,,5,,5333,,55,,58,,0952,,2381,,381,,5238,,619,,7143,,1702,,3553,,4324,,5285,,5825,,6402
94,"bibliotheque_nationale_de_france",,8,,8,,8,,7333,,75,,76,,16,,32,,48,,52,,6,,64,,2667,,4571,,6,,6085,,6667,,6949
95,"kronborg_castle",,8,,9,,9,,8667,,875,,88,,0833,,2917,,5417,,5833,,625,,625,,1509,,4406,,6763,,6973,,7292,,7309
96,"ajanta_caves",1,0,1,0,,95,,9667,,975,,92,,1818,,3182,,4545,,5909,,6364,,7273,,3077,,4828,,6149,,7335,,7701,,8124
97,"atomium",,6,,6,,75,,8333,,875,,9,,1429,,2857,,4762,,4762,,4762,,4762,,2308,,3871,,5825,,6061,,6167,,6228
98,"ellora_caves",1,0,1,0,,95,,9667,,95,,96,,2273,,3636,,5,,5909,,5909,,6364,,3704,,5333,,6552,,7335,,7286,,7654
99,"potala_palace",,8,,9,,85,,8333,,85,,88,,2222,,3889,,5,,6111,,6667,,7222,,3478,,5431,,6296,,7051,,7473,,7933
100,"jokhang",1,0,,9,,8,,8,,8,,82,,2,,36,,52,,68,,8,,84,,3333,,5143,,6303,,7351,,8,,8299
101,"rila_monastery",,6,,8,,75,,7333,,8,,78,,12,,2,,24,,32,,32,,4,,2,,32,,3636,,4456,,4571,,5288
102,"louvre_pyramid",,8,,7,,7,,7333,,8,,8,,1667,,2778,,2778,,3333,,3889,,3889,,2759,,3977,,3977,,4583,,5234,,5234
103,"brooklyn_bridge",,8,,9,,9,,9,,875,,86,,1905,,3333,,5714,,5714,,619,,6667,,3077,,4865,,699,,699,,7251,,7511
104,"tower_of_london",,6,,6,,55,,6333,,625,,66,,1304,,2609,,3478,,4783,,6522,,7391,,2143,,3636,,4262,,545,,6383,,6973
105,"british_museum_london",1,0,1,0,1,0,1,0,,975,,98,,1,,2,,35,,55,,55,,65,,1818,,3333,,5185,,7097,,7033,,7816
106,"buckingham_palace",,2,,2,,3,,4,,375,,4,,05,,1,,25,,35,,4,,45,,08,,1333,,2727,,3733,,3871,,4235
107,"charles_bridge_prague",,8,,8,,8,,8,,8,,76,,125,,25,,375,,5417,,625,,625,,2162,,381,,5106,,646,,7018,,6859
108,"champs_elysees_paris",,4,,5,,5,,4333,,425,,42,,1333,,2667,,4,,4667,,6,,6667,,2,,3478,,4444,,4494,,4976,,5153
109,"chrysler_building",1,0,,9,,85,,9,,925,,92,,2143,,2857,,5714,,7143,,7857,,8571,,3529,,4337,,6834,,7965,,8497,,8875
110,"moma_new_york",,6,,8,,7,,7667,,8,,82,,1579,,2105,,3158,,4211,,5263,,5789,,25,,3333,,4352,,5436,,6349,,6787
111,"grand_central_terminal",,8,,7,,8,,8667,,9,,92,,1429,,2381,,3333,,4286,,5238,,619,,2424,,3553,,4706,,5735,,6622,,7401
112,"houses_of_parliament",1,0,,9,,9,,9333,,925,,92,,1739,,3043,,3913,,4783,,5217,,6087,,2963,,4549,,5455,,6324,,6672,,7327
113,"alexanderplatz_berlin",,6,,6,,65,,7,,7,,68,,12,,2,,36,,48,,52,,52,,2,,3,,4634,,5695,,5967,,5893
114,"centre_pompidou",,6,,6,,7,,8,,75,,72,,1667,,2222,,4444,,6111,,7222,,8333,,2609,,3243,,5437,,6929,,7358,,7725
115,"sydney_harbour_bridge",1,0,1,0,1,0,,9333,,95,,94,,1875,,375,,5,,5625,,6875,,75,,3158,,5455,,6667,,7019,,7977,,8343
116,"pier_39",,6,,6,,7,,7667,,825,,86,,1429,,2381,,4762,,5714,,5714,,5714,,2308,,3409,,5668,,6548,,6752,,6866
117,"coit_tower",1,0,,8,,8,,8333,,7,,64,,2667,,3333,,3333,,4667,,4667,,4667,,4211,,4706,,4706,,5983,,56,,5398
118,"st_paul_s_cathedral_london",,8,,8,,85,,8667,,825,,82,,2353,,3529,,5882,,7059,,7059,,7647,,3636,,4898,,6953,,7781,,7608,,7914
119,"cloud_gate",,8,,7,,8,,7,,7,,68,,25,,4167,,5833,,6667,,75,,75,,381,,5224,,6747,,6829,,7241,,7133
120,"musee_d_orsay",1,0,1,0,,95,,9667,,925,,94,,1905,,3333,,4762,,619,,6667,,6667,,32,,5,,6344,,7548,,7749,,7801
121,"pike_place_market",,8,,9,,9,,9,,875,,86,,1429,,381,,5238,,619,,6667,,6667,,2424,,5353,,6622,,7335,,7568,,7511
122,"royal_palace_madrid",1,0,1,0,,9,,8,,8,,84,,2273,,3182,,4545,,5455,,5909,,6818,,3704,,4828,,604,,6486,,6797,,7527
123,"sony_center_berlin",,8,,9,,9,,9,,925,,94,,1905,,2857,,4286,,4762,,5238,,5714,,3077,,4337,,5806,,6228,,6689,,7108
124,"red_square_moscow",,8,,8,,8,,7,,725,,72,,1429,,2381,,4762,,4762,,5714,,5714,,2424,,367,,597,,5668,,6391,,6372
125,"prague_castle",,8,,9,,85,,8667,,875,,86,,16,,24,,4,,56,,64,,68,,2667,,3789,,544,,6804,,7393,,7595
126,"musee_du_louvre",1,0,1,0,,9,,9333,,925,,94,,16,,28,,44,,52,,52,,68,,2759,,4375,,591,,6679,,6657,,7891
127,"millennium_bridge_london",1,0,,9,,85,,8333,,875,,88,,12,,24,,36,,56,,64,,72,,2143,,3789,,5058,,6699,,7393,,792
128,"casa_mila",1,0,1,0,,9,,8667,,9,,92,,2,,36,,4,,52,,52,,56,,3333,,5294,,5538,,65,,6592,,6962
129,"national_gallery_london",1,0,,8,,7,,6667,,675,,66,,1818,,2273,,3636,,4545,,5,,5,,3077,,354,,4786,,5405,,5745,,569
130,"national_mall",1,0,1,0,,8,,7667,,725,,7,,2,,4,,44,,48,,64,,68,,3333,,5714,,5677,,5904,,6799,,6899
131,"london_city_hall",,8,,9,,8,,8333,,75,,76,,2,,45,,55,,65,,65,,7,,32,,6,,6519,,7303,,6964,,7288
132,"holocaust_memorial",,8,,8,,65,,6333,,65,,62,,25,,4375,,5,,5625,,625,,625,,381,,5657,,5652,,5958,,6373,,6225
133,"columbus_circle",,4,,6,,5,,4667,,425,,42,,04,,16,,24,,32,,4,,48,,0727,,2526,,3243,,3797,,4121,,448
134,"siegessaeule",,8,,8,,75,,6333,,575,,52,,16,,28,,44,,48,,48,,6,,2667,,4148,,5546,,5461,,5232,,5571
135,"jardin_du_luxembourg",1,0,1,0,1,0,1,0,1,0,1,0,,2,,36,,52,,68,,8,,8,,3333,,5294,,6842,,8095,,8889,,8889
136,"merlion_singapore",,4,,5,,55,,5,,45,,46,,0455,,1818,,4091,,4545,,5,,5909,,0816,,2667,,4692,,4762,,4737,,5173
137,"harrods_london",,8,,8,,85,,8,,825,,76,,16,,28,,48,,48,,6,,64,,2667,,4148,,6135,,6,,6947,,6949
138,"metropolitan_museum_of_art_new_york",1,0,1,0,1,0,1,0,1,0,1,0,,12,,24,,48,,56,,6,,6,,2143,,3871,,6486,,7179,,75,,75
139,"new_york_stock_exchange",,8,,6,,65,,6333,,6,,64,,2,,3,,55,,6,,65,,65,,32,,4,,5958,,6162,,624,,645
140,"stephansdom_vienna",1,0,1,0,,9,,9,,925,,94,,16,,28,,56,,64,,72,,72,,2759,,4375,,6904,,7481,,8097,,8154
141,"hms_belfast",1,0,,9,,95,,9333,,95,,94,,16,,28,,44,,48,,52,,64,,2759,,4271,,6014,,634,,6721,,7615
142,"leicester_square",,4,,6,,7,,7667,,7,,74,,04,,2,,4,,4,,52,,56,,0727,,3,,5091,,5257,,5967,,6375
143,"ciudad_de_las_artes_y_las_ciencias",1,0,,9,,95,,9333,,9,,86,,2,,28,,48,,56,,64,,68,,3333,,4271,,6378,,7,,7481,,7595
144,"topkapi_palace",1,0,1,0,,95,,9667,,95,,96,,2,,28,,44,,56,,76,,76,,3333,,4375,,6014,,7092,,8444,,8484
145,"royal_albert_hall",,8,,6,,6,,6667,,725,,68,,16,,2,,36,,4,,48,,52,,2667,,3,,45,,5,,5776,,5893
146,"st_vitus_cathedral",,8,,8,,85,,8667,,9,,92,,12,,24,,44,,6,,64,,72,,2087,,3692,,5798,,7091,,7481,,8078
147,"castello_sforzesco",1,0,,9,,95,,9,,9,,9,,16,,24,,36,,52,,56,,64,,2759,,3789,,5221,,6592,,6904,,7481
148,"rijksmuseum_amsterdam",1,0,1,0,1,0,1,0,1,0,1,0,,16,,28,,52,,64,,68,,68,,2759,,4375,,6842,,7805,,8095,,8095
149,"dam_square",,8,,6,,55,,5333,,575,,6,,12,,16,,32,,4,,6,,6,,2087,,2526,,4046,,4571,,5872,,6
150,"rathaus_vienna",1,0,,8,,75,,6667,,625,,58,,16,,2,,4,,44,,48,,52,,2759,,32,,5217,,5301,,543,,5484
151,"bath_abbey",,8,,9,,9,,9333,,95,,96,,16,,32,,52,,56,,68,,68,,2667,,4721,,6592,,7,,7926,,7961
152,"salisbury_cathedral",1,0,,9,,95,,9667,,975,,98,,16,,24,,44,,6,,64,,68,,2759,,3789,,6014,,7404,,7728,,8029
153,"templo_de_debod",,2,,5,,4,,4,,375,,4,,0455,,2273,,3636,,5,,5,,5455,,0741,,3125,,381,,4444,,4286,,4615
154,"Niagara_Falls",,6,,7,,7,,6333,,575,,58,,1364,,2727,,4091,,5455,,5455,,5909,,2222,,3925,,5164,,5861,,5598,,5854
155,"Golden_Gate_Bridge_in_San_Francisco",1,0,1,0,1,0,1,0,,975,,96,,1364,,3182,,4545,,5,,5909,,6818,,24,,4828,,625,,6667,,7358,,7973
156,"Neuschwanstein_Castle",1,0,1,0,,95,,9667,,925,,88,,12,,24,,32,,4,,52,,52,,2143,,3871,,4787,,5659,,6657,,6537
157,"Christ_Church_Cathedral_Missouri",1,0,,9,,9,,8333,,775,,72,,2,,32,,48,,6,,68,,68,,3333,,4721,,6261,,6977,,7244,,6994
158,"Mount_Rushmore_in_South_Dakota",1,0,1,0,,95,,9333,,95,,92,,2,,36,,44,,48,,52,,6,,3333,,5294,,6014,,634,,6721,,7263
159,"Puerta_de_Toledo",,2,,1,,1,,1,,075,,06,,5,,5,1,0,1,0,1,0,1,0,,2857,,1667,,1818,,1818,,1395,,1132
160,"Urquhart_Castle",,8,,9,,95,,9,,825,,84,,125,,2917,,5,,625,,7083,,75,,2162,,4406,,6552,,7377,,7622,,7925
161,"Gare_du_Nord_Paris",,8,,9,,85,,8333,,8,,84,,16,,24,,36,,44,,6,,64,,2667,,3789,,5058,,5759,,6857,,7265
162,"Newgrange_in_Ireland",,4,,6,,65,,6,,65,,7,,0833,,1667,,25,,3333,,4583,,5833,,1379,,2609,,3611,,4286,,5376,,6364
163,"Windmills_at_Kinderdijk",,8,,8,,9,,8333,,85,,88,,16,,28,,36,,44,,56,,72,,2667,,4148,,5143,,5759,,6752,,792
164,"Conciergerie",1,0,,9,,8,,8667,,9,,92,,16,,2,,36,,6,,72,,72,,2759,,3273,,4966,,7091,,8,,8078
165,"Palazzo_Madama",1,0,,9,,8,,7667,,775,,74,,2273,,3636,,5909,,6364,,7273,,7727,,3704,,518,,6797,,6955,,7504,,756
166,"Split_Rock_Lighthouse",,8,,9,,8,,8,,775,,74,,16,,32,,4,,44,,48,,48,,2667,,4721,,5333,,5677,,5928,,5823
167,"The_Little_Mermaid_Denmark",1,0,,6,,65,,7,,75,,8,,2857,,3571,,5,,5714,,5714,,7143,,4444,,4478,,5652,,6292,,6486,,7547
168,"Great_Pyramid_of_Giza",,6,,8,,8,,6667,,625,,6,,1333,,3333,,5333,,5333,,5333,,5333,,2182,,4706,,64,,5926,,5755,,5647
169,"Pitti_Palace",,2,,4,,55,,6,,575,,6,,0455,,1818,,3182,,4545,,5,,6364,,0741,,25,,4031,,5172,,5349,,6176
170,"Georgia_State_Capitol",1,0,,5,,65,,6667,,65,,58,,2105,,2105,,2632,,2632,,3684,,3684,,3478,,2963,,3746,,3774,,4703,,4506
171,"Dome_des_Invalides",1,0,1,0,1,0,,9667,,975,,94,,16,,28,,44,,6,,68,,68,,2759,,4375,,6111,,7404,,8012,,7891
172,"Reggia_di_Caserta",,8,,7,,75,,7333,,65,,6,,16,,28,,52,,56,,6,,64,,2667,,4,,6142,,6351,,624,,6194
173,"The_Burj_al_Arab_Hotel",1,0,,9,,8,,8333,,875,,84,,2,,32,,36,,6,,64,,64,,3333,,4721,,4966,,6977,,7393,,7265
174,"Elephanta_Caves",1,0,,9,,8,,7667,,75,,72,,2083,,3333,,5,,5417,,5833,,5833,,3448,,4865,,6154,,6348,,6562,,6445
175,"Basilica_of_Santa_Croce",1,0,1,0,1,0,1,0,1,0,1,0,,2,,32,,48,,6,,72,,8,,3333,,4848,,6486,,75,,8372,,8889
176,"Aachen_Cathedral",1,0,1,0,1,0,1,0,,975,,92,,16,,32,,48,,52,,6,,68,,2759,,4848,,6486,,6842,,7429,,782
177,"Monument_to_the_Great_Fire_of_London",,6,,6,,6,,6667,,65,,62,,08,,16,,36,,44,,56,,6,,1412,,2526,,45,,5301,,6017,,6098
178,"Longmen_Grottoes",1,0,,9,,65,,6667,,675,,72,,16,,28,,44,,6,,6,,76,,2759,,4271,,5248,,6316,,6353,,7395
179,"Louisiana_State_Capitol",,6,,6,,5,,5,,5,,52,,12,,24,,4,,48,,52,,64,,2,,3429,,4444,,4898,,5098,,5738
180,"The_Great_Sphinx_at_Giza",,8,,9,,85,,8667,,9,,88,,16,,36,,48,,64,,72,,72,,2667,,5143,,6135,,7363,,8,,792
181,"Teatro_Real_Madrid",,6,,6,,65,,7667,,825,,86,,1304,,2609,,4348,,5652,,7391,,7826,,2143,,3636,,521,,6507,,7797,,8195
182,"Palacio_de_la_Magdalena",,6,,6,,55,,6,,65,,64,,12,,24,,36,,44,,52,,6,,2,,3429,,4352,,5077,,5778,,6194
183,"Sowjetisches_Ehrenmal",,8,,5,,45,,5,,625,,56,,16,,16,,32,,48,,52,,56,,2667,,2424,,374,,4898,,5677,,56
184,"Cathedral_of_Trier",1,0,1,0,,95,,9333,,925,,92,,2,,32,,48,,6,,72,,76,,3333,,4848,,6378,,7304,,8097,,8324
185,"Saint_Mary_of_the_Flower",,0,,3,,35,,3,,275,,28,,0,,12,,24,,28,,32,,4,,0,,1714,,2847,,2897,,2958,,3294
186,"Skellig_Michael",,6,,4,,6,,6667,,725,,7,,12,,16,,36,,52,,6,,64,,2,,2286,,45,,5843,,6566,,6687
187,"Chicago_Board_of_Trade_Building",,8,,9,,75,,7,,75,,76,,1818,,2727,,4091,,4545,,5909,,6364,,2963,,4186,,5294,,5512,,661,,6927
188,"Pont_de_Normandie_France",1,0,,8,,75,,8,,825,,8,,2105,,3684,,6842,,7368,,7895,,8421,,3478,,5045,,7156,,7671,,8068,,8205
189,"Palazzo_Rosso",,0,,0,,0,,0667,,075,,06,,0,,0,,0,,0833,,125,,125,,0,,0,,0,,0741,,0937,,0811
190,"Piazza_Vittorio_Veneto",,8,,9,,65,,5667,,525,,52,,125,,3125,,375,,5,,5625,,6875,,2162,,4639,,4756,,5312,,5431,,5921
191,"Sforza_Castle",1,0,1,0,1,0,,9333,,95,,96,,12,,16,,32,,48,,52,,6,,2143,,2759,,4848,,634,,6721,,7385
192,"Torres_KIO",1,0,1,0,,95,,9,,9,,86,,12,,32,,36,,56,,64,,76,,2143,,4848,,5221,,6904,,7481,,8069
193,"Torre_Picasso",,8,,9,,85,,8333,,85,,86,,125,,2083,,4583,,625,,75,,7917,,2162,,3383,,5955,,7143,,7969,,8244
194,"The_Palace_of_Parliament_in_Bucharest",1,0,,9,,85,,8,,825,,82,,16,,24,,36,,44,,52,,6,,2759,,3789,,5058,,5677,,6379,,693
195,"Ernest_Hemingway_House",,8,,9,,7,,7,,75,,78,,16,,28,,28,,44,,56,,64,,2667,,4271,,4,,5404,,6412,,7031
196,"Castel_dellOvo_Napoli",,4,,6,,6,,6667,,7,,74,,08,,2,,4,,52,,6,,68,,1333,,3,,48,,5843,,6462,,7087
197,"Villa_Borghese_gardens",1,0,1,0,1,0,1,0,1,0,1,0,,16,,24,,44,,48,,6,,72,,2759,,3871,,6111,,6486,,75,,8372
198,"Saint_Marks_Basilica",1,0,,8,,9,,9,,9,,86,,2,,28,,44,,52,,64,,68,,3333,,4148,,591,,6592,,7481,,7595
199,"Mausoleum_of_the_First_Qin_Emperor",,6,,7,,7,,7667,,8,,84,,12,,28,,44,,52,,64,,64,,2,,4,,5404,,6197,,7111,,7265
200,"Mausoleum_of_Hadrian",,8,,7,,65,,6,,575,,58,,1667,,2778,,3889,,4444,,5,,5556,,2759,,3977,,4866,,5106,,5349,,5675
201,"Piazza_de_Ferrari",1,0,,9,,9,,9,,925,,92,,2105,,3684,,4737,,6316,,6316,,6842,,3478,,5228,,6207,,7423,,7506,,7848
202,"George_Washington_Carver",,4,,5,,55,,6,,575,,64,,0625,,25,,5625,,625,,625,,6875,,1081,,3333,,5562,,6122,,599,,6629
203,"Cathedral_of_Santiago_de_Compostela",,8,,8,,7,,7333,,8,,8,,1765,,3529,,5294,,7059,,7647,,7647,,2892,,4898,,6029,,7193,,782,,782
204,"Saint-Jacques_Tower",,6,,7,,75,,6667,,7,,72,,1538,,2308,,4615,,5385,,6154,,6154,,2449,,3471,,5714,,5957,,655,,6636
205,"Calakmul_Campeche_Mexico",,8,,6,,65,,6667,,625,,6,,2143,,2857,,3571,,4286,,4286,,5,,338,,3871,,461,,5217,,5085,,5455
206,"Bran_Castle_in_Transylvania",1,0,1,0,,95,,9667,,975,,98,,2105,,4211,,4737,,7368,,7368,,7368,,3478,,5926,,6322,,8363,,8394,,8412
207,"Mosteiro_da_Batalha",1,0,1,0,1,0,1,0,1,0,1,0,,2105,,3158,,6316,,6842,,6842,,7368,,3478,,48,,7742,,8125,,8125,,8485
208,"Wartburg_Castle",1,0,1,0,,9,,9333,,925,,92,,15,,35,,6,,7,,7,,8,,2609,,5185,,72,,8,,7969,,8558
209,"Fujian_Tulou_Fujian_China",1,0,1,0,,95,,9667,,925,,86,,2222,,2778,,4444,,6667,,7222,,7778,,3636,,4348,,6056,,7891,,8111,,8168
210,"Alabama_State_Capitol",,8,,8,,75,,7333,,65,,62,,1905,,2857,,381,,4762,,5238,,5238,,3077,,4211,,5053,,5774,,5801,,5679
211,"Palazzo_dAccursio",,8,,7,,55,,5333,,575,,62,,1667,,2778,,3333,,5,,6111,,6667,,2759,,3977,,4151,,5161,,5925,,6425
212,"Casa_Grande_Ruins",,4,,7,,8,,8,,7,,76,,1176,,2941,,4118,,5294,,5294,,5882,,1818,,4142,,5437,,6372,,6029,,6632
213,"Stravinsky_Fountain",1,0,,9,,9,,9,,85,,84,,2,,2667,,4667,,4667,,4667,,5333,,3333,,4114,,6146,,6146,,6025,,6524
214,"Angel_Falls_Venezuela",,6,,6,,6,,6,,55,,52,,1765,,2353,,5294,,7059,,7647,,7647,,2727,,338,,5625,,6486,,6398,,619
215,"Statue_of_George_IV",,6,,6,,45,,4333,,375,,4,,375,,5,,5,,5,,5,,625,,4615,,5455,,4737,,4643,,4286,,4878
216,"Palacio_Barolo",1,0,1,0,,85,,8,,75,,8,,2353,,2941,,5294,,6471,,7059,,7647,,381,,4545,,6525,,7154,,7273,,782
217,"Bridge_of_Remembrance_Christchurch_New_Zealand",,6,,6,,6,,5333,,45,,44,,1667,,3333,,5833,,5833,,75,,75,,2609,,4286,,5915,,5572,,5625,,5546
218,"John_A._Roebling_Suspension_Bridge",,2,,3,,45,,4667,,475,,54,,0667,,2,,4667,,5333,,6,,7333,,1,,24,,4582,,4978,,5302,,622
219,"Blue_Dome_Santorini",1,0,1,0,1,0,,9667,,95,,94,,3125,,5625,,6875,,75,,8125,,8125,,4762,,72,,8148,,8447,,8759,,8716
220,"Fossar_de_les_Moreres",,4,,4,,35,,3333,,3,,3,,1429,,2143,,2857,,3571,,4286,,5,,2105,,2791,,3146,,3448,,3529,,375
221,"Luxor_Obelisk_France",1,0,1,0,,95,,8,,825,,82,,25,,375,,375,,375,,375,,5,,4,,5455,,5377,,5106,,5156,,6212
222,"Valle_de_los_Caidos",1,0,,9,,9,,9333,,925,,94,,2,,35,,45,,65,,75,,85,,3333,,504,,6,,7663,,8284,,8927
--------------------
"--","Avg.",P@5,P@10,P@20,P@30,P@40,P@50,CR@5,CR@10,CR@20,CR@30,CR@40,CR@50,F1@5,F1@10,F1@20,F1@30,F1@40,F1@50
,,,7829,,7779,,7581,,756,,7519,,7494,,1568,,2736,,4246,,5293,,5983,,6501,,2569,,3981,,5337,,6116,,6544,,6835