--------------------
"Run name","output_runGABORSilhouette"
--------------------
"Average P@20 = ",,7881
"Average CR@20 = ",,4031
"Average F1@20 = ",,5223
--------------------
"Query Id ","Location name",P@5,P@10,P@20,P@30,P@40,P@50,CR@5,CR@10,CR@20,CR@30,CR@40,CR@50,F1@5,F1@10,F1@20,F1@30,F1@40,F1@50
1,"angel_of_the_north",1,0,1,0,1,0,1,0,1,0,1,0,,16,,36,,44,,56,,68,,76,,2759,,5294,,6111,,7179,,8095,,8636
2,"big_ben",1,0,1,0,1,0,,9333,,9,,9,,1818,,2727,,4545,,5,,5,,5455,,3077,,4286,,625,,6512,,6429,,6792
3,"hearst_castle",1,0,1,0,,95,,9667,,975,,96,,2083,,375,,5833,,6667,,75,,8333,,3448,,5455,,7228,,7891,,8478,,8922
4,"la_madeleine",,4,,3,,45,,4,,4,,44,,1429,,2143,,5,,5,,5714,,7857,,2105,,25,,4737,,4444,,4706,,5641
5,"pont_alexandre_iii",1,0,1,0,1,0,,9667,,95,,96,,12,,24,,36,,56,,56,,64,,2143,,3871,,5294,,7092,,7046,,768
6,"neues_museum",,0,,1,,35,,3333,,4,,5,,0,,04,,28,,4,,52,,64,,0,,0571,,3111,,3636,,4522,,5614
7,"montezuma_castle",,0,,4,,55,,6,,55,,58,,0,,25,,5833,,75,,75,,75,,0,,3077,,5662,,6667,,6346,,6541
8,"cn_tower",,4,,6,,6,,6,,575,,6,,0833,,25,,3333,,4583,,5,,5833,,1379,,3529,,4286,,5197,,5349,,5915
9,"acropolis_athens",1,0,,8,,85,,9,,9,,9,,1905,,2857,,381,,5714,,5714,,5714,,32,,4211,,5261,,699,,699,,699
10,"agra_fort",1,0,,9,,95,,9333,,9,,92,,16,,28,,4,,52,,56,,64,,2759,,4271,,563,,6679,,6904,,7549
11,"albert_memorial",,4,,6,,65,,7,,675,,72,,0455,,0909,,2727,,3182,,4545,,4545,,0816,,1579,,3842,,4375,,5433,,5573
12,"altes_museum",,6,,6,,6,,6,,65,,64,,0833,,2083,,3333,,5,,6667,,7083,,1463,,3093,,4286,,5455,,6582,,6724
13,"amiens_cathedral",1,0,,9,,95,,9667,,975,,96,,2,,32,,52,,68,,72,,8,,3333,,4721,,6721,,7984,,8283,,8727
14,"angkor_wat",1,0,,9,,85,,8,,775,,8,,2,,28,,44,,48,,6,,68,,3333,,4271,,5798,,6,,6764,,7351
15,"ara_pacis",,4,,7,,75,,8,,7,,72,,0909,,2727,,4545,,7273,,7273,,7727,,1481,,3925,,566,,7619,,7134,,7454
16,"arc_de_triomphe",1,0,1,0,,9,,9,,825,,8,,1667,,25,,4583,,5,,5833,,625,,2857,,4,,6074,,6429,,6834,,7018
17,"aztec_ruins",,2,,2,,2,,2667,,3,,3,,04,,08,,16,,24,,32,,4,,0667,,1143,,1778,,2526,,3097,,3429
18,"berlin_cathedral",1,0,,9,,9,,8667,,9,,9,,2,,28,,4,,48,,6,,68,,3333,,4271,,5538,,6178,,72,,7747
19,"bok_tower_gardens",,8,,9,,95,,9,,825,,82,,16,,28,,4,,56,,68,,72,,2667,,4271,,563,,6904,,7455,,7668
20,"brandenburg_gate",1,0,1,0,1,0,1,0,1,0,1,0,,16,,24,,4,,48,,6,,72,,2759,,3871,,5714,,6486,,75,,8372
21,"cabrillo",,0,,0,,15,,2,,2,,16,,0,,0,,2308,,3846,,5385,,5385,,0,,0,,1818,,2632,,2917,,2467
22,"casa_batllo",1,0,1,0,1,0,1,0,1,0,1,0,,16,,28,,36,,56,,64,,76,,2759,,4375,,5294,,7179,,7805,,8636
23,"casa_rosada",,6,,8,,9,,8667,,9,,92,,12,,28,,36,,4,,6,,68,,2,,4148,,5143,,5474,,72,,782
24,"castillo_de_san_marcos",,8,,8,,75,,8,,725,,64,,12,,2,,36,,52,,6,,64,,2087,,32,,4865,,6303,,6566,,64
25,"chartres_cathedral",1,0,1,0,,9,,9333,,95,,94,,2,,24,,4,,56,,6,,72,,3333,,3871,,5538,,7,,7355,,8154
26,"chichen_itza",1,0,1,0,,95,,8667,,875,,88,,16,,28,,48,,56,,64,,68,,2759,,4375,,6378,,6804,,7393,,7672
27,"christ_the_redeemer_rio",1,0,,9,,7,,6,,55,,52,,1739,,2174,,3043,,3478,,4348,,5217,,2963,,3502,,4242,,4404,,4857,,5209
28,"civic_center_san_francisco",1,0,,8,,75,,7333,,725,,7,,2,,24,,36,,48,,56,,56,,3333,,3692,,4865,,5802,,6319,,6222
29,"cologne_cathedral",1,0,1,0,1,0,1,0,,975,,96,,2,,32,,48,,52,,64,,64,,3333,,4848,,6486,,6842,,7728,,768
30,"colosseum",1,0,1,0,1,0,,9667,,975,,92,,16,,28,,4,,52,,6,,64,,2759,,4375,,5714,,6762,,7429,,7549
31,"doge_s_palace",1,0,,9,,9,,8,,85,,84,,12,,2,,36,,36,,48,,52,,2143,,3273,,5143,,4966,,6135,,6424
32,"eiffel_tower",1,0,1,0,1,0,1,0,,975,,96,,12,,28,,36,,4,,44,,52,,2143,,4375,,5294,,5714,,6064,,6746
33,"golden_gate_bridge",1,0,1,0,,8,,8,,8,,78,,2174,,3478,,3913,,5217,,6087,,6522,,3571,,5161,,5255,,6316,,6914,,7104
34,"grand_palais",,6,,8,,85,,9,,925,,9,,0909,,1818,,4091,,5,,5,,5455,,1579,,2963,,5523,,6429,,6491,,6792
35,"guggenheim_museum_bilbao",1,0,1,0,,95,,9667,,975,,92,,2,,24,,44,,56,,6,,6,,3333,,3871,,6014,,7092,,7429,,7263
36,"hagia_sophia_istanbul",1,0,1,0,,95,,9667,,95,,94,,12,,16,,4,,6,,64,,72,,2143,,2759,,563,,7404,,7648,,8154
37,"hoover_dam",1,0,1,0,,95,,9667,,975,,94,,16,,24,,4,,52,,56,,68,,2759,,3871,,563,,6762,,7114,,7891
38,"humayun_tomb",,8,,7,,6,,7,,675,,7,,12,,24,,32,,48,,56,,64,,2087,,3574,,4174,,5695,,6121,,6687
39,"iguazu_falls",,6,,6,,75,,7333,,725,,74,,12,,2,,32,,36,,4,,48,,2,,3,,4486,,4829,,5156,,5823
40,"iolani_palace",1,0,1,0,,8,,8,,725,,7,,16,,32,,4,,56,,6,,68,,2759,,4848,,5333,,6588,,6566,,6899
41,"la_mezquita",1,0,1,0,,8,,6667,,625,,62,,1667,,3333,,4167,,4583,,5,,5417,,2857,,5,,5479,,5432,,5556,,5782
42,"la_rambla_barcelona",1,0,1,0,,95,,9333,,925,,92,,16,,32,,44,,52,,6,,6,,2759,,4848,,6014,,6679,,7279,,7263
43,"la_sainte_chapelle",1,0,1,0,,95,,9333,,95,,96,,12,,24,,44,,52,,56,,6,,2143,,3871,,6014,,6679,,7046,,7385
44,"liberty_memorial",,4,,4,,5,,5333,,55,,62,,08,,16,,36,,44,,48,,6,,1333,,2286,,4186,,4822,,5126,,6098
45,"lincoln_home",1,0,,9,,9,,8667,,85,,84,,2222,,3333,,5556,,6667,,8333,,8333,,3636,,4865,,687,,7536,,8416,,8367
46,"machu_picchu",,8,,9,,8,,8333,,775,,8,,16,,24,,48,,6,,64,,76,,2667,,3789,,6,,6977,,7011,,7795
47,"marble_arch_london",,6,,7,,65,,6,,45,,4,,1667,,25,,5,,75,,75,,8333,,2609,,3684,,5652,,6667,,5625,,5405
48,"milan_cathedral",1,0,,9,,9,,9333,,925,,94,,12,,2,,36,,56,,64,,72,,2143,,3273,,5143,,7,,7565,,8154
49,"mole_antonelliana",,8,,9,,8,,7333,,725,,74,,16,,24,,36,,36,,44,,52,,2667,,3789,,4966,,4829,,5476,,6108
50,"mont_saint_michel",,8,,9,,95,,9667,,975,,98,,12,,24,,36,,56,,6,,68,,2087,,3789,,5221,,7092,,7429,,8029
51,"moulin_rouge",,0,,2,,1,,1,,075,,12,,0,,125,,125,,125,,125,,375,,0,,1538,,1111,,1111,,0937,,1818
52,"nelson_s_column",,8,,9,,95,,9333,,95,,96,,0833,,25,,375,,5,,625,,6667,,1509,,3913,,5377,,6512,,754,,7869
53,"notre_dame_de_paris",,6,,7,,75,,7667,,825,,84,,12,,2,,36,,4,,52,,64,,2,,3111,,4865,,5257,,6379,,7265
54,"obelisco",,0,,1,,15,,1667,,15,,18,,0,,0909,,1818,,3636,,4545,,6364,,0,,0952,,1644,,2286,,2256,,2806
55,"piccadilly_circus",,8,,8,,8,,8,,75,,7,,1739,,3478,,4783,,5217,,6087,,6522,,2857,,4848,,5986,,6316,,672,,6752
56,"place_de_la_concorde",1,0,1,0,1,0,1,0,1,0,,98,,12,,24,,4,,52,,56,,64,,2143,,3871,,5714,,6842,,7179,,7743
57,"place_de_la_republique",,2,,3,,25,,2,,175,,16,,125,,25,,5,,625,,625,,625,,1538,,2727,,3333,,303,,2734,,2548
58,"place_des_vosges",,8,,8,,8,,8667,,875,,84,,12,,16,,28,,48,,6,,72,,2087,,2667,,4148,,6178,,7119,,7754
59,"pont_du_gard",,8,,5,,6,,7,,775,,72,,12,,16,,32,,48,,6,,6,,2087,,2424,,4174,,5695,,6764,,6545
60,"pont_neuf",1,0,,9,,8,,7667,,675,,68,,16,,28,,36,,48,,6,,64,,2759,,4271,,4966,,5904,,6353,,6594
61,"ponte_vecchio",1,0,,7,,75,,8333,,8,,76,,1667,,2083,,375,,4583,,5417,,5417,,2857,,3211,,5,,5914,,646,,6325
62,"puerta_de_alcala",,6,,6,,55,,6,,625,,62,,1579,,2632,,3684,,5263,,5789,,6842,,25,,3659,,4413,,5607,,6011,,6505
63,"puerta_del_sol",,8,,6,,5,,5,,45,,4,,15,,25,,25,,4,,55,,55,,2526,,3529,,3333,,4444,,495,,4632
64,"red_fort",1,0,1,0,1,0,1,0,1,0,1,0,,2,,36,,48,,6,,68,,72,,3333,,5294,,6486,,75,,8095,,8372
65,"reims_cathedral",1,0,1,0,1,0,1,0,,975,,98,,16,,32,,44,,56,,6,,68,,2759,,4848,,6111,,7179,,7429,,8029
66,"rialto_bridge",,8,,8,,8,,7,,65,,64,,125,,25,,4375,,5625,,5625,,6875,,2162,,381,,5657,,6238,,6031,,6629
67,"roman_forum_rome",,6,,7,,7,,6,,625,,66,,12,,24,,4,,48,,56,,64,,2,,3574,,5091,,5333,,5907,,6498
68,"sacre_coeur",,8,,7,,6,,6,,6,,56,,1667,,25,,2917,,4167,,4583,,5417,,2759,,3684,,3925,,4918,,5197,,5507
69,"sagrada_familia",1,0,,9,,9,,9333,,925,,94,,2,,28,,48,,52,,56,,6,,3333,,4271,,6261,,6679,,6976,,7325
70,"santa_maria_novella",,4,,6,,55,,5,,575,,58,,08,,16,,36,,4,,6,,6,,1333,,2526,,4352,,4444,,5872,,5898
71,"schonbrunn_palace",,8,,9,,95,,9667,,975,,98,,16,,28,,44,,52,,56,,56,,2667,,4271,,6014,,6762,,7114,,7127
72,"seville_cathedral",,8,,8,,85,,8667,,9,,92,,16,,28,,48,,56,,68,,68,,2667,,4148,,6135,,6804,,7747,,782
73,"spanish_steps",,8,,6,,75,,6667,,65,,66,,0909,,1364,,3182,,4091,,5455,,6364,,1633,,2222,,4468,,507,,5932,,648
74,"st__basil_cathedral",1,0,1,0,,95,,9,,925,,9,,16,,28,,44,,48,,6,,6,,2759,,4375,,6014,,6261,,7279,,72
75,"statue_of_liberty",1,0,,9,,85,,8333,,775,,82,,2,,28,,44,,6,,6,,68,,3333,,4271,,5798,,6977,,6764,,7435
76,"stonehenge",,6,,5,,5,,5667,,525,,5,,1053,,2105,,3158,,4211,,4737,,6316,,1791,,2963,,3871,,4831,,498,,5581
77,"summer_palace_beijing",1,0,1,0,,95,,9667,,95,,96,,16,,28,,36,,48,,56,,6,,2759,,4375,,5221,,6415,,7046,,7385
78,"sydney_opera_house",1,0,1,0,1,0,,9667,,95,,92,,16,,28,,36,,48,,56,,64,,2759,,4375,,5294,,6415,,7046,,7549
79,"teotihuacan",,6,,4,,6,,6667,,625,,62,,12,,16,,44,,56,,6,,6,,2,,2286,,5077,,6087,,6122,,6098
80,"terracotta_army",,6,,7,,55,,5,,55,,56,,15,,3,,4,,5,,7,,75,,24,,42,,4632,,5,,616,,6412
81,"the_blue_mosque",1,0,1,0,,85,,9,,875,,9,,2,,28,,4,,52,,64,,64,,3333,,4375,,544,,6592,,7393,,7481
82,"the_henry_ford",,8,,9,,75,,7333,,75,,7,,16,,32,,44,,56,,68,,72,,2667,,4721,,5546,,6351,,7133,,7099
83,"taj_mahal",,8,,8,,8,,8333,,875,,9,,16,,28,,36,,48,,6,,72,,2667,,4148,,4966,,6091,,7119,,8
84,"tour_montparnasse",,2,,4,,45,,5333,,475,,44,,05,,15,,3,,4,,5,,55,,08,,2182,,36,,4571,,4872,,4889
85,"tower_bridge_london",,8,,7,,55,,5667,,575,,56,,12,,2,,24,,36,,44,,52,,2087,,3111,,3342,,4403,,4985,,5393
86,"trafalgar_square",,2,,6,,45,,4333,,4,,46,,0455,,1818,,3182,,3182,,3182,,4545,,0741,,2791,,3728,,3669,,3544,,4573
87,"leaning_tower_of_pisa",,6,,6,,6,,5667,,575,,6,,12,,2,,32,,4,,48,,48,,2,,3,,4174,,469,,5232,,5333
88,"hermitage_museum_saint_petersburg",1,0,1,0,,9,,8667,,85,,8,,16,,2,,32,,48,,52,,56,,2759,,3333,,4721,,6178,,6453,,6588
89,"jantar_mantar_jaipur",,6,,7,,85,,8333,,85,,82,,12,,28,,56,,72,,76,,84,,2,,4,,6752,,7725,,8025,,8299
90,"lake_titicaca_peru",,6,,4,,5,,6333,,575,,58,,125,,1667,,2917,,5417,,625,,6667,,2069,,2353,,3684,,5839,,599,,6203
91,"the_great_wall_of_china",,6,,8,,8,,8333,,775,,8,,12,,28,,44,,56,,68,,68,,2,,4148,,5677,,6699,,7244,,7351
92,"grande_arche_paris",,8,,5,,55,,5667,,575,,6,,16,,2,,24,,32,,44,,44,,2667,,2857,,3342,,409,,4985,,5077
93,"el_angel_mexico",1,0,,9,,75,,6667,,6,,52,,1905,,3333,,381,,5714,,619,,6667,,32,,4865,,5053,,6154,,6094,,5843
94,"bibliotheque_nationale_de_france",1,0,,8,,7,,7333,,7,,76,,12,,2,,24,,48,,52,,68,,2143,,32,,3574,,5802,,5967,,7178
95,"kronborg_castle",,8,,7,,8,,8333,,8,,82,,1667,,2083,,375,,4167,,5417,,5417,,2759,,3211,,5106,,5556,,646,,6524
96,"ajanta_caves",,8,,8,,8,,8667,,875,,88,,1364,,3182,,4545,,5909,,6818,,7727,,233,,4553,,5797,,7027,,7664,,8229
97,"atomium",,8,,9,,95,,9667,,9,,9,,1429,,2381,,381,,4762,,5238,,619,,2424,,3766,,5438,,6381,,6622,,7335
98,"ellora_caves",1,0,1,0,1,0,,9667,,95,,96,,1818,,2727,,4545,,5,,5909,,5909,,3077,,4286,,625,,6591,,7286,,7315
99,"potala_palace",,8,,8,,8,,8,,825,,8,,1667,,2778,,3889,,5,,6111,,7222,,2759,,4124,,5234,,6154,,7021,,7591
100,"jokhang",,8,,8,,85,,8667,,85,,88,,16,,28,,44,,56,,64,,76,,2667,,4148,,5798,,6804,,7302,,8156
101,"rila_monastery",,6,,8,,8,,8,,85,,86,,12,,16,,28,,48,,56,,6,,2,,2667,,4148,,6,,6752,,7068
102,"louvre_pyramid",1,0,1,0,,95,,9333,,925,,94,,2778,,2778,,3333,,5556,,6111,,6667,,4348,,4348,,4935,,6965,,736,,7801
103,"brooklyn_bridge",1,0,1,0,,9,,8,,85,,86,,1429,,3333,,381,,4762,,5238,,5714,,25,,5,,5353,,597,,6482,,6866
104,"tower_of_london",,8,,7,,75,,8,,775,,78,,1304,,1739,,3043,,4783,,5652,,6522,,2243,,2786,,433,,5986,,6537,,7104
105,"british_museum_london",1,0,1,0,1,0,,9667,,975,,96,,2,,35,,4,,55,,6,,6,,3333,,5185,,5714,,7011,,7429,,7385
106,"buckingham_palace",,6,,6,,55,,4333,,4,,4,,1,,2,,25,,25,,3,,35,,1714,,3,,3438,,3171,,3429,,3733
107,"charles_bridge_prague",,8,,8,,8,,7,,675,,66,,1667,,2917,,4167,,4583,,4583,,4583,,2759,,4275,,5479,,554,,546,,541
108,"champs_elysees_paris",,6,,7,,6,,5,,5,,54,,2,,3333,,4667,,5333,,6,,6667,,3,,4516,,525,,5161,,5455,,5967
109,"chrysler_building",1,0,1,0,1,0,1,0,,975,,98,,3571,,5,,5714,,6429,,7143,,7857,,5263,,6667,,7273,,7826,,8245,,8722
110,"moma_new_york",,8,,9,,9,,8667,,9,,88,,1053,,3158,,4211,,5789,,6316,,6316,,186,,4675,,5737,,6942,,7423,,7354
111,"grand_central_terminal",1,0,1,0,1,0,1,0,1,0,1,0,,0952,,0952,,2857,,3333,,4762,,4762,,1739,,1739,,4444,,5,,6452,,6452
112,"houses_of_parliament",1,0,1,0,,95,,9667,,975,,96,,2174,,2609,,3478,,4348,,4783,,4783,,3571,,4138,,5092,,5998,,6417,,6385
113,"alexanderplatz_berlin",,0,,4,,6,,5333,,6,,64,,0,,16,,36,,48,,52,,56,,0,,2286,,45,,5053,,5571,,5973
114,"centre_pompidou",1,0,,7,,7,,6667,,675,,7,,1667,,2778,,5,,5,,5556,,6111,,2857,,3977,,5833,,5714,,6095,,6525
115,"sydney_harbour_bridge",1,0,1,0,1,0,1,0,1,0,1,0,,25,,375,,5,,5625,,8125,,8125,,4,,5455,,6667,,72,,8966,,8966
116,"pier_39",1,0,1,0,1,0,1,0,1,0,,94,,1905,,3333,,4762,,5714,,619,,7143,,32,,5,,6452,,7273,,7647,,8117
117,"coit_tower",1,0,,7,,7,,6,,65,,6,,2,,2,,3333,,4,,4667,,4667,,3333,,3111,,4516,,48,,5433,,525
118,"st_paul_s_cathedral_london",1,0,1,0,,95,,9,,85,,84,,1176,,2353,,4706,,6471,,7059,,7059,,2105,,381,,6294,,7529,,7713,,7671
119,"cloud_gate",,8,,6,,65,,6333,,625,,64,,25,,4167,,5,,5,,5,,5833,,381,,4918,,5652,,5588,,5556,,6104
120,"musee_d_orsay",,8,,8,,85,,9,,925,,94,,1429,,3333,,4286,,5714,,7143,,7619,,2424,,4706,,5698,,699,,8061,,8416
121,"pike_place_market",1,0,1,0,,9,,8333,,875,,86,,1905,,3333,,4286,,4762,,5238,,5238,,32,,5,,5806,,6061,,6553,,6511
122,"royal_palace_madrid",,8,,7,,8,,8,,775,,8,,1364,,2273,,2727,,4091,,5909,,6818,,233,,3431,,4068,,5414,,6705,,7362
123,"sony_center_berlin",1,0,1,0,,95,,9667,,975,,98,,2381,,2857,,4286,,5714,,619,,619,,3846,,4444,,5907,,7183,,7573,,7588
124,"red_square_moscow",,4,,5,,6,,6,,6,,64,,0476,,1905,,4286,,4762,,5714,,7143,,0851,,2759,,5,,531,,5854,,6751
125,"prague_castle",,8,,9,,85,,8667,,85,,86,,12,,28,,44,,48,,64,,72,,2087,,4271,,5798,,6178,,7302,,7838
126,"musee_du_louvre",1,0,1,0,1,0,1,0,1,0,,98,,2,,28,,48,,6,,68,,68,,3333,,4375,,6486,,75,,8095,,8029
127,"millennium_bridge_london",,8,,9,,75,,8,,825,,82,,16,,24,,36,,48,,52,,52,,2667,,3789,,4865,,6,,6379,,6364
128,"casa_mila",1,0,1,0,,95,,9667,,975,,96,,2,,32,,48,,56,,64,,68,,3333,,4848,,6378,,7092,,7728,,7961
129,"national_gallery_london",1,0,1,0,,9,,9,,825,,72,,2273,,3636,,5,,5909,,5909,,5909,,3704,,5333,,6429,,7134,,6886,,6491
130,"national_mall",1,0,,9,,9,,9,,9,,88,,2,,36,,44,,64,,68,,72,,3333,,5143,,591,,7481,,7747,,792
131,"london_city_hall",1,0,1,0,1,0,1,0,,925,,88,,2,,35,,45,,55,,6,,7,,3333,,5185,,6207,,7097,,7279,,7797
132,"holocaust_memorial",,8,,8,,65,,5333,,6,,56,,1875,,1875,,3125,,375,,6875,,75,,3038,,3038,,4221,,4404,,6408,,6412
133,"columbus_circle",,8,,7,,7,,6333,,65,,62,,16,,28,,4,,4,,64,,68,,2667,,4,,5091,,4903,,645,,6486
134,"siegessaeule",1,0,,9,,75,,8,,7,,72,,16,,28,,36,,48,,56,,6,,2759,,4271,,4865,,6,,6222,,6545
135,"jardin_du_luxembourg",1,0,1,0,1,0,1,0,1,0,1,0,,2,,24,,4,,56,,72,,72,,3333,,3871,,5714,,7179,,8372,,8372
136,"merlion_singapore",,2,,2,,2,,3,,325,,32,,0455,,0909,,1818,,4091,,5,,5455,,0741,,125,,1905,,3462,,3939,,4034
137,"harrods_london",1,0,,9,,95,,9,,875,,88,,2,,32,,48,,6,,64,,72,,3333,,4721,,6378,,72,,7393,,792
138,"metropolitan_museum_of_art_new_york",1,0,1,0,1,0,1,0,,925,,94,,16,,24,,52,,64,,64,,72,,2759,,3871,,6842,,7805,,7565,,8154
139,"new_york_stock_exchange",,8,,9,,8,,7667,,675,,64,,2,,25,,3,,4,,4,,5,,32,,3913,,4364,,5257,,5023,,5614
140,"stephansdom_vienna",1,0,1,0,,95,,9667,,975,,96,,16,,36,,48,,56,,64,,76,,2759,,5294,,6378,,7092,,7728,,8484
141,"hms_belfast",1,0,1,0,1,0,,9333,,95,,92,,16,,28,,36,,52,,6,,68,,2759,,4375,,5294,,6679,,7355,,782
142,"leicester_square",1,0,,8,,7,,7667,,775,,74,,12,,2,,32,,4,,44,,56,,2143,,32,,4392,,5257,,5613,,6375
143,"ciudad_de_las_artes_y_las_ciencias",1,0,1,0,,95,,9333,,95,,94,,16,,28,,4,,44,,56,,6,,2759,,4375,,563,,5981,,7046,,7325
144,"topkapi_palace",1,0,1,0,1,0,,9667,,975,,94,,12,,32,,52,,56,,68,,68,,2143,,4848,,6842,,7092,,8012,,7891
145,"royal_albert_hall",,8,,8,,75,,7333,,725,,72,,16,,24,,32,,48,,52,,6,,2667,,3692,,4486,,5802,,6056,,6545
146,"st_vitus_cathedral",1,0,1,0,,95,,9667,,95,,96,,12,,24,,36,,52,,68,,72,,2143,,3871,,5221,,6762,,7926,,8229
147,"castello_sforzesco",1,0,1,0,,95,,9333,,9,,92,,16,,24,,36,,48,,56,,6,,2759,,3871,,5221,,634,,6904,,7263
148,"rijksmuseum_amsterdam",1,0,1,0,1,0,1,0,,975,,98,,12,,16,,32,,36,,44,,56,,2143,,2759,,4848,,5294,,6064,,7127
149,"dam_square",,8,,7,,8,,7667,,725,,66,,16,,16,,32,,44,,52,,52,,2667,,2605,,4571,,5591,,6056,,5817
150,"rathaus_vienna",,8,,9,,9,,8333,,8,,78,,12,,2,,24,,36,,4,,44,,2087,,3273,,3789,,5028,,5333,,5626
151,"bath_abbey",1,0,1,0,1,0,1,0,1,0,,96,,2,,28,,52,,56,,64,,68,,3333,,4375,,6842,,7179,,7805,,7961
152,"salisbury_cathedral",1,0,1,0,1,0,,9667,,975,,98,,12,,28,,36,,4,,48,,56,,2143,,4375,,5294,,5659,,6433,,7127
153,"templo_de_debod",,0,,3,,45,,4667,,5,,46,,0,,1364,,2273,,3182,,4091,,4545,,0,,1875,,302,,3784,,45,,4573
154,"Niagara_Falls",,4,,6,,7,,6333,,625,,6,,0909,,2727,,4091,,5,,5909,,5909,,1481,,375,,5164,,5588,,6075,,5954
155,"Golden_Gate_Bridge_in_San_Francisco",1,0,,9,,95,,9333,,925,,9,,1364,,2273,,4091,,5455,,6364,,7273,,24,,3629,,5719,,6885,,754,,8045
156,"Neuschwanstein_Castle",1,0,1,0,1,0,,9667,,975,,98,,12,,32,,4,,52,,64,,68,,2143,,4848,,5714,,6762,,7728,,8029
157,"Christ_Church_Cathedral_Missouri",1,0,1,0,1,0,,9,,9,,92,,12,,24,,4,,52,,56,,6,,2143,,3871,,5714,,6592,,6904,,7263
158,"Mount_Rushmore_in_South_Dakota",,8,,9,,9,,9333,,95,,94,,16,,24,,4,,44,,52,,56,,2667,,3789,,5538,,5981,,6721,,7019
159,"Puerta_de_Toledo",,4,,2,,15,,1,,075,,06,1,0,1,0,1,0,1,0,1,0,1,0,,5714,,3333,,2609,,1818,,1395,,1132
160,"Urquhart_Castle",,8,,7,,7,,7667,,825,,86,,1667,,25,,375,,5,,5417,,75,,2759,,3684,,4884,,6053,,654,,8012
161,"Gare_du_Nord_Paris",,8,,7,,75,,6667,,65,,7,,16,,2,,24,,28,,36,,44,,2667,,3111,,3636,,3944,,4634,,5404
162,"Newgrange_in_Ireland",1,0,,8,,65,,6333,,65,,66,,1667,,25,,3333,,4167,,4583,,4583,,2857,,381,,4407,,5026,,5376,,541
163,"Windmills_at_Kinderdijk",1,0,,9,,85,,8667,,875,,86,,12,,24,,44,,52,,6,,68,,2143,,3789,,5798,,65,,7119,,7595
164,"Conciergerie",1,0,,9,,95,,9333,,95,,96,,16,,28,,52,,56,,6,,64,,2759,,4271,,6721,,7,,7355,,768
165,"Palazzo_Madama",1,0,,9,,85,,8,,775,,76,,2273,,3182,,4545,,5455,,6818,,8182,,3704,,4701,,5923,,6486,,7254,,788
166,"Split_Rock_Lighthouse",1,0,1,0,,95,,9667,,925,,86,,2,,32,,4,,48,,48,,56,,3333,,4848,,563,,6415,,632,,6783
167,"The_Little_Mermaid_Denmark",,8,,9,,9,,9,,85,,76,,2143,,4286,,5714,,7143,,7857,,7857,,338,,5806,,699,,7965,,8166,,7726
168,"Great_Pyramid_of_Giza",,4,,6,,5,,5333,,55,,56,,1333,,3333,,4667,,5333,,7333,,8,,2,,4286,,4828,,5333,,6286,,6588
169,"Pitti_Palace",,8,,9,,85,,8333,,75,,72,,1818,,3636,,5,,5,,5,,5455,,2963,,518,,6296,,625,,6,,6207
170,"Georgia_State_Capitol",,6,,5,,45,,4667,,425,,38,,1053,,1579,,2632,,2632,,2632,,2632,,1791,,24,,3321,,3365,,325,,311
171,"Dome_des_Invalides",1,0,1,0,1,0,1,0,1,0,,98,,2,,28,,4,,52,,56,,6,,3333,,4375,,5714,,6842,,7179,,7443
172,"Reggia_di_Caserta",,6,,6,,45,,5333,,55,,5,,12,,24,,32,,48,,6,,68,,2,,3429,,374,,5053,,5739,,5763
173,"The_Burj_al_Arab_Hotel",,8,,9,,9,,9,,825,,82,,16,,24,,36,,48,,52,,6,,2667,,3789,,5143,,6261,,6379,,693
174,"Elephanta_Caves",1,0,1,0,1,0,,9,,875,,86,,2083,,3333,,4583,,625,,7083,,7917,,3448,,5,,6286,,7377,,7829,,8244
175,"Basilica_of_Santa_Croce",1,0,1,0,1,0,1,0,1,0,1,0,,16,,32,,4,,48,,6,,72,,2759,,4848,,5714,,6486,,75,,8372
176,"Aachen_Cathedral",1,0,1,0,,9,,9333,,925,,92,,16,,24,,36,,48,,6,,68,,2759,,3871,,5143,,634,,7279,,782
177,"Monument_to_the_Great_Fire_of_London",,4,,3,,55,,5333,,55,,52,,08,,12,,28,,4,,52,,56,,1333,,1714,,3711,,4571,,5346,,5393
178,"Longmen_Grottoes",,6,,7,,5,,6333,,625,,64,,12,,28,,36,,56,,68,,8,,2,,4,,4186,,5944,,6513,,7111
179,"Louisiana_State_Capitol",,2,,4,,4,,3,,325,,34,,04,,12,,24,,24,,32,,4,,0667,,1846,,3,,2667,,3225,,3676
180,"The_Great_Sphinx_at_Giza",,8,,9,,9,,8333,,85,,88,,12,,2,,4,,48,,56,,64,,2087,,3273,,5538,,6091,,6752,,7411
181,"Teatro_Real_Madrid",1,0,,9,,75,,8,,725,,68,,1304,,3043,,4348,,6957,,6957,,7391,,2308,,4549,,5505,,7442,,71,,7083
182,"Palacio_de_la_Magdalena",1,0,,9,,8,,8,,825,,76,,16,,28,,44,,6,,72,,76,,2759,,4271,,5677,,6857,,7689,,76
183,"Sowjetisches_Ehrenmal",,4,,7,,7,,7,,7,,68,,08,,28,,48,,56,,64,,68,,1333,,4,,5695,,6222,,6687,,68
184,"Cathedral_of_Trier",1,0,1,0,1,0,,9333,,9,,9,,2,,36,,48,,56,,72,,72,,3333,,5294,,6486,,7,,8,,8
185,"Saint_Mary_of_the_Flower",,0,,1,,1,,1333,,2,,26,,0,,04,,08,,12,,2,,32,,0,,0571,,0889,,1263,,2,,2869
186,"Skellig_Michael",,6,,8,,8,,7,,7,,66,,08,,28,,44,,52,,6,,64,,1412,,4148,,5677,,5967,,6462,,6498
187,"Chicago_Board_of_Trade_Building",1,0,,8,,85,,7667,,775,,68,,2273,,3182,,4091,,5,,5909,,6364,,3704,,4553,,5523,,6053,,6705,,6575
188,"Pont_de_Normandie_France",1,0,,9,,9,,9333,,925,,88,,2632,,3684,,5789,,7895,,8421,,8947,,4167,,5228,,7046,,8554,,8816,,8873
189,"Palazzo_Rosso",,0,,0,,0,,0333,,025,,08,,0,,0,,0,,0417,,0417,,125,,0,,0,,0,,037,,0312,,0976
190,"Piazza_Vittorio_Veneto",1,0,,8,,7,,6,,525,,46,,3125,,4375,,5,,5625,,5625,,5625,,4762,,5657,,5833,,5806,,5431,,5061
191,"Sforza_Castle",1,0,1,0,1,0,,9667,,95,,94,,16,,28,,44,,56,,6,,68,,2759,,4375,,6111,,7092,,7355,,7891
192,"Torres_KIO",1,0,1,0,,9,,9,,85,,84,,2,,36,,44,,48,,56,,6,,3333,,5294,,591,,6261,,6752,,7
193,"Torre_Picasso",1,0,1,0,,9,,8,,725,,7,,2083,,3333,,5417,,5833,,625,,6667,,3448,,5,,6763,,6747,,6713,,6829
194,"The_Palace_of_Parliament_in_Bucharest",1,0,,9,,9,,8667,,875,,9,,2,,24,,28,,52,,68,,72,,3333,,3789,,4271,,65,,7653,,8
195,"Ernest_Hemingway_House",,8,,8,,9,,9,,9,,88,,12,,12,,36,,52,,6,,64,,2087,,2087,,5143,,6592,,72,,7411
196,"Castel_dellOvo_Napoli",,6,,8,,85,,8333,,825,,82,,12,,32,,52,,64,,72,,8,,2,,4571,,6453,,724,,7689,,8099
197,"Villa_Borghese_gardens",1,0,1,0,1,0,1,0,,975,,98,,2,,28,,6,,76,,84,,88,,3333,,4375,,75,,8636,,9025,,9273
198,"Saint_Marks_Basilica",1,0,1,0,,95,,9667,,975,,96,,16,,24,,44,,44,,48,,48,,2759,,3871,,6014,,6047,,6433,,64
199,"Mausoleum_of_the_First_Qin_Emperor",,8,,8,,75,,8,,825,,82,,16,,2,,36,,52,,6,,68,,2667,,32,,4865,,6303,,6947,,7435
200,"Mausoleum_of_Hadrian",1,0,,9,,8,,7333,,7,,7,,2222,,3333,,5,,5556,,6111,,6667,,3636,,4865,,6154,,6322,,6525,,6829
201,"Piazza_de_Ferrari",1,0,1,0,,9,,9,,925,,92,,1579,,2632,,3684,,4737,,5263,,5263,,2727,,4167,,5228,,6207,,6709,,6696
202,"George_Washington_Carver",1,0,,6,,6,,6667,,625,,6,,25,,3125,,4375,,5,,625,,6875,,4,,411,,506,,5714,,625,,6408
203,"Cathedral_of_Santiago_de_Compostela",,8,,9,,85,,8667,,9,,88,,2353,,3529,,5882,,7059,,7647,,8235,,3636,,507,,6953,,7781,,8269,,8508
204,"Saint-Jacques_Tower",,6,,6,,65,,6667,,725,,7,,1538,,3077,,3846,,5385,,6154,,6154,,2449,,4068,,4833,,5957,,6657,,655
205,"Calakmul_Campeche_Mexico",1,0,1,0,,9,,9,,9,,86,,2857,,2857,,5,,6429,,7857,,8571,,4444,,4444,,6429,,75,,839,,8586
206,"Bran_Castle_in_Transylvania",,8,,9,,85,,8667,,875,,86,,2105,,3684,,5263,,5263,,5789,,6316,,3333,,5228,,6501,,6549,,6968,,7283
207,"Mosteiro_da_Batalha",1,0,1,0,1,0,1,0,1,0,1,0,,2632,,3684,,5789,,6842,,7368,,7368,,4167,,5385,,7333,,8125,,8485,,8485
208,"Wartburg_Castle",1,0,,9,,95,,9333,,9,,88,,2,,35,,55,,75,,75,,8,,3333,,504,,6967,,8317,,8182,,8381
209,"Fujian_Tulou_Fujian_China",1,0,1,0,1,0,,9667,,975,,96,,1667,,2778,,4444,,5,,5,,6667,,2857,,4348,,6154,,6591,,661,,7869
210,"Alabama_State_Capitol",1,0,,7,,7,,7667,,775,,74,,2381,,3333,,5238,,7143,,7143,,8095,,3846,,4516,,5992,,7395,,7434,,7732
211,"Palazzo_dAccursio",,8,,8,,8,,8,,725,,72,,1667,,2778,,4444,,5,,5556,,5556,,2759,,4124,,5714,,6154,,6291,,6272
212,"Casa_Grande_Ruins",,6,,8,,9,,9,,85,,82,,1765,,2941,,3529,,4118,,4706,,5294,,2727,,4301,,507,,565,,6058,,6434
213,"Stravinsky_Fountain",1,0,,9,,95,,9,,875,,86,,2,,2,,3333,,3333,,3333,,4,,3333,,3273,,4935,,4865,,4828,,546
214,"Angel_Falls_Venezuela",,4,,5,,45,,5,,5,,46,,1176,,2353,,4118,,5294,,5882,,6471,,1818,,32,,43,,5143,,5405,,5377
215,"Statue_of_George_IV",,4,,5,,55,,6333,,55,,48,,125,,5,,625,,875,,875,,875,,1905,,5,,5851,,7348,,6754,,6199
216,"Palacio_Barolo",,8,,9,,9,,9,,925,,92,,2353,,3529,,4118,,5294,,5294,,6471,,3636,,507,,565,,6667,,6734,,7598
217,"Bridge_of_Remembrance_Christchurch_New_Zealand",,8,,9,,85,,8,,75,,72,,3333,,5,,8333,,8333,1,0,1,0,,4706,,6429,,8416,,8163,,8571,,8372
218,"John_A._Roebling_Suspension_Bridge",,4,,5,,4,,4,,425,,46,,1333,,2667,,4667,,5333,,6667,,8,,2,,3478,,4308,,4571,,5191,,5841
219,"Blue_Dome_Santorini",,6,,8,,9,,9333,,925,,9,,1875,,375,,5,,6875,,6875,,8125,,2857,,5106,,6429,,7918,,7888,,854
220,"Fossar_de_les_Moreres",,6,,6,,6,,5,,45,,42,,1429,,2857,,4286,,5714,,6429,,7143,,2308,,3871,,5,,5333,,5294,,529
221,"Luxor_Obelisk_France",1,0,,7,,8,,8,,775,,74,,125,,1875,,375,,4375,,5,,625,,2222,,2958,,5106,,5657,,6078,,6777
222,"Valle_de_los_Caidos",1,0,1,0,1,0,,9667,,925,,92,,25,,4,,55,,55,,6,,7,,4,,5714,,7097,,7011,,7279,,7951
--------------------
"--","Avg.",P@5,P@10,P@20,P@30,P@40,P@50,CR@5,CR@10,CR@20,CR@30,CR@40,CR@50,F1@5,F1@10,F1@20,F1@30,F1@40,F1@50
,,,8009,,8005,,7881,,7812,,7715,,7639,,1565,,264,,4031,,5082,,5834,,642,,2556,,388,,5223,,6035,,6506,,6824