--------------------
"Run name","output_runJACKARDXBIndex"
--------------------
"Average P@20 = ",,7241
"Average CR@20 = ",,4256
"Average F1@20 = ",,5291
--------------------
"Query Id ","Location name",P@5,P@10,P@20,P@30,P@40,P@50,CR@5,CR@10,CR@20,CR@30,CR@40,CR@50,F1@5,F1@10,F1@20,F1@30,F1@40,F1@50
1,"angel_of_the_north",1,0,,8,,9,,9333,,95,,96,,16,,24,,44,,6,,72,,76,,2759,,3692,,591,,7304,,8192,,8484
2,"big_ben",,6,,6,,65,,6,,6,,68,,1364,,1818,,2727,,3636,,5,,5,,2222,,2791,,3842,,4528,,5455,,5763
3,"hearst_castle",,8,,7,,8,,8333,,825,,86,,1667,,2083,,4167,,5833,,7083,,7917,,2759,,3211,,5479,,6863,,7622,,8244
4,"la_madeleine",,6,,4,,3,,3,,3,,32,,2143,,2857,,3571,,5,,5714,,6429,,3158,,3333,,3261,,375,,3934,,4273
5,"pont_alexandre_iii",1,0,,9,,9,,8667,,875,,88,,12,,12,,4,,52,,64,,76,,2143,,2118,,5538,,65,,7393,,8156
6,"neues_museum",,8,,8,,8,,7667,,725,,72,,16,,24,,48,,52,,6,,6,,2667,,3692,,6,,6197,,6566,,6545
7,"montezuma_castle",,8,,7,,55,,4333,,525,,56,,3333,,4167,,4167,,5833,,75,,75,,4706,,5224,,4741,,4973,,6176,,6412
8,"cn_tower",,4,,7,,7,,6333,,6,,58,,0833,,2917,,4583,,5417,,5833,,625,,1379,,4118,,554,,5839,,5915,,6017
9,"acropolis_athens",,6,,7,,65,,7,,725,,76,,1429,,2857,,4286,,4762,,5714,,6667,,2308,,4058,,5166,,5668,,6391,,7103
10,"agra_fort",,8,,9,,9,,9333,,925,,9,,16,,32,,52,,68,,76,,76,,2667,,4721,,6592,,7868,,8344,,8241
11,"albert_memorial",,8,,8,,7,,7,,75,,76,,1818,,3182,,4091,,5,,5455,,6364,,2963,,4553,,5164,,5833,,6316,,6927
12,"altes_museum",,8,,8,,85,,7333,,725,,74,,125,,2917,,4583,,5417,,5417,,6667,,2162,,4275,,5955,,6231,,6201,,7014
13,"amiens_cathedral",,8,,8,,8,,8667,,9,,92,,16,,28,,52,,6,,72,,72,,2667,,4148,,6303,,7091,,8,,8078
14,"angkor_wat",,8,,9,,8,,8333,,825,,86,,16,,36,,52,,72,,76,,8,,2667,,5143,,6303,,7725,,7912,,8289
15,"ara_pacis",,6,,6,,6,,5667,,6,,56,,1364,,1818,,4091,,4545,,5909,,6364,,2222,,2791,,4865,,5045,,5954,,5957
16,"arc_de_triomphe",1,0,,9,,6,,6333,,65,,62,,1667,,2917,,375,,5,,5833,,6667,,2857,,4406,,4615,,5588,,6149,,6425
17,"aztec_ruins",,4,,2,,25,,3667,,375,,34,,08,,08,,2,,32,,36,,36,,1333,,1143,,2222,,3417,,3673,,3497
18,"berlin_cathedral",1,0,1,0,,9,,9333,,95,,92,,12,,28,,44,,64,,68,,68,,2143,,4375,,591,,7593,,7926,,782
19,"bok_tower_gardens",1,0,1,0,1,0,,9333,,925,,92,,16,,32,,44,,56,,6,,72,,2759,,4848,,6111,,7,,7279,,8078
20,"brandenburg_gate",1,0,1,0,,95,,9667,,95,,94,,16,,28,,44,,64,,68,,72,,2759,,4375,,6014,,7701,,7926,,8154
21,"cabrillo",,0,,0,,0,,0333,,1,,08,,0,,0,,0,,0769,,3077,,3077,,0,,0,,0,,0465,,1509,,127
22,"casa_batllo",1,0,,8,,85,,9,,925,,94,,2,,32,,52,,64,,68,,68,,3333,,4571,,6453,,7481,,7838,,7891
23,"casa_rosada",1,0,1,0,,9,,9,,85,,84,,2,,32,,48,,68,,76,,8,,3333,,4848,,6261,,7747,,8025,,8195
24,"castillo_de_san_marcos",,8,,8,,75,,7667,,725,,78,,16,,32,,44,,56,,6,,68,,2667,,4571,,5546,,6472,,6566,,7266
25,"chartres_cathedral",,8,,9,,8,,8667,,875,,88,,16,,28,,44,,64,,72,,76,,2667,,4271,,5677,,7363,,79,,8156
26,"chichen_itza",1,0,,9,,9,,8667,,85,,88,,2,,36,,56,,68,,72,,72,,3333,,5143,,6904,,7621,,7796,,792
27,"christ_the_redeemer_rio",,6,,6,,5,,4667,,475,,48,,1304,,2609,,3043,,4783,,6522,,6522,,2143,,3636,,3784,,4724,,5497,,553
28,"civic_center_san_francisco",,4,,6,,45,,5667,,575,,58,,08,,2,,28,,48,,56,,56,,1333,,3,,3452,,5197,,5674,,5698
29,"cologne_cathedral",1,0,1,0,1,0,,9667,,975,,96,,16,,32,,52,,6,,68,,72,,2759,,4848,,6842,,7404,,8012,,8229
30,"colosseum",1,0,,8,,9,,9,,9,,9,,2,,28,,44,,56,,6,,64,,3333,,4148,,591,,6904,,72,,7481
31,"doge_s_palace",1,0,,8,,75,,8333,,85,,88,,2,,28,,4,,48,,52,,52,,3333,,4148,,5217,,6091,,6453,,6537
32,"eiffel_tower",1,0,,9,,9,,9,,875,,86,,2,,24,,44,,52,,6,,64,,3333,,3789,,591,,6592,,7119,,7339
33,"golden_gate_bridge",,6,,8,,9,,9,,85,,82,,087,,2609,,4783,,6957,,6957,,7391,,1519,,3934,,6246,,7847,,7651,,7775
34,"grand_palais",1,0,,9,,95,,9333,,925,,92,,2273,,3182,,5,,6364,,7727,,8182,,3704,,4701,,6552,,7568,,842,,8661
35,"guggenheim_museum_bilbao",1,0,,9,,9,,9333,,9,,88,,16,,28,,4,,48,,56,,64,,2759,,4271,,5538,,634,,6904,,7411
36,"hagia_sophia_istanbul",,8,,9,,9,,9333,,95,,96,,16,,28,,4,,44,,48,,6,,2667,,4271,,5538,,5981,,6378,,7385
37,"hoover_dam",,8,,7,,85,,9,,925,,92,,16,,28,,52,,72,,72,,8,,2667,,4,,6453,,8,,8097,,8558
38,"humayun_tomb",,6,,8,,75,,8333,,825,,8,,12,,28,,44,,56,,64,,8,,2,,4148,,5546,,6699,,7208,,8
39,"iguazu_falls",,6,,7,,75,,7667,,775,,8,,12,,24,,48,,56,,56,,64,,2,,3574,,5854,,6472,,6502,,7111
40,"iolani_palace",,8,,7,,6,,6333,,675,,68,,12,,2,,36,,52,,64,,68,,2087,,3111,,45,,5711,,657,,68
41,"la_mezquita",,4,,5,,5,,4,,4,,42,,0833,,2083,,375,,4167,,5417,,625,,1379,,2941,,4286,,4082,,4602,,5024
42,"la_rambla_barcelona",1,0,,9,,9,,9,,9,,88,,12,,2,,4,,64,,76,,76,,2143,,3273,,5538,,7481,,8241,,8156
43,"la_sainte_chapelle",1,0,1,0,1,0,1,0,,975,,98,,2,,32,,48,,64,,68,,72,,3333,,4848,,6486,,7805,,8012,,8301
44,"liberty_memorial",,6,,7,,75,,7333,,8,,78,,12,,24,,44,,52,,6,,68,,2,,3574,,5546,,6085,,6857,,7266
45,"lincoln_home",,6,,5,,7,,7333,,65,,62,,1667,,2222,,4444,,6111,,6111,,6111,,2609,,3077,,5437,,6667,,63,,6155
46,"machu_picchu",1,0,,8,,75,,7333,,775,,76,,2,,28,,4,,56,,64,,68,,3333,,4148,,5217,,6351,,7011,,7178
47,"marble_arch_london",,0,,1,,4,,3333,,325,,3,,0,,0833,,5833,,6667,,8333,,8333,,0,,0909,,4746,,4444,,4676,,4412
48,"milan_cathedral",,8,,9,,9,,8667,,875,,9,,12,,28,,44,,6,,64,,68,,2087,,4271,,591,,7091,,7393,,7747
49,"mole_antonelliana",,2,,5,,55,,6667,,675,,72,,04,,16,,32,,4,,44,,52,,0667,,2424,,4046,,5,,5327,,6039
50,"mont_saint_michel",1,0,,9,,8,,8667,,85,,86,,16,,32,,48,,64,,76,,8,,2759,,4721,,6,,7363,,8025,,8289
51,"moulin_rouge",,0,,0,,05,,1333,,15,,14,,0,,0,,125,,5,,625,,75,,0,,0,,0714,,2105,,2419,,236
52,"nelson_s_column",,6,,8,,85,,9,,9,,9,,125,,25,,5417,,6667,,7917,,875,,2069,,381,,6617,,766,,8424,,8873
53,"notre_dame_de_paris",1,0,1,0,,8,,8333,,875,,86,,2,,32,,44,,48,,6,,64,,3333,,4848,,5677,,6091,,7119,,7339
54,"obelisco",,2,,2,,1,,1333,,125,,18,,0909,,1818,,1818,,2727,,2727,,4545,,125,,1905,,129,,1791,,1714,,2579
55,"piccadilly_circus",1,0,,9,,8,,7,,75,,74,,2174,,3478,,5217,,5652,,6957,,7826,,3571,,5017,,6316,,6254,,7218,,7607
56,"place_de_la_concorde",1,0,1,0,1,0,1,0,1,0,1,0,,2,,36,,48,,6,,68,,72,,3333,,5294,,6486,,75,,8095,,8372
57,"place_de_la_republique",,6,,4,,3,,2667,,2,,18,,375,,375,,5,,625,,625,,75,,4615,,3871,,375,,3738,,303,,2903
58,"place_des_vosges",,6,,5,,55,,5333,,55,,58,,08,,16,,36,,44,,6,,68,,1412,,2424,,4352,,4822,,5739,,626
59,"pont_du_gard",1,0,,8,,6,,6333,,7,,72,,2,,32,,4,,56,,56,,6,,3333,,4571,,48,,5944,,6222,,6545
60,"pont_neuf",,6,,7,,7,,7,,65,,64,,12,,28,,56,,64,,64,,72,,2,,4,,6222,,6687,,645,,6776
61,"ponte_vecchio",,4,,7,,65,,7333,,65,,64,,0833,,25,,375,,5,,5417,,625,,1379,,3684,,4756,,5946,,5909,,6324
62,"puerta_de_alcala",1,0,,8,,6,,5667,,55,,56,,1579,,2632,,3684,,4737,,5263,,6316,,2727,,396,,4565,,516,,5379,,5936
63,"puerta_del_sol",,6,,6,,35,,3333,,375,,4,,1,,25,,3,,4,,5,,6,,1714,,3529,,3231,,3636,,4286,,48
64,"red_fort",1,0,1,0,1,0,1,0,1,0,1,0,,2,,28,,48,,52,,64,,72,,3333,,4375,,6486,,6842,,7805,,8372
65,"reims_cathedral",1,0,,9,,85,,8667,,875,,88,,16,,28,,44,,56,,72,,72,,2759,,4271,,5798,,6804,,79,,792
66,"rialto_bridge",,4,,5,,55,,5667,,5,,5,,125,,25,,375,,625,,6875,,6875,,1905,,3333,,4459,,5944,,5789,,5789
67,"roman_forum_rome",,6,,8,,9,,8667,,775,,78,,12,,28,,48,,56,,6,,68,,2,,4148,,6261,,6804,,6764,,7266
68,"sacre_coeur",,8,,7,,4,,4,,475,,52,,1667,,2917,,2917,,375,,4167,,4583,,2759,,4118,,3373,,3871,,4439,,4872
69,"sagrada_familia",1,0,1,0,,9,,9333,,925,,92,,16,,32,,44,,56,,64,,76,,2759,,4848,,591,,7,,7565,,8324
70,"santa_maria_novella",,4,,5,,65,,6333,,6,,62,,08,,2,,4,,52,,6,,68,,1333,,2857,,4952,,5711,,6,,6486
71,"schonbrunn_palace",1,0,1,0,,95,,9667,,95,,96,,2,,36,,64,,72,,72,,76,,3333,,5294,,7648,,8253,,8192,,8484
72,"seville_cathedral",1,0,1,0,1,0,1,0,1,0,1,0,,16,,36,,56,,64,,72,,76,,2759,,5294,,7179,,7805,,8372,,8636
73,"spanish_steps",,6,,7,,6,,6333,,6,,62,,1364,,2273,,4091,,5909,,5909,,6364,,2222,,3431,,4865,,6114,,5954,,6281
74,"st__basil_cathedral",1,0,,9,,9,,9333,,925,,94,,2,,28,,52,,64,,64,,72,,3333,,4271,,6592,,7593,,7565,,8154
75,"statue_of_liberty",,8,,9,,9,,8667,,85,,86,,16,,32,,4,,56,,68,,72,,2667,,4721,,5538,,6804,,7556,,7838
76,"stonehenge",,4,,6,,45,,4333,,425,,42,,1053,,1579,,2105,,3684,,4211,,4737,,1667,,25,,2869,,3982,,423,,4452
77,"summer_palace_beijing",,8,,8,,75,,7333,,75,,78,,12,,24,,44,,56,,68,,72,,2087,,3692,,5546,,6351,,7133,,7488
78,"sydney_opera_house",1,0,,9,,9,,9,,925,,92,,16,,32,,48,,56,,6,,64,,2759,,4721,,6261,,6904,,7279,,7549
79,"teotihuacan",,6,,5,,6,,6667,,625,,68,,12,,2,,36,,52,,56,,6,,2,,2857,,45,,5843,,5907,,6375
80,"terracotta_army",,8,,6,,5,,6333,,625,,66,,15,,15,,35,,6,,8,,8,,2526,,24,,4118,,6162,,7018,,7233
81,"the_blue_mosque",1,0,1,0,1,0,,9667,,925,,94,,16,,24,,52,,6,,72,,8,,2759,,3871,,6842,,7404,,8097,,8644
82,"the_henry_ford",,6,,6,,5,,5,,525,,58,,12,,2,,28,,4,,56,,6,,2,,3,,359,,4444,,5419,,5898
83,"taj_mahal",1,0,,9,,85,,9,,925,,9,,2,,36,,48,,52,,72,,72,,3333,,5143,,6135,,6592,,8097,,8
84,"tour_montparnasse",,0,,2,,25,,3,,325,,36,,0,,1,,25,,35,,4,,4,,0,,1333,,25,,3231,,3586,,3789
85,"tower_bridge_london",,4,,5,,4,,4333,,525,,54,,08,,16,,24,,28,,44,,52,,1333,,2424,,3,,3402,,4788,,5298
86,"trafalgar_square",,6,,8,,7,,6,,65,,6,,1364,,2273,,3182,,4091,,4545,,5,,2222,,354,,4375,,4865,,535,,5455
87,"leaning_tower_of_pisa",,6,,6,,55,,6667,,75,,74,,12,,24,,4,,6,,8,,8,,2,,3429,,4632,,6316,,7742,,7688
88,"hermitage_museum_saint_petersburg",,8,,8,,85,,8667,,8,,82,,16,,28,,4,,52,,6,,6,,2667,,4148,,544,,65,,6857,,693
89,"jantar_mantar_jaipur",1,0,1,0,,95,,8,,825,,84,,2,,32,,56,,72,,8,,92,,3333,,4848,,7046,,7579,,8123,,8782
90,"lake_titicaca_peru",,4,,4,,45,,4333,,5,,58,,0833,,1667,,2917,,4167,,5,,6667,,1379,,2353,,3539,,4248,,5,,6203
91,"the_great_wall_of_china",1,0,1,0,,95,,8,,775,,8,,2,,36,,6,,68,,72,,76,,3333,,5294,,7355,,7351,,7465,,7795
92,"grande_arche_paris",,6,,6,,65,,6333,,7,,68,,12,,2,,48,,6,,6,,64,,2,,3,,5522,,6162,,6462,,6594
93,"el_angel_mexico",,4,,3,,4,,4,,425,,4,,0952,,1429,,381,,4762,,619,,7143,,1538,,1935,,3902,,4348,,504,,5128
94,"bibliotheque_nationale_de_france",,8,,8,,75,,7667,,8,,8,,16,,28,,52,,6,,64,,68,,2667,,4148,,6142,,6732,,7111,,7351
95,"kronborg_castle",1,0,1,0,,95,,9333,,9,,92,,2083,,3333,,4167,,4583,,5833,,6667,,3448,,5,,5793,,6148,,7079,,7731
96,"ajanta_caves",1,0,1,0,,95,,9667,,95,,94,,2273,,3636,,5909,,6364,,7273,,7273,,3704,,5333,,7286,,7675,,8238,,8201
97,"atomium",1,0,,9,,9,,9,,875,,86,,1429,,2857,,4762,,619,,6667,,6667,,25,,4337,,6228,,7335,,7568,,7511
98,"ellora_caves",1,0,1,0,,95,,9667,,95,,96,,2273,,4091,,5455,,5909,,6364,,6364,,3704,,5806,,693,,7335,,7622,,7654
99,"potala_palace",,8,,8,,7,,6667,,625,,7,,1667,,3889,,5556,,6667,,7222,,7778,,2759,,5234,,6195,,6667,,6701,,7368
100,"jokhang",,8,,8,,7,,7333,,725,,72,,12,,2,,4,,48,,56,,64,,2087,,32,,5091,,5802,,6319,,6776
101,"rila_monastery",,8,,8,,85,,8667,,9,,92,,16,,24,,32,,32,,32,,44,,2667,,3692,,465,,4674,,4721,,5953
102,"louvre_pyramid",1,0,,9,,8,,7667,,8,,8,,2778,,3889,,4444,,6111,,6667,,7222,,4348,,5431,,5714,,6801,,7273,,7591
103,"brooklyn_bridge",1,0,1,0,,85,,8,,85,,8,,2381,,381,,619,,6667,,7619,,7619,,3846,,5517,,7164,,7273,,8035,,7805
104,"tower_of_london",1,0,,6,,65,,6333,,55,,62,,2174,,2609,,3478,,4783,,5652,,6087,,3571,,3636,,4532,,545,,5575,,6143
105,"british_museum_london",1,0,1,0,,95,,9667,,975,,92,,25,,4,,5,,6,,75,,75,,4,,5714,,6552,,7404,,8478,,8263
106,"buckingham_palace",,6,,6,,6,,5,,45,,46,,15,,2,,3,,3,,3,,4,,24,,3,,4,,375,,36,,4279
107,"charles_bridge_prague",,6,,8,,8,,7667,,725,,7,,125,,25,,375,,5,,5833,,6667,,2069,,381,,5106,,6053,,6465,,6829
108,"champs_elysees_paris",,6,,5,,35,,4667,,45,,42,,2,,2667,,3333,,4667,,5333,,6,,3,,3478,,3415,,4667,,4881,,4941
109,"chrysler_building",1,0,,9,,9,,9,,925,,94,,2143,,3571,,5714,,8571,,8571,,8571,,3529,,5114,,699,,878,,8898,,8967
110,"moma_new_york",1,0,1,0,1,0,,9667,,9,,88,,2105,,3158,,5789,,5789,,6842,,6842,,3478,,48,,7333,,7242,,7774,,7699
111,"grand_central_terminal",1,0,1,0,,95,,9333,,95,,94,,1429,,2381,,4286,,4762,,5714,,5714,,25,,3846,,5907,,6306,,7136,,7108
112,"houses_of_parliament",,8,,9,,85,,8667,,875,,88,,1739,,3043,,3913,,4783,,4783,,4783,,2857,,4549,,5359,,6164,,6185,,6197
113,"alexanderplatz_berlin",,8,,9,,8,,7333,,675,,72,,12,,28,,4,,52,,56,,6,,2087,,4271,,5333,,6085,,6121,,6545
114,"centre_pompidou",,8,,6,,75,,7,,65,,66,,2222,,3333,,5556,,6111,,6111,,7222,,3478,,4286,,6383,,6525,,63,,6897
115,"sydney_harbour_bridge",1,0,1,0,1,0,1,0,,975,,96,,3125,,625,,6875,,75,,75,,8125,,4762,,7692,,8148,,8571,,8478,,8801
116,"pier_39",1,0,,9,,8,,8333,,825,,84,,2381,,3333,,5238,,619,,6667,,7619,,3846,,4865,,6331,,7104,,7374,,799
117,"coit_tower",,8,,8,,65,,5,,55,,52,,2667,,3333,,4667,,5333,,5333,,6,,4,,4706,,5433,,5161,,5415,,5571
118,"st_paul_s_cathedral_london",,8,,7,,8,,7667,,675,,7,,2353,,2941,,5882,,7059,,7059,,7059,,3636,,4142,,678,,735,,6901,,7029
119,"cloud_gate",1,0,1,0,,9,,8333,,75,,76,,25,,3333,,4167,,5,,5,,5833,,4,,5,,5696,,625,,6,,66
120,"musee_d_orsay",,8,,9,,95,,9333,,95,,96,,1429,,1905,,3333,,4286,,5714,,5714,,2424,,3144,,4935,,5874,,7136,,7164
121,"pike_place_market",,8,,8,,75,,7667,,75,,72,,1429,,2857,,3333,,4286,,4286,,4286,,2424,,4211,,4615,,5498,,5455,,5373
122,"royal_palace_madrid",1,0,,9,,85,,8333,,85,,84,,1818,,2727,,4091,,5,,6364,,7727,,3077,,4186,,5523,,625,,7278,,805
123,"sony_center_berlin",1,0,1,0,,85,,9,,875,,86,,2381,,2381,,2857,,4762,,4762,,5238,,3846,,3846,,4277,,6228,,6167,,6511
124,"red_square_moscow",,8,,7,,6,,6,,6,,68,,1905,,2857,,381,,4762,,619,,7619,,3077,,4058,,466,,531,,6094,,7186
125,"prague_castle",1,0,,8,,75,,8,,775,,74,,2,,24,,4,,52,,68,,68,,3333,,3692,,5217,,6303,,7244,,7087
126,"musee_du_louvre",1,0,1,0,1,0,,9333,,95,,96,,16,,28,,48,,64,,68,,72,,2759,,4375,,6486,,7593,,7926,,8229
127,"millennium_bridge_london",1,0,,9,,8,,7333,,775,,76,,2,,32,,44,,52,,64,,68,,3333,,4721,,5677,,6085,,7011,,7178
128,"casa_mila",1,0,1,0,,9,,9,,925,,92,,2,,4,,56,,68,,72,,76,,3333,,5714,,6904,,7747,,8097,,8324
129,"national_gallery_london",,2,,5,,5,,4333,,5,,56,,0455,,2273,,3636,,3636,,5455,,6364,,0741,,3125,,4211,,3954,,5217,,5957
130,"national_mall",,8,,7,,65,,6333,,65,,66,,16,,24,,4,,56,,68,,76,,2667,,3574,,4952,,5944,,6647,,7065
131,"london_city_hall",,4,,6,,75,,7,,7,,7,,1,,25,,45,,55,,6,,8,,16,,3529,,5625,,616,,6462,,7467
132,"holocaust_memorial",,6,,5,,5,,4333,,45,,46,,1875,,3125,,5,,5625,,6875,,75,,2857,,3846,,5,,4895,,544,,5702
133,"columbus_circle",,8,,6,,65,,5333,,475,,46,,16,,16,,4,,52,,56,,68,,2667,,2526,,4952,,5266,,514,,5488
134,"siegessaeule",,6,,6,,7,,6333,,625,,58,,12,,2,,44,,6,,64,,64,,2,,3,,5404,,6162,,6324,,6085
135,"jardin_du_luxembourg",,8,,9,,85,,8667,,9,,9,,12,,24,,44,,56,,72,,8,,2087,,3789,,5798,,6804,,8,,8471
136,"merlion_singapore",,6,,4,,5,,4667,,475,,52,,1364,,1818,,3636,,4545,,5455,,5909,,2222,,25,,4211,,4605,,5078,,5532
137,"harrods_london",1,0,,9,,8,,8,,775,,74,,2,,32,,4,,56,,64,,68,,3333,,4721,,5333,,6588,,7011,,7087
138,"metropolitan_museum_of_art_new_york",1,0,1,0,,9,,9,,925,,94,,16,,28,,52,,56,,6,,6,,2759,,4375,,6592,,6904,,7279,,7325
139,"new_york_stock_exchange",1,0,,7,,5,,5333,,5,,5,,25,,35,,45,,6,,65,,7,,4,,4667,,4737,,5647,,5652,,5833
140,"stephansdom_vienna",1,0,,8,,9,,9333,,95,,92,,16,,24,,4,,56,,72,,76,,2759,,3692,,5538,,7,,8192,,8324
141,"hms_belfast",1,0,1,0,,85,,8333,,85,,84,,16,,32,,48,,6,,64,,76,,2759,,4848,,6135,,6977,,7302,,798
142,"leicester_square",1,0,,9,,9,,8667,,825,,8,,2,,28,,4,,44,,6,,64,,3333,,4271,,5538,,5837,,6947,,7111
143,"ciudad_de_las_artes_y_las_ciencias",1,0,1,0,1,0,,9667,,9,,88,,2,,36,,56,,72,,72,,76,,3333,,5294,,7179,,8253,,8,,8156
144,"topkapi_palace",1,0,1,0,1,0,1,0,,975,,96,,16,,32,,56,,64,,64,,72,,2759,,4848,,7179,,7805,,7728,,8229
145,"royal_albert_hall",,2,,3,,4,,5,,525,,56,,04,,12,,28,,44,,48,,6,,0667,,1714,,3294,,4681,,5015,,5793
146,"st_vitus_cathedral",1,0,,9,,85,,9,,925,,92,,2,,28,,52,,64,,68,,68,,3333,,4271,,6453,,7481,,7838,,782
147,"castello_sforzesco",,8,,8,,9,,9333,,925,,92,,16,,32,,56,,64,,72,,76,,2667,,4571,,6904,,7593,,8097,,8324
148,"rijksmuseum_amsterdam",1,0,1,0,,95,,9667,,975,,98,,16,,24,,44,,6,,76,,76,,2759,,3871,,6014,,7404,,8542,,8561
149,"dam_square",,4,,6,,5,,6,,7,,66,,08,,24,,36,,48,,6,,6,,1333,,3429,,4186,,5333,,6462,,6286
150,"rathaus_vienna",,6,,5,,55,,5,,5,,54,,12,,2,,36,,44,,48,,56,,2,,2857,,4352,,4681,,4898,,5498
151,"bath_abbey",1,0,1,0,,95,,9333,,9,,92,,2,,32,,44,,6,,68,,8,,3333,,4848,,6014,,7304,,7747,,8558
152,"salisbury_cathedral",1,0,1,0,1,0,1,0,1,0,1,0,,16,,28,,48,,6,,68,,72,,2759,,4375,,6486,,75,,8095,,8372
153,"templo_de_debod",,0,,4,,45,,4,,425,,44,,0,,1818,,3636,,4091,,5455,,5455,,0,,25,,4022,,4045,,4778,,4871
154,"Niagara_Falls",,8,,8,,65,,7,,65,,62,,1364,,3182,,4091,,5,,5909,,6364,,233,,4553,,5021,,5833,,619,,6281
155,"Golden_Gate_Bridge_in_San_Francisco",,8,,9,,9,,9333,,95,,96,,1818,,3636,,5455,,7273,,7273,,8182,,2963,,518,,6792,,8175,,8238,,8834
156,"Neuschwanstein_Castle",1,0,,8,,9,,9333,,925,,92,,16,,24,,44,,56,,6,,6,,2759,,3692,,591,,7,,7279,,7263
157,"Christ_Church_Cathedral_Missouri",,8,,9,,9,,9,,9,,9,,08,,2,,4,,52,,64,,72,,1455,,3273,,5538,,6592,,7481,,8
158,"Mount_Rushmore_in_South_Dakota",1,0,,9,,95,,9,,875,,9,,2,,28,,44,,44,,52,,68,,3333,,4271,,6014,,591,,6523,,7747
159,"Puerta_de_Toledo",,0,,0,,0,,0,,05,,04,,0,,0,,0,,0,1,0,1,0,,0,,0,,0,,0,,0952,,0769
160,"Urquhart_Castle",,8,,8,,9,,9,,9,,92,,1667,,2917,,4583,,5417,,625,,7083,,2759,,4275,,6074,,6763,,7377,,8004
161,"Gare_du_Nord_Paris",,6,,7,,8,,7667,,75,,76,,12,,24,,44,,56,,64,,72,,2,,3574,,5677,,6472,,6906,,7395
162,"Newgrange_in_Ireland",,4,,6,,55,,6,,65,,7,,0833,,25,,3333,,4167,,5,,5833,,1379,,3529,,4151,,4918,,5652,,6364
163,"Windmills_at_Kinderdijk",1,0,1,0,1,0,,9667,,925,,9,,16,,28,,48,,56,,68,,72,,2759,,4375,,6486,,7092,,7838,,8
164,"Conciergerie",1,0,1,0,1,0,,9667,,975,,96,,16,,32,,44,,48,,6,,76,,2759,,4848,,6111,,6415,,7429,,8484
165,"Palazzo_Madama",,8,,8,,5,,5,,45,,48,,2273,,3636,,4545,,5909,,6818,,7273,,354,,5,,4762,,5417,,5422,,5783
166,"Split_Rock_Lighthouse",,8,,9,,85,,7667,,8,,68,,16,,32,,4,,44,,48,,52,,2667,,4721,,544,,5591,,6,,5893
167,"The_Little_Mermaid_Denmark",,6,,7,,45,,5,,475,,46,,2143,,3571,,5,,5714,,7143,,7143,,3158,,473,,4737,,5333,,5706,,5596
168,"Great_Pyramid_of_Giza",,8,,8,,75,,7333,,725,,68,,2,,2667,,5333,,6667,,7333,,7333,,32,,4,,6234,,6984,,7291,,7057
169,"Pitti_Palace",,8,,7,,7,,6667,,675,,62,,1818,,2273,,3636,,3636,,5455,,5909,,2963,,3431,,4786,,4706,,6034,,6051
170,"Georgia_State_Capitol",,4,,4,,4,,3,,3,,28,,1053,,2105,,2632,,2632,,3158,,3158,,1667,,2759,,3175,,2804,,3077,,2968
171,"Dome_des_Invalides",1,0,1,0,1,0,,9667,,975,,98,,2,,32,,52,,52,,56,,56,,3333,,4848,,6842,,6762,,7114,,7127
172,"Reggia_di_Caserta",1,0,,9,,75,,7667,,675,,66,,2,,28,,44,,64,,68,,72,,3333,,4271,,5546,,6976,,6775,,6887
173,"The_Burj_al_Arab_Hotel",,6,,7,,8,,8333,,85,,8,,12,,28,,48,,6,,68,,68,,2,,4,,6,,6977,,7556,,7351
174,"Elephanta_Caves",,8,,6,,6,,6333,,575,,6,,1667,,2083,,3333,,4583,,5417,,7083,,2759,,3093,,4286,,5318,,5578,,6497
175,"Basilica_of_Santa_Croce",1,0,1,0,1,0,,9667,,975,,96,,2,,36,,56,,68,,76,,8,,3333,,5294,,7179,,7984,,8542,,8727
176,"Aachen_Cathedral",,6,,8,,9,,9,,9,,92,,12,,32,,52,,6,,76,,76,,2,,4571,,6592,,72,,8241,,8324
177,"Monument_to_the_Great_Fire_of_London",,8,,7,,75,,7333,,625,,62,,16,,24,,48,,64,,64,,76,,2667,,3574,,5854,,6835,,6324,,6829
178,"Longmen_Grottoes",,4,,4,,6,,6333,,625,,62,,08,,16,,4,,56,,6,,64,,1333,,2286,,48,,5944,,6122,,6298
179,"Louisiana_State_Capitol",,4,,4,,3,,2667,,25,,26,,08,,16,,24,,28,,32,,44,,1333,,2286,,2667,,2732,,2807,,3269
180,"The_Great_Sphinx_at_Giza",1,0,,9,,8,,7667,,75,,72,,2,,32,,4,,56,,68,,68,,3333,,4721,,5333,,6472,,7133,,6994
181,"Teatro_Real_Madrid",1,0,,8,,65,,6667,,65,,6,,2174,,2609,,3913,,5652,,6522,,6522,,3571,,3934,,4885,,6118,,6511,,625
182,"Palacio_de_la_Magdalena",,4,,5,,55,,5333,,625,,62,,08,,16,,4,,52,,72,,76,,1333,,2424,,4632,,5266,,6691,,6829
183,"Sowjetisches_Ehrenmal",,6,,6,,5,,5333,,525,,58,,12,,24,,36,,44,,56,,64,,2,,3429,,4186,,4822,,5419,,6085
184,"Cathedral_of_Trier",,8,,6,,65,,7667,,775,,74,,16,,24,,48,,68,,72,,8,,2667,,3429,,5522,,7207,,7465,,7688
185,"Saint_Mary_of_the_Flower",,6,,6,,45,,4,,375,,38,,12,,16,,2,,28,,28,,36,,2,,2526,,2769,,3294,,3206,,3697
186,"Skellig_Michael",,6,,8,,75,,6667,,675,,74,,12,,28,,44,,52,,6,,64,,2,,4148,,5546,,5843,,6353,,6864
187,"Chicago_Board_of_Trade_Building",1,0,,7,,55,,6,,6,,6,,2273,,2727,,4091,,5455,,5455,,6364,,3704,,3925,,4692,,5714,,5714,,6176
188,"Pont_de_Normandie_France",,6,,7,,75,,6,,575,,58,,1579,,3158,,4737,,5263,,5789,,6316,,25,,4352,,5806,,5607,,577,,6047
189,"Palazzo_Rosso",,0,,0,,05,,1,,075,,08,,0,,0,,0417,,125,,125,,125,,0,,0,,0455,,1111,,0937,,0976
190,"Piazza_Vittorio_Veneto",,2,,4,,3,,3333,,35,,32,,0625,,25,,3125,,5,,6875,,8125,,0952,,3077,,3061,,4,,4639,,4592
191,"Sforza_Castle",,8,,8,,85,,9,,9,,88,,08,,24,,44,,52,,52,,64,,1455,,3692,,5798,,6592,,6592,,7411
192,"Torres_KIO",,8,,7,,75,,7667,,775,,76,,16,,24,,4,,44,,52,,56,,2667,,3574,,5217,,5591,,6224,,6448
193,"Torre_Picasso",1,0,,9,,8,,7333,,725,,72,,2083,,2917,,375,,4583,,5417,,625,,3448,,4406,,5106,,5641,,6201,,6691
194,"The_Palace_of_Parliament_in_Bucharest",,8,,7,,8,,7667,,8,,76,,12,,2,,44,,52,,6,,6,,2087,,3111,,5677,,6197,,6857,,6706
195,"Ernest_Hemingway_House",,8,,9,,85,,7667,,725,,74,,12,,32,,4,,44,,6,,64,,2087,,4721,,544,,5591,,6566,,6864
196,"Castel_dellOvo_Napoli",1,0,,8,,8,,7667,,775,,78,,16,,28,,48,,52,,6,,68,,2759,,4148,,6,,6197,,6764,,7266
197,"Villa_Borghese_gardens",1,0,,9,,95,,9333,,925,,92,,16,,32,,36,,52,,6,,68,,2759,,4721,,5221,,6679,,7279,,782
198,"Saint_Marks_Basilica",1,0,,9,,9,,9333,,925,,94,,2,,28,,4,,48,,52,,6,,3333,,4271,,5538,,634,,6657,,7325
199,"Mausoleum_of_the_First_Qin_Emperor",,8,,9,,95,,9,,875,,9,,16,,24,,52,,6,,72,,8,,2667,,3789,,6721,,72,,79,,8471
200,"Mausoleum_of_Hadrian",,8,,6,,6,,7333,,7,,68,,2222,,3333,,5,,6111,,6667,,7778,,3478,,4286,,5455,,6667,,6829,,7256
201,"Piazza_de_Ferrari",1,0,1,0,,95,,9,,9,,92,,2105,,4211,,5263,,5789,,5789,,5789,,3478,,5926,,6774,,7046,,7046,,7107
202,"George_Washington_Carver",,6,,6,,6,,6667,,55,,52,,1875,,25,,4375,,5625,,5625,,625,,2857,,3529,,506,,6102,,5562,,5677
203,"Cathedral_of_Santiago_de_Compostela",,8,,9,,9,,8,,75,,76,,2353,,3529,,5294,,5882,,7059,,8235,,3636,,507,,6667,,678,,7273,,7905
204,"Saint-Jacques_Tower",1,0,,9,,75,,7333,,775,,8,,3077,,3077,,3846,,3846,,4615,,5385,,4706,,4586,,5085,,5046,,5785,,6437
205,"Calakmul_Campeche_Mexico",,8,,8,,7,,7667,,7,,68,,2857,,3571,,5,,7143,,7857,1,0,,4211,,4938,,5833,,7395,,7404,,8095
206,"Bran_Castle_in_Transylvania",1,0,,9,,85,,8333,,85,,82,,1579,,2632,,5789,,6316,,7368,,7895,,2727,,4072,,6888,,7186,,7894,,8044
207,"Mosteiro_da_Batalha",1,0,1,0,1,0,1,0,1,0,1,0,,2105,,3684,,5789,,6316,,6316,,7368,,3478,,5385,,7333,,7742,,7742,,8485
208,"Wartburg_Castle",1,0,1,0,,95,,9,,9,,88,,2,,3,,4,,45,,6,,7,,3333,,4615,,563,,6,,72,,7797
209,"Fujian_Tulou_Fujian_China",,6,,7,,8,,8333,,875,,86,,1667,,2778,,5556,,7222,,7778,,7778,,2609,,3977,,6557,,7738,,8235,,8168
210,"Alabama_State_Capitol",,4,,6,,6,,5,,525,,54,,0952,,2857,,4286,,5238,,6667,,7619,,1538,,3871,,5,,5116,,5874,,632
211,"Palazzo_dAccursio",,2,,4,,4,,4,,375,,38,,0556,,1111,,2778,,3889,,5,,6111,,087,,1739,,3279,,3944,,4286,,4686
212,"Casa_Grande_Ruins",,8,,7,,55,,6667,,7,,72,,1765,,2941,,3529,,4118,,5294,,5882,,2892,,4142,,43,,5091,,6029,,6475
213,"Stravinsky_Fountain",1,0,,9,,85,,8333,,8,,82,,3333,,3333,,4,,6,,6,,6,,5,,4865,,544,,6977,,6857,,693
214,"Angel_Falls_Venezuela",,4,,6,,45,,4333,,475,,46,,1176,,2941,,4118,,5294,,5882,,7059,,1818,,3947,,43,,4766,,5256,,557
215,"Statue_of_George_IV",,4,,4,,2,,2,,2,,18,,25,,375,,375,,625,,625,,625,,3077,,3871,,2609,,303,,303,,2795
216,"Palacio_Barolo",,8,,9,,8,,8333,,875,,86,,2353,,4118,,5294,,6471,,8235,,8235,,3636,,565,,6372,,7285,,8485,,8414
217,"Bridge_of_Remembrance_Christchurch_New_Zealand",,4,,3,,25,,3,,35,,36,,1667,,25,,3333,,5,,5833,,6667,,2353,,2727,,2857,,375,,4375,,4675
218,"John_A._Roebling_Suspension_Bridge",,2,,3,,4,,4333,,525,,52,,0667,,2,,4,,4,,6667,,7333,,1,,24,,4,,416,,5874,,6085
219,"Blue_Dome_Santorini",,8,,8,,75,,8,,85,,8,,25,,4375,,5,,6875,,8125,,8125,,381,,5657,,6,,7395,,8308,,8062
220,"Fossar_de_les_Moreres",,2,,4,,2,,2,,25,,28,,0714,,2857,,2857,,3571,,5,,5714,,1053,,3333,,2353,,2564,,3333,,3758
221,"Luxor_Obelisk_France",,6,,7,,75,,8,,85,,78,,1875,,25,,4375,,5,,5,,5625,,2857,,3684,,5526,,6154,,6296,,6536
222,"Valle_de_los_Caidos",1,0,1,0,1,0,,9667,,975,,94,,25,,35,,45,,55,,75,,85,,4,,5185,,6207,,7011,,8478,,8927
--------------------
"--","Avg.",P@5,P@10,P@20,P@30,P@40,P@50,CR@5,CR@10,CR@20,CR@30,CR@40,CR@50,F1@5,F1@10,F1@20,F1@30,F1@40,F1@50
,,,7568,,7495,,7241,,7228,,7222,,723,,1586,,2704,,4256,,5354,,6176,,6736,,2596,,393,,5291,,6047,,6513,,6818