--------------------
"Run name","output_runDICEDtrs"
--------------------
"Average P@20 = ",,7748
"Average CR@20 = ",,4004
"Average F1@20 = ",,5175
--------------------
"Query Id ","Location name",P@5,P@10,P@20,P@30,P@40,P@50,CR@5,CR@10,CR@20,CR@30,CR@40,CR@50,F1@5,F1@10,F1@20,F1@30,F1@40,F1@50
1,"angel_of_the_north",1,0,1,0,1,0,1,0,1,0,1,0,,16,,28,,44,,52,,6,,64,,2759,,4375,,6111,,6842,,75,,7805
2,"big_ben",1,0,1,0,,9,,8667,,875,,76,,2273,,2273,,4091,,4545,,5455,,5909,,3704,,3704,,5625,,5963,,672,,6649
3,"hearst_castle",1,0,,9,,95,,9333,,925,,92,,1667,,3333,,5417,,7083,,8333,,8333,,2857,,4865,,6899,,8054,,8768,,8745
4,"la_madeleine",,6,,7,,45,,3667,,375,,32,,2143,,4286,,5714,,6429,,7143,,7857,,3158,,5316,,5035,,467,,4918,,4548
5,"pont_alexandre_iii",1,0,1,0,1,0,,9667,,95,,92,,12,,24,,44,,6,,68,,8,,2143,,3871,,6111,,7404,,7926,,8558
6,"neues_museum",,4,,2,,5,,5,,625,,68,,08,,08,,32,,36,,52,,56,,1333,,1143,,3902,,4186,,5677,,6142
7,"montezuma_castle",,8,,7,,6,,6333,,625,,66,,3333,,3333,,4167,,5,,5833,,6667,,4706,,4516,,4918,,5588,,6034,,6633
8,"cn_tower",,4,,5,,75,,7,,7,,66,,0833,,1667,,375,,5,,625,,7083,,1379,,25,,5,,5833,,6604,,6833
9,"acropolis_athens",,8,,9,,9,,8667,,875,,84,,0952,,2857,,4762,,5238,,5714,,5714,,1702,,4337,,6228,,653,,6914,,6802
10,"agra_fort",,8,,9,,9,,9,,875,,9,,16,,36,,52,,6,,72,,76,,2667,,5143,,6592,,72,,79,,8241
11,"albert_memorial",1,0,1,0,1,0,,7667,,825,,82,,0909,,1364,,3636,,4545,,5455,,7273,,1667,,24,,5333,,5707,,6567,,7709
12,"altes_museum",,4,,3,,35,,5667,,65,,7,,0833,,125,,25,,5,,625,,7083,,1379,,1765,,2917,,5312,,6373,,7041
13,"amiens_cathedral",1,0,1,0,1,0,1,0,,975,,98,,2,,32,,52,,72,,84,,84,,3333,,4848,,6842,,8372,,9025,,9046
14,"angkor_wat",,8,,9,,65,,7667,,825,,84,,16,,28,,4,,56,,64,,68,,2667,,4271,,4952,,6472,,7208,,7516
15,"ara_pacis",,0,,3,,55,,6333,,6,,64,,0,,1364,,3636,,5455,,6364,,6364,,0,,1875,,4378,,5861,,6176,,6382
16,"arc_de_triomphe",,6,,7,,8,,7,,625,,64,,125,,2917,,4167,,4583,,5,,7083,,2069,,4118,,5479,,554,,5556,,6724
17,"aztec_ruins",,0,,0,,3,,2333,,3,,4,,0,,0,,24,,24,,36,,44,,0,,0,,2667,,2366,,3273,,419
18,"berlin_cathedral",,8,,9,,95,,9333,,9,,9,,12,,28,,44,,52,,6,,68,,2087,,4271,,6014,,6679,,72,,7747
19,"bok_tower_gardens",1,0,,8,,9,,9,,875,,88,,2,,28,,4,,56,,6,,64,,3333,,4148,,5538,,6904,,7119,,7411
20,"brandenburg_gate",1,0,1,0,1,0,1,0,1,0,,94,,12,,16,,36,,56,,64,,68,,2143,,2759,,5294,,7179,,7805,,7891
21,"cabrillo",,2,,2,,15,,2,,15,,14,,0769,,1538,,2308,,4615,,4615,,5385,,1111,,1739,,1818,,2791,,2264,,2222
22,"casa_batllo",1,0,1,0,1,0,1,0,,95,,96,,12,,2,,44,,56,,72,,84,,2143,,3333,,6111,,7179,,8192,,896
23,"casa_rosada",1,0,1,0,1,0,,9333,,95,,92,,2,,32,,48,,56,,68,,72,,3333,,4848,,6486,,7,,7926,,8078
24,"castillo_de_san_marcos",1,0,1,0,,8,,6333,,725,,78,,2,,24,,4,,48,,68,,72,,3333,,3871,,5333,,5461,,7018,,7488
25,"chartres_cathedral",1,0,1,0,1,0,,9667,,975,,92,,16,,16,,36,,56,,6,,68,,2759,,2759,,5294,,7092,,7429,,782
26,"chichen_itza",,8,,8,,9,,8667,,875,,86,,12,,2,,44,,52,,6,,68,,2087,,32,,591,,65,,7119,,7595
27,"christ_the_redeemer_rio",,6,,7,,6,,5667,,55,,58,,087,,1739,,3043,,4348,,5652,,6087,,1519,,2786,,4038,,492,,5575,,594
28,"civic_center_san_francisco",1,0,1,0,,9,,7333,,625,,52,,2,,28,,36,,44,,44,,48,,3333,,4375,,5143,,55,,5164,,4992
29,"cologne_cathedral",1,0,1,0,1,0,1,0,,975,,96,,12,,24,,36,,44,,52,,68,,2143,,3871,,5294,,6111,,6783,,7961
30,"colosseum",1,0,1,0,1,0,,9667,,875,,9,,2,,24,,48,,6,,64,,72,,3333,,3871,,6486,,7404,,7393,,8
31,"doge_s_palace",,8,,9,,95,,8667,,9,,9,,16,,2,,36,,48,,48,,48,,2667,,3273,,5221,,6178,,6261,,6261
32,"eiffel_tower",1,0,1,0,1,0,,9667,,975,,9,,16,,2,,36,,44,,44,,56,,2759,,3333,,5294,,6047,,6064,,6904
33,"golden_gate_bridge",,8,,8,,8,,8,,675,,72,,1304,,3043,,3913,,4348,,4783,,5217,,2243,,4409,,5255,,5634,,5598,,605
34,"grand_palais",,8,,9,,95,,9333,,925,,94,,0909,,2273,,2727,,5,,5455,,6364,,1633,,3629,,4238,,6512,,6862,,7589
35,"guggenheim_museum_bilbao",1,0,1,0,1,0,,9333,,95,,96,,16,,2,,44,,52,,64,,68,,2759,,3333,,6111,,6679,,7648,,7961
36,"hagia_sophia_istanbul",1,0,1,0,1,0,,9667,,975,,96,,2,,36,,52,,6,,68,,76,,3333,,5294,,6842,,7404,,8012,,8484
37,"hoover_dam",1,0,,9,,95,,9667,,95,,94,,16,,28,,4,,48,,6,,68,,2759,,4271,,563,,6415,,7355,,7891
38,"humayun_tomb",,6,,8,,8,,8333,,85,,84,,12,,28,,48,,6,,68,,72,,2,,4148,,6,,6977,,7556,,7754
39,"iguazu_falls",,6,,8,,75,,7667,,75,,76,,08,,2,,28,,4,,48,,64,,1412,,32,,4078,,5257,,5854,,6949
40,"iolani_palace",1,0,1,0,,9,,7333,,725,,68,,16,,28,,44,,52,,6,,6,,2759,,4375,,591,,6085,,6566,,6375
41,"la_mezquita",,8,,9,,75,,7,,625,,58,,1667,,3333,,4167,,4583,,5833,,6667,,2759,,4865,,5357,,554,,6034,,6203
42,"la_rambla_barcelona",,8,,8,,85,,9,,9,,9,,12,,24,,4,,52,,52,,6,,2087,,3692,,544,,6592,,6592,,72
43,"la_sainte_chapelle",1,0,,9,,9,,9333,,95,,96,,2,,24,,44,,6,,72,,84,,3333,,3789,,591,,7304,,8192,,896
44,"liberty_memorial",,8,,4,,65,,7333,,65,,68,,12,,12,,28,,48,,52,,6,,2087,,1846,,3914,,5802,,5778,,6375
45,"lincoln_home",1,0,1,0,,95,,9667,,875,,72,,2778,,4444,,6111,,7222,,7222,,7222,,4348,,6154,,7438,,8268,,7913,,7211
46,"machu_picchu",,8,,8,,65,,7333,,775,,8,,16,,24,,4,,6,,72,,76,,2667,,3692,,4952,,66,,7465,,7795
47,"marble_arch_london",1,0,,8,,5,,3333,,325,,3,,4167,,5,,5,,5,,6667,,75,,5882,,6154,,5,,4,,437,,4286
48,"milan_cathedral",1,0,1,0,,8,,8333,,875,,88,,16,,32,,44,,56,,64,,72,,2759,,4848,,5677,,6699,,7393,,792
49,"mole_antonelliana",,6,,4,,65,,7667,,75,,66,,12,,16,,28,,4,,48,,52,,2,,2286,,3914,,5257,,5854,,5817
50,"mont_saint_michel",1,0,1,0,,95,,9,,925,,9,,12,,32,,44,,52,,72,,72,,2143,,4848,,6014,,6592,,8097,,8
51,"moulin_rouge",,0,,0,,05,,3,,225,,2,,0,,0,,125,,625,,625,,75,,0,,0,,0714,,4054,,3309,,3158
52,"nelson_s_column",1,0,1,0,,95,,9667,,95,,92,,1667,,25,,4167,,4583,,625,,75,,2857,,4,,5793,,6218,,754,,8263
53,"notre_dame_de_paris",1,0,1,0,,9,,8667,,8,,78,,16,,24,,44,,48,,6,,64,,2759,,3871,,591,,6178,,6857,,7031
54,"obelisco",,2,,1,,1,,1,,075,,16,,0909,,0909,,1818,,1818,,1818,,4545,,125,,0952,,129,,129,,1062,,2367
55,"piccadilly_circus",1,0,,9,,75,,7667,,8,,74,,1739,,3043,,3913,,4348,,5652,,6522,,2963,,4549,,5143,,5549,,6624,,6933
56,"place_de_la_concorde",1,0,1,0,1,0,,9667,,95,,94,,08,,2,,4,,52,,64,,64,,1481,,3333,,5714,,6762,,7648,,7615
57,"place_de_la_republique",,2,,3,,2,,2333,,2,,16,,125,,25,,25,,5,,5,,5,,1538,,2727,,2222,,3182,,2857,,2424
58,"place_des_vosges",,6,,7,,65,,7667,,675,,7,,12,,2,,28,,52,,6,,68,,2,,3111,,3914,,6197,,6353,,6899
59,"pont_du_gard",,8,,9,,9,,7333,,75,,74,,16,,32,,48,,48,,52,,56,,2667,,4721,,6261,,5802,,6142,,6375
60,"pont_neuf",1,0,,9,,8,,6667,,725,,64,,12,,2,,4,,48,,64,,68,,2143,,3273,,5333,,5581,,6799,,6594
61,"ponte_vecchio",1,0,,9,,85,,7,,65,,64,,125,,2917,,4583,,5417,,625,,6667,,2222,,4406,,5955,,6107,,6373,,6531
62,"puerta_de_alcala",,2,,6,,75,,7333,,725,,68,,0526,,1053,,4737,,5789,,6842,,7368,,0833,,1791,,5806,,6471,,704,,7073
63,"puerta_del_sol",1,0,,8,,5,,3667,,3,,26,,2,,25,,35,,35,,35,,4,,3333,,381,,4118,,3581,,3231,,3152
64,"red_fort",1,0,1,0,1,0,1,0,1,0,1,0,,2,,32,,56,,72,,76,,76,,3333,,4848,,7179,,8372,,8636,,8636
65,"reims_cathedral",1,0,1,0,1,0,1,0,1,0,,94,,12,,2,,32,,48,,56,,68,,2143,,3333,,4848,,6486,,7179,,7891
66,"rialto_bridge",,8,,9,,85,,7333,,6,,52,,25,,3125,,5625,,6875,,75,,8125,,381,,4639,,677,,7097,,6667,,6341
67,"roman_forum_rome",,4,,6,,65,,7,,725,,74,,08,,24,,44,,56,,68,,8,,1333,,3429,,5248,,6222,,7018,,7688
68,"sacre_coeur",,2,,4,,55,,6,,575,,56,,0417,,125,,2917,,5,,5833,,625,,069,,1905,,3812,,5455,,5791,,5907
69,"sagrada_familia",,8,,9,,95,,9667,,95,,96,,16,,24,,44,,52,,56,,64,,2667,,3789,,6014,,6762,,7046,,768
70,"santa_maria_novella",,8,,4,,6,,5,,55,,6,,16,,16,,36,,48,,56,,76,,2667,,2286,,45,,4898,,555,,6706
71,"schonbrunn_palace",1,0,1,0,,95,,9667,,975,,98,,2,,32,,36,,52,,72,,72,,3333,,4848,,5221,,6762,,8283,,8301
72,"seville_cathedral",1,0,,9,,85,,9,,925,,92,,2,,32,,52,,6,,68,,72,,3333,,4721,,6453,,72,,7838,,8078
73,"spanish_steps",,4,,5,,5,,5667,,55,,58,,0909,,1818,,3182,,4091,,4545,,5455,,1481,,2667,,3889,,4752,,4977,,5622
74,"st__basil_cathedral",1,0,,9,,8,,8333,,8,,84,,2,,28,,36,,56,,6,,68,,3333,,4271,,4966,,6699,,6857,,7516
75,"statue_of_liberty",1,0,,7,,8,,8667,,85,,84,,2,,24,,44,,48,,52,,56,,3333,,3574,,5677,,6178,,6453,,672
76,"stonehenge",,8,,7,,7,,5333,,625,,58,,2105,,3158,,5263,,5789,,6316,,6842,,3333,,4352,,6009,,5552,,6283,,6278
77,"summer_palace_beijing",,8,,8,,85,,8667,,875,,84,,16,,28,,48,,52,,6,,6,,2667,,4148,,6135,,65,,7119,,7
78,"sydney_opera_house",1,0,1,0,1,0,,9333,,925,,94,,12,,32,,4,,56,,64,,68,,2143,,4848,,5714,,7,,7565,,7891
79,"teotihuacan",,8,,7,,65,,6333,,675,,7,,16,,28,,44,,56,,56,,6,,2667,,4,,5248,,5944,,6121,,6462
80,"terracotta_army",,8,,8,,65,,5333,,6,,62,,15,,3,,45,,45,,75,,8,,2526,,4364,,5318,,4881,,6667,,6986
81,"the_blue_mosque",,8,,8,,9,,9333,,95,,96,,12,,2,,4,,52,,52,,72,,2087,,32,,5538,,6679,,6721,,8229
82,"the_henry_ford",,8,,8,,6,,6333,,675,,7,,12,,2,,32,,44,,6,,72,,2087,,32,,4174,,5193,,6353,,7099
83,"taj_mahal",1,0,1,0,,95,,9,,925,,92,,12,,24,,44,,52,,64,,76,,2143,,3871,,6014,,6592,,7565,,8324
84,"tour_montparnasse",,4,,4,,4,,5,,375,,36,,1,,15,,3,,5,,5,,5,,16,,2182,,3429,,5,,4286,,4186
85,"tower_bridge_london",1,0,,7,,55,,4667,,45,,48,,12,,2,,28,,32,,36,,44,,2143,,3111,,3711,,3797,,4,,4591
86,"trafalgar_square",,6,,6,,6,,5333,,525,,5,,1364,,1818,,3636,,3636,,4091,,5,,2222,,2791,,4528,,4324,,4599,,5
87,"leaning_tower_of_pisa",,6,,5,,65,,6,,6,,68,,08,,12,,32,,44,,52,,64,,1412,,1935,,4289,,5077,,5571,,6594
88,"hermitage_museum_saint_petersburg",,8,,9,,8,,8667,,85,,86,,16,,24,,44,,64,,64,,64,,2667,,3789,,5677,,7363,,7302,,7339
89,"jantar_mantar_jaipur",1,0,,9,,75,,7,,75,,78,,2,,36,,56,,64,,68,,8,,3333,,5143,,6412,,6687,,7133,,7899
90,"lake_titicaca_peru",,6,,6,,55,,5333,,625,,6,,0833,,2083,,2917,,375,,5,,625,,1463,,3093,,3812,,4404,,5556,,6122
91,"the_great_wall_of_china",,8,,8,,75,,8,,75,,76,,16,,24,,36,,48,,56,,6,,2667,,3692,,4865,,6,,6412,,6706
92,"grande_arche_paris",,8,,5,,55,,6333,,575,,66,,08,,12,,28,,44,,52,,64,,1455,,1935,,3711,,5193,,5461,,6498
93,"el_angel_mexico",,8,,8,,6,,6333,,55,,5,,0952,,2381,,381,,5714,,5714,,6667,,1702,,367,,466,,6008,,5605,,5714
94,"bibliotheque_nationale_de_france",,4,,6,,65,,6667,,725,,74,,08,,12,,32,,4,,52,,64,,1333,,2,,4289,,5,,6056,,6864
95,"kronborg_castle",,8,,7,,85,,7667,,775,,8,,125,,1667,,4167,,5,,5417,,5833,,2162,,2692,,5592,,6053,,6377,,6747
96,"ajanta_caves",,8,,9,,95,,9667,,975,,94,,1364,,2727,,5,,5909,,6818,,6818,,233,,4186,,6552,,7335,,8025,,7904
97,"atomium",1,0,1,0,1,0,,9667,,975,,94,,1905,,2857,,3333,,4286,,5238,,5238,,32,,4444,,5,,5939,,6815,,6727
98,"ellora_caves",1,0,1,0,1,0,1,0,,925,,94,,2273,,3636,,4091,,5,,5909,,6364,,3704,,5333,,5806,,6667,,7211,,7589
99,"potala_palace",1,0,,9,,9,,9,,825,,82,,1111,,1667,,5,,6111,,7222,,8333,,2,,2812,,6429,,7279,,7702,,8266
100,"jokhang",1,0,,7,,75,,7667,,8,,76,,2,,24,,48,,6,,72,,72,,3333,,3574,,5854,,6732,,7579,,7395
101,"rila_monastery",,6,,7,,85,,9,,9,,88,,12,,24,,36,,44,,48,,52,,2,,3574,,5058,,591,,6261,,6537
102,"louvre_pyramid",,8,,9,,85,,9,,9,,88,,1667,,2222,,4444,,6111,,6111,,6111,,2759,,3564,,5837,,7279,,7279,,7213
103,"brooklyn_bridge",1,0,,9,,75,,7667,,825,,8,,1429,,3333,,381,,4286,,5238,,619,,25,,4865,,5053,,5498,,6408,,698
104,"tower_of_london",,6,,7,,75,,7333,,65,,7,,0435,,1739,,2174,,3478,,4348,,6087,,0811,,2786,,3371,,4718,,521,,6512
105,"british_museum_london",1,0,1,0,,95,,9667,,975,,98,,2,,35,,4,,55,,6,,65,,3333,,5185,,563,,7011,,7429,,7816
106,"buckingham_palace",,8,,6,,4,,4,,375,,4,,15,,15,,2,,25,,3,,4,,2526,,24,,2667,,3077,,3333,,4
107,"charles_bridge_prague",,8,,9,,65,,5667,,45,,5,,125,,2083,,25,,3333,,3333,,4583,,2162,,3383,,3611,,4198,,383,,4783
108,"champs_elysees_paris",,8,,7,,7,,6333,,625,,52,,1333,,1333,,2,,3333,,6667,,6667,,2286,,224,,3111,,4368,,6452,,5843
109,"chrysler_building",1,0,1,0,,95,,9667,,95,,96,,3571,,5714,,6429,,7857,,7857,,9286,,5263,,7273,,7668,,8668,,8601,,944
110,"moma_new_york",,8,,9,,95,,9,,85,,88,,1579,,2632,,4737,,5263,,6316,,7368,,2637,,4072,,6322,,6642,,7247,,8021
111,"grand_central_terminal",1,0,1,0,1,0,,9667,,975,,94,,0952,,1429,,2857,,381,,4762,,4762,,1739,,25,,4444,,5465,,6399,,6321
112,"houses_of_parliament",1,0,1,0,1,0,1,0,,9,,88,,1739,,2174,,3478,,3913,,4348,,4783,,2963,,3571,,5161,,5625,,5863,,6197
113,"alexanderplatz_berlin",,0,,3,,6,,7,,775,,78,,0,,12,,32,,48,,52,,56,,0,,1714,,4174,,5695,,6224,,6519
114,"centre_pompidou",1,0,,9,,75,,6333,,725,,72,,2222,,2778,,3333,,4444,,6667,,7222,,3636,,4245,,4615,,5223,,6946,,7211
115,"sydney_harbour_bridge",1,0,1,0,1,0,1,0,,975,,98,,1875,,375,,4375,,5625,,5625,,5625,,3158,,5455,,6087,,72,,7134,,7147
116,"pier_39",1,0,1,0,1,0,,9,,925,,88,,1905,,2857,,5714,,6667,,6667,,6667,,32,,4444,,7273,,766,,7749,,7586
117,"coit_tower",,6,,4,,45,,6,,6,,66,,2,,2667,,2667,,4667,,5333,,6,,3,,32,,3349,,525,,5647,,6286
118,"st_paul_s_cathedral_london",1,0,1,0,,95,,8333,,75,,78,,1765,,2941,,5882,,7059,,7647,,8235,,3,,4545,,7266,,7643,,7573,,8012
119,"cloud_gate",,8,,9,,8,,6667,,7,,7,,25,,3333,,4167,,5,,5,,6667,,381,,4865,,5479,,5714,,5833,,6829
120,"musee_d_orsay",1,0,1,0,,9,,9,,9,,92,,1429,,2381,,5238,,619,,7143,,7143,,25,,3846,,6622,,7335,,7965,,8042
121,"pike_place_market",,8,,7,,75,,8,,775,,82,,1429,,1905,,4286,,5238,,5714,,619,,2424,,2995,,5455,,6331,,6578,,7055
122,"royal_palace_madrid",,8,,9,,85,,8333,,875,,86,,1818,,2273,,4091,,5,,6818,,6818,,2963,,3629,,5523,,625,,7664,,7606
123,"sony_center_berlin",1,0,1,0,,85,,9,,925,,9,,1429,,1905,,2857,,381,,4762,,5714,,25,,32,,4277,,5353,,6287,,699
124,"red_square_moscow",,8,,5,,7,,7,,675,,66,,1905,,2381,,4286,,4762,,619,,6667,,3077,,3226,,5316,,5668,,6458,,6633
125,"prague_castle",,8,,7,,7,,7333,,775,,8,,16,,24,,44,,6,,72,,8,,2667,,3574,,5404,,66,,7465,,8
126,"musee_du_louvre",,8,,9,,95,,9667,,975,,96,,12,,16,,44,,56,,64,,68,,2087,,2717,,6014,,7092,,7728,,7961
127,"millennium_bridge_london",1,0,,8,,75,,7667,,825,,76,,16,,2,,24,,4,,52,,52,,2759,,32,,3636,,5257,,6379,,6175
128,"casa_mila",1,0,1,0,1,0,,9333,,925,,94,,2,,28,,48,,48,,6,,64,,3333,,4375,,6486,,634,,7279,,7615
129,"national_gallery_london",,8,,8,,65,,7333,,7,,64,,1364,,2727,,4545,,5455,,6818,,6818,,233,,4068,,535,,6256,,6908,,6602
130,"national_mall",1,0,1,0,1,0,,9333,,925,,86,,2,,32,,44,,6,,8,,8,,3333,,4848,,6111,,7304,,858,,8289
131,"london_city_hall",1,0,1,0,,9,,8667,,825,,72,,2,,2,,45,,55,,7,,75,,3333,,3333,,6,,6729,,7574,,7347
132,"holocaust_memorial",,2,,5,,45,,6,,575,,46,,0625,,25,,375,,5625,,625,,625,,0952,,3333,,4091,,5806,,599,,53
133,"columbus_circle",,8,,8,,6,,6,,575,,5,,16,,32,,44,,52,,6,,64,,2667,,4571,,5077,,5571,,5872,,5614
134,"siegessaeule",,8,,8,,65,,6667,,525,,48,,08,,16,,28,,4,,44,,48,,1455,,2667,,3914,,5,,4788,,48
135,"jardin_du_luxembourg",1,0,1,0,,85,,9,,925,,94,,2,,36,,48,,64,,68,,72,,3333,,5294,,6135,,7481,,7838,,8154
136,"merlion_singapore",,0,,1,,15,,3333,,375,,5,,0,,0455,,1364,,3636,,5455,,6364,,0,,0625,,1429,,3478,,4444,,56
137,"harrods_london",,8,,7,,8,,8333,,825,,84,,16,,28,,52,,56,,64,,68,,2667,,4,,6303,,6699,,7208,,7516
138,"metropolitan_museum_of_art_new_york",1,0,1,0,,9,,9333,,95,,96,,16,,24,,32,,48,,6,,68,,2759,,3871,,4721,,634,,7355,,7961
139,"new_york_stock_exchange",1,0,,9,,75,,6,,525,,56,,2,,25,,3,,35,,45,,5,,3333,,3913,,4286,,4421,,4846,,5283
140,"stephansdom_vienna",1,0,1,0,1,0,,9667,,975,,96,,2,,28,,36,,48,,6,,64,,3333,,4375,,5294,,6415,,7429,,768
141,"hms_belfast",1,0,,9,,95,,9667,,975,,98,,2,,28,,48,,6,,64,,68,,3333,,4271,,6378,,7404,,7728,,8029
142,"leicester_square",,6,,8,,85,,7,,675,,68,,12,,2,,32,,44,,48,,56,,2,,32,,465,,5404,,561,,6142
143,"ciudad_de_las_artes_y_las_ciencias",1,0,,9,,95,,9333,,95,,96,,12,,24,,4,,52,,56,,72,,2143,,3789,,563,,6679,,7046,,8229
144,"topkapi_palace",1,0,1,0,1,0,,9333,,95,,96,,12,,24,,48,,48,,64,,8,,2143,,3871,,6486,,634,,7648,,8727
145,"royal_albert_hall",1,0,,8,,75,,7,,55,,62,,16,,24,,32,,44,,44,,56,,2759,,3692,,4486,,5404,,4889,,5885
146,"st_vitus_cathedral",1,0,1,0,1,0,1,0,,95,,96,,16,,28,,48,,52,,6,,64,,2759,,4375,,6486,,6842,,7355,,768
147,"castello_sforzesco",1,0,,8,,9,,9333,,925,,94,,16,,2,,36,,52,,6,,6,,2759,,32,,5143,,6679,,7279,,7325
148,"rijksmuseum_amsterdam",,8,,9,,95,,9667,,975,,96,,12,,2,,48,,6,,68,,76,,2087,,3273,,6378,,7404,,8012,,8484
149,"dam_square",,8,,8,,7,,6667,,575,,62,,08,,24,,32,,44,,48,,6,,1455,,3692,,4392,,5301,,5232,,6098
150,"rathaus_vienna",,8,,9,,65,,7333,,675,,68,,12,,24,,24,,32,,48,,6,,2087,,3789,,3506,,4456,,561,,6375
151,"bath_abbey",1,0,1,0,,9,,9,,925,,9,,12,,28,,4,,48,,52,,64,,2143,,4375,,5538,,6261,,6657,,7481
152,"salisbury_cathedral",1,0,1,0,1,0,1,0,1,0,,96,,2,,28,,4,,44,,44,,52,,3333,,4375,,5714,,6111,,6111,,6746
153,"templo_de_debod",,2,,3,,4,,5,,55,,54,,0455,,0909,,1364,,3182,,4545,,5,,0741,,1395,,2034,,3889,,4977,,5192
154,"Niagara_Falls",,4,,4,,7,,6667,,675,,66,,0909,,1364,,3182,,4545,,5,,5455,,1481,,2034,,4375,,5405,,5745,,5973
155,"Golden_Gate_Bridge_in_San_Francisco",,8,,8,,9,,9,,925,,94,,0455,,1818,,4091,,5,,6364,,6818,,086,,2963,,5625,,6429,,754,,7904
156,"Neuschwanstein_Castle",1,0,1,0,1,0,,9667,,975,,98,,2,,36,,56,,6,,72,,76,,3333,,5294,,7179,,7404,,8283,,8561
157,"Christ_Church_Cathedral_Missouri",,6,,7,,85,,9,,825,,76,,12,,2,,48,,52,,56,,6,,2,,3111,,6135,,6592,,6671,,6706
158,"Mount_Rushmore_in_South_Dakota",,8,,9,,95,,9667,,975,,9,,12,,2,,48,,56,,64,,64,,2087,,3273,,6378,,7092,,7728,,7481
159,"Puerta_de_Toledo",,2,,1,,05,,0333,,025,,04,,5,,5,,5,,5,,5,1,0,,2857,,1667,,0909,,0625,,0476,,0769
160,"Urquhart_Castle",1,0,,9,,85,,8667,,875,,86,,1667,,2917,,4583,,5417,,6667,,7917,,2857,,4406,,5955,,6667,,7568,,8244
161,"Gare_du_Nord_Paris",,8,,6,,75,,8,,7,,68,,12,,16,,24,,36,,4,,48,,2087,,2526,,3636,,4966,,5091,,5628
162,"Newgrange_in_Ireland",,6,,7,,7,,6,,65,,72,,125,,25,,2917,,2917,,375,,4583,,2069,,3684,,4118,,3925,,4756,,5601
163,"Windmills_at_Kinderdijk",,8,,8,,8,,8,,85,,86,,12,,2,,32,,44,,64,,64,,2087,,32,,4571,,5677,,7302,,7339
164,"Conciergerie",1,0,1,0,1,0,1,0,,975,,98,,16,,32,,44,,6,,72,,72,,2759,,4848,,6111,,75,,8283,,8301
165,"Palazzo_Madama",,8,,7,,7,,6667,,625,,58,,1818,,3182,,5,,5455,,5909,,6818,,2963,,4375,,5833,,6,,6075,,6268
166,"Split_Rock_Lighthouse",1,0,1,0,,9,,8333,,875,,86,,16,,24,,32,,44,,48,,56,,2759,,3871,,4721,,5759,,6199,,6783
167,"The_Little_Mermaid_Denmark",1,0,1,0,,9,,7,,575,,54,,2857,,5,,6429,,6429,,6429,,6429,,4444,,6667,,75,,6702,,607,,587
168,"Great_Pyramid_of_Giza",,4,,5,,6,,6333,,6,,58,,1333,,3333,,4667,,6,,6,,6667,,2,,4,,525,,6162,,6,,6203
169,"Pitti_Palace",,4,,7,,7,,7,,6,,54,,0909,,1818,,4545,,5455,,5455,,5455,,1481,,2887,,5512,,6131,,5714,,5427
170,"Georgia_State_Capitol",,8,,4,,35,,2667,,2,,2,,2105,,2105,,2632,,2632,,2632,,2632,,3333,,2759,,3004,,2649,,2273,,2273
171,"Dome_des_Invalides",1,0,1,0,,95,,9667,,975,,98,,16,,24,,4,,48,,56,,64,,2759,,3871,,563,,6415,,7114,,7743
172,"Reggia_di_Caserta",,8,,5,,4,,5333,,5,,6,,16,,2,,24,,44,,48,,72,,2667,,2857,,3,,4822,,4898,,6545
173,"The_Burj_al_Arab_Hotel",,8,,8,,85,,8667,,825,,84,,12,,2,,4,,48,,56,,64,,2087,,32,,544,,6178,,6671,,7265
174,"Elephanta_Caves",,6,,7,,85,,9,,85,,8,,125,,25,,4167,,625,,7083,,7083,,2069,,3684,,5592,,7377,,7727,,7514
175,"Basilica_of_Santa_Croce",1,0,1,0,1,0,1,0,1,0,1,0,,16,,28,,4,,48,,48,,56,,2759,,4375,,5714,,6486,,6486,,7179
176,"Aachen_Cathedral",1,0,,9,,95,,9333,,925,,94,,12,,24,,44,,44,,52,,64,,2143,,3789,,6014,,5981,,6657,,7615
177,"Monument_to_the_Great_Fire_of_London",,2,,2,,35,,4667,,575,,58,,04,,08,,28,,4,,6,,68,,0667,,1143,,3111,,4308,,5872,,626
178,"Longmen_Grottoes",,4,,5,,6,,6333,,7,,64,,08,,16,,36,,52,,6,,72,,1333,,2424,,45,,5711,,6462,,6776
179,"Louisiana_State_Capitol",,4,,4,,35,,3,,4,,44,,08,,16,,24,,28,,48,,6,,1333,,2286,,2847,,2897,,4364,,5077
180,"The_Great_Sphinx_at_Giza",1,0,,9,,85,,8667,,875,,9,,2,,32,,44,,56,,64,,68,,3333,,4721,,5798,,6804,,7393,,7747
181,"Teatro_Real_Madrid",1,0,1,0,,85,,5667,,575,,62,,2174,,3913,,5217,,5217,,6522,,6957,,3571,,5625,,6466,,5433,,6112,,6557
182,"Palacio_de_la_Magdalena",,6,,8,,85,,8333,,775,,76,,12,,24,,4,,52,,6,,72,,2,,3692,,544,,6404,,6764,,7395
183,"Sowjetisches_Ehrenmal",,6,,5,,55,,6667,,75,,76,,12,,2,,4,,52,,68,,76,,2,,2857,,4632,,5843,,7133,,76
184,"Cathedral_of_Trier",,8,,9,,95,,9333,,925,,88,,16,,36,,6,,72,,84,,88,,2667,,5143,,7355,,8129,,8805,,88
185,"Saint_Mary_of_the_Flower",,4,,4,,25,,2,,35,,34,,04,,12,,12,,16,,32,,36,,0727,,1846,,1622,,1778,,3343,,3497
186,"Skellig_Michael",,6,,6,,75,,7333,,7,,7,,08,,2,,32,,48,,52,,56,,1412,,3,,4486,,5802,,5967,,6222
187,"Chicago_Board_of_Trade_Building",1,0,1,0,,8,,7667,,575,,58,,1364,,2727,,4091,,4545,,4545,,5455,,24,,4286,,5414,,5707,,5077,,5622
188,"Pont_de_Normandie_France",1,0,1,0,1,0,,9333,,9,,8,,2105,,4211,,6842,,7368,,9474,,9474,,3478,,5926,,8125,,8235,,9231,,8675
189,"Palazzo_Rosso",,2,,1,,15,,1,,1,,1,,0417,,0417,,125,,125,,1667,,1667,,069,,0588,,1364,,1111,,125,,125
190,"Piazza_Vittorio_Veneto",,6,,6,,45,,4333,,45,,4,,1875,,25,,4375,,5625,,6875,,8125,,2857,,3529,,4437,,4895,,544,,5361
191,"Sforza_Castle",1,0,1,0,1,0,1,0,1,0,,96,,2,,28,,4,,52,,6,,64,,3333,,4375,,5714,,6842,,75,,768
192,"Torres_KIO",1,0,1,0,1,0,,9333,,8,,82,,16,,24,,36,,44,,56,,68,,2759,,3871,,5294,,5981,,6588,,7435
193,"Torre_Picasso",1,0,1,0,,9,,6667,,725,,78,,2083,,375,,5,,5833,,5833,,6667,,3448,,5455,,6429,,6222,,6465,,7189
194,"The_Palace_of_Parliament_in_Bucharest",1,0,1,0,1,0,1,0,,975,,92,,04,,08,,28,,44,,64,,68,,0769,,1481,,4375,,6111,,7728,,782
195,"Ernest_Hemingway_House",,8,,6,,7,,7,,725,,76,,16,,2,,32,,52,,6,,64,,2667,,3,,4392,,5967,,6566,,6949
196,"Castel_dellOvo_Napoli",1,0,,8,,85,,8667,,825,,8,,12,,16,,4,,56,,6,,6,,2143,,2667,,544,,6804,,6947,,6857
197,"Villa_Borghese_gardens",1,0,,9,,95,,9667,,975,,98,,16,,24,,48,,64,,68,,84,,2759,,3789,,6378,,7701,,8012,,9046
198,"Saint_Marks_Basilica",1,0,1,0,1,0,1,0,1,0,,94,,16,,16,,24,,36,,44,,48,,2759,,2759,,3871,,5294,,6111,,6355
199,"Mausoleum_of_the_First_Qin_Emperor",1,0,,9,,75,,8333,,775,,8,,12,,24,,4,,48,,52,,64,,2143,,3789,,5217,,6091,,6224,,7111
200,"Mausoleum_of_Hadrian",,8,,8,,8,,6667,,55,,48,,2222,,3889,,5556,,5556,,5556,,5556,,3478,,5234,,6557,,6061,,5528,,515
201,"Piazza_de_Ferrari",1,0,1,0,1,0,,9667,,925,,94,,2105,,2632,,4737,,5263,,5789,,6316,,3478,,4167,,6429,,6816,,7122,,7555
202,"George_Washington_Carver",,6,,4,,6,,6667,,6,,56,,1875,,25,,4375,,625,,625,,625,,2857,,3077,,506,,6452,,6122,,5907
203,"Cathedral_of_Santiago_de_Compostela",,8,,7,,8,,8667,,9,,8,,1765,,2941,,4118,,6471,,8235,,8824,,2892,,4142,,5437,,7409,,8601,,8392
204,"Saint-Jacques_Tower",,8,,8,,75,,7,,75,,76,,1538,,2308,,3077,,3846,,7692,,9231,,2581,,3582,,4364,,4965,,7595,,8336
205,"Calakmul_Campeche_Mexico",,6,,8,,9,,8667,,8,,78,,2143,,3571,,5,,5714,,5714,,8571,,3158,,4938,,6429,,6887,,6667,,8168
206,"Bran_Castle_in_Transylvania",,8,,6,,75,,8,,8,,78,,1053,,2105,,4737,,5263,,6316,,6842,,186,,3117,,5806,,6349,,7059,,729
207,"Mosteiro_da_Batalha",1,0,1,0,1,0,1,0,1,0,1,0,,1053,,3158,,5263,,6842,,7368,,7368,,1905,,48,,6897,,8125,,8485,,8485
208,"Wartburg_Castle",1,0,1,0,,95,,9667,,9,,9,,15,,25,,55,,7,,8,,9,,2609,,4,,6967,,812,,8471,,9
209,"Fujian_Tulou_Fujian_China",1,0,1,0,1,0,,9667,,975,,94,,2222,,3889,,5556,,5556,,6667,,8333,,3636,,56,,7143,,7056,,7919,,8835
210,"Alabama_State_Capitol",,4,,5,,75,,8,,8,,78,,0952,,2381,,4762,,5238,,619,,6667,,1538,,3226,,5825,,6331,,698,,7189
211,"Palazzo_dAccursio",,8,,9,,6,,7333,,725,,58,,1667,,2222,,3333,,4444,,6111,,6111,,2759,,3564,,4286,,5535,,6632,,5951
212,"Casa_Grande_Ruins",,6,,6,,7,,7333,,725,,74,,1765,,2353,,2941,,4118,,4706,,5294,,2727,,338,,4142,,5274,,5707,,6172
213,"Stravinsky_Fountain",1,0,1,0,1,0,,9667,,875,,86,,2667,,3333,,4,,4667,,4667,,4667,,4211,,5,,5714,,6295,,6087,,605
214,"Angel_Falls_Venezuela",,6,,5,,4,,4333,,4,,4,,1765,,1765,,2941,,5294,,5882,,7059,,2727,,2609,,339,,4766,,4762,,5106
215,"Statue_of_George_IV",,8,,6,,45,,4,,35,,3,,5,,625,,625,,625,,75,,75,,6154,,6122,,5233,,4878,,4773,,4286
216,"Palacio_Barolo",1,0,1,0,1,0,,9333,,95,,94,,1765,,2941,,3529,,4706,,7059,,8235,,3,,4545,,5217,,6257,,8099,,8779
217,"Bridge_of_Remembrance_Christchurch_New_Zealand",,4,,6,,8,,8,,6,,5,,1667,,5,,75,,8333,,8333,,8333,,2353,,5455,,7742,,8163,,6977,,625
218,"John_A._Roebling_Suspension_Bridge",,2,,2,,5,,4667,,5,,44,,0667,,1333,,4667,,6667,,7333,,7333,,1,,16,,4828,,549,,5946,,55
219,"Blue_Dome_Santorini",1,0,,9,,95,,9333,,875,,86,,3125,,4375,,625,,75,,8125,,8125,,4762,,5888,,754,,8317,,8426,,8356
220,"Fossar_de_les_Moreres",,4,,2,,4,,4,,3,,3,,1429,,1429,,5,,6429,,6429,,6429,,2105,,1667,,4444,,4932,,4091,,4091
221,"Luxor_Obelisk_France",,8,,8,,85,,8333,,8,,84,,1875,,25,,3125,,3125,,5,,625,,3038,,381,,457,,4545,,6154,,7167
222,"Valle_de_los_Caidos",,8,,8,,9,,9,,925,,92,,2,,3,,45,,65,,75,,8,,32,,4364,,6,,7548,,8284,,8558
--------------------
"--","Avg.",P@5,P@10,P@20,P@30,P@40,P@50,CR@5,CR@10,CR@20,CR@30,CR@40,CR@50,F1@5,F1@10,F1@20,F1@30,F1@40,F1@50
,,,791,,7784,,7748,,7653,,7537,,7453,,1511,,2468,,4004,,5072,,5907,,6577,,2477,,3657,,5175,,5981,,6492,,6831