--------------------
"Run name","output_runJCDSilhouette"
--------------------
"Average P@20 = ",,8007
"Average CR@20 = ",,3836
"Average F1@20 = ",,5065
--------------------
"Query Id ","Location name",P@5,P@10,P@20,P@30,P@40,P@50,CR@5,CR@10,CR@20,CR@30,CR@40,CR@50,F1@5,F1@10,F1@20,F1@30,F1@40,F1@50
1,"angel_of_the_north",1,0,1,0,1,0,1,0,1,0,1,0,,16,,28,,36,,6,,64,,68,,2759,,4375,,5294,,75,,7805,,8095
2,"big_ben",1,0,1,0,,95,,9,,9,,9,,2273,,3182,,4091,,4091,,5,,5455,,3704,,4828,,5719,,5625,,6429,,6792
3,"hearst_castle",1,0,1,0,,95,,9333,,925,,94,,1667,,2917,,5,,625,,7083,,75,,2857,,4516,,6552,,7487,,8023,,8343
4,"la_madeleine",,2,,1,,3,,3667,,425,,48,,0714,,0714,,2857,,4286,,5714,,8571,,1053,,0833,,2927,,3952,,4875,,6154
5,"pont_alexandre_iii",1,0,,9,,95,,9667,,975,,98,,2,,28,,4,,48,,48,,68,,3333,,4271,,563,,6415,,6433,,8029
6,"neues_museum",,4,,3,,15,,3667,,4,,4,,04,,08,,08,,24,,36,,48,,0727,,1263,,1043,,2901,,3789,,4364
7,"montezuma_castle",,2,,2,,35,,5,,5,,56,,0833,,0833,,3333,,5,,75,,75,,1176,,1176,,3415,,5,,6,,6412
8,"cn_tower",,4,,6,,6,,6667,,7,,74,,0833,,1667,,4167,,5417,,625,,625,,1379,,2609,,4918,,5977,,6604,,6777
9,"acropolis_athens",1,0,,9,,9,,8333,,85,,88,,2381,,3333,,4762,,5238,,5714,,5714,,3846,,4865,,6228,,6433,,6834,,6929
10,"agra_fort",,8,,8,,85,,9,,875,,88,,16,,24,,48,,56,,64,,68,,2667,,3692,,6135,,6904,,7393,,7672
11,"albert_memorial",,6,,8,,8,,7333,,7,,72,,1364,,3182,,3182,,3636,,4091,,4545,,2222,,4553,,4553,,4862,,5164,,5573
12,"altes_museum",1,0,1,0,,8,,6333,,525,,48,,1667,,25,,4167,,5,,5417,,5833,,2857,,4,,5479,,5588,,5332,,5266
13,"amiens_cathedral",1,0,1,0,1,0,1,0,,975,,96,,2,,36,,52,,64,,72,,72,,3333,,5294,,6842,,7805,,8283,,8229
14,"angkor_wat",1,0,,9,,65,,6,,675,,74,,12,,24,,32,,52,,56,,56,,2143,,3789,,4289,,5571,,6121,,6375
15,"ara_pacis",1,0,,9,,75,,6,,625,,68,,2273,,3636,,4545,,5909,,5909,,7273,,3704,,518,,566,,5954,,6075,,7028
16,"arc_de_triomphe",1,0,1,0,,85,,8667,,85,,78,,125,,2083,,375,,4583,,6667,,6667,,2222,,3448,,5204,,5996,,7473,,7189
17,"aztec_ruins",,0,,0,,0,,1667,,2,,26,,0,,0,,0,,16,,24,,32,,0,,0,,0,,1633,,2182,,2869
18,"berlin_cathedral",1,0,1,0,1,0,1,0,,975,,98,,16,,28,,56,,64,,64,,64,,2759,,4375,,7179,,7805,,7728,,7743
19,"bok_tower_gardens",1,0,,7,,75,,8,,85,,86,,2,,24,,44,,6,,72,,72,,3333,,3574,,5546,,6857,,7796,,7838
20,"brandenburg_gate",1,0,1,0,1,0,,9667,,975,,98,,16,,24,,32,,36,,48,,52,,2759,,3871,,4848,,5246,,6433,,6795
21,"cabrillo",,0,,2,,2,,2,,15,,14,,0,,0769,,2308,,3846,,3846,,4615,,0,,1111,,2143,,2632,,2158,,2148
22,"casa_batllo",1,0,1,0,1,0,1,0,1,0,1,0,,16,,24,,36,,56,,64,,72,,2759,,3871,,5294,,7179,,7805,,8372
23,"casa_rosada",,6,,8,,85,,9,,925,,94,,12,,2,,32,,52,,56,,64,,2,,32,,465,,6592,,6976,,7615
24,"castillo_de_san_marcos",,8,,9,,85,,6,,575,,6,,12,,24,,44,,48,,52,,56,,2087,,3789,,5798,,5333,,5461,,5793
25,"chartres_cathedral",1,0,1,0,,95,,9667,,95,,94,,16,,28,,52,,6,,72,,76,,2759,,4375,,6721,,7404,,8192,,8405
26,"chichen_itza",,6,,7,,8,,8333,,8,,82,,08,,12,,32,,52,,52,,56,,1412,,2049,,4571,,6404,,6303,,6655
27,"christ_the_redeemer_rio",,4,,6,,75,,6,,5,,52,,0435,,1739,,2609,,3478,,4348,,5217,,0784,,2697,,3871,,4404,,4651,,5209
28,"civic_center_san_francisco",,8,,8,,8,,8333,,825,,82,,16,,28,,48,,6,,6,,64,,2667,,4148,,6,,6977,,6947,,7189
29,"cologne_cathedral",1,0,1,0,,95,,9667,,95,,96,,16,,24,,36,,52,,56,,6,,2759,,3871,,5221,,6762,,7046,,7385
30,"colosseum",1,0,1,0,1,0,1,0,,975,,98,,16,,24,,44,,52,,56,,6,,2759,,3871,,6111,,6842,,7114,,7443
31,"doge_s_palace",1,0,1,0,1,0,,8,,75,,78,,12,,24,,36,,44,,48,,48,,2143,,3871,,5294,,5677,,5854,,5943
32,"eiffel_tower",1,0,1,0,1,0,1,0,1,0,1,0,,12,,2,,36,,36,,44,,52,,2143,,3333,,5294,,5294,,6111,,6842
33,"golden_gate_bridge",1,0,,8,,8,,8333,,825,,86,,2174,,2609,,3913,,4783,,5217,,5652,,3571,,3934,,5255,,6077,,6392,,6821
34,"grand_palais",1,0,,8,,85,,8667,,9,,92,,0909,,1818,,3182,,4091,,5,,5455,,1667,,2963,,463,,5558,,6429,,6849
35,"guggenheim_museum_bilbao",1,0,1,0,1,0,1,0,1,0,1,0,,04,,16,,36,,48,,56,,6,,0769,,2759,,5294,,6486,,7179,,75
36,"hagia_sophia_istanbul",1,0,1,0,1,0,1,0,1,0,,94,,08,,2,,28,,44,,52,,6,,1481,,3333,,4375,,6111,,6842,,7325
37,"hoover_dam",1,0,,9,,9,,9,,925,,92,,16,,32,,4,,52,,52,,56,,2759,,4721,,5538,,6592,,6657,,6962
38,"humayun_tomb",1,0,,9,,8,,8,,75,,72,,16,,28,,48,,56,,64,,64,,2759,,4271,,6,,6588,,6906,,6776
39,"iguazu_falls",,4,,7,,8,,8333,,825,,82,,04,,16,,28,,44,,56,,6,,0727,,2605,,4148,,5759,,6671,,693
40,"iolani_palace",1,0,1,0,,95,,7,,7,,68,,12,,24,,52,,56,,64,,64,,2143,,3871,,6721,,6222,,6687,,6594
41,"la_mezquita",,6,,8,,75,,8333,,75,,66,,125,,25,,375,,4167,,5,,5833,,2069,,381,,5,,5556,,6,,6193
42,"la_rambla_barcelona",1,0,1,0,1,0,,9333,,95,,92,,2,,2,,4,,44,,52,,56,,3333,,3333,,5714,,5981,,6721,,6962
43,"la_sainte_chapelle",1,0,,9,,9,,9333,,95,,96,,16,,28,,44,,56,,6,,64,,2759,,4271,,591,,7,,7355,,768
44,"liberty_memorial",,2,,3,,55,,5667,,65,,72,,04,,12,,24,,36,,48,,56,,0667,,1714,,3342,,4403,,5522,,63
45,"lincoln_home",,8,,9,,9,,8667,,9,,92,,2222,,3889,,4444,,6667,,7778,,8333,,3478,,5431,,595,,7536,,8344,,8745
46,"machu_picchu",,8,,9,,75,,7333,,675,,68,,12,,24,,36,,52,,56,,6,,2087,,3789,,4865,,6085,,6121,,6375
47,"marble_arch_london",,8,,9,,65,,5333,,45,,4,,3333,,4167,,5833,,5833,,6667,,75,,4706,,5696,,6149,,5572,,5373,,5217
48,"milan_cathedral",,8,,9,,85,,9,,85,,88,,16,,32,,44,,56,,64,,68,,2667,,4721,,5798,,6904,,7302,,7672
49,"mole_antonelliana",,8,,7,,7,,7333,,725,,7,,12,,16,,2,,4,,48,,48,,2087,,2605,,3111,,5176,,5776,,5695
50,"mont_saint_michel",1,0,1,0,,95,,9667,,975,,98,,2,,28,,4,,44,,48,,6,,3333,,4375,,563,,6047,,6433,,7443
51,"moulin_rouge",,0,,0,,0,,0667,,1,,1,,0,,0,,0,,125,,25,,375,,0,,0,,0,,087,,1429,,1579
52,"nelson_s_column",1,0,1,0,1,0,,9667,,975,,98,,125,,2083,,4167,,5417,,5833,,5833,,2222,,3448,,5882,,6943,,7299,,7313
53,"notre_dame_de_paris",,8,,9,,95,,9333,,9,,92,,16,,32,,44,,6,,68,,68,,2667,,4721,,6014,,7304,,7747,,782
54,"obelisco",,0,,2,,1,,1,,075,,08,,0,,0909,,0909,,1818,,1818,,1818,,0,,125,,0952,,129,,1062,,1111
55,"piccadilly_circus",1,0,,9,,85,,7667,,8,,76,,1739,,2609,,4348,,4783,,6087,,6087,,2963,,4045,,5753,,5891,,6914,,676
56,"place_de_la_concorde",1,0,1,0,,95,,9667,,975,,98,,12,,2,,4,,48,,52,,64,,2143,,3333,,563,,6415,,6783,,7743
57,"place_de_la_republique",,6,,6,,35,,3,,225,,2,,375,,5,,625,,75,,75,,75,,4615,,5455,,4487,,4286,,3462,,3158
58,"place_des_vosges",1,0,1,0,,85,,9,,9,,9,,16,,24,,36,,56,,6,,68,,2759,,3871,,5058,,6904,,72,,7747
59,"pont_du_gard",,8,,8,,9,,9,,875,,78,,12,,28,,4,,48,,56,,6,,2087,,4148,,5538,,6261,,6829,,6783
60,"pont_neuf",1,0,1,0,1,0,,8667,,775,,74,,16,,24,,4,,52,,56,,64,,2759,,3871,,5714,,65,,6502,,6864
61,"ponte_vecchio",,8,,8,,85,,8667,,875,,86,,125,,2083,,3333,,5,,5,,5833,,2162,,3306,,4789,,6341,,6364,,6952
62,"puerta_de_alcala",,8,,7,,55,,6667,,625,,6,,2105,,3684,,4211,,5789,,6316,,6316,,3333,,4828,,477,,6197,,6283,,6154
63,"puerta_del_sol",,8,,8,,75,,5333,,425,,4,,15,,25,,35,,35,,4,,4,,2526,,381,,4773,,4226,,4121,,4
64,"red_fort",1,0,1,0,1,0,1,0,1,0,1,0,,16,,28,,48,,6,,72,,76,,2759,,4375,,6486,,75,,8372,,8636
65,"reims_cathedral",1,0,1,0,1,0,1,0,1,0,1,0,,16,,28,,4,,44,,48,,56,,2759,,4375,,5714,,6111,,6486,,7179
66,"rialto_bridge",1,0,,7,,75,,7333,,725,,7,,1875,,1875,,3125,,5625,,6875,,6875,,3158,,2958,,4412,,6367,,7058,,6937
67,"roman_forum_rome",,6,,8,,8,,8,,775,,72,,12,,2,,4,,48,,56,,6,,2,,32,,5333,,6,,6502,,6545
68,"sacre_coeur",,4,,5,,55,,5667,,575,,62,,0833,,125,,25,,2917,,4167,,4583,,1379,,2,,3438,,3851,,4832,,527
69,"sagrada_familia",1,0,1,0,,95,,9333,,925,,94,,12,,24,,44,,56,,6,,6,,2143,,3871,,6014,,7,,7279,,7325
70,"santa_maria_novella",,8,,8,,45,,5333,,6,,62,,16,,24,,28,,4,,44,,48,,2667,,3692,,3452,,4571,,5077,,5411
71,"schonbrunn_palace",1,0,1,0,1,0,1,0,1,0,,98,,16,,2,,44,,56,,56,,56,,2759,,3333,,6111,,7179,,7179,,7127
72,"seville_cathedral",,8,,8,,85,,9,,9,,9,,16,,24,,44,,52,,6,,64,,2667,,3692,,5798,,6592,,72,,7481
73,"spanish_steps",1,0,1,0,,8,,7,,65,,68,,1364,,2273,,3182,,3636,,5455,,6364,,24,,3704,,4553,,4786,,5932,,6575
74,"st__basil_cathedral",1,0,1,0,,85,,8667,,825,,86,,16,,28,,4,,52,,52,,52,,2759,,4375,,544,,65,,6379,,6481
75,"statue_of_liberty",1,0,1,0,,95,,8667,,825,,8,,12,,16,,32,,44,,48,,56,,2143,,2759,,4787,,5837,,6069,,6588
76,"stonehenge",,6,,6,,55,,5,,5,,52,,1053,,1053,,3158,,4211,,5263,,5789,,1791,,1791,,4012,,4571,,5128,,5479
77,"summer_palace_beijing",1,0,1,0,1,0,1,0,,975,,96,,08,,24,,44,,56,,6,,6,,1481,,3871,,6111,,7179,,7429,,7385
78,"sydney_opera_house",1,0,,9,,95,,9333,,925,,9,,12,,16,,36,,44,,52,,56,,2143,,2717,,5221,,5981,,6657,,6904
79,"teotihuacan",,8,,7,,65,,6667,,6,,6,,16,,24,,36,,48,,6,,64,,2667,,3574,,4634,,5581,,6,,6194
80,"terracotta_army",,6,,8,,45,,4333,,4,,38,,15,,3,,3,,35,,45,,5,,24,,4364,,36,,3872,,4235,,4318
81,"the_blue_mosque",,8,,8,,8,,8333,,875,,9,,04,,16,,28,,48,,52,,6,,0762,,2667,,4148,,6091,,6523,,72
82,"the_henry_ford",1,0,1,0,,7,,8,,725,,68,,16,,32,,4,,52,,56,,56,,2759,,4848,,5091,,6303,,6319,,6142
83,"taj_mahal",1,0,,9,,9,,9,,875,,9,,2,,32,,36,,48,,6,,68,,3333,,4721,,5143,,6261,,7119,,7747
84,"tour_montparnasse",,8,,8,,6,,6,,525,,48,,15,,25,,35,,45,,5,,55,,2526,,381,,4421,,5143,,5122,,5126
85,"tower_bridge_london",,6,,8,,75,,5667,,65,,62,,12,,28,,4,,4,,44,,52,,2,,4148,,5217,,469,,5248,,5656
86,"trafalgar_square",,4,,4,,3,,3667,,375,,44,,0909,,1364,,2273,,4091,,5,,5,,1481,,2034,,2586,,3867,,4286,,4681
87,"leaning_tower_of_pisa",,6,,6,,45,,5333,,45,,46,,12,,16,,24,,4,,4,,44,,2,,2526,,313,,4571,,4235,,4498
88,"hermitage_museum_saint_petersburg",1,0,1,0,,9,,9,,825,,82,,08,,16,,32,,48,,56,,6,,1481,,2759,,4721,,6261,,6671,,693
89,"jantar_mantar_jaipur",,6,,7,,8,,8667,,875,,88,,12,,28,,48,,68,,76,,76,,2,,4,,6,,7621,,8135,,8156
90,"lake_titicaca_peru",,2,,5,,5,,4333,,45,,48,,0417,,125,,25,,375,,4167,,5417,,069,,2,,3333,,4021,,4327,,509
91,"the_great_wall_of_china",,6,,8,,75,,8333,,85,,88,,12,,24,,36,,44,,52,,6,,2,,3692,,4865,,5759,,6453,,7135
92,"grande_arche_paris",,8,,7,,65,,6,,6,,68,,12,,2,,28,,32,,32,,4,,2087,,3111,,3914,,4174,,4174,,5037
93,"el_angel_mexico",,0,,5,,65,,6333,,6,,62,,0,,1905,,381,,5238,,619,,6667,,0,,2759,,4804,,5734,,6094,,6425
94,"bibliotheque_nationale_de_france",,4,,6,,8,,7333,,725,,7,,04,,2,,32,,44,,48,,48,,0727,,3,,4571,,55,,5776,,5695
95,"kronborg_castle",,8,,6,,65,,6333,,65,,64,,1667,,25,,4167,,4583,,5417,,5833,,2759,,3529,,5078,,5318,,5909,,6104
96,"ajanta_caves",1,0,1,0,,85,,9,,925,,92,,1364,,2727,,4545,,5909,,6364,,6364,,24,,4286,,5923,,7134,,754,,7523
97,"atomium",1,0,,9,,95,,9333,,95,,96,,1905,,3333,,381,,4286,,4286,,4286,,32,,4865,,5438,,5874,,5907,,5926
98,"ellora_caves",1,0,1,0,,95,,9333,,925,,94,,1818,,2273,,3636,,4545,,5909,,5909,,3077,,3704,,526,,6114,,7211,,7257
99,"potala_palace",,8,,9,,95,,9333,,9,,88,,1667,,1667,,3889,,5,,5556,,5556,,2759,,2812,,5519,,6512,,687,,6811
100,"jokhang",,8,,8,,8,,8333,,825,,84,,16,,24,,44,,48,,6,,68,,2667,,3692,,5677,,6091,,6947,,7516
101,"rila_monastery",1,0,1,0,,9,,9,,9,,9,,12,,24,,36,,4,,44,,48,,2143,,3871,,5143,,5538,,591,,6261
102,"louvre_pyramid",,8,,9,,9,,9,,925,,94,,0556,,1667,,3333,,4444,,5,,6111,,1039,,2812,,4865,,595,,6491,,7407
103,"brooklyn_bridge",,8,,9,,85,,8,,825,,86,,1429,,2857,,381,,381,,381,,5238,,2424,,4337,,5261,,5161,,5212,,6511
104,"tower_of_london",,8,,8,,85,,7333,,75,,76,,1304,,1739,,2609,,3478,,4348,,5217,,2243,,2857,,3992,,4718,,5505,,6187
105,"british_museum_london",1,0,1,0,1,0,,9333,,95,,94,,1,,25,,4,,55,,55,,55,,1818,,4,,5714,,6921,,6967,,694
106,"buckingham_palace",,6,,6,,6,,4667,,45,,44,,1,,2,,2,,25,,3,,35,,1714,,3,,3,,3256,,36,,3899
107,"charles_bridge_prague",1,0,1,0,,9,,8,,7,,6,,0833,,125,,2917,,2917,,375,,375,,1538,,2222,,4406,,4275,,4884,,4615
108,"champs_elysees_paris",,8,,8,,6,,5667,,625,,66,,2,,2667,,3333,,5333,,5333,,5333,,32,,4,,4286,,5495,,5755,,5899
109,"chrysler_building",1,0,1,0,1,0,1,0,1,0,1,0,,1429,,3571,,7143,,7143,,7857,,9286,,25,,5263,,8333,,8333,,88,,963
110,"moma_new_york",,8,,7,,85,,8667,,875,,9,,1579,,2105,,4211,,4211,,5789,,5789,,2637,,3237,,5631,,5668,,6968,,7046
111,"grand_central_terminal",1,0,1,0,1,0,,9667,,95,,96,,0476,,1905,,3333,,4762,,4762,,5238,,0909,,32,,5,,6381,,6344,,6778
112,"houses_of_parliament",1,0,1,0,1,0,1,0,1,0,1,0,,1304,,1739,,2609,,3478,,3913,,4348,,2308,,2963,,4138,,5161,,5625,,6061
113,"alexanderplatz_berlin",,0,,0,,35,,5333,,575,,6,,0,,0,,2,,36,,4,,44,,0,,0,,2545,,4299,,4718,,5077
114,"centre_pompidou",,8,,9,,9,,7667,,65,,62,,1667,,1667,,3889,,4444,,4444,,5,,2759,,2812,,5431,,5627,,5279,,5536
115,"sydney_harbour_bridge",1,0,1,0,1,0,1,0,1,0,1,0,,1875,,25,,5625,,5625,,5625,,5625,,3158,,4,,72,,72,,72,,72
116,"pier_39",1,0,1,0,1,0,,9333,,925,,9,,1429,,1429,,4286,,5714,,6667,,6667,,25,,25,,6,,7089,,7749,,766
117,"coit_tower",,8,,7,,55,,5667,,6,,58,,0667,,1333,,2,,4,,4667,,4667,,1231,,224,,2933,,469,,525,,5172
118,"st_paul_s_cathedral_london",1,0,1,0,1,0,,9,,85,,86,,2941,,3529,,4706,,5882,,7647,,8235,,4545,,5217,,64,,7115,,8051,,8414
119,"cloud_gate",,2,,2,,45,,5,,55,,58,,0833,,1667,,3333,,5,,5,,5,,1176,,1818,,383,,5,,5238,,537
120,"musee_d_orsay",1,0,1,0,,95,,9333,,925,,92,,1429,,2857,,381,,5238,,619,,6667,,25,,4444,,5438,,671,,7417,,7731
121,"pike_place_market",1,0,,7,,8,,8667,,875,,82,,1905,,2857,,3333,,4286,,5238,,5238,,32,,4058,,4706,,5735,,6553,,6393
122,"royal_palace_madrid",,8,,9,,9,,7667,,8,,78,,1818,,1818,,3636,,4091,,5,,5455,,2963,,3025,,518,,5335,,6154,,642
123,"sony_center_berlin",,8,,9,,95,,9667,,925,,94,,0952,,1429,,4762,,4762,,5238,,5238,,1702,,2466,,6344,,6381,,6689,,6727
124,"red_square_moscow",,8,,8,,65,,6667,,725,,7,,0952,,1905,,2381,,4762,,619,,619,,1702,,3077,,3485,,5556,,6678,,657
125,"prague_castle",1,0,1,0,,85,,9,,85,,84,,12,,24,,4,,56,,64,,64,,2143,,3871,,544,,6904,,7302,,7265
126,"musee_du_louvre",1,0,1,0,1,0,1,0,1,0,,98,,16,,28,,32,,44,,64,,68,,2759,,4375,,4848,,6111,,7805,,8029
127,"millennium_bridge_london",1,0,,7,,7,,7333,,775,,82,,2,,28,,36,,4,,52,,52,,3333,,4,,4755,,5176,,6224,,6364
128,"casa_mila",1,0,1,0,1,0,,9333,,9,,9,,16,,28,,44,,44,,64,,68,,2759,,4375,,6111,,5981,,7481,,7747
129,"national_gallery_london",1,0,1,0,,8,,6667,,65,,68,,1364,,2273,,3636,,4545,,5909,,6364,,24,,3704,,5,,5405,,619,,6575
130,"national_mall",1,0,1,0,1,0,,9333,,925,,92,,2,,32,,44,,56,,64,,68,,3333,,4848,,6111,,7,,7565,,782
131,"london_city_hall",1,0,1,0,,95,,9333,,925,,92,,25,,4,,5,,5,,6,,6,,4,,5714,,6552,,6512,,7279,,7263
132,"holocaust_memorial",,8,,9,,8,,7,,725,,7,,125,,3125,,4375,,5625,,625,,625,,2162,,4639,,5657,,6238,,6713,,6604
133,"columbus_circle",1,0,,8,,75,,5333,,6,,6,,16,,28,,48,,48,,6,,68,,2759,,4148,,5854,,5053,,6,,6375
134,"siegessaeule",1,0,1,0,1,0,1,0,,8,,68,,16,,28,,48,,64,,68,,72,,2759,,4375,,6486,,7805,,7351,,6994
135,"jardin_du_luxembourg",1,0,1,0,1,0,1,0,1,0,1,0,,12,,28,,48,,56,,64,,8,,2143,,4375,,6486,,7179,,7805,,8889
136,"merlion_singapore",,0,,1,,15,,1333,,175,,18,,0,,0455,,1364,,1818,,3182,,3636,,0,,0625,,1429,,1538,,2258,,2408
137,"harrods_london",1,0,1,0,,85,,8667,,8,,78,,08,,24,,44,,6,,6,,64,,1481,,3871,,5798,,7091,,6857,,7031
138,"metropolitan_museum_of_art_new_york",1,0,1,0,1,0,,9667,,925,,94,,2,,28,,4,,52,,6,,6,,3333,,4375,,5714,,6762,,7279,,7325
139,"new_york_stock_exchange",1,0,1,0,,9,,8,,75,,66,,15,,25,,3,,45,,5,,5,,2609,,4,,45,,576,,6,,569
140,"stephansdom_vienna",1,0,1,0,1,0,1,0,1,0,1,0,,12,,28,,48,,56,,68,,68,,2143,,4375,,6486,,7179,,8095,,8095
141,"hms_belfast",1,0,1,0,1,0,1,0,,975,,96,,16,,24,,4,,44,,56,,56,,2759,,3871,,5714,,6111,,7114,,7074
142,"leicester_square",,8,,9,,9,,8333,,8,,8,,12,,16,,32,,36,,44,,48,,2087,,2717,,4721,,5028,,5677,,6
143,"ciudad_de_las_artes_y_las_ciencias",,8,,9,,9,,9,,925,,92,,16,,32,,48,,56,,56,,6,,2667,,4721,,6261,,6904,,6976,,7263
144,"topkapi_palace",1,0,1,0,,95,,9667,,975,,96,,12,,24,,4,,48,,64,,64,,2143,,3871,,563,,6415,,7728,,768
145,"royal_albert_hall",1,0,1,0,,85,,8,,775,,76,,16,,24,,32,,4,,48,,48,,2759,,3871,,465,,5333,,5928,,5884
146,"st_vitus_cathedral",,8,,9,,95,,9667,,95,,96,,12,,24,,4,,44,,48,,6,,2087,,3789,,563,,6047,,6378,,7385
147,"castello_sforzesco",1,0,1,0,,9,,8667,,9,,9,,12,,24,,36,,4,,48,,52,,2143,,3871,,5143,,5474,,6261,,6592
148,"rijksmuseum_amsterdam",1,0,1,0,1,0,1,0,1,0,1,0,,04,,04,,24,,48,,56,,6,,0769,,0769,,3871,,6486,,7179,,75
149,"dam_square",,6,,6,,75,,6333,,7,,7,,12,,16,,28,,32,,36,,44,,2,,2526,,4078,,4252,,4755,,5404
150,"rathaus_vienna",1,0,1,0,,85,,8667,,775,,7,,12,,16,,16,,32,,32,,36,,2143,,2759,,2693,,4674,,453,,4755
151,"bath_abbey",1,0,1,0,1,0,,9667,,975,,98,,16,,28,,36,,48,,56,,64,,2759,,4375,,5294,,6415,,7114,,7743
152,"salisbury_cathedral",1,0,1,0,1,0,1,0,1,0,1,0,,08,,12,,28,,44,,48,,52,,1481,,2143,,4375,,6111,,6486,,6842
153,"templo_de_debod",,0,,1,,35,,2667,,35,,46,,0,,0455,,1818,,2273,,3182,,3182,,0,,0625,,2393,,2454,,3333,,3762
154,"Niagara_Falls",,4,,5,,6,,6,,575,,56,,0909,,1364,,2273,,4091,,4545,,4545,,1481,,2143,,3297,,4865,,5077,,5018
155,"Golden_Gate_Bridge_in_San_Francisco",1,0,,9,,9,,9333,,925,,94,,1364,,1818,,4545,,5455,,5455,,6364,,24,,3025,,604,,6885,,6862,,7589
156,"Neuschwanstein_Castle",1,0,1,0,1,0,,9667,,975,,98,,2,,36,,52,,56,,68,,68,,3333,,5294,,6842,,7092,,8012,,8029
157,"Christ_Church_Cathedral_Missouri",1,0,1,0,1,0,1,0,1,0,1,0,,16,,24,,52,,56,,6,,6,,2759,,3871,,6842,,7179,,75,,75
158,"Mount_Rushmore_in_South_Dakota",,8,,8,,9,,9333,,95,,96,,12,,16,,36,,44,,56,,64,,2087,,2667,,5143,,5981,,7046,,768
159,"Puerta_de_Toledo",,0,,2,,15,,1,,075,,06,,0,1,0,1,0,1,0,1,0,1,0,,0,,3333,,2609,,1818,,1395,,1132
160,"Urquhart_Castle",1,0,,9,,8,,8333,,775,,82,,1667,,2083,,4583,,5833,,6667,,6667,,2857,,3383,,5828,,6863,,7168,,7354
161,"Gare_du_Nord_Paris",,8,,9,,85,,8667,,875,,86,,12,,24,,32,,32,,32,,32,,2087,,3789,,465,,4674,,4686,,4664
162,"Newgrange_in_Ireland",,6,,7,,7,,7,,675,,66,,0833,,2083,,375,,5,,5,,5417,,1463,,3211,,4884,,5833,,5745,,595
163,"Windmills_at_Kinderdijk",,8,,8,,8,,8667,,85,,84,,16,,16,,36,,52,,56,,56,,2667,,2667,,4966,,65,,6752,,672
164,"Conciergerie",1,0,1,0,1,0,,9667,,975,,98,,16,,32,,52,,64,,72,,72,,2759,,4848,,6842,,7701,,8283,,8301
165,"Palazzo_Madama",1,0,,9,,8,,7667,,725,,74,,2273,,3636,,5455,,5909,,6364,,6818,,3704,,518,,6486,,6674,,6778,,7097
166,"Split_Rock_Lighthouse",1,0,1,0,,95,,9667,,9,,88,,12,,16,,32,,36,,4,,4,,2143,,2759,,4787,,5246,,5538,,55
167,"The_Little_Mermaid_Denmark",1,0,1,0,1,0,1,0,,975,,92,,2143,,4286,,7143,,7143,,8571,,9286,,3529,,6,,8333,,8333,,9123,,9243
168,"Great_Pyramid_of_Giza",,6,,7,,65,,6,,625,,66,,2,,4,,4667,,5333,,6,,7333,,3,,5091,,5433,,5647,,6122,,6947
169,"Pitti_Palace",,6,,8,,85,,8,,8,,84,,1364,,2727,,4545,,5455,,5455,,5455,,2222,,4068,,5923,,6486,,6486,,6614
170,"Georgia_State_Capitol",1,0,1,0,,85,,6,,475,,38,,2105,,2105,,2632,,2632,,2632,,2632,,3478,,3478,,4019,,3659,,3387,,311
171,"Dome_des_Invalides",1,0,1,0,1,0,,9667,,975,,98,,08,,2,,32,,44,,44,,44,,1481,,3333,,4848,,6047,,6064,,6073
172,"Reggia_di_Caserta",1,0,,6,,5,,4667,,475,,52,,16,,2,,32,,4,,52,,52,,2759,,3,,3902,,4308,,4965,,52
173,"The_Burj_al_Arab_Hotel",,8,,6,,75,,8333,,8,,82,,12,,2,,32,,36,,48,,48,,2087,,3,,4486,,5028,,6,,6055
174,"Elephanta_Caves",1,0,1,0,1,0,1,0,1,0,,98,,1667,,25,,5,,625,,6667,,7083,,2857,,4,,6667,,7692,,8,,8223
175,"Basilica_of_Santa_Croce",1,0,1,0,1,0,1,0,1,0,1,0,,16,,24,,32,,52,,6,,64,,2759,,3871,,4848,,6842,,75,,7805
176,"Aachen_Cathedral",1,0,1,0,1,0,1,0,,975,,92,,12,,2,,28,,44,,52,,56,,2143,,3333,,4375,,6111,,6783,,6962
177,"Monument_to_the_Great_Fire_of_London",,8,,7,,6,,5333,,475,,48,,12,,2,,32,,4,,44,,52,,2087,,3111,,4174,,4571,,4568,,4992
178,"Longmen_Grottoes",,8,,7,,65,,5667,,5,,52,,12,,24,,4,,52,,52,,64,,2087,,3574,,4952,,5423,,5098,,5738
179,"Louisiana_State_Capitol",,4,,3,,25,,2,,2,,22,,08,,12,,2,,2,,24,,28,,1333,,1714,,2222,,2,,2182,,2464
180,"The_Great_Sphinx_at_Giza",1,0,1,0,,9,,8667,,875,,88,,16,,28,,4,,52,,56,,64,,2759,,4375,,5538,,65,,6829,,7411
181,"Teatro_Real_Madrid",1,0,1,0,,85,,7333,,675,,68,,1739,,3478,,4783,,5217,,6087,,7826,,2963,,5161,,6121,,6097,,6401,,7277
182,"Palacio_de_la_Magdalena",1,0,,9,,85,,8667,,85,,82,,2,,28,,4,,52,,6,,68,,3333,,4271,,544,,65,,7034,,7435
183,"Sowjetisches_Ehrenmal",,8,,4,,6,,6333,,725,,72,,16,,16,,36,,48,,6,,68,,2667,,2286,,45,,5461,,6566,,6994
184,"Cathedral_of_Trier",1,0,1,0,1,0,,9333,,9,,92,,2,,28,,56,,68,,72,,76,,3333,,4375,,7179,,7868,,8,,8324
185,"Saint_Mary_of_the_Flower",,2,,1,,15,,1333,,125,,1,,04,,04,,12,,12,,16,,16,,0667,,0571,,1333,,1263,,1404,,1231
186,"Skellig_Michael",1,0,,8,,75,,7333,,725,,66,,16,,28,,48,,56,,56,,6,,2759,,4148,,5854,,6351,,6319,,6286
187,"Chicago_Board_of_Trade_Building",1,0,1,0,,95,,9,,9,,88,,1818,,3182,,4091,,5455,,5909,,7273,,3077,,4828,,5719,,6792,,7134,,7964
188,"Pont_de_Normandie_France",1,0,1,0,1,0,1,0,1,0,,98,,1579,,3158,,4211,,5789,,7368,,8421,,2727,,48,,5926,,7333,,8485,,9058
189,"Palazzo_Rosso",,0,,0,,0,,0333,,075,,08,,0,,0,,0,,0417,,0833,,125,,0,,0,,0,,037,,0789,,0976
190,"Piazza_Vittorio_Veneto",,8,,9,,7,,5667,,45,,38,,1875,,375,,4375,,5,,5,,5625,,3038,,5294,,5385,,5312,,4737,,4536
191,"Sforza_Castle",1,0,1,0,1,0,1,0,,975,,96,,2,,32,,48,,6,,64,,72,,3333,,4848,,6486,,75,,7728,,8229
192,"Torres_KIO",,8,,9,,9,,9,,925,,94,,16,,28,,32,,44,,44,,56,,2667,,4271,,4721,,591,,5963,,7019
193,"Torre_Picasso",1,0,1,0,,7,,7667,,7,,66,,125,,2917,,4167,,5833,,625,,6667,,2222,,4516,,5224,,6626,,6604,,6633
194,"The_Palace_of_Parliament_in_Bucharest",1,0,1,0,,95,,9333,,95,,96,,12,,12,,24,,48,,6,,68,,2143,,2143,,3832,,634,,7355,,7961
195,"Ernest_Hemingway_House",1,0,,9,,85,,8,,75,,76,,12,,24,,36,,48,,56,,64,,2143,,3789,,5058,,6,,6412,,6949
196,"Castel_dellOvo_Napoli",,8,,7,,85,,9,,925,,92,,12,,24,,44,,64,,76,,76,,2087,,3574,,5798,,7481,,8344,,8324
197,"Villa_Borghese_gardens",1,0,1,0,1,0,1,0,1,0,1,0,,12,,28,,48,,68,,76,,84,,2143,,4375,,6486,,8095,,8636,,913
198,"Saint_Marks_Basilica",1,0,1,0,1,0,1,0,1,0,1,0,,12,,2,,28,,36,,4,,4,,2143,,3333,,4375,,5294,,5714,,5714
199,"Mausoleum_of_the_First_Qin_Emperor",1,0,1,0,,9,,8667,,825,,8,,2,,28,,4,,48,,52,,52,,3333,,4375,,5538,,6178,,6379,,6303
200,"Mausoleum_of_Hadrian",1,0,1,0,,9,,9333,,925,,9,,1667,,2778,,3333,,5,,5556,,6111,,2857,,4348,,4865,,6512,,6942,,7279
201,"Piazza_de_Ferrari",1,0,1,0,1,0,1,0,,975,,94,,2105,,2632,,4737,,5263,,5263,,5263,,3478,,4167,,6429,,6897,,6836,,6748
202,"George_Washington_Carver",,6,,7,,6,,7,,725,,7,,125,,1875,,375,,4375,,625,,625,,2069,,2958,,4615,,5385,,6713,,6604
203,"Cathedral_of_Santiago_de_Compostela",1,0,1,0,,95,,9,,825,,84,,2353,,2353,,5294,,6471,,7647,,7647,,381,,381,,6799,,7529,,7937,,8006
204,"Saint-Jacques_Tower",,8,,9,,75,,7667,,775,,74,,3077,,3077,,3077,,3846,,3846,,4615,,4444,,4586,,4364,,5122,,5141,,5685
205,"Calakmul_Campeche_Mexico",,8,,9,,8,,8333,,875,,88,,2143,,2857,,4286,,7143,,7143,,7143,,338,,4337,,5581,,7692,,7865,,7885
206,"Bran_Castle_in_Transylvania",1,0,1,0,,9,,9333,,925,,9,,2632,,3158,,3684,,4211,,4737,,6842,,4167,,48,,5228,,5803,,6265,,7774
207,"Mosteiro_da_Batalha",1,0,1,0,1,0,1,0,1,0,1,0,,1053,,1579,,5263,,6316,,7368,,7368,,1905,,2727,,6897,,7742,,8485,,8485
208,"Wartburg_Castle",1,0,,9,,95,,9,,9,,92,,15,,25,,45,,6,,7,,75,,2609,,3913,,6107,,72,,7875,,8263
209,"Fujian_Tulou_Fujian_China",1,0,1,0,1,0,1,0,,975,,98,,1111,,3333,,3889,,5,,6667,,7222,,2,,5,,56,,6667,,7919,,8316
210,"Alabama_State_Capitol",,4,,5,,6,,6667,,75,,76,,0952,,2381,,5238,,7143,,7619,,8095,,1538,,3226,,5593,,6897,,7559,,784
211,"Palazzo_dAccursio",,6,,8,,85,,8667,,875,,9,,1667,,2778,,3333,,5,,5,,6111,,2609,,4124,,4789,,6341,,6364,,7279
212,"Casa_Grande_Ruins",,6,,8,,85,,8667,,85,,84,,1765,,2941,,3529,,4706,,4706,,4706,,2727,,4301,,4988,,61,,6058,,6032
213,"Stravinsky_Fountain",1,0,1,0,1,0,,9667,,975,,96,,2667,,2667,,4,,4667,,5333,,6,,4211,,4211,,5714,,6295,,6895,,7385
214,"Angel_Falls_Venezuela",,6,,6,,55,,5667,,55,,56,,1765,,2941,,4118,,5294,,6471,,6471,,2727,,3947,,4709,,5474,,5946,,6004
215,"Statue_of_George_IV",,8,,9,,65,,6,,575,,48,,25,,5,,75,,875,,875,,875,,381,,6429,,6964,,7119,,694,,6199
216,"Palacio_Barolo",,6,,7,,8,,8667,,9,,92,,1765,,2353,,4706,,4706,,5294,,5882,,2727,,3522,,5926,,61,,6667,,7176
217,"Bridge_of_Remembrance_Christchurch_New_Zealand",1,0,1,0,1,0,,9,,85,,8,,3333,,5,,9167,,9167,,9167,1,0,,5,,6667,,9565,,9083,,8821,,8889
218,"John_A._Roebling_Suspension_Bridge",,8,,4,,3,,3667,,425,,42,,2667,,2667,,4,,5333,,7333,,7333,,4,,32,,3429,,4346,,5381,,5341
219,"Blue_Dome_Santorini",1,0,1,0,,9,,9333,,95,,96,,25,,375,,5625,,6875,,6875,,75,,4,,5455,,6923,,7918,,7977,,8421
220,"Fossar_de_les_Moreres",1,0,,9,,85,,7,,575,,48,,2857,,4286,,7143,,7143,,7143,,7143,,4444,,5806,,7763,,7071,,6371,,5742
221,"Luxor_Obelisk_France",1,0,,8,,85,,7333,,725,,68,,125,,1875,,25,,25,,375,,4375,,2222,,3038,,3864,,3729,,4943,,5324
222,"Valle_de_los_Caidos",1,0,1,0,,95,,9333,,875,,88,,2,,35,,4,,55,,65,,65,,3333,,5185,,563,,6921,,7459,,7477
--------------------
"--","Avg.",P@5,P@10,P@20,P@30,P@40,P@50,CR@5,CR@10,CR@20,CR@30,CR@40,CR@50,F1@5,F1@10,F1@20,F1@30,F1@40,F1@50
,,,8216,,8252,,8007,,7862,,7762,,773,,1424,,2404,,3836,,4859,,5526,,5961,,2388,,3624,,5065,,5875,,631,,6575