--------------------
"Run name","output_runDICEXBIndex"
--------------------
"Average P@20 = ",,7698
"Average CR@20 = ",,3992
"Average F1@20 = ",,5144
--------------------
"Query Id ","Location name",P@5,P@10,P@20,P@30,P@40,P@50,CR@5,CR@10,CR@20,CR@30,CR@40,CR@50,F1@5,F1@10,F1@20,F1@30,F1@40,F1@50
1,"angel_of_the_north",1,0,1,0,1,0,1,0,1,0,1,0,,16,,24,,4,,52,,64,,64,,2759,,3871,,5714,,6842,,7805,,7805
2,"big_ben",,4,,6,,8,,8333,,8,,82,,0909,,1818,,2727,,5,,5455,,6364,,1481,,2791,,4068,,625,,6486,,7166
3,"hearst_castle",,8,,9,,9,,9,,925,,94,,125,,2917,,4583,,6667,,6667,,75,,2162,,4406,,6074,,766,,7749,,8343
4,"la_madeleine",,6,,3,,4,,4,,35,,32,,2143,,2143,,4286,,6429,,7857,,7857,,3158,,25,,4138,,4932,,4843,,4548
5,"pont_alexandre_iii",1,0,,9,,95,,9667,,95,,92,,12,,2,,36,,56,,6,,76,,2143,,3273,,5221,,7092,,7355,,8324
6,"neues_museum",,8,,5,,6,,7333,,65,,7,,16,,2,,36,,48,,52,,6,,2667,,2857,,45,,5802,,5778,,6462
7,"montezuma_castle",,8,,8,,6,,6,,625,,64,,25,,3333,,4167,,4167,,5,,75,,381,,4706,,4918,,4918,,5556,,6906
8,"cn_tower",,8,,7,,7,,6667,,7,,62,,125,,25,,4583,,5417,,5833,,6667,,2162,,3684,,554,,5977,,6364,,6425
9,"acropolis_athens",,8,,9,,9,,9333,,925,,86,,0952,,2857,,4762,,5714,,5714,,5714,,1702,,4337,,6228,,7089,,7064,,6866
10,"agra_fort",,8,,9,,9,,9,,9,,88,,16,,36,,52,,6,,76,,8,,2667,,5143,,6592,,72,,8241,,8381
11,"albert_memorial",1,0,1,0,,95,,7667,,825,,84,,0909,,1364,,3636,,4545,,5,,6818,,1667,,24,,526,,5707,,6226,,7527
12,"altes_museum",,2,,2,,5,,5333,,625,,68,,0417,,0833,,3333,,375,,4583,,5417,,069,,1176,,4,,4404,,5288,,603
13,"amiens_cathedral",1,0,1,0,1,0,1,0,,975,,98,,16,,32,,56,,68,,8,,84,,2759,,4848,,7179,,8095,,8789,,9046
14,"angkor_wat",,8,,9,,95,,9,,825,,82,,16,,24,,48,,6,,72,,72,,2667,,3789,,6378,,72,,7689,,7668
15,"ara_pacis",,6,,4,,6,,5,,6,,66,,1364,,1818,,3636,,4545,,5455,,6364,,2222,,25,,4528,,4762,,5714,,648
16,"arc_de_triomphe",1,0,,9,,75,,8,,725,,68,,1667,,25,,4167,,5417,,625,,7083,,2857,,3913,,5357,,646,,6713,,6939
17,"aztec_ruins",,6,,3,,3,,4,,375,,4,,12,,12,,24,,32,,4,,52,,2,,1714,,2667,,3556,,3871,,4522
18,"berlin_cathedral",1,0,,9,,95,,8667,,875,,9,,16,,28,,48,,56,,64,,72,,2759,,4271,,6378,,6804,,7393,,8
19,"bok_tower_gardens",,8,,8,,9,,9,,925,,94,,16,,28,,44,,6,,6,,68,,2667,,4148,,591,,72,,7279,,7891
20,"brandenburg_gate",1,0,1,0,1,0,1,0,1,0,,94,,12,,16,,28,,56,,64,,68,,2143,,2759,,4375,,7179,,7805,,7891
21,"cabrillo",,0,,0,,2,,1667,,2,,18,,0,,0,,3077,,3846,,5385,,6154,,0,,0,,2424,,2326,,2917,,2785
22,"casa_batllo",1,0,1,0,1,0,1,0,,975,,98,,2,,32,,52,,6,,68,,76,,3333,,4848,,6842,,75,,8012,,8561
23,"casa_rosada",1,0,1,0,,95,,9333,,95,,92,,2,,32,,48,,56,,68,,72,,3333,,4848,,6378,,7,,7926,,8078
24,"castillo_de_san_marcos",1,0,1,0,,8,,6333,,7,,76,,16,,2,,4,,48,,64,,8,,2759,,3333,,5333,,5461,,6687,,7795
25,"chartres_cathedral",1,0,1,0,1,0,1,0,,975,,96,,16,,28,,36,,48,,6,,64,,2759,,4375,,5294,,6486,,7429,,768
26,"chichen_itza",,8,,8,,85,,8667,,875,,9,,12,,2,,44,,52,,64,,72,,2087,,32,,5798,,65,,7393,,8
27,"christ_the_redeemer_rio",,4,,5,,5,,4333,,475,,58,,087,,1304,,3043,,3478,,5217,,6087,,1429,,2069,,3784,,3859,,4973,,594
28,"civic_center_san_francisco",1,0,1,0,,9,,8,,675,,54,,2,,28,,32,,44,,48,,48,,3333,,4375,,4721,,5677,,561,,5082
29,"cologne_cathedral",1,0,,9,,95,,9667,,95,,96,,12,,2,,4,,52,,68,,72,,2143,,3273,,563,,6762,,7926,,8229
30,"colosseum",1,0,1,0,1,0,,8667,,875,,9,,2,,24,,44,,48,,64,,76,,3333,,3871,,6111,,6178,,7393,,8241
31,"doge_s_palace",1,0,,9,,95,,9667,,9,,92,,16,,28,,36,,4,,52,,52,,2759,,4271,,5221,,5659,,6592,,6644
32,"eiffel_tower",1,0,1,0,1,0,,9667,,925,,86,,12,,2,,36,,4,,52,,68,,2143,,3333,,5294,,5659,,6657,,7595
33,"golden_gate_bridge",,8,,8,,8,,8,,65,,7,,1304,,3043,,3913,,4783,,4783,,5217,,2243,,4409,,5255,,5986,,5511,,5979
34,"grand_palais",,8,,9,,9,,9333,,925,,94,,0909,,2273,,4091,,4545,,5909,,6818,,1633,,3629,,5625,,6114,,7211,,7904
35,"guggenheim_museum_bilbao",,8,,9,,95,,9,,925,,94,,16,,2,,4,,56,,64,,72,,2667,,3273,,563,,6904,,7565,,8154
36,"hagia_sophia_istanbul",1,0,1,0,1,0,,9667,,975,,96,,2,,36,,52,,56,,68,,76,,3333,,5294,,6842,,7092,,8012,,8484
37,"hoover_dam",1,0,,9,,95,,9667,,95,,94,,16,,32,,44,,48,,56,,64,,2759,,4721,,6014,,6415,,7046,,7615
38,"humayun_tomb",,8,,9,,8,,8333,,85,,88,,12,,32,,48,,64,,72,,76,,2087,,4721,,6,,724,,7796,,8156
39,"iguazu_falls",,6,,8,,75,,8,,8,,78,,12,,24,,32,,56,,6,,72,,2,,3692,,4486,,6588,,6857,,7488
40,"iolani_palace",1,0,1,0,,85,,7333,,725,,66,,16,,28,,4,,56,,64,,72,,2759,,4375,,544,,6351,,6799,,6887
41,"la_mezquita",,8,,9,,75,,7,,625,,58,,1667,,3333,,4167,,4583,,5833,,6667,,2759,,4865,,5357,,554,,6034,,6203
42,"la_rambla_barcelona",,8,,9,,85,,9,,9,,9,,12,,2,,36,,48,,56,,6,,2087,,3273,,5058,,6261,,6904,,72
43,"la_sainte_chapelle",1,0,,9,,9,,9333,,95,,96,,2,,24,,44,,6,,72,,84,,3333,,3789,,591,,7304,,8192,,896
44,"liberty_memorial",1,0,,6,,65,,7333,,625,,64,,12,,16,,28,,48,,52,,6,,2143,,2526,,3914,,5802,,5677,,6194
45,"lincoln_home",,8,,7,,45,,3667,,425,,38,,2222,,3333,,3333,,3889,,6111,,6667,,3478,,4516,,383,,3775,,5013,,4841
46,"machu_picchu",,6,,7,,8,,8333,,825,,78,,12,,28,,36,,48,,68,,72,,2,,4,,4966,,6091,,7455,,7488
47,"marble_arch_london",,6,,6,,5,,3333,,325,,3,,25,,5,,5,,5,,6667,,75,,3529,,5455,,5,,4,,437,,4286
48,"milan_cathedral",1,0,1,0,1,0,,9667,,875,,9,,16,,32,,48,,56,,64,,72,,2759,,4848,,6486,,7092,,7393,,8
49,"mole_antonelliana",,8,,5,,7,,7333,,75,,7,,16,,16,,28,,4,,48,,56,,2667,,2424,,4,,5176,,5854,,6222
50,"mont_saint_michel",1,0,,9,,9,,9,,85,,78,,2,,32,,44,,56,,56,,64,,3333,,4721,,591,,6904,,6752,,7031
51,"moulin_rouge",,0,,1,,25,,2333,,275,,24,,0,,125,,625,,625,,875,,875,,0,,1111,,3571,,3398,,4185,,3767
52,"nelson_s_column",1,0,1,0,,95,,9667,,95,,92,,1667,,25,,375,,4583,,625,,75,,2857,,4,,5377,,6218,,754,,8263
53,"notre_dame_de_paris",1,0,1,0,1,0,,8667,,825,,8,,2,,24,,44,,44,,6,,64,,3333,,3871,,6111,,5837,,6947,,7111
54,"obelisco",,2,,3,,2,,1667,,2,,16,,0909,,2727,,3636,,3636,,4545,,4545,,125,,2857,,2581,,2286,,2778,,2367
55,"piccadilly_circus",1,0,,9,,75,,7667,,8,,74,,1739,,3043,,3478,,4348,,5652,,6522,,2963,,4549,,4752,,5549,,6624,,6933
56,"place_de_la_concorde",1,0,1,0,1,0,,9667,,95,,94,,08,,24,,44,,52,,6,,64,,1481,,3871,,6111,,6762,,7355,,7615
57,"place_de_la_republique",,2,,2,,25,,2667,,25,,2,,125,,25,,375,,5,,625,,625,,1538,,2222,,3,,3478,,3571,,303
58,"place_des_vosges",,6,,7,,6,,6,,7,,66,,12,,2,,36,,44,,64,,64,,2,,3111,,45,,5077,,6687,,6498
59,"pont_du_gard",,8,,8,,85,,7333,,675,,72,,16,,32,,52,,56,,64,,68,,2667,,4571,,6453,,6351,,657,,6994
60,"pont_neuf",1,0,,9,,9,,6667,,725,,64,,12,,2,,44,,48,,6,,64,,2143,,3273,,591,,5581,,6566,,64
61,"ponte_vecchio",1,0,,9,,85,,7,,65,,64,,125,,2917,,4583,,5417,,625,,6667,,2222,,4406,,5955,,6107,,6373,,6531
62,"puerta_de_alcala",,4,,5,,75,,7667,,725,,68,,1053,,1579,,4737,,6316,,6842,,6842,,1667,,24,,5806,,6926,,704,,6821
63,"puerta_del_sol",,8,,7,,55,,4333,,375,,32,,15,,25,,3,,35,,4,,45,,2526,,3684,,3882,,3872,,3871,,374
64,"red_fort",1,0,1,0,1,0,1,0,1,0,1,0,,2,,32,,44,,64,,76,,8,,3333,,4848,,6111,,7805,,8636,,8889
65,"reims_cathedral",1,0,1,0,1,0,1,0,1,0,,94,,12,,2,,32,,44,,52,,64,,2143,,3333,,4848,,6111,,6842,,7615
66,"rialto_bridge",1,0,1,0,,85,,7667,,65,,52,,1875,,375,,5625,,625,,6875,,6875,,3158,,5455,,677,,6886,,6682,,5921
67,"roman_forum_rome",,6,,6,,7,,7333,,775,,76,,12,,2,,44,,52,,64,,8,,2,,3,,5404,,6085,,7011,,7795
68,"sacre_coeur",,2,,4,,55,,5667,,55,,52,,0417,,125,,2917,,4583,,5833,,5833,,069,,1905,,3812,,5068,,5662,,5498
69,"sagrada_familia",,8,,9,,95,,9667,,95,,96,,16,,24,,4,,52,,56,,6,,2667,,3789,,563,,6762,,7046,,7385
70,"santa_maria_novella",,6,,4,,55,,5,,575,,62,,12,,16,,32,,4,,52,,68,,2,,2286,,4046,,4444,,5461,,6486
71,"schonbrunn_palace",1,0,1,0,,95,,9667,,975,,98,,2,,32,,36,,52,,72,,72,,3333,,4848,,5221,,6762,,8283,,8301
72,"seville_cathedral",1,0,1,0,1,0,,9,,925,,94,,16,,28,,4,,52,,68,,72,,2759,,4375,,5714,,6592,,7838,,8154
73,"spanish_steps",1,0,,8,,65,,6333,,575,,58,,1364,,1818,,3182,,4545,,5,,6364,,24,,2963,,4272,,5292,,5349,,6069
74,"st__basil_cathedral",1,0,,9,,8,,8333,,8,,84,,2,,28,,36,,56,,6,,64,,3333,,4271,,4966,,6699,,6857,,7265
75,"statue_of_liberty",1,0,,8,,8,,8667,,85,,84,,2,,28,,44,,52,,56,,6,,3333,,4148,,5677,,65,,6752,,7
76,"stonehenge",,6,,8,,75,,7,,725,,72,,1579,,2105,,2632,,4211,,5789,,6316,,25,,3333,,3896,,5258,,6438,,6729
77,"summer_palace_beijing",,6,,7,,8,,8333,,85,,8,,12,,24,,44,,56,,64,,64,,2,,3574,,5677,,6699,,7302,,7111
78,"sydney_opera_house",1,0,1,0,1,0,,8333,,875,,88,,12,,24,,32,,48,,52,,52,,2143,,3871,,4848,,6091,,6523,,6537
79,"teotihuacan",1,0,1,0,,95,,8333,,825,,78,,2,,32,,44,,52,,64,,64,,3333,,4848,,6014,,6404,,7208,,7031
80,"terracotta_army",,8,,9,,7,,6667,,7,,66,,2,,25,,4,,6,,65,,65,,32,,3913,,5091,,6316,,6741,,655
81,"the_blue_mosque",,8,,9,,9,,9333,,95,,96,,12,,24,,4,,52,,52,,72,,2087,,3789,,5538,,6679,,6721,,8229
82,"the_henry_ford",,2,,6,,7,,6333,,675,,64,,04,,2,,44,,52,,6,,64,,0667,,3,,5404,,5711,,6353,,64
83,"taj_mahal",1,0,1,0,,95,,9667,,9,,9,,12,,24,,44,,6,,68,,76,,2143,,3871,,6014,,7404,,7747,,8241
84,"tour_montparnasse",,4,,3,,5,,4667,,375,,34,,1,,15,,4,,5,,5,,5,,16,,2,,4444,,4828,,4286,,4048
85,"tower_bridge_london",1,0,,6,,55,,4667,,5,,5,,12,,16,,32,,36,,56,,64,,2143,,2526,,4046,,4065,,5283,,5614
86,"trafalgar_square",,6,,5,,5,,6,,575,,56,,1364,,1364,,1364,,3636,,4545,,5455,,2222,,2143,,2143,,4528,,5077,,5526
87,"leaning_tower_of_pisa",,6,,5,,65,,5667,,6,,68,,08,,12,,32,,44,,52,,64,,1412,,1935,,4289,,4954,,5571,,6594
88,"hermitage_museum_saint_petersburg",,8,,9,,8,,8667,,85,,86,,16,,24,,44,,64,,64,,64,,2667,,3789,,5677,,7363,,7302,,7339
89,"jantar_mantar_jaipur",1,0,,9,,75,,7,,75,,78,,2,,36,,56,,64,,68,,8,,3333,,5143,,6412,,6687,,7133,,7899
90,"lake_titicaca_peru",,6,,6,,5,,5,,55,,52,,0833,,2083,,3333,,375,,4583,,5,,1463,,3093,,4,,4286,,5,,5098
91,"the_great_wall_of_china",,8,,8,,85,,8667,,775,,8,,16,,28,,44,,52,,56,,6,,2667,,4148,,5798,,65,,6502,,6857
92,"grande_arche_paris",,4,,6,,55,,6333,,675,,58,,08,,12,,28,,44,,56,,6,,1333,,2,,3711,,5193,,6121,,5898
93,"el_angel_mexico",,4,,2,,35,,3333,,425,,42,,0952,,0952,,2857,,381,,4762,,5714,,1538,,129,,3146,,3556,,4491,,4841
94,"bibliotheque_nationale_de_france",,4,,5,,65,,7,,75,,76,,08,,12,,32,,44,,52,,56,,1333,,1935,,4289,,5404,,6142,,6448
95,"kronborg_castle",,8,,7,,85,,7667,,775,,78,,125,,1667,,4167,,5,,5417,,5833,,2162,,2692,,5592,,6053,,6377,,6675
96,"ajanta_caves",,8,,9,,95,,9667,,95,,94,,1818,,3182,,5455,,6364,,7273,,7273,,2963,,4701,,693,,7675,,8238,,8201
97,"atomium",1,0,1,0,1,0,,9667,,925,,92,,1905,,3333,,381,,5238,,5714,,5714,,32,,5,,5517,,6794,,7064,,705
98,"ellora_caves",1,0,1,0,1,0,1,0,,925,,94,,1364,,3636,,4091,,5,,5909,,5909,,24,,5333,,5806,,6667,,7211,,7257
99,"potala_palace",1,0,,9,,9,,9,,825,,8,,1111,,1667,,4444,,6111,,7222,,8333,,2,,2812,,595,,7279,,7702,,8163
100,"jokhang",,6,,7,,75,,8,,775,,74,,12,,2,,4,,68,,76,,8,,2,,3111,,5217,,7351,,7674,,7688
101,"rila_monastery",,8,,9,,95,,9,,9,,84,,12,,24,,36,,44,,44,,48,,2087,,3789,,5221,,591,,591,,6109
102,"louvre_pyramid",,6,,8,,85,,9,,9,,88,,1111,,1667,,5,,6111,,6111,,6111,,1875,,2759,,6296,,7279,,7279,,7213
103,"brooklyn_bridge",1,0,,9,,8,,7333,,75,,8,,2381,,3333,,5238,,5714,,6667,,7143,,3846,,4865,,6331,,6423,,7059,,7547
104,"tower_of_london",,6,,8,,7,,7333,,75,,78,,0435,,2174,,2174,,3913,,4348,,5217,,0811,,3419,,3318,,5103,,5505,,6253
105,"british_museum_london",1,0,1,0,,95,,9667,,975,,98,,2,,35,,4,,55,,6,,65,,3333,,5185,,563,,7011,,7429,,7816
106,"buckingham_palace",,6,,7,,45,,4333,,375,,34,,15,,2,,25,,3,,35,,35,,24,,3111,,3214,,3545,,3621,,3449
107,"charles_bridge_prague",,8,,9,,6,,5667,,45,,5,,125,,2083,,2083,,3333,,3333,,4583,,2162,,3383,,3093,,4198,,383,,4783
108,"champs_elysees_paris",,6,,5,,4,,4667,,5,,42,,1333,,2,,2667,,3333,,6,,6,,2182,,2857,,32,,3889,,5455,,4941
109,"chrysler_building",1,0,,9,,85,,8667,,875,,88,,1429,,3571,,5,,6429,,6429,,7143,,25,,5114,,6296,,7382,,7412,,7885
110,"moma_new_york",,8,,9,,95,,9,,85,,88,,1579,,2632,,4737,,5263,,6316,,7895,,2637,,4072,,6322,,6642,,7247,,8323
111,"grand_central_terminal",1,0,1,0,1,0,,9667,,975,,94,,1429,,1429,,2381,,3333,,4286,,4286,,25,,25,,3846,,4957,,5954,,5887
112,"houses_of_parliament",,8,,8,,9,,9333,,85,,84,,1304,,2609,,4783,,4783,,5217,,5217,,2243,,3934,,6246,,6324,,6466,,6437
113,"alexanderplatz_berlin",,8,,9,,85,,8333,,75,,76,,16,,28,,44,,52,,6,,64,,2667,,4271,,5798,,6404,,6667,,6949
114,"centre_pompidou",,8,,9,,7,,7667,,675,,64,,1111,,2778,,3333,,4444,,5,,6111,,1951,,4245,,4516,,5627,,5745,,6252
115,"sydney_harbour_bridge",1,0,1,0,,95,,9333,,925,,9,,3125,,375,,5625,,625,,6875,,75,,4762,,5455,,7066,,7487,,7888,,8182
116,"pier_39",1,0,1,0,,95,,9333,,875,,9,,2381,,2857,,4762,,619,,619,,7143,,3846,,4444,,6344,,7444,,7251,,7965
117,"coit_tower",,6,,6,,45,,4667,,425,,48,,1333,,2667,,3333,,4,,4667,,6667,,2182,,3692,,383,,4308,,4449,,5581
118,"st_paul_s_cathedral_london",1,0,1,0,,8,,8333,,8,,74,,2353,,2941,,4706,,5882,,6471,,7059,,381,,4545,,5926,,6897,,7154,,7225
119,"cloud_gate",,8,,9,,7,,6,,6,,64,,25,,3333,,4167,,5,,5,,6667,,381,,4865,,5224,,5455,,5455,,6531
120,"musee_d_orsay",1,0,1,0,,95,,9667,,975,,96,,2381,,3333,,4762,,5714,,619,,6667,,3846,,5,,6344,,7183,,7573,,7869
121,"pike_place_market",,8,,6,,7,,7667,,8,,82,,0952,,1429,,2857,,5714,,5714,,619,,1702,,2308,,4058,,6548,,6667,,7055
122,"royal_palace_madrid",,8,,8,,8,,8333,,875,,88,,0909,,2273,,3182,,6364,,7727,,8182,,1633,,354,,4553,,7216,,8207,,848
123,"sony_center_berlin",1,0,1,0,,85,,9,,925,,9,,1429,,1905,,2381,,4286,,4762,,5714,,25,,32,,372,,5806,,6287,,699
124,"red_square_moscow",,8,,5,,65,,7,,675,,64,,1905,,2381,,381,,4762,,619,,6667,,3077,,3226,,4804,,5668,,6458,,6531
125,"prague_castle",,8,,9,,8,,8333,,8,,82,,16,,32,,52,,64,,72,,8,,2667,,4721,,6303,,724,,7579,,8099
126,"musee_du_louvre",1,0,1,0,,95,,9667,,975,,98,,2,,32,,36,,52,,6,,6,,3333,,4848,,5221,,6762,,7429,,7443
127,"millennium_bridge_london",,8,,7,,8,,8,,825,,76,,16,,2,,32,,4,,52,,52,,2667,,3111,,4571,,5333,,6379,,6175
128,"casa_mila",1,0,1,0,1,0,,9667,,95,,96,,2,,28,,44,,52,,6,,76,,3333,,4375,,6111,,6762,,7355,,8484
129,"national_gallery_london",1,0,,8,,65,,7667,,775,,68,,1818,,2727,,3636,,5,,5455,,5455,,3077,,4068,,4664,,6053,,6403,,6053
130,"national_mall",,6,,7,,7,,7333,,7,,68,,12,,28,,48,,64,,76,,8,,2,,4,,5695,,6835,,7288,,7351
131,"london_city_hall",1,0,1,0,,9,,8667,,825,,72,,2,,2,,45,,55,,7,,75,,3333,,3333,,6,,6729,,7574,,7347
132,"holocaust_memorial",,2,,5,,45,,5667,,575,,46,,0625,,25,,375,,5625,,625,,625,,0952,,3333,,4091,,5646,,599,,53
133,"columbus_circle",,8,,5,,6,,5667,,55,,56,,12,,16,,4,,52,,6,,76,,2087,,2424,,48,,5423,,5739,,6448
134,"siegessaeule",,8,,8,,6,,6667,,525,,5,,08,,16,,28,,4,,44,,48,,1455,,2667,,3818,,5,,4788,,4898
135,"jardin_du_luxembourg",,8,,8,,9,,9333,,925,,94,,12,,28,,4,,48,,56,,68,,2087,,4148,,5538,,634,,6976,,7891
136,"merlion_singapore",,6,,5,,25,,2333,,425,,5,,1364,,2273,,2273,,2273,,5,,6364,,2222,,3125,,2381,,2303,,4595,,56
137,"harrods_london",,8,,7,,8,,8667,,875,,86,,16,,28,,48,,52,,64,,72,,2667,,4,,6,,65,,7393,,7838
138,"metropolitan_museum_of_art_new_york",1,0,1,0,,9,,9333,,95,,96,,16,,24,,36,,44,,52,,6,,2759,,3871,,5143,,5981,,6721,,7385
139,"new_york_stock_exchange",1,0,,8,,65,,6,,6,,56,,25,,4,,5,,55,,7,,7,,4,,5333,,5652,,5739,,6462,,6222
140,"stephansdom_vienna",1,0,1,0,1,0,,9667,,975,,96,,2,,32,,48,,56,,56,,6,,3333,,4848,,6486,,7092,,7114,,7385
141,"hms_belfast",1,0,1,0,1,0,,9667,,975,,98,,12,,28,,36,,48,,64,,8,,2143,,4375,,5294,,6415,,7728,,8809
142,"leicester_square",1,0,,8,,8,,7,,675,,68,,16,,24,,32,,4,,52,,52,,2759,,3692,,4571,,5091,,5874,,5893
143,"ciudad_de_las_artes_y_las_ciencias",1,0,,9,,95,,9333,,95,,96,,12,,24,,4,,52,,56,,68,,2143,,3789,,563,,6679,,7046,,7961
144,"topkapi_palace",1,0,1,0,1,0,,9667,,95,,94,,2,,32,,52,,6,,6,,72,,3333,,4848,,6842,,7404,,7355,,8154
145,"royal_albert_hall",1,0,,8,,75,,7,,55,,62,,16,,24,,32,,44,,44,,56,,2759,,3692,,4486,,5404,,4889,,5885
146,"st_vitus_cathedral",1,0,1,0,1,0,1,0,,95,,96,,16,,28,,48,,52,,6,,64,,2759,,4375,,6486,,6842,,7355,,768
147,"castello_sforzesco",1,0,,8,,9,,9,,925,,94,,12,,2,,28,,4,,56,,64,,2143,,32,,4271,,5538,,6976,,7615
148,"rijksmuseum_amsterdam",1,0,1,0,1,0,1,0,1,0,1,0,,12,,16,,28,,44,,56,,76,,2143,,2759,,4375,,6111,,7179,,8636
149,"dam_square",,4,,5,,5,,5667,,525,,58,,08,,2,,32,,36,,4,,56,,1333,,2857,,3902,,4403,,4541,,5698
150,"rathaus_vienna",,8,,9,,55,,7,,675,,66,,12,,24,,24,,32,,4,,52,,2087,,3789,,3342,,4392,,5023,,5817
151,"bath_abbey",,8,,9,,85,,8667,,9,,9,,12,,24,,4,,52,,72,,72,,2087,,3789,,544,,65,,8,,8
152,"salisbury_cathedral",1,0,1,0,1,0,,9667,,975,,94,,2,,28,,36,,44,,44,,52,,3333,,4375,,5294,,6047,,6064,,6696
153,"templo_de_debod",,4,,3,,4,,5667,,525,,54,,0455,,0909,,2727,,2727,,3636,,4545,,0816,,1395,,3243,,3682,,4297,,4936
154,"Niagara_Falls",,4,,6,,55,,6333,,625,,64,,0909,,2273,,3182,,4545,,5455,,6364,,1481,,3297,,4031,,5292,,5825,,6382
155,"Golden_Gate_Bridge_in_San_Francisco",,6,,8,,85,,9,,925,,92,,0909,,1818,,4091,,5455,,6818,,7273,,1579,,2963,,5523,,6792,,785,,8124
156,"Neuschwanstein_Castle",1,0,,9,,9,,9,,925,,92,,2,,28,,48,,64,,64,,76,,3333,,4271,,6261,,7481,,7565,,8324
157,"Christ_Church_Cathedral_Missouri",,8,,7,,85,,9,,875,,78,,16,,24,,52,,56,,6,,68,,2667,,3574,,6453,,6904,,7119,,7266
158,"Mount_Rushmore_in_South_Dakota",,8,,9,,95,,9667,,9,,88,,12,,2,,4,,56,,6,,64,,2087,,3273,,563,,7092,,72,,7411
159,"Puerta_de_Toledo",,2,,1,,05,,0333,,025,,02,,5,,5,,5,,5,,5,,5,,2857,,1667,,0909,,0625,,0476,,0385
160,"Urquhart_Castle",1,0,,9,,8,,8667,,8,,84,,1667,,25,,4167,,5417,,6667,,75,,2857,,3913,,5479,,6667,,7273,,7925
161,"Gare_du_Nord_Paris",,8,,7,,85,,8667,,775,,72,,12,,2,,28,,36,,44,,48,,2087,,3111,,4212,,5087,,5613,,576
162,"Newgrange_in_Ireland",,6,,7,,7,,7,,75,,66,,125,,25,,3333,,4167,,4583,,5,,2069,,3684,,4516,,5224,,569,,569
163,"Windmills_at_Kinderdijk",,8,,9,,8,,8333,,875,,9,,16,,28,,36,,48,,56,,64,,2667,,4271,,4966,,6091,,6829,,7481
164,"Conciergerie",1,0,1,0,1,0,1,0,,975,,98,,16,,28,,48,,6,,72,,72,,2759,,4375,,6486,,75,,8283,,8301
165,"Palazzo_Madama",1,0,,6,,7,,6667,,65,,6,,1364,,1818,,4545,,5455,,5455,,6818,,24,,2791,,5512,,6,,5932,,6383
166,"Split_Rock_Lighthouse",,8,,8,,9,,8667,,825,,82,,12,,2,,36,,4,,48,,52,,2087,,32,,5143,,5474,,6069,,6364
167,"The_Little_Mermaid_Denmark",,8,,8,,75,,6667,,725,,66,,2857,,5,,7143,,7143,,7143,,7857,,4211,,6154,,7317,,6897,,7196,,7174
168,"Great_Pyramid_of_Giza",,2,,6,,7,,7,,7,,72,,0667,,2667,,4667,,5333,,6,,6667,,1,,3692,,56,,6054,,6462,,6923
169,"Pitti_Palace",,6,,8,,75,,7333,,65,,52,,1364,,2273,,4545,,5455,,5455,,5455,,2222,,354,,566,,6256,,5932,,5324
170,"Georgia_State_Capitol",,2,,5,,5,,5333,,525,,48,,0526,,2632,,2632,,2632,,3158,,3158,,0833,,3448,,3448,,3524,,3944,,381
171,"Dome_des_Invalides",1,0,1,0,1,0,,9667,,975,,98,,16,,28,,4,,48,,56,,64,,2759,,4375,,5714,,6415,,7114,,7743
172,"Reggia_di_Caserta",,8,,5,,4,,4667,,45,,56,,16,,2,,24,,4,,44,,72,,2667,,2857,,3,,4308,,4449,,63
173,"The_Burj_al_Arab_Hotel",,8,,8,,9,,8333,,8,,84,,12,,2,,4,,48,,52,,64,,2087,,32,,5538,,6091,,6303,,7265
174,"Elephanta_Caves",,8,,9,,95,,9333,,875,,82,,125,,25,,4583,,5833,,625,,7083,,2162,,3913,,6183,,7179,,7292,,7601
175,"Basilica_of_Santa_Croce",1,0,1,0,1,0,1,0,1,0,1,0,,16,,2,,44,,48,,48,,56,,2759,,3333,,6111,,6486,,6486,,7179
176,"Aachen_Cathedral",1,0,,9,,95,,9333,,95,,94,,12,,2,,44,,48,,6,,68,,2143,,3273,,6014,,634,,7355,,7891
177,"Monument_to_the_Great_Fire_of_London",,2,,2,,35,,4667,,55,,58,,04,,08,,2,,36,,56,,64,,0667,,1143,,2545,,4065,,555,,6085
178,"Longmen_Grottoes",,4,,6,,7,,7333,,7,,7,,08,,24,,44,,56,,6,,6,,1333,,3429,,5404,,6351,,6462,,6462
179,"Louisiana_State_Capitol",,4,,4,,25,,2667,,275,,32,,08,,16,,2,,28,,32,,44,,1333,,2286,,2222,,2732,,2958,,3705
180,"The_Great_Sphinx_at_Giza",,4,,5,,25,,4333,,55,,62,,08,,16,,16,,32,,44,,56,,1333,,2424,,1951,,3681,,4889,,5885
181,"Teatro_Real_Madrid",1,0,1,0,,85,,5667,,575,,6,,2174,,3913,,5217,,5217,,6522,,6957,,3571,,5625,,6466,,5433,,6112,,6443
182,"Palacio_de_la_Magdalena",,6,,8,,8,,7667,,725,,72,,12,,28,,44,,52,,6,,72,,2,,4148,,5677,,6197,,6566,,72
183,"Sowjetisches_Ehrenmal",,6,,7,,8,,7,,725,,78,,12,,24,,4,,56,,6,,72,,2,,3574,,5333,,6222,,6566,,7488
184,"Cathedral_of_Trier",,6,,7,,85,,8667,,9,,88,,08,,24,,48,,6,,8,,84,,1412,,3574,,6135,,7091,,8471,,8595
185,"Saint_Mary_of_the_Flower",,2,,1,,1,,1333,,125,,1,,04,,04,,08,,12,,16,,16,,0667,,0571,,0889,,1263,,1404,,1231
186,"Skellig_Michael",,6,,6,,8,,7333,,7,,7,,08,,2,,44,,48,,52,,56,,1412,,3,,5677,,5802,,5967,,6222
187,"Chicago_Board_of_Trade_Building",1,0,1,0,,95,,7667,,575,,58,,1364,,2727,,4091,,4545,,4545,,5455,,24,,4286,,5719,,5707,,5077,,5622
188,"Pont_de_Normandie_France",1,0,1,0,,95,,9,,85,,74,,2105,,4211,,6842,,7368,,8947,,8947,,3478,,5926,,7955,,8103,,8718,,81
189,"Palazzo_Rosso",,2,,1,,05,,1,,075,,08,,0417,,0417,,0417,,125,,125,,1667,,069,,0588,,0455,,1111,,0937,,1081
190,"Piazza_Vittorio_Veneto",,8,,7,,5,,4,,5,,46,,25,,3125,,4375,,5,,8125,,875,,381,,4321,,4667,,4444,,619,,603
191,"Sforza_Castle",1,0,1,0,1,0,1,0,,975,,96,,16,,32,,44,,56,,6,,6,,2759,,4848,,6111,,7179,,7429,,7385
192,"Torres_KIO",1,0,,9,,9,,9,,775,,7,,12,,24,,4,,48,,52,,52,,2143,,3789,,5538,,6261,,6224,,5967
193,"Torre_Picasso",1,0,1,0,,75,,6333,,65,,72,,2083,,375,,5,,5,,5833,,6667,,3448,,5455,,6,,5588,,6149,,6923
194,"The_Palace_of_Parliament_in_Bucharest",,8,,8,,85,,9,,925,,88,,08,,12,,28,,52,,68,,68,,1455,,2087,,4212,,6592,,7838,,7672
195,"Ernest_Hemingway_House",,8,,5,,65,,7,,7,,72,,16,,2,,4,,56,,72,,72,,2667,,2857,,4952,,6222,,7099,,72
196,"Castel_dellOvo_Napoli",,8,,9,,95,,8667,,85,,86,,12,,28,,48,,6,,72,,76,,2087,,4271,,6378,,7091,,7796,,8069
197,"Villa_Borghese_gardens",1,0,1,0,,9,,9333,,95,,96,,2,,28,,44,,6,,64,,68,,3333,,4375,,591,,7304,,7648,,7961
198,"Saint_Marks_Basilica",1,0,1,0,1,0,1,0,1,0,,94,,16,,2,,32,,36,,44,,48,,2759,,3333,,4848,,5294,,6111,,6355
199,"Mausoleum_of_the_First_Qin_Emperor",1,0,,9,,85,,7667,,775,,78,,16,,24,,44,,48,,52,,6,,2759,,3789,,5798,,5904,,6224,,6783
200,"Mausoleum_of_Hadrian",1,0,,8,,85,,7333,,625,,5,,2222,,3333,,5,,5556,,5556,,5556,,3636,,4706,,6296,,6322,,5882,,5263
201,"Piazza_de_Ferrari",1,0,1,0,,95,,9333,,85,,86,,2105,,3158,,4211,,5263,,6316,,6842,,3478,,48,,5835,,6731,,7247,,7621
202,"George_Washington_Carver",,4,,5,,7,,6,,525,,56,,125,,1875,,4375,,5,,5625,,6875,,1905,,2727,,5385,,5455,,5431,,6172
203,"Cathedral_of_Santiago_de_Compostela",,8,,9,,8,,7667,,775,,68,,1176,,2353,,4706,,5294,,8235,,8824,,2051,,3731,,5926,,6263,,7985,,7681
204,"Saint-Jacques_Tower",1,0,,7,,7,,6667,,65,,64,,3077,,4615,,5385,,5385,,7692,,7692,,4706,,5563,,6087,,5957,,7046,,6987
205,"Calakmul_Campeche_Mexico",,6,,8,,9,,9,,825,,8,,1429,,2857,,5,,5,,5714,,7857,,2308,,4211,,6429,,6429,,6752,,7928
206,"Bran_Castle_in_Transylvania",,8,,9,,9,,8667,,85,,78,,1579,,3158,,3684,,4737,,5789,,6842,,2637,,4675,,5228,,6126,,6888,,729
207,"Mosteiro_da_Batalha",1,0,1,0,1,0,1,0,1,0,1,0,,1053,,3158,,5263,,6316,,6316,,6316,,1905,,48,,6897,,7742,,7742,,7742
208,"Wartburg_Castle",1,0,1,0,,95,,9667,,95,,9,,15,,25,,45,,7,,75,,85,,2609,,4,,6107,,812,,8382,,8743
209,"Fujian_Tulou_Fujian_China",1,0,1,0,1,0,,9667,,975,,94,,2222,,3889,,5556,,6667,,7222,,8889,,3636,,56,,7143,,7891,,8298,,9137
210,"Alabama_State_Capitol",,4,,5,,75,,8,,825,,78,,0952,,2381,,5714,,6667,,7619,,7619,,1538,,3226,,6486,,7273,,7922,,7708
211,"Palazzo_dAccursio",,8,,9,,95,,8,,725,,62,,1111,,1667,,3889,,5556,,6111,,6667,,1951,,2812,,5519,,6557,,6632,,6425
212,"Casa_Grande_Ruins",,6,,7,,65,,7333,,775,,78,,1176,,2353,,2941,,3529,,4706,,5882,,1967,,3522,,405,,4765,,5856,,6707
213,"Stravinsky_Fountain",1,0,1,0,1,0,,9667,,875,,86,,2667,,3333,,4,,4667,,4667,,4667,,4211,,5,,5714,,6295,,6087,,605
214,"Angel_Falls_Venezuela",,2,,6,,4,,3667,,35,,38,,0588,,2353,,3529,,3529,,4706,,6471,,0909,,338,,375,,3597,,4014,,4788
215,"Statue_of_George_IV",,8,,6,,6,,4667,,35,,28,,5,,625,,625,,75,,75,,75,,6154,,6122,,6122,,5753,,4773,,4078
216,"Palacio_Barolo",,8,,9,,95,,9,,925,,94,,1765,,2941,,3529,,5294,,7059,,8235,,2892,,4433,,5147,,6667,,8007,,8779
217,"Bridge_of_Remembrance_Christchurch_New_Zealand",,2,,3,,55,,4333,,325,,3,,0833,,25,,4167,,5,,5,,5833,,1176,,2727,,4741,,4643,,3939,,3962
218,"John_A._Roebling_Suspension_Bridge",,0,,1,,3,,4333,,475,,5,,0,,0667,,3333,,6,,6,,6667,,0,,08,,3158,,5032,,5302,,5714
219,"Blue_Dome_Santorini",,8,,8,,9,,9333,,9,,92,,25,,5,,625,,75,,75,,8125,,381,,6154,,7377,,8317,,8182,,8629
220,"Fossar_de_les_Moreres",,8,,6,,5,,4667,,375,,3,,2857,,3571,,5714,,7143,,7143,,7143,,4211,,4478,,5333,,5645,,4918,,4225
221,"Luxor_Obelisk_France",,6,,8,,7,,6667,,725,,78,,125,,3125,,375,,375,,4375,,5,,2069,,4494,,4884,,48,,5457,,6094
222,"Valle_de_los_Caidos",1,0,,8,,85,,8667,,875,,9,,2,,35,,4,,55,,6,,7,,3333,,487,,544,,6729,,7119,,7875
--------------------
"--","Avg.",P@5,P@10,P@20,P@30,P@40,P@50,CR@5,CR@10,CR@20,CR@30,CR@40,CR@50,F1@5,F1@10,F1@20,F1@30,F1@40,F1@50
,,,7802,,7752,,7698,,7593,,7479,,7372,,1475,,2501,,3992,,5024,,5859,,652,,2428,,3694,,5144,,593,,6434,,6768