--------------------
"Run name","output_runDICEDunnIndex"
--------------------
"Average P@20 = ",,7885
"Average CR@20 = ",,4058
"Average F1@20 = ",,5228
--------------------
"Query Id ","Location name",P@5,P@10,P@20,P@30,P@40,P@50,CR@5,CR@10,CR@20,CR@30,CR@40,CR@50,F1@5,F1@10,F1@20,F1@30,F1@40,F1@50
1,"angel_of_the_north",1,0,1,0,1,0,1,0,1,0,1,0,,16,,24,,44,,56,,6,,64,,2759,,3871,,6111,,7179,,75,,7805
2,"big_ben",,6,,6,,8,,8,,8,,8,,1364,,2273,,4091,,5,,5455,,7273,,2222,,3297,,5414,,6154,,6486,,7619
3,"hearst_castle",1,0,1,0,,9,,9,,875,,86,,1667,,2917,,4583,,6667,,7083,,7083,,2857,,4516,,6074,,766,,7829,,7768
4,"la_madeleine",,0,,0,,2,,4,,45,,48,,0,,0,,1429,,5,,5714,,8571,,0,,0,,1667,,4444,,5035,,6154
5,"pont_alexandre_iii",1,0,1,0,1,0,,9333,,925,,94,,16,,28,,52,,64,,64,,68,,2759,,4375,,6842,,7593,,7565,,7891
6,"neues_museum",,0,,0,,0,,1667,,25,,4,,0,,0,,0,,08,,2,,48,,0,,0,,0,,1081,,2222,,4364
7,"montezuma_castle",,8,,7,,75,,7,,725,,7,,1667,,25,,4167,,5833,,5833,,6667,,2759,,3684,,5357,,6364,,6465,,6829
8,"cn_tower",,4,,5,,55,,6333,,7,,74,,0833,,1667,,2917,,375,,5833,,625,,1379,,25,,3812,,4711,,6364,,6777
9,"acropolis_athens",,8,,7,,85,,8667,,9,,88,,1429,,1429,,4762,,4762,,5238,,5714,,2424,,2373,,6104,,6147,,6622,,6929
10,"agra_fort",,8,,9,,9,,9,,9,,88,,16,,32,,52,,6,,64,,8,,2667,,4721,,6592,,72,,7481,,8381
11,"albert_memorial",,6,,8,,9,,6333,,675,,72,,0909,,1364,,2273,,2727,,4091,,4545,,1579,,233,,3629,,3813,,5094,,5573
12,"altes_museum",,8,,8,,85,,8333,,85,,82,,125,,2917,,5,,625,,6667,,7083,,2162,,4275,,6296,,7143,,7473,,7601
13,"amiens_cathedral",1,0,1,0,1,0,,9667,,95,,96,,08,,28,,44,,6,,64,,68,,1481,,4375,,6111,,7404,,7648,,7961
14,"angkor_wat",1,0,,7,,65,,7333,,75,,76,,16,,16,,36,,52,,6,,68,,2759,,2605,,4634,,6085,,6667,,7178
15,"ara_pacis",,6,,7,,75,,7667,,75,,74,,1364,,2727,,5455,,5909,,5909,,6818,,2222,,3925,,6316,,6674,,661,,7097
16,"arc_de_triomphe",,6,,7,,8,,6667,,6,,64,,125,,25,,4167,,5,,5417,,625,,2069,,3684,,5479,,5714,,5693,,6324
17,"aztec_ruins",,4,,3,,4,,3333,,325,,32,,08,,12,,28,,32,,36,,4,,1333,,1714,,3294,,3265,,3416,,3556
18,"berlin_cathedral",1,0,1,0,,95,,9667,,975,,98,,2,,32,,44,,52,,6,,64,,3333,,4848,,6014,,6762,,7429,,7743
19,"bok_tower_gardens",1,0,,9,,75,,8,,85,,86,,2,,32,,48,,64,,68,,72,,3333,,4721,,5854,,7111,,7556,,7838
20,"brandenburg_gate",1,0,1,0,1,0,,9,,925,,9,,12,,28,,48,,48,,56,,56,,2143,,4375,,6486,,6261,,6976,,6904
21,"cabrillo",,0,,2,,25,,2667,,25,,2,,0,,1538,,3846,,4615,,5385,,5385,,0,,1739,,303,,338,,3415,,2917
22,"casa_batllo",1,0,1,0,1,0,1,0,1,0,1,0,,16,,24,,48,,6,,72,,8,,2759,,3871,,6486,,75,,8372,,8889
23,"casa_rosada",,6,,7,,85,,9,,925,,94,,08,,12,,28,,48,,6,,64,,1412,,2049,,4212,,6261,,7279,,7615
24,"castillo_de_san_marcos",1,0,,9,,55,,5667,,65,,6,,16,,24,,28,,36,,48,,56,,2759,,3789,,3711,,4403,,5522,,5793
25,"chartres_cathedral",1,0,1,0,,95,,9333,,925,,92,,2,,28,,48,,64,,68,,68,,3333,,4375,,6378,,7593,,7838,,782
26,"chichen_itza",1,0,,9,,9,,8667,,875,,86,,2,,36,,52,,6,,68,,68,,3333,,5143,,6592,,7091,,7653,,7595
27,"christ_the_redeemer_rio",,6,,7,,8,,8,,75,,7,,1304,,3043,,4348,,5652,,5652,,5652,,2143,,4242,,5634,,6624,,6446,,6254
28,"civic_center_san_francisco",,4,,5,,55,,4667,,475,,44,,08,,16,,32,,4,,44,,48,,1333,,2424,,4046,,4308,,4568,,4591
29,"cologne_cathedral",1,0,1,0,1,0,,9667,,975,,96,,12,,24,,4,,44,,52,,6,,2143,,3871,,5714,,6047,,6783,,7385
30,"colosseum",1,0,1,0,,95,,9667,,975,,94,,2,,28,,48,,52,,6,,68,,3333,,4375,,6378,,6762,,7429,,7891
31,"doge_s_palace",1,0,1,0,1,0,,8,,725,,78,,12,,2,,32,,44,,48,,48,,2143,,3333,,4848,,5677,,5776,,5943
32,"eiffel_tower",1,0,1,0,,95,,9,,875,,88,,16,,32,,44,,52,,6,,68,,2759,,4848,,6014,,6592,,7119,,7672
33,"golden_gate_bridge",1,0,,8,,9,,8667,,85,,86,,1739,,2609,,3913,,4783,,4783,,5652,,2963,,3934,,5455,,6164,,6121,,6821
34,"grand_palais",1,0,,9,,9,,8667,,9,,92,,0455,,1364,,3636,,4091,,5,,5455,,087,,2368,,518,,5558,,6429,,6849
35,"guggenheim_museum_bilbao",,8,,9,,95,,9667,,975,,96,,16,,32,,48,,68,,68,,72,,2667,,4721,,6378,,7984,,8012,,8229
36,"hagia_sophia_istanbul",1,0,1,0,1,0,1,0,1,0,,94,,12,,2,,32,,48,,52,,6,,2143,,3333,,4848,,6486,,6842,,7325
37,"hoover_dam",1,0,1,0,1,0,,9667,,975,,96,,2,,36,,4,,52,,6,,64,,3333,,5294,,5714,,6762,,7429,,768
38,"humayun_tomb",,8,,6,,55,,6667,,65,,72,,08,,16,,28,,48,,6,,64,,1455,,2526,,3711,,5581,,624,,6776
39,"iguazu_falls",,6,,8,,55,,6667,,7,,66,,12,,24,,36,,52,,56,,64,,2,,3692,,4352,,5843,,6222,,6498
40,"iolani_palace",,8,,9,,75,,6333,,675,,74,,16,,28,,4,,52,,6,,64,,2667,,4271,,5217,,5711,,6353,,6864
41,"la_mezquita",,6,,8,,85,,9,,8,,66,,125,,2917,,4583,,5,,5833,,5833,,2069,,4275,,5955,,6429,,6747,,6193
42,"la_rambla_barcelona",,8,,9,,95,,9667,,9,,92,,12,,24,,36,,44,,52,,56,,2087,,3789,,5221,,6047,,6592,,6962
43,"la_sainte_chapelle",1,0,1,0,,9,,9333,,95,,96,,16,,28,,48,,6,,64,,64,,2759,,4375,,6261,,7304,,7648,,768
44,"liberty_memorial",,6,,7,,75,,7667,,75,,76,,12,,24,,36,,52,,6,,64,,2,,3574,,4865,,6197,,6667,,6949
45,"lincoln_home",,8,,6,,5,,4667,,525,,54,,2222,,3333,,4444,,6111,,7778,,8333,,3478,,4286,,4706,,5292,,6269,,6553
46,"machu_picchu",1,0,1,0,,7,,6667,,675,,68,,16,,28,,4,,44,,48,,6,,2759,,4375,,5091,,5301,,561,,6375
47,"marble_arch_london",,6,,5,,35,,2667,,275,,28,,25,,3333,,5,,5833,,6667,,6667,,3529,,4,,4118,,366,,3894,,3944
48,"milan_cathedral",1,0,1,0,,95,,8333,,85,,88,,12,,24,,32,,48,,64,,68,,2143,,3871,,4787,,6091,,7302,,7672
49,"mole_antonelliana",,4,,7,,85,,7333,,75,,74,,08,,24,,4,,44,,52,,52,,1333,,3574,,544,,55,,6142,,6108
50,"mont_saint_michel",1,0,1,0,,9,,9,,925,,9,,2,,32,,48,,56,,64,,72,,3333,,4848,,6261,,6904,,7565,,8
51,"moulin_rouge",,2,,2,,2,,2,,175,,18,,125,,25,,5,,5,,5,,75,,1538,,2222,,2857,,2857,,2593,,2903
52,"nelson_s_column",,8,,9,,95,,9667,,975,,98,,0417,,1667,,2917,,4583,,5417,,5833,,0792,,2812,,4463,,6218,,6964,,7313
53,"notre_dame_de_paris",,8,,9,,9,,9333,,95,,92,,16,,24,,36,,56,,68,,68,,2667,,3789,,5143,,7,,7926,,782
54,"obelisco",,4,,4,,2,,2,,2,,24,,1818,,3636,,3636,,3636,,4545,,6364,,25,,381,,2581,,2581,,2778,,3485
55,"piccadilly_circus",,8,,9,,8,,8,,8,,8,,1739,,2609,,4783,,6087,,6957,,7391,,2857,,4045,,5986,,6914,,7442,,7684
56,"place_de_la_concorde",1,0,1,0,1,0,1,0,1,0,1,0,,16,,2,,44,,6,,76,,76,,2759,,3333,,6111,,75,,8636,,8636
57,"place_de_la_republique",,2,,3,,3,,2667,,25,,26,,125,,375,,625,,625,,75,,75,,1538,,3333,,4054,,3738,,375,,3861
58,"place_des_vosges",,6,,6,,7,,7333,,75,,72,,12,,2,,4,,56,,6,,68,,2,,3,,5091,,6351,,6667,,6994
59,"pont_du_gard",,8,,8,,9,,9,,925,,78,,12,,16,,36,,44,,6,,6,,2087,,2667,,5143,,591,,7279,,6783
60,"pont_neuf",,4,,7,,8,,7333,,775,,7,,08,,2,,4,,52,,64,,68,,1333,,3111,,5333,,6085,,7011,,6899
61,"ponte_vecchio",1,0,,9,,95,,9,,925,,86,,125,,1667,,3333,,4583,,5417,,5833,,2222,,2812,,4935,,6074,,6832,,6952
62,"puerta_de_alcala",,6,,7,,7,,7,,65,,66,,1579,,1579,,4737,,5263,,6842,,6842,,25,,2577,,565,,6009,,6667,,6719
63,"puerta_del_sol",,8,,9,,65,,6333,,475,,4,,1,,25,,3,,4,,4,,4,,1778,,3913,,4105,,4903,,4343,,4
64,"red_fort",1,0,1,0,1,0,1,0,1,0,1,0,,2,,36,,6,,68,,72,,76,,3333,,5294,,75,,8095,,8372,,8636
65,"reims_cathedral",1,0,1,0,1,0,1,0,1,0,1,0,,16,,2,,36,,56,,68,,72,,2759,,3333,,5294,,7179,,8095,,8372
66,"rialto_bridge",,4,,7,,65,,6,,55,,56,,125,,375,,625,,6875,,6875,,75,,1905,,4884,,6373,,6408,,6111,,6412
67,"roman_forum_rome",,8,,8,,8,,7667,,775,,76,,16,,28,,44,,6,,64,,64,,2667,,4148,,5677,,6732,,7011,,6949
68,"sacre_coeur",,8,,4,,6,,5667,,55,,58,,1667,,1667,,3333,,4167,,4167,,4583,,2759,,2353,,4286,,4802,,4741,,512
69,"sagrada_familia",,8,,9,,95,,9333,,95,,94,,12,,24,,4,,48,,56,,6,,2087,,3789,,563,,634,,7046,,7325
70,"santa_maria_novella",,8,,5,,3,,5333,,625,,62,,12,,16,,2,,36,,44,,48,,2087,,2424,,24,,4299,,5164,,5411
71,"schonbrunn_palace",1,0,1,0,1,0,1,0,1,0,1,0,,2,,28,,44,,64,,68,,72,,3333,,4375,,6111,,7805,,8095,,8372
72,"seville_cathedral",,6,,7,,8,,8667,,875,,9,,12,,24,,4,,48,,56,,64,,2,,3574,,5333,,6178,,6829,,7481
73,"spanish_steps",1,0,1,0,,75,,7333,,675,,68,,0909,,1818,,3636,,5455,,5909,,6364,,1667,,3077,,4898,,6256,,6302,,6575
74,"st__basil_cathedral",1,0,1,0,1,0,,8667,,875,,86,,16,,32,,48,,52,,52,,52,,2759,,4848,,6486,,65,,6523,,6481
75,"statue_of_liberty",1,0,1,0,1,0,,8667,,875,,84,,2,,24,,4,,44,,44,,52,,3333,,3871,,5714,,5837,,5856,,6424
76,"stonehenge",1,0,,7,,7,,7333,,6,,52,,1579,,2105,,3158,,5263,,5263,,5789,,2727,,3237,,4352,,6128,,5607,,5479
77,"summer_palace_beijing",1,0,1,0,1,0,,9667,,975,,96,,12,,24,,36,,44,,56,,6,,2143,,3871,,5294,,6047,,7114,,7385
78,"sydney_opera_house",1,0,,9,,95,,9667,,95,,92,,2,,32,,44,,48,,56,,6,,3333,,4721,,6014,,6415,,7046,,7263
79,"teotihuacan",1,0,,9,,8,,8,,75,,76,,16,,28,,48,,6,,6,,6,,2759,,4271,,6,,6857,,6667,,6706
80,"terracotta_army",,8,,9,,8,,5333,,4,,38,,2,,4,,5,,5,,5,,5,,32,,5538,,6154,,5161,,4444,,4318
81,"the_blue_mosque",1,0,,9,,95,,9667,,95,,94,,2,,28,,48,,6,,64,,72,,3333,,4271,,6378,,7404,,7648,,8154
82,"the_henry_ford",,6,,8,,75,,7333,,775,,8,,12,,24,,4,,56,,64,,68,,2,,3692,,5217,,6351,,7011,,7351
83,"taj_mahal",1,0,,9,,9,,9,,825,,8,,2,,32,,6,,64,,68,,68,,3333,,4721,,72,,7481,,7455,,7351
84,"tour_montparnasse",,4,,6,,6,,4333,,375,,42,,1,,3,,45,,5,,5,,6,,16,,4,,5143,,4643,,4286,,4941
85,"tower_bridge_london",1,0,1,0,,75,,6333,,65,,62,,16,,2,,36,,44,,52,,52,,2759,,3333,,4865,,5193,,5778,,5656
86,"trafalgar_square",,6,,4,,5,,4333,,45,,44,,1364,,1818,,2727,,3182,,4545,,5,,2222,,25,,3529,,3669,,4523,,4681
87,"leaning_tower_of_pisa",,6,,5,,45,,5333,,525,,54,,08,,16,,28,,44,,52,,6,,1412,,2424,,3452,,4822,,5225,,5684
88,"hermitage_museum_saint_petersburg",,8,,9,,85,,8667,,9,,9,,16,,24,,44,,52,,56,,68,,2667,,3789,,5798,,65,,6904,,7747
89,"jantar_mantar_jaipur",1,0,,8,,8,,8,,85,,84,,2,,28,,48,,64,,72,,8,,3333,,4148,,6,,7111,,7796,,8195
90,"lake_titicaca_peru",,6,,5,,6,,6,,55,,54,,125,,1667,,3333,,4167,,5417,,5833,,2069,,25,,4286,,4918,,5458,,5608
91,"the_great_wall_of_china",,8,,8,,8,,7667,,8,,82,,12,,24,,4,,56,,64,,64,,2087,,3692,,5333,,6472,,7111,,7189
92,"grande_arche_paris",,4,,7,,6,,5667,,6,,58,,08,,24,,36,,52,,6,,6,,1333,,3574,,45,,5423,,6,,5898
93,"el_angel_mexico",,4,,4,,55,,5,,5,,48,,0952,,1905,,381,,4286,,5238,,5714,,1538,,2581,,4501,,4615,,5116,,5217
94,"bibliotheque_nationale_de_france",,6,,6,,75,,7333,,75,,78,,12,,24,,44,,56,,72,,76,,2,,3429,,5546,,6351,,7347,,7699
95,"kronborg_castle",,6,,5,,7,,7333,,65,,64,,125,,2083,,375,,5417,,5417,,5833,,2069,,2941,,4884,,6231,,5909,,6104
96,"ajanta_caves",1,0,1,0,,95,,9333,,95,,94,,2273,,4091,,5909,,6364,,6818,,6818,,3704,,5806,,7286,,7568,,7939,,7904
97,"atomium",,8,,9,,95,,9667,,975,,96,,1429,,381,,381,,4286,,4286,,4286,,2424,,5353,,5438,,5939,,5954,,5926
98,"ellora_caves",1,0,1,0,1,0,,9667,,95,,94,,1818,,2273,,3182,,4091,,5455,,5909,,3077,,3704,,4828,,5749,,693,,7257
99,"potala_palace",,8,,9,,95,,9,,925,,88,,1667,,2222,,2778,,4444,,4444,,5556,,2759,,3564,,4299,,595,,6004,,6811
100,"jokhang",1,0,1,0,,75,,7667,,775,,76,,2,,36,,44,,48,,64,,68,,3333,,5294,,5546,,5904,,7011,,7178
101,"rila_monastery",,4,,7,,75,,8333,,875,,9,,08,,2,,28,,4,,48,,48,,1333,,3111,,4078,,5405,,6199,,6261
102,"louvre_pyramid",1,0,,8,,9,,9,,9,,9,,2778,,3889,,5556,,5556,,6667,,7778,,4348,,5234,,687,,687,,766,,8344
103,"brooklyn_bridge",,8,,8,,8,,8333,,85,,82,,1905,,2857,,4286,,5714,,6667,,7143,,3077,,4211,,5581,,678,,7473,,7635
104,"tower_of_london",,6,,7,,8,,8,,75,,76,,0435,,087,,3478,,3478,,3913,,5217,,0811,,1547,,4848,,4848,,5143,,6187
105,"british_museum_london",1,0,1,0,1,0,,9667,,975,,96,,25,,25,,4,,55,,55,,55,,4,,4,,5714,,7011,,7033,,6993
106,"buckingham_palace",,6,,8,,55,,5,,45,,44,,15,,2,,2,,25,,3,,35,,24,,32,,2933,,3333,,36,,3899
107,"charles_bridge_prague",,8,,7,,7,,5333,,525,,48,,1667,,25,,375,,375,,4167,,4583,,2759,,3684,,4884,,4404,,4646,,4689
108,"champs_elysees_paris",,6,,6,,65,,6,,6,,66,,1333,,2,,2667,,4,,5333,,5333,,2182,,3,,3782,,48,,5647,,5899
109,"chrysler_building",1,0,1,0,1,0,1,0,1,0,1,0,,1429,,2857,,5,,5714,,7143,,9286,,25,,4444,,6667,,7273,,8333,,963
110,"moma_new_york",,6,,7,,85,,9,,925,,9,,1053,,1579,,2632,,4211,,5789,,5789,,1791,,2577,,4019,,5737,,7122,,7046
111,"grand_central_terminal",1,0,1,0,1,0,1,0,1,0,,96,,0952,,2381,,2381,,2857,,381,,5238,,1739,,3846,,3846,,4444,,5517,,6778
112,"houses_of_parliament",1,0,,8,,85,,8,,825,,82,,1739,,2609,,4348,,4348,,4348,,4348,,2963,,3934,,5753,,5634,,5695,,5683
113,"alexanderplatz_berlin",,8,,9,,9,,7667,,775,,76,,16,,32,,44,,48,,52,,56,,2667,,4721,,591,,5904,,6224,,6448
114,"centre_pompidou",,8,,8,,65,,7667,,625,,62,,2222,,2778,,4444,,5,,5,,5,,3478,,4124,,5279,,6053,,5556,,5536
115,"sydney_harbour_bridge",1,0,1,0,1,0,,9667,,975,,98,,25,,3125,,5,,625,,625,,6875,,4,,4762,,6667,,7592,,7617,,8081
116,"pier_39",1,0,,9,,9,,8667,,8,,84,,2381,,381,,5238,,5238,,5714,,6667,,3846,,5353,,6622,,653,,6667,,7434
117,"coit_tower",,6,,8,,65,,5333,,5,,58,,1333,,2,,2667,,4,,4,,4667,,2182,,32,,3782,,4571,,4444,,5172
118,"st_paul_s_cathedral_london",1,0,1,0,1,0,1,0,,9,,86,,2353,,2941,,4706,,6471,,6471,,8235,,381,,4545,,64,,7857,,7529,,8414
119,"cloud_gate",,4,,7,,85,,6,,475,,58,,1667,,25,,3333,,3333,,3333,,5,,2353,,3684,,4789,,4286,,3918,,537
120,"musee_d_orsay",1,0,1,0,,95,,9667,,975,,96,,1905,,2381,,4762,,5238,,619,,619,,32,,3846,,6344,,6794,,7573,,7527
121,"pike_place_market",1,0,1,0,,9,,8667,,9,,82,,1905,,2857,,4762,,4762,,5238,,5238,,32,,4444,,6228,,6147,,6622,,6393
122,"royal_palace_madrid",,6,,8,,9,,8667,,775,,78,,1364,,2273,,4091,,4091,,4545,,5455,,2222,,354,,5625,,5558,,573,,642
123,"sony_center_berlin",,8,,9,,95,,9667,,925,,94,,1429,,1429,,381,,4762,,5238,,5238,,2424,,2466,,5438,,6381,,6689,,6727
124,"red_square_moscow",,6,,7,,7,,7333,,775,,78,,1429,,2857,,381,,619,,6667,,6667,,2308,,4058,,4934,,6714,,7168,,7189
125,"prague_castle",1,0,,9,,95,,9333,,9,,84,,16,,24,,4,,56,,64,,64,,2759,,3789,,563,,7,,7481,,7265
126,"musee_du_louvre",1,0,,9,,95,,9667,,975,,98,,12,,24,,32,,48,,56,,68,,2143,,3789,,4787,,6415,,7114,,8029
127,"millennium_bridge_london",1,0,,8,,7,,7,,775,,82,,2,,32,,36,,36,,52,,52,,3333,,4571,,4755,,4755,,6224,,6364
128,"casa_mila",1,0,1,0,1,0,1,0,,95,,9,,2,,32,,36,,52,,6,,68,,3333,,4848,,5294,,6842,,7355,,7747
129,"national_gallery_london",,6,,8,,75,,7333,,75,,78,,1364,,2727,,4545,,5,,5909,,6364,,2222,,4068,,566,,5946,,661,,7009
130,"national_mall",1,0,1,0,1,0,1,0,,925,,92,,2,,28,,44,,6,,6,,68,,3333,,4375,,6111,,75,,7279,,782
131,"london_city_hall",,4,,7,,8,,7667,,8,,78,,1,,25,,6,,6,,6,,7,,16,,3684,,6857,,6732,,6857,,7378
132,"holocaust_memorial",,8,,9,,8,,7,,7,,7,,125,,3125,,4375,,5,,5625,,625,,2162,,4639,,5657,,5833,,6238,,6604
133,"columbus_circle",,6,,7,,8,,6667,,675,,68,,12,,28,,52,,64,,68,,76,,2,,4,,6303,,6531,,6775,,7178
134,"siegessaeule",,4,,5,,55,,4333,,45,,42,,08,,2,,36,,4,,48,,52,,1333,,2857,,4352,,416,,4645,,4647
135,"jardin_du_luxembourg",1,0,1,0,1,0,1,0,1,0,1,0,,12,,28,,44,,56,,68,,8,,2143,,4375,,6111,,7179,,8095,,8889
136,"merlion_singapore",,4,,5,,6,,6333,,6,,6,,0909,,2273,,4545,,5455,,6818,,7273,,1481,,3125,,5172,,5861,,6383,,6575
137,"harrods_london",,8,,9,,9,,9,,9,,9,,16,,32,,44,,52,,6,,72,,2667,,4721,,591,,6592,,72,,8
138,"metropolitan_museum_of_art_new_york",1,0,1,0,1,0,1,0,1,0,1,0,,16,,28,,36,,4,,56,,6,,2759,,4375,,5294,,5714,,7179,,75
139,"new_york_stock_exchange",,8,,7,,6,,5667,,5,,46,,2,,3,,45,,55,,55,,6,,32,,42,,5143,,5582,,5238,,5208
140,"stephansdom_vienna",1,0,1,0,1,0,,9667,,95,,96,,16,,32,,52,,6,,6,,68,,2759,,4848,,6842,,7404,,7355,,7961
141,"hms_belfast",1,0,,9,,95,,9667,,975,,96,,2,,32,,4,,48,,6,,68,,3333,,4721,,563,,6415,,7429,,7961
142,"leicester_square",1,0,1,0,,9,,8,,8,,8,,12,,16,,24,,32,,44,,48,,2143,,2759,,3789,,4571,,5677,,6
143,"ciudad_de_las_artes_y_las_ciencias",1,0,1,0,,95,,9667,,975,,98,,2,,32,,4,,56,,68,,68,,3333,,4848,,563,,7092,,8012,,8029
144,"topkapi_palace",1,0,1,0,1,0,,9667,,95,,92,,2,,36,,52,,68,,72,,76,,3333,,5294,,6842,,7984,,8192,,8324
145,"royal_albert_hall",,4,,4,,6,,5667,,6,,6,,08,,16,,28,,36,,52,,56,,1333,,2286,,3818,,4403,,5571,,5793
146,"st_vitus_cathedral",,8,,9,,95,,9667,,975,,96,,16,,28,,32,,52,,52,,6,,2667,,4271,,4787,,6762,,6783,,7385
147,"castello_sforzesco",1,0,,8,,9,,9333,,925,,92,,12,,24,,52,,6,,6,,6,,2143,,3692,,6592,,7304,,7279,,7263
148,"rijksmuseum_amsterdam",1,0,1,0,1,0,1,0,1,0,1,0,,12,,12,,16,,36,,44,,6,,2143,,2143,,2759,,5294,,6111,,75
149,"dam_square",,4,,5,,55,,6,,625,,64,,08,,2,,44,,52,,52,,6,,1333,,2857,,4889,,5571,,5677,,6194
150,"rathaus_vienna",,4,,7,,85,,8667,,8,,78,,08,,2,,36,,52,,52,,52,,1333,,3111,,5058,,65,,6303,,624
151,"bath_abbey",,8,,8,,85,,9,,925,,92,,08,,24,,44,,48,,52,,64,,1455,,3692,,5798,,6261,,6657,,7549
152,"salisbury_cathedral",,8,,9,,95,,9333,,925,,94,,16,,24,,32,,44,,52,,52,,2667,,3789,,4787,,5981,,6657,,6696
153,"templo_de_debod",,0,,3,,35,,2333,,325,,46,,0,,0909,,1818,,1818,,3182,,3182,,0,,1395,,2393,,2044,,3216,,3762
154,"Niagara_Falls",,6,,7,,6,,6667,,625,,66,,1364,,2727,,3636,,5,,5909,,6818,,2222,,3925,,4528,,5714,,6075,,6707
155,"Golden_Gate_Bridge_in_San_Francisco",1,0,,9,,9,,9,,925,,94,,1364,,2273,,3636,,4545,,6364,,6364,,24,,3629,,518,,604,,754,,7589
156,"Neuschwanstein_Castle",1,0,1,0,1,0,,9667,,975,,98,,2,,28,,44,,56,,6,,64,,3333,,4375,,6111,,7092,,7429,,7743
157,"Christ_Church_Cathedral_Missouri",1,0,1,0,1,0,1,0,1,0,1,0,,16,,32,,52,,56,,56,,6,,2759,,4848,,6842,,7179,,7179,,75
158,"Mount_Rushmore_in_South_Dakota",1,0,1,0,1,0,,9667,,925,,92,,16,,2,,44,,52,,6,,64,,2759,,3333,,6111,,6762,,7279,,7549
159,"Puerta_de_Toledo",,2,,1,,05,,0333,,025,,04,,5,,5,,5,,5,,5,1,0,,2857,,1667,,0909,,0625,,0476,,0769
160,"Urquhart_Castle",1,0,,9,,85,,7667,,775,,82,,1667,,25,,375,,4583,,5833,,6667,,2857,,3913,,5204,,5737,,6656,,7354
161,"Gare_du_Nord_Paris",,6,,7,,8,,8,,825,,82,,12,,28,,36,,44,,52,,56,,2,,4,,4966,,5677,,6379,,6655
162,"Newgrange_in_Ireland",,4,,4,,4,,5333,,625,,66,,0833,,1667,,25,,375,,5,,5,,1379,,2353,,3077,,4404,,5556,,569
163,"Windmills_at_Kinderdijk",,8,,9,,8,,8333,,875,,9,,16,,28,,32,,44,,56,,64,,2667,,4271,,4571,,5759,,6829,,7481
164,"Conciergerie",,8,,9,,95,,9667,,975,,98,,08,,24,,44,,56,,64,,72,,1455,,3789,,6014,,7092,,7728,,8301
165,"Palazzo_Madama",,6,,7,,65,,6667,,575,,56,,1364,,2727,,4545,,5,,5455,,6818,,2222,,3925,,535,,5714,,5598,,6149
166,"Split_Rock_Lighthouse",1,0,1,0,1,0,,9667,,9,,88,,12,,2,,2,,24,,36,,4,,2143,,3333,,3333,,3845,,5143,,55
167,"The_Little_Mermaid_Denmark",1,0,1,0,,95,,7333,,65,,56,,2857,,4286,,6429,,7143,,7143,,7143,,4444,,6,,7668,,7237,,6806,,6278
168,"Great_Pyramid_of_Giza",,4,,5,,6,,6333,,6,,58,,1333,,3333,,4667,,6,,6,,6667,,2,,4,,525,,6162,,6,,6203
169,"Pitti_Palace",,4,,5,,65,,6333,,5,,56,,0909,,2273,,4091,,4545,,4545,,5455,,1481,,3125,,5021,,5292,,4762,,5526
170,"Georgia_State_Capitol",1,0,,8,,45,,3,,225,,22,,2105,,2632,,2632,,2632,,2632,,2632,,3478,,396,,3321,,2804,,2426,,2397
171,"Dome_des_Invalides",1,0,1,0,,95,,9333,,95,,96,,2,,36,,48,,6,,64,,64,,3333,,5294,,6378,,7304,,7648,,768
172,"Reggia_di_Caserta",,8,,9,,8,,7667,,75,,76,,16,,24,,4,,48,,6,,6,,2667,,3789,,5333,,5904,,6667,,6706
173,"The_Burj_al_Arab_Hotel",,8,,8,,8,,8333,,8,,84,,12,,24,,44,,56,,64,,72,,2087,,3692,,5677,,6699,,7111,,7754
174,"Elephanta_Caves",,6,,8,,9,,9,,85,,82,,0833,,25,,4583,,5833,,6667,,75,,1463,,381,,6074,,7079,,7473,,7834
175,"Basilica_of_Santa_Croce",1,0,1,0,1,0,1,0,1,0,1,0,,12,,16,,36,,4,,4,,52,,2143,,2759,,5294,,5714,,5714,,6842
176,"Aachen_Cathedral",1,0,1,0,,95,,8667,,9,,92,,2,,24,,36,,44,,56,,56,,3333,,3871,,5221,,5837,,6904,,6962
177,"Monument_to_the_Great_Fire_of_London",,6,,6,,65,,6667,,65,,66,,12,,24,,4,,48,,52,,6,,2,,3429,,4952,,5581,,5778,,6286
178,"Longmen_Grottoes",,8,,8,,55,,6333,,625,,64,,16,,32,,36,,56,,64,,72,,2667,,4571,,4352,,5944,,6324,,6776
179,"Louisiana_State_Capitol",,4,,3,,25,,2,,25,,22,,08,,12,,16,,2,,28,,28,,1333,,1714,,1951,,2,,2642,,2464
180,"The_Great_Sphinx_at_Giza",1,0,1,0,,85,,8667,,825,,82,,16,,28,,4,,56,,6,,68,,2759,,4375,,544,,6804,,6947,,7435
181,"Teatro_Real_Madrid",1,0,1,0,1,0,1,0,,825,,68,,1739,,3478,,5652,,7391,,7826,,7826,,2963,,5161,,7222,,85,,8032,,7277
182,"Palacio_de_la_Magdalena",,6,,7,,8,,8333,,85,,82,,12,,24,,4,,48,,64,,68,,2,,3574,,5333,,6091,,7302,,7435
183,"Sowjetisches_Ehrenmal",,6,,5,,55,,6667,,75,,76,,12,,2,,4,,52,,68,,76,,2,,2857,,4632,,5843,,7133,,76
184,"Cathedral_of_Trier",1,0,1,0,1,0,1,0,,975,,92,,2,,28,,44,,6,,72,,76,,3333,,4375,,6111,,75,,8283,,8324
185,"Saint_Mary_of_the_Flower",,2,,1,,1,,1333,,125,,1,,04,,04,,08,,12,,16,,16,,0667,,0571,,0889,,1263,,1404,,1231
186,"Skellig_Michael",,6,,8,,65,,6667,,6,,64,,12,,28,,4,,56,,6,,64,,2,,4148,,4952,,6087,,6,,64
187,"Chicago_Board_of_Trade_Building",,8,,9,,9,,9,,925,,88,,1364,,2727,,4545,,5909,,6818,,7727,,233,,4186,,604,,7134,,785,,8229
188,"Pont_de_Normandie_France",1,0,1,0,1,0,,9667,,975,,98,,1579,,3684,,5789,,6842,,7895,,8421,,2727,,5385,,7333,,8013,,8725,,9058
189,"Palazzo_Rosso",,2,,2,,1,,1667,,15,,16,,0417,,0833,,0833,,2083,,25,,25,,069,,1176,,0909,,1852,,1875,,1951
190,"Piazza_Vittorio_Veneto",1,0,,8,,45,,4,,5,,46,,25,,4375,,4375,,5625,,75,,875,,4,,5657,,4437,,4675,,6,,603
191,"Sforza_Castle",1,0,1,0,,9,,9333,,9,,92,,16,,28,,4,,52,,6,,64,,2759,,4375,,5538,,6679,,72,,7549
192,"Torres_KIO",1,0,1,0,,9,,9333,,925,,94,,16,,28,,4,,44,,52,,56,,2759,,4375,,5538,,5981,,6657,,7019
193,"Torre_Picasso",1,0,1,0,1,0,,9667,,775,,66,,1667,,2917,,5,,5833,,6667,,6667,,2857,,4516,,6667,,7276,,7168,,6633
194,"The_Palace_of_Parliament_in_Bucharest",,8,,9,,95,,9,,875,,9,,16,,32,,48,,6,,64,,72,,2667,,4721,,6378,,72,,7393,,8
195,"Ernest_Hemingway_House",,8,,9,,85,,9,,825,,76,,16,,28,,44,,56,,6,,64,,2667,,4271,,5798,,6904,,6947,,6949
196,"Castel_dellOvo_Napoli",1,0,,8,,85,,8667,,825,,8,,12,,16,,4,,56,,6,,6,,2143,,2667,,544,,6804,,6947,,6857
197,"Villa_Borghese_gardens",1,0,1,0,1,0,1,0,1,0,1,0,,16,,28,,48,,68,,72,,84,,2759,,4375,,6486,,8095,,8372,,913
198,"Saint_Marks_Basilica",1,0,1,0,1,0,1,0,1,0,1,0,,16,,24,,4,,4,,4,,4,,2759,,3871,,5714,,5714,,5714,,5714
199,"Mausoleum_of_the_First_Qin_Emperor",,8,,9,,95,,8667,,75,,8,,16,,32,,4,,48,,52,,52,,2667,,4721,,563,,6178,,6142,,6303
200,"Mausoleum_of_Hadrian",,6,,7,,8,,7,,55,,46,,1111,,2778,,3889,,5,,5,,5556,,1875,,3977,,5234,,5833,,5238,,5033
201,"Piazza_de_Ferrari",1,0,1,0,1,0,,9667,,95,,94,,1579,,2632,,3684,,4737,,5263,,5263,,2727,,4167,,5385,,6358,,6774,,6748
202,"George_Washington_Carver",,4,,6,,7,,6,,55,,56,,125,,1875,,4375,,5,,625,,6875,,1905,,2857,,5385,,5455,,5851,,6172
203,"Cathedral_of_Santiago_de_Compostela",1,0,1,0,1,0,,9,,85,,84,,1765,,2941,,4118,,6471,,7647,,7647,,3,,4545,,5833,,7529,,8051,,8006
204,"Saint-Jacques_Tower",1,0,,8,,7,,7,,75,,72,,3077,,3077,,3077,,5385,,5385,,6154,,4706,,4444,,4275,,6087,,6269,,6636
205,"Calakmul_Campeche_Mexico",,6,,8,,9,,8667,,8,,78,,2143,,3571,,5,,5,,5714,,8571,,3158,,4938,,6429,,6341,,6667,,8168
206,"Bran_Castle_in_Transylvania",1,0,1,0,,95,,9,,825,,78,,1579,,3158,,3684,,4737,,5789,,6842,,2727,,48,,5309,,6207,,6804,,729
207,"Mosteiro_da_Batalha",1,0,1,0,1,0,1,0,1,0,1,0,,2105,,3684,,4737,,5263,,5789,,6316,,3478,,5385,,6429,,6897,,7333,,7742
208,"Wartburg_Castle",,8,,9,,85,,9,,925,,9,,2,,3,,55,,65,,9,,9,,32,,45,,6679,,7548,,9123,,9
209,"Fujian_Tulou_Fujian_China",1,0,1,0,1,0,1,0,1,0,,96,,2222,,3333,,5,,6111,,6667,,7778,,3636,,5,,6667,,7586,,8,,8593
210,"Alabama_State_Capitol",,4,,4,,55,,7,,775,,76,,0952,,1905,,4286,,5714,,8095,,8095,,1538,,2581,,4818,,6292,,7919,,784
211,"Palazzo_dAccursio",,2,,6,,8,,6667,,75,,72,,0556,,2222,,3889,,4444,,6111,,6111,,087,,3243,,5234,,5333,,6735,,6611
212,"Casa_Grande_Ruins",,6,,7,,75,,8333,,85,,8,,1176,,1765,,2941,,4118,,4118,,4118,,1967,,2819,,4225,,5512,,5548,,5437
213,"Stravinsky_Fountain",1,0,1,0,,95,,8,,825,,84,,3333,,4,,4667,,4667,,4667,,5333,,5,,5714,,6259,,5895,,5961,,6524
214,"Angel_Falls_Venezuela",,2,,5,,45,,4667,,5,,56,,0588,,2941,,4118,,5294,,5882,,7647,,0909,,3704,,43,,4961,,5405,,6465
215,"Statue_of_George_IV",,2,,4,,3,,3,,3,,32,,125,,5,,5,,625,,625,,75,,1538,,4444,,375,,4054,,4054,,4486
216,"Palacio_Barolo",1,0,,9,,9,,9333,,925,,94,,2941,,4118,,5294,,7059,,8235,,8824,,4545,,565,,6667,,8038,,8713,,9103
217,"Bridge_of_Remembrance_Christchurch_New_Zealand",1,0,1,0,,95,,8,,675,,54,,25,,5,,8333,,9167,,9167,,9167,,4,,6667,,8879,,8544,,7775,,6796
218,"John_A._Roebling_Suspension_Bridge",,6,,7,,5,,6333,,6,,6,,1333,,4,,5333,,6667,,7333,,8,,2182,,5091,,5161,,6496,,66,,6857
219,"Blue_Dome_Santorini",1,0,,9,,9,,9333,,95,,96,,3125,,375,,5,,5625,,6875,,75,,4762,,5294,,6429,,7019,,7977,,8421
220,"Fossar_de_les_Moreres",,4,,6,,4,,4,,3,,3,,1429,,4286,,5,,6429,,6429,,6429,,2105,,5,,4444,,4932,,4091,,4091
221,"Luxor_Obelisk_France",,6,,8,,8,,8333,,825,,8,,125,,25,,3125,,375,,4375,,5,,2069,,381,,4494,,5172,,5718,,6154
222,"Valle_de_los_Caidos",1,0,1,0,,85,,9,,9,,88,,25,,4,,45,,6,,65,,65,,4,,5714,,5885,,72,,7548,,7477
--------------------
"--","Avg.",P@5,P@10,P@20,P@30,P@40,P@50,CR@5,CR@10,CR@20,CR@30,CR@40,CR@50,F1@5,F1@10,F1@20,F1@30,F1@40,F1@50
,,,7721,,7955,,7885,,7745,,7655,,7597,,1494,,26,,4058,,5061,,5743,,6299,,2453,,3826,,5228,,5989,,6421,,6719