--------------------
"Run name","output_runGABORXBIndex"
--------------------
"Average P@20 = ",,7939
"Average CR@20 = ",,4009
"Average F1@20 = ",,5214
--------------------
"Query Id ","Location name",P@5,P@10,P@20,P@30,P@40,P@50,CR@5,CR@10,CR@20,CR@30,CR@40,CR@50,F1@5,F1@10,F1@20,F1@30,F1@40,F1@50
1,"angel_of_the_north",1,0,1,0,1,0,1,0,1,0,1,0,,16,,36,,44,,56,,68,,76,,2759,,5294,,6111,,7179,,8095,,8636
2,"big_ben",1,0,,9,,9,,8667,,875,,86,,2273,,3636,,4545,,5,,5,,5,,3704,,518,,604,,6341,,6364,,6324
3,"hearst_castle",1,0,1,0,1,0,1,0,,975,,92,,2083,,3333,,5417,,6667,,7917,,8333,,3448,,5,,7027,,8,,8738,,8745
4,"la_madeleine",,2,,4,,35,,4333,,45,,46,,0714,,2143,,4286,,5,,6429,,8571,,1053,,2791,,3853,,4643,,5294,,5987
5,"pont_alexandre_iii",1,0,1,0,1,0,1,0,1,0,,98,,16,,28,,44,,56,,64,,72,,2759,,4375,,6111,,7179,,7805,,8301
6,"neues_museum",,0,,1,,35,,3333,,4,,5,,0,,04,,28,,4,,52,,64,,0,,0571,,3111,,3636,,4522,,5614
7,"montezuma_castle",,8,,7,,75,,6,,6,,6,,25,,3333,,5833,,5833,,6667,,75,,381,,4516,,6562,,5915,,6316,,6667
8,"cn_tower",,4,,5,,45,,5333,,6,,6,,0833,,1667,,2917,,4583,,6667,,6667,,1379,,25,,3539,,493,,6316,,6316
9,"acropolis_athens",1,0,1,0,,95,,9333,,875,,84,,2381,,381,,4762,,4762,,5714,,5714,,3846,,5517,,6344,,6306,,6914,,6802
10,"agra_fort",,8,,9,,9,,9,,925,,9,,16,,28,,44,,56,,64,,68,,2667,,4271,,591,,6904,,7565,,7747
11,"albert_memorial",,6,,6,,6,,6667,,7,,74,,0455,,0455,,2273,,3636,,4545,,5,,0845,,0845,,3297,,4706,,5512,,5968
12,"altes_museum",,8,,8,,65,,6333,,625,,6,,0833,,2083,,375,,5833,,625,,7083,,1509,,3306,,4756,,6073,,625,,6497
13,"amiens_cathedral",1,0,1,0,,95,,9667,,95,,94,,2,,4,,56,,64,,76,,76,,3333,,5714,,7046,,7701,,8444,,8405
14,"angkor_wat",1,0,,9,,7,,7333,,7,,72,,2,,28,,36,,44,,56,,6,,3333,,4271,,4755,,55,,6222,,6545
15,"ara_pacis",,6,,8,,7,,6667,,6,,66,,0909,,2727,,4545,,5909,,5909,,7273,,1579,,4068,,5512,,6265,,5954,,692
16,"arc_de_triomphe",,8,,9,,85,,8667,,825,,82,,1667,,2083,,375,,5417,,5833,,5833,,2759,,3383,,5204,,6667,,6834,,6817
17,"aztec_ruins",,0,,0,,0,,1667,,175,,18,,0,,0,,0,,2,,28,,28,,0,,0,,0,,1818,,2154,,2191
18,"berlin_cathedral",1,0,,9,,95,,9333,,925,,92,,2,,28,,4,,52,,6,,64,,3333,,4271,,563,,6679,,7279,,7549
19,"bok_tower_gardens",1,0,1,0,,95,,9,,9,,86,,16,,32,,52,,64,,72,,72,,2759,,4848,,6721,,7481,,8,,7838
20,"brandenburg_gate",1,0,1,0,1,0,1,0,1,0,1,0,,16,,28,,36,,48,,6,,68,,2759,,4375,,5294,,6486,,75,,8095
21,"cabrillo",,0,,1,,15,,1667,,2,,18,,0,,0769,,2308,,3077,,5385,,6154,,0,,087,,1818,,2162,,2917,,2785
22,"casa_batllo",1,0,1,0,1,0,1,0,1,0,1,0,,16,,28,,36,,56,,64,,76,,2759,,4375,,5294,,7179,,7805,,8636
23,"casa_rosada",,6,,8,,85,,8667,,9,,92,,12,,28,,36,,4,,64,,68,,2,,4148,,5058,,5474,,7481,,782
24,"castillo_de_san_marcos",1,0,,8,,8,,6667,,625,,66,,12,,2,,44,,48,,56,,64,,2143,,32,,5677,,5581,,5907,,6498
25,"chartres_cathedral",,8,,9,,9,,9333,,95,,96,,12,,24,,4,,52,,68,,72,,2087,,3789,,5538,,6679,,7926,,8229
26,"chichen_itza",,8,,9,,9,,8333,,825,,84,,16,,24,,32,,44,,56,,64,,2667,,3789,,4721,,5759,,6671,,7265
27,"christ_the_redeemer_rio",,8,,8,,65,,6,,55,,52,,1304,,2174,,3478,,4348,,4783,,5652,,2243,,3419,,4532,,5042,,5116,,5417
28,"civic_center_san_francisco",,8,,7,,75,,8,,775,,74,,12,,2,,44,,52,,6,,6,,2087,,3111,,5546,,6303,,6764,,6627
29,"cologne_cathedral",1,0,1,0,1,0,1,0,,95,,96,,16,,28,,44,,56,,64,,68,,2759,,4375,,6111,,7179,,7648,,7961
30,"colosseum",1,0,1,0,1,0,1,0,,975,,96,,16,,28,,44,,6,,6,,64,,2759,,4375,,6111,,75,,7429,,768
31,"doge_s_palace",1,0,1,0,,95,,8667,,85,,84,,12,,24,,36,,44,,48,,52,,2143,,3871,,5221,,5837,,6135,,6424
32,"eiffel_tower",1,0,1,0,1,0,1,0,,95,,96,,16,,16,,36,,36,,48,,56,,2759,,2759,,5294,,5294,,6378,,7074
33,"golden_gate_bridge",1,0,1,0,,9,,9,,9,,82,,2174,,3043,,3913,,4783,,5652,,6087,,3571,,4667,,5455,,6246,,6944,,6987
34,"grand_palais",,8,,9,,9,,9,,925,,94,,1818,,3636,,4091,,4091,,5909,,6364,,2963,,518,,5625,,5625,,7211,,7589
35,"guggenheim_museum_bilbao",1,0,1,0,,95,,9667,,975,,92,,2,,24,,44,,56,,6,,6,,3333,,3871,,6014,,7092,,7429,,7263
36,"hagia_sophia_istanbul",1,0,1,0,1,0,,9667,,95,,94,,08,,28,,44,,52,,52,,64,,1481,,4375,,6111,,6762,,6721,,7615
37,"hoover_dam",1,0,1,0,,95,,9667,,975,,94,,16,,24,,4,,52,,56,,68,,2759,,3871,,563,,6762,,7114,,7891
38,"humayun_tomb",,8,,7,,65,,7333,,75,,78,,16,,24,,36,,48,,6,,68,,2667,,3574,,4634,,5802,,6667,,7266
39,"iguazu_falls",1,0,,9,,8,,8,,75,,72,,12,,16,,32,,48,,56,,64,,2143,,2717,,4571,,6,,6412,,6776
40,"iolani_palace",1,0,,9,,7,,7,,675,,64,,12,,2,,28,,4,,48,,56,,2143,,3273,,4,,5091,,561,,5973
41,"la_mezquita",1,0,,9,,85,,7,,65,,6,,1667,,2917,,4167,,4583,,5,,5,,2857,,4406,,5592,,554,,5652,,5455
42,"la_rambla_barcelona",1,0,1,0,,95,,9333,,925,,94,,16,,32,,36,,48,,6,,64,,2759,,4848,,5221,,634,,7279,,7615
43,"la_sainte_chapelle",,8,,9,,95,,9333,,95,,96,,12,,24,,44,,48,,56,,6,,2087,,3789,,6014,,634,,7046,,7385
44,"liberty_memorial",,2,,5,,6,,6333,,6,,6,,04,,16,,32,,44,,56,,6,,0667,,2424,,4174,,5193,,5793,,6
45,"lincoln_home",1,0,,9,,9,,9333,,875,,82,,2222,,3333,,4444,,6111,,7778,,8333,,3636,,4865,,595,,7386,,8235,,8266
46,"machu_picchu",,6,,8,,8,,8,,8,,78,,12,,2,,44,,56,,64,,72,,2,,32,,5677,,6588,,7111,,7488
47,"marble_arch_london",,8,,8,,7,,5333,,4,,36,,25,,4167,,5833,,5833,,5833,,75,,381,,5479,,6364,,5572,,4746,,4865
48,"milan_cathedral",1,0,1,0,,9,,9,,9,,9,,16,,2,,4,,52,,68,,72,,2759,,3333,,5538,,6592,,7747,,8
49,"mole_antonelliana",1,0,1,0,,85,,8667,,8,,72,,16,,28,,32,,44,,48,,48,,2759,,4375,,465,,5837,,6,,576
50,"mont_saint_michel",1,0,,9,,95,,9667,,975,,98,,12,,16,,4,,6,,6,,72,,2143,,2717,,563,,7404,,7429,,8301
51,"moulin_rouge",,2,,1,,05,,0667,,125,,12,,125,,125,,125,,125,,25,,25,,1538,,1111,,0714,,087,,1667,,1622
52,"nelson_s_column",,8,,9,,95,,9333,,95,,96,,0833,,25,,375,,5,,625,,6667,,1509,,3913,,5377,,6512,,754,,7869
53,"notre_dame_de_paris",,8,,8,,75,,8333,,875,,88,,16,,2,,32,,48,,6,,6,,2667,,32,,4486,,6091,,7119,,7135
54,"obelisco",,0,,3,,2,,1667,,15,,16,,0,,1818,,2727,,3636,,3636,,4545,,0,,2264,,2308,,2286,,2124,,2367
55,"piccadilly_circus",,8,,8,,9,,8333,,8,,82,,1304,,3043,,4783,,5217,,6087,,6522,,2243,,4409,,6246,,6417,,6914,,7265
56,"place_de_la_concorde",1,0,1,0,1,0,,9667,,975,,98,,16,,28,,4,,44,,52,,6,,2759,,4375,,5714,,6047,,6783,,7443
57,"place_de_la_republique",,6,,3,,2,,1667,,175,,2,,375,,375,,5,,5,,625,,75,,4615,,3333,,2857,,25,,2734,,3158
58,"place_des_vosges",,8,,9,,9,,8667,,85,,84,,16,,2,,32,,4,,56,,72,,2667,,3273,,4721,,5474,,6752,,7754
59,"pont_du_gard",,4,,7,,75,,7667,,8,,78,,08,,2,,44,,48,,6,,64,,1333,,3111,,5546,,5904,,6857,,7031
60,"pont_neuf",1,0,,9,,85,,8,,75,,7,,16,,28,,4,,56,,56,,68,,2759,,4271,,544,,6588,,6412,,6899
61,"ponte_vecchio",,8,,9,,8,,8333,,825,,82,,1667,,25,,4167,,5,,5417,,625,,2759,,3913,,5479,,625,,654,,7093
62,"puerta_de_alcala",,4,,5,,5,,5333,,55,,56,,1053,,1579,,4211,,4737,,5789,,5789,,1667,,24,,4571,,5017,,5641,,5693
63,"puerta_del_sol",1,0,,7,,65,,5333,,425,,44,,2,,2,,35,,45,,45,,5,,3333,,3111,,455,,4881,,4371,,4681
64,"red_fort",1,0,1,0,1,0,1,0,1,0,1,0,,16,,28,,52,,68,,68,,72,,2759,,4375,,6842,,8095,,8095,,8372
65,"reims_cathedral",1,0,1,0,1,0,1,0,1,0,,98,,16,,28,,48,,56,,6,,68,,2759,,4375,,6486,,7179,,75,,8029
66,"rialto_bridge",,6,,8,,75,,6667,,65,,6,,1875,,3125,,375,,5625,,625,,625,,2857,,4494,,5,,6102,,6373,,6122
67,"roman_forum_rome",,8,,9,,75,,7667,,7,,72,,16,,32,,36,,52,,6,,64,,2667,,4721,,4865,,6197,,6462,,6776
68,"sacre_coeur",,2,,3,,55,,6333,,6,,62,,0417,,0833,,2917,,4167,,5,,625,,069,,1304,,3812,,5026,,5455,,6225
69,"sagrada_familia",,8,,9,,95,,9667,,95,,92,,16,,28,,48,,48,,52,,56,,2667,,4271,,6378,,6415,,6721,,6962
70,"santa_maria_novella",,4,,4,,6,,6,,6,,6,,08,,16,,36,,44,,52,,56,,1333,,2286,,45,,5077,,5571,,5793
71,"schonbrunn_palace",1,0,1,0,,95,,9667,,975,,98,,2,,32,,44,,52,,52,,6,,3333,,4848,,6014,,6762,,6783,,7443
72,"seville_cathedral",,8,,6,,8,,8667,,9,,92,,12,,2,,44,,56,,6,,68,,2087,,3,,5677,,6804,,72,,782
73,"spanish_steps",,6,,7,,65,,6,,6,,62,,0909,,1364,,3182,,4545,,5909,,6818,,1579,,2283,,4272,,5172,,5954,,6494
74,"st__basil_cathedral",1,0,1,0,,95,,9667,,95,,92,,2,,36,,48,,56,,64,,68,,3333,,5294,,6378,,7092,,7648,,782
75,"statue_of_liberty",1,0,,9,,85,,8333,,85,,86,,16,,2,,36,,44,,56,,64,,2759,,3273,,5058,,5759,,6752,,7339
76,"stonehenge",,4,,6,,7,,6333,,575,,52,,1053,,2105,,3684,,5263,,5789,,6316,,1667,,3117,,4828,,5749,,577,,5704
77,"summer_palace_beijing",1,0,1,0,1,0,,9667,,95,,94,,2,,28,,32,,48,,64,,72,,3333,,4375,,4848,,6415,,7648,,8154
78,"sydney_opera_house",1,0,1,0,1,0,,9667,,95,,92,,16,,28,,36,,48,,56,,64,,2759,,4375,,5294,,6415,,7046,,7549
79,"teotihuacan",,8,,8,,75,,7,,725,,72,,16,,32,,48,,56,,68,,68,,2667,,4571,,5854,,6222,,7018,,6994
80,"terracotta_army",,8,,7,,6,,6,,575,,54,,15,,25,,45,,5,,6,,65,,2526,,3684,,5143,,5455,,5872,,5899
81,"the_blue_mosque",1,0,1,0,,85,,8667,,875,,9,,12,,24,,4,,52,,6,,64,,2143,,3871,,544,,65,,7119,,7481
82,"the_henry_ford",,8,,9,,75,,6667,,625,,68,,16,,24,,32,,44,,56,,68,,2667,,3789,,4486,,5301,,5907,,68
83,"taj_mahal",,8,,7,,75,,8333,,85,,88,,16,,2,,28,,48,,64,,72,,2667,,3111,,4078,,6091,,7302,,792
84,"tour_montparnasse",,0,,3,,5,,4667,,475,,42,,0,,15,,3,,4,,55,,55,,0,,2,,375,,4308,,5098,,4763
85,"tower_bridge_london",,8,,8,,65,,6333,,625,,6,,16,,28,,36,,4,,52,,56,,2667,,4148,,4634,,4903,,5677,,5793
86,"trafalgar_square",,2,,3,,35,,4333,,425,,46,,0455,,1364,,1818,,2727,,3636,,5,,0741,,1875,,2393,,3348,,3919,,4792
87,"leaning_tower_of_pisa",,6,,7,,5,,4667,,5,,54,,08,,24,,24,,28,,36,,48,,1412,,3574,,3243,,35,,4186,,5082
88,"hermitage_museum_saint_petersburg",1,0,1,0,,95,,8667,,8,,82,,16,,24,,36,,48,,48,,6,,2759,,3871,,5221,,6178,,6,,693
89,"jantar_mantar_jaipur",,6,,7,,85,,8667,,825,,84,,12,,24,,48,,72,,76,,84,,2,,3574,,6135,,7866,,7912,,84
90,"lake_titicaca_peru",,6,,4,,5,,6333,,575,,58,,125,,1667,,2917,,5417,,625,,6667,,2069,,2353,,3684,,5839,,599,,6203
91,"the_great_wall_of_china",,6,,6,,7,,7667,,775,,76,,12,,16,,36,,52,,56,,64,,2,,2526,,4755,,6197,,6502,,6949
92,"grande_arche_paris",,4,,5,,5,,5333,,625,,62,,08,,16,,2,,28,,44,,48,,1333,,2424,,2857,,3672,,5164,,5411
93,"el_angel_mexico",1,0,,9,,75,,6667,,625,,54,,2381,,3333,,381,,5714,,619,,6667,,3846,,4865,,5053,,6154,,622,,5967
94,"bibliotheque_nationale_de_france",1,0,,8,,75,,7667,,775,,76,,12,,16,,36,,44,,6,,64,,2143,,2667,,4865,,5591,,6764,,6949
95,"kronborg_castle",,6,,7,,7,,7667,,725,,72,,0833,,25,,4167,,5,,5417,,5417,,1463,,3684,,5224,,6053,,6201,,6182
96,"ajanta_caves",1,0,,8,,8,,8667,,875,,9,,2273,,3182,,4545,,5455,,5909,,6818,,3704,,4553,,5797,,6695,,7054,,7759
97,"atomium",1,0,1,0,,95,,9333,,9,,92,,1905,,2857,,381,,4762,,5238,,619,,32,,4444,,5438,,6306,,6622,,7401
98,"ellora_caves",1,0,1,0,1,0,1,0,1,0,,98,,1818,,2273,,4091,,5455,,5909,,6364,,3077,,3704,,5806,,7059,,7429,,7717
99,"potala_palace",,8,,9,,85,,8667,,85,,8,,1667,,2778,,4444,,5,,5556,,6667,,2759,,4245,,5837,,6341,,6719,,7273
100,"jokhang",,8,,8,,85,,8667,,85,,88,,16,,28,,44,,56,,64,,76,,2667,,4148,,5798,,6804,,7302,,8156
101,"rila_monastery",,6,,8,,75,,8,,825,,86,,12,,2,,24,,48,,52,,56,,2,,32,,3636,,6,,6379,,6783
102,"louvre_pyramid",1,0,1,0,,9,,9333,,95,,92,,1667,,3333,,3889,,4444,,5556,,5556,,2857,,5,,5431,,6022,,7011,,6928
103,"brooklyn_bridge",1,0,,9,,9,,9333,,9,,88,,0952,,1429,,2857,,381,,4286,,5238,,1739,,2466,,4337,,5411,,5806,,6567
104,"tower_of_london",,8,,7,,75,,8,,775,,78,,1304,,1739,,3043,,4783,,5652,,6522,,2243,,2786,,433,,5986,,6537,,7104
105,"british_museum_london",1,0,1,0,1,0,1,0,,975,,98,,1,,15,,35,,4,,45,,5,,1818,,2609,,5185,,5714,,6158,,6622
106,"buckingham_palace",1,0,,7,,45,,4,,325,,36,,1,,15,,15,,3,,3,,3,,1818,,2471,,225,,3429,,312,,3273
107,"charles_bridge_prague",1,0,,9,,75,,7,,675,,62,,1667,,2917,,2917,,375,,4167,,4583,,2857,,4406,,42,,4884,,5153,,527
108,"champs_elysees_paris",,8,,8,,65,,6333,,65,,56,,2,,2667,,3333,,4667,,5333,,5333,,32,,4,,4407,,5374,,5859,,5463
109,"chrysler_building",1,0,1,0,1,0,1,0,1,0,,98,,2143,,4286,,5714,,7143,,7857,,8571,,3529,,6,,7273,,8333,,88,,9145
110,"moma_new_york",,8,,9,,85,,8667,,85,,84,,1579,,2632,,3684,,5263,,5789,,6842,,2637,,4072,,514,,6549,,6888,,7541
111,"grand_central_terminal",1,0,1,0,1,0,1,0,1,0,1,0,,0952,,0952,,2857,,3333,,4762,,4762,,1739,,1739,,4444,,5,,6452,,6452
112,"houses_of_parliament",1,0,1,0,1,0,,9667,,95,,9,,1304,,2609,,3478,,3478,,4348,,4348,,2308,,4138,,5161,,5116,,5965,,5863
113,"alexanderplatz_berlin",,4,,4,,5,,5333,,55,,6,,08,,12,,28,,4,,44,,48,,1333,,1846,,359,,4571,,4889,,5333
114,"centre_pompidou",,8,,7,,65,,6333,,675,,68,,1111,,2222,,3889,,5,,6111,,6667,,1951,,3373,,4866,,5588,,6415,,6733
115,"sydney_harbour_bridge",1,0,1,0,1,0,1,0,1,0,1,0,,25,,375,,5,,625,,75,,75,,4,,5455,,6667,,7692,,8571,,8571
116,"pier_39",1,0,1,0,1,0,,9333,,95,,94,,1905,,3333,,4762,,5714,,619,,619,,32,,5,,6452,,7089,,7496,,7465
117,"coit_tower",,8,,7,,7,,6667,,675,,6,,2,,2,,3333,,4,,4667,,4667,,32,,3111,,4516,,5,,5518,,525
118,"st_paul_s_cathedral_london",1,0,1,0,1,0,,9333,,875,,82,,1176,,2353,,5294,,6471,,7059,,7059,,2105,,381,,6923,,7643,,7814,,7587
119,"cloud_gate",,8,,6,,65,,6,,6,,64,,25,,3333,,4167,,4167,,5,,5,,381,,4286,,5078,,4918,,5455,,5614
120,"musee_d_orsay",,8,,9,,9,,9,,925,,94,,1429,,2381,,381,,4286,,5714,,7143,,2424,,3766,,5353,,5806,,7064,,8117
121,"pike_place_market",,8,,9,,9,,9,,925,,9,,1905,,2857,,4762,,4762,,5238,,5238,,3077,,4337,,6228,,6228,,6689,,6622
122,"royal_palace_madrid",,6,,8,,85,,8333,,825,,78,,0909,,2273,,4545,,5455,,5909,,6364,,1579,,354,,5923,,6593,,6886,,7009
123,"sony_center_berlin",1,0,1,0,,95,,9667,,975,,98,,2381,,2857,,4286,,5238,,5714,,619,,3846,,4444,,5907,,6794,,7206,,7588
124,"red_square_moscow",,6,,6,,65,,6667,,675,,66,,1429,,1905,,3333,,4286,,5238,,5714,,2308,,2892,,4407,,5217,,5899,,6125
125,"prague_castle",1,0,,9,,9,,9,,875,,84,,16,,28,,36,,48,,56,,64,,2759,,4271,,5143,,6261,,6829,,7265
126,"musee_du_louvre",1,0,1,0,1,0,1,0,1,0,1,0,,16,,24,,44,,52,,64,,64,,2759,,3871,,6111,,6842,,7805,,7805
127,"millennium_bridge_london",,6,,7,,8,,8,,75,,74,,12,,16,,36,,44,,52,,52,,2,,2605,,4966,,5677,,6142,,6108
128,"casa_mila",1,0,1,0,1,0,1,0,1,0,,98,,08,,24,,4,,56,,68,,68,,1481,,3871,,5714,,7179,,8095,,8029
129,"national_gallery_london",1,0,,9,,9,,8333,,8,,72,,2273,,3182,,4545,,5909,,5909,,5909,,3704,,4701,,604,,6915,,6797,,6491
130,"national_mall",1,0,1,0,1,0,1,0,,975,,88,,16,,36,,56,,56,,72,,76,,2759,,5294,,7179,,7179,,8283,,8156
131,"london_city_hall",1,0,1,0,1,0,1,0,,975,,94,,2,,35,,4,,5,,65,,75,,3333,,5185,,5714,,6667,,78,,8343
132,"holocaust_memorial",,8,,8,,75,,7,,65,,62,,1875,,3125,,5,,625,,625,,625,,3038,,4494,,6,,6604,,6373,,6225
133,"columbus_circle",,4,,6,,55,,5667,,6,,6,,08,,2,,32,,48,,56,,64,,1333,,3,,4046,,5197,,5793,,6194
134,"siegessaeule",,8,,8,,85,,7667,,775,,7,,12,,28,,48,,56,,56,,56,,2087,,4148,,6135,,6472,,6502,,6222
135,"jardin_du_luxembourg",1,0,1,0,1,0,1,0,1,0,,98,,16,,28,,36,,56,,72,,76,,2759,,4375,,5294,,7179,,8372,,8561
136,"merlion_singapore",,4,,2,,35,,2667,,275,,32,,0909,,0909,,3182,,3636,,5,,5455,,1481,,125,,3333,,3077,,3548,,4034
137,"harrods_london",1,0,1,0,,8,,8333,,8,,8,,2,,4,,48,,68,,76,,76,,3333,,5714,,6,,7489,,7795,,7795
138,"metropolitan_museum_of_art_new_york",1,0,1,0,,95,,9667,,95,,96,,16,,32,,48,,6,,68,,72,,2759,,4848,,6378,,7404,,7926,,8229
139,"new_york_stock_exchange",,8,,9,,8,,7667,,675,,64,,2,,25,,3,,4,,4,,5,,32,,3913,,4364,,5257,,5023,,5614
140,"stephansdom_vienna",1,0,1,0,1,0,1,0,1,0,1,0,,2,,32,,56,,6,,64,,72,,3333,,4848,,7179,,75,,7805,,8372
141,"hms_belfast",1,0,1,0,1,0,,9667,,975,,96,,16,,24,,44,,56,,6,,6,,2759,,3871,,6111,,7092,,7429,,7385
142,"leicester_square",1,0,1,0,,95,,8667,,8,,78,,12,,2,,36,,44,,52,,56,,2143,,3333,,5221,,5837,,6303,,6519
143,"ciudad_de_las_artes_y_las_ciencias",1,0,1,0,,95,,9333,,95,,94,,16,,28,,4,,44,,56,,6,,2759,,4375,,563,,5981,,7046,,7325
144,"topkapi_palace",,8,,9,,95,,9667,,975,,96,,16,,28,,56,,56,,6,,76,,2667,,4271,,7046,,7092,,7429,,8484
145,"royal_albert_hall",1,0,1,0,,8,,8,,675,,64,,16,,24,,32,,48,,48,,52,,2759,,3871,,4571,,6,,561,,5738
146,"st_vitus_cathedral",1,0,,9,,95,,9667,,975,,98,,12,,2,,36,,6,,68,,72,,2143,,3273,,5221,,7404,,8012,,8301
147,"castello_sforzesco",1,0,,9,,9,,9,,9,,92,,2,,24,,36,,44,,52,,6,,3333,,3789,,5143,,591,,6592,,7263
148,"rijksmuseum_amsterdam",1,0,1,0,1,0,1,0,,975,,98,,12,,16,,32,,36,,44,,56,,2143,,2759,,4848,,5294,,6064,,7127
149,"dam_square",,6,,8,,75,,7,,675,,66,,12,,2,,32,,4,,52,,6,,2,,32,,4486,,5091,,5874,,6286
150,"rathaus_vienna",1,0,,9,,85,,8,,775,,8,,12,,16,,24,,32,,36,,4,,2143,,2717,,3743,,4571,,4916,,5333
151,"bath_abbey",1,0,1,0,1,0,1,0,1,0,,96,,16,,32,,48,,6,,64,,68,,2759,,4848,,6486,,75,,7805,,7961
152,"salisbury_cathedral",1,0,1,0,1,0,1,0,,975,,94,,16,,24,,28,,36,,52,,52,,2759,,3871,,4375,,5294,,6783,,6696
153,"templo_de_debod",,6,,4,,3,,3667,,475,,44,,0909,,0909,,1364,,1818,,3636,,4091,,1579,,1481,,1875,,2431,,4119,,424
154,"Niagara_Falls",,6,,7,,65,,6667,,625,,6,,1364,,2273,,3182,,5,,5455,,6364,,2222,,3431,,4272,,5714,,5825,,6176
155,"Golden_Gate_Bridge_in_San_Francisco",1,0,1,0,1,0,,9333,,925,,94,,0909,,2727,,5,,5909,,5909,,6364,,1667,,4286,,6667,,7237,,7211,,7589
156,"Neuschwanstein_Castle",1,0,1,0,1,0,1,0,1,0,1,0,,2,,32,,44,,6,,72,,72,,3333,,4848,,6111,,75,,8372,,8372
157,"Christ_Church_Cathedral_Missouri",1,0,1,0,,95,,9667,,975,,94,,16,,28,,48,,56,,6,,68,,2759,,4375,,6378,,7092,,7429,,7891
158,"Mount_Rushmore_in_South_Dakota",,8,,8,,9,,9333,,95,,96,,16,,28,,4,,48,,6,,68,,2667,,4148,,5538,,634,,7355,,7961
159,"Puerta_de_Toledo",,2,,1,,15,,1,,075,,06,,5,,5,1,0,1,0,1,0,1,0,,2857,,1667,,2609,,1818,,1395,,1132
160,"Urquhart_Castle",,8,,7,,75,,8,,825,,82,,125,,2083,,375,,5,,5833,,625,,2162,,3211,,5,,6154,,6834,,7093
161,"Gare_du_Nord_Paris",,6,,7,,7,,7,,625,,68,,12,,2,,24,,24,,32,,48,,2,,3111,,3574,,3574,,4233,,5628
162,"Newgrange_in_Ireland",,8,,8,,65,,6333,,625,,7,,1667,,2083,,2917,,4167,,4583,,5,,2759,,3306,,4027,,5026,,5288,,5833
163,"Windmills_at_Kinderdijk",1,0,,9,,85,,8667,,875,,86,,12,,24,,44,,52,,6,,68,,2143,,3789,,5798,,65,,7119,,7595
164,"Conciergerie",1,0,,9,,95,,9667,,95,,96,,2,,32,,44,,56,,6,,68,,3333,,4721,,6014,,7092,,7355,,7961
165,"Palazzo_Madama",1,0,1,0,,8,,7667,,75,,7,,1818,,3182,,4091,,5,,6364,,7727,,3077,,4828,,5414,,6053,,6885,,7346
166,"Split_Rock_Lighthouse",1,0,1,0,1,0,,9,,825,,8,,16,,28,,44,,44,,48,,52,,2759,,4375,,6111,,591,,6069,,6303
167,"The_Little_Mermaid_Denmark",,8,,9,,9,,9,,85,,76,,2143,,4286,,5,,7143,,7857,,7857,,338,,5806,,6429,,7965,,8166,,7726
168,"Great_Pyramid_of_Giza",,6,,5,,7,,6333,,6,,58,,1333,,2667,,6,,7333,,8,,8,,2182,,3478,,6462,,6797,,6857,,6725
169,"Pitti_Palace",,8,,8,,8,,8333,,75,,74,,1818,,3182,,4545,,5,,5,,5455,,2963,,4553,,5797,,625,,6,,628
170,"Georgia_State_Capitol",,4,,7,,6,,5333,,45,,38,,1053,,2105,,2632,,2632,,2632,,2632,,1667,,3237,,3659,,3524,,3321,,311
171,"Dome_des_Invalides",1,0,1,0,,95,,9667,,975,,98,,16,,28,,36,,48,,56,,56,,2759,,4375,,5221,,6415,,7114,,7127
172,"Reggia_di_Caserta",,4,,5,,4,,5,,5,,52,,08,,2,,32,,48,,48,,6,,1333,,2857,,3556,,4898,,4898,,5571
173,"The_Burj_al_Arab_Hotel",,8,,8,,9,,9,,9,,9,,12,,28,,52,,56,,6,,68,,2087,,4148,,6592,,6904,,72,,7747
174,"Elephanta_Caves",1,0,1,0,,95,,9667,,95,,92,,1667,,3333,,4167,,5417,,625,,75,,2857,,5,,5793,,6943,,754,,8263
175,"Basilica_of_Santa_Croce",1,0,1,0,1,0,1,0,1,0,1,0,,16,,24,,48,,56,,6,,64,,2759,,3871,,6486,,7179,,75,,7805
176,"Aachen_Cathedral",1,0,1,0,,95,,9333,,925,,92,,12,,16,,32,,44,,52,,56,,2143,,2759,,4787,,5981,,6657,,6962
177,"Monument_to_the_Great_Fire_of_London",,2,,2,,45,,5,,5,,52,,04,,08,,24,,36,,48,,6,,0667,,1143,,313,,4186,,4898,,5571
178,"Longmen_Grottoes",,6,,7,,5,,6667,,6,,6,,12,,28,,36,,56,,64,,76,,2,,4,,4186,,6087,,6194,,6706
179,"Louisiana_State_Capitol",,2,,3,,35,,3,,35,,34,,04,,08,,2,,24,,36,,4,,0667,,1263,,2545,,2667,,3549,,3676
180,"The_Great_Sphinx_at_Giza",,8,,9,,85,,7667,,775,,72,,12,,28,,4,,48,,52,,6,,2087,,4271,,544,,5904,,6224,,6545
181,"Teatro_Real_Madrid",1,0,,9,,9,,7667,,725,,66,,1739,,3478,,5217,,6522,,6957,,8261,,2963,,5017,,6606,,7048,,71,,7338
182,"Palacio_de_la_Magdalena",,6,,7,,85,,8667,,875,,84,,08,,2,,44,,52,,68,,72,,1412,,3111,,5798,,65,,7653,,7754
183,"Sowjetisches_Ehrenmal",,6,,6,,65,,6667,,725,,74,,12,,2,,4,,56,,72,,76,,2,,3,,4952,,6087,,7225,,7499
184,"Cathedral_of_Trier",1,0,1,0,,95,,9333,,95,,92,,2,,36,,48,,56,,68,,8,,3333,,5294,,6378,,7,,7926,,8558
185,"Saint_Mary_of_the_Flower",,0,,1,,1,,0667,,15,,2,,0,,04,,04,,04,,2,,32,,0,,0571,,0571,,05,,1714,,2462
186,"Skellig_Michael",,6,,8,,8,,7,,7,,66,,08,,28,,44,,52,,6,,64,,1412,,4148,,5677,,5967,,6462,,6498
187,"Chicago_Board_of_Trade_Building",1,0,,8,,85,,8667,,775,,76,,2273,,2727,,3636,,5455,,5909,,6364,,3704,,4068,,5094,,6695,,6705,,6927
188,"Pont_de_Normandie_France",1,0,1,0,,95,,9667,,9,,84,,2632,,4211,,6316,,7368,,7895,,7895,,4167,,5926,,7587,,8363,,8411,,814
189,"Palazzo_Rosso",,0,,0,,0,,0333,,05,,06,,0,,0,,0,,0417,,0833,,125,,0,,0,,0,,037,,0625,,0811
190,"Piazza_Vittorio_Veneto",,8,,6,,55,,5333,,475,,4,,1875,,25,,4375,,5,,5625,,5625,,3038,,3529,,4873,,5161,,5151,,4675
191,"Sforza_Castle",1,0,1,0,1,0,,9333,,95,,96,,2,,36,,52,,56,,64,,64,,3333,,5294,,6842,,7,,7648,,768
192,"Torres_KIO",1,0,1,0,,9,,9,,85,,84,,2,,36,,44,,48,,56,,6,,3333,,5294,,591,,6261,,6752,,7
193,"Torre_Picasso",1,0,1,0,,9,,8,,725,,7,,2083,,3333,,5417,,5833,,625,,6667,,3448,,5,,6763,,6747,,6713,,6829
194,"The_Palace_of_Parliament_in_Bucharest",1,0,,9,,9,,9333,,9,,88,,12,,24,,36,,52,,6,,72,,2143,,3789,,5143,,6679,,72,,792
195,"Ernest_Hemingway_House",,8,,8,,85,,8667,,825,,82,,16,,2,,4,,56,,6,,6,,2667,,32,,544,,6804,,6947,,693
196,"Castel_dellOvo_Napoli",,6,,8,,85,,8333,,825,,82,,12,,32,,52,,64,,72,,8,,2,,4571,,6453,,724,,7689,,8099
197,"Villa_Borghese_gardens",1,0,1,0,,95,,9667,,975,,98,,16,,28,,56,,72,,84,,88,,2759,,4375,,7046,,8253,,9025,,9273
198,"Saint_Marks_Basilica",1,0,1,0,,95,,9667,,95,,96,,2,,32,,4,,4,,44,,44,,3333,,4848,,563,,5659,,6014,,6034
199,"Mausoleum_of_the_First_Qin_Emperor",,8,,8,,85,,8,,825,,82,,12,,2,,36,,4,,6,,6,,2087,,32,,5058,,5333,,6947,,693
200,"Mausoleum_of_Hadrian",,8,,9,,9,,7667,,775,,72,,1667,,3889,,4444,,5556,,6667,,6667,,2759,,5431,,595,,6443,,7168,,6923
201,"Piazza_de_Ferrari",1,0,1,0,,85,,8667,,9,,9,,1053,,2632,,3684,,4737,,4737,,5263,,1905,,4167,,514,,6126,,6207,,6642
202,"George_Washington_Carver",,8,,6,,7,,6667,,675,,72,,1875,,3125,,4375,,5,,625,,6875,,3038,,411,,5385,,5714,,649,,7034
203,"Cathedral_of_Santiago_de_Compostela",1,0,,8,,9,,8667,,85,,82,,2353,,3529,,5294,,6471,,8824,,8824,,381,,4898,,6667,,7409,,8659,,85
204,"Saint-Jacques_Tower",,6,,7,,75,,6667,,7,,7,,1538,,2308,,3077,,3077,,5385,,7692,,2449,,3471,,4364,,4211,,6087,,733
205,"Calakmul_Campeche_Mexico",1,0,1,0,,9,,8333,,85,,86,,2143,,3571,,5,,5714,,5714,,6429,,3529,,5263,,6429,,678,,6834,,7357
206,"Bran_Castle_in_Transylvania",,8,,9,,85,,9,,85,,84,,1053,,2632,,4737,,5789,,5789,,6842,,186,,4072,,6083,,7046,,6888,,7541
207,"Mosteiro_da_Batalha",1,0,1,0,1,0,1,0,1,0,1,0,,1579,,3158,,4737,,6316,,6316,,6316,,2727,,48,,6429,,7742,,7742,,7742
208,"Wartburg_Castle",1,0,1,0,,9,,9333,,9,,92,,2,,4,,65,,75,,75,,85,,3333,,5714,,7548,,8317,,8182,,8836
209,"Fujian_Tulou_Fujian_China",1,0,1,0,1,0,,9667,,975,,96,,1667,,2778,,4444,,5,,5,,6667,,2857,,4348,,6154,,6591,,661,,7869
210,"Alabama_State_Capitol",,8,,8,,8,,7667,,8,,76,,1905,,3333,,5714,,619,,7143,,7619,,3077,,4706,,6667,,685,,7547,,761
211,"Palazzo_dAccursio",,8,,9,,8,,7667,,75,,72,,1667,,3889,,5556,,5556,,6111,,6111,,2759,,5431,,6557,,6443,,6735,,6611
212,"Casa_Grande_Ruins",,8,,9,,85,,8333,,825,,86,,2353,,2941,,3529,,4118,,4118,,5294,,3636,,4433,,4988,,5512,,5493,,6554
213,"Stravinsky_Fountain",1,0,,9,,95,,9333,,925,,9,,2,,2,,3333,,3333,,4,,4667,,3333,,3273,,4935,,4912,,5585,,6146
214,"Angel_Falls_Venezuela",,8,,7,,6,,6,,5,,5,,2353,,3529,,5294,,5882,,5882,,5882,,3636,,4693,,5625,,5941,,5405,,5405
215,"Statue_of_George_IV",,6,,6,,6,,5667,,525,,44,,375,,5,,875,,875,1,0,1,0,,4615,,5455,,7119,,6879,,6885,,6111
216,"Palacio_Barolo",,8,,8,,9,,9,,925,,92,,1765,,2941,,4118,,5294,,5294,,6471,,2892,,4301,,565,,6667,,6734,,7598
217,"Bridge_of_Remembrance_Christchurch_New_Zealand",1,0,,9,,85,,8333,,7,,72,,3333,,5,,5833,,9167,1,0,1,0,,5,,6429,,6919,,873,,8235,,8372
218,"John_A._Roebling_Suspension_Bridge",,6,,6,,5,,4333,,45,,46,,1333,,3333,,5333,,6667,,6667,,7333,,2182,,4286,,5161,,5253,,5373,,5654
219,"Blue_Dome_Santorini",,6,,8,,9,,9333,,925,,92,,125,,3125,,5,,6875,,6875,,875,,2069,,4494,,6429,,7918,,7888,,8969
220,"Fossar_de_les_Moreres",,4,,6,,65,,5333,,475,,4,,1429,,2857,,4286,,5714,,6429,,6429,,2105,,3871,,5166,,5517,,5463,,4932
221,"Luxor_Obelisk_France",1,0,1,0,,85,,8333,,75,,78,,3125,,375,,4375,,4375,,5,,5625,,4762,,5455,,5777,,5738,,6,,6536
222,"Valle_de_los_Caidos",1,0,1,0,,95,,9667,,95,,88,,25,,4,,5,,6,,6,,65,,4,,5714,,6552,,7404,,7355,,7477
--------------------
"--","Avg.",P@5,P@10,P@20,P@30,P@40,P@50,CR@5,CR@10,CR@20,CR@30,CR@40,CR@50,F1@5,F1@10,F1@20,F1@30,F1@40,F1@50
,,,8018,,8095,,7939,,7859,,774,,764,,1521,,2572,,4009,,5002,,5777,,6342,,2504,,3827,,5214,,5986,,6476,,678