--------------------
"Run name","output_runJACKARDDtrs"
--------------------
"Average P@20 = ",,6797
"Average CR@20 = ",,4109
"Average F1@20 = ",,5027
--------------------
"Query Id ","Location name",P@5,P@10,P@20,P@30,P@40,P@50,CR@5,CR@10,CR@20,CR@30,CR@40,CR@50,F1@5,F1@10,F1@20,F1@30,F1@40,F1@50
1,"angel_of_the_north",1,0,,9,,75,,7667,,8,,78,,2,,36,,44,,56,,68,,8,,3333,,5143,,5546,,6472,,7351,,7899
2,"big_ben",1,0,1,0,1,0,1,0,,975,,98,,2273,,4545,,5909,,6364,,6818,,6818,,3704,,625,,7429,,7778,,8025,,8042
3,"hearst_castle",1,0,,9,,95,,9,,875,,86,,125,,2917,,4167,,5833,,75,,7917,,2222,,4406,,5793,,7079,,8077,,8244
4,"la_madeleine",,2,,3,,25,,2333,,225,,22,,0714,,1429,,1429,,2143,,2857,,2857,,1053,,1935,,1818,,2234,,2517,,2486
5,"pont_alexandre_iii",,8,,7,,8,,8,,825,,82,,16,,28,,48,,6,,64,,72,,2667,,4,,6,,6857,,7208,,7668
6,"neues_museum",,8,,9,,85,,8333,,8,,8,,16,,32,,56,,64,,72,,8,,2667,,4721,,6752,,724,,7579,,8
7,"montezuma_castle",,8,,7,,75,,7,,725,,74,,1667,,25,,5833,,6667,,75,,75,,2759,,3684,,6562,,6829,,7373,,745
8,"cn_tower",1,0,,9,,75,,7667,,7,,6,,1667,,2917,,375,,5,,5,,5,,2857,,4406,,5,,6053,,5833,,5455
9,"acropolis_athens",,8,,8,,65,,7333,,675,,66,,1905,,2381,,2857,,4762,,5714,,6667,,3077,,367,,3969,,5774,,6189,,6633
10,"agra_fort",1,0,,9,,85,,8333,,8,,84,,16,,28,,4,,48,,64,,68,,2759,,4271,,544,,6091,,7111,,7516
11,"albert_memorial",,8,,6,,65,,6667,,675,,68,,1364,,2273,,4545,,5,,5455,,5455,,233,,3297,,535,,5714,,6034,,6053
12,"altes_museum",1,0,,9,,85,,8667,,85,,86,,2083,,2917,,4583,,5,,625,,625,,3448,,4406,,5955,,6341,,7203,,7239
13,"amiens_cathedral",1,0,1,0,1,0,1,0,1,0,1,0,,2,,4,,52,,72,,72,,76,,3333,,5714,,6842,,8372,,8372,,8636
14,"angkor_wat",,8,,7,,75,,7333,,75,,76,,16,,24,,36,,48,,52,,56,,2667,,3574,,4865,,5802,,6142,,6448
15,"ara_pacis",,8,,6,,5,,5667,,575,,58,,1818,,2727,,2727,,3636,,4545,,5455,,2963,,375,,3529,,443,,5077,,5622
16,"arc_de_triomphe",1,0,,6,,35,,3,,375,,34,,2083,,25,,2917,,3333,,4583,,5417,,3448,,3529,,3182,,3158,,4125,,4178
17,"aztec_ruins",,2,,2,,3,,2667,,25,,24,,04,,08,,24,,32,,32,,36,,0667,,1143,,2667,,2909,,2807,,288
18,"berlin_cathedral",1,0,1,0,,95,,9333,,9,,86,,2,,36,,52,,72,,76,,84,,3333,,5294,,6721,,8129,,8241,,8499
19,"bok_tower_gardens",1,0,1,0,,85,,8,,825,,84,,2,,36,,48,,56,,64,,68,,3333,,5294,,6135,,6588,,7208,,7516
20,"brandenburg_gate",1,0,1,0,,85,,8667,,85,,8,,2,,4,,52,,68,,72,,76,,3333,,5714,,6453,,7621,,7796,,7795
21,"cabrillo",,0,,1,,15,,1,,125,,12,,0,,0769,,2308,,2308,,3077,,3846,,0,,087,,1818,,1395,,1778,,1829
22,"casa_batllo",1,0,1,0,,95,,9333,,95,,94,,2,,28,,44,,6,,64,,72,,3333,,4375,,6014,,7304,,7648,,8154
23,"casa_rosada",1,0,,6,,8,,8,,825,,8,,2,,24,,44,,56,,64,,72,,3333,,3429,,5677,,6588,,7208,,7579
24,"castillo_de_san_marcos",,8,,8,,8,,7333,,75,,78,,16,,32,,56,,56,,68,,8,,2667,,4571,,6588,,6351,,7133,,7899
25,"chartres_cathedral",1,0,1,0,,95,,9333,,95,,94,,2,,4,,56,,72,,72,,76,,3333,,5714,,7046,,8129,,8192,,8405
26,"chichen_itza",1,0,1,0,,95,,9333,,9,,9,,16,,24,,4,,44,,6,,6,,2759,,3871,,563,,5981,,72,,72
27,"christ_the_redeemer_rio",,4,,2,,3,,3333,,35,,34,,087,,087,,2174,,3043,,4348,,5217,,1429,,1212,,2521,,3182,,3878,,4117
28,"civic_center_san_francisco",,6,,3,,25,,1667,,175,,18,,12,,12,,16,,16,,2,,2,,2,,1714,,1951,,1633,,1867,,1895
29,"cologne_cathedral",,8,,9,,95,,9333,,95,,96,,16,,32,,44,,48,,6,,64,,2667,,4721,,6014,,634,,7355,,768
30,"colosseum",1,0,,9,,85,,8333,,875,,84,,16,,28,,44,,56,,68,,72,,2759,,4271,,5798,,6699,,7653,,7754
31,"doge_s_palace",,6,,8,,9,,8667,,85,,86,,12,,24,,52,,64,,72,,84,,2,,3692,,6592,,7363,,7796,,8499
32,"eiffel_tower",,8,,9,,95,,9,,9,,92,,16,,32,,4,,6,,64,,68,,2667,,4721,,563,,72,,7481,,782
33,"golden_gate_bridge",,8,,8,,8,,7667,,775,,78,,1739,,2609,,3913,,4783,,6087,,6957,,2857,,3934,,5255,,5891,,6819,,7354
34,"grand_palais",1,0,1,0,,8,,8667,,85,,88,,1818,,3182,,3636,,5455,,5909,,6364,,3077,,4828,,5,,6695,,6972,,7386
35,"guggenheim_museum_bilbao",,8,,9,,95,,9667,,925,,94,,16,,28,,4,,6,,6,,68,,2667,,4271,,563,,7404,,7279,,7891
36,"hagia_sophia_istanbul",,8,,7,,85,,8333,,85,,88,,16,,28,,56,,6,,76,,84,,2667,,4,,6752,,6977,,8025,,8595
37,"hoover_dam",,8,,9,,8,,8,,8,,8,,16,,32,,48,,56,,64,,72,,2667,,4721,,6,,6588,,7111,,7579
38,"humayun_tomb",1,0,,8,,85,,8,,825,,82,,2,,32,,4,,52,,64,,72,,3333,,4571,,544,,6303,,7208,,7668
39,"iguazu_falls",,8,,8,,8,,8333,,875,,82,,16,,28,,4,,6,,72,,72,,2667,,4148,,5333,,6977,,79,,7668
40,"iolani_palace",,8,,8,,75,,7333,,725,,72,,16,,28,,4,,52,,6,,68,,2667,,4148,,5217,,6085,,6566,,6994
41,"la_mezquita",,4,,6,,55,,5667,,5,,5,,0833,,1667,,3333,,5417,,5833,,6667,,1379,,2609,,4151,,5539,,5385,,5714
42,"la_rambla_barcelona",,6,,6,,7,,7333,,725,,76,,08,,16,,44,,6,,68,,72,,1412,,2526,,5404,,66,,7018,,7395
43,"la_sainte_chapelle",1,0,1,0,,95,,9667,,95,,96,,16,,24,,52,,64,,68,,76,,2759,,3871,,6721,,7701,,7926,,8484
44,"liberty_memorial",,6,,6,,5,,5333,,55,,58,,12,,2,,28,,28,,4,,6,,2,,3,,359,,3672,,4632,,5898
45,"lincoln_home",,2,,2,,2,,2333,,275,,3,,0556,,1111,,2222,,3333,,5,,5556,,087,,1429,,2105,,2745,,3548,,3896
46,"machu_picchu",1,0,,8,,8,,8,,775,,78,,16,,28,,48,,6,,68,,68,,2759,,4148,,6,,6857,,7244,,7266
47,"marble_arch_london",,2,,2,,2,,1333,,125,,12,,0833,,1667,,3333,,3333,,3333,,3333,,1176,,1818,,25,,1905,,1818,,1765
48,"milan_cathedral",,8,,9,,85,,8667,,875,,88,,16,,32,,52,,68,,68,,72,,2667,,4721,,6453,,7621,,7653,,792
49,"mole_antonelliana",,8,,7,,65,,6667,,675,,7,,12,,24,,32,,52,,6,,68,,2087,,3574,,4289,,5843,,6353,,6899
50,"mont_saint_michel",1,0,,8,,85,,8333,,85,,84,,2,,28,,44,,48,,56,,64,,3333,,4148,,5798,,6091,,6752,,7265
51,"moulin_rouge",,2,,1,,05,,0333,,05,,06,,125,,125,,125,,125,,25,,25,,1538,,1111,,0714,,0526,,0833,,0968
52,"nelson_s_column",,8,,7,,75,,7667,,775,,78,,1667,,25,,375,,5417,,5417,,5833,,2759,,3684,,5,,6348,,6377,,6675
53,"notre_dame_de_paris",,8,,8,,85,,8333,,85,,82,,16,,32,,56,,56,,6,,72,,2667,,4571,,6752,,6699,,7034,,7668
54,"obelisco",,2,,2,,15,,1667,,125,,12,,0909,,1818,,2727,,3636,,3636,,4545,,125,,1905,,1935,,2286,,186,,1899
55,"piccadilly_circus",1,0,,8,,65,,5667,,55,,58,,2174,,3478,,3478,,4348,,4348,,5217,,3571,,4848,,4532,,492,,4857,,5493
56,"place_de_la_concorde",1,0,,9,,95,,9333,,9,,88,,2,,36,,52,,68,,72,,72,,3333,,5143,,6721,,7868,,8,,792
57,"place_de_la_republique",,2,,2,,15,,1333,,125,,1,,125,,25,,375,,5,,625,,625,,1538,,2222,,2143,,2105,,2083,,1724
58,"place_des_vosges",,8,,9,,8,,7667,,8,,76,,12,,32,,44,,56,,64,,68,,2087,,4721,,5677,,6472,,7111,,7178
59,"pont_du_gard",,6,,6,,65,,7,,725,,68,,12,,16,,32,,44,,56,,56,,2,,2526,,4289,,5404,,6319,,6142
60,"pont_neuf",,8,,8,,65,,7,,7,,66,,16,,32,,4,,56,,72,,76,,2667,,4571,,4952,,6222,,7099,,7065
61,"ponte_vecchio",,8,,7,,7,,7,,7,,68,,125,,2083,,4167,,4583,,5833,,625,,2162,,3211,,5224,,554,,6364,,6513
62,"puerta_de_alcala",,4,,5,,4,,4333,,45,,44,,1053,,1579,,2105,,3684,,4211,,4737,,1667,,24,,2759,,3982,,435,,4562
63,"puerta_del_sol",,4,,3,,35,,3333,,325,,32,,1,,15,,3,,35,,45,,5,,16,,2,,3231,,3415,,3774,,3902
64,"red_fort",1,0,,8,,85,,8,,825,,8,,2,,28,,44,,52,,64,,72,,3333,,4148,,5798,,6303,,7208,,7579
65,"reims_cathedral",,8,,9,,85,,9,,875,,88,,12,,28,,56,,64,,68,,76,,2087,,4271,,6752,,7481,,7653,,8156
66,"rialto_bridge",,0,,2,,2,,3333,,3,,28,,0,,125,,1875,,4375,,4375,,5,,0,,1538,,1935,,3784,,3559,,359
67,"roman_forum_rome",,8,,9,,85,,9,,925,,92,,12,,32,,48,,68,,76,,76,,2087,,4721,,6135,,7747,,8344,,8324
68,"sacre_coeur",,6,,4,,45,,3667,,4,,46,,125,,1667,,3333,,3333,,375,,4167,,2069,,2353,,383,,3492,,3871,,4373
69,"sagrada_familia",1,0,1,0,,95,,9667,,95,,94,,16,,32,,48,,64,,72,,76,,2759,,4848,,6378,,7701,,8192,,8405
70,"santa_maria_novella",,2,,3,,35,,4333,,45,,46,,04,,12,,28,,32,,4,,44,,0667,,1714,,3111,,3681,,4235,,4498
71,"schonbrunn_palace",,8,,8,,75,,7333,,725,,74,,12,,2,,4,,48,,56,,56,,2087,,32,,5217,,5802,,6319,,6375
72,"seville_cathedral",1,0,1,0,,9,,9333,,925,,94,,16,,28,,52,,56,,72,,88,,2759,,4375,,6592,,7,,8097,,909
73,"spanish_steps",,6,,5,,55,,5333,,575,,6,,1364,,2273,,4545,,5455,,5455,,6818,,2222,,3125,,4977,,5393,,5598,,6383
74,"st__basil_cathedral",1,0,,8,,6,,7,,625,,64,,2,,32,,44,,52,,6,,68,,3333,,4571,,5077,,5967,,6122,,6594
75,"statue_of_liberty",,8,,7,,75,,7333,,725,,72,,16,,24,,28,,4,,48,,56,,2667,,3574,,4078,,5176,,5776,,63
76,"stonehenge",,4,,5,,5,,6333,,625,,64,,1053,,2105,,3684,,4737,,5263,,6842,,1667,,2963,,4242,,542,,5714,,6614
77,"summer_palace_beijing",1,0,,8,,85,,7667,,8,,84,,2,,32,,48,,52,,76,,84,,3333,,4571,,6135,,6197,,7795,,84
78,"sydney_opera_house",1,0,,7,,7,,7,,75,,72,,2,,24,,44,,48,,52,,52,,3333,,3574,,5404,,5695,,6142,,6039
79,"teotihuacan",,8,,9,,95,,9333,,9,,88,,12,,32,,48,,64,,72,,72,,2087,,4721,,6378,,7593,,8,,792
80,"terracotta_army",,8,,6,,5,,6,,65,,66,,15,,25,,45,,55,,6,,7,,2526,,3529,,4737,,5739,,624,,6794
81,"the_blue_mosque",,8,,7,,75,,7333,,8,,84,,16,,28,,52,,6,,76,,76,,2667,,4,,6142,,66,,7795,,798
82,"the_henry_ford",,6,,6,,6,,5667,,55,,56,,12,,24,,44,,6,,6,,6,,2,,3429,,5077,,5829,,5739,,5793
83,"taj_mahal",,8,,8,,75,,7667,,8,,76,,16,,32,,48,,68,,76,,76,,2667,,4571,,5854,,7207,,7795,,76
84,"tour_montparnasse",,6,,5,,55,,5333,,475,,5,,15,,25,,5,,65,,65,,75,,24,,3333,,5238,,5859,,5489,,6
85,"tower_bridge_london",,8,,7,,75,,7,,65,,62,,12,,2,,44,,48,,48,,56,,2087,,3111,,5546,,5695,,5522,,5885
86,"trafalgar_square",,6,,4,,45,,4,,375,,36,,1364,,1364,,2273,,3182,,4091,,4545,,2222,,2034,,302,,3544,,3913,,4018
87,"leaning_tower_of_pisa",,8,,8,,8,,7333,,75,,66,,16,,28,,44,,52,,56,,64,,2667,,4148,,5677,,6085,,6412,,6498
88,"hermitage_museum_saint_petersburg",1,0,,9,,9,,8667,,875,,88,,16,,32,,52,,56,,56,,6,,2759,,4721,,6592,,6804,,6829,,7135
89,"jantar_mantar_jaipur",1,0,,8,,75,,8,,8,,76,,16,,28,,48,,56,,68,,72,,2759,,4148,,5854,,6588,,7351,,7395
90,"lake_titicaca_peru",,6,,5,,65,,6,,575,,56,,0833,,1667,,3333,,5,,625,,625,,1463,,25,,4407,,5455,,599,,5907
91,"the_great_wall_of_china",,6,,7,,75,,7333,,75,,72,,12,,28,,52,,68,,72,,72,,2,,4,,6142,,7057,,7347,,72
92,"grande_arche_paris",,4,,5,,6,,6667,,65,,6,,08,,16,,36,,44,,52,,52,,1333,,2424,,45,,5301,,5778,,5571
93,"el_angel_mexico",,2,,2,,25,,2667,,275,,28,,0476,,0952,,1905,,2857,,381,,4762,,0769,,129,,2162,,2759,,3194,,3526
94,"bibliotheque_nationale_de_france",1,0,,8,,75,,7667,,725,,7,,2,,32,,44,,52,,56,,64,,3333,,4571,,5546,,6197,,6319,,6687
95,"kronborg_castle",1,0,,9,,8,,8333,,85,,84,,125,,2917,,4583,,4583,,5417,,5417,,2222,,4406,,5828,,5914,,6617,,6586
96,"ajanta_caves",1,0,,9,,9,,9333,,95,,94,,1818,,3182,,4091,,5909,,6818,,6818,,3077,,4701,,5625,,7237,,7939,,7904
97,"atomium",1,0,1,0,1,0,1,0,,975,,94,,2381,,4286,,5238,,619,,6667,,6667,,3846,,6,,6875,,7647,,7919,,7801
98,"ellora_caves",,6,,8,,9,,9333,,925,,92,,1364,,2273,,4545,,6818,,7273,,7727,,2222,,354,,604,,788,,8143,,84
99,"potala_palace",,6,,7,,7,,7333,,75,,7,,1667,,3333,,3889,,5,,6667,,6667,,2609,,4516,,5,,5946,,7059,,6829
100,"jokhang",1,0,1,0,,85,,8333,,8,,8,,2,,32,,44,,56,,6,,68,,3333,,4848,,5798,,6699,,6857,,7351
101,"rila_monastery",,8,,7,,8,,8667,,875,,84,,16,,2,,24,,32,,4,,44,,2667,,3111,,3692,,4674,,549,,5775
102,"louvre_pyramid",1,0,1,0,1,0,1,0,,975,,94,,2222,,4444,,5,,6667,,7222,,7778,,3636,,6154,,6667,,8,,8298,,8512
103,"brooklyn_bridge",1,0,,8,,8,,8333,,85,,86,,1905,,3333,,4762,,619,,6667,,6667,,32,,4706,,597,,7104,,7473,,7511
104,"tower_of_london",,4,,3,,45,,5,,55,,56,,087,,1304,,3043,,5217,,5217,,6522,,1429,,1818,,3631,,5106,,5355,,6026
105,"british_museum_london",1,0,,9,,9,,9,,925,,9,,25,,35,,5,,5,,55,,55,,4,,504,,6429,,6429,,6898,,6828
106,"buckingham_palace",,6,,4,,35,,3333,,35,,34,,15,,15,,3,,35,,45,,45,,24,,2182,,3231,,3415,,3937,,3873
107,"charles_bridge_prague",1,0,,8,,8,,7667,,75,,68,,1667,,2083,,4167,,5833,,6667,,7083,,2857,,3306,,5479,,6626,,7059,,6939
108,"champs_elysees_paris",,4,,7,,5,,4667,,4,,4,,1333,,2667,,4667,,4667,,4667,,4667,,2,,3862,,4828,,4667,,4308,,4308
109,"chrysler_building",1,0,,8,,85,,8333,,875,,86,,2143,,4286,,6429,,7143,,8571,,8571,,3529,,5581,,7321,,7692,,866,,8586
110,"moma_new_york",,2,,6,,7,,6667,,725,,76,,0526,,2105,,3158,,4737,,6316,,6842,,0833,,3117,,4352,,5538,,6751,,7201
111,"grand_central_terminal",1,0,,9,,95,,9,,925,,92,,1905,,2857,,4762,,5238,,5714,,5714,,32,,4337,,6344,,6622,,7064,,705
112,"houses_of_parliament",,8,,7,,75,,7333,,75,,72,,1304,,2174,,3913,,4783,,5217,,5217,,2243,,3318,,5143,,5789,,6154,,605
113,"alexanderplatz_berlin",,8,,6,,7,,7667,,775,,78,,16,,24,,44,,56,,68,,68,,2667,,3429,,5404,,6472,,7244,,7266
114,"centre_pompidou",1,0,,6,,55,,5333,,5,,52,,2222,,2778,,3889,,3889,,5,,5,,3636,,3797,,4556,,4498,,5,,5098
115,"sydney_harbour_bridge",,8,,8,,75,,8,,75,,74,,25,,375,,5,,5625,,625,,6875,,381,,5106,,6,,6606,,6818,,7128
116,"pier_39",,8,,9,,9,,9,,925,,94,,1429,,3333,,5714,,6667,,7143,,7619,,2424,,4865,,699,,766,,8061,,8416
117,"coit_tower",,6,,5,,6,,5333,,5,,52,,2,,3333,,5333,,6,,6,,6,,3,,4,,5647,,5647,,5455,,5571
118,"st_paul_s_cathedral_london",,8,,5,,65,,6,,625,,62,,2353,,2941,,4118,,4706,,6471,,7059,,3636,,3704,,5042,,5275,,6358,,6602
119,"cloud_gate",,8,,8,,9,,8,,75,,76,,25,,5,,5833,,6667,,6667,,6667,,381,,6154,,7079,,7273,,7059,,7103
120,"musee_d_orsay",1,0,1,0,1,0,1,0,1,0,1,0,,2381,,2857,,4286,,5714,,6667,,6667,,3846,,4444,,6,,7273,,8,,8
121,"pike_place_market",1,0,,7,,7,,7333,,725,,72,,2381,,2857,,4762,,619,,619,,6667,,3846,,4058,,5668,,6714,,6678,,6923
122,"royal_palace_madrid",1,0,,7,,75,,7667,,725,,72,,2273,,3182,,5455,,6818,,7273,,7727,,3704,,4375,,6316,,7218,,7261,,7454
123,"sony_center_berlin",1,0,1,0,1,0,1,0,,95,,94,,1905,,2381,,4286,,5714,,5714,,5714,,32,,3846,,6,,7273,,7136,,7108
124,"red_square_moscow",,6,,7,,75,,6667,,675,,64,,1429,,2857,,4286,,5714,,5714,,5714,,2308,,4058,,5455,,6154,,6189,,6038
125,"prague_castle",,8,,8,,8,,7333,,775,,76,,16,,28,,4,,6,,8,,8,,2667,,4148,,5333,,66,,7873,,7795
126,"musee_du_louvre",1,0,1,0,,95,,9667,,925,,92,,16,,36,,6,,64,,72,,72,,2759,,5294,,7355,,7701,,8097,,8078
127,"millennium_bridge_london",1,0,,8,,75,,7667,,75,,7,,2,,32,,48,,6,,64,,68,,3333,,4571,,5854,,6732,,6906,,6899
128,"casa_mila",1,0,1,0,,95,,9667,,95,,92,,2,,28,,48,,6,,68,,68,,3333,,4375,,6378,,7404,,7926,,782
129,"national_gallery_london",,4,,5,,6,,5667,,55,,52,,0909,,2273,,5,,6364,,7727,,8182,,1481,,3125,,5455,,5995,,6426,,6359
130,"national_mall",,6,,7,,7,,7333,,725,,76,,12,,24,,4,,56,,6,,6,,2,,3574,,5091,,6351,,6566,,6706
131,"london_city_hall",,6,,3,,5,,5,,525,,5,,1,,1,,45,,6,,7,,8,,1714,,15,,4737,,5455,,6,,6154
132,"holocaust_memorial",,6,,4,,35,,4,,375,,36,,1875,,25,,375,,375,,4375,,4375,,2857,,3077,,3621,,3871,,4038,,395
133,"columbus_circle",,8,,4,,5,,6,,5,,52,,16,,16,,36,,52,,56,,6,,2667,,2286,,4186,,5571,,5283,,5571
134,"siegessaeule",,8,,7,,6,,6667,,6,,54,,16,,28,,44,,56,,6,,64,,2667,,4,,5077,,6087,,6,,5858
135,"jardin_du_luxembourg",1,0,,8,,85,,8667,,875,,88,,16,,24,,44,,56,,68,,72,,2759,,3692,,5798,,6804,,7653,,792
136,"merlion_singapore",,4,,6,,55,,4667,,5,,46,,0909,,1818,,3182,,4545,,5909,,6364,,1481,,2791,,4031,,4605,,5417,,534
137,"harrods_london",,8,,7,,7,,6667,,675,,66,,16,,28,,48,,64,,68,,76,,2667,,4,,5695,,6531,,6775,,7065
138,"metropolitan_museum_of_art_new_york",1,0,1,0,,95,,9333,,925,,9,,2,,36,,56,,56,,68,,76,,3333,,5294,,7046,,7,,7838,,8241
139,"new_york_stock_exchange",,6,,4,,45,,4,,4,,4,,1,,15,,3,,35,,45,,45,,1714,,2182,,36,,3733,,4235,,4235
140,"stephansdom_vienna",1,0,,8,,85,,8,,8,,82,,2,,28,,48,,64,,72,,8,,3333,,4148,,6135,,7111,,7579,,8099
141,"hms_belfast",,8,,9,,85,,8,,825,,82,,12,,24,,44,,48,,6,,72,,2087,,3789,,5798,,6,,6947,,7668
142,"leicester_square",1,0,,8,,8,,8,,75,,72,,2,,24,,32,,4,,44,,48,,3333,,3692,,4571,,5333,,5546,,576
143,"ciudad_de_las_artes_y_las_ciencias",1,0,1,0,,95,,9333,,95,,94,,16,,36,,48,,52,,56,,64,,2759,,5294,,6378,,6679,,7046,,7615
144,"topkapi_palace",,8,,9,,9,,9333,,925,,94,,16,,32,,48,,64,,64,,64,,2667,,4721,,6261,,7593,,7565,,7615
145,"royal_albert_hall",,4,,5,,6,,5333,,5,,52,,08,,2,,28,,4,,44,,48,,1333,,2857,,3818,,4571,,4681,,4992
146,"st_vitus_cathedral",1,0,,9,,85,,9,,925,,94,,2,,32,,56,,64,,68,,76,,3333,,4721,,6752,,7481,,7838,,8405
147,"castello_sforzesco",,6,,8,,85,,9,,925,,94,,12,,32,,48,,52,,52,,6,,2,,4571,,6135,,6592,,6657,,7325
148,"rijksmuseum_amsterdam",1,0,1,0,,9,,9333,,95,,96,,16,,32,,32,,4,,48,,52,,2759,,4848,,4721,,56,,6378,,6746
149,"dam_square",,2,,6,,55,,5333,,55,,58,,04,,2,,28,,4,,44,,52,,0667,,3,,3711,,4571,,4889,,5484
150,"rathaus_vienna",,2,,4,,35,,3667,,375,,36,,04,,16,,28,,32,,4,,48,,0667,,2286,,3111,,3417,,3871,,4114
151,"bath_abbey",,8,,8,,8,,8,,8,,76,,16,,28,,48,,6,,68,,68,,2667,,4148,,6,,6857,,7351,,7178
152,"salisbury_cathedral",,6,,8,,85,,9,,9,,88,,12,,28,,4,,44,,48,,52,,2,,4148,,544,,591,,6261,,6537
153,"templo_de_debod",,6,,4,,4,,4,,425,,42,,1364,,1818,,3182,,4545,,5455,,5909,,2222,,25,,3544,,4255,,4778,,491
154,"Niagara_Falls",,6,,6,,45,,3667,,325,,36,,1364,,1818,,2727,,3636,,4091,,5,,2222,,2791,,3396,,3651,,3622,,4186
155,"Golden_Gate_Bridge_in_San_Francisco",1,0,1,0,,9,,9333,,925,,94,,2273,,4091,,5909,,6364,,7273,,7727,,3704,,5806,,7134,,7568,,8143,,8482
156,"Neuschwanstein_Castle",1,0,,9,,8,,8,,85,,84,,2,,32,,36,,48,,68,,8,,3333,,4721,,4966,,6,,7556,,8195
157,"Christ_Church_Cathedral_Missouri",,6,,8,,75,,8,,8,,76,,12,,2,,32,,56,,64,,68,,2,,32,,4486,,6588,,7111,,7178
158,"Mount_Rushmore_in_South_Dakota",,8,,7,,75,,7333,,75,,76,,16,,24,,36,,52,,56,,64,,2667,,3574,,4865,,6085,,6412,,6949
159,"Puerta_de_Toledo",,2,,1,,15,,1,,075,,08,,5,,5,1,0,1,0,1,0,1,0,,2857,,1667,,2609,,1818,,1395,,1481
160,"Urquhart_Castle",1,0,1,0,,9,,9333,,95,,92,,2083,,25,,5,,5417,,625,,6667,,3448,,4,,6429,,6855,,754,,7731
161,"Gare_du_Nord_Paris",,4,,4,,45,,4333,,4,,42,,08,,16,,28,,32,,36,,44,,1333,,2286,,3452,,3681,,3789,,4298
162,"Newgrange_in_Ireland",,6,,8,,7,,6667,,675,,7,,125,,25,,4583,,5417,,625,,6667,,2069,,381,,554,,5977,,649,,6829
163,"Windmills_at_Kinderdijk",,8,,8,,8,,8,,85,,84,,16,,32,,44,,48,,6,,68,,2667,,4571,,5677,,6,,7034,,7516
164,"Conciergerie",1,0,1,0,1,0,,9667,,975,,98,,2,,36,,52,,52,,6,,72,,3333,,5294,,6842,,6762,,7429,,8301
165,"Palazzo_Madama",,6,,4,,55,,5,,475,,52,,1364,,1818,,4545,,5,,6364,,6818,,2222,,25,,4977,,5,,544,,59
166,"Split_Rock_Lighthouse",,6,,7,,55,,6,,6,,62,,12,,2,,32,,44,,56,,56,,2,,3111,,4046,,5077,,5793,,5885
167,"The_Little_Mermaid_Denmark",,2,,1,,05,,0333,,075,,06,,0714,,0714,,0714,,0714,,2143,,2143,,1053,,0833,,0588,,0455,,1111,,0938
168,"Great_Pyramid_of_Giza",,8,,7,,75,,7,,675,,68,,2667,,3333,,5333,,6,,8,,8,,4,,4516,,6234,,6462,,7322,,7351
169,"Pitti_Palace",,6,,6,,6,,6333,,65,,62,,0909,,1818,,2273,,2727,,3182,,4091,,1579,,2791,,3297,,3813,,4272,,4929
170,"Georgia_State_Capitol",,2,,3,,15,,2,,2,,2,,0526,,1579,,1579,,2632,,2632,,2632,,0833,,2069,,1538,,2273,,2273,,2273
171,"Dome_des_Invalides",,8,,9,,9,,9333,,95,,94,,16,,32,,4,,6,,64,,68,,2667,,4721,,5538,,7304,,7648,,7891
172,"Reggia_di_Caserta",,8,,6,,6,,6,,6,,58,,12,,2,,4,,56,,6,,64,,2087,,3,,48,,5793,,6,,6085
173,"The_Burj_al_Arab_Hotel",,8,,8,,65,,7,,675,,66,,16,,32,,44,,6,,6,,6,,2667,,4571,,5248,,6462,,6353,,6286
174,"Elephanta_Caves",,8,,8,,8,,8,,825,,84,,1667,,25,,4583,,5417,,6667,,7917,,2759,,381,,5828,,646,,7374,,8151
175,"Basilica_of_Santa_Croce",1,0,,9,,9,,9333,,95,,96,,2,,32,,56,,6,,64,,68,,3333,,4721,,6904,,7304,,7648,,7961
176,"Aachen_Cathedral",1,0,,9,,8,,8,,825,,78,,16,,24,,44,,6,,68,,68,,2759,,3789,,5677,,6857,,7455,,7266
177,"Monument_to_the_Great_Fire_of_London",,4,,4,,4,,5333,,525,,48,,08,,12,,28,,52,,64,,64,,1333,,1846,,3294,,5266,,5768,,5486
178,"Longmen_Grottoes",,6,,5,,5,,5333,,575,,66,,12,,16,,28,,36,,48,,72,,2,,2424,,359,,4299,,5232,,6887
179,"Louisiana_State_Capitol",,4,,4,,25,,3,,325,,3,,08,,16,,2,,36,,48,,52,,1333,,2286,,2222,,3273,,3876,,3805
180,"The_Great_Sphinx_at_Giza",,6,,8,,65,,6667,,7,,72,,12,,32,,4,,56,,64,,68,,2,,4571,,4952,,6087,,6687,,6994
181,"Teatro_Real_Madrid",,4,,4,,45,,5,,475,,5,,087,,1739,,3043,,4783,,4783,,5652,,1429,,2424,,3631,,4889,,4766,,5306
182,"Palacio_de_la_Magdalena",,2,,5,,6,,5333,,55,,58,,04,,2,,4,,48,,52,,68,,0667,,2857,,48,,5053,,5346,,626
183,"Sowjetisches_Ehrenmal",,6,,5,,5,,5333,,575,,56,,12,,2,,32,,44,,56,,6,,2,,2857,,3902,,4822,,5674,,5793
184,"Cathedral_of_Trier",,2,,5,,45,,4667,,55,,58,,04,,16,,28,,36,,44,,48,,0667,,2424,,3452,,4065,,4889,,5253
185,"Saint_Mary_of_the_Flower",,6,,3,,4,,4,,35,,32,,12,,12,,2,,28,,36,,36,,2,,1714,,2667,,3294,,3549,,3388
186,"Skellig_Michael",,6,,8,,8,,8333,,775,,76,,12,,24,,48,,56,,6,,68,,2,,3692,,6,,6699,,6764,,7178
187,"Chicago_Board_of_Trade_Building",,6,,4,,4,,3667,,425,,42,,1364,,1818,,3182,,3636,,4091,,4545,,2222,,25,,3544,,3651,,4169,,4366
188,"Pont_de_Normandie_France",,4,,3,,35,,3667,,425,,44,,1053,,1579,,2632,,3684,,4211,,5263,,1667,,2069,,3004,,3675,,423,,4793
189,"Palazzo_Rosso",,0,,0,,1,,0667,,075,,08,,0,,0,,0833,,0833,,125,,1667,,0,,0,,0909,,0741,,0937,,1081
190,"Piazza_Vittorio_Veneto",,4,,4,,35,,3,,275,,28,,0625,,1875,,3125,,3125,,375,,5,,1081,,2553,,3302,,3061,,3173,,359
191,"Sforza_Castle",1,0,1,0,,85,,8,,775,,78,,2,,32,,44,,56,,56,,56,,3333,,4848,,5798,,6588,,6502,,6519
192,"Torres_KIO",,6,,6,,8,,7667,,775,,8,,12,,24,,52,,6,,64,,72,,2,,3429,,6303,,6732,,7011,,7579
193,"Torre_Picasso",,6,,7,,65,,7,,65,,64,,125,,25,,375,,4583,,5,,5417,,2069,,3684,,4756,,554,,5652,,5867
194,"The_Palace_of_Parliament_in_Bucharest",1,0,,8,,85,,9,,825,,82,,2,,28,,56,,6,,6,,68,,3333,,4148,,6752,,72,,6947,,7435
195,"Ernest_Hemingway_House",1,0,,7,,65,,6,,6,,62,,12,,2,,36,,44,,52,,56,,2143,,3111,,4634,,5077,,5571,,5885
196,"Castel_dellOvo_Napoli",,6,,6,,6,,6,,525,,54,,08,,16,,32,,4,,48,,6,,1412,,2526,,4174,,48,,5015,,5684
197,"Villa_Borghese_gardens",,8,,9,,75,,7667,,825,,82,,16,,28,,36,,48,,56,,64,,2667,,4271,,4865,,5904,,6671,,7189
198,"Saint_Marks_Basilica",,8,,7,,85,,8667,,875,,86,,16,,24,,48,,48,,56,,64,,2667,,3574,,6135,,6178,,6829,,7339
199,"Mausoleum_of_the_First_Qin_Emperor",1,0,,9,,9,,8667,,9,,9,,16,,28,,52,,64,,76,,76,,2759,,4271,,6592,,7363,,8241,,8241
200,"Mausoleum_of_Hadrian",,4,,7,,6,,6333,,625,,66,,1111,,3333,,5,,6667,,6667,,6667,,1739,,4516,,5455,,6496,,6452,,6633
201,"Piazza_de_Ferrari",,8,,9,,8,,8333,,825,,84,,1579,,3684,,5789,,7368,,7895,,7895,,2637,,5228,,6718,,7821,,8068,,814
202,"George_Washington_Carver",,4,,3,,35,,3333,,35,,32,,125,,1875,,375,,4375,,5625,,5625,,1905,,2308,,3621,,3784,,4315,,4079
203,"Cathedral_of_Santiago_de_Compostela",1,0,,8,,75,,7,,65,,64,,2353,,2941,,4706,,6471,,6471,,7059,,381,,4301,,5783,,6725,,6485,,6713
204,"Saint-Jacques_Tower",,8,,8,,8,,7,,7,,66,,1538,,3077,,6923,,8462,,8462,,8462,,2581,,4444,,7423,,7662,,7662,,7416
205,"Calakmul_Campeche_Mexico",,2,,4,,3,,3333,,3,,36,,0714,,2143,,2857,,4286,,5,,6429,,1053,,2791,,2927,,375,,375,,4615
206,"Bran_Castle_in_Transylvania",,8,,9,,85,,8667,,9,,88,,1579,,3684,,5789,,6842,,7368,,7368,,2637,,5228,,6888,,7647,,8103,,8021
207,"Mosteiro_da_Batalha",1,0,1,0,1,0,1,0,1,0,1,0,,2632,,3684,,5789,,5789,,6316,,6842,,4167,,5385,,7333,,7333,,7742,,8125
208,"Wartburg_Castle",,8,,7,,75,,8333,,825,,82,,2,,3,,4,,55,,6,,6,,32,,42,,5217,,6627,,6947,,693
209,"Fujian_Tulou_Fujian_China",,8,,9,,9,,9333,,875,,9,,2222,,3889,,4444,,6111,,6667,,7222,,3478,,5431,,595,,7386,,7568,,8014
210,"Alabama_State_Capitol",,8,,8,,6,,6333,,55,,5,,1429,,2381,,4286,,5238,,5238,,5714,,2424,,367,,5,,5734,,5366,,5333
211,"Palazzo_dAccursio",,6,,7,,5,,5,,5,,52,,1667,,2778,,2778,,3889,,3889,,4444,,2609,,3977,,3571,,4375,,4375,,4793
212,"Casa_Grande_Ruins",,6,,7,,7,,7333,,7,,72,,1765,,2941,,2941,,4706,,5294,,5882,,2727,,4142,,4142,,5733,,6029,,6475
213,"Stravinsky_Fountain",,6,,7,,7,,7333,,65,,68,,1333,,2667,,3333,,4,,4,,5333,,2182,,3862,,4516,,5176,,4952,,5978
214,"Angel_Falls_Venezuela",,4,,5,,5,,5333,,55,,56,,1176,,2353,,3529,,4706,,5294,,6471,,1818,,32,,4138,,5,,5395,,6004
215,"Statue_of_George_IV",,2,,2,,15,,1667,,2,,18,,125,,25,,375,,375,,375,,375,,1538,,2222,,2143,,2308,,2609,,2432
216,"Palacio_Barolo",,8,,8,,9,,9333,,95,,94,,2353,,4118,,5882,,7059,,8235,,8824,,3636,,5437,,7115,,8038,,8823,,9103
217,"Bridge_of_Remembrance_Christchurch_New_Zealand",,0,,0,,05,,0333,,025,,02,,0,,0,,0833,,0833,,0833,,0833,,0,,0,,0625,,0476,,0385,,0323
218,"John_A._Roebling_Suspension_Bridge",,6,,7,,7,,7333,,675,,66,,0667,,2667,,6667,,7333,,7333,,8,,12,,3862,,6829,,7333,,703,,7233
219,"Blue_Dome_Santorini",,8,,5,,45,,5333,,5,,5,,1875,,25,,375,,625,,6875,,6875,,3038,,3333,,4091,,5755,,5789,,5789
220,"Fossar_de_les_Moreres",,4,,7,,6,,6667,,65,,62,,1429,,3571,,3571,,5714,,5714,,6429,,2105,,473,,4478,,6154,,6082,,6312
221,"Luxor_Obelisk_France",,8,,9,,85,,8333,,85,,78,,25,,3125,,4375,,4375,,4375,,4375,,381,,4639,,5777,,5738,,5777,,5606
222,"Valle_de_los_Caidos",1,0,1,0,,85,,9,,875,,88,,2,,25,,4,,55,,55,,65,,3333,,4,,544,,6828,,6754,,7477
--------------------
"--","Avg.",P@5,P@10,P@20,P@30,P@40,P@50,CR@5,CR@10,CR@20,CR@30,CR@40,CR@50,F1@5,F1@10,F1@20,F1@30,F1@40,F1@50
,,,7207,,6905,,6797,,682,,6803,,676,,1501,,2585,,4109,,513,,5814,,6301,,2448,,3707,,5027,,5747,,6148,,6393