--------------------
"Run name","output_runCOSINEDtrs"
--------------------
"Average P@20 = ",,7773
"Average CR@20 = ",,3905
"Average F1@20 = ",,5067
--------------------
"Query Id ","Location name",P@5,P@10,P@20,P@30,P@40,P@50,CR@5,CR@10,CR@20,CR@30,CR@40,CR@50,F1@5,F1@10,F1@20,F1@30,F1@40,F1@50
1,"angel_of_the_north",1,0,1,0,1,0,1,0,1,0,1,0,,16,,32,,48,,6,,72,,72,,2759,,4848,,6486,,75,,8372,,8372
2,"big_ben",,8,,8,,8,,8667,,875,,86,,1364,,2727,,4545,,5909,,5909,,5909,,233,,4068,,5797,,7027,,7054,,7005
3,"hearst_castle",1,0,1,0,,95,,9333,,95,,94,,1667,,3333,,5833,,6667,,7083,,75,,2857,,5,,7228,,7778,,8116,,8343
4,"la_madeleine",,2,,1,,05,,1667,,325,,4,,0714,,0714,,0714,,2143,,5,,6429,,1053,,0833,,0588,,1875,,3939,,4932
5,"pont_alexandre_iii",1,0,,9,,95,,9333,,925,,94,,16,,28,,56,,64,,72,,72,,2759,,4271,,7046,,7593,,8097,,8154
6,"neues_museum",,0,,0,,0,,1667,,25,,4,,0,,0,,0,,08,,2,,48,,0,,0,,0,,1081,,2222,,4364
7,"montezuma_castle",,8,,7,,65,,6667,,5,,52,,25,,4167,,6667,,75,,75,,8333,,381,,5224,,6582,,7059,,6,,6404
8,"cn_tower",,4,,5,,55,,6333,,7,,74,,0833,,1667,,2917,,375,,5833,,625,,1379,,25,,3812,,4711,,6364,,6777
9,"acropolis_athens",,8,,6,,7,,7333,,75,,76,,1429,,2381,,381,,5238,,5714,,5714,,2424,,3409,,4934,,6111,,6486,,6524
10,"agra_fort",,8,,9,,8,,8,,8,,84,,16,,24,,28,,44,,6,,72,,2667,,3789,,4148,,5677,,6857,,7754
11,"albert_memorial",,8,,8,,8,,8667,,85,,8,,1818,,2727,,4091,,4545,,5455,,5455,,2963,,4068,,5414,,5963,,6645,,6486
12,"altes_museum",1,0,1,0,,85,,6667,,5,,48,,1667,,25,,4167,,5,,5,,5833,,2857,,4,,5592,,5714,,5,,5266
13,"amiens_cathedral",,8,,9,,95,,9667,,975,,98,,12,,32,,52,,64,,76,,84,,2087,,4721,,6721,,7701,,8542,,9046
14,"angkor_wat",1,0,,9,,65,,6,,675,,74,,12,,2,,32,,4,,56,,56,,2143,,3273,,4289,,48,,6121,,6375
15,"ara_pacis",,6,,7,,65,,6333,,675,,7,,1364,,3182,,4545,,5909,,5909,,6818,,2222,,4375,,535,,6114,,6302,,6908
16,"arc_de_triomphe",1,0,,8,,7,,7,,675,,66,,2083,,3333,,5417,,625,,625,,75,,3448,,4706,,6107,,6604,,649,,7021
17,"aztec_ruins",,6,,5,,45,,4667,,475,,38,,12,,2,,28,,4,,48,,48,,2,,2857,,3452,,4308,,4775,,4242
18,"berlin_cathedral",,8,,9,,9,,9,,925,,94,,16,,36,,52,,52,,6,,64,,2667,,5143,,6592,,6592,,7279,,7615
19,"bok_tower_gardens",,8,,9,,95,,9,,85,,88,,16,,28,,4,,52,,64,,72,,2667,,4271,,563,,6592,,7302,,792
20,"brandenburg_gate",,8,,8,,9,,9333,,95,,96,,16,,24,,36,,48,,56,,6,,2667,,3692,,5143,,634,,7046,,7385
21,"cabrillo",,0,,1,,2,,1667,,125,,1,,0,,0769,,3077,,3077,,3077,,3077,,0,,087,,2424,,2162,,1778,,1509
22,"casa_batllo",1,0,1,0,,95,,9667,,975,,98,,2,,32,,48,,6,,64,,68,,3333,,4848,,6378,,7404,,7728,,8029
23,"casa_rosada",,6,,7,,85,,9,,925,,94,,08,,12,,28,,48,,6,,64,,1412,,2049,,4212,,6261,,7279,,7615
24,"castillo_de_san_marcos",1,0,,9,,55,,5667,,65,,6,,16,,24,,28,,36,,48,,56,,2759,,3789,,3711,,4403,,5522,,5793
25,"chartres_cathedral",1,0,1,0,1,0,,9667,,975,,94,,12,,2,,44,,68,,72,,76,,2143,,3333,,6111,,7984,,8283,,8405
26,"chichen_itza",,8,,9,,95,,9,,85,,84,,16,,32,,48,,52,,6,,6,,2667,,4721,,6378,,6592,,7034,,7
27,"christ_the_redeemer_rio",,4,,6,,7,,5667,,525,,52,,0435,,1739,,2609,,3043,,3913,,5217,,0784,,2697,,3801,,396,,4484,,5209
28,"civic_center_san_francisco",1,0,,9,,7,,6333,,7,,72,,2,,28,,4,,4,,56,,64,,3333,,4271,,5091,,4903,,6222,,6776
29,"cologne_cathedral",1,0,1,0,1,0,,9667,,975,,96,,12,,24,,4,,44,,52,,6,,2143,,3871,,5714,,6047,,6783,,7385
30,"colosseum",1,0,1,0,1,0,1,0,1,0,1,0,,2,,32,,4,,56,,64,,64,,3333,,4848,,5714,,7179,,7805,,7805
31,"doge_s_palace",1,0,1,0,1,0,,8,,725,,78,,12,,2,,32,,44,,48,,48,,2143,,3333,,4848,,5677,,5776,,5943
32,"eiffel_tower",1,0,,9,,85,,8333,,825,,8,,12,,2,,44,,56,,6,,64,,2143,,3273,,5798,,6699,,6947,,7111
33,"golden_gate_bridge",1,0,1,0,,85,,8667,,8,,78,,2174,,3478,,4348,,4783,,5217,,6522,,3571,,5161,,5753,,6164,,6316,,7104
34,"grand_palais",1,0,,9,,9,,8667,,9,,92,,0455,,1364,,3636,,4091,,5,,5455,,087,,2368,,518,,5558,,6429,,6849
35,"guggenheim_museum_bilbao",1,0,1,0,1,0,1,0,1,0,1,0,,12,,16,,36,,44,,52,,6,,2143,,2759,,5294,,6111,,6842,,75
36,"hagia_sophia_istanbul",1,0,1,0,1,0,1,0,1,0,,94,,12,,2,,32,,48,,52,,6,,2143,,3333,,4848,,6486,,6842,,7325
37,"hoover_dam",1,0,1,0,,95,,9667,,925,,92,,16,,2,,36,,48,,52,,56,,2759,,3333,,5221,,6415,,6657,,6962
38,"humayun_tomb",,8,,8,,85,,7333,,75,,74,,16,,32,,44,,56,,68,,76,,2667,,4571,,5798,,6351,,7133,,7499
39,"iguazu_falls",,6,,6,,65,,7333,,775,,78,,12,,24,,4,,48,,64,,72,,2,,3429,,4952,,5802,,7011,,7488
40,"iolani_palace",1,0,,8,,8,,8333,,875,,88,,16,,28,,44,,56,,68,,84,,2759,,4148,,5677,,6699,,7653,,8595
41,"la_mezquita",,6,,5,,45,,5,,55,,54,,125,,2083,,3333,,5417,,7083,,75,,2069,,2941,,383,,52,,6192,,6279
42,"la_rambla_barcelona",,8,,9,,95,,9667,,9,,92,,12,,24,,36,,44,,52,,56,,2087,,3789,,5221,,6047,,6592,,6962
43,"la_sainte_chapelle",1,0,1,0,1,0,1,0,1,0,1,0,,2,,32,,52,,6,,64,,68,,3333,,4848,,6842,,75,,7805,,8095
44,"liberty_memorial",,6,,7,,8,,7333,,625,,7,,08,,2,,28,,32,,36,,48,,1412,,3111,,4148,,4456,,4569,,5695
45,"lincoln_home",1,0,1,0,,9,,9333,,9,,92,,2778,,3333,,5,,6667,,7222,,8333,,4348,,5,,6429,,7778,,8014,,8745
46,"machu_picchu",1,0,1,0,,7,,6667,,675,,68,,16,,28,,4,,44,,48,,6,,2759,,4375,,5091,,5301,,561,,6375
47,"marble_arch_london",,8,,9,,7,,6333,,475,,4,,3333,,5,,5833,,75,,75,,75,,4706,,6429,,6364,,6867,,5816,,5217
48,"milan_cathedral",1,0,1,0,,95,,8333,,85,,88,,12,,24,,32,,48,,64,,68,,2143,,3871,,4787,,6091,,7302,,7672
49,"mole_antonelliana",1,0,1,0,,85,,9,,75,,7,,12,,2,,2,,36,,4,,48,,2143,,3333,,3238,,5143,,5217,,5695
50,"mont_saint_michel",1,0,1,0,1,0,1,0,,975,,98,,12,,2,,4,,44,,48,,6,,2143,,3333,,5714,,6111,,6433,,7443
51,"moulin_rouge",,2,,1,,1,,0667,,05,,04,,125,,125,,25,,25,,25,,25,,1538,,1111,,1429,,1053,,0833,,069
52,"nelson_s_column",,8,,9,,95,,9667,,975,,98,,0417,,1667,,2917,,4583,,5417,,5833,,0792,,2812,,4463,,6218,,6964,,7313
53,"notre_dame_de_paris",,6,,8,,75,,7667,,825,,84,,12,,24,,32,,4,,56,,68,,2,,3692,,4486,,5257,,6671,,7516
54,"obelisco",,4,,3,,25,,1667,,15,,22,,1818,,2727,,3636,,3636,,4545,,5455,,25,,2857,,2963,,2286,,2256,,3135
55,"piccadilly_circus",1,0,,8,,75,,8,,8,,78,,1739,,3043,,3913,,4783,,6087,,7391,,2963,,4409,,5143,,5986,,6914,,759
56,"place_de_la_concorde",1,0,1,0,1,0,1,0,,975,,98,,12,,16,,28,,44,,56,,64,,2143,,2759,,4375,,6111,,7114,,7743
57,"place_de_la_republique",,2,,2,,15,,2,,175,,24,,125,,25,,375,,5,,5,,75,,1538,,2222,,2143,,2857,,2593,,3636
58,"place_des_vosges",1,0,,7,,75,,8333,,875,,9,,08,,12,,24,,4,,52,,68,,1481,,2049,,3636,,5405,,6523,,7747
59,"pont_du_gard",,8,,9,,75,,8333,,85,,88,,12,,28,,32,,44,,48,,6,,2087,,4271,,4486,,5759,,6135,,7135
60,"pont_neuf",1,0,1,0,,9,,8667,,875,,74,,12,,24,,4,,56,,64,,64,,2143,,3871,,5538,,6804,,7393,,6864
61,"ponte_vecchio",1,0,,9,,95,,9,,925,,86,,125,,1667,,3333,,4583,,5417,,5833,,2222,,2812,,4935,,6074,,6832,,6952
62,"puerta_de_alcala",,2,,2,,35,,4667,,55,,6,,0526,,1053,,3158,,3158,,4737,,6316,,0833,,1379,,332,,3767,,509,,6154
63,"puerta_del_sol",,8,,9,,65,,6333,,475,,4,,1,,25,,3,,4,,4,,4,,1778,,3913,,4105,,4903,,4343,,4
64,"red_fort",1,0,1,0,1,0,1,0,1,0,1,0,,16,,32,,4,,6,,72,,76,,2759,,4848,,5714,,75,,8372,,8636
65,"reims_cathedral",,8,,8,,9,,9333,,95,,96,,16,,24,,44,,52,,56,,6,,2667,,3692,,591,,6679,,7046,,7385
66,"rialto_bridge",1,0,1,0,,95,,7667,,75,,7,,125,,25,,4375,,4375,,6875,,6875,,2222,,4,,5991,,5571,,7174,,6937
67,"roman_forum_rome",,6,,7,,8,,8,,675,,72,,12,,16,,4,,48,,48,,6,,2,,2605,,5333,,6,,561,,6545
68,"sacre_coeur",,8,,7,,5,,4333,,475,,46,,125,,1667,,2083,,25,,375,,375,,2162,,2692,,2941,,3171,,4191,,4132
69,"sagrada_familia",,8,,9,,85,,8667,,875,,9,,16,,32,,44,,52,,6,,64,,2667,,4721,,5798,,65,,7119,,7481
70,"santa_maria_novella",,8,,5,,3,,5333,,625,,62,,12,,16,,2,,36,,44,,48,,2087,,2424,,24,,4299,,5164,,5411
71,"schonbrunn_palace",1,0,1,0,1,0,1,0,1,0,1,0,,2,,36,,52,,68,,72,,84,,3333,,5294,,6842,,8095,,8372,,913
72,"seville_cathedral",,6,,7,,8,,8667,,875,,9,,12,,24,,4,,48,,56,,64,,2,,3574,,5333,,6178,,6829,,7481
73,"spanish_steps",,6,,7,,85,,7,,725,,66,,1364,,2273,,4091,,4545,,6364,,6818,,2222,,3431,,5523,,5512,,6778,,6707
74,"st__basil_cathedral",1,0,1,0,1,0,,9667,,975,,92,,2,,32,,48,,6,,68,,76,,3333,,4848,,6486,,7404,,8012,,8324
75,"statue_of_liberty",1,0,1,0,,95,,9,,8,,8,,12,,16,,32,,44,,48,,56,,2143,,2759,,4787,,591,,6,,6588
76,"stonehenge",1,0,,7,,7,,7333,,6,,52,,1579,,2105,,3158,,5263,,5263,,5789,,2727,,3237,,4352,,6128,,5607,,5479
77,"summer_palace_beijing",1,0,1,0,1,0,,9667,,975,,96,,12,,24,,36,,44,,56,,6,,2143,,3871,,5294,,6047,,7114,,7385
78,"sydney_opera_house",1,0,1,0,,95,,9667,,975,,9,,16,,28,,4,,44,,48,,56,,2759,,4375,,563,,6047,,6433,,6904
79,"teotihuacan",,8,,7,,7,,6333,,6,,6,,16,,28,,4,,52,,56,,6,,2667,,4,,5091,,5711,,5793,,6
80,"terracotta_army",,6,,4,,5,,5,,525,,42,,15,,2,,45,,6,,7,,7,,24,,2667,,4737,,5455,,6,,525
81,"the_blue_mosque",,6,,8,,85,,8667,,9,,9,,08,,16,,28,,4,,52,,6,,1412,,2667,,4212,,5474,,6592,,72
82,"the_henry_ford",,6,,6,,6,,6,,6,,56,,12,,24,,4,,48,,52,,64,,2,,3429,,48,,5333,,5571,,5973
83,"taj_mahal",,8,,9,,95,,9,,925,,92,,16,,32,,52,,56,,64,,68,,2667,,4721,,6721,,6904,,7565,,782
84,"tour_montparnasse",,8,,7,,5,,5333,,475,,44,,15,,3,,3,,45,,55,,55,,2526,,42,,375,,4881,,5098,,4889
85,"tower_bridge_london",,6,,7,,65,,7,,65,,62,,12,,24,,36,,52,,52,,56,,2,,3574,,4634,,5967,,5778,,5885
86,"trafalgar_square",,8,,6,,55,,6,,55,,62,,1364,,1818,,3182,,4545,,5,,5909,,233,,2791,,4031,,5172,,5238,,6051
87,"leaning_tower_of_pisa",,6,,5,,6,,6667,,675,,68,,12,,2,,4,,56,,6,,6,,2,,2857,,48,,6087,,6353,,6375
88,"hermitage_museum_saint_petersburg",1,0,1,0,,9,,7,,775,,82,,12,,24,,32,,36,,48,,6,,2143,,3871,,4721,,4755,,5928,,693
89,"jantar_mantar_jaipur",,6,,8,,75,,8333,,875,,88,,08,,28,,48,,56,,64,,76,,1412,,4148,,5854,,6699,,7393,,8156
90,"lake_titicaca_peru",,4,,5,,55,,5,,475,,48,,0417,,1667,,2917,,375,,5,,5417,,0755,,25,,3812,,4286,,4872,,509
91,"the_great_wall_of_china",,8,,9,,9,,8667,,9,,82,,16,,28,,36,,44,,64,,68,,2667,,4271,,5143,,5837,,7481,,7435
92,"grande_arche_paris",,6,,8,,6,,6,,575,,62,,12,,24,,32,,4,,48,,52,,2,,3692,,4174,,48,,5232,,5656
93,"el_angel_mexico",1,0,,8,,65,,6,,575,,58,,1905,,2381,,4286,,4762,,619,,8571,,32,,367,,5166,,531,,5962,,6918
94,"bibliotheque_nationale_de_france",,8,,8,,75,,6667,,7,,74,,16,,28,,4,,52,,64,,68,,2667,,4148,,5217,,5843,,6687,,7087
95,"kronborg_castle",,8,,7,,85,,8667,,825,,82,,125,,2083,,4167,,5417,,5833,,5833,,2162,,3211,,5592,,6667,,6834,,6817
96,"ajanta_caves",,6,,8,,75,,8333,,875,,9,,0909,,2727,,3182,,5455,,5909,,6364,,1579,,4068,,4468,,6593,,7054,,7456
97,"atomium",,8,,8,,85,,9,,925,,94,,1429,,2381,,381,,381,,4286,,4286,,2424,,367,,5261,,5353,,5858,,5887
98,"ellora_caves",1,0,1,0,1,0,1,0,1,0,,98,,1818,,2727,,4091,,4545,,6364,,6364,,3077,,4286,,5806,,625,,7778,,7717
99,"potala_palace",,8,,9,,95,,9,,925,,88,,1667,,2222,,2778,,4444,,4444,,5556,,2759,,3564,,4299,,595,,6004,,6811
100,"jokhang",1,0,,8,,75,,7,,7,,76,,2,,24,,44,,52,,52,,64,,3333,,3692,,5546,,5967,,5967,,6949
101,"rila_monastery",,4,,7,,65,,7333,,775,,8,,08,,24,,4,,4,,44,,52,,1333,,3574,,4952,,5176,,5613,,6303
102,"louvre_pyramid",,8,,8,,8,,8,,825,,82,,2222,,2222,,3889,,4444,,4444,,5,,3478,,3478,,5234,,5714,,5777,,6212
103,"brooklyn_bridge",,8,,8,,85,,8667,,85,,84,,1429,,2857,,4762,,5714,,6667,,6667,,2424,,4211,,6104,,6887,,7473,,7434
104,"tower_of_london",,6,,7,,8,,8,,75,,76,,0435,,087,,3478,,3478,,3913,,5217,,0811,,1547,,4848,,4848,,5143,,6187
105,"british_museum_london",1,0,1,0,1,0,1,0,1,0,,98,,15,,2,,4,,5,,6,,6,,2609,,3333,,5714,,6667,,75,,7443
106,"buckingham_palace",,2,,2,,4,,4,,425,,42,,05,,1,,3,,35,,4,,45,,08,,1333,,3429,,3733,,4121,,4345
107,"charles_bridge_prague",,4,,5,,6,,6333,,7,,68,,0833,,125,,25,,375,,4583,,4583,,1379,,2,,3529,,4711,,554,,5476
108,"champs_elysees_paris",,4,,5,,5,,4333,,425,,42,,1333,,2667,,4,,4667,,6,,6667,,2,,3478,,4444,,4494,,4976,,5153
109,"chrysler_building",,8,,9,,95,,9667,,975,,98,,1429,,3571,,5,,6429,,7143,,7143,,2424,,5114,,6552,,7722,,8245,,8263
110,"moma_new_york",,6,,7,,85,,9,,925,,9,,1053,,1579,,2632,,4211,,5789,,5789,,1791,,2577,,4019,,5737,,7122,,7046
111,"grand_central_terminal",1,0,,8,,85,,9,,925,,94,,2381,,2857,,4286,,4762,,5238,,5714,,3846,,4211,,5698,,6228,,6689,,7108
112,"houses_of_parliament",1,0,,9,,9,,8667,,875,,9,,2174,,3478,,3478,,3913,,4348,,5217,,3571,,5017,,5017,,5392,,5809,,6606
113,"alexanderplatz_berlin",,0,,0,,35,,5667,,6,,6,,0,,0,,16,,36,,4,,44,,0,,0,,2196,,4403,,48,,5077
114,"centre_pompidou",,6,,6,,7,,7,,675,,7,,1667,,3333,,3889,,5556,,6667,,7222,,2609,,4286,,5,,6195,,6708,,7109
115,"sydney_harbour_bridge",1,0,1,0,,95,,9667,,975,,96,,125,,375,,5,,625,,75,,75,,2222,,5455,,6552,,7592,,8478,,8421
116,"pier_39",1,0,1,0,,95,,9667,,975,,9,,1905,,2381,,381,,5238,,619,,6667,,32,,3846,,5438,,6794,,7573,,766
117,"coit_tower",1,0,,7,,75,,8,,675,,58,,2,,2,,3333,,4,,4667,,4667,,3333,,3111,,4615,,5333,,5518,,5172
118,"st_paul_s_cathedral_london",,8,,8,,8,,8333,,8,,8,,2353,,4118,,5294,,5882,,6471,,7059,,3636,,5437,,6372,,6897,,7154,,75
119,"cloud_gate",,4,,7,,85,,6,,475,,58,,1667,,25,,3333,,3333,,3333,,5,,2353,,3684,,4789,,4286,,3918,,537
120,"musee_d_orsay",1,0,1,0,,85,,8667,,9,,92,,0952,,1429,,3333,,5238,,5714,,6667,,1739,,25,,4789,,653,,699,,7731
121,"pike_place_market",,8,,8,,85,,9,,925,,9,,1429,,2381,,5238,,5714,,619,,619,,2424,,367,,6482,,699,,7417,,7335
122,"royal_palace_madrid",,6,,8,,9,,8667,,775,,78,,1364,,2273,,4091,,4091,,4545,,5455,,2222,,354,,5625,,5558,,573,,642
123,"sony_center_berlin",,8,,9,,95,,9667,,925,,94,,1429,,1429,,381,,4762,,5238,,5238,,2424,,2466,,5438,,6381,,6689,,6727
124,"red_square_moscow",,8,,8,,7,,6333,,675,,7,,1429,,1905,,3333,,381,,4762,,619,,2424,,3077,,4516,,4757,,5584,,657
125,"prague_castle",1,0,,8,,85,,9,,85,,82,,16,,28,,44,,56,,6,,68,,2759,,4148,,5798,,6904,,7034,,7435
126,"musee_du_louvre",1,0,1,0,,95,,9667,,95,,96,,16,,28,,44,,52,,52,,68,,2759,,4375,,6014,,6762,,6721,,7961
127,"millennium_bridge_london",1,0,,8,,8,,7667,,825,,84,,12,,2,,36,,52,,6,,64,,2143,,32,,4966,,6197,,6947,,7265
128,"casa_mila",1,0,,9,,9,,9333,,95,,94,,16,,28,,4,,44,,6,,68,,2759,,4271,,5538,,5981,,7355,,7891
129,"national_gallery_london",1,0,1,0,,85,,5667,,625,,68,,1818,,2727,,4091,,4091,,5,,6364,,3077,,4286,,5523,,4752,,5556,,6575
130,"national_mall",,8,,7,,75,,7333,,775,,76,,16,,24,,44,,56,,68,,76,,2667,,3574,,5546,,6351,,7244,,76
131,"london_city_hall",1,0,1,0,1,0,,9667,,925,,92,,2,,4,,5,,5,,55,,6,,3333,,5714,,6667,,6591,,6898,,7263
132,"holocaust_memorial",,6,,6,,5,,5667,,575,,56,,125,,1875,,25,,375,,5,,5,,2069,,2857,,3333,,4513,,5349,,5283
133,"columbus_circle",,4,,6,,5,,5,,475,,52,,04,,2,,32,,44,,48,,68,,0727,,3,,3902,,4681,,4775,,5893
134,"siegessaeule",1,0,1,0,1,0,1,0,,775,,68,,16,,2,,48,,64,,68,,72,,2759,,3333,,6486,,7805,,7244,,6994
135,"jardin_du_luxembourg",1,0,1,0,1,0,1,0,1,0,1,0,,12,,28,,44,,56,,68,,8,,2143,,4375,,6111,,7179,,8095,,8889
136,"merlion_singapore",,6,,7,,65,,6,,475,,42,,1364,,2273,,3636,,3636,,4091,,4091,,2222,,3431,,4664,,4528,,4396,,4145
137,"harrods_london",1,0,1,0,1,0,,8667,,775,,78,,16,,24,,44,,56,,6,,64,,2759,,3871,,6111,,6804,,6764,,7031
138,"metropolitan_museum_of_art_new_york",1,0,1,0,,95,,9667,,975,,98,,12,,24,,48,,56,,56,,64,,2143,,3871,,6378,,7092,,7114,,7743
139,"new_york_stock_exchange",,8,,6,,65,,6333,,6,,64,,2,,3,,55,,6,,65,,65,,32,,4,,5958,,6162,,624,,645
140,"stephansdom_vienna",1,0,1,0,1,0,1,0,1,0,1,0,,12,,28,,48,,56,,6,,68,,2143,,4375,,6486,,7179,,75,,8095
141,"hms_belfast",1,0,1,0,1,0,1,0,1,0,,96,,12,,16,,32,,44,,52,,56,,2143,,2759,,4848,,6111,,6842,,7074
142,"leicester_square",,6,,8,,9,,8,,8,,78,,12,,32,,4,,44,,52,,56,,2,,4571,,5538,,5677,,6303,,6519
143,"ciudad_de_las_artes_y_las_ciencias",1,0,,9,,9,,9,,925,,92,,16,,28,,36,,48,,6,,6,,2759,,4271,,5143,,6261,,7279,,7263
144,"topkapi_palace",1,0,1,0,,95,,9667,,95,,96,,2,,36,,48,,64,,8,,84,,3333,,5294,,6378,,7701,,8686,,896
145,"royal_albert_hall",1,0,,8,,9,,9,,85,,76,,12,,2,,4,,48,,56,,6,,2143,,32,,5538,,6261,,6752,,6706
146,"st_vitus_cathedral",,8,,9,,95,,9667,,975,,96,,16,,28,,32,,52,,52,,6,,2667,,4271,,4787,,6762,,6783,,7385
147,"castello_sforzesco",1,0,,9,,9,,8667,,9,,88,,12,,24,,4,,56,,56,,6,,2143,,3789,,5538,,6804,,6904,,7135
148,"rijksmuseum_amsterdam",1,0,1,0,1,0,1,0,1,0,1,0,,12,,2,,44,,52,,52,,56,,2143,,3333,,6111,,6842,,6842,,7179
149,"dam_square",,8,,6,,55,,5333,,575,,6,,12,,16,,32,,4,,6,,6,,2087,,2526,,4046,,4571,,5872,,6
150,"rathaus_vienna",1,0,1,0,1,0,,9,,85,,7,,16,,16,,16,,2,,32,,36,,2759,,2759,,2759,,3273,,465,,4755
151,"bath_abbey",1,0,,9,,95,,9667,,95,,96,,16,,28,,48,,56,,64,,64,,2759,,4271,,6378,,7092,,7648,,768
152,"salisbury_cathedral",1,0,1,0,1,0,1,0,1,0,1,0,,16,,2,,28,,28,,48,,52,,2759,,3333,,4375,,4375,,6486,,6842
153,"templo_de_debod",,0,,3,,35,,2333,,325,,46,,0,,0909,,1818,,1818,,3182,,3182,,0,,1395,,2393,,2044,,3216,,3762
154,"Niagara_Falls",,6,,7,,55,,6,,625,,56,,1364,,2273,,2727,,3636,,4091,,4545,,2222,,3431,,3646,,4528,,4945,,5018
155,"Golden_Gate_Bridge_in_San_Francisco",1,0,,9,,9,,9,,925,,94,,1364,,2273,,3636,,4545,,6364,,6364,,24,,3629,,518,,604,,754,,7589
156,"Neuschwanstein_Castle",1,0,,9,,95,,9667,,925,,88,,2,,24,,32,,36,,44,,52,,3333,,3789,,4787,,5246,,5963,,6537
157,"Christ_Church_Cathedral_Missouri",1,0,1,0,,9,,8,,725,,68,,2,,36,,48,,6,,64,,68,,3333,,5294,,6261,,6857,,6799,,68
158,"Mount_Rushmore_in_South_Dakota",1,0,,9,,85,,9,,925,,94,,16,,24,,32,,4,,52,,64,,2759,,3789,,465,,5538,,6657,,7615
159,"Puerta_de_Toledo",,0,,2,,15,,1,,075,,06,,0,1,0,1,0,1,0,1,0,1,0,,0,,3333,,2609,,1818,,1395,,1132
160,"Urquhart_Castle",1,0,1,0,,95,,8333,,8,,82,,1667,,375,,625,,625,,6667,,75,,2857,,5455,,754,,7143,,7273,,7834
161,"Gare_du_Nord_Paris",,8,,8,,65,,7667,,825,,86,,16,,2,,24,,28,,32,,32,,2667,,32,,3506,,4102,,4611,,4664
162,"Newgrange_in_Ireland",,0,,3,,5,,5667,,65,,68,,0,,125,,3333,,4167,,5417,,5833,,0,,1765,,4,,4802,,5909,,628
163,"Windmills_at_Kinderdijk",1,0,1,0,,95,,8333,,85,,84,,16,,24,,36,,4,,52,,56,,2759,,3871,,5221,,5405,,6453,,672
164,"Conciergerie",,8,,9,,95,,9667,,975,,98,,08,,24,,44,,56,,64,,72,,1455,,3789,,6014,,7092,,7728,,8301
165,"Palazzo_Madama",1,0,1,0,,85,,8667,,75,,74,,2273,,4091,,5455,,5909,,5909,,6818,,3704,,5806,,6645,,7027,,661,,7097
166,"Split_Rock_Lighthouse",1,0,1,0,1,0,,9667,,9,,88,,12,,2,,2,,24,,36,,4,,2143,,3333,,3333,,3845,,5143,,55
167,"The_Little_Mermaid_Denmark",,8,,7,,65,,7333,,8,,82,,2143,,2143,,4286,,5714,,8571,,8571,,338,,3281,,5166,,6423,,8276,,8382
168,"Great_Pyramid_of_Giza",,6,,8,,8,,6667,,625,,6,,1333,,3333,,5333,,5333,,5333,,5333,,2182,,4706,,64,,5926,,5755,,5647
169,"Pitti_Palace",,2,,6,,6,,5667,,6,,64,,0455,,1818,,3636,,4545,,4545,,5455,,0741,,2791,,4528,,5045,,5172,,589
170,"Georgia_State_Capitol",1,0,,6,,7,,7333,,7,,56,,2105,,2105,,2632,,3158,,3684,,3684,,3478,,3117,,3825,,4415,,4828,,4444
171,"Dome_des_Invalides",1,0,1,0,1,0,,9667,,975,,98,,16,,24,,4,,4,,44,,44,,2759,,3871,,5714,,5659,,6064,,6073
172,"Reggia_di_Caserta",1,0,,7,,55,,6,,475,,52,,16,,24,,36,,48,,52,,52,,2759,,3574,,4352,,5333,,4965,,52
173,"The_Burj_al_Arab_Hotel",,8,,8,,85,,8667,,875,,88,,16,,32,,44,,56,,68,,68,,2667,,4571,,5798,,6804,,7653,,7672
174,"Elephanta_Caves",1,0,1,0,1,0,,9667,,975,,98,,125,,25,,4583,,4583,,625,,7083,,2222,,4,,6286,,6218,,7617,,8223
175,"Basilica_of_Santa_Croce",1,0,1,0,1,0,1,0,1,0,,98,,2,,36,,52,,64,,76,,8,,3333,,5294,,6842,,7805,,8636,,8809
176,"Aachen_Cathedral",1,0,1,0,,95,,9333,,9,,92,,12,,28,,4,,44,,56,,64,,2143,,4375,,563,,5981,,6904,,7549
177,"Monument_to_the_Great_Fire_of_London",,8,,7,,75,,7,,675,,7,,12,,24,,44,,52,,56,,68,,2087,,3574,,5546,,5967,,6121,,6899
178,"Longmen_Grottoes",,8,,6,,65,,5333,,525,,52,,12,,2,,44,,48,,56,,64,,2087,,3,,5248,,5053,,5419,,5738
179,"Louisiana_State_Capitol",,6,,6,,5,,5,,5,,52,,12,,24,,4,,48,,52,,64,,2,,3429,,4444,,4898,,5098,,5738
180,"The_Great_Sphinx_at_Giza",1,0,1,0,,85,,8667,,85,,88,,12,,2,,28,,36,,56,,64,,2143,,3333,,4212,,5087,,6752,,7411
181,"Teatro_Real_Madrid",,8,,6,,75,,8333,,875,,86,,1739,,2174,,3913,,5652,,7826,,8261,,2857,,3191,,5143,,6736,,8262,,8427
182,"Palacio_de_la_Magdalena",,6,,7,,65,,6333,,7,,68,,12,,28,,44,,52,,64,,68,,2,,4,,5248,,5711,,6687,,68
183,"Sowjetisches_Ehrenmal",,8,,7,,5,,6333,,625,,58,,12,,2,,28,,4,,48,,52,,2087,,3111,,359,,4903,,543,,5484
184,"Cathedral_of_Trier",1,0,,9,,9,,8667,,9,,9,,2,,32,,44,,48,,6,,68,,3333,,4721,,591,,6178,,72,,7747
185,"Saint_Mary_of_the_Flower",,0,,4,,4,,3333,,3,,32,,0,,12,,24,,24,,28,,36,,0,,1846,,3,,2791,,2897,,3388
186,"Skellig_Michael",1,0,,8,,7,,8,,8,,74,,2,,28,,48,,56,,64,,68,,3333,,4148,,5695,,6588,,7111,,7087
187,"Chicago_Board_of_Trade_Building",1,0,1,0,1,0,,9667,,95,,88,,2273,,2727,,5455,,5909,,6364,,7273,,3704,,4286,,7059,,7335,,7622,,7964
188,"Pont_de_Normandie_France",1,0,1,0,1,0,,9667,,975,,98,,1579,,3684,,5789,,6842,,7895,,8421,,2727,,5385,,7333,,8013,,8725,,9058
189,"Palazzo_Rosso",,0,,0,,0,,0,,075,,08,,0,,0,,0,,0,,0833,,125,,0,,0,,0,,0,,0789,,0976
190,"Piazza_Vittorio_Veneto",,8,,9,,65,,6,,55,,54,,125,,3125,,375,,5625,,5625,,75,,2162,,4639,,4756,,5806,,5562,,6279
191,"Sforza_Castle",1,0,1,0,1,0,1,0,,975,,96,,12,,24,,32,,44,,48,,56,,2143,,3871,,4848,,6111,,6433,,7074
192,"Torres_KIO",1,0,1,0,,9,,9333,,925,,94,,16,,28,,4,,44,,52,,56,,2759,,4375,,5538,,5981,,6657,,7019
193,"Torre_Picasso",1,0,,8,,8,,8,,85,,86,,1667,,25,,375,,4167,,625,,7083,,2857,,381,,5106,,5479,,7203,,7768
194,"The_Palace_of_Parliament_in_Bucharest",1,0,,9,,95,,9667,,95,,96,,2,,2,,24,,24,,44,,68,,3333,,3273,,3832,,3845,,6014,,7961
195,"Ernest_Hemingway_House",,8,,9,,7,,7,,75,,78,,16,,28,,28,,44,,56,,64,,2667,,4271,,4,,5404,,6412,,7031
196,"Castel_dellOvo_Napoli",,4,,6,,6,,6667,,7,,74,,08,,2,,4,,52,,6,,68,,1333,,3,,48,,5843,,6462,,7087
197,"Villa_Borghese_gardens",1,0,1,0,1,0,1,0,1,0,1,0,,16,,28,,48,,68,,72,,84,,2759,,4375,,6486,,8095,,8372,,913
198,"Saint_Marks_Basilica",1,0,,8,,8,,8333,,85,,86,,16,,2,,4,,52,,64,,68,,2759,,32,,5333,,6404,,7302,,7595
199,"Mausoleum_of_the_First_Qin_Emperor",,6,,8,,8,,8333,,875,,84,,12,,32,,52,,56,,6,,64,,2,,4571,,6303,,6699,,7119,,7265
200,"Mausoleum_of_Hadrian",1,0,1,0,,9,,9,,875,,9,,1111,,2778,,4444,,5,,5556,,6111,,2,,4348,,595,,6429,,6796,,7279
201,"Piazza_de_Ferrari",1,0,1,0,,95,,9333,,95,,94,,2105,,3158,,3684,,5263,,5263,,5789,,3478,,48,,5309,,6731,,6774,,7166
202,"George_Washington_Carver",,2,,6,,75,,8,,7,,7,,0625,,1875,,375,,5,,5625,,625,,0952,,2857,,5,,6154,,6238,,6604
203,"Cathedral_of_Santiago_de_Compostela",,8,,8,,85,,7,,65,,64,,2353,,3529,,4118,,5294,,7059,,8235,,3636,,4898,,5548,,6029,,6768,,7203
204,"Saint-Jacques_Tower",,6,,7,,75,,7667,,775,,76,,1538,,2308,,4615,,6923,,6923,,8462,,2449,,3471,,5714,,7276,,7313,,8008
205,"Calakmul_Campeche_Mexico",,6,,8,,7,,7,,65,,66,,1429,,5,,6429,,6429,,7143,,7857,,2308,,6154,,6702,,6702,,6806,,7174
206,"Bran_Castle_in_Transylvania",1,0,,9,,85,,9,,9,,9,,1579,,2632,,3158,,3684,,4737,,6842,,2727,,4072,,4605,,5228,,6207,,7774
207,"Mosteiro_da_Batalha",1,0,1,0,1,0,1,0,1,0,1,0,,2632,,2632,,4211,,5789,,6842,,7368,,4167,,4167,,5926,,7333,,8125,,8485
208,"Wartburg_Castle",,8,,9,,9,,9333,,925,,9,,15,,25,,45,,55,,6,,7,,2526,,3913,,6,,6921,,7279,,7875
209,"Fujian_Tulou_Fujian_China",1,0,1,0,,9,,8667,,875,,8,,2222,,3333,,4444,,6111,,6667,,7222,,3636,,5,,595,,7168,,7568,,7591
210,"Alabama_State_Capitol",,4,,4,,55,,7,,775,,76,,0952,,1905,,4286,,5714,,8095,,8095,,1538,,2581,,4818,,6292,,7919,,784
211,"Palazzo_dAccursio",,8,,7,,5,,4667,,5,,5,,1667,,2222,,2222,,3889,,4444,,5,,2759,,3373,,3077,,4242,,4706,,5
212,"Casa_Grande_Ruins",,8,,8,,8,,8333,,825,,76,,1765,,2941,,3529,,4706,,5294,,5294,,2892,,4301,,4898,,6015,,645,,6241
213,"Stravinsky_Fountain",1,0,1,0,1,0,1,0,1,0,,96,,2,,2667,,4667,,5333,,6,,6,,3333,,4211,,6364,,6957,,75,,7385
214,"Angel_Falls_Venezuela",1,0,,7,,65,,7333,,625,,58,,2353,,2941,,4118,,5882,,6471,,7059,,381,,4142,,5042,,6528,,6358,,6368
215,"Statue_of_George_IV",,6,,6,,45,,4667,,4,,4,,375,,5,,5,,5,,625,,625,,4615,,5455,,4737,,4828,,4878,,4878
216,"Palacio_Barolo",,8,,8,,75,,7333,,8,,84,,1765,,4118,,5882,,6471,,7059,,7647,,2892,,5437,,6593,,6875,,75,,8006
217,"Bridge_of_Remembrance_Christchurch_New_Zealand",,6,,5,,55,,5333,,5,,5,,1667,,3333,,5,,5833,,6667,,75,,2609,,4,,5238,,5572,,5714,,6
218,"John_A._Roebling_Suspension_Bridge",,0,,1,,35,,4333,,5,,54,,0,,0667,,3333,,5333,,5333,,6,,0,,08,,3415,,4782,,5161,,5684
219,"Blue_Dome_Santorini",1,0,1,0,1,0,,9667,,95,,94,,3125,,5625,,6875,,75,,8125,,8125,,4762,,72,,8148,,8447,,8759,,8716
220,"Fossar_de_les_Moreres",,8,,9,,75,,7,,525,,48,,1429,,2857,,5714,,7143,,7143,,7143,,2424,,4337,,6486,,7071,,6052,,5742
221,"Luxor_Obelisk_France",1,0,,9,,95,,8667,,8,,84,,1875,,25,,3125,,4375,,5,,5625,,3158,,3913,,4703,,5815,,6154,,6738
222,"Valle_de_los_Caidos",1,0,1,0,,85,,9,,9,,88,,25,,4,,45,,6,,65,,65,,4,,5714,,5885,,72,,7548,,7477
--------------------
"--","Avg.",P@5,P@10,P@20,P@30,P@40,P@50,CR@5,CR@10,CR@20,CR@30,CR@40,CR@50,F1@5,F1@10,F1@20,F1@30,F1@40,F1@50
,,,7928,,7914,,7773,,7736,,7672,,7636,,1432,,2512,,3905,,4843,,5644,,6254,,2392,,3709,,5067,,5821,,6364,,6729