--------------------
"Run name","output_runCN3X3XBIndex"
--------------------
"Average P@20 = ",,7664
"Average CR@20 = ",,4312
"Average F1@20 = ",,541
--------------------
"Query Id ","Location name",P@5,P@10,P@20,P@30,P@40,P@50,CR@5,CR@10,CR@20,CR@30,CR@40,CR@50,F1@5,F1@10,F1@20,F1@30,F1@40,F1@50
1,"angel_of_the_north",1,0,1,0,1,0,,9667,,975,,98,,2,,32,,52,,56,,72,,72,,3333,,4848,,6842,,7092,,8283,,8301
2,"big_ben",1,0,,9,,8,,8333,,8,,82,,1818,,3182,,3636,,5,,5,,6364,,3077,,4701,,5,,625,,6154,,7166
3,"hearst_castle",1,0,,9,,9,,8667,,875,,88,,2083,,375,,5417,,7083,,75,,7917,,3448,,5294,,6763,,7795,,8077,,8335
4,"la_madeleine",,2,,6,,35,,3667,,325,,32,,0714,,2857,,2857,,3571,,4286,,5714,,1053,,3871,,3146,,3618,,3697,,4103
5,"pont_alexandre_iii",1,0,1,0,1,0,1,0,,975,,98,,2,,32,,52,,68,,72,,8,,3333,,4848,,6842,,8095,,8283,,8809
6,"neues_museum",,2,,4,,5,,5333,,55,,6,,04,,12,,28,,4,,52,,6,,0667,,1846,,359,,4571,,5346,,6
7,"montezuma_castle",,6,,6,,5,,5333,,575,,6,,0833,,3333,,4167,,5833,,6667,,75,,1463,,4286,,4545,,5572,,6174,,6667
8,"cn_tower",,8,,8,,8,,7667,,675,,66,,1667,,25,,375,,4583,,4583,,5833,,2759,,381,,5106,,5737,,546,,6193
9,"acropolis_athens",1,0,,9,,7,,7333,,75,,72,,1905,,2857,,381,,4286,,5238,,5714,,32,,4337,,4934,,541,,6168,,6372
10,"agra_fort",1,0,1,0,,95,,9333,,925,,92,,16,,28,,44,,52,,68,,8,,2759,,4375,,6014,,6679,,7838,,8558
11,"albert_memorial",,6,,7,,75,,7,,7,,74,,1364,,2273,,4091,,4545,,5455,,6364,,2222,,3431,,5294,,5512,,6131,,6843
12,"altes_museum",,8,,8,,85,,7667,,75,,72,,1667,,25,,5,,5417,,7083,,75,,2759,,381,,6296,,6348,,7286,,7347
13,"amiens_cathedral",1,0,1,0,,9,,9333,,95,,94,,2,,28,,56,,72,,84,,84,,3333,,4375,,6904,,8129,,8916,,8872
14,"angkor_wat",,6,,6,,8,,7667,,8,,8,,12,,24,,48,,6,,68,,76,,2,,3429,,6,,6732,,7351,,7795
15,"ara_pacis",1,0,,7,,7,,6667,,675,,7,,1818,,2727,,4545,,5455,,6818,,8182,,3077,,3925,,5512,,6,,6784,,7545
16,"arc_de_triomphe",,6,,6,,7,,7,,7,,64,,125,,2083,,375,,5,,625,,6667,,2069,,3093,,4884,,5833,,6604,,6531
17,"aztec_ruins",,2,,2,,2,,2667,,275,,3,,04,,08,,12,,24,,32,,44,,0667,,1143,,15,,2526,,2958,,3568
18,"berlin_cathedral",1,0,,9,,95,,9667,,95,,94,,16,,28,,48,,6,,64,,68,,2759,,4271,,6378,,7404,,7648,,7891
19,"bok_tower_gardens",1,0,1,0,1,0,,9667,,875,,9,,2,,32,,52,,64,,72,,76,,3333,,4848,,6842,,7701,,79,,8241
20,"brandenburg_gate",1,0,,9,,9,,9,,925,,92,,16,,28,,52,,64,,64,,72,,2759,,4271,,6592,,7481,,7565,,8078
21,"cabrillo",,2,,2,,1,,1,,1,,1,,0769,,1538,,1538,,2308,,3077,,3077,,1111,,1739,,1212,,1395,,1509,,1509
22,"casa_batllo",1,0,1,0,1,0,1,0,1,0,,96,,16,,32,,52,,6,,64,,72,,2759,,4848,,6842,,75,,7805,,8229
23,"casa_rosada",,8,,8,,85,,8333,,875,,86,,12,,28,,4,,64,,72,,72,,2087,,4148,,544,,724,,79,,7838
24,"castillo_de_san_marcos",,8,,6,,65,,6333,,625,,68,,16,,2,,32,,44,,56,,68,,2667,,3,,4289,,5193,,5907,,68
25,"chartres_cathedral",1,0,1,0,,95,,9667,,95,,96,,16,,32,,4,,56,,68,,68,,2759,,4848,,563,,7092,,7926,,7961
26,"chichen_itza",,8,,8,,75,,7333,,775,,78,,12,,2,,36,,52,,68,,72,,2087,,32,,4865,,6085,,7244,,7488
27,"christ_the_redeemer_rio",1,0,,7,,6,,6,,525,,5,,1304,,1739,,3478,,4348,,4783,,5217,,2308,,2786,,4404,,5042,,5005,,5106
28,"civic_center_san_francisco",,6,,6,,6,,6,,575,,58,,12,,24,,32,,44,,52,,6,,2,,3429,,4174,,5077,,5461,,5898
29,"cologne_cathedral",1,0,1,0,,95,,9667,,95,,94,,2,,28,,4,,52,,68,,72,,3333,,4375,,563,,6762,,7926,,8154
30,"colosseum",1,0,1,0,,95,,9667,,95,,92,,16,,28,,36,,6,,64,,64,,2759,,4375,,5221,,7404,,7648,,7549
31,"doge_s_palace",1,0,,9,,8,,8,,825,,8,,16,,28,,4,,48,,52,,56,,2759,,4271,,5333,,6,,6379,,6588
32,"eiffel_tower",1,0,1,0,1,0,,9667,,975,,94,,16,,28,,4,,48,,6,,6,,2759,,4375,,5714,,6415,,7429,,7325
33,"golden_gate_bridge",,8,,9,,9,,8333,,875,,88,,1739,,3478,,4348,,4783,,5652,,6087,,2857,,5017,,5863,,6077,,6868,,7196
34,"grand_palais",1,0,,8,,9,,9,,925,,92,,2273,,2727,,4091,,6364,,6364,,6364,,3704,,4068,,5625,,7456,,754,,7523
35,"guggenheim_museum_bilbao",1,0,1,0,,95,,9333,,95,,96,,12,,32,,44,,6,,64,,72,,2143,,4848,,6014,,7304,,7648,,8229
36,"hagia_sophia_istanbul",,8,,9,,95,,9667,,925,,94,,16,,2,,4,,56,,68,,72,,2667,,3273,,563,,7092,,7838,,8154
37,"hoover_dam",1,0,1,0,,95,,9,,925,,94,,16,,28,,44,,6,,68,,72,,2759,,4375,,6014,,72,,7838,,8154
38,"humayun_tomb",1,0,,9,,7,,7,,675,,7,,2,,36,,44,,52,,56,,64,,3333,,5143,,5404,,5967,,6121,,6687
39,"iguazu_falls",1,0,,9,,9,,8,,8,,74,,16,,28,,48,,56,,6,,64,,2759,,4271,,6261,,6588,,6857,,6864
40,"iolani_palace",,6,,8,,75,,7667,,7,,72,,12,,32,,44,,52,,68,,72,,2,,4571,,5546,,6197,,6899,,72
41,"la_mezquita",,8,,7,,75,,6,,6,,56,,1667,,25,,4583,,5,,5417,,5417,,2759,,3684,,569,,5455,,5693,,5507
42,"la_rambla_barcelona",1,0,,7,,75,,8,,8,,84,,12,,16,,36,,48,,52,,56,,2143,,2605,,4865,,6,,6303,,672
43,"la_sainte_chapelle",1,0,,9,,95,,9667,,975,,96,,12,,24,,48,,68,,8,,8,,2143,,3789,,6378,,7984,,8789,,8727
44,"liberty_memorial",,8,,6,,7,,7333,,725,,7,,12,,16,,32,,44,,48,,6,,2087,,2526,,4392,,55,,5776,,6462
45,"lincoln_home",,8,,8,,8,,8333,,725,,76,,2222,,3333,,6111,,7222,,8889,,8889,,3478,,4706,,6929,,7738,,7986,,8194
46,"machu_picchu",,2,,4,,65,,7,,75,,76,,04,,16,,44,,56,,6,,68,,0667,,2286,,5248,,6222,,6667,,7178
47,"marble_arch_london",,8,,6,,4,,3333,,325,,3,,3333,,5,,6667,,75,,75,,75,,4706,,5455,,5,,4615,,4535,,4286
48,"milan_cathedral",1,0,1,0,,9,,9333,,95,,92,,2,,32,,44,,64,,68,,72,,3333,,4848,,591,,7593,,7926,,8078
49,"mole_antonelliana",1,0,1,0,,9,,8667,,825,,82,,16,,24,,36,,4,,44,,48,,2759,,3871,,5143,,5474,,5739,,6055
50,"mont_saint_michel",1,0,1,0,,95,,9333,,9,,92,,2,,32,,44,,52,,56,,64,,3333,,4848,,6014,,6679,,6904,,7549
51,"moulin_rouge",,2,,1,,15,,1333,,15,,14,,125,,125,,375,,5,,5,,5,,1538,,1111,,2143,,2105,,2308,,2188
52,"nelson_s_column",,8,,9,,95,,9667,,95,,92,,1667,,2917,,4167,,5833,,625,,7083,,2759,,4406,,5793,,7276,,754,,8004
53,"notre_dame_de_paris",1,0,,9,,9,,9,,9,,9,,08,,2,,32,,6,,64,,68,,1481,,3273,,4721,,72,,7481,,7747
54,"obelisco",,0,,0,,05,,0333,,075,,08,,0,,0,,0909,,0909,,2727,,2727,,0,,0,,0645,,0488,,1176,,1237
55,"piccadilly_circus",1,0,1,0,,85,,8333,,725,,7,,1304,,2174,,5217,,6087,,6087,,6957,,2308,,3571,,6466,,7035,,6618,,6978
56,"place_de_la_concorde",1,0,,9,,95,,9667,,95,,96,,2,,32,,44,,56,,64,,72,,3333,,4721,,6014,,7092,,7648,,8229
57,"place_de_la_republique",,4,,2,,1,,1333,,1,,14,,25,,25,,25,,375,,375,,75,,3077,,2222,,1429,,1967,,1579,,236
58,"place_des_vosges",,4,,6,,6,,7333,,675,,7,,08,,12,,24,,52,,56,,64,,1333,,2,,3429,,6085,,6121,,6687
59,"pont_du_gard",,8,,8,,75,,7,,725,,72,,12,,28,,4,,44,,48,,56,,2087,,4148,,5217,,5404,,5776,,63
60,"pont_neuf",1,0,,8,,85,,8333,,825,,78,,16,,28,,44,,6,,68,,76,,2759,,4148,,5798,,6977,,7455,,7699
61,"ponte_vecchio",1,0,,9,,75,,7667,,7,,72,,125,,25,,4167,,5,,5417,,6667,,2222,,3913,,5357,,6053,,6107,,6923
62,"puerta_de_alcala",,6,,6,,5,,5333,,575,,56,,1579,,3158,,3158,,5263,,6316,,6842,,25,,4138,,3871,,5298,,602,,6159
63,"puerta_del_sol",,2,,2,,35,,4,,4,,38,,05,,1,,35,,4,,45,,5,,08,,1333,,35,,4,,4235,,4318
64,"red_fort",1,0,1,0,1,0,1,0,1,0,1,0,,2,,36,,52,,6,,64,,64,,3333,,5294,,6842,,75,,7805,,7805
65,"reims_cathedral",1,0,1,0,,9,,9333,,925,,92,,2,,32,,48,,52,,56,,6,,3333,,4848,,6261,,6679,,6976,,7263
66,"rialto_bridge",1,0,,8,,75,,7,,725,,64,,25,,3125,,625,,6875,,75,,75,,4,,4494,,6818,,6937,,7373,,6906
67,"roman_forum_rome",,6,,6,,65,,6667,,7,,7,,12,,24,,4,,56,,64,,68,,2,,3429,,4952,,6087,,6687,,6899
68,"sacre_coeur",,4,,4,,55,,5333,,5,,52,,0833,,1667,,4583,,5417,,5417,,625,,1379,,2353,,5,,5375,,52,,5677
69,"sagrada_familia",1,0,1,0,,9,,9333,,925,,92,,16,,28,,4,,52,,6,,64,,2759,,4375,,5538,,6679,,7279,,7549
70,"santa_maria_novella",,6,,6,,55,,5,,475,,48,,08,,16,,24,,28,,4,,4,,1412,,2526,,3342,,359,,4343,,4364
71,"schonbrunn_palace",1,0,1,0,,95,,9667,,95,,96,,2,,32,,44,,48,,6,,68,,3333,,4848,,6014,,6415,,7355,,7961
72,"seville_cathedral",,8,,9,,85,,9,,925,,92,,16,,32,,48,,56,,72,,76,,2667,,4721,,6135,,6904,,8097,,8324
73,"spanish_steps",,8,,8,,7,,7,,625,,66,,1364,,2273,,4545,,5,,5455,,6818,,233,,354,,5512,,5833,,5825,,6707
74,"st__basil_cathedral",1,0,1,0,,85,,9,,875,,86,,2,,36,,48,,56,,6,,64,,3333,,5294,,6135,,6904,,7119,,7339
75,"statue_of_liberty",1,0,,9,,8,,8,,825,,78,,16,,24,,4,,44,,6,,6,,2759,,3789,,5333,,5677,,6947,,6783
76,"stonehenge",,6,,7,,55,,5333,,525,,52,,1579,,3158,,4211,,4211,,4737,,4737,,25,,4352,,477,,4706,,498,,4958
77,"summer_palace_beijing",1,0,1,0,,95,,9333,,85,,84,,16,,24,,44,,52,,52,,64,,2759,,3871,,6014,,6679,,6453,,7265
78,"sydney_opera_house",1,0,1,0,,95,,9667,,95,,9,,16,,28,,44,,48,,56,,6,,2759,,4375,,6014,,6415,,7046,,72
79,"teotihuacan",,6,,5,,45,,5333,,575,,58,,12,,2,,28,,4,,48,,52,,2,,2857,,3452,,4571,,5232,,5484
80,"terracotta_army",,6,,4,,4,,5,,525,,56,,15,,2,,35,,55,,6,,6,,24,,2667,,3733,,5238,,56,,5793
81,"the_blue_mosque",,6,,7,,8,,8333,,85,,88,,12,,28,,4,,44,,52,,56,,2,,4,,5333,,5759,,6453,,6844
82,"the_henry_ford",,8,,8,,75,,7333,,65,,62,,12,,24,,32,,32,,4,,48,,2087,,3692,,4486,,4456,,4952,,5411
83,"taj_mahal",,8,,9,,85,,9,,875,,88,,16,,24,,48,,6,,64,,64,,2667,,3789,,6135,,72,,7393,,7411
84,"tour_montparnasse",,4,,5,,5,,5333,,5,,48,,1,,2,,35,,45,,55,,55,,16,,2857,,4118,,4881,,5238,,5126
85,"tower_bridge_london",,4,,5,,5,,5333,,6,,56,,08,,2,,36,,48,,52,,56,,1333,,2857,,4186,,5053,,5571,,56
86,"trafalgar_square",,4,,6,,6,,5667,,55,,58,,0909,,2273,,3182,,3636,,4091,,5,,1481,,3297,,4158,,443,,4692,,537
87,"leaning_tower_of_pisa",,4,,5,,6,,5667,,625,,62,,08,,2,,36,,44,,52,,6,,1333,,2857,,45,,4954,,5677,,6098
88,"hermitage_museum_saint_petersburg",1,0,,8,,8,,8333,,8,,78,,16,,24,,4,,56,,6,,64,,2759,,3692,,5333,,6699,,6857,,7031
89,"jantar_mantar_jaipur",1,0,,9,,8,,8333,,825,,82,,2,,32,,44,,6,,68,,76,,3333,,4721,,5677,,6977,,7455,,7889
90,"lake_titicaca_peru",,4,,3,,45,,4667,,45,,48,,0833,,125,,25,,4167,,5,,625,,1379,,1765,,3214,,4403,,4737,,543
91,"the_great_wall_of_china",,8,,8,,75,,7667,,8,,8,,12,,2,,4,,44,,56,,6,,2087,,32,,5217,,5591,,6588,,6857
92,"grande_arche_paris",,6,,6,,6,,5333,,575,,6,,08,,16,,32,,36,,4,,48,,1412,,2526,,4174,,4299,,4718,,5333
93,"el_angel_mexico",1,0,,8,,65,,7,,6,,56,,1905,,2857,,4762,,619,,619,,6667,,32,,4211,,5497,,657,,6094,,6087
94,"bibliotheque_nationale_de_france",,6,,6,,75,,7667,,825,,84,,12,,24,,36,,48,,6,,6,,2,,3429,,4865,,5904,,6947,,7
95,"kronborg_castle",,8,,6,,75,,7,,75,,74,,1667,,25,,4167,,5,,5,,5417,,2759,,3529,,5357,,5833,,6,,6255
96,"ajanta_caves",,8,,8,,9,,9,,9,,9,,1818,,3636,,5,,5909,,6364,,6818,,2963,,5,,6429,,7134,,7456,,7759
97,"atomium",1,0,1,0,,95,,9333,,9,,92,,2381,,3333,,381,,4762,,5238,,5714,,3846,,5,,5438,,6306,,6622,,705
98,"ellora_caves",1,0,1,0,,95,,9667,,95,,96,,1818,,2727,,4545,,5455,,6364,,6364,,3077,,4286,,6149,,6974,,7622,,7654
99,"potala_palace",1,0,,9,,8,,8,,8,,78,,2222,,2778,,5,,6667,,7222,,7222,,3636,,4245,,6154,,7273,,7591,,75
100,"jokhang",,8,,6,,65,,7333,,725,,74,,16,,24,,44,,56,,6,,72,,2667,,3429,,5248,,6351,,6566,,7299
101,"rila_monastery",,8,,8,,8,,8,,825,,84,,08,,12,,24,,32,,44,,48,,1455,,2087,,3692,,4571,,5739,,6109
102,"louvre_pyramid",1,0,1,0,,95,,9,,9,,9,,2222,,3889,,5,,5,,6111,,7778,,3636,,56,,6552,,6429,,7279,,8344
103,"brooklyn_bridge",1,0,1,0,1,0,1,0,1,0,,96,,2381,,2857,,5238,,5714,,5714,,619,,3846,,4444,,6875,,7273,,7273,,7527
104,"tower_of_london",,8,,8,,8,,8,,75,,72,,087,,1304,,3043,,4783,,5652,,6087,,1569,,2243,,4409,,5986,,6446,,6597
105,"british_museum_london",1,0,1,0,1,0,,9667,,975,,94,,2,,35,,45,,45,,5,,5,,3333,,5185,,6207,,6141,,661,,6528
106,"buckingham_palace",,4,,4,,45,,4333,,45,,4,,1,,2,,3,,35,,35,,35,,16,,2667,,36,,3872,,3937,,3733
107,"charles_bridge_prague",1,0,1,0,,8,,7333,,75,,72,,1667,,25,,3333,,4583,,5833,,5833,,2857,,4,,4706,,5641,,6562,,6445
108,"champs_elysees_paris",,6,,5,,5,,5333,,5,,46,,2,,2,,3333,,4667,,4667,,4667,,3,,2857,,4,,4978,,4828,,4633
109,"chrysler_building",1,0,1,0,1,0,1,0,1,0,,98,,2857,,3571,,7143,,8571,,8571,1,0,,4444,,5263,,8333,,9231,,9231,,9899
110,"moma_new_york",,8,,9,,7,,8,,85,,88,,1579,,1579,,2632,,3684,,5789,,6316,,2637,,2687,,3825,,5045,,6888,,7354
111,"grand_central_terminal",1,0,1,0,1,0,,9667,,975,,94,,1905,,2381,,5714,,5714,,7143,,7143,,32,,3846,,7273,,7183,,8245,,8117
112,"houses_of_parliament",1,0,1,0,,95,,9333,,95,,9,,1739,,2174,,3478,,3913,,4348,,4348,,2963,,3571,,5092,,5514,,5965,,5863
113,"alexanderplatz_berlin",,8,,8,,75,,6667,,675,,7,,16,,28,,4,,48,,48,,52,,2667,,4148,,5217,,5581,,561,,5967
114,"centre_pompidou",,6,,7,,8,,7,,65,,58,,1667,,3333,,5,,5556,,5556,,6111,,2609,,4516,,6154,,6195,,5991,,5951
115,"sydney_harbour_bridge",1,0,,9,,95,,9667,,975,,96,,25,,375,,5,,625,,6875,,6875,,4,,5294,,6552,,7592,,8064,,8012
116,"pier_39",1,0,,9,,9,,9333,,925,,92,,1905,,3333,,4286,,5714,,6667,,6667,,32,,4865,,5806,,7089,,7749,,7731
117,"coit_tower",,6,,7,,7,,6333,,6,,58,,2,,2667,,4,,4667,,4667,,6,,3,,3862,,5091,,5374,,525,,5898
118,"st_paul_s_cathedral_london",1,0,,9,,9,,8667,,825,,82,,2353,,3529,,4706,,5294,,5882,,7059,,381,,507,,618,,6573,,6868,,7587
119,"cloud_gate",,4,,7,,75,,7333,,775,,76,,1667,,3333,,4167,,4167,,4167,,5,,2353,,4516,,5357,,5314,,542,,6032
120,"musee_d_orsay",1,0,,8,,8,,8333,,825,,86,,1905,,2381,,4286,,5238,,5714,,6667,,32,,367,,5581,,6433,,6752,,7511
121,"pike_place_market",,8,,9,,9,,9,,85,,84,,1905,,3333,,4286,,5238,,5714,,619,,3077,,4865,,5806,,6622,,6834,,7128
122,"royal_palace_madrid",,6,,7,,8,,7333,,8,,8,,1364,,2727,,4091,,5,,6818,,7727,,2222,,3925,,5414,,5946,,7362,,7861
123,"sony_center_berlin",1,0,1,0,,95,,9667,,95,,96,,1905,,2857,,4762,,5238,,5238,,5238,,32,,4444,,6344,,6794,,6753,,6778
124,"red_square_moscow",,4,,6,,65,,6333,,7,,72,,0952,,2381,,4286,,4762,,619,,7143,,1538,,3409,,5166,,5436,,657,,7171
125,"prague_castle",,6,,8,,85,,8667,,875,,88,,12,,32,,52,,64,,68,,72,,2,,4571,,6453,,7363,,7653,,792
126,"musee_du_louvre",1,0,1,0,1,0,1,0,1,0,,98,,12,,28,,4,,52,,72,,72,,2143,,4375,,5714,,6842,,8372,,8301
127,"millennium_bridge_london",,4,,6,,7,,7667,,725,,74,,08,,2,,4,,52,,6,,64,,1333,,3,,5091,,6197,,6566,,6864
128,"casa_mila",1,0,1,0,1,0,,9667,,95,,96,,16,,28,,56,,64,,72,,8,,2759,,4375,,7179,,7701,,8192,,8727
129,"national_gallery_london",1,0,,8,,8,,8,,775,,7,,2273,,3182,,4545,,5455,,5909,,5909,,3704,,4553,,5797,,6486,,6705,,6408
130,"national_mall",,8,,9,,95,,8667,,85,,82,,16,,32,,48,,6,,72,,76,,2667,,4721,,6378,,7091,,7796,,7889
131,"london_city_hall",1,0,,8,,75,,7667,,825,,78,,15,,25,,45,,45,,55,,55,,2609,,381,,5625,,5671,,66,,6451
132,"holocaust_memorial",,8,,6,,5,,5,,475,,48,,25,,3125,,375,,5,,5625,,6875,,381,,411,,4286,,5,,5151,,5653
133,"columbus_circle",,8,,6,,6,,5333,,6,,6,,16,,24,,36,,4,,6,,64,,2667,,3429,,45,,4571,,6,,6194
134,"siegessaeule",,8,,8,,7,,7,,625,,6,,16,,24,,4,,56,,6,,68,,2667,,3692,,5091,,6222,,6122,,6375
135,"jardin_du_luxembourg",1,0,1,0,1,0,,9667,,975,,96,,16,,32,,56,,64,,8,,88,,2759,,4848,,7179,,7701,,8789,,9183
136,"merlion_singapore",,4,,3,,4,,3333,,4,,38,,0909,,1364,,2727,,2727,,5,,5,,1481,,1875,,3243,,3,,4444,,4318
137,"harrods_london",,8,,8,,85,,8,,8,,78,,16,,24,,52,,56,,64,,72,,2667,,3692,,6453,,6588,,7111,,7488
138,"metropolitan_museum_of_art_new_york",1,0,1,0,1,0,1,0,1,0,1,0,,2,,36,,48,,56,,64,,72,,3333,,5294,,6486,,7179,,7805,,8372
139,"new_york_stock_exchange",,8,,6,,8,,7,,65,,6,,2,,25,,5,,5,,55,,55,,32,,3529,,6154,,5833,,5958,,5739
140,"stephansdom_vienna",1,0,1,0,,95,,9333,,95,,92,,16,,28,,4,,56,,68,,76,,2759,,4375,,563,,7,,7926,,8324
141,"hms_belfast",1,0,1,0,,95,,9333,,95,,96,,12,,24,,4,,52,,68,,76,,2143,,3871,,563,,6679,,7926,,8484
142,"leicester_square",1,0,,9,,85,,8667,,85,,8,,2,,28,,44,,48,,52,,56,,3333,,4271,,5798,,6178,,6453,,6588
143,"ciudad_de_las_artes_y_las_ciencias",,8,,9,,9,,9,,9,,92,,16,,28,,48,,56,,64,,68,,2667,,4271,,6261,,6904,,7481,,782
144,"topkapi_palace",1,0,1,0,1,0,,9667,,95,,96,,12,,24,,4,,56,,6,,76,,2143,,3871,,5714,,7092,,7355,,8484
145,"royal_albert_hall",,8,,7,,75,,7667,,725,,68,,12,,16,,28,,44,,48,,52,,2087,,2605,,4078,,5591,,5776,,5893
146,"st_vitus_cathedral",,8,,9,,8,,8667,,9,,9,,12,,28,,36,,44,,68,,72,,2087,,4271,,4966,,5837,,7747,,8
147,"castello_sforzesco",,8,,9,,9,,9,,9,,92,,12,,24,,48,,52,,52,,64,,2087,,3789,,6261,,6592,,6592,,7549
148,"rijksmuseum_amsterdam",1,0,1,0,1,0,1,0,1,0,,98,,16,,2,,4,,52,,68,,72,,2759,,3333,,5714,,6842,,8095,,8301
149,"dam_square",,4,,7,,75,,7667,,675,,7,,08,,2,,44,,48,,52,,52,,1333,,3111,,5546,,5904,,5874,,5967
150,"rathaus_vienna",,8,,7,,7,,7,,7,,66,,16,,24,,36,,36,,44,,48,,2667,,3574,,4755,,4755,,5404,,5558
151,"bath_abbey",1,0,1,0,,95,,9667,,925,,94,,2,,32,,52,,6,,64,,72,,3333,,4848,,6721,,7404,,7565,,8154
152,"salisbury_cathedral",1,0,1,0,1,0,,9667,,975,,98,,12,,32,,48,,52,,56,,6,,2143,,4848,,6486,,6762,,7114,,7443
153,"templo_de_debod",,6,,5,,55,,5333,,5,,54,,1364,,2273,,4091,,4545,,5,,5455,,2222,,3125,,4692,,4908,,5,,5427
154,"Niagara_Falls",,6,,7,,65,,6667,,675,,66,,1364,,2273,,3636,,5,,5909,,6364,,2222,,3431,,4664,,5714,,6302,,648
155,"Golden_Gate_Bridge_in_San_Francisco",,8,,9,,95,,9667,,95,,96,,1364,,3182,,4091,,5455,,6818,,7273,,233,,4701,,5719,,6974,,7939,,8276
156,"Neuschwanstein_Castle",1,0,1,0,1,0,1,0,1,0,,98,,12,,32,,52,,6,,72,,72,,2143,,4848,,6842,,75,,8372,,8301
157,"Christ_Church_Cathedral_Missouri",1,0,,9,,95,,9,,925,,88,,16,,28,,48,,52,,6,,68,,2759,,4271,,6378,,6592,,7279,,7672
158,"Mount_Rushmore_in_South_Dakota",,8,,9,,95,,9333,,9,,9,,08,,24,,4,,6,,64,,76,,1455,,3789,,563,,7304,,7481,,8241
159,"Puerta_de_Toledo",,2,,1,,1,,0667,,075,,06,,5,,5,1,0,1,0,1,0,1,0,,2857,,1667,,1818,,125,,1395,,1132
160,"Urquhart_Castle",,4,,6,,65,,7667,,8,,82,,0833,,25,,4583,,625,,75,,75,,1379,,3529,,5376,,6886,,7742,,7834
161,"Gare_du_Nord_Paris",,6,,7,,8,,8,,75,,7,,12,,2,,36,,4,,44,,44,,2,,3111,,4966,,5333,,5546,,5404
162,"Newgrange_in_Ireland",,8,,6,,6,,6,,6,,6,,1667,,25,,3333,,4167,,4583,,4583,,2759,,3529,,4286,,4918,,5197,,5197
163,"Windmills_at_Kinderdijk",,8,,9,,85,,8667,,85,,84,,16,,24,,44,,52,,56,,68,,2667,,3789,,5798,,65,,6752,,7516
164,"Conciergerie",,8,,9,,95,,9667,,975,,98,,16,,28,,44,,6,,64,,76,,2667,,4271,,6014,,7404,,7728,,8561
165,"Palazzo_Madama",1,0,,8,,75,,6667,,65,,64,,1818,,3182,,5,,5909,,7273,,7727,,3077,,4553,,6,,6265,,6865,,7001
166,"Split_Rock_Lighthouse",1,0,,9,,75,,8,,8,,82,,08,,24,,32,,36,,4,,44,,1481,,3789,,4486,,4966,,5333,,5727
167,"The_Little_Mermaid_Denmark",1,0,,8,,65,,6333,,575,,56,,3571,,4286,,5714,,6429,,7143,,8571,,5263,,5581,,6082,,6381,,6371,,6774
168,"Great_Pyramid_of_Giza",,8,,5,,5,,6667,,625,,68,,2667,,2667,,4,,6667,,7333,,8,,4,,3478,,4444,,6667,,6748,,7351
169,"Pitti_Palace",,4,,5,,55,,6,,6,,64,,0455,,1818,,4091,,4545,,5,,6364,,0816,,2667,,4692,,5172,,5455,,6382
170,"Georgia_State_Capitol",,6,,7,,4,,4,,375,,34,,1053,,2105,,2632,,2632,,2632,,3158,,1791,,3237,,3175,,3175,,3093,,3274
171,"Dome_des_Invalides",1,0,1,0,1,0,,9667,,975,,98,,2,,32,,52,,6,,64,,72,,3333,,4848,,6842,,7404,,7728,,8301
172,"Reggia_di_Caserta",,8,,6,,7,,7,,625,,66,,16,,24,,44,,56,,56,,56,,2667,,3429,,5404,,6222,,5907,,6059
173,"The_Burj_al_Arab_Hotel",,8,,7,,7,,7333,,775,,76,,12,,2,,4,,48,,52,,6,,2087,,3111,,5091,,5802,,6224,,6706
174,"Elephanta_Caves",,8,,8,,8,,8,,775,,74,,1667,,2917,,5,,625,,6667,,6667,,2759,,4275,,6154,,7018,,7168,,7014
175,"Basilica_of_Santa_Croce",1,0,1,0,1,0,1,0,,975,,98,,16,,32,,44,,52,,52,,52,,2759,,4848,,6111,,6842,,6783,,6795
176,"Aachen_Cathedral",,8,,8,,9,,8667,,9,,88,,16,,24,,44,,52,,6,,64,,2667,,3692,,591,,65,,72,,7411
177,"Monument_to_the_Great_Fire_of_London",,6,,7,,75,,6333,,65,,66,,12,,24,,4,,48,,6,,68,,2,,3574,,5217,,5461,,624,,6699
178,"Longmen_Grottoes",,6,,6,,75,,7333,,7,,74,,12,,24,,48,,64,,72,,88,,2,,3429,,5854,,6835,,7099,,804
179,"Louisiana_State_Capitol",,0,,2,,35,,3667,,375,,4,,0,,08,,16,,24,,32,,48,,0,,1143,,2196,,2901,,3453,,4364
180,"The_Great_Sphinx_at_Giza",,6,,6,,7,,6667,,7,,7,,12,,24,,4,,52,,56,,6,,2,,3429,,5091,,5843,,6222,,6462
181,"Teatro_Real_Madrid",,8,,8,,75,,7333,,675,,66,,1739,,3478,,4783,,7391,,7826,,8261,,2857,,4848,,5841,,7362,,7248,,7338
182,"Palacio_de_la_Magdalena",,6,,7,,85,,8333,,775,,78,,12,,2,,52,,6,,64,,72,,2,,3111,,6453,,6977,,7011,,7488
183,"Sowjetisches_Ehrenmal",,6,,6,,65,,6333,,7,,7,,12,,24,,48,,52,,64,,68,,2,,3429,,5522,,5711,,6687,,6899
184,"Cathedral_of_Trier",1,0,1,0,1,0,,9667,,975,,96,,2,,24,,52,,68,,84,,88,,3333,,3871,,6842,,7984,,9025,,9183
185,"Saint_Mary_of_the_Flower",,4,,2,,35,,3,,35,,32,,08,,08,,12,,2,,32,,36,,1333,,1143,,1787,,24,,3343,,3388
186,"Skellig_Michael",,8,,6,,7,,7,,7,,74,,16,,24,,48,,6,,64,,76,,2667,,3429,,5695,,6462,,6687,,7499
187,"Chicago_Board_of_Trade_Building",1,0,1,0,,9,,8667,,8,,82,,1818,,2727,,4545,,6818,,6818,,7273,,3077,,4286,,604,,7632,,7362,,7709
188,"Pont_de_Normandie_France",1,0,1,0,,9,,8333,,8,,78,,2632,,4211,,6316,,6842,,8421,,8421,,4167,,5926,,7423,,7514,,8205,,8099
189,"Palazzo_Rosso",,0,,0,,05,,1,,1,,1,,0,,0,,0417,,125,,1667,,2083,,0,,0,,0455,,1111,,125,,1351
190,"Piazza_Vittorio_Veneto",,2,,3,,35,,3667,,375,,34,,0625,,125,,375,,4375,,5,,5625,,0952,,1765,,3621,,399,,4286,,4238
191,"Sforza_Castle",1,0,,9,,95,,9667,,925,,92,,16,,28,,48,,64,,64,,72,,2759,,4271,,6378,,7701,,7565,,8078
192,"Torres_KIO",,8,,9,,85,,8,,75,,76,,16,,32,,52,,56,,56,,56,,2667,,4721,,6453,,6588,,6412,,6448
193,"Torre_Picasso",1,0,1,0,,85,,8,,8,,82,,1667,,375,,5,,5417,,5833,,7083,,2857,,5455,,6296,,646,,6747,,7601
194,"The_Palace_of_Parliament_in_Bucharest",1,0,1,0,,95,,9,,85,,88,,16,,24,,48,,64,,68,,72,,2759,,3871,,6378,,7481,,7556,,792
195,"Ernest_Hemingway_House",1,0,,9,,9,,8333,,825,,82,,16,,32,,52,,6,,64,,68,,2759,,4721,,6592,,6977,,7208,,7435
196,"Castel_dellOvo_Napoli",1,0,,9,,85,,9,,85,,88,,2,,28,,44,,6,,68,,68,,3333,,4271,,5798,,72,,7556,,7672
197,"Villa_Borghese_gardens",1,0,1,0,,95,,9333,,95,,96,,2,,36,,48,,6,,8,,84,,3333,,5294,,6378,,7304,,8686,,896
198,"Saint_Marks_Basilica",1,0,,9,,9,,9,,925,,9,,16,,28,,44,,48,,52,,56,,2759,,4271,,591,,6261,,6657,,6904
199,"Mausoleum_of_the_First_Qin_Emperor",1,0,1,0,,85,,8333,,825,,78,,16,,24,,36,,48,,6,,64,,2759,,3871,,5058,,6091,,6947,,7031
200,"Mausoleum_of_Hadrian",,6,,7,,75,,6667,,675,,68,,1667,,3333,,5556,,5556,,6111,,6111,,2609,,4516,,6383,,6061,,6415,,6437
201,"Piazza_de_Ferrari",1,0,1,0,,95,,9333,,9,,9,,2632,,2632,,4211,,4737,,5263,,6316,,4167,,4167,,5835,,6284,,6642,,7423
202,"George_Washington_Carver",,6,,6,,6,,6333,,6,,58,,125,,3125,,5,,5,,5625,,625,,2069,,411,,5455,,5588,,5806,,6017
203,"Cathedral_of_Santiago_de_Compostela",,8,,9,,9,,8667,,825,,82,,2353,,4118,,7059,,7647,,7647,,8235,,3636,,565,,7912,,8125,,7937,,8218
204,"Saint-Jacques_Tower",,8,,8,,85,,8667,,9,,86,,3077,,4615,,6923,,8462,1,0,1,0,,4444,,5854,,7631,,8563,,9474,,9247
205,"Calakmul_Campeche_Mexico",1,0,,8,,8,,7667,,8,,78,,2143,,2857,,7143,,7143,,7857,,7857,,3529,,4211,,7547,,7395,,7928,,7828
206,"Bran_Castle_in_Transylvania",1,0,,8,,75,,8333,,825,,82,,1579,,2632,,3684,,4737,,5789,,6316,,2727,,396,,4941,,604,,6804,,7136
207,"Mosteiro_da_Batalha",1,0,1,0,1,0,1,0,1,0,1,0,,2632,,3684,,6316,,6842,,7368,,7368,,4167,,5385,,7742,,8125,,8485,,8485
208,"Wartburg_Castle",1,0,1,0,,95,,9333,,9,,88,,2,,3,,65,,7,,7,,8,,3333,,4615,,7719,,8,,7875,,8381
209,"Fujian_Tulou_Fujian_China",1,0,1,0,1,0,1,0,,95,,96,,2222,,3889,,4444,,6111,,6667,,7778,,3636,,56,,6154,,7586,,7835,,8593
210,"Alabama_State_Capitol",,6,,5,,65,,7333,,775,,76,,1429,,1905,,4286,,6667,,8095,,8095,,2308,,2759,,5166,,6984,,7919,,784
211,"Palazzo_dAccursio",1,0,,9,,8,,7667,,7,,66,,1667,,3333,,5,,5556,,6111,,6667,,2857,,4865,,6154,,6443,,6525,,6633
212,"Casa_Grande_Ruins",1,0,,8,,75,,7667,,75,,7,,2941,,2941,,3529,,4118,,4706,,5294,,4545,,4301,,48,,5358,,5783,,6029
213,"Stravinsky_Fountain",1,0,1,0,,9,,9,,85,,86,,2,,4,,4,,5333,,5333,,5333,,3333,,5714,,5538,,6698,,6554,,6584
214,"Angel_Falls_Venezuela",,8,,7,,6,,6,,6,,52,,2353,,3529,,5294,,5882,,7647,,8235,,3636,,4693,,5625,,5941,,6724,,6375
215,"Statue_of_George_IV",,6,,7,,55,,4667,,4,,4,,375,,625,,625,,625,,75,,875,,4615,,6604,,5851,,5344,,5217,,549
216,"Palacio_Barolo",,8,,8,,85,,8667,,9,,9,,1765,,3529,,4118,,5882,,6471,,7647,,2892,,4898,,5548,,7008,,7529,,8269
217,"Bridge_of_Remembrance_Christchurch_New_Zealand",,8,,9,,85,,8,,675,,62,,25,,4167,,75,,8333,,8333,,9167,,381,,5696,,7969,,8163,,7459,,7397
218,"John_A._Roebling_Suspension_Bridge",,4,,5,,4,,3667,,4,,4,,1333,,2667,,3333,,4,,6,,6667,,2,,3478,,3636,,3826,,48,,5
219,"Blue_Dome_Santorini",,8,,9,,95,,9667,,95,,96,,1875,,375,,625,,6875,,875,,875,,3038,,5294,,754,,8035,,911,,9155
220,"Fossar_de_les_Moreres",,6,,5,,35,,3333,,35,,34,,2143,,3571,,5,,5,,5714,,6429,,3158,,4167,,4118,,4,,4341,,4448
221,"Luxor_Obelisk_France",1,0,,9,,9,,8,,7,,72,,25,,3125,,375,,375,,4375,,4375,,4,,4639,,5294,,5106,,5385,,5443
222,"Valle_de_los_Caidos",1,0,1,0,,95,,9667,,925,,94,,2,,35,,5,,75,,75,,75,,3333,,5185,,6552,,8447,,8284,,8343
--------------------
"--","Avg.",P@5,P@10,P@20,P@30,P@40,P@50,CR@5,CR@10,CR@20,CR@30,CR@40,CR@50,F1@5,F1@10,F1@20,F1@30,F1@40,F1@50
,,,7937,,7761,,7664,,7623,,7543,,7488,,1605,,2691,,4312,,5282,,6002,,6545,,2617,,3925,,541,,6126,,6563,,6848