--------------------
"Run name","output_runCNN_ADSilhouette"
--------------------
"Average P@20 = ",,7831
"Average CR@20 = ",,403
"Average F1@20 = ",,5216
--------------------
"Query Id ","Location name",P@5,P@10,P@20,P@30,P@40,P@50,CR@5,CR@10,CR@20,CR@30,CR@40,CR@50,F1@5,F1@10,F1@20,F1@30,F1@40,F1@50
1,"angel_of_the_north",1,0,1,0,1,0,1,0,1,0,1,0,,16,,28,,48,,6,,68,,72,,2759,,4375,,6486,,75,,8095,,8372
2,"big_ben",1,0,1,0,,95,,9667,,925,,84,,1818,,3182,,4545,,5,,5455,,6364,,3077,,4828,,6149,,6591,,6862,,7241
3,"hearst_castle",1,0,,9,,8,,8667,,9,,92,,2083,,2917,,5417,,75,,8333,,875,,3448,,4406,,646,,8041,,8654,,8969
4,"la_madeleine",,0,,0,,0,,2333,,35,,44,,0,,0,,0,,2857,,5,,7143,,0,,0,,0,,2569,,4118,,5446
5,"pont_alexandre_iii",1,0,1,0,,95,,9667,,95,,96,,16,,32,,48,,6,,6,,64,,2759,,4848,,6378,,7404,,7355,,768
6,"neues_museum",,0,,0,,3,,4667,,55,,56,,0,,0,,2,,32,,48,,52,,0,,0,,24,,3797,,5126,,5393
7,"montezuma_castle",1,0,,9,,6,,6,,6,,6,,25,,5,,5,,5,,6667,,75,,4,,6429,,5455,,5455,,6316,,6667
8,"cn_tower",,6,,8,,75,,7,,675,,68,,125,,3333,,4583,,5,,5833,,7083,,2069,,4706,,569,,5833,,6258,,6939
9,"acropolis_athens",,6,,8,,9,,8333,,825,,8,,1429,,2857,,4762,,5238,,5714,,619,,2308,,4211,,6228,,6433,,6752,,698
10,"agra_fort",,6,,7,,8,,8667,,825,,86,,12,,24,,44,,6,,68,,72,,2,,3574,,5677,,7091,,7455,,7838
11,"albert_memorial",,8,,5,,7,,7333,,775,,82,,0909,,1364,,4091,,4091,,5909,,7273,,1633,,2143,,5164,,5252,,6705,,7709
12,"altes_museum",,8,,9,,85,,8,,8,,76,,1667,,375,,4167,,4583,,5,,5417,,2759,,5294,,5592,,5828,,6154,,6325
13,"amiens_cathedral",1,0,,9,,95,,9667,,975,,96,,16,,24,,52,,64,,72,,76,,2759,,3789,,6721,,7701,,8283,,8484
14,"angkor_wat",,8,,7,,65,,7333,,775,,8,,08,,16,,32,,44,,6,,64,,1455,,2605,,4289,,55,,6764,,7111
15,"ara_pacis",1,0,,8,,7,,6667,,675,,72,,2273,,2727,,5,,5909,,6818,,6818,,3704,,4068,,5833,,6265,,6784,,7004
16,"arc_de_triomphe",1,0,,9,,75,,7,,7,,72,,1667,,2917,,4167,,5417,,625,,625,,2857,,4406,,5357,,6107,,6604,,6691
17,"aztec_ruins",,0,,1,,1,,0667,,275,,28,,0,,04,,08,,08,,36,,36,,0,,0571,,0889,,0727,,3118,,315
18,"berlin_cathedral",1,0,1,0,,95,,9667,,975,,94,,16,,36,,4,,52,,6,,64,,2759,,5294,,563,,6762,,7429,,7615
19,"bok_tower_gardens",1,0,1,0,,95,,8333,,85,,88,,2,,36,,6,,6,,72,,76,,3333,,5294,,7355,,6977,,7796,,8156
20,"brandenburg_gate",1,0,,8,,9,,8667,,9,,92,,2,,2,,44,,48,,48,,68,,3333,,32,,591,,6178,,6261,,782
21,"cabrillo",,2,,1,,05,,1333,,15,,12,,0769,,0769,,0769,,3077,,3846,,3846,,1111,,087,,0606,,186,,2158,,1829
22,"casa_batllo",1,0,1,0,1,0,1,0,1,0,1,0,,16,,28,,48,,64,,72,,72,,2759,,4375,,6486,,7805,,8372,,8372
23,"casa_rosada",,8,,9,,85,,9,,875,,88,,12,,24,,4,,48,,64,,76,,2087,,3789,,544,,6261,,7393,,8156
24,"castillo_de_san_marcos",,6,,6,,8,,7667,,8,,78,,12,,24,,44,,52,,56,,68,,2,,3429,,5677,,6197,,6588,,7266
25,"chartres_cathedral",1,0,,9,,95,,9667,,975,,98,,16,,24,,44,,56,,68,,76,,2759,,3789,,6014,,7092,,8012,,8561
26,"chichen_itza",,8,,8,,85,,8,,85,,86,,12,,28,,48,,64,,68,,84,,2087,,4148,,6135,,7111,,7556,,8499
27,"christ_the_redeemer_rio",,4,,6,,55,,5333,,55,,54,,087,,1739,,3478,,4348,,5652,,6087,,1429,,2697,,4262,,479,,5575,,5723
28,"civic_center_san_francisco",,8,,7,,8,,8333,,875,,82,,16,,24,,44,,6,,6,,64,,2667,,3574,,5677,,6977,,7119,,7189
29,"cologne_cathedral",1,0,,9,,95,,9333,,95,,96,,2,,28,,36,,52,,64,,68,,3333,,4271,,5221,,6679,,7648,,7961
30,"colosseum",1,0,1,0,,95,,9667,,975,,98,,16,,28,,4,,56,,6,,64,,2759,,4375,,563,,7092,,7429,,7743
31,"doge_s_palace",1,0,1,0,,9,,8667,,9,,9,,16,,28,,4,,44,,52,,52,,2759,,4375,,5538,,5837,,6592,,6592
32,"eiffel_tower",1,0,1,0,1,0,1,0,,975,,96,,12,,2,,52,,6,,6,,64,,2143,,3333,,6842,,75,,7429,,768
33,"golden_gate_bridge",1,0,,8,,9,,8667,,85,,86,,1739,,2609,,3913,,4783,,5217,,6087,,2963,,3934,,5455,,6164,,6466,,7128
34,"grand_palais",1,0,1,0,,95,,9333,,95,,94,,1818,,2727,,3636,,5,,5909,,5909,,3077,,4286,,526,,6512,,7286,,7257
35,"guggenheim_museum_bilbao",1,0,1,0,,95,,9667,,95,,94,,08,,2,,36,,48,,56,,64,,1481,,3333,,5221,,6415,,7046,,7615
36,"hagia_sophia_istanbul",1,0,,9,,9,,9,,925,,94,,16,,24,,36,,48,,48,,64,,2759,,3789,,5143,,6261,,632,,7615
37,"hoover_dam",1,0,1,0,,95,,9667,,975,,96,,12,,2,,32,,44,,6,,72,,2143,,3333,,4787,,6047,,7429,,8229
38,"humayun_tomb",,8,,8,,85,,8333,,775,,8,,16,,28,,44,,56,,6,,76,,2667,,4148,,5798,,6699,,6764,,7795
39,"iguazu_falls",,8,,7,,8,,8,,775,,8,,16,,28,,48,,56,,6,,68,,2667,,4,,6,,6588,,6764,,7351
40,"iolani_palace",1,0,,7,,8,,7333,,75,,78,,2,,2,,4,,48,,64,,76,,3333,,3111,,5333,,5802,,6906,,7699
41,"la_mezquita",,8,,8,,6,,5333,,55,,56,,1667,,25,,2917,,375,,4583,,5833,,2759,,381,,3925,,4404,,5,,5714
42,"la_rambla_barcelona",,8,,9,,95,,8333,,85,,86,,12,,2,,4,,4,,44,,64,,2087,,3273,,563,,5405,,5798,,7339
43,"la_sainte_chapelle",1,0,1,0,,95,,9333,,925,,94,,12,,28,,48,,56,,68,,72,,2143,,4375,,6378,,7,,7838,,8154
44,"liberty_memorial",,6,,7,,75,,7667,,675,,64,,12,,16,,32,,4,,44,,44,,2,,2605,,4486,,5257,,5327,,5215
45,"lincoln_home",,8,,9,,8,,7667,,825,,82,,2222,,2778,,3889,,5556,,6667,,7222,,3478,,4245,,5234,,6443,,7374,,768
46,"machu_picchu",1,0,,9,,75,,7333,,675,,72,,2,,28,,36,,48,,56,,68,,3333,,4271,,4865,,5802,,6121,,6994
47,"marble_arch_london",,8,,7,,65,,5333,,5,,4,,3333,,4167,,6667,,75,,8333,,8333,,4706,,5224,,6582,,6234,,625,,5405
48,"milan_cathedral",1,0,1,0,,95,,9,,875,,88,,12,,24,,36,,52,,6,,68,,2143,,3871,,5221,,6592,,7119,,7672
49,"mole_antonelliana",,8,,8,,8,,8,,8,,78,,08,,16,,28,,44,,52,,6,,1455,,2667,,4148,,5677,,6303,,6783
50,"mont_saint_michel",1,0,1,0,,95,,9,,9,,92,,2,,32,,4,,48,,6,,68,,3333,,4848,,563,,6261,,72,,782
51,"moulin_rouge",,0,,0,,1,,1667,,15,,12,,0,,0,,25,,625,,75,,75,,0,,0,,1429,,2632,,25,,2069
52,"nelson_s_column",,8,,9,,95,,9667,,9,,88,,0833,,1667,,375,,5417,,5417,,7083,,1509,,2812,,5377,,6943,,6763,,7849
53,"notre_dame_de_paris",,6,,8,,85,,9,,925,,9,,12,,28,,4,,56,,68,,72,,2,,4148,,544,,6904,,7838,,8
54,"obelisco",,4,,3,,2,,2333,,25,,22,,1818,,2727,,3636,,5455,,6364,,6364,,25,,2857,,2581,,3268,,359,,327
55,"piccadilly_circus",,8,,9,,7,,7,,75,,76,,1739,,3043,,4348,,5217,,6522,,6957,,2857,,4549,,5364,,5979,,6977,,7264
56,"place_de_la_concorde",1,0,1,0,1,0,,9667,,975,,98,,2,,28,,44,,56,,64,,68,,3333,,4375,,6111,,7092,,7728,,8029
57,"place_de_la_republique",,2,,3,,3,,3333,,25,,2,,125,,25,,5,,75,,75,,75,,1538,,2727,,375,,4615,,375,,3158
58,"place_des_vosges",1,0,,9,,6,,7333,,8,,84,,08,,2,,24,,4,,48,,6,,1481,,3273,,3429,,5176,,6,,7
59,"pont_du_gard",,6,,7,,75,,8,,85,,78,,12,,2,,36,,4,,56,,6,,2,,3111,,4865,,5333,,6752,,6783
60,"pont_neuf",1,0,,9,,9,,9,,8,,74,,12,,24,,36,,56,,64,,72,,2143,,3789,,5143,,6904,,7111,,7299
61,"ponte_vecchio",1,0,,9,,85,,8,,8,,8,,1667,,1667,,3333,,4583,,5417,,5833,,2857,,2812,,4789,,5828,,646,,6747
62,"puerta_de_alcala",,4,,5,,5,,5667,,525,,48,,1053,,2105,,3158,,5263,,6316,,6316,,1667,,2963,,3871,,5457,,5734,,5455
63,"puerta_del_sol",,8,,8,,55,,5333,,475,,48,,2,,35,,35,,45,,5,,5,,32,,487,,4278,,4881,,4872,,4898
64,"red_fort",1,0,1,0,1,0,1,0,1,0,1,0,,16,,36,,44,,56,,6,,64,,2759,,5294,,6111,,7179,,75,,7805
65,"reims_cathedral",1,0,1,0,1,0,,9667,,95,,94,,2,,32,,44,,56,,56,,68,,3333,,4848,,6111,,7092,,7046,,7891
66,"rialto_bridge",1,0,,7,,65,,6667,,65,,62,,1875,,25,,375,,4375,,4375,,5625,,3158,,3684,,4756,,5283,,523,,5899
67,"roman_forum_rome",,6,,7,,7,,7667,,775,,82,,12,,24,,36,,56,,64,,72,,2,,3574,,4755,,6472,,7011,,7668
68,"sacre_coeur",,6,,6,,6,,6,,6,,54,,125,,1667,,25,,375,,4583,,5,,2069,,2609,,3529,,4615,,5197,,5192
69,"sagrada_familia",1,0,,9,,95,,9333,,95,,94,,16,,28,,36,,44,,56,,6,,2759,,4271,,5221,,5981,,7046,,7325
70,"santa_maria_novella",,8,,6,,65,,6,,475,,46,,12,,16,,4,,48,,52,,6,,2087,,2526,,4952,,5333,,4965,,5208
71,"schonbrunn_palace",1,0,1,0,1,0,,9667,,975,,98,,16,,24,,48,,52,,56,,56,,2759,,3871,,6486,,6762,,7114,,7127
72,"seville_cathedral",,6,,8,,8,,8667,,9,,9,,12,,28,,44,,56,,6,,64,,2,,4148,,5677,,6804,,72,,7481
73,"spanish_steps",,8,,8,,75,,7,,7,,66,,0909,,2727,,4545,,5455,,6818,,7727,,1633,,4068,,566,,6131,,6908,,7119
74,"st__basil_cathedral",1,0,1,0,,85,,8667,,85,,84,,2,,32,,48,,6,,68,,76,,3333,,4848,,6135,,7091,,7556,,798
75,"statue_of_liberty",1,0,1,0,,95,,9,,825,,8,,12,,2,,32,,44,,48,,56,,2143,,3333,,4787,,591,,6069,,6588
76,"stonehenge",,8,,6,,55,,6,,625,,58,,1053,,1579,,2632,,3684,,5263,,5789,,186,,25,,356,,4565,,5714,,5795
77,"summer_palace_beijing",1,0,,8,,85,,9,,9,,92,,2,,28,,4,,56,,56,,64,,3333,,4148,,544,,6904,,6904,,7549
78,"sydney_opera_house",1,0,1,0,1,0,,9667,,975,,98,,2,,2,,36,,44,,6,,6,,3333,,3333,,5294,,6047,,7429,,7443
79,"teotihuacan",,6,,7,,65,,5667,,55,,6,,12,,24,,36,,4,,52,,6,,2,,3574,,4634,,469,,5346,,6
80,"terracotta_army",,8,,9,,75,,6667,,6,,56,,2,,35,,5,,55,,7,,75,,32,,504,,6,,6027,,6462,,6412
81,"the_blue_mosque",,6,,8,,9,,9333,,925,,92,,08,,2,,4,,52,,56,,6,,1412,,32,,5538,,6679,,6976,,7263
82,"the_henry_ford",,8,,8,,6,,6,,65,,62,,12,,24,,28,,36,,52,,56,,2087,,3692,,3818,,45,,5778,,5885
83,"taj_mahal",1,0,1,0,,95,,9333,,95,,92,,16,,32,,36,,48,,68,,72,,2759,,4848,,5221,,634,,7926,,8078
84,"tour_montparnasse",,8,,6,,6,,5667,,5,,44,,15,,25,,35,,5,,55,,55,,2526,,3529,,4421,,5312,,5238,,4889
85,"tower_bridge_london",,8,,5,,7,,6333,,575,,56,,16,,16,,32,,4,,44,,52,,2667,,2424,,4392,,4903,,4985,,5393
86,"trafalgar_square",,2,,4,,5,,5333,,525,,54,,0455,,1818,,3182,,4091,,4545,,5,,0741,,25,,3889,,463,,4872,,5192
87,"leaning_tower_of_pisa",,4,,6,,5,,4667,,5,,52,,08,,24,,28,,4,,52,,56,,1333,,3429,,359,,4308,,5098,,5393
88,"hermitage_museum_saint_petersburg",1,0,1,0,,9,,8667,,9,,82,,12,,24,,4,,52,,56,,68,,2143,,3871,,5538,,65,,6904,,7435
89,"jantar_mantar_jaipur",,8,,7,,75,,7,,725,,78,,16,,28,,44,,56,,64,,72,,2667,,4,,5546,,6222,,6799,,7488
90,"lake_titicaca_peru",,2,,4,,55,,5,,5,,5,,0417,,125,,3333,,4167,,4583,,5417,,069,,1905,,4151,,4545,,4783,,52
91,"the_great_wall_of_china",,8,,9,,85,,8,,775,,78,,16,,32,,4,,48,,56,,64,,2667,,4721,,544,,6,,6502,,7031
92,"grande_arche_paris",,6,,5,,65,,6333,,575,,6,,12,,2,,32,,36,,36,,44,,2,,2857,,4289,,4591,,4428,,5077
93,"el_angel_mexico",1,0,,7,,65,,6667,,625,,58,,1429,,2381,,3333,,5714,,7143,,7619,,25,,3553,,4407,,6154,,6667,,6586
94,"bibliotheque_nationale_de_france",,6,,6,,75,,7333,,8,,8,,12,,12,,2,,4,,56,,56,,2,,2,,3158,,5176,,6588,,6588
95,"kronborg_castle",1,0,1,0,,85,,8,,8,,84,,2083,,2917,,4167,,4167,,5417,,5833,,3448,,4516,,5592,,5479,,646,,6885
96,"ajanta_caves",,8,,7,,8,,8333,,875,,9,,1818,,2727,,3182,,5,,5909,,6364,,2963,,3925,,4553,,625,,7054,,7456
97,"atomium",,8,,9,,95,,9667,,95,,96,,1429,,381,,4286,,4762,,4762,,5238,,2424,,5353,,5907,,6381,,6344,,6778
98,"ellora_caves",1,0,1,0,1,0,1,0,1,0,,94,,2273,,3636,,5,,5909,,6818,,6818,,3704,,5333,,6667,,7429,,8108,,7904
99,"potala_palace",,8,,9,,95,,9667,,825,,84,,1667,,2778,,3889,,4444,,5,,6667,,2759,,4245,,5519,,6089,,6226,,7434
100,"jokhang",,8,,8,,85,,8667,,825,,82,,16,,28,,44,,48,,64,,72,,2667,,4148,,5798,,6178,,7208,,7668
101,"rila_monastery",,6,,7,,8,,8,,85,,88,,12,,2,,28,,28,,4,,48,,2,,3111,,4148,,4148,,544,,6212
102,"louvre_pyramid",,8,,8,,9,,8667,,85,,88,,1667,,2222,,3333,,4444,,5,,6111,,2759,,3478,,4865,,5876,,6296,,7213
103,"brooklyn_bridge",1,0,,9,,75,,8,,85,,88,,1429,,2381,,2857,,381,,5238,,619,,25,,3766,,4138,,5161,,6482,,7268
104,"tower_of_london",1,0,,9,,85,,7,,725,,76,,1739,,2609,,3913,,4348,,5652,,6087,,2963,,4045,,5359,,5364,,6352,,676
105,"british_museum_london",1,0,,9,,95,,9667,,95,,92,,15,,3,,35,,55,,7,,7,,2609,,45,,5115,,7011,,8061,,7951
106,"buckingham_palace",,6,,7,,6,,5,,425,,44,,15,,25,,25,,25,,35,,4,,24,,3684,,3529,,3333,,3839,,419
107,"charles_bridge_prague",1,0,,8,,7,,7667,,8,,78,,125,,2083,,25,,4167,,5,,5417,,2222,,3306,,3684,,5399,,6154,,6393
108,"champs_elysees_paris",,4,,5,,5,,5333,,55,,54,,0667,,1333,,2667,,4,,4667,,5333,,1143,,2105,,3478,,4571,,5049,,5366
109,"chrysler_building",1,0,1,0,1,0,1,0,,975,,98,,1429,,2857,,6429,,7143,,7857,,7857,,25,,4444,,7826,,8333,,8702,,8722
110,"moma_new_york",,6,,7,,75,,8333,,875,,9,,1579,,2632,,4211,,4737,,5789,,6842,,25,,3825,,5393,,604,,6968,,7774
111,"grand_central_terminal",1,0,1,0,1,0,1,0,,95,,94,,0952,,1429,,3333,,5238,,5238,,5714,,1739,,25,,5,,6875,,6753,,7108
112,"houses_of_parliament",1,0,1,0,1,0,1,0,1,0,1,0,,1304,,3043,,3478,,3913,,4348,,4783,,2308,,4667,,5161,,5625,,6061,,6471
113,"alexanderplatz_berlin",,0,,4,,6,,6667,,65,,64,,0,,16,,4,,44,,52,,56,,0,,2286,,48,,5301,,5778,,5973
114,"centre_pompidou",,6,,7,,7,,7333,,775,,64,,1667,,2222,,5,,7222,,7222,,7222,,2609,,3373,,5833,,7277,,7477,,6786
115,"sydney_harbour_bridge",1,0,1,0,,9,,9333,,95,,96,,25,,375,,375,,625,,6875,,6875,,4,,5455,,5294,,7487,,7977,,8012
116,"pier_39",1,0,1,0,1,0,,8667,,85,,86,,2381,,3333,,4762,,5238,,6667,,6667,,3846,,5,,6452,,653,,7473,,7511
117,"coit_tower",,6,,5,,6,,6333,,575,,54,,1333,,2,,2667,,4,,4667,,4667,,2182,,2857,,3692,,4903,,5152,,5007
118,"st_paul_s_cathedral_london",1,0,1,0,,9,,8667,,9,,9,,2353,,3529,,5294,,6471,,6471,,7647,,381,,5217,,6667,,7409,,7529,,8269
119,"cloud_gate",1,0,,8,,7,,7,,675,,72,,25,,25,,3333,,5,,5833,,5833,,4,,381,,4516,,5833,,6258,,6445
120,"musee_d_orsay",,8,,8,,9,,8667,,9,,9,,0952,,1905,,381,,5238,,619,,6667,,1702,,3077,,5353,,653,,7335,,766
121,"pike_place_market",1,0,1,0,,9,,8667,,9,,84,,1905,,2381,,4286,,4762,,5238,,5238,,32,,3846,,5806,,6147,,6622,,6453
122,"royal_palace_madrid",,8,,6,,75,,7667,,825,,82,,1818,,2273,,3636,,5455,,6818,,7727,,2963,,3297,,4898,,6374,,7466,,7957
123,"sony_center_berlin",1,0,1,0,,9,,9333,,925,,92,,2381,,3333,,3333,,4286,,4762,,5238,,3846,,5,,4865,,5874,,6287,,6675
124,"red_square_moscow",,8,,7,,65,,6333,,65,,66,,1429,,2381,,3333,,5238,,5714,,5714,,2424,,3553,,4407,,5734,,6082,,6125
125,"prague_castle",,8,,7,,8,,8,,85,,84,,08,,2,,36,,56,,64,,68,,1455,,3111,,4966,,6588,,7302,,7516
126,"musee_du_louvre",1,0,,9,,95,,9667,,975,,98,,12,,24,,32,,48,,56,,68,,2143,,3789,,4787,,6415,,7114,,8029
127,"millennium_bridge_london",,6,,6,,8,,7667,,75,,8,,12,,24,,36,,48,,56,,64,,2,,3429,,4966,,5904,,6412,,7111
128,"casa_mila",1,0,1,0,1,0,1,0,,95,,96,,2,,28,,48,,6,,6,,68,,3333,,4375,,6486,,75,,7355,,7961
129,"national_gallery_london",1,0,1,0,,9,,6,,625,,68,,1818,,3182,,4091,,4091,,5,,5909,,3077,,4828,,5625,,4865,,5556,,6323
130,"national_mall",1,0,,8,,75,,8333,,875,,86,,2,,32,,48,,56,,64,,68,,3333,,4571,,5854,,6699,,7393,,7595
131,"london_city_hall",1,0,1,0,,85,,8,,85,,84,,2,,4,,55,,65,,8,,8,,3333,,5714,,6679,,7172,,8242,,8195
132,"holocaust_memorial",1,0,,8,,7,,6,,55,,54,,25,,3125,,375,,4375,,5625,,5625,,4,,4494,,4884,,506,,5562,,551
133,"columbus_circle",,4,,5,,7,,7,,675,,58,,08,,16,,4,,56,,68,,68,,1333,,2424,,5091,,6222,,6775,,626
134,"siegessaeule",1,0,,8,,8,,7333,,65,,58,,16,,2,,4,,6,,68,,68,,2759,,32,,5333,,66,,6647,,626
135,"jardin_du_luxembourg",1,0,1,0,,95,,9667,,95,,92,,2,,28,,44,,64,,68,,76,,3333,,4375,,6014,,7701,,7926,,8324
136,"merlion_singapore",,2,,3,,45,,4,,375,,42,,0455,,1364,,3182,,3636,,4545,,5,,0741,,1875,,3728,,381,,411,,4565
137,"harrods_london",1,0,,9,,95,,9333,,85,,82,,2,,28,,44,,56,,68,,76,,3333,,4271,,6014,,7,,7556,,7889
138,"metropolitan_museum_of_art_new_york",1,0,1,0,1,0,1,0,1,0,,96,,16,,24,,36,,48,,56,,6,,2759,,3871,,5294,,6486,,7179,,7385
139,"new_york_stock_exchange",,8,,7,,7,,7,,65,,66,,2,,3,,35,,5,,55,,6,,32,,42,,4667,,5833,,5958,,6286
140,"stephansdom_vienna",1,0,1,0,1,0,1,0,,975,,98,,12,,28,,44,,56,,68,,68,,2143,,4375,,6111,,7179,,8012,,8029
141,"hms_belfast",1,0,1,0,1,0,1,0,,975,,98,,16,,28,,48,,6,,64,,68,,2759,,4375,,6486,,75,,7728,,8029
142,"leicester_square",,8,,9,,8,,7333,,75,,78,,16,,24,,4,,52,,56,,6,,2667,,3789,,5333,,6085,,6412,,6783
143,"ciudad_de_las_artes_y_las_ciencias",1,0,1,0,1,0,,9667,,95,,96,,2,,32,,44,,52,,6,,68,,3333,,4848,,6111,,6762,,7355,,7961
144,"topkapi_palace",1,0,1,0,1,0,,9667,,975,,98,,16,,32,,52,,64,,68,,68,,2759,,4848,,6842,,7701,,8012,,8029
145,"royal_albert_hall",1,0,,9,,85,,8,,725,,66,,16,,24,,4,,52,,56,,64,,2759,,3789,,544,,6303,,6319,,6498
146,"st_vitus_cathedral",1,0,,9,,85,,8333,,85,,88,,16,,28,,36,,48,,64,,68,,2759,,4271,,5058,,6091,,7302,,7672
147,"castello_sforzesco",1,0,,9,,85,,8667,,9,,9,,12,,2,,28,,36,,48,,52,,2143,,3273,,4212,,5087,,6261,,6592
148,"rijksmuseum_amsterdam",1,0,1,0,1,0,1,0,1,0,1,0,,16,,28,,4,,52,,64,,72,,2759,,4375,,5714,,6842,,7805,,8372
149,"dam_square",,8,,8,,85,,8333,,775,,72,,16,,2,,32,,36,,36,,44,,2667,,32,,465,,5028,,4916,,5462
150,"rathaus_vienna",,8,,8,,7,,6667,,625,,58,,08,,12,,28,,36,,44,,52,,1455,,2087,,4,,4675,,5164,,5484
151,"bath_abbey",1,0,1,0,,95,,9667,,975,,98,,16,,32,,36,,48,,52,,64,,2759,,4848,,5221,,6415,,6783,,7743
152,"salisbury_cathedral",1,0,,9,,95,,9333,,95,,96,,16,,28,,36,,44,,48,,56,,2759,,4271,,5221,,5981,,6378,,7074
153,"templo_de_debod",,0,,0,,3,,3333,,25,,38,,0,,0,,1364,,2273,,2273,,3182,,0,,0,,1875,,2703,,2381,,3464
154,"Niagara_Falls",,4,,4,,5,,6,,625,,64,,0909,,1818,,3182,,4545,,5455,,6364,,1481,,25,,3889,,5172,,5825,,6382
155,"Golden_Gate_Bridge_in_San_Francisco",1,0,,9,,85,,9,,925,,94,,1364,,2727,,4091,,5,,6364,,7273,,24,,4186,,5523,,6429,,754,,8201
156,"Neuschwanstein_Castle",1,0,1,0,1,0,1,0,1,0,,96,,12,,24,,36,,56,,68,,72,,2143,,3871,,5294,,7179,,8095,,8229
157,"Christ_Church_Cathedral_Missouri",1,0,1,0,1,0,1,0,1,0,1,0,,16,,32,,52,,56,,56,,6,,2759,,4848,,6842,,7179,,7179,,75
158,"Mount_Rushmore_in_South_Dakota",,8,,9,,85,,8667,,875,,9,,16,,24,,44,,48,,56,,64,,2667,,3789,,5798,,6178,,6829,,7481
159,"Puerta_de_Toledo",,2,,2,,15,,1,,075,,06,,5,1,0,1,0,1,0,1,0,1,0,,2857,,3333,,2609,,1818,,1395,,1132
160,"Urquhart_Castle",1,0,,9,,85,,8333,,85,,88,,1667,,25,,4167,,5833,,6667,,7917,,2857,,3913,,5592,,6863,,7473,,8335
161,"Gare_du_Nord_Paris",,8,,8,,85,,8667,,8,,76,,16,,24,,44,,52,,64,,64,,2667,,3692,,5798,,65,,7111,,6949
162,"Newgrange_in_Ireland",,6,,7,,6,,6,,625,,66,,0833,,2083,,3333,,4167,,4583,,5417,,1463,,3211,,4286,,4918,,5288,,595
163,"Windmills_at_Kinderdijk",1,0,1,0,,95,,9,,825,,84,,16,,24,,4,,44,,44,,52,,2759,,3871,,563,,591,,5739,,6424
164,"Conciergerie",,8,,9,,95,,9667,,95,,96,,12,,28,,56,,68,,76,,76,,2087,,4271,,7046,,7984,,8444,,8484
165,"Palazzo_Madama",,6,,7,,75,,7667,,775,,72,,1364,,2727,,5,,6818,,7727,,8182,,2222,,3925,,6,,7218,,7739,,766
166,"Split_Rock_Lighthouse",1,0,,9,,85,,7667,,825,,84,,12,,2,,28,,36,,52,,6,,2143,,3273,,4212,,4899,,6379,,7
167,"The_Little_Mermaid_Denmark",,8,,8,,8,,6667,,7,,62,,2857,,3571,,5714,,7143,,7857,,7857,,4211,,4938,,6667,,6897,,7404,,6931
168,"Great_Pyramid_of_Giza",,8,,6,,6,,5667,,6,,56,,2,,3333,,4667,,6,,6667,,7333,,32,,4286,,525,,5829,,6316,,6351
169,"Pitti_Palace",,8,,9,,9,,8333,,8,,78,,1818,,2727,,4091,,5455,,5909,,5909,,2963,,4186,,5625,,6593,,6797,,6724
170,"Georgia_State_Capitol",,4,,5,,5,,4,,35,,32,,1053,,2105,,2632,,2632,,2632,,2632,,1667,,2963,,3448,,3175,,3004,,2888
171,"Dome_des_Invalides",1,0,1,0,1,0,1,0,1,0,1,0,,12,,2,,48,,6,,68,,68,,2143,,3333,,6486,,75,,8095,,8095
172,"Reggia_di_Caserta",,8,,9,,75,,7,,675,,7,,16,,32,,4,,48,,56,,68,,2667,,4721,,5217,,5695,,6121,,6899
173,"The_Burj_al_Arab_Hotel",,8,,7,,8,,7667,,8,,82,,16,,24,,36,,44,,6,,72,,2667,,3574,,4966,,5591,,6857,,7668
174,"Elephanta_Caves",1,0,1,0,,95,,8667,,8,,76,,125,,2917,,4583,,5417,,5417,,5417,,2222,,4516,,6183,,6667,,646,,6325
175,"Basilica_of_Santa_Croce",1,0,1,0,1,0,,9667,,975,,98,,12,,2,,36,,36,,52,,64,,2143,,3333,,5294,,5246,,6783,,7743
176,"Aachen_Cathedral",,8,,9,,9,,9,,925,,94,,16,,24,,4,,44,,56,,64,,2667,,3789,,5538,,591,,6976,,7615
177,"Monument_to_the_Great_Fire_of_London",,6,,7,,65,,5667,,525,,48,,12,,2,,32,,4,,48,,52,,2,,3111,,4289,,469,,5015,,4992
178,"Longmen_Grottoes",,8,,7,,75,,6667,,625,,62,,16,,2,,48,,52,,64,,68,,2667,,3111,,5854,,5843,,6324,,6486
179,"Louisiana_State_Capitol",,2,,3,,3,,3,,275,,3,,04,,08,,2,,32,,4,,44,,0667,,1263,,24,,3097,,3259,,3568
180,"The_Great_Sphinx_at_Giza",1,0,1,0,,8,,8,,85,,84,,16,,28,,4,,52,,6,,72,,2759,,4375,,5333,,6303,,7034,,7754
181,"Teatro_Real_Madrid",1,0,,8,,8,,8,,775,,72,,2174,,2609,,4783,,6087,,6957,,7826,,3571,,3934,,5986,,6914,,7332,,75
182,"Palacio_de_la_Magdalena",,6,,7,,7,,7333,,8,,8,,12,,28,,48,,6,,64,,76,,2,,4,,5695,,66,,7111,,7795
183,"Sowjetisches_Ehrenmal",,8,,7,,7,,6333,,625,,58,,16,,28,,48,,56,,68,,72,,2667,,4,,5695,,5944,,6513,,6425
184,"Cathedral_of_Trier",1,0,1,0,,95,,9333,,9,,88,,16,,28,,56,,72,,76,,88,,2759,,4375,,7046,,8129,,8241,,88
185,"Saint_Mary_of_the_Flower",,0,,2,,25,,3,,35,,36,,0,,04,,16,,28,,44,,48,,0,,0667,,1951,,2897,,3899,,4114
186,"Skellig_Michael",,8,,9,,75,,7333,,725,,7,,12,,32,,48,,56,,6,,6,,2087,,4721,,5854,,6351,,6566,,6462
187,"Chicago_Board_of_Trade_Building",1,0,1,0,,95,,8667,,85,,84,,2273,,2727,,4091,,5,,6818,,7273,,3704,,4286,,5719,,6341,,7567,,7796
188,"Pont_de_Normandie_France",1,0,,9,,75,,7667,,8,,8,,2632,,4211,,4737,,6842,,8421,,8421,,4167,,5737,,5806,,7231,,8205,,8205
189,"Palazzo_Rosso",,0,,0,,05,,1333,,1,,08,,0,,0,,0417,,1667,,1667,,1667,,0,,0,,0455,,1481,,125,,1081
190,"Piazza_Vittorio_Veneto",1,0,,9,,7,,6,,475,,4,,25,,3125,,5,,625,,625,,625,,4,,4639,,5833,,6122,,5398,,4878
191,"Sforza_Castle",1,0,,9,,9,,9,,9,,92,,16,,24,,48,,6,,64,,64,,2759,,3789,,6261,,72,,7481,,7549
192,"Torres_KIO",1,0,,9,,85,,8667,,85,,88,,2,,28,,44,,56,,6,,64,,3333,,4271,,5798,,6804,,7034,,7411
193,"Torre_Picasso",,8,,8,,9,,9,,85,,76,,1667,,2083,,5417,,5833,,625,,6667,,2759,,3306,,6763,,7079,,7203,,7103
194,"The_Palace_of_Parliament_in_Bucharest",,8,,9,,95,,9,,925,,92,,16,,24,,4,,48,,6,,64,,2667,,3789,,563,,6261,,7279,,7549
195,"Ernest_Hemingway_House",,2,,5,,75,,7667,,8,,78,,04,,2,,44,,56,,64,,72,,0667,,2857,,5546,,6472,,7111,,7488
196,"Castel_dellOvo_Napoli",,6,,6,,8,,7667,,825,,8,,12,,2,,44,,56,,64,,72,,2,,3,,5677,,6472,,7208,,7579
197,"Villa_Borghese_gardens",1,0,1,0,1,0,1,0,,975,,96,,2,,32,,56,,64,,76,,84,,3333,,4848,,7179,,7805,,8542,,896
198,"Saint_Marks_Basilica",1,0,1,0,,95,,9333,,95,,96,,12,,24,,44,,48,,6,,64,,2143,,3871,,6014,,634,,7355,,768
199,"Mausoleum_of_the_First_Qin_Emperor",,8,,8,,9,,9,,85,,88,,12,,28,,4,,48,,56,,68,,2087,,4148,,5538,,6261,,6752,,7672
200,"Mausoleum_of_Hadrian",1,0,,8,,85,,7667,,775,,76,,1111,,2222,,5,,6111,,7222,,7778,,2,,3478,,6296,,6801,,7477,,7688
201,"Piazza_de_Ferrari",1,0,1,0,,9,,9333,,925,,94,,1579,,2632,,4737,,5263,,6316,,6842,,2727,,4167,,6207,,6731,,7506,,792
202,"George_Washington_Carver",,4,,7,,7,,6667,,625,,6,,125,,3125,,5,,5625,,5625,,625,,1905,,4321,,5833,,6102,,5921,,6122
203,"Cathedral_of_Santiago_de_Compostela",,8,,9,,9,,9333,,875,,82,,1176,,2941,,4118,,5294,,7647,,8824,,2051,,4433,,565,,6756,,8161,,85
204,"Saint-Jacques_Tower",,6,,6,,75,,7667,,75,,78,,2308,,2308,,4615,,4615,,5385,,7692,,3333,,3333,,5714,,5762,,6269,,7746
205,"Calakmul_Campeche_Mexico",,8,,9,,85,,8667,,875,,86,,2143,,2857,,3571,,5,,6429,,7143,,338,,4337,,503,,6341,,7412,,7804
206,"Bran_Castle_in_Transylvania",1,0,1,0,,95,,9333,,925,,92,,1579,,2632,,4211,,5263,,5789,,6316,,2727,,4167,,5835,,6731,,7122,,749
207,"Mosteiro_da_Batalha",1,0,1,0,1,0,1,0,1,0,1,0,,2105,,3684,,5263,,5789,,5789,,6316,,3478,,5385,,6897,,7333,,7333,,7742
208,"Wartburg_Castle",,8,,9,,95,,9333,,925,,94,,2,,3,,5,,7,,75,,85,,32,,45,,6552,,8,,8284,,8927
209,"Fujian_Tulou_Fujian_China",1,0,1,0,1,0,,9667,,975,,96,,2222,,3889,,6111,,7222,,7222,,8333,,3636,,56,,7586,,8268,,8298,,8922
210,"Alabama_State_Capitol",,6,,7,,65,,6333,,7,,72,,1429,,3333,,5714,,7143,,7619,,7619,,2308,,4516,,6082,,6714,,7296,,7404
211,"Palazzo_dAccursio",,8,,8,,7,,6333,,575,,56,,1667,,2778,,2778,,3333,,3889,,5556,,2759,,4124,,3977,,4368,,464,,5578
212,"Casa_Grande_Ruins",1,0,,9,,75,,7333,,775,,8,,2353,,2941,,5294,,5294,,5294,,5294,,381,,4433,,6207,,6149,,6291,,6372
213,"Stravinsky_Fountain",1,0,1,0,,95,,9,,9,,92,,1333,,2667,,4,,4,,4667,,6,,2353,,4211,,563,,5538,,6146,,7263
214,"Angel_Falls_Venezuela",,4,,5,,5,,5667,,55,,5,,0588,,1765,,4118,,4706,,5882,,5882,,1026,,2609,,4516,,5142,,5685,,5405
215,"Statue_of_George_IV",1,0,,8,,6,,5667,,55,,44,,5,,5,,625,,75,,75,,75,,6667,,6154,,6122,,6456,,6346,,5546
216,"Palacio_Barolo",,8,,9,,9,,9333,,95,,92,,2353,,4118,,5294,,5294,,6471,,6471,,3636,,565,,6667,,6756,,7698,,7598
217,"Bridge_of_Remembrance_Christchurch_New_Zealand",1,0,,9,,75,,7333,,625,,6,,1667,,3333,,5833,,75,,75,1,0,,2857,,4865,,6562,,7416,,6818,,75
218,"John_A._Roebling_Suspension_Bridge",,4,,4,,45,,4333,,45,,46,,1333,,2667,,6,,6667,,7333,,7333,,2,,32,,5143,,5253,,5577,,5654
219,"Blue_Dome_Santorini",1,0,1,0,,85,,8667,,875,,9,,3125,,4375,,5,,5625,,6875,,75,,4762,,6087,,6296,,6822,,77,,8182
220,"Fossar_de_les_Moreres",,6,,5,,4,,5,,525,,46,,2143,,2857,,3571,,5,,7143,,7143,,3158,,3636,,3774,,5,,6052,,5596
221,"Luxor_Obelisk_France",,8,,9,,75,,7,,775,,82,,125,,3125,,375,,5,,5625,,625,,2162,,4639,,5,,5833,,6519,,7093
222,"Valle_de_los_Caidos",1,0,,9,,95,,9,,9,,86,,25,,4,,5,,65,,75,,75,,4,,5538,,6552,,7548,,8182,,8012
--------------------
"--","Avg.",P@5,P@10,P@20,P@30,P@40,P@50,CR@5,CR@10,CR@20,CR@30,CR@40,CR@50,F1@5,F1@10,F1@20,F1@30,F1@40,F1@50
,,,8018,,7923,,7831,,7737,,7705,,7644,,1528,,2569,,403,,5097,,5909,,6498,,2515,,3798,,5216,,6016,,6548,,6879