--------------------
"Run name","output_runCNN_ADDtrs"
--------------------
"Average P@20 = ",,7259
"Average CR@20 = ",,4148
"Average F1@20 = ",,5203
--------------------
"Query Id ","Location name",P@5,P@10,P@20,P@30,P@40,P@50,CR@5,CR@10,CR@20,CR@30,CR@40,CR@50,F1@5,F1@10,F1@20,F1@30,F1@40,F1@50
1,"angel_of_the_north",1,0,1,0,,95,,9667,,975,,98,,2,,36,,48,,56,,76,,8,,3333,,5294,,6378,,7092,,8542,,8809
2,"big_ben",,8,,7,,6,,6,,625,,66,,1364,,1818,,3182,,4545,,5455,,5909,,233,,2887,,4158,,5172,,5825,,6235
3,"hearst_castle",1,0,1,0,,95,,9,,875,,88,,125,,3333,,4583,,5417,,6667,,75,,2222,,5,,6183,,6763,,7568,,8098
4,"la_madeleine",,4,,5,,55,,4333,,35,,34,,1429,,3571,,5714,,6429,,6429,,8571,,2105,,4167,,5605,,5177,,4532,,4869
5,"pont_alexandre_iii",1,0,1,0,,9,,9,,925,,9,,12,,24,,32,,52,,64,,64,,2143,,3871,,4721,,6592,,7565,,7481
6,"neues_museum",,6,,8,,8,,8333,,85,,8,,12,,28,,44,,6,,64,,68,,2,,4148,,5677,,6977,,7302,,7351
7,"montezuma_castle",,6,,6,,65,,6667,,7,,66,,0833,,25,,5,,6667,,75,,8333,,1463,,3529,,5652,,6667,,7241,,7366
8,"cn_tower",,6,,5,,5,,5667,,6,,62,,125,,2083,,3333,,5,,5833,,625,,2069,,2941,,4,,5312,,5915,,6225
9,"acropolis_athens",,8,,9,,95,,9667,,85,,82,,1905,,3333,,619,,6667,,7143,,7143,,3077,,4865,,7496,,7891,,7763,,7635
10,"agra_fort",1,0,1,0,,95,,9667,,925,,94,,16,,32,,48,,6,,64,,72,,2759,,4848,,6378,,7404,,7565,,8154
11,"albert_memorial",,8,,8,,85,,8333,,85,,84,,1818,,2727,,4545,,5909,,7273,,8182,,2963,,4068,,5923,,6915,,7839,,8289
12,"altes_museum",,6,,6,,8,,7667,,775,,8,,125,,25,,4167,,5,,5833,,625,,2069,,3529,,5479,,6053,,6656,,7018
13,"amiens_cathedral",1,0,1,0,,95,,9667,,95,,94,,2,,4,,6,,64,,76,,84,,3333,,5714,,7355,,7701,,8444,,8872
14,"angkor_wat",1,0,1,0,,9,,9,,875,,86,,16,,32,,56,,6,,72,,76,,2759,,4848,,6904,,72,,79,,8069
15,"ara_pacis",,4,,3,,5,,6,,6,,62,,0909,,1364,,3636,,5455,,6364,,6818,,1481,,1875,,4211,,5714,,6176,,6494
16,"arc_de_triomphe",,8,,6,,7,,7,,675,,72,,1667,,25,,375,,5,,5,,6667,,2759,,3529,,4884,,5833,,5745,,6923
17,"aztec_ruins",,0,,0,,15,,2333,,275,,28,,0,,0,,12,,24,,28,,32,,0,,0,,1333,,2366,,2775,,2987
18,"berlin_cathedral",,6,,7,,85,,9,,925,,9,,08,,2,,4,,6,,68,,8,,1412,,3111,,544,,72,,7838,,8471
19,"bok_tower_gardens",,4,,6,,8,,8667,,9,,9,,08,,2,,4,,56,,72,,84,,1333,,3,,5333,,6804,,8,,869
20,"brandenburg_gate",,6,,8,,9,,9,,9,,92,,08,,24,,56,,68,,72,,76,,1412,,3692,,6904,,7747,,8,,8324
21,"cabrillo",,0,,0,,05,,0667,,05,,08,,0,,0,,0769,,1538,,1538,,3077,,0,,0,,0606,,093,,0755,,127
22,"casa_batllo",1,0,1,0,,95,,9333,,95,,94,,16,,24,,48,,56,,72,,76,,2759,,3871,,6378,,7,,8192,,8405
23,"casa_rosada",1,0,1,0,,9,,9,,875,,9,,2,,36,,64,,72,,84,,92,,3333,,5294,,7481,,8,,8571,,9099
24,"castillo_de_san_marcos",,8,,8,,85,,8,,8,,82,,16,,28,,48,,52,,6,,68,,2667,,4148,,6135,,6303,,6857,,7435
25,"chartres_cathedral",1,0,1,0,1,0,,9667,,95,,92,,2,,32,,52,,56,,68,,76,,3333,,4848,,6842,,7092,,7926,,8324
26,"chichen_itza",,8,,8,,9,,8667,,85,,88,,16,,24,,44,,52,,6,,64,,2667,,3692,,591,,65,,7034,,7411
27,"christ_the_redeemer_rio",,4,,5,,45,,4333,,4,,46,,087,,2174,,3478,,4348,,4348,,5652,,1429,,303,,3924,,4341,,4167,,5072
28,"civic_center_san_francisco",,8,,7,,6,,5,,55,,56,,12,,24,,36,,36,,48,,56,,2087,,3574,,45,,4186,,5126,,56
29,"cologne_cathedral",1,0,1,0,,95,,9667,,95,,96,,16,,28,,44,,56,,68,,8,,2759,,4375,,6014,,7092,,7926,,8727
30,"colosseum",,8,,8,,85,,8667,,875,,9,,12,,28,,4,,52,,6,,6,,2087,,4148,,544,,65,,7119,,72
31,"doge_s_palace",,4,,7,,75,,7667,,775,,82,,08,,28,,4,,48,,64,,68,,1333,,4,,5217,,5904,,7011,,7435
32,"eiffel_tower",1,0,,9,,9,,8667,,9,,92,,16,,28,,4,,48,,52,,64,,2759,,4271,,5538,,6178,,6592,,7549
33,"golden_gate_bridge",1,0,,9,,9,,8333,,775,,82,,2174,,2609,,4783,,5217,,5652,,6087,,3571,,4045,,6246,,6417,,6537,,6987
34,"grand_palais",,8,,9,,85,,9,,85,,88,,1818,,2727,,3636,,6364,,6818,,7273,,2963,,4186,,5094,,7456,,7567,,7964
35,"guggenheim_museum_bilbao",1,0,1,0,1,0,,9667,,95,,94,,2,,36,,48,,52,,56,,64,,3333,,5294,,6486,,6762,,7046,,7615
36,"hagia_sophia_istanbul",1,0,1,0,1,0,1,0,1,0,,96,,2,,28,,44,,64,,72,,72,,3333,,4375,,6111,,7805,,8372,,8229
37,"hoover_dam",1,0,1,0,,9,,9,,9,,9,,16,,32,,44,,52,,6,,72,,2759,,4848,,591,,6592,,72,,8
38,"humayun_tomb",,6,,6,,8,,8333,,825,,86,,12,,24,,52,,72,,84,,88,,2,,3429,,6303,,7725,,8324,,8699
39,"iguazu_falls",1,0,1,0,,9,,9333,,925,,86,,16,,28,,44,,56,,68,,76,,2759,,4375,,591,,7,,7838,,8069
40,"iolani_palace",,4,,4,,5,,5333,,625,,68,,08,,16,,36,,48,,52,,6,,1333,,2286,,4186,,5053,,5677,,6375
41,"la_mezquita",,4,,5,,45,,4667,,425,,4,,0833,,2083,,3333,,375,,5,,5417,,1379,,2941,,383,,4158,,4595,,4602
42,"la_rambla_barcelona",,8,,8,,85,,8667,,9,,88,,16,,2,,32,,4,,56,,64,,2667,,32,,465,,5474,,6904,,7411
43,"la_sainte_chapelle",1,0,1,0,,95,,9667,,95,,96,,2,,32,,44,,64,,68,,72,,3333,,4848,,6014,,7701,,7926,,8229
44,"liberty_memorial",1,0,1,0,,8,,7333,,7,,7,,2,,36,,44,,48,,64,,72,,3333,,5294,,5677,,5802,,6687,,7099
45,"lincoln_home",,6,,5,,6,,6667,,675,,64,,1667,,2222,,3889,,5,,6111,,6667,,2609,,3077,,4719,,5714,,6415,,6531
46,"machu_picchu",,4,,5,,65,,7667,,7,,76,,08,,16,,36,,48,,48,,68,,1333,,2424,,4634,,5904,,5695,,7178
47,"marble_arch_london",,2,,3,,35,,2667,,25,,22,,0833,,25,,3333,,3333,,4167,,4167,,1176,,2727,,3415,,2963,,3125,,288
48,"milan_cathedral",1,0,1,0,,85,,8333,,825,,84,,16,,24,,36,,48,,56,,68,,2759,,3871,,5058,,6091,,6671,,7516
49,"mole_antonelliana",,2,,5,,6,,6667,,7,,66,,04,,16,,32,,44,,6,,6,,0667,,2424,,4174,,5301,,6462,,6286
50,"mont_saint_michel",1,0,,9,,95,,9333,,95,,94,,2,,36,,52,,68,,68,,72,,3333,,5143,,6721,,7868,,7926,,8154
51,"moulin_rouge",,0,,0,,1,,1333,,15,,16,,0,,0,,25,,375,,625,,875,,0,,0,,1429,,1967,,2419,,2705
52,"nelson_s_column",1,0,1,0,,95,,9,,825,,86,,2083,,2917,,4167,,5,,6667,,75,,3448,,4516,,5793,,6429,,7374,,8012
53,"notre_dame_de_paris",1,0,,9,,85,,8667,,875,,86,,2,,28,,52,,6,,64,,68,,3333,,4271,,6453,,7091,,7393,,7595
54,"obelisco",,2,,3,,2,,2333,,2,,18,,0909,,1818,,2727,,4545,,5455,,6364,,125,,2264,,2308,,3084,,2927,,2806
55,"piccadilly_circus",,8,,6,,75,,7,,65,,68,,1304,,1739,,3913,,4348,,6087,,7826,,2243,,2697,,5143,,5364,,6287,,7277
56,"place_de_la_concorde",1,0,1,0,1,0,1,0,1,0,1,0,,2,,32,,52,,56,,6,,68,,3333,,4848,,6842,,7179,,75,,8095
57,"place_de_la_republique",,0,,1,,15,,2,,175,,18,,0,,125,,375,,5,,5,,625,,0,,1111,,2143,,2857,,2593,,2795
58,"place_des_vosges",1,0,1,0,,95,,9333,,85,,8,,16,,24,,4,,56,,6,,68,,2759,,3871,,563,,7,,7034,,7351
59,"pont_du_gard",,6,,7,,75,,7333,,725,,74,,12,,24,,44,,48,,56,,6,,2,,3574,,5546,,5802,,6319,,6627
60,"pont_neuf",,4,,6,,5,,5,,575,,54,,08,,2,,28,,4,,56,,64,,1333,,3,,359,,4444,,5674,,5858
61,"ponte_vecchio",,6,,5,,6,,6667,,6,,64,,0833,,125,,375,,5417,,5833,,625,,1463,,2,,4615,,5977,,5915,,6324
62,"puerta_de_alcala",,8,,7,,6,,6,,5,,5,,1053,,2105,,4211,,6842,,7368,,7895,,186,,3237,,4948,,6393,,5957,,6122
63,"puerta_del_sol",,2,,2,,3,,3,,35,,32,,05,,1,,15,,25,,5,,55,,08,,1333,,2,,2727,,4118,,4046
64,"red_fort",1,0,1,0,1,0,1,0,1,0,1,0,,2,,32,,52,,64,,72,,8,,3333,,4848,,6842,,7805,,8372,,8889
65,"reims_cathedral",,8,,7,,75,,8,,825,,86,,16,,24,,44,,56,,6,,68,,2667,,3574,,5546,,6588,,6947,,7595
66,"rialto_bridge",,6,,7,,55,,4667,,475,,46,,125,,3125,,4375,,5,,625,,6875,,2069,,4321,,4873,,4828,,5398,,5512
67,"roman_forum_rome",,6,,6,,75,,8,,8,,78,,12,,2,,44,,52,,56,,64,,2,,3,,5546,,6303,,6588,,7031
68,"sacre_coeur",,6,,7,,7,,6,,625,,6,,125,,25,,2917,,4167,,4583,,5417,,2069,,3684,,4118,,4918,,5288,,5693
69,"sagrada_familia",1,0,1,0,,95,,9667,,95,,94,,2,,32,,56,,6,,64,,64,,3333,,4848,,7046,,7404,,7648,,7615
70,"santa_maria_novella",,6,,6,,4,,4333,,475,,46,,12,,2,,24,,32,,48,,52,,2,,3,,3,,3681,,4775,,4882
71,"schonbrunn_palace",1,0,1,0,,95,,9333,,95,,94,,16,,36,,48,,6,,8,,8,,2759,,5294,,6378,,7304,,8686,,8644
72,"seville_cathedral",,6,,7,,85,,9,,925,,94,,12,,28,,44,,6,,72,,72,,2,,4,,5798,,72,,8097,,8154
73,"spanish_steps",,6,,7,,6,,6667,,675,,62,,1364,,3182,,5,,5909,,6364,,6364,,2222,,4375,,5455,,6265,,6551,,6281
74,"st__basil_cathedral",1,0,,9,,9,,9,,9,,88,,16,,28,,44,,56,,64,,72,,2759,,4271,,591,,6904,,7481,,792
75,"statue_of_liberty",,6,,7,,75,,7333,,725,,76,,12,,28,,56,,6,,68,,72,,2,,4,,6412,,66,,7018,,7395
76,"stonehenge",,6,,7,,7,,6333,,55,,56,,1579,,3158,,3158,,4211,,4211,,4737,,25,,4352,,4352,,5058,,477,,5132
77,"summer_palace_beijing",,8,,7,,75,,8333,,775,,74,,16,,24,,4,,6,,6,,68,,2667,,3574,,5217,,6977,,6764,,7087
78,"sydney_opera_house",1,0,,9,,9,,9333,,95,,92,,2,,28,,44,,44,,64,,68,,3333,,4271,,591,,5981,,7648,,782
79,"teotihuacan",,8,,7,,8,,8333,,85,,86,,12,,24,,4,,52,,64,,76,,2087,,3574,,5333,,6404,,7302,,8069
80,"terracotta_army",,8,,6,,65,,6333,,65,,6,,15,,25,,45,,55,,6,,65,,2526,,3529,,5318,,5887,,624,,624
81,"the_blue_mosque",1,0,,8,,9,,9,,925,,94,,2,,28,,4,,48,,52,,68,,3333,,4148,,5538,,6261,,6657,,7891
82,"the_henry_ford",,6,,5,,55,,4667,,575,,6,,12,,16,,28,,36,,56,,68,,2,,2424,,3711,,4065,,5674,,6375
83,"taj_mahal",,6,,7,,8,,8,,825,,84,,12,,28,,4,,56,,68,,72,,2,,4,,5333,,6588,,7455,,7754
84,"tour_montparnasse",,8,,5,,45,,4,,375,,36,,2,,25,,35,,45,,45,,5,,32,,3333,,3937,,4235,,4091,,4186
85,"tower_bridge_london",,6,,7,,55,,5333,,575,,58,,12,,24,,36,,36,,52,,6,,2,,3574,,4352,,4299,,5461,,5898
86,"trafalgar_square",,4,,6,,55,,5667,,65,,6,,0909,,2273,,3182,,4545,,5909,,5909,,1481,,3297,,4031,,5045,,619,,5954
87,"leaning_tower_of_pisa",,4,,4,,4,,5,,575,,64,,08,,16,,28,,32,,6,,6,,1333,,2286,,3294,,3902,,5872,,6194
88,"hermitage_museum_saint_petersburg",,8,,9,,75,,7333,,675,,7,,16,,2,,36,,52,,52,,6,,2667,,3273,,4865,,6085,,5874,,6462
89,"jantar_mantar_jaipur",,6,,6,,8,,8,,825,,8,,12,,24,,44,,52,,76,,8,,2,,3429,,5677,,6303,,7912,,8
90,"lake_titicaca_peru",,4,,4,,4,,4333,,5,,56,,0833,,125,,25,,4167,,5417,,625,,1379,,1905,,3077,,4248,,52,,5907
91,"the_great_wall_of_china",,8,,7,,65,,6,,625,,7,,12,,2,,28,,44,,52,,6,,2087,,3111,,3914,,5077,,5677,,6462
92,"grande_arche_paris",,0,,3,,45,,5333,,6,,6,,0,,12,,24,,36,,4,,56,,0,,1714,,313,,4299,,48,,5793
93,"el_angel_mexico",,6,,5,,4,,4333,,475,,48,,1429,,2381,,3333,,5238,,6667,,7619,,2308,,3226,,3636,,4743,,5547,,589
94,"bibliotheque_nationale_de_france",1,0,1,0,,95,,8667,,825,,8,,2,,36,,48,,52,,52,,56,,3333,,5294,,6378,,65,,6379,,6588
95,"kronborg_castle",,8,,9,,75,,8,,8,,84,,125,,2917,,3333,,5,,5833,,5833,,2162,,4406,,4615,,6154,,6747,,6885
96,"ajanta_caves",,8,,9,,9,,9,,85,,86,,1818,,3182,,5,,6364,,6364,,6364,,2963,,4701,,6429,,7456,,7278,,7315
97,"atomium",,8,,6,,75,,8333,,8,,8,,0952,,0952,,3333,,5238,,5238,,6667,,1702,,1644,,4615,,6433,,6331,,7273
98,"ellora_caves",,8,,9,,95,,9333,,95,,96,,1818,,3182,,4545,,4545,,5909,,6818,,2963,,4701,,6149,,6114,,7286,,7973
99,"potala_palace",,6,,7,,8,,8333,,8,,82,,1667,,2778,,5,,6667,,7778,,8333,,2609,,3977,,6154,,7407,,7887,,8266
100,"jokhang",,8,,8,,8,,7,,75,,74,,12,,24,,44,,56,,56,,64,,2087,,3692,,5677,,6222,,6412,,6864
101,"rila_monastery",1,0,,8,,9,,9333,,925,,92,,2,,28,,32,,4,,4,,48,,3333,,4148,,4721,,56,,5585,,6309
102,"louvre_pyramid",,8,,7,,85,,7667,,8,,78,,2222,,2778,,5,,6111,,7222,,8889,,3478,,3977,,6296,,6801,,7591,,8309
103,"brooklyn_bridge",,8,,8,,85,,8,,85,,78,,1429,,3333,,4286,,619,,7143,,7619,,2424,,4706,,5698,,698,,7763,,7708
104,"tower_of_london",1,0,,6,,6,,5333,,55,,62,,1739,,1739,,3913,,4348,,5217,,6087,,2963,,2697,,4737,,479,,5355,,6143
105,"british_museum_london",,8,,8,,9,,9333,,95,,92,,1,,15,,4,,5,,55,,6,,1778,,2526,,5538,,6512,,6967,,7263
106,"buckingham_palace",,4,,4,,4,,4333,,375,,4,,05,,1,,25,,35,,4,,5,,0889,,16,,3077,,3872,,3871,,4444
107,"charles_bridge_prague",,4,,6,,6,,5667,,6,,58,,0833,,25,,4583,,5,,625,,7083,,1379,,3529,,5197,,5312,,6122,,6378
108,"champs_elysees_paris",,4,,3,,25,,4,,4,,48,,1333,,1333,,2667,,6,,6667,,7333,,2,,1846,,2581,,48,,5,,5802
109,"chrysler_building",1,0,1,0,1,0,1,0,,975,,94,,2143,,3571,,5714,,7857,,8571,,9286,,3529,,5263,,7273,,88,,9123,,9343
110,"moma_new_york",1,0,,9,,9,,8,,8,,82,,2105,,2632,,3684,,4211,,5789,,6316,,3478,,4072,,5228,,5517,,6718,,7136
111,"grand_central_terminal",1,0,1,0,,8,,8667,,875,,88,,0952,,2381,,2857,,4762,,619,,6667,,1739,,3846,,4211,,6147,,7251,,7586
112,"houses_of_parliament",1,0,,9,,95,,8667,,85,,84,,1739,,2609,,4348,,4348,,4348,,5652,,2963,,4045,,5965,,5791,,5753,,6757
113,"alexanderplatz_berlin",,4,,5,,65,,6667,,675,,7,,08,,16,,32,,48,,6,,6,,1333,,2424,,4289,,5581,,6353,,6462
114,"centre_pompidou",1,0,,9,,8,,7667,,775,,76,,2222,,3889,,5,,6111,,7778,,8889,,3636,,5431,,6154,,6801,,7764,,8194
115,"sydney_harbour_bridge",,8,,9,,9,,9333,,95,,96,,1875,,375,,4375,,625,,6875,,75,,3038,,5294,,5888,,7487,,7977,,8421
116,"pier_39",,8,,9,,85,,7333,,775,,78,,1905,,3333,,4762,,5238,,619,,6667,,3077,,4865,,6104,,6111,,6883,,7189
117,"coit_tower",1,0,1,0,,65,,6667,,675,,64,,2667,,3333,,4,,4667,,5333,,6,,4211,,5,,4952,,549,,5959,,6194
118,"st_paul_s_cathedral_london",1,0,,9,,85,,7333,,65,,64,,2941,,3529,,4706,,5882,,5882,,6471,,4545,,507,,6058,,6528,,6176,,6435
119,"cloud_gate",,6,,4,,65,,6333,,725,,76,,1667,,1667,,5833,,5833,,5833,,5833,,2609,,2353,,6149,,6073,,6465,,66
120,"musee_d_orsay",1,0,,9,,95,,9333,,95,,96,,1429,,2381,,3333,,5238,,6667,,6667,,25,,3766,,4935,,671,,7835,,7869
121,"pike_place_market",1,0,,9,,9,,8667,,85,,86,,1905,,3333,,4762,,619,,6667,,7143,,32,,4865,,6228,,7222,,7473,,7804
122,"royal_palace_madrid",,6,,8,,75,,7667,,8,,8,,1364,,3182,,5909,,6818,,7727,,7727,,2222,,4553,,661,,7218,,7861,,7861
123,"sony_center_berlin",,8,,9,,85,,8667,,9,,92,,1429,,1905,,3333,,3333,,381,,4762,,2424,,3144,,4789,,4815,,5353,,6276
124,"red_square_moscow",,6,,6,,65,,6333,,6,,62,,1429,,2857,,4286,,5238,,619,,7143,,2308,,3871,,5166,,5734,,6094,,6638
125,"prague_castle",1,0,,9,,9,,8667,,85,,86,,16,,2,,36,,52,,6,,72,,2759,,3273,,5143,,65,,7034,,7838
126,"musee_du_louvre",1,0,1,0,1,0,,9667,,925,,94,,16,,28,,56,,68,,72,,72,,2759,,4375,,7179,,7984,,8097,,8154
127,"millennium_bridge_london",1,0,,9,,85,,8333,,825,,84,,16,,24,,4,,48,,56,,64,,2759,,3789,,544,,6091,,6671,,7265
128,"casa_mila",,8,,9,,95,,9667,,95,,96,,12,,28,,48,,6,,68,,68,,2087,,4271,,6378,,7404,,7926,,7961
129,"national_gallery_london",,8,,5,,55,,4333,,45,,5,,1818,,2273,,5,,5455,,5455,,6364,,2963,,3125,,5238,,483,,4932,,56
130,"national_mall",1,0,,9,,8,,7333,,725,,74,,16,,24,,48,,68,,76,,8,,2759,,3789,,6,,7057,,7421,,7688
131,"london_city_hall",,8,,8,,75,,7,,65,,66,,2,,25,,45,,6,,6,,75,,32,,381,,5625,,6462,,624,,7021
132,"holocaust_memorial",,4,,5,,4,,3,,325,,4,,0625,,25,,3125,,3125,,375,,625,,1081,,3333,,3509,,3061,,3482,,4878
133,"columbus_circle",,2,,3,,5,,4333,,45,,48,,04,,12,,4,,4,,56,,6,,0667,,1714,,4444,,416,,499,,5333
134,"siegessaeule",,2,,4,,4,,5667,,55,,5,,04,,16,,28,,48,,6,,6,,0667,,2286,,3294,,5197,,5739,,5455
135,"jardin_du_luxembourg",1,0,1,0,,9,,9,,9,,9,,2,,36,,56,,76,,84,,88,,3333,,5294,,6904,,8241,,869,,8899
136,"merlion_singapore",,4,,4,,6,,6333,,575,,54,,0909,,1818,,4091,,5455,,5909,,6364,,1481,,25,,4865,,5861,,5828,,5842
137,"harrods_london",1,0,1,0,,95,,8333,,825,,86,,16,,24,,56,,6,,68,,72,,2759,,3871,,7046,,6977,,7455,,7838
138,"metropolitan_museum_of_art_new_york",1,0,1,0,1,0,,9667,,95,,96,,16,,28,,36,,52,,6,,64,,2759,,4375,,5294,,6762,,7355,,768
139,"new_york_stock_exchange",,2,,5,,55,,6,,625,,6,,05,,2,,4,,5,,65,,65,,08,,2857,,4632,,5455,,6373,,624
140,"stephansdom_vienna",1,0,1,0,1,0,,9667,,975,,98,,2,,32,,6,,72,,76,,8,,3333,,4848,,75,,8253,,8542,,8809
141,"hms_belfast",,8,,9,,95,,9333,,925,,88,,12,,28,,48,,56,,76,,84,,2087,,4271,,6378,,7,,8344,,8595
142,"leicester_square",,4,,3,,55,,6667,,6,,64,,08,,12,,28,,48,,52,,52,,1333,,1714,,3711,,5581,,5571,,5738
143,"ciudad_de_las_artes_y_las_ciencias",,8,,9,,9,,9,,925,,92,,16,,28,,44,,56,,68,,76,,2667,,4271,,591,,6904,,7838,,8324
144,"topkapi_palace",1,0,1,0,1,0,,9333,,95,,96,,12,,32,,48,,56,,64,,72,,2143,,4848,,6486,,7,,7648,,8229
145,"royal_albert_hall",,2,,4,,55,,6333,,65,,66,,04,,16,,32,,4,,52,,56,,0667,,2286,,4046,,4903,,5778,,6059
146,"st_vitus_cathedral",,8,,9,,95,,9667,,95,,94,,16,,32,,44,,44,,48,,56,,2667,,4721,,6014,,6047,,6378,,7019
147,"castello_sforzesco",,8,,9,,9,,9333,,9,,92,,12,,28,,4,,56,,6,,72,,2087,,4271,,5538,,7,,72,,8078
148,"rijksmuseum_amsterdam",1,0,1,0,1,0,1,0,1,0,1,0,,16,,28,,44,,56,,68,,76,,2759,,4375,,6111,,7179,,8095,,8636
149,"dam_square",,8,,5,,6,,6,,6,,6,,16,,16,,36,,48,,52,,56,,2667,,2424,,45,,5333,,5571,,5793
150,"rathaus_vienna",,6,,7,,6,,6,,675,,6,,08,,24,,4,,52,,56,,56,,1412,,3574,,48,,5571,,6121,,5793
151,"bath_abbey",1,0,1,0,1,0,1,0,,95,,94,,16,,36,,48,,56,,64,,68,,2759,,5294,,6486,,7179,,7648,,7891
152,"salisbury_cathedral",1,0,,9,,9,,9333,,925,,92,,2,,32,,48,,64,,68,,72,,3333,,4721,,6261,,7593,,7838,,8078
153,"templo_de_debod",,2,,5,,45,,5333,,475,,46,,0455,,1818,,3636,,5,,5,,5,,0741,,2667,,4022,,5161,,4872,,4792
154,"Niagara_Falls",,4,,4,,5,,5333,,625,,64,,0909,,1818,,3636,,4091,,5,,5455,,1481,,25,,4211,,463,,5556,,589
155,"Golden_Gate_Bridge_in_San_Francisco",1,0,1,0,,95,,9667,,975,,96,,2273,,2727,,4545,,5,,6364,,7727,,3704,,4286,,6149,,6591,,7701,,8562
156,"Neuschwanstein_Castle",1,0,,9,,95,,9,,9,,9,,2,,28,,44,,48,,56,,6,,3333,,4271,,6014,,6261,,6904,,72
157,"Christ_Church_Cathedral_Missouri",,8,,8,,85,,8333,,825,,86,,12,,2,,36,,44,,56,,68,,2087,,32,,5058,,5759,,6671,,7595
158,"Mount_Rushmore_in_South_Dakota",,8,,8,,85,,8667,,85,,88,,16,,28,,4,,56,,64,,76,,2667,,4148,,544,,6804,,7302,,8156
159,"Puerta_de_Toledo",,0,,0,,0,,0,,0,,0,,0,,0,,0,,0,,0,,0,,0,,0,,0,,0,,0,,0
160,"Urquhart_Castle",,4,,7,,75,,7667,,8,,8,,0833,,25,,4167,,5,,5,,625,,1379,,3684,,5357,,6053,,6154,,7018
161,"Gare_du_Nord_Paris",,6,,7,,75,,7333,,725,,74,,12,,24,,4,,48,,6,,68,,2,,3574,,5217,,5802,,6566,,7087
162,"Newgrange_in_Ireland",,4,,5,,65,,6667,,675,,66,,0417,,125,,3333,,4167,,5,,5,,0755,,2,,4407,,5128,,5745,,569
163,"Windmills_at_Kinderdijk",,8,,9,,9,,9,,875,,9,,16,,32,,48,,6,,68,,72,,2667,,4721,,6261,,72,,7653,,8
164,"Conciergerie",1,0,1,0,,85,,8667,,9,,92,,16,,28,,48,,6,,64,,68,,2759,,4375,,6135,,7091,,7481,,782
165,"Palazzo_Madama",,4,,4,,6,,5667,,525,,5,,0909,,1364,,3636,,4091,,5,,5909,,1481,,2034,,4528,,4752,,5122,,5417
166,"Split_Rock_Lighthouse",1,0,,9,,8,,7333,,7,,72,,12,,16,,28,,4,,48,,56,,2143,,2717,,4148,,5176,,5695,,63
167,"The_Little_Mermaid_Denmark",,0,,1,,35,,3667,,375,,34,,0,,0714,,3571,,5,,6429,,6429,,0,,0833,,3535,,4231,,4737,,4448
168,"Great_Pyramid_of_Giza",,6,,7,,55,,5667,,575,,58,,1333,,2667,,4,,5333,,7333,,8,,2182,,3862,,4632,,5495,,6446,,6725
169,"Pitti_Palace",,6,,6,,6,,6,,625,,68,,1364,,2727,,4545,,5,,5909,,6364,,2222,,375,,5172,,5455,,6075,,6575
170,"Georgia_State_Capitol",,4,,3,,3,,2333,,175,,18,,1053,,1053,,2105,,2632,,2632,,2632,,1667,,1558,,2474,,2473,,2102,,2138
171,"Dome_des_Invalides",1,0,1,0,,95,,9667,,975,,98,,16,,28,,4,,52,,68,,72,,2759,,4375,,563,,6762,,8012,,8301
172,"Reggia_di_Caserta",,6,,7,,8,,7667,,725,,72,,12,,28,,52,,64,,68,,68,,2,,4,,6303,,6976,,7018,,6994
173,"The_Burj_al_Arab_Hotel",1,0,,9,,95,,9,,875,,8,,2,,36,,6,,68,,68,,72,,3333,,5143,,7355,,7747,,7653,,7579
174,"Elephanta_Caves",1,0,,6,,65,,6333,,7,,7,,2083,,25,,375,,5,,5833,,7083,,3448,,3529,,4756,,5588,,6364,,7041
175,"Basilica_of_Santa_Croce",1,0,1,0,1,0,1,0,,975,,98,,16,,32,,52,,56,,6,,64,,2759,,4848,,6842,,7179,,7429,,7743
176,"Aachen_Cathedral",1,0,,9,,9,,8667,,85,,84,,2,,32,,52,,56,,56,,64,,3333,,4721,,6592,,6804,,6752,,7265
177,"Monument_to_the_Great_Fire_of_London",,6,,5,,5,,5667,,575,,58,,12,,16,,32,,48,,6,,72,,2,,2424,,3902,,5197,,5872,,6425
178,"Longmen_Grottoes",,8,,8,,7,,6333,,625,,64,,16,,32,,48,,6,,68,,72,,2667,,4571,,5695,,6162,,6513,,6776
179,"Louisiana_State_Capitol",,4,,5,,4,,4,,35,,36,,08,,12,,24,,32,,4,,48,,1333,,1935,,3,,3556,,3733,,4114
180,"The_Great_Sphinx_at_Giza",,8,,8,,7,,7,,65,,62,,16,,28,,44,,52,,6,,72,,2667,,4148,,5404,,5967,,624,,6663
181,"Teatro_Real_Madrid",,8,,6,,6,,6333,,65,,64,,1304,,2174,,4783,,6087,,7391,,7391,,2243,,3191,,5323,,6208,,6917,,686
182,"Palacio_de_la_Magdalena",,6,,6,,6,,6333,,625,,66,,12,,24,,44,,56,,64,,68,,2,,3429,,5077,,5944,,6324,,6699
183,"Sowjetisches_Ehrenmal",1,0,,8,,75,,7333,,7,,68,,16,,28,,4,,6,,76,,8,,2759,,4148,,5217,,66,,7288,,7351
184,"Cathedral_of_Trier",,6,,7,,7,,7667,,775,,72,,12,,24,,4,,52,,64,,72,,2,,3574,,5091,,6197,,7011,,72
185,"Saint_Mary_of_the_Flower",,2,,3,,4,,4667,,45,,4,,04,,08,,2,,28,,32,,36,,0667,,1263,,2667,,35,,374,,3789
186,"Skellig_Michael",,8,,9,,75,,7667,,8,,78,,16,,24,,36,,44,,52,,52,,2667,,3789,,4865,,5591,,6303,,624
187,"Chicago_Board_of_Trade_Building",,8,,5,,55,,6,,625,,68,,1364,,1818,,4091,,4545,,6364,,7273,,233,,2667,,4692,,5172,,6306,,7028
188,"Pont_de_Normandie_France",1,0,,6,,65,,6,,65,,64,,2632,,3158,,4737,,5789,,6316,,7368,,4167,,4138,,548,,5893,,6407,,685
189,"Palazzo_Rosso",,2,,1,,1,,0667,,125,,1,,0417,,0417,,0833,,0833,,2083,,2083,,069,,0588,,0909,,0741,,1562,,1351
190,"Piazza_Vittorio_Veneto",,4,,4,,25,,3,,375,,36,,125,,1875,,1875,,375,,5625,,5625,,1905,,2553,,2143,,3333,,45,,439
191,"Sforza_Castle",1,0,1,0,,95,,9,,925,,92,,16,,32,,4,,48,,52,,68,,2759,,4848,,563,,6261,,6657,,782
192,"Torres_KIO",,8,,9,,75,,8,,775,,76,,16,,32,,48,,52,,64,,64,,2667,,4721,,5854,,6303,,7011,,6949
193,"Torre_Picasso",,6,,7,,8,,8333,,825,,86,,125,,2083,,4583,,5417,,625,,7083,,2069,,3211,,5828,,6566,,7112,,7768
194,"The_Palace_of_Parliament_in_Bucharest",,6,,6,,7,,7667,,775,,74,,08,,16,,36,,44,,56,,6,,1412,,2526,,4755,,5591,,6502,,6627
195,"Ernest_Hemingway_House",,4,,5,,55,,6667,,7,,66,,08,,2,,36,,48,,52,,64,,1333,,2857,,4352,,5581,,5967,,6498
196,"Castel_dellOvo_Napoli",,8,,9,,8,,8,,8,,76,,16,,28,,44,,56,,56,,6,,2667,,4271,,5677,,6588,,6588,,6706
197,"Villa_Borghese_gardens",1,0,1,0,1,0,1,0,1,0,,96,,16,,24,,44,,52,,64,,64,,2759,,3871,,6111,,6842,,7805,,768
198,"Saint_Marks_Basilica",,8,,8,,85,,8667,,85,,86,,12,,12,,32,,36,,4,,44,,2087,,2087,,465,,5087,,544,,5822
199,"Mausoleum_of_the_First_Qin_Emperor",,6,,6,,8,,8333,,825,,86,,12,,24,,52,,6,,72,,84,,2,,3429,,6303,,6977,,7689,,8499
200,"Mausoleum_of_Hadrian",,6,,7,,65,,6667,,7,,7,,1111,,2778,,4444,,6667,,6667,,7222,,1875,,3977,,5279,,6667,,6829,,7109
201,"Piazza_de_Ferrari",1,0,1,0,,95,,9667,,925,,92,,2105,,3158,,5263,,5789,,6316,,6842,,3478,,48,,6774,,7242,,7506,,7848
202,"George_Washington_Carver",,6,,5,,55,,5,,4,,42,,125,,1875,,5,,625,,625,,6875,,2069,,2727,,5238,,5556,,4878,,5214
203,"Cathedral_of_Santiago_de_Compostela",,8,,7,,65,,7,,75,,72,,1765,,2941,,3529,,5882,,5882,,6471,,2892,,4142,,4575,,6393,,6593,,6816
204,"Saint-Jacques_Tower",1,0,,9,,9,,8667,,875,,8,,3846,,3846,,5385,,5385,,6154,,6154,,5556,,5389,,6738,,6642,,7226,,6957
205,"Calakmul_Campeche_Mexico",,6,,4,,6,,6,,625,,62,,2143,,2857,,5,,5714,,9286,,9286,,3158,,3333,,5455,,5854,,7471,,7435
206,"Bran_Castle_in_Transylvania",1,0,,9,,8,,8333,,825,,84,,2632,,3684,,4737,,5263,,6316,,6316,,4167,,5228,,595,,6452,,7154,,721
207,"Mosteiro_da_Batalha",1,0,1,0,1,0,1,0,1,0,1,0,,2105,,3684,,5789,,5789,,6316,,6316,,3478,,5385,,7333,,7333,,7742,,7742
208,"Wartburg_Castle",,8,,8,,85,,8667,,875,,88,,15,,3,,55,,75,,8,,9,,2526,,4364,,6679,,8041,,8358,,8899
209,"Fujian_Tulou_Fujian_China",,6,,8,,85,,8667,,9,,92,,1111,,2778,,5,,6111,,6667,,7778,,1875,,4124,,6296,,7168,,766,,8429
210,"Alabama_State_Capitol",,8,,9,,8,,8333,,775,,78,,1905,,3333,,4762,,7143,,7619,,8095,,3077,,4865,,597,,7692,,7684,,7945
211,"Palazzo_dAccursio",1,0,,8,,55,,5333,,5,,52,,1111,,2778,,3333,,3889,,4444,,5556,,2,,4124,,4151,,4498,,4706,,5372
212,"Casa_Grande_Ruins",1,0,1,0,,9,,8667,,85,,78,,1765,,2353,,4706,,5294,,5882,,5882,,3,,381,,618,,6573,,6953,,6707
213,"Stravinsky_Fountain",,8,,8,,75,,7,,775,,82,,2667,,4,,4,,4667,,4667,,4667,,4,,5333,,5217,,56,,5826,,5948
214,"Angel_Falls_Venezuela",,6,,5,,4,,4333,,35,,38,,1765,,2941,,4706,,6471,,6471,,7059,,2727,,3704,,4324,,5191,,4543,,494
215,"Statue_of_George_IV",,6,,6,,35,,3,,25,,3,,375,,5,,625,,75,,75,,875,,4615,,5455,,4487,,4286,,375,,4468
216,"Palacio_Barolo",1,0,,9,,9,,9333,,9,,86,,2353,,3529,,5882,,7059,,8235,,8235,,381,,507,,7115,,8038,,8601,,8414
217,"Bridge_of_Remembrance_Christchurch_New_Zealand",,4,,6,,5,,4333,,45,,4,,1667,,3333,,5,,6667,,75,,75,,2353,,4286,,5,,5253,,5625,,5217
218,"John_A._Roebling_Suspension_Bridge",1,0,,7,,65,,6,,65,,66,,3333,,4667,,6667,,7333,,8667,,8667,,5,,56,,6582,,66,,7429,,7493
219,"Blue_Dome_Santorini",1,0,,8,,75,,7667,,825,,8,,1875,,375,,5,,625,,875,,875,,3158,,5106,,6,,6886,,8493,,8358
220,"Fossar_de_les_Moreres",,2,,2,,45,,4333,,35,,38,,0714,,1429,,3571,,5,,5714,,5714,,1053,,1667,,3982,,4643,,4341,,4565
221,"Luxor_Obelisk_France",1,0,1,0,,85,,8333,,8,,8,,25,,375,,375,,4375,,4375,,5,,4,,5455,,5204,,5738,,5657,,6154
222,"Valle_de_los_Caidos",,8,,8,,85,,8667,,9,,84,,15,,25,,45,,6,,8,,8,,2526,,381,,5885,,7091,,8471,,8195
--------------------
"--","Avg.",P@5,P@10,P@20,P@30,P@40,P@50,CR@5,CR@10,CR@20,CR@30,CR@40,CR@50,F1@5,F1@10,F1@20,F1@30,F1@40,F1@50
,,,7216,,7198,,7259,,7264,,7256,,7262,,1432,,2507,,4148,,5213,,6056,,6677,,2367,,3677,,5203,,5968,,6479,,6824