--------------------
"Run name","output_runCOSINEXBIndex"
--------------------
"Average P@20 = ",,7502
"Average CR@20 = ",,4191
"Average F1@20 = ",,5277
--------------------
"Query Id ","Location name",P@5,P@10,P@20,P@30,P@40,P@50,CR@5,CR@10,CR@20,CR@30,CR@40,CR@50,F1@5,F1@10,F1@20,F1@30,F1@40,F1@50
1,"angel_of_the_north",1,0,1,0,,95,,9667,,975,,98,,2,,28,,48,,64,,72,,76,,3333,,4375,,6378,,7701,,8283,,8561
2,"big_ben",,8,,8,,8,,8333,,825,,86,,1364,,2727,,4545,,5455,,5909,,5909,,233,,4068,,5797,,6593,,6886,,7005
3,"hearst_castle",1,0,,9,,95,,9,,9,,9,,1667,,3333,,5417,,6667,,75,,8333,,2857,,4865,,6899,,766,,8182,,8654
4,"la_madeleine",,4,,2,,35,,3333,,325,,34,,1429,,1429,,4286,,5714,,5714,,6429,,2105,,1667,,3853,,4211,,4143,,4448
5,"pont_alexandre_iii",,8,,9,,85,,8667,,85,,88,,16,,32,,48,,64,,64,,8,,2667,,4721,,6135,,7363,,7302,,8381
6,"neues_museum",,4,,6,,75,,8,,825,,82,,08,,24,,4,,48,,72,,72,,1333,,3429,,5217,,6,,7689,,7668
7,"montezuma_castle",,8,,6,,65,,5,,375,,46,,25,,25,,5,,5,,5,,6667,,381,,3529,,5652,,5,,4286,,5444
8,"cn_tower",,8,,8,,7,,7333,,725,,7,,1667,,2917,,4167,,5833,,625,,7083,,2759,,4275,,5224,,6498,,6713,,7041
9,"acropolis_athens",1,0,,9,,9,,8,,8,,72,,1905,,2857,,4286,,4762,,6667,,6667,,32,,4337,,5806,,597,,7273,,6923
10,"agra_fort",1,0,,8,,85,,8667,,875,,88,,16,,24,,4,,44,,56,,6,,2759,,3692,,544,,5837,,6829,,7135
11,"albert_memorial",,4,,5,,75,,7,,7,,72,,0909,,1818,,5,,5455,,5455,,5455,,1481,,2667,,6,,6131,,6131,,6207
12,"altes_museum",1,0,,9,,9,,9333,,925,,94,,1667,,2083,,375,,625,,6667,,7917,,2857,,3383,,5294,,7487,,7749,,8595
13,"amiens_cathedral",1,0,1,0,,9,,9,,925,,94,,16,,24,,44,,6,,68,,72,,2759,,3871,,591,,72,,7838,,8154
14,"angkor_wat",,6,,8,,8,,8333,,875,,86,,12,,28,,4,,52,,68,,68,,2,,4148,,5333,,6404,,7653,,7595
15,"ara_pacis",,4,,6,,6,,6,,55,,58,,0909,,2273,,2727,,5,,5909,,7273,,1481,,3297,,375,,5455,,5697,,6453
16,"arc_de_triomphe",,8,,7,,8,,7333,,725,,74,,1667,,2917,,375,,4583,,5417,,625,,2759,,4118,,5106,,5641,,6201,,6777
17,"aztec_ruins",,2,,3,,4,,5,,525,,56,,04,,08,,28,,44,,48,,52,,0667,,1263,,3294,,4681,,5015,,5393
18,"berlin_cathedral",1,0,,9,,85,,9,,9,,92,,16,,24,,4,,56,,68,,68,,2759,,3789,,544,,6904,,7747,,782
19,"bok_tower_gardens",1,0,1,0,,8,,8,,85,,86,,16,,36,,44,,6,,68,,76,,2759,,5294,,5677,,6857,,7556,,8069
20,"brandenburg_gate",,8,,8,,85,,8,,85,,88,,16,,32,,6,,68,,72,,8,,2667,,4571,,7034,,7351,,7796,,8381
21,"cabrillo",,0,,1,,05,,0667,,075,,12,,0,,0769,,0769,,1538,,2308,,3846,,0,,087,,0606,,093,,1132,,1829
22,"casa_batllo",1,0,1,0,1,0,,9667,,975,,98,,2,,36,,56,,64,,68,,8,,3333,,5294,,7179,,7701,,8012,,8809
23,"casa_rosada",1,0,1,0,,95,,9667,,95,,92,,16,,36,,44,,6,,68,,72,,2759,,5294,,6014,,7404,,7926,,8078
24,"castillo_de_san_marcos",1,0,1,0,,95,,9,,7,,74,,08,,2,,36,,44,,44,,56,,1481,,3333,,5221,,591,,5404,,6375
25,"chartres_cathedral",1,0,1,0,,9,,9,,925,,92,,2,,32,,44,,56,,64,,72,,3333,,4848,,591,,6904,,7565,,8078
26,"chichen_itza",1,0,1,0,,95,,9,,875,,84,,16,,32,,48,,48,,56,,64,,2759,,4848,,6378,,6261,,6829,,7265
27,"christ_the_redeemer_rio",,6,,5,,55,,5,,5,,5,,1304,,1739,,3478,,3478,,4783,,5652,,2143,,2581,,4262,,4103,,4889,,5306
28,"civic_center_san_francisco",,8,,7,,65,,6,,55,,54,,16,,24,,24,,4,,48,,56,,2667,,3574,,3506,,48,,5126,,5498
29,"cologne_cathedral",1,0,1,0,1,0,1,0,,95,,92,,16,,32,,44,,64,,76,,84,,2759,,4848,,6111,,7805,,8444,,8782
30,"colosseum",1,0,,9,,95,,9667,,975,,98,,2,,32,,56,,6,,64,,68,,3333,,4721,,7046,,7404,,7728,,8029
31,"doge_s_palace",,4,,5,,7,,8,,775,,78,,08,,2,,32,,4,,48,,56,,1333,,2857,,4392,,5333,,5928,,6519
32,"eiffel_tower",1,0,1,0,,9,,8667,,875,,88,,2,,32,,44,,52,,6,,6,,3333,,4848,,591,,65,,7119,,7135
33,"golden_gate_bridge",1,0,1,0,,9,,7667,,8,,78,,1739,,2609,,4348,,5217,,5652,,5652,,2963,,4138,,5863,,6209,,6624,,6555
34,"grand_palais",1,0,1,0,1,0,,9667,,975,,98,,1818,,3182,,4091,,5,,5909,,5909,,3077,,4828,,5806,,6591,,7358,,7373
35,"guggenheim_museum_bilbao",1,0,,8,,85,,9,,85,,88,,16,,24,,44,,48,,64,,68,,2759,,3692,,5798,,6261,,7302,,7672
36,"hagia_sophia_istanbul",1,0,1,0,1,0,,9333,,925,,94,,16,,24,,52,,6,,64,,72,,2759,,3871,,6842,,7304,,7565,,8154
37,"hoover_dam",1,0,1,0,,95,,9667,,95,,94,,16,,28,,48,,56,,6,,68,,2759,,4375,,6378,,7092,,7355,,7891
38,"humayun_tomb",,8,,9,,85,,8667,,875,,88,,16,,28,,44,,56,,68,,8,,2667,,4271,,5798,,6804,,7653,,8381
39,"iguazu_falls",,6,,8,,85,,8333,,8,,78,,12,,24,,56,,68,,8,,84,,2,,3692,,6752,,7489,,8,,8089
40,"iolani_palace",,8,,8,,8,,8333,,875,,86,,16,,28,,48,,6,,68,,84,,2667,,4148,,6,,6977,,7653,,8499
41,"la_mezquita",,4,,5,,35,,5,,5,,48,,0833,,2083,,25,,4167,,5,,5,,1379,,2941,,2917,,4545,,5,,4898
42,"la_rambla_barcelona",,8,,9,,9,,9333,,9,,88,,16,,2,,44,,56,,6,,6,,2667,,3273,,591,,7,,72,,7135
43,"la_sainte_chapelle",1,0,1,0,,95,,9667,,975,,96,,16,,32,,52,,56,,68,,72,,2759,,4848,,6721,,7092,,8012,,8229
44,"liberty_memorial",,8,,7,,7,,7333,,725,,68,,12,,24,,4,,52,,64,,64,,2087,,3574,,5091,,6085,,6799,,6594
45,"lincoln_home",,8,,6,,55,,6,,6,,58,,2222,,3333,,5556,,6667,,6667,,7222,,3478,,4286,,5528,,6316,,6316,,6433
46,"machu_picchu",,8,,9,,75,,7333,,775,,76,,16,,32,,44,,48,,6,,64,,2667,,4721,,5546,,5802,,6764,,6949
47,"marble_arch_london",,6,,3,,15,,2,,2,,16,,25,,25,,25,,3333,,5,,5,,3529,,2727,,1875,,25,,2857,,2424
48,"milan_cathedral",1,0,1,0,,9,,8667,,875,,88,,2,,32,,52,,6,,64,,72,,3333,,4848,,6592,,7091,,7393,,792
49,"mole_antonelliana",1,0,,7,,6,,6333,,625,,68,,16,,2,,32,,48,,52,,6,,2759,,3111,,4174,,5461,,5677,,6375
50,"mont_saint_michel",1,0,,9,,85,,8667,,85,,86,,2,,28,,4,,56,,72,,72,,3333,,4271,,544,,6804,,7796,,7838
51,"moulin_rouge",,2,,3,,15,,1667,,125,,1,,125,,375,,375,,5,,5,,5,,1538,,3333,,2143,,25,,2,,1667
52,"nelson_s_column",,8,,8,,9,,9333,,875,,9,,1667,,2917,,4167,,5417,,625,,7083,,2759,,4275,,5696,,6855,,7292,,7927
53,"notre_dame_de_paris",,4,,7,,8,,8,,8,,84,,08,,2,,4,,48,,56,,64,,1333,,3111,,5333,,6,,6588,,7265
54,"obelisco",,2,,2,,15,,2,,2,,16,,0909,,1818,,2727,,4545,,5455,,5455,,125,,1905,,1935,,2778,,2927,,2474
55,"piccadilly_circus",,8,,8,,75,,7333,,775,,74,,1739,,3478,,4783,,6087,,7826,,8261,,2857,,4848,,5841,,6652,,7788,,7807
56,"place_de_la_concorde",1,0,1,0,,95,,9667,,975,,96,,12,,24,,44,,6,,6,,64,,2143,,3871,,6014,,7404,,7429,,768
57,"place_de_la_republique",,4,,2,,2,,1667,,2,,22,,25,,25,,5,,625,,75,,75,,3077,,2222,,2857,,2632,,3158,,3402
58,"place_des_vosges",,4,,5,,6,,5667,,55,,54,,04,,16,,32,,48,,52,,6,,0727,,2424,,4174,,5197,,5346,,5684
59,"pont_du_gard",,8,,8,,9,,8333,,85,,82,,12,,24,,4,,52,,6,,6,,2087,,3692,,5538,,6404,,7034,,693
60,"pont_neuf",1,0,,8,,75,,7,,725,,7,,16,,24,,48,,56,,68,,68,,2759,,3692,,5854,,6222,,7018,,6899
61,"ponte_vecchio",,6,,8,,8,,8667,,85,,88,,0833,,2083,,4167,,5,,5833,,625,,1463,,3306,,5479,,6341,,6919,,7309
62,"puerta_de_alcala",,4,,4,,55,,5333,,575,,58,,1053,,1579,,4737,,7368,,7895,,7895,,1667,,2264,,509,,6188,,6654,,6687
63,"puerta_del_sol",,4,,6,,55,,6333,,55,,54,,1,,3,,45,,65,,65,,65,,16,,4,,495,,6416,,5958,,5899
64,"red_fort",,8,,9,,95,,9667,,975,,98,,16,,28,,48,,6,,68,,72,,2667,,4271,,6378,,7404,,8012,,8301
65,"reims_cathedral",1,0,1,0,1,0,1,0,1,0,1,0,,2,,32,,36,,4,,56,,68,,3333,,4848,,5294,,5714,,7179,,8095
66,"rialto_bridge",,2,,2,,4,,4333,,475,,46,,0625,,125,,4375,,5625,,625,,625,,0952,,1538,,4179,,4895,,5398,,53
67,"roman_forum_rome",,8,,9,,9,,8667,,85,,88,,16,,28,,44,,56,,64,,76,,2667,,4271,,591,,6804,,7302,,8156
68,"sacre_coeur",,4,,3,,45,,5333,,575,,6,,0833,,125,,2083,,3333,,4167,,4583,,1379,,1765,,2848,,4103,,4832,,5197
69,"sagrada_familia",,8,,9,,9,,8333,,875,,86,,12,,24,,44,,52,,56,,6,,2087,,3789,,591,,6404,,6829,,7068
70,"santa_maria_novella",,4,,3,,4,,3667,,35,,4,,08,,08,,24,,28,,36,,48,,1333,,1263,,3,,3175,,3549,,4364
71,"schonbrunn_palace",1,0,,9,,9,,9,,9,,92,,2,,28,,48,,64,,72,,76,,3333,,4271,,6261,,7481,,8,,8324
72,"seville_cathedral",,8,,8,,9,,9,,9,,92,,16,,28,,4,,52,,6,,68,,2667,,4148,,5538,,6592,,72,,782
73,"spanish_steps",,8,,6,,65,,7333,,65,,66,,1364,,2273,,3636,,5455,,5909,,7273,,233,,3297,,4664,,6256,,619,,692
74,"st__basil_cathedral",1,0,1,0,1,0,,9333,,95,,94,,16,,28,,6,,68,,76,,8,,2759,,4375,,75,,7868,,8444,,8644
75,"statue_of_liberty",,8,,7,,75,,7333,,725,,76,,16,,28,,44,,48,,48,,6,,2667,,4,,5546,,5802,,5776,,6706
76,"stonehenge",,8,,6,,65,,6333,,575,,58,,2105,,2105,,3158,,3684,,3684,,4737,,3333,,3117,,4251,,4658,,4491,,5215
77,"summer_palace_beijing",,8,,8,,85,,8,,775,,78,,16,,28,,44,,56,,56,,64,,2667,,4148,,5798,,6588,,6502,,7031
78,"sydney_opera_house",,8,,9,,9,,9333,,95,,94,,16,,28,,4,,6,,68,,72,,2667,,4271,,5538,,7304,,7926,,8154
79,"teotihuacan",,8,,7,,7,,7667,,8,,82,,16,,24,,44,,56,,72,,76,,2667,,3574,,5404,,6472,,7579,,7889
80,"terracotta_army",,6,,6,,7,,7333,,675,,7,,15,,3,,45,,7,,75,,8,,24,,4,,5478,,7163,,7105,,7467
81,"the_blue_mosque",1,0,1,0,,95,,9667,,975,,94,,2,,36,,44,,64,,64,,72,,3333,,5294,,6014,,7701,,7728,,8154
82,"the_henry_ford",,6,,7,,85,,6667,,65,,64,,12,,24,,48,,56,,6,,64,,2,,3574,,6135,,6087,,624,,64
83,"taj_mahal",1,0,,9,,85,,8667,,9,,88,,2,,32,,56,,76,,84,,88,,3333,,4721,,6752,,8098,,869,,88
84,"tour_montparnasse",,4,,5,,35,,4,,375,,36,,1,,2,,3,,4,,45,,45,,16,,2857,,3231,,4,,4091,,4
85,"tower_bridge_london",,8,,7,,75,,5333,,525,,54,,12,,24,,48,,48,,52,,6,,2087,,3574,,5854,,5053,,5225,,5684
86,"trafalgar_square",,8,,6,,55,,5667,,55,,52,,1364,,2273,,2727,,4091,,5,,5455,,233,,3297,,3646,,4752,,5238,,5324
87,"leaning_tower_of_pisa",,6,,5,,5,,6,,625,,64,,12,,2,,28,,44,,6,,72,,2,,2857,,359,,5077,,6122,,6776
88,"hermitage_museum_saint_petersburg",,8,,9,,8,,7,,675,,68,,16,,28,,4,,48,,56,,56,,2667,,4271,,5333,,5695,,6121,,6142
89,"jantar_mantar_jaipur",1,0,1,0,,85,,8,,85,,86,,2,,32,,56,,68,,8,,84,,3333,,4848,,6752,,7351,,8242,,8499
90,"lake_titicaca_peru",,6,,6,,5,,5,,525,,54,,125,,25,,3333,,4583,,5417,,5833,,2069,,3529,,4,,4783,,5332,,5608
91,"the_great_wall_of_china",1,0,,7,,75,,7333,,8,,8,,2,,28,,4,,52,,64,,68,,3333,,4,,5217,,6085,,7111,,7351
92,"grande_arche_paris",,0,,2,,45,,4667,,55,,54,,0,,08,,24,,36,,44,,48,,0,,1143,,313,,4065,,4889,,5082
93,"el_angel_mexico",,6,,7,,6,,4667,,475,,5,,0952,,2857,,4286,,4762,,6667,,7619,,1644,,4058,,5,,4714,,5547,,6038
94,"bibliotheque_nationale_de_france",,8,,8,,7,,7,,675,,72,,16,,28,,44,,52,,6,,68,,2667,,4148,,5404,,5967,,6353,,6994
95,"kronborg_castle",,8,,9,,9,,8667,,825,,84,,125,,25,,3333,,4583,,5,,5833,,2162,,3913,,4865,,5996,,6226,,6885
96,"ajanta_caves",,8,,9,,9,,8667,,875,,88,,1818,,2273,,4091,,5455,,5455,,5909,,2963,,3629,,5625,,6695,,672,,707
97,"atomium",,8,,8,,9,,9,,9,,84,,1905,,2857,,4286,,5238,,5714,,6667,,3077,,4211,,5806,,6622,,699,,7434
98,"ellora_caves",1,0,1,0,1,0,1,0,,975,,98,,1818,,3182,,3636,,5,,5909,,6364,,3077,,4828,,5333,,6667,,7358,,7717
99,"potala_palace",,8,,8,,75,,7667,,675,,72,,2222,,3333,,5,,6111,,6667,,7222,,3478,,4706,,6,,6801,,6708,,7211
100,"jokhang",,6,,7,,75,,6333,,625,,7,,12,,24,,52,,6,,68,,72,,2,,3574,,6142,,6162,,6513,,7099
101,"rila_monastery",,6,,6,,55,,7,,7,,74,,12,,24,,32,,32,,4,,52,,2,,3429,,4046,,4392,,5091,,6108
102,"louvre_pyramid",,8,,7,,75,,7,,725,,72,,1667,,1667,,3333,,5,,6667,,6667,,2759,,2692,,4615,,5833,,6946,,6923
103,"brooklyn_bridge",,6,,8,,85,,9,,85,,86,,1429,,3333,,5238,,619,,6667,,7143,,2308,,4706,,6482,,7335,,7473,,7804
104,"tower_of_london",,6,,7,,65,,6,,625,,66,,1304,,3043,,3913,,5217,,5652,,6087,,2143,,4242,,4885,,5581,,5936,,6333
105,"british_museum_london",,8,,8,,9,,9333,,925,,92,,05,,1,,35,,5,,5,,55,,0941,,1778,,504,,6512,,6491,,6884
106,"buckingham_palace",,2,,4,,3,,3333,,425,,44,,05,,15,,2,,3,,4,,45,,08,,2182,,24,,3158,,4121,,4449
107,"charles_bridge_prague",,6,,6,,75,,7667,,7,,7,,125,,2083,,375,,5,,5833,,625,,2069,,3093,,5,,6053,,6364,,6604
108,"champs_elysees_paris",,6,,4,,45,,5,,525,,52,,2,,2,,3333,,5333,,6667,,6667,,3,,2667,,383,,5161,,5874,,5843
109,"chrysler_building",1,0,,9,,95,,9667,,95,,96,,2143,,3571,,6429,,6429,,7857,,9286,,3529,,5114,,7668,,7722,,8601,,944
110,"moma_new_york",,8,,8,,8,,8333,,825,,84,,1579,,2632,,3684,,4737,,6316,,6316,,2637,,396,,5045,,604,,7154,,721
111,"grand_central_terminal",1,0,,8,,9,,9333,,925,,92,,1905,,2381,,4762,,5714,,619,,7143,,32,,367,,6228,,7089,,7417,,8042
112,"houses_of_parliament",1,0,,9,,9,,8667,,9,,9,,1739,,2609,,3913,,4348,,4348,,4348,,2963,,4045,,5455,,5791,,5863,,5863
113,"alexanderplatz_berlin",,8,,7,,75,,7,,65,,66,,16,,24,,32,,44,,48,,52,,2667,,3574,,4486,,5404,,5522,,5817
114,"centre_pompidou",,4,,5,,6,,6333,,675,,64,,1111,,2222,,4444,,6111,,7222,,7222,,1739,,3077,,5106,,622,,6978,,6786
115,"sydney_harbour_bridge",1,0,1,0,1,0,1,0,,975,,98,,1875,,375,,5625,,625,,6875,,8125,,3158,,5455,,72,,7692,,8064,,8884
116,"pier_39",,6,,6,,75,,7333,,8,,82,,1429,,2381,,5238,,6667,,7143,,7143,,2308,,3409,,6168,,6984,,7547,,7635
117,"coit_tower",1,0,,7,,75,,7667,,675,,56,,2,,2,,3333,,4,,4667,,4667,,3333,,3111,,4615,,5257,,5518,,5091
118,"st_paul_s_cathedral_london",1,0,,9,,85,,6667,,625,,64,,2941,,3529,,5882,,6471,,6471,,6471,,4545,,507,,6953,,6567,,6358,,6435
119,"cloud_gate",,8,,7,,8,,8,,775,,72,,3333,,3333,,4167,,5833,,75,,75,,4706,,4516,,5479,,6747,,7623,,7347
120,"musee_d_orsay",,8,,9,,95,,9333,,9,,9,,1905,,2857,,3333,,5238,,619,,6667,,3077,,4337,,4935,,671,,7335,,766
121,"pike_place_market",,6,,8,,85,,8333,,85,,82,,1429,,2857,,5238,,619,,7143,,7143,,2308,,4211,,6482,,7104,,7763,,7635
122,"royal_palace_madrid",1,0,,9,,9,,9,,85,,8,,2273,,3636,,6364,,7273,,7727,,7727,,3704,,518,,7456,,8045,,8095,,7861
123,"sony_center_berlin",1,0,,7,,85,,8333,,875,,9,,1429,,2381,,4286,,4762,,4762,,5714,,25,,3553,,5698,,6061,,6167,,699
124,"red_square_moscow",,8,,9,,7,,7667,,75,,7,,1429,,2857,,381,,4762,,619,,7143,,2424,,4337,,4934,,5875,,6783,,7071
125,"prague_castle",1,0,1,0,,95,,9,,825,,82,,16,,24,,48,,52,,56,,64,,2759,,3871,,6378,,6592,,6671,,7189
126,"musee_du_louvre",1,0,1,0,1,0,1,0,1,0,,98,,2,,24,,36,,52,,64,,72,,3333,,3871,,5294,,6842,,7805,,8301
127,"millennium_bridge_london",1,0,1,0,,85,,8,,825,,82,,12,,24,,32,,4,,44,,56,,2143,,3871,,465,,5333,,5739,,6655
128,"casa_mila",1,0,1,0,,95,,9333,,95,,92,,2,,32,,48,,56,,68,,8,,3333,,4848,,6378,,7,,7926,,8558
129,"national_gallery_london",,8,,7,,5,,5,,475,,5,,1818,,3182,,3182,,3636,,3636,,5,,2963,,4375,,3889,,4211,,4119,,5
130,"national_mall",1,0,,9,,85,,8333,,65,,68,,16,,28,,44,,6,,64,,76,,2759,,4271,,5798,,6977,,645,,7178
131,"london_city_hall",,6,,8,,8,,7,,725,,74,,15,,3,,55,,55,,6,,7,,24,,4364,,6519,,616,,6566,,7194
132,"holocaust_memorial",,6,,6,,5,,4333,,45,,46,,125,,3125,,5,,5,,5,,5,,2069,,411,,5,,4643,,4737,,4792
133,"columbus_circle",,8,,5,,4,,4,,425,,48,,16,,2,,2,,36,,48,,6,,2667,,2857,,2667,,3789,,4508,,5333
134,"siegessaeule",1,0,1,0,,65,,5667,,6,,58,,2,,28,,36,,4,,56,,64,,3333,,4375,,4634,,469,,5793,,6085
135,"jardin_du_luxembourg",1,0,,9,,9,,9333,,95,,92,,2,,32,,48,,56,,72,,76,,3333,,4721,,6261,,7,,8192,,8324
136,"merlion_singapore",,4,,3,,5,,4333,,425,,44,,0455,,0909,,3182,,4091,,5,,5909,,0816,,1395,,3889,,4209,,4595,,5044
137,"harrods_london",1,0,1,0,,85,,8667,,8,,72,,2,,32,,36,,56,,64,,64,,3333,,4848,,5058,,6804,,7111,,6776
138,"metropolitan_museum_of_art_new_york",1,0,1,0,1,0,,9667,,975,,96,,16,,32,,44,,56,,64,,68,,2759,,4848,,6111,,7092,,7728,,7961
139,"new_york_stock_exchange",1,0,,9,,95,,9667,,975,,9,,25,,3,,35,,45,,5,,5,,4,,45,,5115,,6141,,661,,6429
140,"stephansdom_vienna",1,0,,9,,9,,9333,,95,,96,,16,,28,,44,,6,,68,,72,,2759,,4271,,591,,7304,,7926,,8229
141,"hms_belfast",1,0,1,0,1,0,,9333,,925,,94,,12,,28,,44,,52,,68,,76,,2143,,4375,,6111,,6679,,7838,,8405
142,"leicester_square",,8,,9,,85,,8333,,775,,76,,16,,36,,44,,44,,44,,48,,2667,,5143,,5798,,5759,,5613,,5884
143,"ciudad_de_las_artes_y_las_ciencias",1,0,,9,,9,,9333,,925,,92,,2,,28,,52,,68,,8,,84,,3333,,4271,,6592,,7868,,858,,8782
144,"topkapi_palace",1,0,1,0,1,0,,9667,,975,,96,,2,,32,,52,,72,,76,,84,,3333,,4848,,6842,,8253,,8542,,896
145,"royal_albert_hall",,6,,6,,55,,5667,,55,,52,,12,,24,,36,,48,,52,,56,,2,,3429,,4352,,5197,,5346,,5393
146,"st_vitus_cathedral",,8,,8,,9,,9333,,9,,9,,12,,2,,4,,52,,64,,68,,2087,,32,,5538,,6679,,7481,,7747
147,"castello_sforzesco",,8,,9,,9,,9,,875,,88,,16,,28,,44,,6,,64,,68,,2667,,4271,,591,,72,,7393,,7672
148,"rijksmuseum_amsterdam",1,0,1,0,1,0,1,0,1,0,1,0,,16,,28,,52,,8,,8,,84,,2759,,4375,,6842,,8889,,8889,,913
149,"dam_square",1,0,,8,,65,,6333,,625,,66,,16,,28,,36,,56,,56,,64,,2759,,4148,,4634,,5944,,5907,,6498
150,"rathaus_vienna",1,0,,7,,75,,6667,,65,,62,,2,,24,,32,,32,,36,,4,,3333,,3574,,4486,,4324,,4634,,4863
151,"bath_abbey",1,0,,9,,9,,9333,,925,,94,,2,,28,,52,,6,,68,,84,,3333,,4271,,6592,,7304,,7838,,8872
152,"salisbury_cathedral",1,0,1,0,1,0,,9667,,975,,96,,12,,24,,4,,44,,56,,6,,2143,,3871,,5714,,6047,,7114,,7385
153,"templo_de_debod",,4,,3,,45,,4667,,475,,58,,0909,,0909,,2727,,4091,,4545,,6364,,1481,,1395,,3396,,436,,4645,,6069
154,"Niagara_Falls",,8,,9,,8,,7,,625,,62,,1818,,2273,,3636,,4545,,5,,5909,,2963,,3629,,5,,5512,,5556,,6051
155,"Golden_Gate_Bridge_in_San_Francisco",,8,,9,,95,,9667,,95,,96,,0909,,1818,,2727,,5,,6364,,7273,,1633,,3025,,4238,,6591,,7622,,8276
156,"Neuschwanstein_Castle",1,0,1,0,,85,,9,,9,,92,,16,,2,,36,,48,,68,,68,,2759,,3333,,5058,,6261,,7747,,782
157,"Christ_Church_Cathedral_Missouri",1,0,,9,,9,,8333,,775,,76,,2,,36,,48,,68,,68,,68,,3333,,5143,,6261,,7489,,7244,,7178
158,"Mount_Rushmore_in_South_Dakota",,8,,9,,95,,9333,,925,,94,,16,,28,,44,,52,,6,,68,,2667,,4271,,6014,,6679,,7279,,7891
159,"Puerta_de_Toledo",,0,,0,,05,,0667,,05,,06,,0,,0,,5,1,0,1,0,1,0,,0,,0,,0909,,125,,0952,,1132
160,"Urquhart_Castle",1,0,,7,,85,,8667,,9,,9,,2083,,25,,4583,,625,,625,,75,,3448,,3684,,5955,,7263,,7377,,8182
161,"Gare_du_Nord_Paris",,6,,8,,65,,6667,,7,,68,,12,,24,,4,,48,,64,,68,,2,,3692,,4952,,5581,,6687,,68
162,"Newgrange_in_Ireland",,2,,4,,35,,5,,575,,64,,0417,,125,,25,,5417,,5417,,5417,,069,,1905,,2917,,52,,5578,,5867
163,"Windmills_at_Kinderdijk",1,0,1,0,,85,,8667,,9,,86,,16,,24,,28,,44,,56,,6,,2759,,3871,,4212,,5837,,6904,,7068
164,"Conciergerie",1,0,1,0,,95,,9667,,975,,94,,16,,24,,48,,64,,72,,72,,2759,,3871,,6378,,7701,,8283,,8154
165,"Palazzo_Madama",,8,,8,,85,,8333,,8,,76,,1818,,3182,,6364,,6818,,7273,,7727,,2963,,4553,,7278,,75,,7619,,7663
166,"Split_Rock_Lighthouse",,8,,9,,75,,8,,75,,74,,16,,2,,36,,52,,56,,6,,2667,,3273,,4865,,6303,,6412,,6627
167,"The_Little_Mermaid_Denmark",,4,,3,,35,,3333,,35,,34,,1429,,1429,,3571,,3571,,5,,6429,,2105,,1935,,3535,,3448,,4118,,4448
168,"Great_Pyramid_of_Giza",,6,,7,,65,,6,,625,,64,,1333,,3333,,4667,,6667,,7333,,8,,2182,,4516,,5433,,6316,,6748,,7111
169,"Pitti_Palace",,0,,4,,5,,5,,5,,54,,0,,1364,,2727,,3636,,4545,,5455,,0,,2034,,3529,,4211,,4762,,5427
170,"Georgia_State_Capitol",1,0,,7,,4,,2667,,225,,28,,2105,,2105,,2105,,2105,,2632,,3158,,3478,,3237,,2759,,2353,,2426,,2968
171,"Dome_des_Invalides",1,0,1,0,1,0,,9667,,975,,98,,2,,32,,48,,56,,64,,68,,3333,,4848,,6486,,7092,,7728,,8029
172,"Reggia_di_Caserta",1,0,,6,,6,,6667,,7,,66,,2,,2,,44,,6,,68,,72,,3333,,3,,5077,,6316,,6899,,6887
173,"The_Burj_al_Arab_Hotel",,8,,8,,75,,7667,,75,,7,,16,,28,,48,,56,,6,,6,,2667,,4148,,5854,,6472,,6667,,6462
174,"Elephanta_Caves",1,0,,9,,9,,8333,,85,,78,,1667,,25,,4167,,5417,,625,,625,,2857,,3913,,5696,,6566,,7203,,694
175,"Basilica_of_Santa_Croce",1,0,1,0,1,0,1,0,1,0,1,0,,16,,36,,48,,64,,72,,76,,2759,,5294,,6486,,7805,,8372,,8636
176,"Aachen_Cathedral",1,0,,8,,8,,7667,,8,,82,,12,,2,,36,,48,,68,,76,,2143,,32,,4966,,5904,,7351,,7889
177,"Monument_to_the_Great_Fire_of_London",,8,,7,,75,,7,,725,,72,,16,,24,,48,,52,,56,,6,,2667,,3574,,5854,,5967,,6319,,6545
178,"Longmen_Grottoes",,6,,7,,75,,6667,,65,,64,,12,,24,,32,,4,,56,,68,,2,,3574,,4486,,5,,6017,,6594
179,"Louisiana_State_Capitol",,6,,7,,55,,5,,45,,38,,12,,28,,36,,48,,52,,56,,2,,4,,4352,,4898,,4825,,4528
180,"The_Great_Sphinx_at_Giza",,8,,9,,75,,6667,,675,,74,,12,,32,,4,,48,,6,,72,,2087,,4721,,5217,,5581,,6353,,7299
181,"Teatro_Real_Madrid",,6,,6,,65,,7667,,825,,86,,1304,,2609,,4348,,5652,,7391,,7826,,2143,,3636,,521,,6507,,7797,,8195
182,"Palacio_de_la_Magdalena",,6,,6,,55,,6,,65,,64,,12,,24,,36,,44,,52,,6,,2,,3429,,4352,,5077,,5778,,6194
183,"Sowjetisches_Ehrenmal",,4,,6,,6,,6333,,675,,64,,08,,24,,36,,48,,64,,68,,1333,,3429,,45,,5461,,657,,6594
184,"Cathedral_of_Trier",,8,,9,,85,,8667,,875,,86,,16,,32,,4,,56,,72,,72,,2667,,4721,,544,,6804,,79,,7838
185,"Saint_Mary_of_the_Flower",,2,,3,,4,,4,,4,,4,,04,,08,,16,,32,,36,,4,,0667,,1263,,2286,,3556,,3789,,4
186,"Skellig_Michael",,8,,7,,7,,7,,675,,68,,16,,24,,4,,44,,52,,6,,2667,,3574,,5091,,5404,,5874,,6375
187,"Chicago_Board_of_Trade_Building",,6,,8,,75,,8333,,825,,86,,1364,,3182,,4091,,6364,,6364,,7273,,2222,,4553,,5294,,7216,,7185,,7881
188,"Pont_de_Normandie_France",,8,,7,,8,,7333,,7,,68,,2105,,3158,,5263,,6316,,7895,,7895,,3333,,4352,,6349,,6787,,742,,7307
189,"Palazzo_Rosso",,0,,0,,1,,0667,,05,,06,,0,,0,,0833,,0833,,0833,,125,,0,,0,,0909,,0741,,0625,,0811
190,"Piazza_Vittorio_Veneto",,6,,5,,4,,3333,,325,,32,,1875,,3125,,5,,5,,6875,,6875,,2857,,3846,,4444,,4,,4414,,4367
191,"Sforza_Castle",1,0,1,0,1,0,,9667,,975,,96,,12,,24,,4,,52,,56,,56,,2143,,3871,,5714,,6762,,7114,,7074
192,"Torres_KIO",1,0,1,0,,85,,8333,,8,,8,,16,,32,,44,,56,,64,,68,,2759,,4848,,5798,,6699,,7111,,7351
193,"Torre_Picasso",1,0,1,0,,8,,8667,,85,,84,,2083,,375,,5,,5833,,5833,,6667,,3448,,5455,,6154,,6973,,6919,,7434
194,"The_Palace_of_Parliament_in_Bucharest",,8,,7,,85,,8333,,825,,82,,12,,16,,28,,36,,48,,6,,2087,,2605,,4212,,5028,,6069,,693
195,"Ernest_Hemingway_House",,8,,8,,8,,8,,75,,72,,12,,24,,36,,48,,52,,6,,2087,,3692,,4966,,6,,6142,,6545
196,"Castel_dellOvo_Napoli",1,0,,8,,8,,7333,,775,,76,,16,,28,,52,,56,,56,,64,,2759,,4148,,6303,,6351,,6502,,6949
197,"Villa_Borghese_gardens",1,0,1,0,,9,,9,,9,,9,,2,,32,,48,,56,,64,,68,,3333,,4848,,6261,,6904,,7481,,7747
198,"Saint_Marks_Basilica",,8,,8,,9,,9333,,925,,9,,16,,24,,4,,48,,48,,56,,2667,,3692,,5538,,634,,632,,6904
199,"Mausoleum_of_the_First_Qin_Emperor",1,0,1,0,,95,,9,,875,,86,,2,,36,,6,,6,,68,,72,,3333,,5294,,7355,,72,,7653,,7838
200,"Mausoleum_of_Hadrian",1,0,,8,,8,,7667,,675,,62,,1667,,2778,,5,,6667,,6667,,7222,,2857,,4124,,6154,,7132,,6708,,6672
201,"Piazza_de_Ferrari",,8,,9,,95,,9333,,95,,92,,2105,,4211,,4737,,4737,,5789,,6316,,3333,,5737,,6322,,6284,,7194,,749
202,"George_Washington_Carver",,4,,4,,45,,5,,525,,54,,125,,1875,,4375,,5625,,625,,625,,1905,,2553,,4437,,5294,,5707,,5794
203,"Cathedral_of_Santiago_de_Compostela",1,0,,7,,7,,7,,675,,64,,1176,,2353,,4118,,5882,,6471,,8824,,2105,,3522,,5185,,6393,,6607,,7419
204,"Saint-Jacques_Tower",1,0,,7,,8,,7667,,7,,62,,2308,,3077,,5385,,6154,,6923,,6923,,375,,4275,,6437,,6827,,6961,,6542
205,"Calakmul_Campeche_Mexico",,6,,6,,65,,6,,6,,62,,2143,,4286,,5714,,7143,,7857,,8571,,3158,,5,,6082,,6522,,6804,,7195
206,"Bran_Castle_in_Transylvania",1,0,1,0,,75,,8,,85,,86,,1579,,2632,,3684,,5789,,6316,,6842,,2727,,4167,,4941,,6718,,7247,,7621
207,"Mosteiro_da_Batalha",1,0,1,0,1,0,1,0,1,0,1,0,,1579,,3684,,4737,,6316,,7368,,7368,,2727,,5385,,6429,,7742,,8485,,8485
208,"Wartburg_Castle",1,0,1,0,,95,,9,,9,,9,,25,,4,,65,,75,,8,,85,,4,,5714,,7719,,8182,,8471,,8743
209,"Fujian_Tulou_Fujian_China",1,0,,9,,95,,9,,9,,82,,2778,,3333,,5556,,7222,,7778,,8333,,4348,,4865,,7011,,8014,,8344,,8266
210,"Alabama_State_Capitol",,6,,6,,75,,8,,8,,82,,0952,,2381,,5238,,7143,,8095,,8095,,1644,,3409,,6168,,7547,,8047,,8147
211,"Palazzo_dAccursio",,8,,7,,55,,5333,,575,,62,,1667,,2778,,3333,,5,,6111,,6667,,2759,,3977,,4151,,5161,,5925,,6425
212,"Casa_Grande_Ruins",,8,,8,,7,,8,,8,,76,,1765,,3529,,4118,,5882,,5882,,5882,,2892,,4898,,5185,,678,,678,,6632
213,"Stravinsky_Fountain",1,0,1,0,,95,,7667,,775,,78,,2,,2667,,4,,4,,4667,,5333,,3333,,4211,,563,,5257,,5826,,6335
214,"Angel_Falls_Venezuela",,6,,5,,45,,4333,,45,,42,,1765,,2353,,4118,,5294,,5882,,6471,,2727,,32,,43,,4766,,5099,,5094
215,"Statue_of_George_IV",,6,,6,,45,,4667,,4,,4,,375,,5,,5,,5,,625,,625,,4615,,5455,,4737,,4828,,4878,,4878
216,"Palacio_Barolo",,6,,8,,9,,9333,,875,,9,,1765,,3529,,5882,,7059,,7647,,8235,,2727,,4898,,7115,,8038,,8161,,8601
217,"Bridge_of_Remembrance_Christchurch_New_Zealand",,4,,5,,45,,4333,,425,,42,,0833,,25,,3333,,5833,,75,,9167,,1379,,3333,,383,,4973,,5426,,5761
218,"John_A._Roebling_Suspension_Bridge",,2,,3,,5,,5333,,525,,48,,0667,,2,,4667,,6,,6,,6667,,1,,24,,4828,,5647,,56,,5581
219,"Blue_Dome_Santorini",,8,,9,,9,,8333,,825,,78,,1875,,3125,,5,,6875,,6875,,8125,,3038,,4639,,6429,,7534,,75,,7959
220,"Fossar_de_les_Moreres",,4,,3,,5,,3667,,325,,32,,1429,,2143,,4286,,4286,,5,,5,,2105,,25,,4615,,3952,,3939,,3902
221,"Luxor_Obelisk_France",1,0,1,0,,9,,8,,75,,76,,1875,,25,,375,,375,,4375,,5,,3158,,4,,5294,,5106,,5526,,6032
222,"Valle_de_los_Caidos",1,0,1,0,,95,,9333,,95,,88,,15,,4,,55,,65,,75,,75,,2609,,5714,,6967,,7663,,8382,,8098
--------------------
"--","Avg.",P@5,P@10,P@20,P@30,P@40,P@50,CR@5,CR@10,CR@20,CR@30,CR@40,CR@50,F1@5,F1@10,F1@20,F1@30,F1@40,F1@50
,,,7703,,755,,7502,,7425,,7372,,7351,,1535,,2609,,4191,,5324,,6079,,6637,,2531,,3826,,5277,,6072,,6527,,6839