--------------------
"Run name","output_runTAMURAXBIndex"
--------------------
"Average P@20 = ",,7354
"Average CR@20 = ",,4176
"Average F1@20 = ",,5231
--------------------
"Query Id ","Location name",P@5,P@10,P@20,P@30,P@40,P@50,CR@5,CR@10,CR@20,CR@30,CR@40,CR@50,F1@5,F1@10,F1@20,F1@30,F1@40,F1@50
1,"angel_of_the_north",1,0,1,0,,95,,9667,,975,,98,,2,,4,,52,,6,,72,,76,,3333,,5714,,6721,,7404,,8283,,8561
2,"big_ben",1,0,1,0,,85,,8,,75,,72,,1364,,2727,,3636,,5,,5,,5,,24,,4286,,5094,,6154,,6,,5902
3,"hearst_castle",,8,,9,,9,,9333,,95,,96,,1667,,2917,,4167,,5,,6667,,7083,,2759,,4406,,5696,,6512,,7835,,8152
4,"la_madeleine",,6,,3,,3,,3333,,325,,38,,2143,,2143,,2857,,5,,5714,,7143,,3158,,25,,2927,,4,,4143,,4961
5,"pont_alexandre_iii",,8,,9,,95,,9333,,95,,9,,16,,28,,48,,64,,72,,76,,2667,,4271,,6378,,7593,,8192,,8241
6,"neues_museum",,4,,6,,65,,6333,,625,,6,,08,,2,,4,,52,,56,,72,,1333,,3,,4952,,5711,,5907,,6545
7,"montezuma_castle",1,0,,8,,7,,7333,,65,,66,,4167,,5833,,75,,75,,75,,8333,,5882,,6747,,7241,,7416,,6964,,7366
8,"cn_tower",,6,,5,,6,,6333,,65,,64,,125,,2083,,375,,4583,,5833,,625,,2069,,2941,,4615,,5318,,6149,,6324
9,"acropolis_athens",,6,,7,,7,,7,,725,,76,,1429,,2857,,381,,5238,,619,,6667,,2308,,4058,,4934,,5992,,6678,,7103
10,"agra_fort",1,0,1,0,,9,,9333,,925,,94,,16,,36,,52,,6,,72,,72,,2759,,5294,,6592,,7304,,8097,,8154
11,"albert_memorial",,8,,9,,8,,8333,,775,,76,,0909,,2273,,4091,,5,,5455,,6364,,1633,,3629,,5414,,625,,6403,,6927
12,"altes_museum",,8,,8,,7,,7333,,725,,74,,125,,2083,,4167,,5,,5417,,625,,2162,,3306,,5224,,5946,,6201,,6777
13,"amiens_cathedral",,8,,8,,9,,9333,,925,,92,,16,,32,,56,,6,,76,,8,,2667,,4571,,6904,,7304,,8344,,8558
14,"angkor_wat",,4,,7,,8,,8667,,9,,9,,08,,28,,44,,64,,68,,8,,1333,,4,,5677,,7363,,7747,,8471
15,"ara_pacis",,6,,6,,65,,6333,,65,,64,,1364,,2273,,3636,,5,,5909,,7273,,2222,,3297,,4664,,5588,,619,,6809
16,"arc_de_triomphe",,4,,4,,55,,6333,,65,,64,,0833,,1667,,3333,,4167,,4583,,5833,,1379,,2353,,4151,,5026,,5376,,6104
17,"aztec_ruins",,4,,2,,4,,4,,425,,4,,08,,08,,24,,4,,48,,52,,1333,,1143,,3,,4,,4508,,4522
18,"berlin_cathedral",1,0,1,0,,95,,9333,,925,,9,,2,,36,,56,,64,,72,,76,,3333,,5294,,7046,,7593,,8097,,8241
19,"bok_tower_gardens",,6,,7,,85,,9,,875,,88,,12,,2,,4,,52,,6,,64,,2,,3111,,544,,6592,,7119,,7411
20,"brandenburg_gate",1,0,1,0,1,0,,9333,,9,,88,,16,,36,,52,,56,,72,,76,,2759,,5294,,6842,,7,,8,,8156
21,"cabrillo",,0,,1,,2,,1667,,15,,14,,0,,0769,,2308,,3077,,3846,,4615,,0,,087,,2143,,2162,,2158,,2148
22,"casa_batllo",1,0,1,0,1,0,1,0,,975,,98,,16,,28,,48,,68,,76,,76,,2759,,4375,,6486,,8095,,8542,,8561
23,"casa_rosada",1,0,,9,,9,,9,,925,,94,,2,,2,,32,,52,,64,,76,,3333,,3273,,4721,,6592,,7565,,8405
24,"castillo_de_san_marcos",,8,,7,,75,,8333,,825,,8,,16,,24,,44,,56,,68,,72,,2667,,3574,,5546,,6699,,7455,,7579
25,"chartres_cathedral",1,0,1,0,1,0,1,0,,975,,94,,16,,28,,4,,48,,64,,68,,2759,,4375,,5714,,6486,,7728,,7891
26,"chichen_itza",,6,,8,,8,,8667,,9,,92,,12,,28,,44,,6,,68,,76,,2,,4148,,5677,,7091,,7747,,8324
27,"christ_the_redeemer_rio",,6,,3,,4,,5333,,575,,52,,1304,,1304,,3043,,5652,,6522,,6957,,2143,,1818,,3457,,5488,,6112,,5951
28,"civic_center_san_francisco",,8,,8,,7,,6333,,575,,54,,16,,28,,44,,48,,48,,52,,2667,,4148,,5404,,5461,,5232,,5298
29,"cologne_cathedral",1,0,1,0,1,0,1,0,,975,,98,,2,,32,,52,,6,,68,,72,,3333,,4848,,6842,,75,,8012,,8301
30,"colosseum",,8,,9,,95,,9333,,9,,88,,16,,28,,4,,52,,52,,56,,2667,,4271,,563,,6679,,6592,,6844
31,"doge_s_palace",1,0,1,0,,9,,9,,925,,92,,2,,28,,36,,48,,52,,56,,3333,,4375,,5143,,6261,,6657,,6962
32,"eiffel_tower",,8,,8,,9,,9,,9,,92,,12,,2,,28,,4,,48,,64,,2087,,32,,4271,,5538,,6261,,7549
33,"golden_gate_bridge",,8,,9,,9,,8667,,825,,8,,1739,,2609,,4348,,4783,,5652,,5652,,2857,,4045,,5863,,6164,,6708,,6624
34,"grand_palais",1,0,1,0,1,0,1,0,,975,,98,,1818,,3636,,5455,,6364,,6364,,6818,,3077,,5333,,7059,,7778,,7701,,8042
35,"guggenheim_museum_bilbao",,8,,9,,9,,9333,,95,,96,,16,,28,,4,,56,,6,,64,,2667,,4271,,5538,,7,,7355,,768
36,"hagia_sophia_istanbul",1,0,1,0,1,0,1,0,1,0,,98,,12,,2,,44,,52,,6,,64,,2143,,3333,,6111,,6842,,75,,7743
37,"hoover_dam",1,0,1,0,,85,,8667,,875,,88,,12,,2,,44,,56,,68,,72,,2143,,3333,,5798,,6804,,7653,,792
38,"humayun_tomb",,6,,8,,8,,8667,,85,,88,,12,,28,,44,,56,,72,,72,,2,,4148,,5677,,6804,,7796,,792
39,"iguazu_falls",1,0,1,0,,95,,9667,,95,,84,,2,,36,,52,,6,,76,,76,,3333,,5294,,6721,,7404,,8444,,798
40,"iolani_palace",,8,,8,,7,,7,,725,,7,,16,,28,,44,,6,,76,,8,,2667,,4148,,5404,,6462,,7421,,7467
41,"la_mezquita",,6,,5,,55,,5,,45,,44,,125,,2083,,4167,,5,,5,,5833,,2069,,2941,,4741,,5,,4737,,5016
42,"la_rambla_barcelona",,6,,7,,75,,8333,,825,,84,,12,,2,,4,,52,,56,,68,,2,,3111,,5217,,6404,,6671,,7516
43,"la_sainte_chapelle",1,0,1,0,,85,,9,,9,,88,,16,,28,,44,,6,,64,,72,,2759,,4375,,5798,,72,,7481,,792
44,"liberty_memorial",,8,,8,,8,,8,,825,,8,,08,,2,,28,,36,,48,,64,,1455,,32,,4148,,4966,,6069,,7111
45,"lincoln_home",,8,,8,,65,,6,,525,,58,,1667,,3333,,5,,6111,,6111,,6667,,2759,,4706,,5652,,6055,,5648,,6203
46,"machu_picchu",,8,,8,,7,,7667,,775,,8,,16,,24,,44,,6,,68,,72,,2667,,3692,,5404,,6732,,7244,,7579
47,"marble_arch_london",,0,,1,,1,,0667,,075,,06,,0,,0833,,0833,,0833,,0833,,0833,,0,,0909,,0909,,0741,,0789,,0698
48,"milan_cathedral",1,0,,9,,85,,8333,,85,,84,,2,,28,,4,,56,,6,,68,,3333,,4271,,544,,6699,,7034,,7516
49,"mole_antonelliana",1,0,,7,,7,,7667,,775,,74,,16,,24,,36,,48,,52,,6,,2759,,3574,,4755,,5904,,6224,,6627
50,"mont_saint_michel",1,0,1,0,,95,,9,,875,,9,,2,,36,,52,,6,,72,,84,,3333,,5294,,6721,,72,,79,,869
51,"moulin_rouge",,2,,2,,15,,1333,,15,,14,,125,,25,,375,,5,,625,,625,,1538,,2222,,2143,,2105,,2419,,2288
52,"nelson_s_column",,8,,9,,8,,8667,,85,,84,,1667,,2917,,4167,,625,,7083,,8333,,2759,,4406,,5479,,7263,,7727,,8367
53,"notre_dame_de_paris",,8,,8,,9,,9,,875,,86,,16,,28,,36,,52,,52,,64,,2667,,4148,,5143,,6592,,6523,,7339
54,"obelisco",,2,,2,,2,,2,,175,,16,,0909,,1818,,2727,,4545,,4545,,4545,,125,,1905,,2308,,2778,,2527,,2367
55,"piccadilly_circus",,4,,7,,8,,7667,,775,,8,,087,,3043,,4783,,5652,,6957,,7826,,1429,,4242,,5986,,6507,,7332,,7912
56,"place_de_la_concorde",1,0,1,0,,95,,9667,,975,,98,,2,,36,,48,,56,,6,,64,,3333,,5294,,6378,,7092,,7429,,7743
57,"place_de_la_republique",,4,,2,,15,,1333,,15,,18,,25,,25,,375,,375,,625,,625,,3077,,2222,,2143,,1967,,2419,,2795
58,"place_des_vosges",,8,,8,,6,,6,,65,,66,,12,,28,,36,,48,,6,,6,,2087,,4148,,45,,5333,,624,,6286
59,"pont_du_gard",,4,,5,,55,,6,,575,,62,,08,,16,,28,,28,,32,,44,,1333,,2424,,3711,,3818,,4112,,5147
60,"pont_neuf",,2,,3,,4,,5,,525,,52,,04,,12,,24,,4,,52,,56,,0667,,1714,,3,,4444,,5225,,5393
61,"ponte_vecchio",,8,,6,,6,,6,,55,,56,,1667,,25,,375,,5,,625,,6667,,2759,,3529,,4615,,5455,,5851,,6087
62,"puerta_de_alcala",,6,,6,,6,,6,,65,,64,,1579,,2105,,3158,,4211,,4737,,5263,,25,,3117,,4138,,4948,,548,,5776
63,"puerta_del_sol",,6,,7,,4,,4,,425,,42,,1,,25,,25,,4,,5,,65,,1714,,3684,,3077,,4,,4595,,5103
64,"red_fort",,8,,9,,95,,9667,,975,,98,,16,,28,,56,,68,,8,,84,,2667,,4271,,7046,,7984,,8789,,9046
65,"reims_cathedral",,8,,8,,8,,8333,,8,,8,,16,,28,,52,,64,,72,,76,,2667,,4148,,6303,,724,,7579,,7795
66,"rialto_bridge",,4,,5,,5,,5333,,475,,48,,125,,1875,,375,,375,,4375,,625,,1905,,2727,,4286,,4404,,4555,,543
67,"roman_forum_rome",,6,,7,,8,,7667,,75,,76,,12,,2,,44,,64,,68,,68,,2,,3111,,5677,,6976,,7133,,7178
68,"sacre_coeur",,6,,5,,6,,6333,,675,,66,,125,,2083,,375,,5833,,625,,6667,,2069,,2941,,4615,,6073,,649,,6633
69,"sagrada_familia",1,0,1,0,,9,,9333,,925,,9,,2,,4,,52,,68,,72,,76,,3333,,5714,,6592,,7868,,8097,,8241
70,"santa_maria_novella",,8,,7,,55,,5,,5,,52,,12,,2,,28,,32,,44,,52,,2087,,3111,,3711,,3902,,4681,,52
71,"schonbrunn_palace",1,0,1,0,,95,,9667,,975,,98,,2,,24,,32,,52,,6,,64,,3333,,3871,,4787,,6762,,7429,,7743
72,"seville_cathedral",1,0,1,0,1,0,,9667,,975,,96,,2,,28,,56,,68,,72,,76,,3333,,4375,,7179,,7984,,8283,,8484
73,"spanish_steps",,8,,8,,7,,6667,,675,,64,,1364,,1818,,3182,,4545,,5455,,6818,,233,,2963,,4375,,5405,,6034,,6602
74,"st__basil_cathedral",1,0,1,0,,95,,9,,925,,94,,16,,28,,44,,48,,6,,68,,2759,,4375,,6014,,6261,,7279,,7891
75,"statue_of_liberty",,6,,6,,75,,8333,,875,,84,,12,,24,,4,,52,,6,,68,,2,,3429,,5217,,6404,,7119,,7516
76,"stonehenge",,6,,7,,65,,6,,575,,54,,1053,,2105,,2105,,2105,,3684,,3684,,1791,,3237,,318,,3117,,4491,,438
77,"summer_palace_beijing",1,0,,9,,9,,8667,,85,,86,,2,,32,,44,,56,,68,,76,,3333,,4721,,591,,6804,,7556,,8069
78,"sydney_opera_house",1,0,1,0,,9,,9333,,875,,88,,16,,28,,48,,64,,64,,68,,2759,,4375,,6261,,7593,,7393,,7672
79,"teotihuacan",,6,,6,,65,,7,,75,,78,,12,,16,,4,,52,,56,,6,,2,,2526,,4952,,5967,,6412,,6783
80,"terracotta_army",,8,,6,,65,,6667,,65,,64,,2,,3,,55,,65,,7,,8,,32,,4,,5958,,6582,,6741,,7111
81,"the_blue_mosque",1,0,1,0,,95,,9,,9,,92,,2,,32,,48,,56,,72,,72,,3333,,4848,,6378,,6904,,8,,8078
82,"the_henry_ford",,8,,7,,7,,7,,7,,66,,16,,24,,48,,56,,6,,6,,2667,,3574,,5695,,6222,,6462,,6286
83,"taj_mahal",1,0,1,0,,95,,8667,,875,,88,,16,,32,,52,,6,,72,,76,,2759,,4848,,6721,,7091,,79,,8156
84,"tour_montparnasse",,2,,2,,3,,3,,275,,26,,05,,1,,25,,35,,35,,35,,08,,1333,,2727,,3231,,308,,2984
85,"tower_bridge_london",,6,,7,,45,,5,,425,,46,,12,,24,,32,,52,,56,,56,,2,,3574,,374,,5098,,4832,,5051
86,"trafalgar_square",,4,,5,,45,,4667,,45,,44,,0909,,1818,,3182,,3636,,4091,,4545,,1481,,2667,,3728,,4088,,4286,,4472
87,"leaning_tower_of_pisa",,6,,7,,8,,7,,675,,62,,12,,2,,44,,56,,6,,64,,2,,3111,,5677,,6222,,6353,,6298
88,"hermitage_museum_saint_petersburg",,8,,9,,8,,8333,,85,,84,,16,,36,,44,,64,,72,,76,,2667,,5143,,5677,,724,,7796,,798
89,"jantar_mantar_jaipur",,4,,6,,75,,7667,,775,,8,,08,,2,,48,,64,,64,,72,,1333,,3,,5854,,6976,,7011,,7579
90,"lake_titicaca_peru",,8,,8,,7,,7,,675,,62,,125,,2917,,4583,,6667,,6667,,6667,,2162,,4275,,554,,6829,,6708,,6425
91,"the_great_wall_of_china",,8,,9,,8,,8667,,8,,78,,16,,32,,44,,6,,72,,76,,2667,,4721,,5677,,7091,,7579,,7699
92,"grande_arche_paris",,6,,6,,5,,5333,,55,,58,,08,,2,,28,,44,,56,,64,,1412,,3,,359,,4822,,555,,6085
93,"el_angel_mexico",,2,,3,,35,,3,,325,,34,,0476,,1429,,2381,,3333,,5238,,5714,,0769,,1935,,2834,,3158,,4011,,4263
94,"bibliotheque_nationale_de_france",,8,,8,,75,,7667,,725,,74,,16,,24,,44,,64,,68,,72,,2667,,3692,,5546,,6976,,7018,,7299
95,"kronborg_castle",,8,,9,,8,,8667,,85,,82,,1667,,25,,3333,,5,,5417,,6667,,2759,,3913,,4706,,6341,,6617,,7354
96,"ajanta_caves",,8,,9,,9,,9,,875,,88,,1818,,3636,,5455,,5909,,6364,,6364,,2963,,518,,6792,,7134,,7368,,7386
97,"atomium",,8,,9,,85,,8667,,875,,9,,1905,,2857,,3333,,4762,,5238,,6667,,3077,,4337,,4789,,6147,,6553,,766
98,"ellora_caves",,8,,9,,9,,9333,,95,,96,,1364,,2727,,4091,,4545,,5455,,5909,,233,,4186,,5625,,6114,,693,,7315
99,"potala_palace",,8,,8,,7,,7,,675,,7,,2222,,3889,,5,,6111,,6111,,6667,,3478,,5234,,5833,,6525,,6415,,6829
100,"jokhang",,8,,7,,65,,6667,,7,,72,,16,,24,,36,,48,,56,,6,,2667,,3574,,4634,,5581,,6222,,6545
101,"rila_monastery",1,0,1,0,,95,,9667,,9,,9,,16,,24,,32,,36,,36,,36,,2759,,3871,,4787,,5246,,5143,,5143
102,"louvre_pyramid",,6,,7,,75,,7333,,75,,76,,1667,,2222,,2778,,4444,,4444,,5,,2609,,3373,,4054,,5535,,5581,,6032
103,"brooklyn_bridge",1,0,1,0,,85,,8333,,8,,78,,1905,,2857,,381,,5238,,6667,,7143,,32,,4444,,5261,,6433,,7273,,7457
104,"tower_of_london",,8,,6,,65,,6333,,625,,66,,1739,,2174,,3913,,4348,,4783,,6087,,2857,,3191,,4885,,5156,,5419,,6333
105,"british_museum_london",,8,,9,,95,,9667,,975,,94,,1,,3,,4,,55,,65,,65,,1778,,45,,563,,7011,,78,,7686
106,"buckingham_palace",,2,,2,,2,,2333,,325,,38,,05,,1,,2,,25,,5,,6,,08,,1333,,2,,2414,,3939,,4653
107,"charles_bridge_prague",,6,,7,,75,,7333,,7,,64,,125,,25,,375,,4583,,5417,,5833,,2069,,3684,,5,,5641,,6107,,6104
108,"champs_elysees_paris",,6,,7,,7,,6,,575,,52,,2,,4,,6,,6667,,6667,,6667,,3,,5091,,6462,,6316,,6174,,5843
109,"chrysler_building",,8,,9,,85,,9,,9,,92,,2857,,5,,5,,6429,,7143,,7143,,4211,,6429,,6296,,75,,7965,,8042
110,"moma_new_york",,8,,9,,9,,9333,,9,,9,,1579,,3158,,4737,,5789,,6316,,6842,,2637,,4675,,6207,,7146,,7423,,7774
111,"grand_central_terminal",1,0,,9,,95,,8667,,875,,88,,1429,,1429,,3333,,4762,,5238,,5714,,25,,2466,,4935,,6147,,6553,,6929
112,"houses_of_parliament",1,0,1,0,1,0,,9333,,925,,92,,1739,,2609,,5217,,5652,,5652,,5652,,2963,,4138,,6857,,7041,,7017,,7002
113,"alexanderplatz_berlin",,4,,4,,5,,6,,65,,64,,08,,12,,28,,4,,52,,56,,1333,,1846,,359,,48,,5778,,5973
114,"centre_pompidou",,4,,4,,5,,6333,,675,,68,,1111,,2222,,3333,,5556,,6111,,6667,,1739,,2857,,4,,5919,,6415,,6733
115,"sydney_harbour_bridge",1,0,,9,,95,,9333,,925,,92,,1875,,3125,,5,,75,,8125,,8125,,3158,,4639,,6552,,8317,,8651,,8629
116,"pier_39",,8,,8,,9,,8667,,875,,86,,1429,,3333,,4762,,5714,,6667,,7619,,2424,,4706,,6228,,6887,,7568,,808
117,"coit_tower",,6,,7,,6,,6333,,6,,56,,1333,,3333,,4,,4667,,5333,,5333,,2182,,4516,,48,,5374,,5647,,5463
118,"st_paul_s_cathedral_london",,8,,8,,75,,7667,,725,,68,,2353,,3529,,4706,,6471,,6471,,6471,,3636,,4898,,5783,,7018,,6838,,6631
119,"cloud_gate",,8,,9,,85,,8,,8,,74,,1667,,3333,,5833,,5833,,6667,,6667,,2759,,4865,,6919,,6747,,7273,,7014
120,"musee_d_orsay",1,0,1,0,,95,,9667,,95,,94,,1905,,2857,,381,,5714,,619,,6667,,32,,4444,,5438,,7183,,7496,,7801
121,"pike_place_market",1,0,,9,,9,,9333,,925,,9,,1905,,3333,,5238,,6667,,7619,,7619,,32,,4865,,6622,,7778,,8356,,8252
122,"royal_palace_madrid",,6,,7,,7,,7333,,7,,72,,1364,,2273,,3636,,5455,,6818,,7727,,2222,,3431,,4786,,6256,,6908,,7454
123,"sony_center_berlin",1,0,1,0,,95,,9,,925,,92,,2381,,381,,4762,,5238,,5714,,619,,3846,,5517,,6344,,6622,,7064,,7401
124,"red_square_moscow",,8,,7,,75,,8,,75,,72,,1429,,1905,,3333,,5238,,5714,,619,,2424,,2995,,4615,,6331,,6486,,6657
125,"prague_castle",,6,,7,,75,,7333,,775,,76,,12,,24,,4,,52,,68,,72,,2,,3574,,5217,,6085,,7244,,7395
126,"musee_du_louvre",1,0,1,0,1,0,1,0,,975,,98,,2,,36,,56,,64,,76,,84,,3333,,5294,,7179,,7805,,8542,,9046
127,"millennium_bridge_london",,8,,8,,6,,7,,7,,74,,12,,2,,32,,48,,6,,64,,2087,,32,,4174,,5695,,6462,,6864
128,"casa_mila",,8,,9,,9,,9,,925,,94,,16,,32,,48,,56,,68,,72,,2667,,4721,,6261,,6904,,7838,,8154
129,"national_gallery_london",,4,,5,,6,,6,,625,,6,,0909,,1818,,4545,,5455,,6364,,6364,,1481,,2667,,5172,,5714,,6306,,6176
130,"national_mall",,4,,7,,65,,7,,7,,7,,08,,2,,36,,48,,52,,64,,1333,,3111,,4634,,5695,,5967,,6687
131,"london_city_hall",1,0,1,0,,9,,7667,,775,,72,,15,,25,,45,,45,,5,,55,,2609,,4,,6,,5671,,6078,,6236
132,"holocaust_memorial",,6,,6,,5,,5,,425,,44,,1875,,3125,,5,,5625,,5625,,75,,2857,,411,,5,,5294,,4842,,5546
133,"columbus_circle",,4,,6,,5,,4667,,5,,46,,08,,24,,32,,4,,56,,56,,1333,,3429,,3902,,4308,,5283,,5051
134,"siegessaeule",,8,,6,,6,,4667,,425,,52,,16,,2,,4,,44,,48,,56,,2667,,3,,48,,4529,,4508,,5393
135,"jardin_du_luxembourg",,8,,9,,95,,9333,,9,,92,,16,,32,,52,,56,,72,,8,,2667,,4721,,6721,,7,,8,,8558
136,"merlion_singapore",,2,,4,,5,,5333,,55,,54,,0455,,1818,,4091,,5,,6364,,7273,,0741,,25,,45,,5161,,59,,6198
137,"harrods_london",,4,,6,,8,,7667,,725,,76,,08,,24,,4,,56,,56,,56,,1333,,3429,,5333,,6472,,6319,,6448
138,"metropolitan_museum_of_art_new_york",1,0,1,0,1,0,1,0,1,0,,98,,16,,32,,52,,6,,68,,76,,2759,,4848,,6842,,75,,8095,,8561
139,"new_york_stock_exchange",,6,,4,,55,,6,,625,,68,,15,,15,,3,,4,,45,,6,,24,,2182,,3882,,48,,5233,,6375
140,"stephansdom_vienna",1,0,1,0,1,0,1,0,,975,,96,,16,,24,,44,,56,,6,,68,,2759,,3871,,6111,,7179,,7429,,7961
141,"hms_belfast",1,0,,9,,95,,9333,,95,,94,,12,,2,,48,,6,,68,,76,,2143,,3273,,6378,,7304,,7926,,8405
142,"leicester_square",,8,,5,,7,,6333,,625,,66,,16,,2,,36,,44,,48,,56,,2667,,2857,,4755,,5193,,543,,6059
143,"ciudad_de_las_artes_y_las_ciencias",1,0,1,0,1,0,1,0,,925,,94,,12,,32,,52,,68,,72,,76,,2143,,4848,,6842,,8095,,8097,,8405
144,"topkapi_palace",1,0,1,0,1,0,1,0,,975,,96,,2,,32,,48,,68,,76,,84,,3333,,4848,,6486,,8095,,8542,,896
145,"royal_albert_hall",,6,,7,,6,,5667,,575,,58,,12,,28,,4,,48,,48,,52,,2,,4,,48,,5197,,5232,,5484
146,"st_vitus_cathedral",1,0,,9,,95,,9333,,95,,94,,2,,36,,52,,56,,6,,72,,3333,,5143,,6721,,7,,7355,,8154
147,"castello_sforzesco",1,0,,8,,9,,9,,9,,9,,16,,2,,44,,6,,68,,72,,2759,,32,,591,,72,,7747,,8
148,"rijksmuseum_amsterdam",1,0,1,0,1,0,1,0,1,0,1,0,,16,,24,,48,,56,,72,,88,,2759,,3871,,6486,,7179,,8372,,9362
149,"dam_square",,4,,5,,55,,5667,,6,,62,,04,,16,,36,,52,,6,,68,,0727,,2424,,4352,,5423,,6,,6486
150,"rathaus_vienna",,4,,7,,7,,6,,625,,62,,08,,2,,4,,48,,64,,64,,1333,,3111,,5091,,5333,,6324,,6298
151,"bath_abbey",1,0,,9,,9,,9333,,925,,94,,2,,28,,36,,48,,64,,68,,3333,,4271,,5143,,634,,7565,,7891
152,"salisbury_cathedral",1,0,1,0,,85,,8667,,875,,9,,16,,32,,4,,48,,64,,64,,2759,,4848,,544,,6178,,7393,,7481
153,"templo_de_debod",,2,,5,,5,,4333,,475,,48,,0455,,1364,,2273,,3182,,3636,,4091,,0741,,2143,,3125,,3669,,4119,,4417
154,"Niagara_Falls",,6,,6,,5,,5,,625,,58,,1364,,2273,,3636,,4091,,5455,,5455,,2222,,3297,,4211,,45,,5825,,5622
155,"Golden_Gate_Bridge_in_San_Francisco",,8,,9,,95,,9667,,95,,96,,1364,,2273,,4091,,6364,,6818,,6818,,233,,3629,,5719,,7675,,7939,,7973
156,"Neuschwanstein_Castle",,8,,9,,8,,8667,,875,,9,,12,,28,,36,,56,,6,,6,,2087,,4271,,4966,,6804,,7119,,72
157,"Christ_Church_Cathedral_Missouri",,8,,8,,85,,8667,,85,,84,,16,,28,,4,,44,,52,,6,,2667,,4148,,544,,5837,,6453,,7
158,"Mount_Rushmore_in_South_Dakota",,8,,9,,9,,8667,,875,,9,,12,,2,,36,,56,,64,,72,,2087,,3273,,5143,,6804,,7393,,8
159,"Puerta_de_Toledo",,0,,0,,05,,0333,,025,,02,,0,,0,,5,,5,,5,,5,,0,,0,,0909,,0625,,0476,,0385
160,"Urquhart_Castle",1,0,,8,,85,,8667,,875,,9,,125,,1667,,3333,,5,,7083,,8333,,2222,,2759,,4789,,6341,,7829,,8654
161,"Gare_du_Nord_Paris",,8,,9,,85,,7333,,775,,8,,12,,24,,32,,4,,52,,6,,2087,,3789,,465,,5176,,6224,,6857
162,"Newgrange_in_Ireland",1,0,,8,,75,,7333,,75,,72,,2083,,2917,,4167,,5,,5417,,5833,,3448,,4275,,5357,,5946,,629,,6445
163,"Windmills_at_Kinderdijk",1,0,1,0,,95,,9,,875,,86,,12,,32,,52,,64,,72,,72,,2143,,4848,,6721,,7481,,79,,7838
164,"Conciergerie",1,0,1,0,1,0,1,0,,975,,98,,12,,32,,52,,64,,68,,72,,2143,,4848,,6842,,7805,,8012,,8301
165,"Palazzo_Madama",,4,,6,,65,,6333,,6,,56,,0909,,2727,,5,,6818,,6818,,6818,,1481,,375,,5652,,6567,,6383,,6149
166,"Split_Rock_Lighthouse",1,0,,9,,85,,7667,,775,,74,,2,,28,,44,,48,,56,,64,,3333,,4271,,5798,,5904,,6502,,6864
167,"The_Little_Mermaid_Denmark",,2,,4,,5,,4,,45,,5,,0714,,2143,,4286,,5714,,6429,,7143,,1053,,2791,,4615,,4706,,5294,,5882
168,"Great_Pyramid_of_Giza",,6,,6,,55,,5333,,525,,58,,2,,2667,,4,,6,,6667,,8,,3,,3692,,4632,,5647,,5874,,6725
169,"Pitti_Palace",,4,,6,,65,,6,,65,,66,,0909,,2727,,4545,,5,,6818,,7273,,1481,,375,,535,,5455,,6655,,692
170,"Georgia_State_Capitol",,2,,4,,25,,2333,,225,,24,,0526,,1579,,2105,,2105,,2105,,2632,,0833,,2264,,2286,,2213,,2175,,251
171,"Dome_des_Invalides",1,0,1,0,1,0,1,0,1,0,1,0,,2,,4,,56,,72,,76,,8,,3333,,5714,,7179,,8372,,8636,,8889
172,"Reggia_di_Caserta",,8,,6,,55,,6333,,65,,6,,16,,24,,4,,44,,52,,52,,2667,,3429,,4632,,5193,,5778,,5571
173,"The_Burj_al_Arab_Hotel",,8,,8,,8,,8333,,825,,8,,16,,32,,52,,64,,68,,72,,2667,,4571,,6303,,724,,7455,,7579
174,"Elephanta_Caves",1,0,,8,,65,,6667,,7,,68,,2083,,25,,2917,,375,,625,,75,,3448,,381,,4027,,48,,6604,,7133
175,"Basilica_of_Santa_Croce",1,0,1,0,1,0,1,0,,975,,98,,2,,32,,44,,6,,64,,68,,3333,,4848,,6111,,75,,7728,,8029
176,"Aachen_Cathedral",1,0,1,0,,9,,8333,,825,,84,,16,,28,,52,,56,,6,,72,,2759,,4375,,6592,,6699,,6947,,7754
177,"Monument_to_the_Great_Fire_of_London",,8,,8,,7,,7,,725,,72,,16,,28,,4,,56,,68,,72,,2667,,4148,,5091,,6222,,7018,,72
178,"Longmen_Grottoes",,6,,7,,65,,7333,,7,,7,,12,,28,,52,,6,,72,,76,,2,,4,,5778,,66,,7099,,7288
179,"Louisiana_State_Capitol",,2,,6,,45,,5,,45,,44,,04,,16,,28,,4,,52,,52,,0667,,2526,,3452,,4444,,4825,,4767
180,"The_Great_Sphinx_at_Giza",1,0,,9,,85,,7667,,75,,7,,12,,28,,52,,6,,64,,68,,2143,,4271,,6453,,6732,,6906,,6899
181,"Teatro_Real_Madrid",,6,,5,,55,,5667,,525,,58,,1304,,2174,,4348,,6087,,6522,,7826,,2143,,303,,4857,,5869,,5817,,6662
182,"Palacio_de_la_Magdalena",1,0,,6,,75,,7,,625,,64,,2,,24,,52,,68,,76,,76,,3333,,3429,,6142,,6899,,6859,,6949
183,"Sowjetisches_Ehrenmal",,4,,7,,7,,7,,675,,72,,08,,2,,36,,56,,64,,76,,1333,,3111,,4755,,6222,,657,,7395
184,"Cathedral_of_Trier",,8,,8,,7,,7667,,8,,8,,16,,28,,4,,56,,68,,72,,2667,,4148,,5091,,6472,,7351,,7579
185,"Saint_Mary_of_the_Flower",,2,,2,,4,,3333,,4,,42,,04,,08,,28,,32,,32,,4,,0667,,1143,,3294,,3265,,3556,,4098
186,"Skellig_Michael",,8,,6,,7,,7333,,675,,68,,16,,24,,4,,6,,64,,72,,2667,,3429,,5091,,66,,657,,6994
187,"Chicago_Board_of_Trade_Building",1,0,,8,,75,,6333,,625,,6,,2273,,3182,,5455,,5909,,6818,,7273,,3704,,4553,,6316,,6114,,6522,,6575
188,"Pont_de_Normandie_France",,8,,8,,8,,8667,,75,,76,,1579,,3684,,5263,,6842,,7895,,8947,,2637,,5045,,6349,,7647,,7692,,8219
189,"Palazzo_Rosso",,0,,0,,05,,1,,125,,12,,0,,0,,0417,,125,,1667,,2083,,0,,0,,0455,,1111,,1429,,1523
190,"Piazza_Vittorio_Veneto",,6,,4,,35,,3333,,35,,32,,125,,1875,,3125,,5,,5,,5625,,2069,,2553,,3302,,4,,4118,,4079
191,"Sforza_Castle",1,0,,9,,95,,9333,,95,,92,,16,,32,,44,,56,,68,,68,,2759,,4721,,6014,,7,,7926,,782
192,"Torres_KIO",,8,,7,,7,,8,,775,,82,,16,,2,,36,,52,,6,,68,,2667,,3111,,4755,,6303,,6764,,7435
193,"Torre_Picasso",1,0,,9,,85,,8,,775,,78,,1667,,2917,,375,,5,,625,,6667,,2857,,4406,,5204,,6154,,692,,7189
194,"The_Palace_of_Parliament_in_Bucharest",,8,,8,,8,,7667,,8,,82,,12,,24,,44,,64,,68,,68,,2087,,3692,,5677,,6976,,7351,,7435
195,"Ernest_Hemingway_House",,6,,7,,8,,8333,,775,,8,,12,,24,,44,,64,,68,,76,,2,,3574,,5677,,724,,7244,,7795
196,"Castel_dellOvo_Napoli",,8,,7,,75,,7667,,8,,82,,16,,28,,36,,48,,6,,76,,2667,,4,,4865,,5904,,6857,,7889
197,"Villa_Borghese_gardens",,8,,9,,95,,9333,,95,,96,,12,,28,,48,,52,,68,,76,,2087,,4271,,6378,,6679,,7926,,8484
198,"Saint_Marks_Basilica",1,0,1,0,,9,,9,,875,,9,,16,,24,,4,,52,,6,,68,,2759,,3871,,5538,,6592,,7119,,7747
199,"Mausoleum_of_the_First_Qin_Emperor",,8,,8,,75,,8,,8,,84,,12,,2,,32,,4,,44,,68,,2087,,32,,4486,,5333,,5677,,7516
200,"Mausoleum_of_Hadrian",,4,,5,,45,,4667,,5,,56,,1111,,2778,,4444,,4444,,5556,,6667,,1739,,3571,,4472,,4553,,5263,,6087
201,"Piazza_de_Ferrari",,8,,9,,9,,9333,,95,,92,,1053,,3158,,4211,,5263,,5789,,6316,,186,,4675,,5737,,6731,,7194,,749
202,"George_Washington_Carver",,2,,3,,5,,4,,425,,44,,0625,,1875,,375,,375,,5,,5625,,0952,,2308,,4286,,3871,,4595,,4938
203,"Cathedral_of_Santiago_de_Compostela",1,0,1,0,1,0,,8667,,85,,84,,2353,,3529,,5882,,7059,,7647,,8235,,381,,5217,,7407,,7781,,8051,,8317
204,"Saint-Jacques_Tower",,8,,8,,8,,8,,725,,76,,1538,,3846,,6154,,6923,,7692,,8462,,2581,,5195,,6957,,7423,,7465,,8008
205,"Calakmul_Campeche_Mexico",,8,,7,,8,,8667,,85,,8,,2143,,4286,,5714,,5714,,6429,,6429,,338,,5316,,6667,,6887,,7321,,7129
206,"Bran_Castle_in_Transylvania",,6,,8,,8,,8333,,85,,88,,1579,,3158,,4211,,5263,,6316,,6842,,25,,4528,,5517,,6452,,7247,,7699
207,"Mosteiro_da_Batalha",1,0,1,0,1,0,1,0,1,0,1,0,,2105,,4211,,5263,,5789,,7895,,8421,,3478,,5926,,6897,,7333,,8824,,9143
208,"Wartburg_Castle",1,0,1,0,,95,,9333,,925,,92,,2,,3,,5,,65,,8,,8,,3333,,4615,,6552,,7663,,858,,8558
209,"Fujian_Tulou_Fujian_China",1,0,1,0,,85,,9,,925,,92,,1667,,4444,,5,,7222,,7778,,8889,,2857,,6154,,6296,,8014,,845,,9042
210,"Alabama_State_Capitol",1,0,,8,,7,,7,,675,,66,,2381,,2857,,4286,,4762,,5238,,5238,,3846,,4211,,5316,,5668,,5899,,5841
211,"Palazzo_dAccursio",,6,,5,,5,,5,,45,,46,,1667,,2222,,3889,,5,,6111,,6111,,2609,,3077,,4375,,5,,5183,,5249
212,"Casa_Grande_Ruins",,8,,9,,75,,7667,,8,,78,,1765,,2941,,3529,,4706,,4706,,5294,,2892,,4433,,48,,5832,,5926,,6307
213,"Stravinsky_Fountain",,6,,8,,8,,8,,75,,78,,1333,,2667,,4,,4667,,4667,,5333,,2182,,4,,5333,,5895,,5753,,6335
214,"Angel_Falls_Venezuela",,2,,4,,35,,4333,,45,,42,,0588,,1765,,3529,,4706,,5882,,7647,,0909,,2449,,3515,,4512,,5099,,5422
215,"Statue_of_George_IV",,2,,2,,3,,2333,,2,,24,,125,,25,,5,,5,,5,,5,,1538,,2222,,375,,3182,,2857,,3243
216,"Palacio_Barolo",1,0,1,0,1,0,,8333,,875,,84,,1176,,2353,,6471,,7647,,8824,,8824,,2105,,381,,7857,,7975,,8787,,8607
217,"Bridge_of_Remembrance_Christchurch_New_Zealand",,6,,6,,4,,4,,4,,38,,25,,4167,,5,,5,,5833,,6667,,3529,,4918,,4444,,4444,,4746,,4841
218,"John_A._Roebling_Suspension_Bridge",,4,,5,,45,,6,,6,,56,,1333,,2,,4667,,7333,,8,,8667,,2,,2857,,4582,,66,,6857,,6804
219,"Blue_Dome_Santorini",1,0,,9,,9,,9,,85,,8,,3125,,375,,625,,625,,625,,8125,,4762,,5294,,7377,,7377,,7203,,8062
220,"Fossar_de_les_Moreres",,6,,5,,45,,3667,,4,,42,,2143,,3571,,5,,5714,,6429,,7143,,3158,,4167,,4737,,4467,,4932,,529
221,"Luxor_Obelisk_France",1,0,1,0,,9,,8333,,8,,78,,3125,,3125,,375,,4375,,4375,,4375,,4762,,4762,,5294,,5738,,5657,,5606
222,"Valle_de_los_Caidos",1,0,1,0,,9,,9,,9,,88,,2,,35,,55,,65,,75,,8,,3333,,5185,,6828,,7548,,8182,,8381
--------------------
"--","Avg.",P@5,P@10,P@20,P@30,P@40,P@50,CR@5,CR@10,CR@20,CR@30,CR@40,CR@50,F1@5,F1@10,F1@20,F1@30,F1@40,F1@50
,,,7324,,745,,7354,,7366,,7324,,7308,,1465,,2607,,4176,,5293,,6061,,6635,,2415,,3808,,5231,,605,,6514,,6832