--------------------
"Run name","output_runACCDaviesBouldin"
--------------------
"Average P@20 = ",,7867
"Average CR@20 = ",,4148
"Average F1@20 = ",,5325
--------------------
"Query Id ","Location name",P@5,P@10,P@20,P@30,P@40,P@50,CR@5,CR@10,CR@20,CR@30,CR@40,CR@50,F1@5,F1@10,F1@20,F1@30,F1@40,F1@50
1,"angel_of_the_north",1,0,1,0,1,0,1,0,1,0,,98,,2,,36,,52,,6,,68,,72,,3333,,5294,,6842,,75,,8095,,8301
2,"big_ben",1,0,1,0,1,0,,9333,,875,,82,,1818,,3636,,4545,,4545,,5,,5455,,3077,,5333,,625,,6114,,6364,,6551
3,"hearst_castle",1,0,,9,,9,,9,,9,,92,,1667,,3333,,5417,,75,,8333,,9167,,2857,,4865,,6763,,8182,,8654,,9183
4,"la_madeleine",,4,,6,,45,,4,,4,,4,,1429,,3571,,4286,,5,,5714,,6429,,2105,,4478,,439,,4444,,4706,,4932
5,"pont_alexandre_iii",1,0,1,0,1,0,1,0,,975,,96,,12,,24,,4,,52,,56,,6,,2143,,3871,,5714,,6842,,7114,,7385
6,"neues_museum",,2,,2,,4,,4,,525,,54,,04,,08,,28,,4,,48,,6,,0667,,1143,,3294,,4,,5015,,5684
7,"montezuma_castle",,6,,5,,65,,7333,,675,,66,,25,,3333,,4167,,6667,,75,,75,,3529,,4,,5078,,6984,,7105,,7021
8,"cn_tower",,2,,6,,65,,6667,,675,,7,,0417,,2083,,4167,,4167,,5833,,7083,,069,,3093,,5078,,5128,,6258,,7041
9,"acropolis_athens",1,0,,9,,9,,9,,9,,88,,2381,,381,,4286,,4762,,4762,,5714,,3846,,5353,,5806,,6228,,6228,,6929
10,"agra_fort",1,0,,8,,85,,9,,85,,88,,16,,28,,52,,68,,68,,72,,2759,,4148,,6453,,7747,,7556,,792
11,"albert_memorial",,4,,5,,7,,8,,825,,82,,0909,,1364,,3182,,4545,,5,,5,,1481,,2143,,4375,,5797,,6226,,6212
12,"altes_museum",1,0,,9,,8,,7,,675,,68,,2083,,2917,,4167,,5,,625,,6667,,3448,,4406,,5479,,5833,,649,,6733
13,"amiens_cathedral",1,0,1,0,,95,,9,,925,,92,,16,,32,,52,,68,,76,,88,,2759,,4848,,6721,,7747,,8344,,8996
14,"angkor_wat",1,0,,9,,8,,8333,,775,,76,,2,,28,,44,,64,,72,,72,,3333,,4271,,5677,,724,,7465,,7395
15,"ara_pacis",,4,,5,,65,,7333,,75,,8,,0909,,2273,,5,,6364,,6818,,7727,,1481,,3125,,5652,,6814,,7143,,7861
16,"arc_de_triomphe",1,0,1,0,,9,,8333,,775,,72,,1667,,2917,,4167,,5,,5833,,6667,,2857,,4516,,5696,,625,,6656,,6923
17,"aztec_ruins",,2,,1,,2,,1667,,225,,24,,04,,04,,12,,16,,28,,28,,0667,,0571,,15,,1633,,2495,,2585
18,"berlin_cathedral",1,0,1,0,1,0,,9667,,925,,94,,16,,32,,52,,72,,72,,76,,2759,,4848,,6842,,8253,,8097,,8405
19,"bok_tower_gardens",,6,,8,,9,,9,,9,,92,,12,,2,,36,,52,,68,,76,,2,,32,,5143,,6592,,7747,,8324
20,"brandenburg_gate",1,0,,9,,95,,9667,,95,,94,,16,,24,,4,,56,,6,,64,,2759,,3789,,563,,7092,,7355,,7615
21,"cabrillo",,2,,2,,15,,1,,125,,12,,0769,,1538,,2308,,2308,,3846,,4615,,1111,,1739,,1818,,1395,,1887,,1905
22,"casa_batllo",1,0,1,0,1,0,1,0,1,0,1,0,,16,,28,,44,,56,,68,,76,,2759,,4375,,6111,,7179,,8095,,8636
23,"casa_rosada",1,0,,9,,9,,8333,,875,,9,,16,,28,,48,,56,,72,,76,,2759,,4271,,6261,,6699,,79,,8241
24,"castillo_de_san_marcos",1,0,,9,,85,,8333,,775,,76,,2,,32,,48,,52,,64,,72,,3333,,4721,,6135,,6404,,7011,,7395
25,"chartres_cathedral",1,0,1,0,,95,,9667,,95,,92,,2,,32,,52,,6,,68,,72,,3333,,4848,,6721,,7404,,7926,,8078
26,"chichen_itza",,8,,7,,7,,7667,,8,,82,,08,,16,,32,,44,,56,,68,,1455,,2605,,4392,,5591,,6588,,7435
27,"christ_the_redeemer_rio",,8,,7,,6,,5333,,55,,54,,087,,1739,,2609,,3043,,4783,,6087,,1569,,2786,,3636,,3875,,5116,,5723
28,"civic_center_san_francisco",,8,,7,,7,,6667,,675,,66,,16,,24,,36,,44,,52,,64,,2667,,3574,,4755,,5301,,5874,,6498
29,"cologne_cathedral",1,0,,9,,9,,9,,925,,94,,16,,24,,48,,56,,6,,64,,2759,,3789,,6261,,6904,,7279,,7615
30,"colosseum",1,0,,9,,95,,9333,,95,,94,,2,,32,,44,,56,,64,,68,,3333,,4721,,6014,,7,,7648,,7891
31,"doge_s_palace",,8,,9,,85,,8333,,85,,86,,16,,24,,32,,48,,48,,52,,2667,,3789,,465,,6091,,6135,,6481
32,"eiffel_tower",1,0,1,0,1,0,1,0,,925,,94,,12,,2,,32,,52,,56,,64,,2143,,3333,,4848,,6842,,6976,,7615
33,"golden_gate_bridge",,6,,8,,9,,8667,,8,,82,,087,,3043,,4783,,5217,,5217,,6087,,1519,,4409,,6246,,6514,,6316,,6987
34,"grand_palais",1,0,,8,,9,,9,,925,,94,,1818,,2273,,4545,,5909,,6364,,6818,,3077,,354,,604,,7134,,754,,7904
35,"guggenheim_museum_bilbao",1,0,1,0,1,0,1,0,,975,,96,,2,,28,,4,,56,,64,,68,,3333,,4375,,5714,,7179,,7728,,7961
36,"hagia_sophia_istanbul",1,0,1,0,,95,,9667,,975,,98,,16,,2,,36,,48,,52,,6,,2759,,3333,,5221,,6415,,6783,,7443
37,"hoover_dam",1,0,1,0,,95,,9,,925,,94,,16,,2,,4,,52,,64,,68,,2759,,3333,,563,,6592,,7565,,7891
38,"humayun_tomb",,8,,8,,8,,7667,,775,,82,,12,,24,,32,,48,,68,,8,,2087,,3692,,4571,,5904,,7244,,8099
39,"iguazu_falls",,8,,7,,75,,7333,,7,,76,,16,,24,,4,,6,,72,,84,,2667,,3574,,5217,,66,,7099,,798
40,"iolani_palace",1,0,,8,,8,,8,,8,,78,,16,,24,,44,,48,,56,,68,,2759,,3692,,5677,,6,,6588,,7266
41,"la_mezquita",,8,,9,,75,,7333,,65,,64,,125,,3333,,4167,,4583,,5,,5833,,2162,,4865,,5357,,5641,,5652,,6104
42,"la_rambla_barcelona",,8,,9,,85,,9,,9,,9,,12,,28,,44,,52,,56,,68,,2087,,4271,,5798,,6592,,6904,,7747
43,"la_sainte_chapelle",1,0,1,0,1,0,,9667,,925,,94,,2,,32,,56,,68,,72,,76,,3333,,4848,,7179,,7984,,8097,,8405
44,"liberty_memorial",,8,,8,,75,,7667,,725,,74,,08,,12,,24,,4,,52,,6,,1455,,2087,,3636,,5257,,6056,,6627
45,"lincoln_home",,8,,7,,75,,7667,,75,,72,,2222,,3333,,7222,,7778,,7778,,7778,,3478,,4516,,7358,,7722,,7636,,7478
46,"machu_picchu",1,0,,9,,8,,7667,,75,,76,,12,,24,,4,,48,,6,,72,,2143,,3789,,5333,,5904,,6667,,7395
47,"marble_arch_london",,8,,8,,65,,5667,,475,,42,,25,,5,,5833,,5833,,6667,,8333,,381,,6154,,6149,,5749,,5547,,5585
48,"milan_cathedral",1,0,1,0,,9,,9333,,925,,94,,16,,32,,44,,56,,64,,72,,2759,,4848,,591,,7,,7565,,8154
49,"mole_antonelliana",,8,,9,,9,,7667,,7,,68,,08,,2,,28,,36,,4,,48,,1455,,3273,,4271,,4899,,5091,,5628
50,"mont_saint_michel",,8,,9,,9,,8667,,875,,9,,12,,28,,44,,48,,56,,68,,2087,,4271,,591,,6178,,6829,,7747
51,"moulin_rouge",,0,,0,,05,,0333,,025,,04,,0,,0,,125,,125,,125,,25,,0,,0,,0714,,0526,,0417,,069
52,"nelson_s_column",,8,,8,,9,,8667,,85,,86,,0833,,2083,,4167,,5417,,5833,,6667,,1509,,3306,,5696,,6667,,6919,,7511
53,"notre_dame_de_paris",1,0,,9,,9,,8333,,85,,88,,2,,32,,44,,52,,68,,72,,3333,,4721,,591,,6404,,7556,,792
54,"obelisco",,2,,1,,15,,1333,,1,,14,,0909,,0909,,1818,,2727,,2727,,4545,,125,,0952,,1644,,1791,,1463,,2141
55,"piccadilly_circus",,6,,8,,85,,8333,,8,,76,,1304,,3043,,4783,,5652,,6522,,6957,,2143,,4409,,6121,,6736,,7186,,7264
56,"place_de_la_concorde",,8,,9,,95,,9667,,95,,96,,08,,16,,36,,52,,64,,68,,1455,,2717,,5221,,6762,,7648,,7961
57,"place_de_la_republique",,4,,4,,3,,2667,,25,,22,,25,,375,,625,,75,,75,,875,,3077,,3871,,4054,,3934,,375,,3516
58,"place_des_vosges",,6,,6,,6,,5667,,65,,68,,12,,16,,32,,44,,56,,72,,2,,2526,,4174,,4954,,6017,,6994
59,"pont_du_gard",,8,,7,,7,,7333,,8,,76,,12,,16,,24,,36,,52,,6,,2087,,2605,,3574,,4829,,6303,,6706
60,"pont_neuf",1,0,1,0,,85,,7333,,65,,66,,12,,28,,4,,44,,52,,64,,2143,,4375,,544,,55,,5778,,6498
61,"ponte_vecchio",,8,,8,,85,,8,,775,,72,,125,,2917,,5,,5417,,6667,,7083,,2162,,4275,,6296,,646,,7168,,7141
62,"puerta_de_alcala",,2,,3,,5,,4667,,55,,58,,0526,,1053,,2632,,3684,,6316,,6842,,0833,,1558,,3448,,4118,,588,,6278
63,"puerta_del_sol",1,0,,8,,65,,6,,55,,54,,25,,3,,45,,5,,6,,6,,4,,4364,,5318,,5455,,5739,,5684
64,"red_fort",1,0,1,0,1,0,1,0,1,0,1,0,,16,,32,,48,,68,,76,,8,,2759,,4848,,6486,,8095,,8636,,8889
65,"reims_cathedral",1,0,1,0,1,0,1,0,1,0,,98,,2,,24,,4,,52,,56,,6,,3333,,3871,,5714,,6842,,7179,,7443
66,"rialto_bridge",1,0,,9,,7,,6667,,625,,6,,1875,,3125,,4375,,5625,,625,,75,,3158,,4639,,5385,,6102,,625,,6667
67,"roman_forum_rome",,4,,6,,75,,7,,725,,78,,04,,12,,4,,44,,6,,72,,0727,,2,,5217,,5404,,6566,,7488
68,"sacre_coeur",,4,,5,,55,,5333,,525,,48,,0833,,1667,,3333,,375,,375,,375,,1379,,25,,4151,,4404,,4375,,4211
69,"sagrada_familia",,8,,9,,95,,9333,,95,,9,,16,,24,,36,,44,,52,,68,,2667,,3789,,5221,,5981,,6721,,7747
70,"santa_maria_novella",,8,,7,,6,,6333,,6,,62,,16,,24,,28,,4,,4,,52,,2667,,3574,,3818,,4903,,48,,5656
71,"schonbrunn_palace",1,0,1,0,1,0,1,0,,975,,98,,16,,32,,44,,6,,64,,76,,2759,,4848,,6111,,75,,7728,,8561
72,"seville_cathedral",,6,,8,,85,,9,,9,,92,,12,,24,,44,,52,,68,,72,,2,,3692,,5798,,6592,,7747,,8078
73,"spanish_steps",1,0,,8,,7,,6667,,65,,7,,1364,,2273,,4091,,5455,,6364,,6818,,24,,354,,5164,,6,,6431,,6908
74,"st__basil_cathedral",1,0,1,0,,95,,9667,,925,,86,,2,,32,,56,,64,,72,,8,,3333,,4848,,7046,,7701,,8097,,8289
75,"statue_of_liberty",,8,,8,,9,,8667,,85,,84,,16,,28,,48,,52,,6,,6,,2667,,4148,,6261,,65,,7034,,7
76,"stonehenge",,6,,7,,55,,5667,,5,,48,,0526,,2105,,3158,,4211,,5263,,5789,,0968,,3237,,4012,,4831,,5128,,5249
77,"summer_palace_beijing",1,0,1,0,,95,,9333,,925,,92,,16,,24,,48,,6,,72,,8,,2759,,3871,,6378,,7304,,8097,,8558
78,"sydney_opera_house",,8,,9,,9,,9,,85,,84,,16,,24,,4,,48,,6,,64,,2667,,3789,,5538,,6261,,7034,,7265
79,"teotihuacan",,6,,7,,75,,7333,,725,,7,,12,,16,,36,,48,,56,,64,,2,,2605,,4865,,5802,,6319,,6687
80,"terracotta_army",,8,,7,,7,,7,,625,,62,,2,,35,,5,,65,,7,,75,,32,,4667,,5833,,6741,,6604,,6788
81,"the_blue_mosque",,8,,9,,85,,9,,9,,92,,16,,28,,36,,44,,48,,64,,2667,,4271,,5058,,591,,6261,,7549
82,"the_henry_ford",,8,,8,,8,,8,,775,,72,,12,,24,,52,,64,,68,,8,,2087,,3692,,6303,,7111,,7244,,7579
83,"taj_mahal",,8,,9,,9,,9,,9,,88,,12,,24,,44,,56,,64,,64,,2087,,3789,,591,,6904,,7481,,7411
84,"tour_montparnasse",,8,,7,,5,,4667,,425,,4,,15,,25,,4,,55,,65,,65,,2526,,3684,,4444,,5049,,514,,4952
85,"tower_bridge_london",,6,,5,,6,,5333,,55,,52,,12,,16,,44,,52,,6,,6,,2,,2424,,5077,,5266,,5739,,5571
86,"trafalgar_square",,6,,5,,6,,5333,,55,,58,,1364,,1818,,2727,,4091,,4545,,5,,2222,,2667,,375,,463,,4977,,537
87,"leaning_tower_of_pisa",,8,,6,,55,,6,,625,,66,,16,,24,,28,,44,,52,,56,,2667,,3429,,3711,,5077,,5677,,6059
88,"hermitage_museum_saint_petersburg",1,0,,8,,85,,8333,,825,,84,,16,,28,,4,,56,,56,,6,,2759,,4148,,544,,6699,,6671,,7
89,"jantar_mantar_jaipur",1,0,,8,,85,,8,,825,,8,,16,,28,,52,,64,,68,,72,,2759,,4148,,6453,,7111,,7455,,7579
90,"lake_titicaca_peru",,4,,4,,45,,4333,,475,,54,,0833,,125,,25,,4167,,5,,6667,,1379,,1905,,3214,,4248,,4872,,5967
91,"the_great_wall_of_china",,8,,9,,85,,8333,,85,,84,,12,,28,,52,,6,,68,,72,,2087,,4271,,6453,,6977,,7556,,7754
92,"grande_arche_paris",,6,,7,,65,,7,,65,,66,,08,,16,,28,,32,,44,,56,,1412,,2605,,3914,,4392,,5248,,6059
93,"el_angel_mexico",,8,,6,,55,,5667,,5,,48,,1905,,2381,,381,,5238,,5714,,6667,,3077,,3409,,4501,,5444,,5333,,5581
94,"bibliotheque_nationale_de_france",,6,,7,,6,,6333,,675,,66,,08,,2,,32,,4,,48,,52,,1412,,3111,,4174,,4903,,561,,5817
95,"kronborg_castle",,6,,7,,8,,8333,,825,,82,,125,,2083,,4167,,5417,,5833,,625,,2069,,3211,,5479,,6566,,6834,,7093
96,"ajanta_caves",,8,,7,,8,,8667,,875,,88,,1818,,2727,,4545,,5455,,6364,,6364,,2963,,3925,,5797,,6695,,7368,,7386
97,"atomium",1,0,1,0,,95,,9333,,95,,94,,2381,,3333,,381,,5238,,5714,,6667,,3846,,5,,5438,,671,,7136,,7801
98,"ellora_caves",1,0,,9,,95,,9333,,95,,96,,1364,,1818,,3636,,5455,,5909,,7273,,24,,3025,,526,,6885,,7286,,8276
99,"potala_palace",1,0,,7,,85,,8667,,825,,82,,2222,,2778,,5,,6111,,6111,,6111,,3636,,3977,,6296,,7168,,7021,,7003
100,"jokhang",,8,,9,,85,,8333,,825,,8,,16,,28,,48,,6,,6,,72,,2667,,4271,,6135,,6977,,6947,,7579
101,"rila_monastery",1,0,1,0,,95,,8667,,85,,84,,2,,24,,32,,4,,4,,4,,3333,,3871,,4787,,5474,,544,,5419
102,"louvre_pyramid",1,0,,9,,85,,9,,925,,9,,2222,,4444,,5,,5,,5556,,5556,,3636,,595,,6296,,6429,,6942,,687
103,"brooklyn_bridge",,8,,9,,85,,8,,825,,8,,1905,,2857,,381,,4762,,619,,619,,3077,,4337,,5261,,597,,7073,,698
104,"tower_of_london",,8,,8,,8,,8,,775,,76,,1304,,2174,,3478,,3913,,5217,,6522,,2243,,3419,,4848,,5255,,6236,,702
105,"british_museum_london",1,0,1,0,1,0,1,0,,975,,96,,15,,25,,4,,5,,55,,55,,2609,,4,,5714,,6667,,7033,,6993
106,"buckingham_palace",,6,,4,,45,,5,,475,,42,,1,,1,,2,,4,,4,,4,,1714,,16,,2769,,4444,,4343,,4098
107,"charles_bridge_prague",1,0,1,0,,8,,7667,,75,,7,,1667,,2083,,25,,3333,,4583,,4583,,2857,,3448,,381,,4646,,569,,554
108,"champs_elysees_paris",,6,,5,,5,,5,,525,,58,,2,,3333,,3333,,4667,,6,,6667,,3,,4,,4,,4828,,56,,6203
109,"chrysler_building",1,0,1,0,1,0,1,0,1,0,1,0,,2857,,5,,6429,,6429,,7143,,8571,,4444,,6667,,7826,,7826,,8333,,9231
110,"moma_new_york",,4,,6,,8,,8,,8,,8,,1053,,3158,,4737,,5263,,5789,,6842,,1667,,4138,,595,,6349,,6718,,7376
111,"grand_central_terminal",1,0,1,0,,95,,9333,,95,,96,,0952,,1905,,2857,,3333,,4762,,619,,1739,,32,,4393,,4912,,6344,,7527
112,"houses_of_parliament",1,0,1,0,,95,,9333,,95,,96,,2174,,2609,,4348,,4783,,5217,,5217,,3571,,4138,,5965,,6324,,6736,,6761
113,"alexanderplatz_berlin",,8,,6,,7,,7,,65,,64,,16,,2,,36,,48,,56,,6,,2667,,3,,4755,,5695,,6017,,6194
114,"centre_pompidou",1,0,,7,,65,,6333,,625,,7,,2778,,3333,,5,,5556,,6111,,7222,,4348,,4516,,5652,,5919,,618,,7109
115,"sydney_harbour_bridge",1,0,1,0,1,0,1,0,1,0,1,0,,3125,,375,,5,,5625,,5625,,6875,,4762,,5455,,6667,,72,,72,,8148
116,"pier_39",,8,,9,,95,,9,,9,,92,,1905,,1905,,4286,,4762,,619,,7619,,3077,,3144,,5907,,6228,,7335,,8335
117,"coit_tower",1,0,,9,,8,,7333,,7,,66,,2,,2667,,3333,,3333,,4667,,4667,,3333,,4114,,4706,,4583,,56,,5467
118,"st_paul_s_cathedral_london",1,0,,9,,9,,9,,925,,88,,1765,,3529,,5294,,5882,,7647,,7647,,3,,507,,6667,,7115,,8372,,8183
119,"cloud_gate",,6,,6,,65,,6667,,725,,7,,1667,,1667,,4167,,5,,5,,5,,2609,,2609,,5078,,5714,,5918,,5833
120,"musee_d_orsay",1,0,1,0,,95,,8667,,9,,92,,1429,,1905,,2857,,4762,,7143,,8571,,25,,32,,4393,,6147,,7965,,8875
121,"pike_place_market",1,0,1,0,,95,,9333,,9,,88,,1905,,3333,,5238,,5714,,5714,,5714,,32,,5,,6753,,7089,,699,,6929
122,"royal_palace_madrid",,8,,7,,85,,8333,,825,,84,,1818,,3182,,5,,6364,,6364,,7273,,2963,,4375,,6296,,7216,,7185,,7796
123,"sony_center_berlin",,8,,9,,95,,9333,,925,,94,,0952,,1429,,381,,4286,,4286,,4762,,1702,,2466,,5438,,5874,,5858,,6321
124,"red_square_moscow",,8,,9,,65,,7,,725,,72,,1905,,2857,,4286,,5238,,5714,,619,,3077,,4337,,5166,,5992,,6391,,6657
125,"prague_castle",1,0,1,0,,9,,9333,,9,,9,,2,,32,,44,,64,,68,,68,,3333,,4848,,591,,7593,,7747,,7747
126,"musee_du_louvre",1,0,1,0,1,0,1,0,1,0,,96,,08,,16,,32,,48,,64,,68,,1481,,2759,,4848,,6486,,7805,,7961
127,"millennium_bridge_london",,6,,8,,85,,8,,75,,76,,12,,24,,44,,52,,6,,68,,2,,3692,,5798,,6303,,6667,,7178
128,"casa_mila",,8,,8,,85,,8667,,9,,92,,16,,32,,4,,52,,56,,64,,2667,,4571,,544,,65,,6904,,7549
129,"national_gallery_london",,8,,8,,75,,6333,,65,,62,,1818,,3636,,4545,,4545,,5455,,5455,,2963,,5,,566,,5292,,5932,,5803
130,"national_mall",1,0,1,0,,95,,9,,85,,82,,16,,36,,56,,64,,76,,8,,2759,,5294,,7046,,7481,,8025,,8099
131,"london_city_hall",1,0,,6,,75,,6,,65,,68,,25,,25,,45,,45,,55,,6,,4,,3529,,5625,,5143,,5958,,6375
132,"holocaust_memorial",,8,,8,,75,,6667,,6,,6,,1875,,3125,,5,,5625,,5625,,625,,3038,,4494,,6,,6102,,5806,,6122
133,"columbus_circle",,6,,5,,55,,6333,,6,,6,,12,,2,,4,,52,,6,,64,,2,,2857,,4632,,5711,,6,,6194
134,"siegessaeule",1,0,,8,,85,,6667,,6,,58,,16,,24,,36,,4,,48,,52,,2759,,3692,,5058,,5,,5333,,5484
135,"jardin_du_luxembourg",,8,,9,,95,,9667,,975,,98,,12,,28,,4,,48,,68,,76,,2087,,4271,,563,,6415,,8012,,8561
136,"merlion_singapore",,4,,4,,5,,5333,,525,,54,,0909,,1818,,3182,,5455,,6364,,6818,,1481,,25,,3889,,5393,,5753,,6027
137,"harrods_london",1,0,1,0,,95,,9,,825,,84,,16,,28,,48,,56,,56,,64,,2759,,4375,,6378,,6904,,6671,,7265
138,"metropolitan_museum_of_art_new_york",1,0,1,0,1,0,,9667,,975,,98,,16,,32,,48,,48,,6,,68,,2759,,4848,,6486,,6415,,7429,,8029
139,"new_york_stock_exchange",,8,,8,,7,,6333,,625,,62,,15,,2,,3,,35,,45,,55,,2526,,32,,42,,4508,,5233,,5829
140,"stephansdom_vienna",1,0,1,0,1,0,1,0,1,0,,98,,16,,36,,56,,68,,72,,76,,2759,,5294,,7179,,8095,,8372,,8561
141,"hms_belfast",1,0,1,0,1,0,,9667,,95,,94,,16,,28,,4,,6,,72,,72,,2759,,4375,,5714,,7404,,8192,,8154
142,"leicester_square",1,0,,9,,65,,7333,,75,,74,,12,,24,,32,,4,,44,,52,,2143,,3789,,4289,,5176,,5546,,6108
143,"ciudad_de_las_artes_y_las_ciencias",1,0,1,0,,9,,9,,925,,94,,16,,32,,44,,6,,68,,68,,2759,,4848,,591,,72,,7838,,7891
144,"topkapi_palace",1,0,1,0,1,0,1,0,1,0,,98,,2,,36,,52,,64,,76,,76,,3333,,5294,,6842,,7805,,8636,,8561
145,"royal_albert_hall",1,0,,9,,7,,7333,,725,,68,,16,,28,,36,,48,,56,,64,,2759,,4271,,4755,,5802,,6319,,6594
146,"st_vitus_cathedral",,8,,8,,9,,9333,,95,,96,,16,,24,,36,,52,,6,,64,,2667,,3692,,5143,,6679,,7355,,768
147,"castello_sforzesco",,8,,9,,9,,9333,,925,,92,,08,,16,,44,,48,,6,,6,,1455,,2717,,591,,634,,7279,,7263
148,"rijksmuseum_amsterdam",1,0,1,0,1,0,,9667,,975,,98,,12,,24,,4,,48,,6,,72,,2143,,3871,,5714,,6415,,7429,,8301
149,"dam_square",,6,,7,,75,,6333,,625,,58,,12,,2,,32,,4,,52,,6,,2,,3111,,4486,,4903,,5677,,5898
150,"rathaus_vienna",,8,,9,,75,,7667,,75,,68,,12,,24,,28,,4,,44,,44,,2087,,3789,,4078,,5257,,5546,,5343
151,"bath_abbey",1,0,1,0,1,0,,9667,,975,,96,,16,,28,,36,,48,,6,,72,,2759,,4375,,5294,,6415,,7429,,8229
152,"salisbury_cathedral",1,0,1,0,1,0,,9667,,975,,98,,16,,24,,32,,44,,44,,52,,2759,,3871,,4848,,6047,,6064,,6795
153,"templo_de_debod",,6,,3,,25,,2333,,25,,34,,0909,,0909,,1364,,1818,,2727,,4091,,1579,,1395,,1765,,2044,,2609,,3714
154,"Niagara_Falls",,6,,5,,7,,6667,,625,,56,,1364,,1364,,3636,,4545,,6364,,6364,,2222,,2143,,4786,,5405,,6306,,5957
155,"Golden_Gate_Bridge_in_San_Francisco",1,0,1,0,,95,,9667,,925,,94,,1818,,2727,,4545,,5,,5909,,5909,,3077,,4286,,6149,,6591,,7211,,7257
156,"Neuschwanstein_Castle",1,0,,9,,9,,9333,,925,,92,,16,,28,,48,,6,,72,,72,,2759,,4271,,6261,,7304,,8097,,8078
157,"Christ_Church_Cathedral_Missouri",1,0,1,0,,95,,9333,,925,,9,,2,,32,,44,,56,,64,,64,,3333,,4848,,6014,,7,,7565,,7481
158,"Mount_Rushmore_in_South_Dakota",,8,,9,,95,,9,,925,,9,,12,,2,,32,,44,,48,,56,,2087,,3273,,4787,,591,,632,,6904
159,"Puerta_de_Toledo",,2,,2,,15,,1,,075,,06,,5,1,0,1,0,1,0,1,0,1,0,,2857,,3333,,2609,,1818,,1395,,1132
160,"Urquhart_Castle",,8,,9,,9,,9,,85,,86,,1667,,2917,,4583,,5417,,5833,,6667,,2759,,4406,,6074,,6763,,6919,,7511
161,"Gare_du_Nord_Paris",1,0,,8,,8,,8,,775,,74,,2,,24,,36,,48,,52,,56,,3333,,3692,,4966,,6,,6224,,6375
162,"Newgrange_in_Ireland",,6,,6,,6,,6,,625,,6,,125,,2083,,3333,,4583,,5,,5,,2069,,3093,,4286,,5197,,5556,,5455
163,"Windmills_at_Kinderdijk",,8,,9,,9,,9333,,925,,92,,16,,32,,44,,52,,6,,6,,2667,,4721,,591,,6679,,7279,,7263
164,"Conciergerie",1,0,1,0,,95,,9667,,95,,96,,16,,28,,56,,72,,72,,72,,2759,,4375,,7046,,8253,,8192,,8229
165,"Palazzo_Madama",,8,,7,,7,,6333,,6,,62,,1818,,3182,,4545,,5909,,5909,,6818,,2963,,4375,,5512,,6114,,5954,,6494
166,"Split_Rock_Lighthouse",1,0,1,0,,9,,8667,,875,,84,,2,,28,,36,,44,,56,,56,,3333,,4375,,5143,,5837,,6829,,672
167,"The_Little_Mermaid_Denmark",1,0,1,0,,8,,7333,,7,,66,,2143,,5,,6429,,7857,,8571,,9286,,3529,,6667,,7129,,7586,,7706,,7716
168,"Great_Pyramid_of_Giza",,6,,5,,6,,6333,,625,,66,,1333,,2667,,4667,,5333,,6,,8,,2182,,3478,,525,,579,,6122,,7233
169,"Pitti_Palace",,8,,7,,7,,7333,,675,,68,,1364,,2273,,4091,,5,,5455,,5455,,233,,3431,,5164,,5946,,6034,,6053
170,"Georgia_State_Capitol",,8,,7,,6,,4667,,375,,36,,2105,,2105,,2632,,2632,,2632,,2632,,3333,,3237,,3659,,3365,,3093,,3041
171,"Dome_des_Invalides",1,0,1,0,,95,,9667,,975,,98,,2,,28,,36,,44,,56,,6,,3333,,4375,,5221,,6047,,7114,,7443
172,"Reggia_di_Caserta",,4,,7,,65,,5667,,55,,54,,08,,2,,4,,48,,52,,6,,1333,,3111,,4952,,5197,,5346,,5684
173,"The_Burj_al_Arab_Hotel",,6,,8,,7,,7667,,75,,76,,12,,28,,36,,48,,56,,64,,2,,4148,,4755,,5904,,6412,,6949
174,"Elephanta_Caves",,8,,9,,85,,8667,,85,,84,,125,,2083,,4167,,5,,625,,6667,,2162,,3383,,5592,,6341,,7203,,7434
175,"Basilica_of_Santa_Croce",1,0,1,0,1,0,1,0,1,0,1,0,,12,,24,,36,,6,,68,,68,,2143,,3871,,5294,,75,,8095,,8095
176,"Aachen_Cathedral",1,0,1,0,,9,,9,,925,,94,,2,,28,,44,,48,,56,,68,,3333,,4375,,591,,6261,,6976,,7891
177,"Monument_to_the_Great_Fire_of_London",,4,,3,,55,,5667,,625,,6,,08,,12,,28,,48,,56,,64,,1333,,1714,,3711,,5197,,5907,,6194
178,"Longmen_Grottoes",,6,,7,,45,,5333,,525,,58,,12,,2,,24,,4,,56,,56,,2,,3111,,313,,4571,,5419,,5698
179,"Louisiana_State_Capitol",,4,,2,,2,,2333,,275,,3,,08,,08,,12,,2,,2,,36,,1333,,1143,,15,,2154,,2316,,3273
180,"The_Great_Sphinx_at_Giza",1,0,,9,,9,,8667,,875,,86,,2,,28,,4,,48,,64,,76,,3333,,4271,,5538,,6178,,7393,,8069
181,"Teatro_Real_Madrid",1,0,,9,,8,,8333,,85,,8,,2174,,3913,,4783,,6957,,6957,,7391,,3571,,5455,,5986,,7583,,7651,,7684
182,"Palacio_de_la_Magdalena",,8,,8,,65,,6667,,7,,72,,16,,28,,36,,48,,56,,68,,2667,,4148,,4634,,5581,,6222,,6994
183,"Sowjetisches_Ehrenmal",,4,,7,,65,,6667,,675,,66,,08,,24,,36,,48,,68,,84,,1333,,3574,,4634,,5581,,6775,,7392
184,"Cathedral_of_Trier",1,0,,9,,9,,9333,,875,,88,,16,,28,,48,,56,,64,,76,,2759,,4271,,6261,,7,,7393,,8156
185,"Saint_Mary_of_the_Flower",,2,,2,,45,,4,,4,,42,,04,,08,,32,,36,,4,,44,,0667,,1143,,374,,3789,,4,,4298
186,"Skellig_Michael",,8,,7,,85,,7333,,725,,7,,16,,28,,52,,52,,56,,6,,2667,,4,,6453,,6085,,6319,,6462
187,"Chicago_Board_of_Trade_Building",1,0,,9,,75,,8,,75,,74,,2273,,3636,,4545,,5,,5455,,6364,,3704,,518,,566,,6154,,6316,,6843
188,"Pont_de_Normandie_France",1,0,,8,,9,,8333,,825,,78,,1579,,2105,,5789,,6316,,7368,,8421,,2727,,3333,,7046,,7186,,7784,,8099
189,"Palazzo_Rosso",,2,,1,,1,,0667,,075,,08,,0417,,0417,,0833,,0833,,125,,1667,,069,,0588,,0909,,0741,,0937,,1081
190,"Piazza_Vittorio_Veneto",1,0,,6,,5,,4667,,4,,4,,25,,25,,3125,,4375,,4375,,625,,4,,3529,,3846,,4516,,4179,,4878
191,"Sforza_Castle",1,0,,9,,95,,9667,,95,,96,,2,,32,,4,,56,,64,,64,,3333,,4721,,563,,7092,,7648,,768
192,"Torres_KIO",,8,,8,,9,,9,,875,,88,,12,,2,,4,,52,,64,,68,,2087,,32,,5538,,6592,,7393,,7672
193,"Torre_Picasso",1,0,,9,,85,,8333,,825,,8,,2083,,2917,,5,,6667,,6667,,75,,3448,,4406,,6296,,7407,,7374,,7742
194,"The_Palace_of_Parliament_in_Bucharest",1,0,,9,,95,,9333,,95,,94,,16,,24,,4,,52,,52,,64,,2759,,3789,,563,,6679,,6721,,7615
195,"Ernest_Hemingway_House",,8,,9,,85,,8333,,8,,72,,16,,32,,48,,6,,64,,72,,2667,,4721,,6135,,6977,,7111,,72
196,"Castel_dellOvo_Napoli",1,0,1,0,,9,,8667,,875,,84,,2,,36,,56,,6,,64,,72,,3333,,5294,,6904,,7091,,7393,,7754
197,"Villa_Borghese_gardens",1,0,1,0,,95,,9667,,975,,98,,2,,32,,56,,76,,84,,84,,3333,,4848,,7046,,851,,9025,,9046
198,"Saint_Marks_Basilica",1,0,1,0,1,0,1,0,1,0,1,0,,16,,28,,4,,48,,6,,6,,2759,,4375,,5714,,6486,,75,,75
199,"Mausoleum_of_the_First_Qin_Emperor",,8,,9,,95,,9,,9,,86,,16,,2,,44,,56,,64,,76,,2667,,3273,,6014,,6904,,7481,,8069
200,"Mausoleum_of_Hadrian",1,0,1,0,,8,,7667,,7,,7,,1667,,3889,,5,,6111,,6111,,6667,,2857,,56,,6154,,6801,,6525,,6829
201,"Piazza_de_Ferrari",1,0,1,0,1,0,1,0,,95,,96,,2105,,3158,,4211,,4211,,5263,,6316,,3478,,48,,5926,,5926,,6774,,7619
202,"George_Washington_Carver",,4,,7,,65,,7,,7,,66,,125,,3125,,4375,,5,,5625,,625,,1905,,4321,,523,,5833,,6238,,642
203,"Cathedral_of_Santiago_de_Compostela",1,0,,9,,85,,8667,,875,,88,,1765,,1765,,5294,,5882,,8235,,9412,,3,,2951,,6525,,7008,,8485,,9096
204,"Saint-Jacques_Tower",,6,,8,,75,,6667,,725,,76,,2308,,2308,,4615,,4615,,6154,,6923,,3333,,3582,,5714,,5455,,6657,,7246
205,"Calakmul_Campeche_Mexico",1,0,,9,,8,,8,,775,,8,,2857,,3571,,5714,,6429,,7143,,7857,,4444,,5114,,6667,,7129,,7434,,7928
206,"Bran_Castle_in_Transylvania",1,0,1,0,,95,,8667,,85,,84,,2105,,2632,,3684,,5263,,6316,,7368,,3478,,4167,,5309,,6549,,7247,,785
207,"Mosteiro_da_Batalha",1,0,1,0,1,0,1,0,1,0,1,0,,2632,,4211,,6316,,6316,,6316,,7368,,4167,,5926,,7742,,7742,,7742,,8485
208,"Wartburg_Castle",1,0,1,0,,95,,9,,925,,9,,2,,35,,45,,6,,75,,85,,3333,,5185,,6107,,72,,8284,,8743
209,"Fujian_Tulou_Fujian_China",1,0,1,0,1,0,1,0,,95,,96,,2222,,3889,,4444,,5,,5556,,7222,,3636,,56,,6154,,6667,,7011,,8243
210,"Alabama_State_Capitol",,6,,5,,45,,6,,6,,6,,1429,,1429,,3333,,4762,,619,,6667,,2308,,2222,,383,,531,,6094,,6316
211,"Palazzo_dAccursio",,6,,6,,7,,6667,,675,,66,,1667,,1667,,2222,,3333,,5,,6111,,2609,,2609,,3373,,4444,,5745,,6346
212,"Casa_Grande_Ruins",1,0,,8,,85,,9,,85,,84,,2941,,4706,,4706,,5294,,5294,,5294,,4545,,5926,,6058,,6667,,6525,,6495
213,"Stravinsky_Fountain",,8,,9,,9,,9,,9,,86,,2,,2667,,4,,4,,5333,,6,,32,,4114,,5538,,5538,,6698,,7068
214,"Angel_Falls_Venezuela",,4,,7,,65,,6333,,55,,48,,1176,,1765,,4118,,6471,,7647,,7647,,1818,,2819,,5042,,6401,,6398,,5898
215,"Statue_of_George_IV",1,0,,7,,7,,5667,,525,,46,,375,,5,,75,,75,,875,,875,,5455,,5833,,7241,,6456,,6563,,603
216,"Palacio_Barolo",1,0,,8,,8,,8667,,9,,92,,2941,,2941,,3529,,5294,,6471,,7059,,4545,,4301,,4898,,6573,,7529,,7988
217,"Bridge_of_Remembrance_Christchurch_New_Zealand",1,0,1,0,,9,,8333,,7,,62,,4167,,5833,,75,,9167,,9167,,9167,,5882,,7368,,8182,,873,,7938,,7397
218,"John_A._Roebling_Suspension_Bridge",,2,,3,,4,,4,,45,,46,,0667,,1333,,4,,5333,,6667,,6667,,1,,1846,,4,,4571,,5373,,5444
219,"Blue_Dome_Santorini",,8,,9,,95,,9667,,925,,9,,25,,3125,,5625,,6875,,6875,,8125,,381,,4639,,7066,,8035,,7888,,854
220,"Fossar_de_les_Moreres",,8,,6,,55,,5,,5,,42,,2857,,4286,,5,,5714,,6429,,7143,,4211,,5,,5238,,5333,,5625,,529
221,"Luxor_Obelisk_France",,6,,7,,8,,7667,,8,,74,,125,,3125,,375,,4375,,4375,,5,,2069,,4321,,5106,,5571,,5657,,5968
222,"Valle_de_los_Caidos",1,0,1,0,,85,,9,,9,,9,,25,,3,,5,,65,,7,,85,,4,,4615,,6296,,7548,,7875,,8743
--------------------
"--","Avg.",P@5,P@10,P@20,P@30,P@40,P@50,CR@5,CR@10,CR@20,CR@30,CR@40,CR@50,F1@5,F1@10,F1@20,F1@30,F1@40,F1@50
,,,8117,,7959,,7867,,7749,,766,,7606,,1606,,2639,,4148,,5144,,5915,,6569,,2631,,3868,,5325,,6069,,6552,,691