--------------------
"Run name","output_runCNN_ADDunnIndex"
--------------------
"Average P@20 = ",,7446
"Average CR@20 = ",,4161
"Average F1@20 = ",,5274
--------------------
"Query Id ","Location name",P@5,P@10,P@20,P@30,P@40,P@50,CR@5,CR@10,CR@20,CR@30,CR@40,CR@50,F1@5,F1@10,F1@20,F1@30,F1@40,F1@50
1,"angel_of_the_north",,8,,8,,9,,9333,,95,,96,,16,,24,,36,,52,,64,,72,,2667,,3692,,5143,,6679,,7648,,8229
2,"big_ben",,8,,8,,7,,7333,,775,,74,,1364,,2727,,4091,,5,,6364,,7727,,233,,4068,,5164,,5946,,6989,,756
3,"hearst_castle",1,0,1,0,,95,,9,,9,,9,,2083,,3333,,5,,6667,,7083,,7917,,3448,,5,,6552,,766,,7927,,8424
4,"la_madeleine",,0,,2,,2,,3333,,35,,34,,0,,1429,,2143,,5,,5714,,6429,,0,,1667,,2069,,4,,4341,,4448
5,"pont_alexandre_iii",1,0,1,0,,95,,9333,,925,,92,,16,,36,,56,,64,,72,,76,,2759,,5294,,7046,,7593,,8097,,8324
6,"neues_museum",,6,,5,,6,,6333,,675,,72,,12,,2,,44,,56,,6,,68,,2,,2857,,5077,,5944,,6353,,6994
7,"montezuma_castle",,6,,6,,6,,6,,575,,6,,1667,,25,,4167,,5,,5833,,6667,,2609,,3529,,4918,,5455,,5791,,6316
8,"cn_tower",,2,,5,,65,,6333,,625,,64,,0417,,125,,3333,,4167,,5417,,7083,,069,,2,,4407,,5026,,5804,,6724
9,"acropolis_athens",1,0,,9,,9,,8667,,9,,84,,2381,,381,,5238,,5238,,619,,619,,3846,,5353,,6622,,653,,7335,,7128
10,"agra_fort",1,0,,9,,85,,8667,,875,,9,,16,,32,,44,,48,,64,,68,,2759,,4721,,5798,,6178,,7393,,7747
11,"albert_memorial",,8,,9,,85,,8,,725,,78,,0909,,2727,,5,,5455,,5455,,5909,,1633,,4186,,6296,,6486,,6225,,6724
12,"altes_museum",,6,,7,,8,,8,,775,,8,,125,,25,,4583,,5833,,625,,75,,2069,,3684,,5828,,6747,,692,,7742
13,"amiens_cathedral",1,0,1,0,1,0,1,0,,975,,96,,2,,32,,52,,64,,68,,76,,3333,,4848,,6842,,7805,,8012,,8484
14,"angkor_wat",1,0,,9,,9,,8667,,825,,84,,12,,24,,4,,56,,72,,76,,2143,,3789,,5538,,6804,,7689,,798
15,"ara_pacis",1,0,,9,,8,,7,,7,,66,,1364,,3182,,5455,,6364,,6818,,6818,,24,,4701,,6486,,6667,,6908,,6707
16,"arc_de_triomphe",1,0,,8,,65,,6333,,625,,64,,1667,,25,,375,,5,,5833,,625,,2857,,381,,4756,,5588,,6034,,6324
17,"aztec_ruins",,4,,4,,4,,4,,4,,44,,08,,16,,32,,4,,48,,6,,1333,,2286,,3556,,4,,4364,,5077
18,"berlin_cathedral",1,0,1,0,1,0,,9667,,95,,96,,16,,28,,52,,6,,64,,64,,2759,,4375,,6842,,7404,,7648,,768
19,"bok_tower_gardens",1,0,,7,,8,,8333,,85,,86,,2,,28,,44,,64,,72,,76,,3333,,4,,5677,,724,,7796,,8069
20,"brandenburg_gate",1,0,,9,,85,,9,,875,,88,,08,,16,,28,,4,,56,,68,,1481,,2717,,4212,,5538,,6829,,7672
21,"cabrillo",,2,,2,,15,,1667,,125,,1,,0769,,1538,,2308,,3846,,3846,,3846,,1111,,1739,,1818,,2326,,1887,,1587
22,"casa_batllo",1,0,1,0,1,0,,9333,,925,,92,,2,,36,,56,,56,,64,,76,,3333,,5294,,7179,,7,,7565,,8324
23,"casa_rosada",1,0,,9,,95,,9667,,95,,92,,2,,28,,52,,68,,8,,84,,3333,,4271,,6721,,7984,,8686,,8782
24,"castillo_de_san_marcos",,6,,8,,8,,8,,825,,78,,12,,24,,24,,44,,6,,64,,2,,3692,,3692,,5677,,6947,,7031
25,"chartres_cathedral",1,0,,9,,95,,9667,,925,,94,,2,,32,,52,,64,,72,,8,,3333,,4721,,6721,,7701,,8097,,8644
26,"chichen_itza",1,0,,9,,9,,8667,,85,,82,,16,,32,,48,,64,,72,,72,,2759,,4721,,6261,,7363,,7796,,7668
27,"christ_the_redeemer_rio",,8,,6,,75,,7,,65,,6,,1304,,2174,,4783,,6087,,6087,,6087,,2243,,3191,,5841,,6512,,6287,,6043
28,"civic_center_san_francisco",,2,,6,,6,,6,,575,,58,,04,,16,,28,,4,,48,,56,,0667,,2526,,3818,,48,,5232,,5698
29,"cologne_cathedral",1,0,,9,,9,,8667,,9,,9,,2,,36,,44,,6,,64,,76,,3333,,5143,,591,,7091,,7481,,8241
30,"colosseum",1,0,,9,,9,,8667,,875,,88,,16,,28,,44,,56,,56,,56,,2759,,4271,,591,,6804,,6829,,6844
31,"doge_s_palace",,6,,7,,85,,8,,825,,86,,12,,24,,36,,48,,56,,56,,2,,3574,,5058,,6,,6671,,6783
32,"eiffel_tower",,8,,8,,85,,8,,85,,8,,16,,24,,44,,44,,52,,56,,2667,,3692,,5798,,5677,,6453,,6588
33,"golden_gate_bridge",,8,,8,,85,,8,,725,,74,,1304,,2609,,3478,,4783,,5217,,5652,,2243,,3934,,4936,,5986,,6068,,6409
34,"grand_palais",1,0,,9,,9,,9333,,925,,92,,2273,,3182,,5,,5455,,5909,,5909,,3704,,4701,,6429,,6885,,7211,,7196
35,"guggenheim_museum_bilbao",1,0,1,0,1,0,1,0,1,0,,96,,16,,24,,44,,52,,56,,6,,2759,,3871,,6111,,6842,,7179,,7385
36,"hagia_sophia_istanbul",1,0,1,0,,85,,9,,925,,92,,16,,28,,36,,44,,44,,48,,2759,,4375,,5058,,591,,5963,,6309
37,"hoover_dam",1,0,,9,,85,,9,,9,,9,,2,,32,,44,,56,,64,,68,,3333,,4721,,5798,,6904,,7481,,7747
38,"humayun_tomb",,8,,9,,85,,8333,,875,,8,,12,,28,,48,,64,,72,,76,,2087,,4271,,6135,,724,,79,,7795
39,"iguazu_falls",,6,,7,,75,,8,,825,,8,,12,,24,,4,,44,,6,,64,,2,,3574,,5217,,5677,,6947,,7111
40,"iolani_palace",,4,,6,,6,,6333,,65,,64,,04,,2,,4,,48,,64,,76,,0727,,3,,48,,5461,,645,,6949
41,"la_mezquita",,2,,5,,55,,4667,,45,,48,,0417,,2083,,3333,,4583,,5833,,625,,069,,2941,,4151,,4625,,5081,,543
42,"la_rambla_barcelona",1,0,,9,,85,,9,,925,,94,,12,,28,,32,,52,,52,,56,,2143,,4271,,465,,6592,,6657,,7019
43,"la_sainte_chapelle",1,0,,9,,9,,9,,925,,94,,16,,28,,48,,64,,76,,8,,2759,,4271,,6261,,7481,,8344,,8644
44,"liberty_memorial",,6,,7,,7,,7333,,775,,76,,12,,24,,44,,6,,6,,64,,2,,3574,,5404,,66,,6764,,6949
45,"lincoln_home",,8,,7,,65,,6667,,65,,64,,2222,,3333,,4444,,5556,,6667,,7222,,3478,,4516,,5279,,6061,,6582,,6786
46,"machu_picchu",1,0,1,0,,95,,9,,875,,88,,16,,36,,48,,6,,68,,76,,2759,,5294,,6378,,72,,7653,,8156
47,"marble_arch_london",,4,,3,,25,,2667,,25,,24,,0833,,1667,,3333,,4167,,5833,,6667,,1379,,2143,,2857,,3252,,35,,3529
48,"milan_cathedral",1,0,1,0,,95,,8667,,85,,84,,2,,36,,52,,56,,6,,72,,3333,,5294,,6721,,6804,,7034,,7754
49,"mole_antonelliana",,6,,7,,6,,5667,,55,,54,,08,,24,,4,,44,,48,,48,,1412,,3574,,48,,4954,,5126,,5082
50,"mont_saint_michel",,8,,8,,9,,9,,85,,84,,16,,28,,44,,72,,8,,84,,2667,,4148,,591,,8,,8242,,84
51,"moulin_rouge",,0,,0,,1,,1333,,1,,1,,0,,0,,25,,5,,5,,5,,0,,0,,1429,,2105,,1667,,1667
52,"nelson_s_column",1,0,,9,,95,,9,,925,,9,,125,,2917,,5417,,5833,,6667,,75,,2222,,4406,,6899,,7079,,7749,,8182
53,"notre_dame_de_paris",,6,,8,,9,,7333,,775,,78,,08,,16,,4,,44,,56,,64,,1412,,2667,,5538,,55,,6502,,7031
54,"obelisco",,2,,2,,3,,3333,,3,,3,,0909,,0909,,3636,,5455,,5455,,6364,,125,,125,,3288,,4138,,3871,,4078
55,"piccadilly_circus",1,0,,9,,8,,7667,,775,,76,,2174,,2174,,3478,,4348,,4783,,6957,,3571,,3502,,4848,,5549,,5915,,7264
56,"place_de_la_concorde",1,0,1,0,,95,,9667,,95,,96,,2,,32,,52,,56,,68,,72,,3333,,4848,,6721,,7092,,7926,,8229
57,"place_de_la_republique",,2,,1,,1,,0667,,075,,1,,125,,125,,25,,25,,25,,375,,1538,,1111,,1429,,1053,,1154,,1579
58,"place_des_vosges",,6,,6,,7,,7,,675,,66,,08,,2,,28,,48,,56,,64,,1412,,3,,4,,5695,,6121,,6498
59,"pont_du_gard",1,0,,9,,9,,8333,,85,,78,,2,,28,,44,,52,,68,,68,,3333,,4271,,591,,6404,,7556,,7266
60,"pont_neuf",,8,,8,,7,,6333,,675,,62,,12,,2,,32,,4,,56,,6,,2087,,32,,4392,,4903,,6121,,6098
61,"ponte_vecchio",,8,,6,,5,,5333,,525,,56,,125,,1667,,2917,,4167,,5833,,6667,,2162,,2609,,3684,,4678,,5526,,6087
62,"puerta_de_alcala",,6,,7,,6,,6,,575,,56,,1579,,2105,,3158,,5263,,6316,,6842,,25,,3237,,4138,,5607,,602,,6159
63,"puerta_del_sol",,0,,1,,15,,2333,,25,,34,,0,,05,,15,,3,,4,,5,,0,,0667,,15,,2625,,3077,,4048
64,"red_fort",1,0,1,0,1,0,1,0,1,0,1,0,,16,,28,,48,,6,,64,,68,,2759,,4375,,6486,,75,,7805,,8095
65,"reims_cathedral",1,0,1,0,1,0,,9333,,875,,88,,2,,32,,4,,52,,6,,64,,3333,,4848,,5714,,6679,,7119,,7411
66,"rialto_bridge",,2,,3,,4,,4333,,475,,52,,0625,,125,,3125,,375,,5,,6875,,0952,,1765,,3509,,4021,,4872,,5921
67,"roman_forum_rome",,8,,8,,75,,7667,,775,,8,,12,,2,,36,,44,,44,,56,,2087,,32,,4865,,5591,,5613,,6588
68,"sacre_coeur",,6,,3,,45,,4,,475,,5,,125,,125,,2917,,375,,4583,,5833,,2069,,1765,,3539,,3871,,4665,,5385
69,"sagrada_familia",1,0,,9,,95,,9667,,95,,9,,16,,28,,44,,52,,6,,64,,2759,,4271,,6014,,6762,,7355,,7481
70,"santa_maria_novella",,6,,5,,5,,5,,475,,5,,08,,16,,32,,44,,52,,56,,1412,,2424,,3902,,4681,,4965,,5283
71,"schonbrunn_palace",1,0,1,0,1,0,,9667,,975,,94,,16,,32,,52,,56,,72,,76,,2759,,4848,,6842,,7092,,8283,,8405
72,"seville_cathedral",1,0,,9,,95,,9667,,975,,98,,16,,24,,44,,56,,68,,72,,2759,,3789,,6014,,7092,,8012,,8301
73,"spanish_steps",,6,,6,,7,,7,,7,,64,,1364,,2727,,4545,,5455,,6364,,6818,,2222,,375,,5512,,6131,,6667,,6602
74,"st__basil_cathedral",1,0,1,0,,95,,9,,9,,92,,2,,4,,56,,6,,68,,72,,3333,,5714,,7046,,72,,7747,,8078
75,"statue_of_liberty",,8,,9,,9,,8333,,825,,86,,12,,28,,52,,52,,56,,64,,2087,,4271,,6592,,6404,,6671,,7339
76,"stonehenge",,6,,5,,55,,6,,625,,62,,1579,,2632,,3684,,4211,,4737,,5263,,25,,3448,,4413,,4948,,5389,,5693
77,"summer_palace_beijing",1,0,1,0,,9,,9,,775,,74,,2,,36,,44,,68,,76,,76,,3333,,5294,,591,,7747,,7674,,7499
78,"sydney_opera_house",1,0,1,0,,95,,9333,,95,,94,,12,,32,,48,,52,,6,,64,,2143,,4848,,6378,,6679,,7355,,7615
79,"teotihuacan",,4,,5,,65,,6667,,75,,74,,08,,16,,4,,52,,56,,6,,1333,,2424,,4952,,5843,,6412,,6627
80,"terracotta_army",1,0,,8,,55,,5333,,6,,58,,25,,35,,45,,55,,65,,8,,4,,487,,495,,5415,,624,,6725
81,"the_blue_mosque",1,0,,9,,95,,9667,,9,,92,,2,,28,,44,,48,,56,,64,,3333,,4271,,6014,,6415,,6904,,7549
82,"the_henry_ford",,8,,5,,65,,6333,,675,,66,,16,,16,,44,,52,,68,,76,,2667,,2424,,5248,,5711,,6775,,7065
83,"taj_mahal",1,0,,9,,9,,8667,,9,,92,,2,,24,,52,,64,,68,,72,,3333,,3789,,6592,,7363,,7747,,8078
84,"tour_montparnasse",1,0,,8,,55,,5,,4,,38,,25,,4,,5,,55,,6,,6,,4,,5333,,5238,,5238,,48,,4653
85,"tower_bridge_london",,4,,5,,5,,5,,5,,5,,08,,16,,32,,48,,52,,6,,1333,,2424,,3902,,4898,,5098,,5455
86,"trafalgar_square",,6,,6,,65,,5667,,6,,62,,1364,,2273,,4091,,4545,,4545,,5,,2222,,3297,,5021,,5045,,5172,,5536
87,"leaning_tower_of_pisa",,2,,4,,6,,7,,675,,66,,04,,16,,36,,56,,6,,6,,0667,,2286,,45,,6222,,6353,,6286
88,"hermitage_museum_saint_petersburg",,8,,8,,8,,7,,725,,78,,16,,28,,48,,52,,56,,68,,2667,,4148,,6,,5967,,6319,,7266
89,"jantar_mantar_jaipur",,8,,7,,75,,8,,8,,82,,12,,24,,36,,56,,8,,88,,2087,,3574,,4865,,6588,,8,,8489
90,"lake_titicaca_peru",,8,,5,,5,,5333,,45,,48,,125,,125,,2917,,4167,,4167,,4583,,2162,,2,,3684,,4678,,4327,,4689
91,"the_great_wall_of_china",,6,,6,,7,,7333,,7,,72,,08,,2,,4,,56,,56,,72,,1412,,3,,5091,,6351,,6222,,72
92,"grande_arche_paris",,4,,6,,5,,5667,,65,,68,,08,,16,,28,,28,,44,,48,,1333,,2526,,359,,3748,,5248,,5628
93,"el_angel_mexico",,8,,6,,65,,5667,,525,,48,,1429,,1905,,4286,,5714,,6667,,7143,,2424,,2892,,5166,,569,,5874,,5742
94,"bibliotheque_nationale_de_france",,8,,8,,8,,8,,725,,74,,16,,24,,36,,44,,52,,56,,2667,,3692,,4966,,5677,,6056,,6375
95,"kronborg_castle",,8,,7,,7,,6667,,725,,76,,1667,,25,,4167,,5,,5833,,625,,2759,,3684,,5224,,5714,,6465,,6859
96,"ajanta_caves",1,0,1,0,,85,,8667,,9,,9,,1818,,3636,,5455,,6364,,7273,,7273,,3077,,5333,,6645,,7339,,8045,,8045
97,"atomium",,8,,9,,8,,8667,,875,,86,,1905,,2381,,4286,,4762,,5714,,6667,,3077,,3766,,5581,,6147,,6914,,7511
98,"ellora_caves",1,0,1,0,,9,,9,,925,,92,,1364,,2727,,3636,,5,,5909,,6818,,24,,4286,,518,,6429,,7211,,7832
99,"potala_palace",,6,,8,,75,,8,,8,,8,,1667,,3333,,5,,6111,,6111,,6111,,2609,,4706,,6,,6929,,6929,,6929
100,"jokhang",1,0,,9,,85,,8,,75,,76,,16,,28,,44,,56,,64,,76,,2759,,4271,,5798,,6588,,6906,,76
101,"rila_monastery",,8,,9,,95,,9667,,9,,84,,16,,24,,36,,48,,52,,52,,2667,,3789,,5221,,6415,,6592,,6424
102,"louvre_pyramid",,8,,9,,9,,8333,,8,,84,,1667,,3333,,5556,,6111,,6667,,7222,,2759,,4865,,687,,7051,,7273,,7767
103,"brooklyn_bridge",,8,,9,,8,,8333,,85,,84,,1429,,2857,,4762,,5714,,5714,,6667,,2424,,4337,,597,,678,,6834,,7434
104,"tower_of_london",,6,,6,,65,,6667,,675,,68,,087,,1304,,3043,,4348,,4783,,4783,,1519,,2143,,4146,,5263,,5598,,5616
105,"british_museum_london",,6,,8,,85,,8333,,875,,9,,1,,3,,35,,5,,6,,65,,1714,,4364,,4958,,625,,7119,,7548
106,"buckingham_palace",,4,,4,,35,,3667,,375,,36,,1,,2,,25,,3,,3,,35,,16,,2667,,2917,,33,,3333,,3549
107,"charles_bridge_prague",,6,,7,,65,,5667,,6,,6,,125,,25,,375,,5,,5417,,5833,,2069,,3684,,4756,,5312,,5693,,5915
108,"champs_elysees_paris",,2,,5,,55,,5,,475,,52,,0667,,3333,,4667,,6,,6,,6,,1,,4,,5049,,5455,,5302,,5571
109,"chrysler_building",1,0,1,0,1,0,,9667,,975,,98,,2143,,3571,,5,,5714,,7143,,7857,,3529,,5263,,6667,,7183,,8245,,8722
110,"moma_new_york",1,0,1,0,1,0,,9333,,95,,94,,2105,,3158,,4211,,5263,,6842,,7895,,3478,,48,,5926,,6731,,7955,,8582
111,"grand_central_terminal",1,0,1,0,1,0,1,0,,975,,98,,1905,,1905,,4286,,5238,,619,,7143,,32,,32,,6,,6875,,7573,,8263
112,"houses_of_parliament",,8,,9,,95,,9,,9,,9,,1304,,2609,,3913,,5217,,5652,,5652,,2243,,4045,,5543,,6606,,6944,,6944
113,"alexanderplatz_berlin",,6,,7,,75,,6333,,625,,66,,12,,28,,48,,52,,56,,64,,2,,4,,5854,,5711,,5907,,6498
114,"centre_pompidou",1,0,1,0,,9,,8667,,875,,86,,1667,,3333,,4444,,6111,,6667,,7222,,2857,,5,,595,,7168,,7568,,7851
115,"sydney_harbour_bridge",,8,,8,,9,,9,,925,,92,,1875,,3125,,375,,625,,8125,,875,,3038,,4494,,5294,,7377,,8651,,8969
116,"pier_39",1,0,,8,,85,,8667,,85,,84,,1905,,3333,,4286,,5238,,5714,,6667,,32,,4706,,5698,,653,,6834,,7434
117,"coit_tower",,4,,5,,45,,4333,,475,,54,,1333,,3333,,4667,,4667,,6,,6,,2,,4,,4582,,4494,,5302,,5684
118,"st_paul_s_cathedral_london",,8,,8,,75,,6,,6,,62,,1765,,2941,,4706,,4706,,5882,,6471,,2892,,4301,,5783,,5275,,5941,,6332
119,"cloud_gate",,8,,8,,8,,7667,,775,,72,,25,,4167,,5833,,5833,,6667,,6667,,381,,5479,,6747,,6626,,7168,,6923
120,"musee_d_orsay",1,0,1,0,1,0,,9667,,95,,96,,1905,,2857,,5714,,7143,,8095,,8095,,32,,4444,,7273,,8215,,8742,,8784
121,"pike_place_market",,8,,8,,85,,8667,,875,,88,,1429,,2857,,4762,,5714,,6667,,7143,,2424,,4211,,6104,,6887,,7568,,7885
122,"royal_palace_madrid",1,0,,9,,85,,7667,,725,,76,,2273,,3636,,4545,,5909,,5909,,7727,,3704,,518,,5923,,6674,,6511,,7663
123,"sony_center_berlin",1,0,,9,,95,,9,,875,,9,,1905,,2381,,4762,,5238,,5714,,619,,32,,3766,,6344,,6622,,6914,,7335
124,"red_square_moscow",1,0,,7,,75,,7667,,75,,72,,1429,,1905,,381,,5238,,6667,,7619,,25,,2995,,5053,,6224,,7059,,7404
125,"prague_castle",1,0,,9,,95,,8667,,85,,82,,2,,28,,48,,6,,64,,72,,3333,,4271,,6378,,7091,,7302,,7668
126,"musee_du_louvre",1,0,,9,,95,,9667,,95,,96,,16,,32,,6,,64,,72,,72,,2759,,4721,,7355,,7701,,8192,,8229
127,"millennium_bridge_london",1,0,1,0,1,0,,9,,925,,84,,2,,36,,48,,6,,64,,68,,3333,,5294,,6486,,72,,7565,,7516
128,"casa_mila",,8,,9,,95,,9667,,975,,96,,16,,28,,48,,6,,68,,72,,2667,,4271,,6378,,7404,,8012,,8229
129,"national_gallery_london",,6,,6,,6,,5667,,55,,48,,1364,,2727,,4545,,5,,5455,,5909,,2222,,375,,5172,,5312,,5477,,5297
130,"national_mall",1,0,,9,,85,,8,,75,,72,,2,,32,,44,,6,,64,,72,,3333,,4721,,5798,,6857,,6906,,72
131,"london_city_hall",,8,,7,,7,,7,,7,,64,,15,,2,,3,,45,,55,,65,,2526,,3111,,42,,5478,,616,,645
132,"holocaust_memorial",,8,,8,,6,,5,,525,,5,,25,,375,,5,,625,,6875,,75,,381,,5106,,5455,,5556,,5954,,6
133,"columbus_circle",,6,,6,,5,,4333,,475,,44,,12,,24,,36,,44,,56,,6,,2,,3429,,4186,,4366,,514,,5077
134,"siegessaeule",,4,,6,,55,,6667,,75,,66,,08,,16,,32,,44,,56,,64,,1333,,2526,,4046,,5301,,6412,,6498
135,"jardin_du_luxembourg",,8,,9,,95,,9333,,95,,94,,12,,28,,56,,68,,72,,84,,2087,,4271,,7046,,7868,,8192,,8872
136,"merlion_singapore",,2,,4,,45,,5,,575,,62,,0455,,1818,,2727,,4545,,5,,6818,,0741,,25,,3396,,4762,,5349,,6494
137,"harrods_london",1,0,,9,,8,,8333,,775,,78,,12,,2,,4,,52,,56,,64,,2143,,3273,,5333,,6404,,6502,,7031
138,"metropolitan_museum_of_art_new_york",1,0,1,0,,95,,9333,,925,,94,,16,,32,,56,,56,,56,,68,,2759,,4848,,7046,,7,,6976,,7891
139,"new_york_stock_exchange",,4,,3,,45,,5,,475,,48,,1,,15,,25,,35,,45,,55,,16,,2,,3214,,4118,,4622,,5126
140,"stephansdom_vienna",1,0,,9,,9,,9333,,95,,96,,16,,28,,44,,56,,64,,64,,2759,,4271,,591,,7,,7648,,768
141,"hms_belfast",,8,,9,,95,,9333,,925,,94,,12,,28,,48,,56,,72,,72,,2087,,4271,,6378,,7,,8097,,8154
142,"leicester_square",,6,,7,,65,,7,,7,,76,,12,,24,,28,,4,,4,,48,,2,,3574,,3914,,5091,,5091,,5884
143,"ciudad_de_las_artes_y_las_ciencias",1,0,1,0,1,0,1,0,,95,,94,,12,,32,,44,,6,,68,,72,,2143,,4848,,6111,,75,,7926,,8154
144,"topkapi_palace",1,0,1,0,,95,,9333,,95,,94,,2,,24,,36,,52,,64,,68,,3333,,3871,,5221,,6679,,7648,,7891
145,"royal_albert_hall",,2,,5,,4,,5,,5,,52,,04,,2,,28,,36,,44,,48,,0667,,2857,,3294,,4186,,4681,,4992
146,"st_vitus_cathedral",1,0,1,0,,95,,9333,,95,,92,,12,,28,,44,,52,,64,,8,,2143,,4375,,6014,,6679,,7648,,8558
147,"castello_sforzesco",,8,,9,,9,,9333,,9,,9,,16,,36,,56,,64,,68,,68,,2667,,5143,,6904,,7593,,7747,,7747
148,"rijksmuseum_amsterdam",1,0,1,0,1,0,,9667,,975,,98,,12,,24,,48,,52,,64,,76,,2143,,3871,,6486,,6762,,7728,,8561
149,"dam_square",,8,,8,,8,,7333,,675,,64,,16,,24,,36,,44,,48,,52,,2667,,3692,,4966,,55,,561,,5738
150,"rathaus_vienna",,8,,8,,8,,8,,75,,76,,12,,28,,36,,48,,56,,64,,2087,,4148,,4966,,6,,6412,,6949
151,"bath_abbey",,8,,9,,9,,9,,925,,94,,16,,28,,52,,56,,56,,64,,2667,,4271,,6592,,6904,,6976,,7615
152,"salisbury_cathedral",,8,,9,,9,,9,,925,,94,,12,,24,,44,,52,,68,,84,,2087,,3789,,591,,6592,,7838,,8872
153,"templo_de_debod",,8,,6,,45,,4,,425,,46,,1364,,2273,,3182,,4091,,5,,5909,,233,,3297,,3728,,4045,,4595,,5173
154,"Niagara_Falls",1,0,,8,,75,,6667,,675,,7,,1818,,2273,,3636,,5,,5909,,6364,,3077,,354,,4898,,5714,,6302,,6667
155,"Golden_Gate_Bridge_in_San_Francisco",1,0,1,0,,95,,9,,925,,92,,1818,,3636,,5455,,6364,,6364,,7727,,3077,,5333,,693,,7456,,754,,84
156,"Neuschwanstein_Castle",,4,,7,,85,,9,,9,,88,,08,,2,,36,,56,,68,,68,,1333,,3111,,5058,,6904,,7747,,7672
157,"Christ_Church_Cathedral_Missouri",,8,,9,,95,,9,,825,,8,,16,,28,,48,,52,,64,,72,,2667,,4271,,6378,,6592,,7208,,7579
158,"Mount_Rushmore_in_South_Dakota",,8,,9,,85,,8667,,875,,88,,16,,28,,4,,6,,6,,64,,2667,,4271,,544,,7091,,7119,,7411
159,"Puerta_de_Toledo",,0,,0,,0,,0333,,05,,04,,0,,0,,0,,5,1,0,1,0,,0,,0,,0,,0625,,0952,,0769
160,"Urquhart_Castle",,8,,8,,7,,8,,85,,86,,1667,,25,,4167,,625,,7083,,75,,2759,,381,,5224,,7018,,7727,,8012
161,"Gare_du_Nord_Paris",,6,,7,,75,,6333,,625,,6,,12,,2,,36,,4,,52,,64,,2,,3111,,4865,,4903,,5677,,6194
162,"Newgrange_in_Ireland",,8,,7,,65,,7,,725,,7,,1667,,2083,,375,,4167,,5,,5,,2759,,3211,,4756,,5224,,5918,,5833
163,"Windmills_at_Kinderdijk",1,0,,9,,85,,9,,925,,92,,16,,28,,4,,64,,72,,8,,2759,,4271,,544,,7481,,8097,,8558
164,"Conciergerie",,8,,9,,9,,9,,925,,92,,16,,32,,44,,52,,68,,76,,2667,,4721,,591,,6592,,7838,,8324
165,"Palazzo_Madama",,8,,8,,75,,6,,6,,54,,1818,,3182,,4545,,5,,5909,,6818,,2963,,4553,,566,,5455,,5954,,6027
166,"Split_Rock_Lighthouse",,6,,7,,75,,7667,,725,,72,,08,,2,,36,,36,,44,,56,,1412,,3111,,4865,,4899,,5476,,63
167,"The_Little_Mermaid_Denmark",,8,,8,,65,,6667,,575,,52,,2857,,5,,6429,,6429,,6429,,7143,,4211,,6154,,6464,,6545,,607,,6019
168,"Great_Pyramid_of_Giza",,6,,6,,5,,5667,,575,,56,,2,,3333,,4667,,4667,,5333,,6,,3,,4286,,4828,,5118,,5534,,5793
169,"Pitti_Palace",,8,,7,,7,,6333,,675,,66,,1818,,3182,,4091,,5455,,5455,,5909,,2963,,4375,,5164,,5861,,6034,,6235
170,"Georgia_State_Capitol",,2,,2,,2,,2333,,225,,18,,0526,,0526,,1579,,2105,,2632,,2632,,0833,,0833,,1765,,2213,,2426,,2138
171,"Dome_des_Invalides",1,0,1,0,1,0,1,0,1,0,1,0,,16,,32,,48,,56,,6,,64,,2759,,4848,,6486,,7179,,75,,7805
172,"Reggia_di_Caserta",,8,,7,,65,,6667,,7,,64,,16,,28,,44,,52,,64,,64,,2667,,4,,5248,,5843,,6687,,64
173,"The_Burj_al_Arab_Hotel",1,0,,9,,95,,8333,,75,,76,,16,,28,,48,,6,,6,,72,,2759,,4271,,6378,,6977,,6667,,7395
174,"Elephanta_Caves",1,0,1,0,1,0,,9333,,875,,78,,1667,,2917,,5,,5833,,6667,,6667,,2857,,4516,,6667,,7179,,7568,,7189
175,"Basilica_of_Santa_Croce",1,0,1,0,1,0,1,0,1,0,1,0,,12,,24,,36,,56,,72,,76,,2143,,3871,,5294,,7179,,8372,,8636
176,"Aachen_Cathedral",,8,,9,,9,,9,,925,,94,,16,,32,,56,,64,,72,,72,,2667,,4721,,6904,,7481,,8097,,8154
177,"Monument_to_the_Great_Fire_of_London",,8,,7,,65,,6667,,65,,62,,16,,28,,4,,56,,64,,72,,2667,,4,,4952,,6087,,645,,6663
178,"Longmen_Grottoes",,2,,3,,55,,6333,,65,,64,,04,,12,,36,,48,,6,,6,,0667,,1714,,4352,,5461,,624,,6194
179,"Louisiana_State_Capitol",,2,,3,,25,,3333,,325,,34,,04,,08,,16,,36,,4,,52,,0667,,1263,,1951,,3462,,3586,,4112
180,"The_Great_Sphinx_at_Giza",1,0,,7,,8,,7667,,7,,68,,2,,24,,44,,52,,56,,64,,3333,,3574,,5677,,6197,,6222,,6594
181,"Teatro_Real_Madrid",,4,,6,,7,,6333,,65,,7,,087,,2174,,4348,,4783,,6522,,6957,,1429,,3191,,5364,,545,,6511,,6978
182,"Palacio_de_la_Magdalena",,8,,9,,8,,7,,65,,68,,16,,28,,48,,56,,64,,76,,2667,,4271,,6,,6222,,645,,7178
183,"Sowjetisches_Ehrenmal",,6,,5,,5,,5667,,575,,62,,12,,16,,24,,36,,52,,64,,2,,2424,,3243,,4403,,5461,,6298
184,"Cathedral_of_Trier",1,0,1,0,,9,,8667,,875,,86,,2,,32,,48,,6,,76,,84,,3333,,4848,,6261,,7091,,8135,,8499
185,"Saint_Mary_of_the_Flower",,4,,4,,35,,4,,35,,36,,08,,16,,2,,32,,4,,48,,1333,,2286,,2545,,3556,,3733,,4114
186,"Skellig_Michael",,6,,6,,7,,7,,725,,74,,08,,2,,4,,48,,6,,6,,1412,,3,,5091,,5695,,6566,,6627
187,"Chicago_Board_of_Trade_Building",,8,,6,,6,,6,,625,,66,,1818,,1818,,3182,,5,,5,,5909,,2963,,2791,,4158,,5455,,5556,,6235
188,"Pont_de_Normandie_France",,6,,8,,8,,8333,,825,,8,,1579,,3158,,5263,,6316,,6842,,7895,,25,,4528,,6349,,7186,,748,,7947
189,"Palazzo_Rosso",,0,,0,,0,,1,,075,,08,,0,,0,,0,,125,,125,,125,,0,,0,,0,,1111,,0937,,0976
190,"Piazza_Vittorio_Veneto",,8,,5,,45,,5,,5,,52,,125,,1875,,375,,5625,,6875,,8125,,2162,,2727,,4091,,5294,,5789,,6341
191,"Sforza_Castle",,8,,9,,9,,9,,9,,92,,12,,2,,48,,6,,68,,68,,2087,,3273,,6261,,72,,7747,,782
192,"Torres_KIO",,6,,8,,9,,8667,,775,,8,,12,,28,,48,,6,,64,,68,,2,,4148,,6261,,7091,,7011,,7351
193,"Torre_Picasso",,6,,7,,8,,8,,775,,78,,125,,2917,,4583,,5417,,6667,,75,,2069,,4118,,5828,,646,,7168,,7647
194,"The_Palace_of_Parliament_in_Bucharest",1,0,1,0,,95,,9,,925,,94,,16,,32,,4,,56,,68,,72,,2759,,4848,,563,,6904,,7838,,8154
195,"Ernest_Hemingway_House",,8,,7,,85,,9,,825,,78,,16,,28,,52,,64,,64,,72,,2667,,4,,6453,,7481,,7208,,7488
196,"Castel_dellOvo_Napoli",,8,,8,,8,,8333,,825,,82,,16,,28,,4,,48,,52,,68,,2667,,4148,,5333,,6091,,6379,,7435
197,"Villa_Borghese_gardens",1,0,,9,,95,,9333,,95,,96,,16,,28,,52,,64,,76,,8,,2759,,4271,,6721,,7593,,8444,,8727
198,"Saint_Marks_Basilica",1,0,1,0,1,0,,9667,,95,,94,,16,,28,,4,,52,,6,,72,,2759,,4375,,5714,,6762,,7355,,8154
199,"Mausoleum_of_the_First_Qin_Emperor",,8,,7,,8,,8,,825,,86,,12,,24,,48,,68,,72,,88,,2087,,3574,,6,,7351,,7689,,8699
200,"Mausoleum_of_Hadrian",,8,,6,,6,,6,,65,,66,,2222,,3333,,4444,,5,,5556,,6667,,3478,,4286,,5106,,5455,,5991,,6633
201,"Piazza_de_Ferrari",,6,,8,,85,,8667,,875,,9,,1053,,2632,,5263,,5789,,6842,,6842,,1791,,396,,6501,,6942,,7679,,7774
202,"George_Washington_Carver",,6,,4,,5,,6,,575,,56,,1875,,25,,5,,5625,,625,,625,,2857,,3077,,5,,5806,,599,,5907
203,"Cathedral_of_Santiago_de_Compostela",,8,,8,,8,,7667,,75,,7,,2353,,4118,,5294,,6471,,6471,,7647,,3636,,5437,,6372,,7018,,6947,,7309
204,"Saint-Jacques_Tower",,6,,8,,8,,7333,,7,,74,,1538,,2308,,5385,,6154,,6923,,7692,,2449,,3582,,6437,,6692,,6961,,7543
205,"Calakmul_Campeche_Mexico",,6,,6,,75,,7667,,7,,72,,1429,,3571,,6429,,8571,,8571,,8571,,2308,,4478,,6923,,8094,,7706,,7826
206,"Bran_Castle_in_Transylvania",1,0,1,0,,95,,9667,,925,,9,,1579,,3684,,4737,,4737,,5789,,6316,,2727,,5385,,6322,,6358,,7122,,7423
207,"Mosteiro_da_Batalha",1,0,1,0,1,0,1,0,1,0,1,0,,1579,,3158,,5263,,6316,,7368,,7368,,2727,,48,,6897,,7742,,8485,,8485
208,"Wartburg_Castle",,8,,8,,85,,9,,875,,86,,2,,35,,55,,6,,7,,75,,32,,487,,6679,,72,,7778,,8012
209,"Fujian_Tulou_Fujian_China",1,0,1,0,,9,,8667,,85,,88,,2222,,3889,,4444,,5556,,5556,,6667,,3636,,56,,595,,6771,,6719,,7586
210,"Alabama_State_Capitol",,6,,7,,65,,7,,75,,74,,1429,,3333,,4286,,5714,,7143,,8095,,2308,,4516,,5166,,6292,,7317,,7732
211,"Palazzo_dAccursio",,4,,5,,55,,4333,,4,,38,,1111,,1667,,2778,,3889,,4444,,5,,1739,,25,,3691,,4099,,4211,,4318
212,"Casa_Grande_Ruins",,6,,6,,7,,7,,675,,7,,1765,,2941,,4706,,5882,,6471,,6471,,2727,,3947,,5628,,6393,,6607,,6725
213,"Stravinsky_Fountain",1,0,,8,,8,,8,,8,,78,,2667,,3333,,4,,5333,,6,,6,,4211,,4706,,5333,,64,,6857,,6783
214,"Angel_Falls_Venezuela",,4,,3,,4,,4,,4,,42,,1176,,1765,,2941,,4118,,5882,,5882,,1818,,2222,,339,,4058,,4762,,4901
215,"Statue_of_George_IV",,2,,2,,2,,3,,25,,22,,125,,125,,125,,375,,375,,5,,1538,,1538,,1538,,3333,,3,,3056
216,"Palacio_Barolo",1,0,,9,,95,,9333,,95,,94,,2353,,2941,,5882,,7059,,7059,,7647,,381,,4433,,7266,,8038,,8099,,8433
217,"Bridge_of_Remembrance_Christchurch_New_Zealand",,4,,4,,45,,5,,475,,42,,1667,,25,,4167,,75,,9167,,9167,,2353,,3077,,4327,,6,,6257,,5761
218,"John_A._Roebling_Suspension_Bridge",,2,,1,,3,,4,,425,,42,,0667,,0667,,3333,,5333,,7333,,7333,,1,,08,,3158,,4571,,5381,,5341
219,"Blue_Dome_Santorini",,6,,8,,85,,8,,825,,76,,125,,3125,,5625,,6875,,6875,,6875,,2069,,4494,,677,,7395,,75,,7219
220,"Fossar_de_les_Moreres",,4,,4,,4,,4333,,45,,36,,1429,,2857,,2857,,4286,,5714,,5714,,2105,,3333,,3333,,4309,,5035,,4417
221,"Luxor_Obelisk_France",,8,,8,,7,,7,,725,,72,,125,,25,,3125,,375,,4375,,5,,2162,,381,,4321,,4884,,5457,,5902
222,"Valle_de_los_Caidos",,8,,8,,8,,8333,,875,,88,,15,,25,,5,,55,,65,,85,,2526,,381,,6154,,6627,,7459,,8647
--------------------
"--","Avg.",P@5,P@10,P@20,P@30,P@40,P@50,CR@5,CR@10,CR@20,CR@30,CR@40,CR@50,F1@5,F1@10,F1@20,F1@30,F1@40,F1@50
,,,745,,7419,,7446,,7384,,7354,,7321,,1439,,2566,,4161,,5258,,6045,,6658,,239,,3773,,5274,,6045,,6516,,6844