--------------------
"Run name","output_runCOSINEDaviesBouldin"
--------------------
"Average P@20 = ",,7935
"Average CR@20 = ",,3977
"Average F1@20 = ",,5172
--------------------
"Query Id ","Location name",P@5,P@10,P@20,P@30,P@40,P@50,CR@5,CR@10,CR@20,CR@30,CR@40,CR@50,F1@5,F1@10,F1@20,F1@30,F1@40,F1@50
1,"angel_of_the_north",1,0,1,0,1,0,1,0,,975,,98,,12,,24,,48,,56,,68,,68,,2143,,3871,,6486,,7179,,8012,,8029
2,"big_ben",1,0,,9,,9,,9333,,9,,92,,1818,,3182,,3636,,4091,,5,,5909,,3077,,4701,,518,,5688,,6429,,7196
3,"hearst_castle",,8,,7,,75,,8333,,8,,84,,1667,,25,,4583,,7083,,75,,75,,2759,,3684,,569,,7658,,7742,,7925
4,"la_madeleine",,2,,2,,4,,4,,35,,34,,0714,,1429,,4286,,5714,,7143,,8571,,1053,,1667,,4138,,4706,,4698,,4869
5,"pont_alexandre_iii",1,0,1,0,,95,,9,,9,,92,,2,,32,,48,,52,,6,,6,,3333,,4848,,6378,,6592,,72,,7263
6,"neues_museum",,0,,0,,2,,4667,,6,,68,,0,,0,,16,,52,,64,,76,,0,,0,,1778,,4919,,6194,,7178
7,"montezuma_castle",1,0,,8,,7,,7333,,675,,58,,25,,4167,,5,,5833,,5833,,5833,,4,,5479,,5833,,6498,,6258,,5817
8,"cn_tower",1,0,,8,,65,,6667,,675,,66,,1667,,25,,3333,,4583,,5,,5833,,2857,,381,,4407,,5432,,5745,,6193
9,"acropolis_athens",,8,,8,,85,,8667,,875,,88,,1429,,2857,,4286,,5238,,5714,,5714,,2424,,4211,,5698,,653,,6914,,6929
10,"agra_fort",,8,,8,,85,,8667,,875,,86,,16,,28,,48,,56,,76,,76,,2667,,4148,,6135,,6804,,8135,,8069
11,"albert_memorial",,8,,9,,7,,8,,825,,84,,1364,,1818,,3182,,4545,,5455,,7273,,233,,3025,,4375,,5797,,6567,,7796
12,"altes_museum",1,0,,9,,55,,5333,,625,,68,,2083,,2917,,375,,4167,,5,,5833,,3448,,4406,,4459,,4678,,5556,,628
13,"amiens_cathedral",1,0,1,0,1,0,,9333,,925,,94,,16,,32,,44,,56,,72,,8,,2759,,4848,,6111,,7,,8097,,8644
14,"angkor_wat",1,0,,7,,65,,7667,,825,,84,,16,,24,,4,,56,,68,,68,,2759,,3574,,4952,,6472,,7455,,7516
15,"ara_pacis",,6,,7,,5,,6,,6,,66,,1364,,2727,,4091,,5455,,6364,,6818,,2222,,3925,,45,,5714,,6176,,6707
16,"arc_de_triomphe",1,0,1,0,,85,,8333,,725,,72,,1667,,3333,,4167,,5417,,5833,,6667,,2857,,5,,5592,,6566,,6465,,6923
17,"aztec_ruins",,0,,0,,3,,2333,,275,,38,,0,,0,,24,,24,,32,,48,,0,,0,,2667,,2366,,2958,,4242
18,"berlin_cathedral",,6,,7,,75,,8,,85,,88,,12,,28,,44,,52,,6,,64,,2,,4,,5546,,6303,,7034,,7411
19,"bok_tower_gardens",1,0,1,0,1,0,1,0,,875,,88,,2,,32,,52,,56,,6,,76,,3333,,4848,,6842,,7179,,7119,,8156
20,"brandenburg_gate",1,0,1,0,,95,,9667,,975,,92,,16,,16,,28,,44,,52,,6,,2759,,2759,,4325,,6047,,6783,,7263
21,"cabrillo",,2,,2,,2,,2,,175,,16,,0769,,1538,,3077,,3846,,4615,,5385,,1111,,1739,,2424,,2632,,2538,,2467
22,"casa_batllo",1,0,1,0,1,0,,9333,,925,,94,,16,,32,,4,,52,,6,,72,,2759,,4848,,5714,,6679,,7279,,8154
23,"casa_rosada",,6,,8,,9,,9333,,925,,9,,12,,2,,4,,56,,68,,76,,2,,32,,5538,,7,,7838,,8241
24,"castillo_de_san_marcos",1,0,1,0,,95,,9667,,825,,68,,12,,16,,44,,48,,56,,6,,2143,,2759,,6014,,6415,,6671,,6375
25,"chartres_cathedral",1,0,1,0,1,0,,9667,,975,,96,,2,,28,,48,,6,,72,,72,,3333,,4375,,6486,,7404,,8283,,8229
26,"chichen_itza",,8,,9,,8,,8333,,875,,88,,12,,24,,4,,6,,68,,8,,2087,,3789,,5333,,6977,,7653,,8381
27,"christ_the_redeemer_rio",,6,,7,,45,,3667,,4,,46,,087,,1739,,2174,,3043,,4348,,4783,,1519,,2786,,2932,,3326,,4167,,469
28,"civic_center_san_francisco",,8,,8,,85,,8333,,7,,56,,16,,24,,4,,44,,44,,44,,2667,,3692,,544,,5759,,5404,,4928
29,"cologne_cathedral",1,0,1,0,,95,,9333,,95,,96,,16,,24,,52,,6,,64,,72,,2759,,3871,,6721,,7304,,7648,,8229
30,"colosseum",1,0,1,0,1,0,,9667,,825,,86,,12,,28,,48,,6,,6,,76,,2143,,4375,,6486,,7404,,6947,,8069
31,"doge_s_palace",1,0,1,0,,75,,8,,825,,86,,16,,28,,32,,48,,48,,48,,2759,,4375,,4486,,6,,6069,,6161
32,"eiffel_tower",1,0,1,0,1,0,,9667,,95,,88,,2,,28,,4,,48,,6,,68,,3333,,4375,,5714,,6415,,7355,,7672
33,"golden_gate_bridge",,8,,8,,85,,8333,,675,,74,,1304,,2609,,3478,,4783,,4783,,5217,,2243,,3934,,4936,,6077,,5598,,612
34,"grand_palais",1,0,,9,,9,,9,,9,,92,,0909,,2273,,3636,,4091,,5,,6364,,1667,,3629,,518,,5625,,6429,,7523
35,"guggenheim_museum_bilbao",1,0,1,0,1,0,1,0,1,0,,98,,16,,28,,4,,4,,44,,52,,2759,,4375,,5714,,5714,,6111,,6795
36,"hagia_sophia_istanbul",1,0,1,0,1,0,,9667,,975,,96,,2,,32,,48,,64,,68,,72,,3333,,4848,,6486,,7701,,8012,,8229
37,"hoover_dam",1,0,,9,,95,,9333,,9,,88,,16,,32,,44,,52,,64,,72,,2759,,4721,,6014,,6679,,7481,,792
38,"humayun_tomb",1,0,,9,,75,,8333,,825,,82,,16,,24,,44,,6,,76,,8,,2759,,3789,,5546,,6977,,7912,,8099
39,"iguazu_falls",,6,,7,,85,,7667,,8,,8,,08,,16,,44,,48,,64,,72,,1412,,2605,,5798,,5904,,7111,,7579
40,"iolani_palace",1,0,,8,,9,,9,,9,,78,,16,,24,,24,,36,,56,,64,,2759,,3692,,3789,,5143,,6904,,7031
41,"la_mezquita",,8,,9,,85,,7667,,65,,58,,1667,,375,,4167,,5,,5833,,7083,,2759,,5294,,5592,,6053,,6149,,6378
42,"la_rambla_barcelona",,8,,9,,9,,9333,,95,,94,,12,,2,,36,,4,,52,,64,,2087,,3273,,5143,,56,,6721,,7615
43,"la_sainte_chapelle",1,0,,9,,95,,9667,,95,,96,,2,,36,,56,,6,,68,,8,,3333,,5143,,7046,,7404,,7926,,8727
44,"liberty_memorial",,6,,4,,7,,7333,,625,,66,,04,,08,,36,,44,,48,,64,,075,,1333,,4755,,55,,543,,6498
45,"lincoln_home",1,0,,9,,9,,9,,85,,68,,2778,,3333,,5556,,6111,,6667,,6667,,4348,,4865,,687,,7279,,7473,,6733
46,"machu_picchu",1,0,1,0,,85,,8,,75,,72,,2,,32,,48,,52,,6,,6,,3333,,4848,,6135,,6303,,6667,,6545
47,"marble_arch_london",1,0,,7,,55,,3667,,35,,32,,3333,,4167,,5833,,5833,,75,,8333,,5,,5224,,5662,,4503,,4773,,4624
48,"milan_cathedral",1,0,,9,,95,,9667,,95,,92,,16,,2,,36,,52,,56,,68,,2759,,3273,,5221,,6762,,7046,,782
49,"mole_antonelliana",1,0,,9,,75,,7333,,775,,7,,16,,16,,32,,44,,52,,6,,2759,,2717,,4486,,55,,6224,,6462
50,"mont_saint_michel",1,0,1,0,,95,,9667,,975,,96,,2,,32,,4,,48,,6,,68,,3333,,4848,,563,,6415,,7429,,7961
51,"moulin_rouge",,0,,0,,1,,2333,,275,,24,,0,,0,,25,,5,,75,,75,,0,,0,,1429,,3182,,4024,,3636
52,"nelson_s_column",,8,,9,,95,,9667,,975,,94,,125,,2083,,4167,,5417,,6667,,7083,,2162,,3383,,5793,,6943,,7919,,8079
53,"notre_dame_de_paris",,8,,8,,9,,8667,,85,,84,,16,,2,,44,,52,,64,,68,,2667,,32,,591,,65,,7302,,7516
54,"obelisco",,2,,1,,1,,1,,075,,08,,0909,,0909,,0909,,1818,,1818,,1818,,125,,0952,,0952,,129,,1062,,1111
55,"piccadilly_circus",,8,,8,,85,,8,,725,,7,,1739,,2609,,3913,,4783,,4783,,5652,,2857,,3934,,5359,,5986,,5763,,6254
56,"place_de_la_concorde",1,0,1,0,,95,,9667,,975,,98,,12,,24,,4,,56,,6,,68,,2143,,3871,,563,,7092,,7429,,8029
57,"place_de_la_republique",,6,,4,,3,,2333,,2,,16,,25,,375,,5,,5,,5,,5,,3529,,3871,,375,,3182,,2857,,2424
58,"place_des_vosges",1,0,1,0,,95,,9,,875,,84,,12,,16,,36,,4,,52,,64,,2143,,2759,,5221,,5538,,6523,,7265
59,"pont_du_gard",,8,,9,,95,,9,,9,,92,,16,,28,,4,,48,,56,,64,,2667,,4271,,563,,6261,,6904,,7549
60,"pont_neuf",,8,,8,,9,,6667,,725,,66,,08,,2,,44,,48,,56,,64,,1455,,32,,591,,5581,,6319,,6498
61,"ponte_vecchio",1,0,1,0,,95,,8,,725,,7,,125,,2917,,5417,,5417,,625,,7083,,2222,,4516,,6899,,646,,6713,,7041
62,"puerta_de_alcala",,0,,3,,45,,5333,,525,,6,,0,,1579,,2632,,4211,,4211,,4737,,0,,2069,,3321,,4706,,4673,,5294
63,"puerta_del_sol",,6,,7,,55,,4,,325,,28,,15,,25,,3,,35,,35,,4,,24,,3684,,3882,,3733,,337,,3294
64,"red_fort",1,0,1,0,1,0,,9667,,975,,98,,16,,28,,52,,64,,72,,84,,2759,,4375,,6842,,7701,,8283,,9046
65,"reims_cathedral",1,0,1,0,1,0,1,0,1,0,,96,,16,,2,,4,,44,,52,,52,,2759,,3333,,5714,,6111,,6842,,6746
66,"rialto_bridge",1,0,1,0,,8,,7333,,625,,5,,1875,,3125,,5,,625,,6875,,6875,,3158,,4762,,6154,,6748,,6548,,5789
67,"roman_forum_rome",,6,,8,,8,,8333,,85,,8,,12,,2,,32,,44,,56,,6,,2,,32,,4571,,5759,,6752,,6857
68,"sacre_coeur",,6,,6,,55,,6,,675,,68,,0833,,1667,,2083,,3333,,5,,5417,,1463,,2609,,3022,,4286,,5745,,603
69,"sagrada_familia",,8,,9,,95,,9667,,95,,96,,12,,24,,4,,48,,56,,64,,2087,,3789,,563,,6415,,7046,,768
70,"santa_maria_novella",,8,,7,,6,,6,,625,,64,,16,,24,,28,,4,,56,,56,,2667,,3574,,3818,,48,,5907,,5973
71,"schonbrunn_palace",1,0,1,0,1,0,1,0,1,0,1,0,,2,,36,,48,,6,,64,,68,,3333,,5294,,6486,,75,,7805,,8095
72,"seville_cathedral",,6,,7,,85,,9,,925,,94,,12,,28,,4,,56,,64,,68,,2,,4,,544,,6904,,7565,,7891
73,"spanish_steps",,8,,8,,7,,6667,,675,,64,,1818,,3182,,4091,,5455,,5455,,6364,,2963,,4553,,5164,,6,,6034,,6382
74,"st__basil_cathedral",1,0,1,0,,85,,8667,,875,,9,,16,,32,,4,,52,,64,,68,,2759,,4848,,544,,65,,7393,,7747
75,"statue_of_liberty",,8,,9,,75,,7667,,825,,8,,12,,24,,36,,48,,6,,64,,2087,,3789,,4865,,5904,,6947,,7111
76,"stonehenge",,8,,7,,55,,5333,,55,,54,,1579,,2105,,3684,,4211,,4737,,5263,,2637,,3237,,4413,,4706,,509,,5331
77,"summer_palace_beijing",1,0,1,0,,95,,9333,,925,,88,,16,,28,,4,,52,,64,,72,,2759,,4375,,563,,6679,,7565,,792
78,"sydney_opera_house",1,0,1,0,1,0,,8333,,875,,88,,16,,32,,36,,52,,56,,56,,2759,,4848,,5294,,6404,,6829,,6844
79,"teotihuacan",,8,,7,,55,,6,,65,,72,,16,,24,,36,,48,,52,,64,,2667,,3574,,4352,,5333,,5778,,6776
80,"terracotta_army",,6,,4,,4,,3667,,4,,44,,15,,15,,3,,45,,5,,6,,24,,2182,,3429,,4041,,4444,,5077
81,"the_blue_mosque",,6,,8,,9,,9,,925,,92,,08,,12,,36,,44,,6,,64,,1412,,2087,,5143,,591,,7279,,7549
82,"the_henry_ford",1,0,,9,,95,,9,,9,,88,,16,,24,,36,,56,,68,,72,,2759,,3789,,5221,,6904,,7747,,792
83,"taj_mahal",1,0,1,0,1,0,,9667,,95,,92,,2,,28,,6,,68,,72,,72,,3333,,4375,,75,,7984,,8192,,8078
84,"tour_montparnasse",,8,,9,,65,,4333,,4,,36,,15,,3,,4,,4,,45,,45,,2526,,45,,4952,,416,,4235,,4
85,"tower_bridge_london",,6,,7,,6,,5,,55,,56,,08,,2,,32,,4,,48,,56,,1412,,3111,,4174,,4444,,5126,,56
86,"trafalgar_square",,4,,5,,55,,5333,,55,,5,,0909,,1818,,3182,,4545,,4545,,5,,1481,,2667,,4031,,4908,,4977,,5
87,"leaning_tower_of_pisa",,4,,3,,45,,5,,575,,66,,08,,12,,28,,44,,48,,6,,1333,,1714,,3452,,4681,,5232,,6286
88,"hermitage_museum_saint_petersburg",,8,,8,,85,,8333,,775,,78,,16,,24,,36,,44,,44,,56,,2667,,3692,,5058,,5759,,5613,,6519
89,"jantar_mantar_jaipur",,8,,7,,85,,8333,,8,,78,,16,,2,,4,,68,,72,,76,,2667,,3111,,544,,7489,,7579,,7699
90,"lake_titicaca_peru",,8,,8,,65,,6,,625,,58,,125,,2917,,4167,,5,,625,,7083,,2162,,4275,,5078,,5455,,625,,6378
91,"the_great_wall_of_china",1,0,,8,,85,,9,,75,,78,,16,,28,,44,,56,,6,,68,,2759,,4148,,5798,,6904,,6667,,7266
92,"grande_arche_paris",,4,,4,,5,,6333,,6,,66,,08,,12,,24,,4,,52,,6,,1333,,1846,,3243,,4903,,5571,,6286
93,"el_angel_mexico",,6,,8,,7,,6667,,6,,48,,1429,,3333,,4762,,619,,6667,,6667,,2308,,4706,,5668,,642,,6316,,5581
94,"bibliotheque_nationale_de_france",,4,,6,,7,,7,,775,,76,,08,,12,,24,,4,,56,,64,,1333,,2,,3574,,5091,,6502,,6949
95,"kronborg_castle",,8,,9,,85,,7333,,725,,64,,1667,,3333,,4583,,5,,5833,,5833,,2759,,4865,,5955,,5946,,6465,,6104
96,"ajanta_caves",,8,,9,,95,,9667,,925,,92,,1364,,2727,,5455,,5455,,6364,,6364,,233,,4186,,693,,6974,,754,,7523
97,"atomium",,8,,9,,9,,8667,,875,,86,,1905,,3333,,4762,,4762,,5238,,5238,,3077,,4865,,6228,,6147,,6553,,6511
98,"ellora_caves",1,0,1,0,,95,,9333,,925,,94,,1364,,3182,,4545,,5,,5455,,6364,,24,,4828,,6149,,6512,,6862,,7589
99,"potala_palace",,8,,9,,9,,9333,,875,,86,,2222,,3333,,5,,6111,,6111,,6111,,3478,,4865,,6429,,7386,,7196,,7145
100,"jokhang",,8,,9,,8,,8333,,875,,86,,16,,24,,4,,52,,6,,68,,2667,,3789,,5333,,6404,,7119,,7595
101,"rila_monastery",,8,,8,,75,,8,,85,,88,,12,,24,,28,,32,,44,,44,,2087,,3692,,4078,,4571,,5798,,5867
102,"louvre_pyramid",1,0,1,0,,95,,9333,,95,,9,,1111,,3889,,4444,,5,,5,,5556,,2,,56,,6056,,6512,,6552,,687
103,"brooklyn_bridge",1,0,,9,,85,,8667,,875,,88,,1429,,2857,,381,,4762,,5714,,6667,,25,,4337,,5261,,6147,,6914,,7586
104,"tower_of_london",,6,,6,,7,,6667,,7,,74,,1304,,2174,,3043,,3913,,4348,,6087,,2143,,3191,,4242,,4932,,5364,,668
105,"british_museum_london",1,0,1,0,1,0,,9333,,95,,92,,1,,2,,45,,5,,55,,65,,1818,,3333,,6207,,6512,,6967,,7618
106,"buckingham_palace",,8,,6,,4,,4,,375,,36,,2,,2,,2,,3,,35,,4,,32,,3,,2667,,3429,,3621,,3789
107,"charles_bridge_prague",1,0,1,0,,65,,5667,,475,,5,,125,,2083,,2917,,3333,,375,,5,,2222,,3448,,4027,,4198,,4191,,5
108,"champs_elysees_paris",,8,,7,,6,,6333,,575,,5,,1333,,2,,2667,,4,,6,,6667,,2286,,3111,,3692,,4903,,5872,,5714
109,"chrysler_building",1,0,1,0,1,0,1,0,,975,,98,,2143,,3571,,5,,7857,,8571,,8571,,3529,,5263,,6667,,88,,9123,,9145
110,"moma_new_york",,6,,8,,9,,9,,825,,86,,1579,,2105,,5263,,5263,,5789,,6842,,25,,3333,,6642,,6642,,6804,,7621
111,"grand_central_terminal",1,0,1,0,1,0,1,0,1,0,,98,,1429,,1429,,2381,,3333,,4286,,5714,,25,,25,,3846,,5,,6,,7219
112,"houses_of_parliament",1,0,1,0,1,0,1,0,,9,,88,,1739,,2609,,3478,,4348,,4783,,5217,,2963,,4138,,5161,,6061,,6246,,6551
113,"alexanderplatz_berlin",,0,,3,,65,,6333,,7,,66,,0,,08,,32,,36,,44,,52,,0,,1263,,4289,,4591,,5404,,5817
114,"centre_pompidou",,8,,7,,7,,7667,,825,,84,,1667,,2778,,5,,7222,,7222,,7778,,2759,,3977,,5833,,7438,,7702,,8077
115,"sydney_harbour_bridge",1,0,1,0,1,0,1,0,1,0,1,0,,25,,375,,5,,5625,,5625,,625,,4,,5455,,6667,,72,,72,,7692
116,"pier_39",,8,,9,,9,,9,,9,,92,,1905,,3333,,3333,,3333,,5238,,5714,,3077,,4865,,4865,,4865,,6622,,705
117,"coit_tower",,4,,6,,7,,7333,,675,,68,,1333,,1333,,3333,,3333,,4,,4667,,2,,2182,,4516,,4583,,5023,,5535
118,"st_paul_s_cathedral_london",,8,,9,,9,,7667,,775,,76,,1765,,2941,,4706,,5882,,6471,,7059,,2892,,4433,,618,,6657,,7053,,7319
119,"cloud_gate",,6,,8,,5,,6667,,65,,7,,25,,3333,,3333,,5,,5,,5,,3529,,4706,,4,,5714,,5652,,5833
120,"musee_d_orsay",1,0,,9,,9,,9333,,95,,94,,1429,,2381,,381,,4286,,5238,,5714,,25,,3766,,5353,,5874,,6753,,7108
121,"pike_place_market",1,0,,9,,95,,8667,,825,,86,,1905,,2857,,4286,,5238,,619,,6667,,32,,4337,,5907,,653,,7073,,7511
122,"royal_palace_madrid",,8,,9,,75,,7667,,825,,78,,1818,,3636,,4545,,6818,,8182,,8182,,2963,,518,,566,,7218,,8216,,7986
123,"sony_center_berlin",1,0,1,0,,9,,9,,925,,88,,1429,,2381,,3333,,3333,,3333,,4286,,25,,3846,,4865,,4865,,4901,,5764
124,"red_square_moscow",,8,,7,,75,,8333,,775,,74,,1429,,1905,,2857,,4762,,619,,619,,2424,,2995,,4138,,6061,,6883,,6741
125,"prague_castle",,8,,9,,9,,8667,,825,,82,,16,,32,,56,,6,,72,,76,,2667,,4721,,6904,,7091,,7689,,7889
126,"musee_du_louvre",1,0,1,0,1,0,1,0,1,0,1,0,,2,,28,,52,,56,,6,,68,,3333,,4375,,6842,,7179,,75,,8095
127,"millennium_bridge_london",,8,,7,,8,,8,,825,,76,,16,,2,,28,,36,,48,,48,,2667,,3111,,4148,,4966,,6069,,5884
128,"casa_mila",1,0,1,0,1,0,,9333,,925,,94,,2,,28,,48,,52,,6,,64,,3333,,4375,,6486,,6679,,7279,,7615
129,"national_gallery_london",1,0,,9,,6,,7333,,725,,64,,1818,,3182,,4091,,5909,,6364,,6364,,3077,,4701,,4865,,6545,,6778,,6382
130,"national_mall",1,0,1,0,1,0,,9333,,925,,84,,2,,32,,48,,6,,72,,72,,3333,,4848,,6486,,7304,,8097,,7754
131,"london_city_hall",1,0,1,0,1,0,,9333,,875,,7,,2,,25,,35,,5,,65,,65,,3333,,4,,5185,,6512,,7459,,6741
132,"holocaust_memorial",,8,,8,,8,,6667,,6,,5,,1875,,25,,3125,,5,,5,,5,,3038,,381,,4494,,5714,,5455,,5
133,"columbus_circle",,4,,7,,8,,6333,,6,,58,,08,,2,,44,,52,,56,,64,,1333,,3111,,5677,,5711,,5793,,6085
134,"siegessaeule",,8,,7,,7,,6667,,675,,6,,16,,24,,44,,52,,68,,68,,2667,,3574,,5404,,5843,,6775,,6375
135,"jardin_du_luxembourg",1,0,1,0,1,0,1,0,,95,,96,,2,,36,,56,,68,,72,,76,,3333,,5294,,7179,,8095,,8192,,8484
136,"merlion_singapore",,4,,3,,15,,1,,175,,2,,0909,,1364,,1364,,1364,,3182,,4545,,1481,,1875,,1429,,1154,,2258,,2778
137,"harrods_london",1,0,1,0,,75,,8,,825,,86,,16,,32,,4,,48,,6,,68,,2759,,4848,,5217,,6,,6947,,7595
138,"metropolitan_museum_of_art_new_york",1,0,1,0,,9,,9333,,95,,96,,12,,24,,32,,52,,6,,64,,2143,,3871,,4721,,6679,,7355,,768
139,"new_york_stock_exchange",1,0,,9,,85,,6667,,55,,58,,15,,25,,3,,35,,4,,5,,2609,,3913,,4435,,459,,4632,,537
140,"stephansdom_vienna",1,0,1,0,1,0,1,0,1,0,1,0,,12,,24,,4,,56,,6,,68,,2143,,3871,,5714,,7179,,75,,8095
141,"hms_belfast",1,0,1,0,1,0,,9667,,975,,98,,12,,28,,4,,52,,64,,84,,2143,,4375,,5714,,6762,,7728,,9046
142,"leicester_square",,8,,9,,95,,9333,,9,,86,,08,,16,,24,,36,,56,,56,,1455,,2717,,3832,,5196,,6904,,6783
143,"ciudad_de_las_artes_y_las_ciencias",1,0,,9,,9,,9333,,95,,96,,16,,24,,4,,48,,56,,68,,2759,,3789,,5538,,634,,7046,,7961
144,"topkapi_palace",1,0,1,0,1,0,,9667,,95,,92,,16,,36,,52,,56,,56,,6,,2759,,5294,,6842,,7092,,7046,,7263
145,"royal_albert_hall",1,0,,9,,8,,7667,,675,,62,,16,,2,,28,,36,,4,,44,,2759,,3273,,4148,,4899,,5023,,5147
146,"st_vitus_cathedral",,8,,9,,95,,9333,,9,,92,,12,,2,,36,,48,,56,,64,,2087,,3273,,5221,,634,,6904,,7549
147,"castello_sforzesco",1,0,,9,,9,,9333,,9,,92,,12,,2,,48,,52,,64,,64,,2143,,3273,,6261,,6679,,7481,,7549
148,"rijksmuseum_amsterdam",1,0,1,0,1,0,1,0,1,0,1,0,,12,,12,,36,,48,,6,,76,,2143,,2143,,5294,,6486,,75,,8636
149,"dam_square",,6,,8,,8,,7,,6,,64,,08,,16,,28,,4,,44,,56,,1412,,2667,,4148,,5091,,5077,,5973
150,"rathaus_vienna",1,0,1,0,,8,,6333,,575,,58,,12,,12,,2,,28,,4,,48,,2143,,2143,,32,,3883,,4718,,5253
151,"bath_abbey",1,0,1,0,1,0,1,0,1,0,,94,,2,,24,,4,,56,,64,,72,,3333,,3871,,5714,,7179,,7805,,8154
152,"salisbury_cathedral",1,0,1,0,1,0,1,0,1,0,1,0,,12,,24,,36,,44,,48,,52,,2143,,3871,,5294,,6111,,6486,,6842
153,"templo_de_debod",,4,,5,,4,,5,,55,,58,,0909,,1818,,3182,,4091,,5,,5455,,1481,,2667,,3544,,45,,5238,,5622
154,"Niagara_Falls",,8,,6,,6,,5667,,65,,66,,1818,,2273,,3182,,4545,,5455,,5909,,2963,,3297,,4158,,5045,,5932,,6235
155,"Golden_Gate_Bridge_in_San_Francisco",,8,,8,,85,,9,,925,,92,,1364,,1818,,2727,,4545,,5909,,6818,,233,,2963,,413,,604,,7211,,7832
156,"Neuschwanstein_Castle",1,0,1,0,,95,,9667,,975,,98,,2,,28,,4,,52,,64,,68,,3333,,4375,,563,,6762,,7728,,8029
157,"Christ_Church_Cathedral_Missouri",1,0,,9,,95,,9667,,95,,96,,16,,24,,48,,56,,6,,6,,2759,,3789,,6378,,7092,,7355,,7385
158,"Mount_Rushmore_in_South_Dakota",1,0,,9,,9,,9333,,95,,96,,16,,2,,28,,32,,52,,6,,2759,,3273,,4271,,4766,,6721,,7385
159,"Puerta_de_Toledo",,4,,2,,1,,0667,,05,,04,1,0,1,0,1,0,1,0,1,0,1,0,,5714,,3333,,1818,,125,,0952,,0769
160,"Urquhart_Castle",1,0,,8,,85,,8667,,825,,8,,2083,,25,,375,,5417,,625,,6667,,3448,,381,,5204,,6667,,7112,,7273
161,"Gare_du_Nord_Paris",,8,,7,,8,,8333,,75,,7,,12,,2,,32,,4,,48,,52,,2087,,3111,,4571,,5405,,5854,,5967
162,"Newgrange_in_Ireland",,6,,7,,7,,6,,625,,7,,125,,25,,2917,,4167,,4583,,5417,,2069,,3684,,4118,,4918,,5288,,6107
163,"Windmills_at_Kinderdijk",1,0,1,0,,95,,9,,875,,9,,16,,24,,44,,52,,56,,64,,2759,,3871,,6014,,6592,,6829,,7481
164,"Conciergerie",,8,,9,,95,,9667,,975,,98,,16,,24,,4,,56,,64,,76,,2667,,3789,,563,,7092,,7728,,8561
165,"Palazzo_Madama",1,0,1,0,,9,,7667,,625,,62,,1818,,3182,,4545,,5455,,5909,,7727,,3077,,4828,,604,,6374,,6075,,688
166,"Split_Rock_Lighthouse",1,0,1,0,,9,,8333,,85,,82,,16,,24,,36,,44,,56,,56,,2759,,3871,,5143,,5759,,6752,,6655
167,"The_Little_Mermaid_Denmark",1,0,1,0,,95,,8333,,725,,58,,2143,,2857,,6429,,7857,,7857,,7857,,3529,,4444,,7668,,8088,,7541,,6674
168,"Great_Pyramid_of_Giza",,8,,8,,65,,6667,,6,,56,,2,,4,,6,,7333,,8,,9333,,32,,5333,,624,,6984,,6857,,7
169,"Pitti_Palace",,8,,7,,8,,7,,575,,52,,1364,,2727,,4091,,4545,,5,,5455,,233,,3925,,5414,,5512,,5349,,5324
170,"Georgia_State_Capitol",1,0,,9,,9,,6,,475,,38,,1579,,2105,,2632,,2632,,2632,,2632,,2727,,3412,,4072,,3659,,3387,,311
171,"Dome_des_Invalides",1,0,1,0,1,0,1,0,1,0,,96,,16,,28,,4,,44,,52,,6,,2759,,4375,,5714,,6111,,6842,,7385
172,"Reggia_di_Caserta",1,0,,6,,45,,5333,,55,,62,,16,,2,,24,,48,,56,,68,,2759,,3,,313,,5053,,555,,6486
173,"The_Burj_al_Arab_Hotel",,8,,8,,85,,8333,,825,,84,,16,,28,,4,,48,,6,,68,,2667,,4148,,544,,6091,,6947,,7516
174,"Elephanta_Caves",1,0,1,0,,95,,9667,,925,,84,,1667,,2917,,5417,,6667,,7083,,75,,2857,,4516,,6899,,7891,,8023,,7925
175,"Basilica_of_Santa_Croce",1,0,1,0,1,0,1,0,1,0,1,0,,16,,28,,32,,36,,52,,64,,2759,,4375,,4848,,5294,,6842,,7805
176,"Aachen_Cathedral",1,0,1,0,,95,,8667,,85,,88,,16,,28,,32,,4,,52,,6,,2759,,4375,,4787,,5474,,6453,,7135
177,"Monument_to_the_Great_Fire_of_London",1,0,,7,,55,,5667,,65,,62,,16,,2,,32,,44,,52,,6,,2759,,3111,,4046,,4954,,5778,,6098
178,"Longmen_Grottoes",,4,,3,,5,,6667,,675,,62,,08,,12,,32,,48,,64,,72,,1333,,1714,,3902,,5581,,657,,6663
179,"Louisiana_State_Capitol",,4,,5,,3,,3,,425,,44,,08,,16,,2,,28,,52,,64,,1333,,2424,,24,,2897,,4677,,5215
180,"The_Great_Sphinx_at_Giza",1,0,,9,,85,,8667,,9,,9,,2,,24,,44,,56,,64,,76,,3333,,3789,,5798,,6804,,7481,,8241
181,"Teatro_Real_Madrid",1,0,1,0,,85,,6,,6,,64,,1739,,3478,,4783,,5217,,6522,,7391,,2963,,5161,,6121,,5581,,625,,686
182,"Palacio_de_la_Magdalena",,8,,9,,85,,8,,775,,7,,16,,32,,36,,48,,6,,72,,2667,,4721,,5058,,6,,6764,,7099
183,"Sowjetisches_Ehrenmal",,4,,4,,45,,5,,625,,64,,08,,16,,28,,36,,52,,6,,1333,,2286,,3452,,4186,,5677,,6194
184,"Cathedral_of_Trier",1,0,1,0,1,0,,9333,,95,,92,,2,,32,,56,,72,,76,,88,,3333,,4848,,7179,,8129,,8444,,8996
185,"Saint_Mary_of_the_Flower",,0,,0,,05,,1,,125,,14,,0,,0,,04,,12,,2,,28,,0,,0,,0444,,1091,,1538,,1867
186,"Skellig_Michael",,8,,7,,7,,7,,675,,68,,16,,28,,48,,56,,56,,64,,2667,,4,,5695,,6222,,6121,,6594
187,"Chicago_Board_of_Trade_Building",1,0,1,0,,95,,7333,,55,,56,,2273,,3636,,5455,,5909,,5909,,7273,,3704,,5333,,693,,6545,,5697,,6328
188,"Pont_de_Normandie_France",,8,,9,,95,,9,,825,,72,,1579,,3684,,5789,,7368,,7895,,7895,,2637,,5228,,7194,,8103,,8068,,7531
189,"Palazzo_Rosso",,0,,0,,1,,2,,175,,14,,0,,0,,0833,,1667,,2083,,2083,,0,,0,,0909,,1818,,1902,,1675
190,"Piazza_Vittorio_Veneto",,8,,8,,4,,3667,,4,,36,,125,,3125,,3125,,4375,,6875,,75,,2162,,4494,,3509,,399,,5057,,4865
191,"Sforza_Castle",1,0,1,0,,95,,9667,,925,,92,,16,,24,,36,,44,,52,,6,,2759,,3871,,5221,,6047,,6657,,7263
192,"Torres_KIO",1,0,1,0,,95,,9,,8,,72,,12,,24,,4,,52,,6,,6,,2143,,3871,,563,,6592,,6857,,6545
193,"Torre_Picasso",1,0,1,0,,75,,5667,,625,,7,,1667,,2917,,4167,,4167,,5,,625,,2857,,4516,,5357,,4802,,5556,,6604
194,"The_Palace_of_Parliament_in_Bucharest",,8,,9,,9,,9333,,925,,88,,12,,16,,32,,48,,64,,68,,2087,,2717,,4721,,634,,7565,,7672
195,"Ernest_Hemingway_House",1,0,,9,,8,,7,,725,,74,,16,,28,,4,,52,,6,,64,,2759,,4271,,5333,,5967,,6566,,6864
196,"Castel_dellOvo_Napoli",,8,,9,,95,,9,,875,,86,,12,,28,,48,,64,,76,,8,,2087,,4271,,6378,,7481,,8135,,8289
197,"Villa_Borghese_gardens",1,0,1,0,1,0,1,0,1,0,1,0,,16,,24,,44,,6,,64,,68,,2759,,3871,,6111,,75,,7805,,8095
198,"Saint_Marks_Basilica",1,0,1,0,1,0,1,0,1,0,,9,,16,,24,,24,,32,,44,,48,,2759,,3871,,3871,,4848,,6111,,6261
199,"Mausoleum_of_the_First_Qin_Emperor",,6,,7,,75,,8,,8,,84,,12,,28,,44,,52,,52,,6,,2,,4,,5546,,6303,,6303,,7
200,"Mausoleum_of_Hadrian",,8,,9,,9,,8,,625,,54,,1667,,2778,,3889,,4444,,5,,5,,2759,,4245,,5431,,5714,,5556,,5192
201,"Piazza_de_Ferrari",1,0,1,0,1,0,,9667,,875,,88,,2105,,3684,,5263,,5263,,5789,,6316,,3478,,5385,,6897,,6816,,6968,,7354
202,"George_Washington_Carver",,4,,6,,65,,6333,,6,,6,,125,,3125,,5,,5625,,6875,,75,,1905,,411,,5652,,5958,,6408,,6667
203,"Cathedral_of_Santiago_de_Compostela",1,0,1,0,,9,,8667,,9,,78,,1765,,2353,,4706,,5294,,7647,,7647,,3,,381,,618,,6573,,8269,,7723
204,"Saint-Jacques_Tower",1,0,,9,,95,,8333,,825,,82,,2308,,2308,,3077,,4615,,6154,,6154,,375,,3673,,4648,,5941,,7049,,7031
205,"Calakmul_Campeche_Mexico",1,0,1,0,,95,,8667,,8,,78,,2857,,3571,,5,,5714,,6429,,8571,,4444,,5263,,6552,,6887,,7129,,8168
206,"Bran_Castle_in_Transylvania",1,0,,8,,85,,8667,,775,,76,,1053,,2105,,3684,,5263,,6842,,7895,,1905,,3333,,514,,6549,,7268,,7745
207,"Mosteiro_da_Batalha",1,0,1,0,1,0,1,0,1,0,1,0,,2105,,3158,,5263,,6316,,6316,,6316,,3478,,48,,6897,,7742,,7742,,7742
208,"Wartburg_Castle",1,0,1,0,,95,,9333,,9,,9,,15,,3,,5,,6,,65,,75,,2609,,4615,,6552,,7304,,7548,,8182
209,"Fujian_Tulou_Fujian_China",1,0,1,0,1,0,1,0,1,0,,96,,2222,,2778,,3889,,5556,,6111,,7222,,3636,,4348,,56,,7143,,7586,,8243
210,"Alabama_State_Capitol",,4,,5,,7,,7667,,8,,76,,0952,,2381,,4762,,6667,,7619,,7619,,1538,,3226,,5668,,7132,,7805,,761
211,"Palazzo_dAccursio",1,0,,9,,95,,9333,,9,,84,,1111,,1667,,3889,,5,,5,,6111,,2,,2812,,5519,,6512,,6429,,7075
212,"Casa_Grande_Ruins",1,0,,9,,9,,9,,85,,8,,1765,,2941,,3529,,4706,,5294,,5294,,3,,4433,,507,,618,,6525,,6372
213,"Stravinsky_Fountain",1,0,,9,,9,,9333,,9,,84,,2,,3333,,4,,4,,5333,,5333,,3333,,4865,,5538,,56,,6698,,6524
214,"Angel_Falls_Venezuela",,8,,7,,55,,6,,625,,58,,2353,,3529,,4118,,6471,,7647,,7647,,3636,,4693,,4709,,6226,,6878,,6597
215,"Statue_of_George_IV",1,0,,5,,55,,5333,,4,,32,,5,,5,,75,,75,,75,,75,,6667,,5,,6346,,6234,,5217,,4486
216,"Palacio_Barolo",,8,,7,,8,,8333,,875,,9,,2353,,2353,,4118,,5882,,7059,,7059,,3636,,3522,,5437,,6897,,7814,,7912
217,"Bridge_of_Remembrance_Christchurch_New_Zealand",1,0,1,0,1,0,,8,,675,,54,,25,,4167,,8333,,8333,,8333,,8333,,4,,5882,,9091,,8163,,7459,,6553
218,"John_A._Roebling_Suspension_Bridge",,2,,3,,35,,4333,,475,,48,,0667,,2,,4,,6,,7333,,7333,,1,,24,,3733,,5032,,5766,,5802
219,"Blue_Dome_Santorini",1,0,,8,,9,,9333,,925,,9,,3125,,4375,,5,,6875,,75,,75,,4762,,5657,,6429,,7918,,8284,,8182
220,"Fossar_de_les_Moreres",,8,,7,,55,,4,,3,,24,,2143,,3571,,5714,,5714,,5714,,5714,,338,,473,,5605,,4706,,3934,,338
221,"Luxor_Obelisk_France",,8,,8,,7,,6667,,725,,74,,1875,,3125,,375,,375,,5625,,625,,3038,,4494,,4884,,48,,6335,,6777
222,"Valle_de_los_Caidos",1,0,,8,,9,,9,,875,,9,,25,,25,,45,,6,,65,,8,,4,,381,,6,,72,,7459,,8471
--------------------
"--","Avg.",P@5,P@10,P@20,P@30,P@40,P@50,CR@5,CR@10,CR@20,CR@30,CR@40,CR@50,F1@5,F1@10,F1@20,F1@30,F1@40,F1@50
,,,8234,,8126,,7935,,7782,,7643,,7497,,157,,2546,,3977,,4983,,5798,,6409,,257,,3783,,5172,,5933,,6446,,6751