--------------------
"Run name","output_runJCDDaviesBouldin"
--------------------
"Average P@20 = ",,755
"Average CR@20 = ",,4257
"Average F1@20 = ",,534
--------------------
"Query Id ","Location name",P@5,P@10,P@20,P@30,P@40,P@50,CR@5,CR@10,CR@20,CR@30,CR@40,CR@50,F1@5,F1@10,F1@20,F1@30,F1@40,F1@50
1,"angel_of_the_north",1,0,1,0,1,0,1,0,,975,,98,,2,,32,,44,,52,,6,,64,,3333,,4848,,6111,,6842,,7429,,7743
2,"big_ben",1,0,,7,,75,,8,,85,,86,,1818,,2273,,3636,,4545,,5,,5909,,3077,,3431,,4898,,5797,,6296,,7005
3,"hearst_castle",,6,,8,,75,,8333,,875,,88,,125,,2917,,5417,,75,,8333,,8333,,2069,,4275,,629,,7895,,8537,,856
4,"la_madeleine",,4,,3,,35,,4,,375,,4,,1429,,2143,,3571,,5,,5714,,5714,,2105,,25,,3535,,4444,,4528,,4706
5,"pont_alexandre_iii",1,0,1,0,,95,,9667,,95,,96,,16,,24,,44,,56,,68,,68,,2759,,3871,,6014,,7092,,7926,,7961
6,"neues_museum",,4,,7,,7,,6667,,625,,5,,08,,24,,44,,56,,56,,56,,1333,,3574,,5404,,6087,,5907,,5283
7,"montezuma_castle",,6,,7,,75,,7333,,725,,7,,1667,,25,,5833,,6667,,6667,,75,,2609,,3684,,6562,,6984,,6946,,7241
8,"cn_tower",,8,,8,,85,,7,,6,,64,,1667,,2917,,5417,,5417,,5833,,625,,2759,,4275,,6617,,6107,,5915,,6324
9,"acropolis_athens",,8,,9,,9,,8333,,85,,8,,1429,,2857,,4762,,5714,,619,,619,,2424,,4337,,6228,,678,,7164,,698
10,"agra_fort",,8,,9,,8,,8333,,875,,88,,16,,28,,48,,48,,6,,72,,2667,,4271,,6,,6091,,7119,,792
11,"albert_memorial",,6,,7,,8,,8333,,875,,88,,0909,,2727,,4545,,5455,,5455,,6364,,1579,,3925,,5797,,6593,,672,,7386
12,"altes_museum",,8,,8,,75,,7,,7,,7,,125,,2083,,4167,,4583,,5,,5833,,2162,,3306,,5357,,554,,5833,,6364
13,"amiens_cathedral",1,0,1,0,1,0,,9333,,95,,96,,16,,36,,52,,72,,8,,84,,2759,,5294,,6842,,8129,,8686,,896
14,"angkor_wat",1,0,1,0,1,0,,9333,,8,,7,,16,,32,,52,,56,,6,,6,,2759,,4848,,6842,,7,,6857,,6462
15,"ara_pacis",,8,,7,,75,,8333,,85,,74,,1364,,2727,,5,,6364,,6818,,6818,,233,,3925,,6,,7216,,7567,,7097
16,"arc_de_triomphe",1,0,,8,,8,,7,,675,,7,,2083,,2917,,4583,,5,,5417,,625,,3448,,4275,,5828,,5833,,601,,6604
17,"aztec_ruins",,2,,1,,3,,3667,,35,,3,,04,,04,,24,,4,,44,,44,,0667,,0571,,2667,,3826,,3899,,3568
18,"berlin_cathedral",1,0,1,0,,95,,9667,,95,,96,,2,,32,,44,,56,,6,,68,,3333,,4848,,6014,,7092,,7355,,7961
19,"bok_tower_gardens",,8,,7,,75,,8,,75,,8,,16,,24,,52,,68,,72,,8,,2667,,3574,,6142,,7351,,7347,,8
20,"brandenburg_gate",1,0,1,0,,95,,9,,925,,88,,16,,28,,44,,52,,52,,6,,2759,,4375,,6014,,6592,,6657,,7135
21,"cabrillo",,0,,0,,05,,1,,125,,16,,0,,0,,0769,,2308,,3846,,5385,,0,,0,,0606,,1395,,1887,,2467
22,"casa_batllo",1,0,1,0,1,0,1,0,,975,,94,,2,,36,,64,,76,,84,,84,,3333,,5294,,7805,,8636,,9025,,8872
23,"casa_rosada",1,0,,9,,85,,8333,,875,,88,,2,,28,,44,,52,,56,,76,,3333,,4271,,5798,,6404,,6829,,8156
24,"castillo_de_san_marcos",,8,,8,,9,,8333,,85,,74,,12,,28,,48,,56,,6,,6,,2087,,4148,,6261,,6699,,7034,,6627
25,"chartres_cathedral",1,0,,9,,95,,9667,,95,,94,,16,,32,,4,,52,,76,,76,,2759,,4721,,563,,6762,,8444,,8405
26,"chichen_itza",1,0,,9,,75,,7667,,775,,82,,2,,28,,4,,52,,6,,68,,3333,,4271,,5217,,6197,,6764,,7435
27,"christ_the_redeemer_rio",,4,,5,,65,,6,,625,,58,,087,,1739,,3913,,4783,,5652,,5652,,1429,,2581,,4885,,5323,,5936,,5725
28,"civic_center_san_francisco",,8,,6,,6,,5333,,65,,64,,16,,24,,32,,44,,56,,6,,2667,,3429,,4174,,4822,,6017,,6194
29,"cologne_cathedral",1,0,1,0,,9,,9,,925,,92,,16,,24,,44,,52,,56,,72,,2759,,3871,,591,,6592,,6976,,8078
30,"colosseum",1,0,,9,,95,,9,,925,,94,,2,,28,,48,,52,,6,,64,,3333,,4271,,6378,,6592,,7279,,7615
31,"doge_s_palace",,6,,8,,8,,8667,,9,,92,,08,,24,,32,,36,,44,,48,,1412,,3692,,4571,,5087,,591,,6309
32,"eiffel_tower",1,0,,9,,9,,8333,,85,,88,,12,,28,,36,,44,,52,,56,,2143,,4271,,5143,,5759,,6453,,6844
33,"golden_gate_bridge",1,0,,8,,75,,7667,,7,,76,,1739,,2609,,4348,,6087,,6087,,6522,,2963,,3934,,5505,,6786,,6512,,702
34,"grand_palais",,6,,8,,85,,9,,925,,92,,0909,,3182,,5455,,7273,,7727,,8182,,1579,,4553,,6645,,8045,,842,,8661
35,"guggenheim_museum_bilbao",1,0,,9,,95,,9667,,925,,94,,2,,28,,36,,44,,48,,6,,3333,,4271,,5221,,6047,,632,,7325
36,"hagia_sophia_istanbul",1,0,1,0,1,0,1,0,1,0,1,0,,2,,36,,48,,56,,6,,68,,3333,,5294,,6486,,7179,,75,,8095
37,"hoover_dam",1,0,1,0,,9,,9,,9,,88,,16,,36,,48,,56,,64,,68,,2759,,5294,,6261,,6904,,7481,,7672
38,"humayun_tomb",1,0,,9,,85,,7333,,75,,74,,16,,32,,44,,56,,6,,76,,2759,,4721,,5798,,6351,,6667,,7499
39,"iguazu_falls",,4,,3,,6,,7333,,775,,82,,08,,12,,32,,36,,56,,64,,1333,,1714,,4174,,4829,,6502,,7189
40,"iolani_palace",1,0,,8,,7,,7667,,8,,74,,16,,28,,4,,52,,64,,72,,2759,,4148,,5091,,6197,,7111,,7299
41,"la_mezquita",,8,,5,,55,,6667,,725,,74,,1667,,2083,,3333,,5,,5417,,5833,,2759,,2941,,4151,,5714,,6201,,6524
42,"la_rambla_barcelona",,8,,9,,85,,9,,9,,88,,08,,24,,32,,4,,44,,6,,1455,,3789,,465,,5538,,591,,7135
43,"la_sainte_chapelle",,8,,9,,85,,9,,9,,92,,16,,36,,44,,6,,72,,76,,2667,,5143,,5798,,72,,8,,8324
44,"liberty_memorial",,8,,8,,6,,5667,,625,,7,,04,,16,,28,,4,,52,,64,,0762,,2667,,3818,,469,,5677,,6687
45,"lincoln_home",1,0,,7,,65,,6,,625,,56,,1667,,2778,,3889,,5,,5,,5556,,2857,,3977,,4866,,5455,,5556,,5578
46,"machu_picchu",1,0,,9,,85,,8,,75,,72,,2,,36,,52,,52,,56,,64,,3333,,5143,,6453,,6303,,6412,,6776
47,"marble_arch_london",,4,,3,,4,,4,,375,,36,,1667,,25,,4167,,5833,,6667,,6667,,2353,,2727,,4082,,4746,,48,,4675
48,"milan_cathedral",1,0,1,0,1,0,1,0,1,0,,98,,16,,24,,44,,6,,64,,64,,2759,,3871,,6111,,75,,7805,,7743
49,"mole_antonelliana",,8,,7,,85,,8667,,825,,86,,16,,24,,4,,52,,56,,64,,2667,,3574,,544,,65,,6671,,7339
50,"mont_saint_michel",1,0,,9,,95,,9333,,95,,96,,16,,28,,44,,52,,6,,6,,2759,,4271,,6014,,6679,,7355,,7385
51,"moulin_rouge",,0,,1,,1,,1,,075,,06,,0,,125,,25,,25,,25,,25,,0,,1111,,1429,,1429,,1154,,0968
52,"nelson_s_column",1,0,,8,,85,,8667,,875,,88,,125,,2083,,375,,5,,625,,625,,2222,,3306,,5204,,6341,,7292,,7309
53,"notre_dame_de_paris",,6,,7,,8,,8667,,875,,9,,12,,24,,36,,48,,6,,72,,2,,3574,,4966,,6178,,7119,,8
54,"obelisco",,2,,2,,25,,2,,15,,12,,0909,,1818,,3636,,3636,,3636,,3636,,125,,1905,,2963,,2581,,2124,,1805
55,"piccadilly_circus",1,0,,8,,9,,8667,,85,,86,,2174,,3043,,5652,,6087,,6522,,6957,,3571,,4409,,6944,,7151,,7381,,7691
56,"place_de_la_concorde",1,0,1,0,1,0,1,0,1,0,,98,,2,,32,,44,,52,,64,,64,,3333,,4848,,6111,,6842,,7805,,7743
57,"place_de_la_republique",,4,,2,,2,,2333,,225,,22,,25,,25,,375,,625,,625,,75,,3077,,2222,,2609,,3398,,3309,,3402
58,"place_des_vosges",1,0,,7,,7,,6667,,725,,76,,12,,16,,32,,4,,56,,64,,2143,,2605,,4392,,5,,6319,,6949
59,"pont_du_gard",,8,,7,,75,,8,,825,,84,,16,,24,,36,,44,,6,,72,,2667,,3574,,4865,,5677,,6947,,7754
60,"pont_neuf",,8,,7,,7,,6667,,7,,66,,08,,16,,32,,44,,52,,6,,1455,,2605,,4392,,5301,,5967,,6286
61,"ponte_vecchio",,8,,7,,7,,7333,,775,,78,,125,,2083,,375,,5417,,6667,,6667,,2162,,3211,,4884,,6231,,7168,,7189
62,"puerta_de_alcala",,4,,5,,6,,5667,,55,,64,,1053,,2632,,4737,,5789,,6842,,7368,,1667,,3448,,5294,,5727,,6098,,685
63,"puerta_del_sol",,6,,4,,45,,4,,4,,38,,15,,2,,35,,4,,45,,55,,24,,2667,,3937,,4,,4235,,4495
64,"red_fort",1,0,1,0,1,0,1,0,1,0,1,0,,2,,28,,48,,6,,68,,68,,3333,,4375,,6486,,75,,8095,,8095
65,"reims_cathedral",1,0,1,0,,95,,9667,,975,,98,,2,,32,,44,,56,,64,,68,,3333,,4848,,6014,,7092,,7728,,8029
66,"rialto_bridge",,6,,4,,55,,5667,,625,,6,,125,,1875,,375,,5,,6875,,75,,2069,,2553,,4459,,5312,,6548,,6667
67,"roman_forum_rome",,4,,5,,7,,7333,,75,,74,,08,,2,,4,,48,,6,,64,,1333,,2857,,5091,,5802,,6667,,6864
68,"sacre_coeur",,4,,5,,45,,4333,,525,,52,,0833,,2083,,2917,,3333,,375,,4167,,1379,,2941,,3539,,3768,,4375,,4626
69,"sagrada_familia",1,0,1,0,,9,,9333,,95,,94,,16,,24,,44,,56,,6,,6,,2759,,3871,,591,,7,,7355,,7325
70,"santa_maria_novella",,6,,4,,5,,5,,5,,58,,12,,16,,36,,48,,52,,56,,2,,2286,,4186,,4898,,5098,,5698
71,"schonbrunn_palace",1,0,1,0,1,0,1,0,1,0,1,0,,2,,36,,56,,68,,68,,68,,3333,,5294,,7179,,8095,,8095,,8095
72,"seville_cathedral",,8,,9,,9,,8667,,875,,9,,12,,32,,56,,64,,68,,68,,2087,,4721,,6904,,7363,,7653,,7747
73,"spanish_steps",,8,,8,,8,,7667,,7,,7,,1818,,2727,,4091,,5909,,6364,,6364,,2963,,4068,,5414,,6674,,6667,,6667
74,"st__basil_cathedral",1,0,1,0,,85,,9,,875,,86,,16,,28,,48,,6,,64,,64,,2759,,4375,,6135,,72,,7393,,7339
75,"statue_of_liberty",1,0,,9,,9,,8667,,875,,88,,16,,28,,56,,6,,64,,64,,2759,,4271,,6904,,7091,,7393,,7411
76,"stonehenge",,4,,5,,7,,7,,725,,74,,1053,,1053,,3684,,4211,,5789,,6316,,1667,,1739,,4828,,5258,,6438,,6815
77,"summer_palace_beijing",,8,,9,,8,,8333,,875,,88,,16,,28,,4,,48,,56,,6,,2667,,4271,,5333,,6091,,6829,,7135
78,"sydney_opera_house",1,0,,9,,95,,9333,,925,,92,,2,,36,,48,,6,,68,,68,,3333,,5143,,6378,,7304,,7838,,782
79,"teotihuacan",,6,,8,,85,,8667,,85,,82,,12,,28,,48,,56,,64,,68,,2,,4148,,6135,,6804,,7302,,7435
80,"terracotta_army",,4,,7,,7,,8,,8,,68,,1,,35,,55,,7,,75,,8,,16,,4667,,616,,7467,,7742,,7351
81,"the_blue_mosque",,6,,8,,85,,9,,875,,9,,12,,28,,4,,44,,48,,64,,2,,4148,,544,,591,,6199,,7481
82,"the_henry_ford",,6,,7,,65,,7,,775,,62,,12,,24,,4,,56,,56,,56,,2,,3574,,4952,,6222,,6502,,5885
83,"taj_mahal",1,0,,9,,85,,8,,85,,88,,12,,28,,56,,6,,64,,64,,2143,,4271,,6752,,6857,,7302,,7411
84,"tour_montparnasse",,2,,2,,5,,5667,,5,,5,,05,,1,,3,,45,,5,,65,,08,,1333,,375,,5016,,5,,5652
85,"tower_bridge_london",,6,,6,,55,,5,,6,,6,,12,,24,,36,,4,,56,,64,,2,,3429,,4352,,4444,,5793,,6194
86,"trafalgar_square",,6,,7,,6,,6,,525,,54,,0909,,2727,,5,,5909,,5909,,6818,,1579,,3925,,5455,,5954,,556,,6027
87,"leaning_tower_of_pisa",,8,,8,,65,,6,,6,,58,,16,,28,,44,,52,,6,,6,,2667,,4148,,5248,,5571,,6,,5898
88,"hermitage_museum_saint_petersburg",1,0,1,0,,9,,8667,,9,,8,,16,,24,,4,,52,,56,,6,,2759,,3871,,5538,,65,,6904,,6857
89,"jantar_mantar_jaipur",,8,,9,,75,,8333,,825,,86,,16,,32,,48,,64,,72,,76,,2667,,4721,,5854,,724,,7689,,8069
90,"lake_titicaca_peru",,4,,5,,5,,4333,,5,,52,,0833,,2083,,3333,,4583,,625,,625,,1379,,2941,,4,,4455,,5556,,5677
91,"the_great_wall_of_china",,8,,8,,8,,8333,,75,,8,,16,,32,,52,,64,,64,,68,,2667,,4571,,6303,,724,,6906,,7351
92,"grande_arche_paris",,6,,6,,65,,6333,,625,,66,,08,,16,,32,,36,,44,,48,,1412,,2526,,4289,,4591,,5164,,5558
93,"el_angel_mexico",,8,,6,,5,,5333,,6,,68,,1429,,2381,,3333,,5238,,6667,,7143,,2424,,3409,,4,,5285,,6316,,6967
94,"bibliotheque_nationale_de_france",,6,,8,,7,,7667,,775,,78,,12,,32,,4,,56,,56,,64,,2,,4571,,5091,,6472,,6502,,7031
95,"kronborg_castle",1,0,1,0,,9,,8,,8,,76,,2083,,2917,,4167,,5,,625,,6667,,3448,,4516,,5696,,6154,,7018,,7103
96,"ajanta_caves",,8,,7,,75,,8,,85,,88,,1364,,2273,,3636,,4545,,6818,,6818,,233,,3431,,4898,,5797,,7567,,7683
97,"atomium",,8,,8,,8,,8667,,9,,92,,1429,,2857,,4762,,4762,,5238,,5714,,2424,,4211,,597,,6147,,6622,,705
98,"ellora_caves",1,0,1,0,1,0,1,0,1,0,,98,,1818,,3636,,4545,,5455,,5909,,5909,,3077,,5333,,625,,7059,,7429,,7373
99,"potala_palace",,8,,9,,85,,8333,,825,,8,,1667,,3333,,5,,6667,,7778,,7778,,2759,,4865,,6296,,7407,,8007,,7887
100,"jokhang",1,0,,8,,85,,7667,,775,,82,,2,,32,,56,,72,,8,,8,,3333,,4571,,6752,,7426,,7873,,8099
101,"rila_monastery",,8,,7,,75,,7667,,8,,82,,12,,16,,24,,36,,36,,4,,2087,,2605,,3636,,4899,,4966,,5377
102,"louvre_pyramid",1,0,,9,,95,,9,,875,,88,,2222,,3333,,5,,5556,,6111,,6111,,3636,,4865,,6552,,687,,7196,,7213
103,"brooklyn_bridge",1,0,,9,,9,,8,,8,,8,,1429,,2381,,2381,,381,,4762,,5714,,25,,3766,,3766,,5161,,597,,6667
104,"tower_of_london",,6,,5,,6,,6667,,7,,72,,1304,,1739,,3478,,4348,,4348,,5652,,2143,,2581,,4404,,5263,,5364,,6333
105,"british_museum_london",1,0,,9,,9,,9333,,925,,94,,15,,35,,55,,6,,6,,65,,2609,,504,,6828,,7304,,7279,,7686
106,"buckingham_palace",,0,,4,,5,,5333,,45,,42,,0,,15,,25,,25,,25,,35,,0,,2182,,3333,,3404,,3214,,3818
107,"charles_bridge_prague",,8,,8,,85,,8,,85,,84,,125,,25,,375,,4167,,5,,5417,,2162,,381,,5204,,5479,,6296,,6586
108,"champs_elysees_paris",,6,,5,,5,,5667,,5,,56,,2,,2,,2,,3333,,4,,5333,,3,,2857,,2857,,4198,,4444,,5463
109,"chrysler_building",1,0,,8,,9,,9333,,95,,94,,2143,,2857,,5714,,7143,,7143,,7143,,3529,,4211,,699,,8092,,8155,,8117
110,"moma_new_york",,6,,6,,65,,7667,,825,,86,,1579,,3158,,3684,,5263,,5263,,6316,,25,,4138,,4703,,6242,,6426,,7283
111,"grand_central_terminal",1,0,1,0,,95,,9667,,975,,96,,1429,,2381,,2857,,2857,,381,,381,,25,,3846,,4393,,4411,,5478,,5455
112,"houses_of_parliament",1,0,1,0,,9,,9,,925,,94,,1739,,3043,,3913,,3913,,4783,,5652,,2963,,4667,,5455,,5455,,6305,,706
113,"alexanderplatz_berlin",,4,,4,,6,,6333,,55,,64,,08,,16,,28,,4,,4,,48,,1333,,2286,,3818,,4903,,4632,,5486
114,"centre_pompidou",,8,,9,,8,,8667,,8,,76,,2222,,3333,,4444,,5556,,5556,,6667,,3478,,4865,,5714,,6771,,6557,,7103
115,"sydney_harbour_bridge",1,0,1,0,,95,,9667,,975,,98,,25,,375,,5,,5,,5625,,6875,,4,,5455,,6552,,6591,,7134,,8081
116,"pier_39",1,0,,9,,95,,9667,,95,,94,,2381,,381,,4762,,5714,,5714,,6667,,3846,,5353,,6344,,7183,,7136,,7801
117,"coit_tower",,6,,8,,75,,7,,575,,52,,1333,,3333,,3333,,4667,,4667,,5333,,2182,,4706,,4615,,56,,5152,,5266
118,"st_paul_s_cathedral_london",1,0,,9,,7,,7333,,8,,78,,2941,,2941,,3529,,4706,,5882,,7059,,4545,,4433,,4693,,5733,,678,,7411
119,"cloud_gate",,8,,9,,65,,6667,,675,,68,,1667,,4167,,4167,,5,,5833,,5833,,2759,,5696,,5078,,5714,,6258,,628
120,"musee_d_orsay",,8,,8,,9,,9333,,925,,9,,1429,,2381,,3333,,5238,,6667,,7143,,2424,,367,,4865,,671,,7749,,7965
121,"pike_place_market",1,0,,9,,9,,8667,,85,,84,,1905,,2857,,4762,,5238,,5238,,5238,,32,,4337,,6228,,653,,6482,,6453
122,"royal_palace_madrid",,8,,8,,75,,8333,,875,,9,,1818,,3182,,5455,,6818,,7273,,8636,,2963,,4553,,6316,,75,,7943,,8814
123,"sony_center_berlin",,8,,8,,85,,9,,925,,94,,1905,,2857,,3333,,381,,4286,,5238,,3077,,4211,,4789,,5353,,5858,,6727
124,"red_square_moscow",,8,,6,,65,,6333,,6,,62,,0952,,1905,,3333,,4286,,4286,,5714,,1702,,2892,,4407,,5112,,5,,5947
125,"prague_castle",1,0,1,0,1,0,,9333,,925,,94,,12,,32,,44,,6,,72,,8,,2143,,4848,,6111,,7304,,8097,,8644
126,"musee_du_louvre",1,0,,8,,85,,8667,,9,,92,,16,,24,,44,,56,,64,,68,,2759,,3692,,5798,,6804,,7481,,782
127,"millennium_bridge_london",,8,,8,,7,,7667,,75,,8,,12,,2,,36,,52,,6,,6,,2087,,32,,4755,,6197,,6667,,6857
128,"casa_mila",1,0,,8,,9,,9,,925,,94,,16,,2,,44,,52,,52,,6,,2759,,32,,591,,6592,,6657,,7325
129,"national_gallery_london",,8,,5,,65,,6333,,6,,54,,1818,,1818,,4091,,5455,,5455,,5455,,2963,,2667,,5021,,5861,,5714,,5427
130,"national_mall",1,0,,9,,9,,8667,,9,,92,,2,,32,,52,,64,,68,,72,,3333,,4721,,6592,,7363,,7747,,8078
131,"london_city_hall",,8,,8,,85,,8667,,775,,74,,2,,35,,55,,75,,75,,8,,32,,487,,6679,,8041,,7623,,7688
132,"holocaust_memorial",,8,,4,,5,,5,,55,,64,,25,,25,,3125,,5,,5625,,6875,,381,,3077,,3846,,5,,5562,,6629
133,"columbus_circle",,0,,2,,35,,4667,,575,,62,,0,,08,,24,,4,,6,,68,,0,,1143,,2847,,4308,,5872,,6486
134,"siegessaeule",,6,,5,,7,,8,,85,,88,,08,,16,,32,,56,,68,,76,,1412,,2424,,4392,,6588,,7556,,8156
135,"jardin_du_luxembourg",1,0,,9,,85,,9,,925,,94,,16,,32,,4,,48,,56,,64,,2759,,4721,,544,,6261,,6976,,7615
136,"merlion_singapore",,2,,5,,4,,4333,,375,,34,,0455,,2273,,3182,,4545,,5,,5455,,0741,,3125,,3544,,4437,,4286,,4189
137,"harrods_london",,8,,8,,85,,9,,9,,86,,12,,2,,4,,44,,56,,6,,2087,,32,,544,,591,,6904,,7068
138,"metropolitan_museum_of_art_new_york",1,0,1,0,,95,,9333,,95,,96,,2,,36,,6,,64,,68,,68,,3333,,5294,,7355,,7593,,7926,,7961
139,"new_york_stock_exchange",1,0,1,0,,75,,7,,725,,72,,2,,35,,5,,5,,6,,7,,3333,,5185,,6,,5833,,6566,,7099
140,"stephansdom_vienna",1,0,,9,,9,,9333,,95,,96,,16,,28,,44,,6,,72,,72,,2759,,4271,,591,,7304,,8192,,8229
141,"hms_belfast",1,0,1,0,1,0,1,0,1,0,,98,,12,,28,,36,,52,,56,,64,,2143,,4375,,5294,,6842,,7179,,7743
142,"leicester_square",1,0,,8,,8,,8333,,775,,74,,2,,28,,44,,48,,52,,64,,3333,,4148,,5677,,6091,,6224,,6864
143,"ciudad_de_las_artes_y_las_ciencias",,8,,9,,95,,9,,925,,92,,12,,24,,52,,6,,64,,68,,2087,,3789,,6721,,72,,7565,,782
144,"topkapi_palace",1,0,,9,,95,,9667,,95,,96,,16,,24,,48,,56,,64,,64,,2759,,3789,,6378,,7092,,7648,,768
145,"royal_albert_hall",,8,,8,,7,,5667,,575,,6,,16,,28,,36,,36,,44,,56,,2667,,4148,,4755,,4403,,4985,,5793
146,"st_vitus_cathedral",,8,,9,,9,,9333,,95,,96,,12,,24,,44,,48,,52,,56,,2087,,3789,,591,,634,,6721,,7074
147,"castello_sforzesco",1,0,,9,,9,,9,,875,,88,,12,,24,,4,,48,,48,,56,,2143,,3789,,5538,,6261,,6199,,6844
148,"rijksmuseum_amsterdam",1,0,1,0,1,0,1,0,1,0,1,0,,2,,32,,48,,6,,6,,64,,3333,,4848,,6486,,75,,75,,7805
149,"dam_square",,8,,7,,65,,7,,725,,72,,12,,24,,32,,44,,48,,48,,2087,,3574,,4289,,5404,,5776,,576
150,"rathaus_vienna",1,0,,7,,55,,5,,525,,52,,16,,24,,32,,32,,36,,36,,2759,,3574,,4046,,3902,,4271,,4255
151,"bath_abbey",1,0,,9,,95,,9667,,975,,98,,2,,32,,52,,64,,64,,68,,3333,,4721,,6721,,7701,,7728,,8029
152,"salisbury_cathedral",1,0,,9,,95,,9667,,975,,98,,16,,28,,44,,52,,56,,6,,2759,,4271,,6014,,6762,,7114,,7443
153,"templo_de_debod",,0,,3,,35,,3333,,35,,34,,0,,1364,,2273,,2727,,3636,,4091,,0,,1875,,2756,,3,,3567,,3714
154,"Niagara_Falls",,2,,4,,55,,7,,7,,68,,0455,,1364,,3636,,5,,5455,,6364,,0741,,2034,,4378,,5833,,6131,,6575
155,"Golden_Gate_Bridge_in_San_Francisco",1,0,1,0,1,0,,9333,,925,,92,,0909,,2727,,4091,,5455,,6818,,7727,,1667,,4286,,5806,,6885,,785,,84
156,"Neuschwanstein_Castle",1,0,,9,,95,,9667,,975,,96,,12,,24,,28,,48,,64,,76,,2143,,3789,,4325,,6415,,7728,,8484
157,"Christ_Church_Cathedral_Missouri",1,0,,8,,85,,9,,925,,94,,16,,28,,52,,64,,68,,72,,2759,,4148,,6453,,7481,,7838,,8154
158,"Mount_Rushmore_in_South_Dakota",1,0,,9,,9,,9333,,95,,96,,16,,24,,32,,4,,52,,56,,2759,,3789,,4721,,56,,6721,,7074
159,"Puerta_de_Toledo",,2,,1,,15,,1,,075,,06,,5,,5,1,0,1,0,1,0,1,0,,2857,,1667,,2609,,1818,,1395,,1132
160,"Urquhart_Castle",1,0,1,0,,8,,8333,,875,,8,,2083,,3333,,4583,,5833,,6667,,6667,,3448,,5,,5828,,6863,,7568,,7273
161,"Gare_du_Nord_Paris",,8,,8,,75,,7667,,75,,8,,16,,28,,48,,48,,52,,52,,2667,,4148,,5854,,5904,,6142,,6303
162,"Newgrange_in_Ireland",,4,,7,,8,,7667,,75,,72,,0833,,25,,4583,,5417,,5833,,5833,,1379,,3684,,5828,,6348,,6562,,6445
163,"Windmills_at_Kinderdijk",,8,,8,,9,,9333,,95,,92,,12,,28,,52,,6,,64,,72,,2087,,4148,,6592,,7304,,7648,,8078
164,"Conciergerie",,8,,9,,85,,9,,925,,94,,16,,28,,44,,6,,76,,84,,2667,,4271,,5798,,72,,8344,,8872
165,"Palazzo_Madama",1,0,,7,,65,,6667,,6,,64,,2273,,3182,,4545,,5455,,5909,,6364,,3704,,4375,,535,,6,,5954,,6382
166,"Split_Rock_Lighthouse",1,0,,9,,85,,8333,,75,,78,,16,,28,,4,,48,,48,,48,,2759,,4271,,544,,6091,,5854,,5943
167,"The_Little_Mermaid_Denmark",,8,,5,,45,,4333,,45,,56,,2857,,2857,,4286,,5714,,5714,,7143,,4211,,3636,,439,,4929,,5035,,6278
168,"Great_Pyramid_of_Giza",,6,,6,,55,,6333,,575,,64,,2,,4,,5333,,6667,,7333,,8,,3,,48,,5415,,6496,,6446,,7111
169,"Pitti_Palace",,8,,7,,65,,7333,,75,,74,,1818,,3182,,5455,,5455,,5455,,5909,,2963,,4375,,5932,,6256,,6316,,6571
170,"Georgia_State_Capitol",,6,,3,,4,,3667,,4,,4,,1053,,1053,,2632,,2632,,3158,,3158,,1791,,1558,,3175,,3064,,3529,,3529
171,"Dome_des_Invalides",,8,,9,,9,,9333,,95,,96,,12,,24,,4,,52,,56,,6,,2087,,3789,,5538,,6679,,7046,,7385
172,"Reggia_di_Caserta",,6,,7,,65,,6333,,6,,6,,12,,28,,48,,48,,52,,6,,2,,4,,5522,,5461,,5571,,6
173,"The_Burj_al_Arab_Hotel",,8,,7,,7,,7667,,8,,84,,16,,24,,36,,56,,72,,76,,2667,,3574,,4755,,6472,,7579,,798
174,"Elephanta_Caves",1,0,,8,,85,,7333,,775,,82,,1667,,25,,4583,,4583,,5417,,5833,,2857,,381,,5955,,5641,,6377,,6817
175,"Basilica_of_Santa_Croce",1,0,1,0,1,0,1,0,1,0,1,0,,2,,36,,52,,68,,68,,72,,3333,,5294,,6842,,8095,,8095,,8372
176,"Aachen_Cathedral",1,0,1,0,,95,,9,,9,,88,,2,,28,,4,,48,,6,,6,,3333,,4375,,563,,6261,,72,,7135
177,"Monument_to_the_Great_Fire_of_London",,8,,8,,6,,7,,675,,64,,16,,28,,36,,56,,64,,68,,2667,,4148,,45,,6222,,657,,6594
178,"Longmen_Grottoes",,6,,8,,75,,7667,,625,,6,,12,,28,,44,,6,,6,,68,,2,,4148,,5546,,6732,,6122,,6375
179,"Louisiana_State_Capitol",,2,,4,,45,,4667,,375,,36,,04,,12,,28,,4,,44,,48,,0667,,1846,,3452,,4308,,4049,,4114
180,"The_Great_Sphinx_at_Giza",1,0,,9,,95,,9,,825,,84,,2,,28,,52,,6,,6,,64,,3333,,4271,,6721,,72,,6947,,7265
181,"Teatro_Real_Madrid",,8,,7,,6,,6667,,7,,76,,1739,,3043,,3913,,5652,,6522,,8261,,2857,,4242,,4737,,6118,,6752,,7917
182,"Palacio_de_la_Magdalena",,6,,6,,8,,7667,,775,,7,,12,,24,,48,,56,,64,,68,,2,,3429,,6,,6472,,7011,,6899
183,"Sowjetisches_Ehrenmal",,8,,8,,65,,6333,,625,,62,,16,,32,,48,,6,,6,,68,,2667,,4571,,5522,,6162,,6122,,6486
184,"Cathedral_of_Trier",1,0,1,0,1,0,,9667,,975,,98,,2,,4,,56,,6,,76,,8,,3333,,5714,,7179,,7404,,8542,,8809
185,"Saint_Mary_of_the_Flower",,4,,4,,25,,2667,,275,,24,,08,,12,,16,,2,,28,,32,,1333,,1846,,1951,,2286,,2775,,2743
186,"Skellig_Michael",1,0,,9,,8,,7667,,775,,72,,16,,24,,44,,56,,68,,68,,2759,,3789,,5677,,6472,,7244,,6994
187,"Chicago_Board_of_Trade_Building",1,0,,7,,8,,8333,,8,,82,,1818,,1818,,4091,,5,,6364,,6818,,3077,,2887,,5414,,625,,7089,,7446
188,"Pont_de_Normandie_France",1,0,,8,,7,,7333,,8,,8,,2632,,4211,,5263,,7368,,7895,,8421,,4167,,5517,,6009,,7351,,7947,,8205
189,"Palazzo_Rosso",,0,,1,,05,,0333,,025,,08,,0,,0417,,0417,,0417,,0417,,125,,0,,0588,,0455,,037,,0312,,0976
190,"Piazza_Vittorio_Veneto",,4,,5,,5,,5333,,525,,44,,0625,,25,,4375,,625,,6875,,6875,,1081,,3333,,4667,,5755,,5954,,5366
191,"Sforza_Castle",1,0,,9,,95,,9,,9,,9,,2,,24,,4,,44,,56,,64,,3333,,3789,,563,,591,,6904,,7481
192,"Torres_KIO",1,0,,8,,85,,8333,,825,,84,,16,,2,,36,,48,,56,,64,,2759,,32,,5058,,6091,,6671,,7265
193,"Torre_Picasso",,8,,7,,75,,8,,85,,84,,1667,,2083,,3333,,5,,625,,6667,,2759,,3211,,4615,,6154,,7203,,7434
194,"The_Palace_of_Parliament_in_Bucharest",1,0,,9,,9,,9,,925,,9,,16,,28,,4,,6,,68,,72,,2759,,4271,,5538,,72,,7838,,8
195,"Ernest_Hemingway_House",,6,,7,,75,,8,,825,,8,,08,,2,,4,,52,,6,,64,,1412,,3111,,5217,,6303,,6947,,7111
196,"Castel_dellOvo_Napoli",,8,,8,,85,,8333,,825,,86,,16,,32,,56,,64,,68,,68,,2667,,4571,,6752,,724,,7455,,7595
197,"Villa_Borghese_gardens",1,0,,9,,95,,9667,,95,,96,,2,,32,,44,,64,,72,,76,,3333,,4721,,6014,,7701,,8192,,8484
198,"Saint_Marks_Basilica",1,0,,9,,9,,9333,,95,,96,,16,,32,,4,,52,,52,,52,,2759,,4721,,5538,,6679,,6721,,6746
199,"Mausoleum_of_the_First_Qin_Emperor",,6,,8,,85,,9,,925,,8,,12,,24,,52,,64,,64,,68,,2,,3692,,6453,,7481,,7565,,7351
200,"Mausoleum_of_Hadrian",,8,,6,,75,,7667,,725,,76,,1667,,2778,,3889,,5556,,5556,,6667,,2759,,3797,,5122,,6443,,6291,,7103
201,"Piazza_de_Ferrari",1,0,,9,,9,,9333,,9,,88,,2105,,3158,,4737,,5263,,5789,,6842,,3478,,4675,,6207,,6731,,7046,,7699
202,"George_Washington_Carver",,2,,4,,5,,6,,6,,64,,0625,,25,,375,,5,,5,,5625,,0952,,3077,,4286,,5455,,5455,,5988
203,"Cathedral_of_Santiago_de_Compostela",,8,,7,,65,,6667,,75,,78,,1176,,2353,,4118,,5882,,6471,,7647,,2051,,3522,,5042,,625,,6947,,7723
204,"Saint-Jacques_Tower",,6,,8,,75,,7667,,775,,76,,1538,,4615,,5385,,5385,,5385,,5385,,2449,,5854,,6269,,6326,,6354,,6303
205,"Calakmul_Campeche_Mexico",,8,,9,,75,,8333,,825,,84,,2857,,5,,6429,,7857,,7857,,8571,,4211,,6429,,6923,,8088,,8049,,8485
206,"Bran_Castle_in_Transylvania",1,0,1,0,,85,,8667,,875,,86,,1579,,3684,,4737,,6842,,7368,,7895,,2727,,5385,,6083,,7647,,8,,8232
207,"Mosteiro_da_Batalha",1,0,1,0,1,0,1,0,1,0,1,0,,2632,,3684,,6316,,6316,,6316,,6842,,4167,,5385,,7742,,7742,,7742,,8125
208,"Wartburg_Castle",1,0,1,0,1,0,,9,,925,,94,,2,,45,,65,,7,,85,,85,,3333,,6207,,7879,,7875,,8859,,8927
209,"Fujian_Tulou_Fujian_China",1,0,,9,,9,,9333,,95,,96,,1667,,2222,,3333,,4444,,6111,,6667,,2857,,3564,,4865,,6022,,7438,,7869
210,"Alabama_State_Capitol",,8,,7,,55,,6,,65,,68,,1905,,2857,,3333,,5714,,6667,,6667,,3077,,4058,,4151,,5854,,6582,,6733
211,"Palazzo_dAccursio",1,0,,7,,7,,7667,,75,,76,,1667,,2778,,4444,,5,,5,,5,,2857,,3977,,5437,,6053,,6,,6032
212,"Casa_Grande_Ruins",1,0,,9,,85,,7333,,7,,72,,2941,,3529,,4706,,5294,,5294,,5294,,4545,,507,,6058,,6149,,6029,,6102
213,"Stravinsky_Fountain",1,0,1,0,,9,,9,,9,,9,,1333,,2,,3333,,4,,4,,6,,2353,,3333,,4865,,5538,,5538,,72
214,"Angel_Falls_Venezuela",,6,,6,,55,,6333,,675,,58,,1765,,2353,,4118,,5882,,6471,,7059,,2727,,338,,4709,,61,,6607,,6368
215,"Statue_of_George_IV",,6,,5,,35,,4333,,425,,4,,375,,625,,625,,75,,75,,75,,4615,,5556,,4487,,5493,,5426,,5217
216,"Palacio_Barolo",1,0,1,0,,75,,7333,,8,,84,,2353,,5294,,5882,,5882,,7059,,7059,,381,,6923,,6593,,6528,,75,,7671
217,"Bridge_of_Remembrance_Christchurch_New_Zealand",1,0,,6,,6,,6667,,75,,8,,3333,,3333,,5833,,6667,1,0,1,0,,5,,4286,,5915,,6667,,8571,,8889
218,"John_A._Roebling_Suspension_Bridge",,4,,3,,4,,4667,,45,,42,,1333,,2,,4,,6667,,6667,,7333,,2,,24,,4,,549,,5373,,5341
219,"Blue_Dome_Santorini",1,0,1,0,,95,,9333,,925,,94,,1875,,4375,,625,,75,,75,,75,,3158,,6087,,754,,8317,,8284,,8343
220,"Fossar_de_les_Moreres",,4,,5,,5,,6333,,65,,6,,0714,,2143,,4286,,6429,,7143,,7857,,1212,,3,,4615,,6381,,6806,,6804
221,"Luxor_Obelisk_France",,8,,9,,8,,8,,775,,74,,125,,25,,375,,4375,,4375,,4375,,2162,,3913,,5106,,5657,,5593,,5499
222,"Valle_de_los_Caidos",1,0,,9,,95,,9333,,85,,86,,2,,35,,55,,75,,8,,8,,3333,,504,,6967,,8317,,8242,,8289
--------------------
"--","Avg.",P@5,P@10,P@20,P@30,P@40,P@50,CR@5,CR@10,CR@20,CR@30,CR@40,CR@50,F1@5,F1@10,F1@20,F1@30,F1@40,F1@50
,,,7856,,755,,755,,7635,,7661,,7654,,1537,,2693,,4257,,5292,,5921,,6435,,2523,,39,,534,,6131,,6553,,6861