--------------------
"Run name","output_runSCHSumSquaredError"
--------------------
"Average P@20 = ",,7869
"Average CR@20 = ",,3996
"Average F1@20 = ",,5192
--------------------
"Query Id ","Location name",P@5,P@10,P@20,P@30,P@40,P@50,CR@5,CR@10,CR@20,CR@30,CR@40,CR@50,F1@5,F1@10,F1@20,F1@30,F1@40,F1@50
1,"angel_of_the_north",1,0,1,0,1,0,1,0,,975,,98,,2,,24,,4,,52,,6,,64,,3333,,3871,,5714,,6842,,7429,,7743
2,"big_ben",,8,,9,,9,,8333,,875,,8,,1364,,2273,,3636,,4091,,5,,5909,,233,,3629,,518,,5488,,6364,,6797
3,"hearst_castle",1,0,1,0,,95,,9667,,925,,92,,2083,,4167,,5833,,7083,,75,,8333,,3448,,5882,,7228,,8176,,8284,,8745
4,"la_madeleine",,2,,1,,35,,4,,35,,32,,0714,,0714,,2857,,5,,6429,,6429,,1053,,0833,,3146,,4444,,4532,,4273
5,"pont_alexandre_iii",1,0,,9,,95,,9667,,975,,94,,16,,28,,36,,6,,64,,8,,2759,,4271,,5221,,7404,,7728,,8644
6,"neues_museum",,0,,0,,2,,4667,,6,,68,,0,,0,,16,,48,,64,,76,,0,,0,,1778,,4732,,6194,,7178
7,"montezuma_castle",,8,,7,,5,,6333,,625,,66,,3333,,4167,,5,,5833,,6667,,8333,,4706,,5224,,5,,6073,,6452,,7366
8,"cn_tower",,6,,5,,75,,7333,,7,,68,,125,,2083,,4583,,625,,6667,,75,,2069,,2941,,569,,6748,,6829,,7133
9,"acropolis_athens",,8,,8,,9,,9,,925,,86,,1905,,2857,,5238,,5238,,5238,,5238,,3077,,4211,,6622,,6622,,6689,,6511
10,"agra_fort",,8,,9,,9,,9,,9,,88,,16,,32,,44,,52,,72,,76,,2667,,4721,,591,,6592,,8,,8156
11,"albert_memorial",1,0,,9,,7,,7333,,8,,82,,0909,,0909,,2273,,3636,,5,,7273,,1667,,1651,,3431,,4862,,6154,,7709
12,"altes_museum",,8,,8,,5,,5667,,65,,7,,1667,,25,,3333,,5417,,7083,,7917,,2759,,381,,4,,5539,,6779,,743
13,"amiens_cathedral",1,0,1,0,1,0,1,0,,975,,98,,2,,36,,56,,68,,76,,84,,3333,,5294,,7179,,8095,,8542,,9046
14,"angkor_wat",1,0,,8,,7,,8,,85,,84,,16,,24,,36,,6,,68,,72,,2759,,3692,,4755,,6857,,7556,,7754
15,"ara_pacis",,6,,8,,6,,7,,625,,66,,1364,,3182,,4091,,6364,,6364,,6364,,2222,,4553,,4865,,6667,,6306,,648
16,"arc_de_triomphe",,8,,9,,8,,8,,675,,64,,1667,,25,,4167,,5833,,5833,,6667,,2759,,3913,,5479,,6747,,6258,,6531
17,"aztec_ruins",,0,,0,,25,,2333,,275,,38,,0,,0,,2,,24,,32,,48,,0,,0,,2222,,2366,,2958,,4242
18,"berlin_cathedral",1,0,,9,,95,,9667,,9,,86,,16,,2,,4,,52,,6,,76,,2759,,3273,,563,,6762,,72,,8069
19,"bok_tower_gardens",1,0,,7,,85,,8333,,85,,88,,2,,24,,4,,56,,56,,56,,3333,,3574,,544,,6699,,6752,,6844
20,"brandenburg_gate",1,0,1,0,1,0,1,0,,975,,92,,2,,32,,44,,48,,64,,68,,3333,,4848,,6111,,6486,,7728,,782
21,"cabrillo",,4,,3,,15,,2,,15,,16,,1538,,2308,,2308,,4615,,4615,,5385,,2222,,2609,,1818,,2791,,2264,,2467
22,"casa_batllo",1,0,1,0,1,0,1,0,,975,,98,,16,,24,,4,,56,,72,,88,,2759,,3871,,5714,,7179,,8283,,9273
23,"casa_rosada",,8,,9,,95,,9333,,95,,92,,16,,2,,4,,52,,68,,72,,2667,,3273,,563,,6679,,7926,,8078
24,"castillo_de_san_marcos",1,0,,7,,7,,6333,,7,,76,,16,,2,,4,,44,,56,,64,,2759,,3111,,5091,,5193,,6222,,6949
25,"chartres_cathedral",1,0,1,0,1,0,,9333,,95,,9,,16,,24,,52,,64,,68,,72,,2759,,3871,,6842,,7593,,7926,,8
26,"chichen_itza",,8,,8,,8,,8333,,875,,86,,16,,28,,44,,6,,72,,76,,2667,,4148,,5677,,6977,,79,,8069
27,"christ_the_redeemer_rio",1,0,,8,,75,,6667,,6,,6,,1739,,2609,,3478,,4783,,6087,,6522,,2963,,3934,,4752,,557,,6043,,625
28,"civic_center_san_francisco",,8,,8,,85,,8333,,725,,62,,12,,24,,36,,44,,48,,52,,2087,,3692,,5058,,5759,,5776,,5656
29,"cologne_cathedral",1,0,1,0,,95,,9333,,95,,94,,16,,2,,4,,6,,64,,72,,2759,,3333,,563,,7304,,7648,,8154
30,"colosseum",1,0,1,0,1,0,,9667,,825,,86,,16,,24,,48,,52,,52,,64,,2759,,3871,,6486,,6762,,6379,,7339
31,"doge_s_palace",,8,,9,,75,,7667,,825,,86,,12,,28,,36,,48,,52,,52,,2087,,4271,,4865,,5904,,6379,,6481
32,"eiffel_tower",1,0,1,0,1,0,,9667,,925,,86,,2,,24,,36,,4,,48,,64,,3333,,3871,,5294,,5659,,632,,7339
33,"golden_gate_bridge",1,0,,8,,8,,8667,,75,,78,,2174,,3478,,3913,,5217,,5652,,6087,,3571,,4848,,5255,,6514,,6446,,6838
34,"grand_palais",1,0,1,0,,95,,9667,,95,,96,,1818,,2727,,3636,,4091,,5,,6364,,3077,,4286,,526,,5749,,6552,,7654
35,"guggenheim_museum_bilbao",,8,,9,,95,,9667,,95,,94,,12,,2,,4,,52,,52,,72,,2087,,3273,,563,,6762,,6721,,8154
36,"hagia_sophia_istanbul",1,0,1,0,1,0,,9667,,975,,98,,16,,32,,48,,6,,64,,76,,2759,,4848,,6486,,7404,,7728,,8561
37,"hoover_dam",1,0,1,0,,95,,9333,,925,,92,,16,,24,,44,,44,,52,,64,,2759,,3871,,6014,,5981,,6657,,7549
38,"humayun_tomb",1,0,,7,,75,,7333,,75,,78,,16,,2,,4,,52,,64,,68,,2759,,3111,,5217,,6085,,6906,,7266
39,"iguazu_falls",,8,,7,,8,,8,,775,,78,,12,,16,,36,,48,,56,,6,,2087,,2605,,4966,,6,,6502,,6783
40,"iolani_palace",,8,,9,,8,,7,,7,,68,,16,,24,,44,,52,,56,,68,,2667,,3789,,5677,,5967,,6222,,68
41,"la_mezquita",,6,,8,,85,,7333,,625,,6,,125,,25,,375,,4167,,5,,625,,2069,,381,,5204,,5314,,5556,,6122
42,"la_rambla_barcelona",1,0,1,0,,9,,9333,,95,,92,,2,,28,,32,,4,,48,,64,,3333,,4375,,4721,,56,,6378,,7549
43,"la_sainte_chapelle",1,0,,9,,95,,9667,,95,,96,,2,,36,,6,,6,,76,,84,,3333,,5143,,7355,,7404,,8444,,896
44,"liberty_memorial",,6,,3,,65,,7,,675,,66,,04,,04,,32,,44,,6,,68,,075,,0706,,4289,,5404,,6353,,6699
45,"lincoln_home",1,0,1,0,,95,,9667,,925,,74,,2222,,3333,,6667,,7222,,7778,,7778,,3636,,5,,7835,,8268,,845,,7584
46,"machu_picchu",,8,,8,,65,,7,,775,,74,,16,,32,,4,,56,,64,,8,,2667,,4571,,4952,,6222,,7011,,7688
47,"marble_arch_london",,6,,7,,5,,3333,,3,,28,,25,,3333,,4167,,4167,,5,,5833,,3529,,4516,,4545,,3704,,375,,3784
48,"milan_cathedral",1,0,1,0,,9,,9333,,95,,96,,2,,28,,4,,56,,6,,64,,3333,,4375,,5538,,7,,7355,,768
49,"mole_antonelliana",,8,,9,,7,,6667,,725,,66,,16,,2,,24,,32,,52,,56,,2667,,3273,,3574,,4324,,6056,,6059
50,"mont_saint_michel",1,0,1,0,1,0,1,0,,975,,94,,16,,32,,48,,6,,68,,76,,2759,,4848,,6486,,75,,8012,,8405
51,"moulin_rouge",,4,,2,,1,,2,,175,,16,,25,,25,,25,,5,,625,,75,,3077,,2222,,1429,,2857,,2734,,2637
52,"nelson_s_column",1,0,1,0,1,0,1,0,1,0,,96,,0833,,2083,,4167,,5417,,6667,,7083,,1538,,3448,,5882,,7027,,8,,8152
53,"notre_dame_de_paris",,6,,7,,85,,8333,,85,,84,,12,,12,,36,,56,,68,,72,,2,,2049,,5058,,6699,,7556,,7754
54,"obelisco",,2,,2,,1,,0667,,125,,26,,0909,,0909,,0909,,0909,,2727,,6364,,125,,125,,0952,,0769,,1714,,3692
55,"piccadilly_circus",,8,,8,,75,,7667,,8,,74,,1304,,2609,,4348,,5217,,6087,,6522,,2243,,3934,,5505,,6209,,6914,,6933
56,"place_de_la_concorde",1,0,1,0,,95,,9667,,95,,94,,16,,24,,4,,48,,56,,6,,2759,,3871,,563,,6415,,7046,,7325
57,"place_de_la_republique",,2,,3,,3,,2,,225,,18,,125,,25,,625,,625,,75,,75,,1538,,2727,,4054,,303,,3462,,2903
58,"place_des_vosges",,6,,5,,75,,7333,,7,,72,,08,,12,,36,,48,,6,,64,,1412,,1935,,4865,,5802,,6462,,6776
59,"pont_du_gard",,8,,9,,95,,7667,,7,,74,,12,,28,,44,,48,,6,,64,,2087,,4271,,6014,,5904,,6462,,6864
60,"pont_neuf",1,0,1,0,,9,,6333,,675,,6,,2,,32,,56,,56,,68,,68,,3333,,4848,,6904,,5944,,6775,,6375
61,"ponte_vecchio",1,0,,9,,9,,7333,,625,,66,,1667,,2083,,375,,4167,,4583,,5833,,2857,,3383,,5294,,5314,,5288,,6193
62,"puerta_de_alcala",,6,,3,,55,,6333,,65,,64,,1579,,1579,,2632,,5263,,6316,,7368,,25,,2069,,356,,5749,,6407,,685
63,"puerta_del_sol",,2,,5,,45,,3333,,275,,26,,05,,2,,3,,3,,35,,4,,08,,2857,,36,,3158,,308,,3152
64,"red_fort",1,0,1,0,1,0,1,0,1,0,1,0,,2,,32,,44,,6,,64,,68,,3333,,4848,,6111,,75,,7805,,8095
65,"reims_cathedral",,8,,9,,95,,9667,,975,,92,,16,,28,,44,,56,,68,,72,,2667,,4271,,6014,,7092,,8012,,8078
66,"rialto_bridge",,8,,9,,8,,7667,,65,,54,,1875,,25,,5,,625,,6875,,6875,,3038,,3913,,6154,,6886,,6682,,6049
67,"roman_forum_rome",,4,,7,,7,,6667,,575,,64,,08,,24,,36,,52,,56,,68,,1333,,3574,,4755,,5843,,5674,,6594
68,"sacre_coeur",,6,,5,,6,,6333,,6,,56,,125,,125,,25,,4167,,5417,,5417,,2069,,2,,3529,,5026,,5693,,5507
69,"sagrada_familia",1,0,1,0,,95,,9667,,95,,96,,16,,28,,44,,52,,52,,6,,2759,,4375,,6014,,6762,,6721,,7385
70,"santa_maria_novella",,6,,4,,65,,5333,,55,,6,,08,,12,,32,,36,,4,,56,,1412,,1846,,4289,,4299,,4632,,5793
71,"schonbrunn_palace",1,0,1,0,1,0,1,0,1,0,1,0,,2,,36,,48,,52,,68,,72,,3333,,5294,,6486,,6842,,8095,,8372
72,"seville_cathedral",,6,,7,,85,,9,,925,,94,,12,,24,,36,,4,,6,,64,,2,,3574,,5058,,5538,,7279,,7615
73,"spanish_steps",,8,,9,,8,,7333,,7,,68,,1818,,2727,,4091,,5455,,5909,,6364,,2963,,4186,,5414,,6256,,6408,,6575
74,"st__basil_cathedral",1,0,1,0,,85,,8667,,85,,88,,2,,28,,36,,48,,56,,6,,3333,,4375,,5058,,6178,,6752,,7135
75,"statue_of_liberty",,8,,9,,8,,7667,,825,,8,,12,,2,,36,,44,,52,,6,,2087,,3273,,4966,,5591,,6379,,6857
76,"stonehenge",,6,,6,,7,,5333,,525,,54,,1053,,2105,,4737,,5263,,5789,,6316,,1791,,3117,,565,,5298,,5507,,5822
77,"summer_palace_beijing",,6,,8,,9,,8667,,875,,84,,12,,24,,4,,52,,6,,64,,2,,3692,,5538,,65,,7119,,7265
78,"sydney_opera_house",1,0,1,0,1,0,,9667,,95,,96,,16,,28,,4,,52,,6,,6,,2759,,4375,,5714,,6762,,7355,,7385
79,"teotihuacan",1,0,,8,,7,,6667,,7,,74,,2,,24,,32,,48,,6,,64,,3333,,3692,,4392,,5581,,6462,,6864
80,"terracotta_army",,6,,8,,45,,5333,,6,,62,,15,,3,,3,,45,,65,,7,,24,,4364,,36,,4881,,624,,6576
81,"the_blue_mosque",,8,,9,,9,,9333,,95,,96,,16,,24,,4,,56,,56,,68,,2667,,3789,,5538,,7,,7046,,7961
82,"the_henry_ford",,8,,9,,7,,7667,,75,,76,,16,,32,,32,,52,,6,,68,,2667,,4721,,4392,,6197,,6667,,7178
83,"taj_mahal",1,0,1,0,,9,,9333,,95,,92,,2,,32,,36,,56,,6,,72,,3333,,4848,,5143,,7,,7355,,8078
84,"tour_montparnasse",1,0,,9,,7,,4667,,475,,42,,2,,3,,4,,4,,45,,45,,3333,,45,,5091,,4308,,4622,,4345
85,"tower_bridge_london",,6,,7,,65,,6,,575,,56,,08,,2,,4,,48,,64,,68,,1412,,3111,,4952,,5333,,6058,,6142
86,"trafalgar_square",,4,,4,,35,,3667,,4,,44,,0909,,1818,,2273,,3182,,4091,,4545,,1481,,25,,2756,,3407,,4045,,4472
87,"leaning_tower_of_pisa",,8,,7,,45,,4667,,575,,62,,16,,16,,24,,36,,44,,56,,2667,,2605,,313,,4065,,4985,,5885
88,"hermitage_museum_saint_petersburg",1,0,1,0,,75,,8333,,875,,88,,16,,32,,36,,48,,68,,72,,2759,,4848,,4865,,6091,,7653,,792
89,"jantar_mantar_jaipur",1,0,,9,,95,,8667,,825,,82,,2,,36,,56,,64,,72,,72,,3333,,5143,,7046,,7363,,7689,,7668
90,"lake_titicaca_peru",,6,,6,,4,,4,,45,,48,,0833,,2083,,25,,3333,,4167,,5417,,1463,,3093,,3077,,3636,,4327,,509
91,"the_great_wall_of_china",,6,,7,,8,,8667,,85,,84,,12,,24,,36,,52,,56,,6,,2,,3574,,4966,,65,,6752,,7
92,"grande_arche_paris",,4,,6,,65,,7,,65,,7,,08,,24,,32,,36,,48,,6,,1333,,3429,,4289,,4755,,5522,,6462
93,"el_angel_mexico",,8,,9,,65,,6667,,575,,48,,1905,,3333,,4286,,5714,,5714,,5714,,3077,,4865,,5166,,6154,,5732,,5217
94,"bibliotheque_nationale_de_france",,6,,8,,85,,7333,,775,,78,,12,,12,,36,,44,,56,,64,,2,,2087,,5058,,55,,6502,,7031
95,"kronborg_castle",1,0,,7,,75,,7,,775,,82,,2083,,25,,4583,,5,,5833,,5833,,3448,,3684,,569,,5833,,6656,,6817
96,"ajanta_caves",,8,,8,,85,,9,,925,,92,,1364,,2727,,5455,,6364,,6818,,6818,,233,,4068,,6645,,7456,,785,,7832
97,"atomium",,8,,9,,95,,9,,925,,9,,1429,,2857,,381,,4286,,5238,,5714,,2424,,4337,,5438,,5806,,6689,,699
98,"ellora_caves",1,0,1,0,,95,,9333,,95,,96,,2273,,3182,,4545,,5455,,5455,,6364,,3704,,4828,,6149,,6885,,693,,7654
99,"potala_palace",,8,,9,,9,,8333,,775,,78,,1111,,2222,,3889,,5,,6111,,7222,,1951,,3564,,5431,,625,,6834,,75
100,"jokhang",,8,,8,,85,,8333,,775,,76,,12,,24,,52,,68,,76,,8,,2087,,3692,,6453,,7489,,7674,,7795
101,"rila_monastery",,8,,8,,85,,9,,925,,88,,16,,24,,36,,4,,48,,52,,2667,,3692,,5058,,5538,,632,,6537
102,"louvre_pyramid",,8,,9,,85,,8667,,9,,84,,0556,,2778,,4444,,5,,6667,,6667,,1039,,4245,,5837,,6341,,766,,7434
103,"brooklyn_bridge",1,0,1,0,,85,,9,,9,,86,,1429,,2381,,2857,,4762,,5714,,6667,,25,,3846,,4277,,6228,,699,,7511
104,"tower_of_london",,8,,8,,75,,7,,675,,72,,1304,,1739,,2609,,3478,,3913,,6087,,2243,,2857,,3871,,4647,,4954,,6597
105,"british_museum_london",1,0,1,0,1,0,,9667,,975,,96,,2,,25,,45,,55,,6,,65,,3333,,4,,6207,,7011,,7429,,7752
106,"buckingham_palace",,4,,6,,5,,4333,,375,,38,,1,,15,,25,,3,,35,,4,,16,,24,,3333,,3545,,3621,,3897
107,"charles_bridge_prague",,6,,8,,6,,5667,,475,,5,,125,,2083,,2917,,375,,375,,5,,2069,,3306,,3925,,4513,,4191,,5
108,"champs_elysees_paris",,6,,4,,4,,5,,475,,42,,2,,2667,,3333,,4667,,6,,6,,3,,32,,3636,,4828,,5302,,4941
109,"chrysler_building",1,0,1,0,1,0,1,0,,95,,96,,2143,,3571,,5714,,7857,,9286,1,0,,3529,,5263,,7273,,88,,9392,,9796
110,"moma_new_york",1,0,,9,,95,,9667,,925,,9,,2105,,2632,,4211,,4737,,5263,,6842,,3478,,4072,,5835,,6358,,6709,,7774
111,"grand_central_terminal",1,0,1,0,1,0,,9667,,975,,96,,1429,,2381,,2381,,3333,,4762,,5238,,25,,3846,,3846,,4957,,6399,,6778
112,"houses_of_parliament",1,0,1,0,1,0,1,0,,9,,88,,1739,,2609,,3478,,3913,,4348,,4783,,2963,,4138,,5161,,5625,,5863,,6197
113,"alexanderplatz_berlin",,8,,4,,6,,6667,,675,,64,,16,,16,,36,,44,,48,,52,,2667,,2286,,45,,5301,,561,,5738
114,"centre_pompidou",,6,,5,,6,,6,,65,,66,,1667,,2222,,3333,,5,,6111,,6667,,2609,,3077,,4286,,5455,,63,,6633
115,"sydney_harbour_bridge",1,0,1,0,1,0,1,0,1,0,1,0,,25,,375,,5625,,625,,625,,625,,4,,5455,,72,,7692,,7692,,7692
116,"pier_39",1,0,1,0,1,0,,9667,,95,,92,,2381,,2857,,5238,,619,,6667,,6667,,3846,,4444,,6875,,7548,,7835,,7731
117,"coit_tower",,8,,7,,65,,7,,675,,74,,2,,2,,4,,5333,,6,,6667,,32,,3111,,4952,,6054,,6353,,7014
118,"st_paul_s_cathedral_london",1,0,1,0,,9,,7667,,75,,72,,2353,,3529,,5294,,5882,,5882,,7059,,381,,5217,,6667,,6657,,6593,,7129
119,"cloud_gate",,8,,9,,6,,6667,,675,,72,,3333,,3333,,3333,,5833,,5833,,5833,,4706,,4865,,4286,,6222,,6258,,6445
120,"musee_d_orsay",,8,,9,,9,,9333,,925,,92,,1429,,2381,,4286,,4286,,5714,,6667,,2424,,3766,,5806,,5874,,7064,,7731
121,"pike_place_market",,8,,8,,9,,8,,775,,82,,1905,,2381,,4286,,4286,,5238,,5238,,3077,,367,,5806,,5581,,6251,,6393
122,"royal_palace_madrid",,6,,8,,8,,8,,85,,84,,1364,,3182,,3636,,5,,6364,,6364,,2222,,4553,,5,,6154,,7278,,7241
123,"sony_center_berlin",,8,,9,,95,,9,,925,,88,,1429,,2381,,2857,,3333,,3333,,381,,2424,,3766,,4393,,4865,,4901,,5317
124,"red_square_moscow",,4,,6,,55,,6333,,65,,64,,0952,,1905,,2857,,4286,,5238,,5714,,1538,,2892,,3761,,5112,,5801,,6038
125,"prague_castle",1,0,1,0,,95,,8667,,8,,82,,16,,28,,44,,52,,64,,68,,2759,,4375,,6014,,65,,7111,,7435
126,"musee_du_louvre",1,0,,9,,95,,9667,,975,,96,,16,,24,,4,,64,,72,,76,,2759,,3789,,563,,7701,,8283,,8484
127,"millennium_bridge_london",1,0,,8,,8,,8,,825,,82,,16,,24,,36,,4,,52,,64,,2759,,3692,,4966,,5333,,6379,,7189
128,"casa_mila",1,0,1,0,1,0,,9,,9,,92,,16,,32,,52,,56,,64,,68,,2759,,4848,,6842,,6904,,7481,,782
129,"national_gallery_london",,8,,9,,65,,7333,,725,,64,,1364,,2727,,3182,,5,,5909,,5909,,233,,4186,,4272,,5946,,6511,,6145
130,"national_mall",,8,,9,,9,,9,,9,,82,,16,,28,,44,,68,,84,,92,,2667,,4271,,591,,7747,,869,,8671
131,"london_city_hall",1,0,1,0,1,0,,9,,85,,68,,2,,3,,35,,55,,7,,7,,3333,,4615,,5185,,6828,,7677,,6899
132,"holocaust_memorial",,6,,8,,7,,6,,575,,46,,125,,3125,,5,,5625,,6875,,6875,,2069,,4494,,5833,,5806,,6262,,5512
133,"columbus_circle",,8,,7,,8,,6667,,6,,56,,12,,2,,48,,52,,52,,64,,2087,,3111,,6,,5843,,5571,,5973
134,"siegessaeule",1,0,1,0,,9,,7333,,575,,52,,16,,24,,48,,56,,56,,56,,2759,,3871,,6261,,6351,,5674,,5393
135,"jardin_du_luxembourg",1,0,1,0,1,0,1,0,,95,,92,,2,,28,,4,,6,,64,,72,,3333,,4375,,5714,,75,,7648,,8078
136,"merlion_singapore",,2,,2,,25,,3333,,375,,46,,0455,,0909,,2273,,3636,,5455,,6818,,0741,,125,,2381,,3478,,4444,,5494
137,"harrods_london",,8,,9,,8,,8333,,85,,88,,12,,28,,48,,56,,68,,76,,2087,,4271,,6,,6699,,7556,,8156
138,"metropolitan_museum_of_art_new_york",1,0,1,0,,9,,9333,,95,,96,,2,,32,,48,,68,,76,,76,,3333,,4848,,6261,,7868,,8444,,8484
139,"new_york_stock_exchange",,6,,8,,8,,6667,,6,,62,,15,,25,,25,,35,,45,,55,,24,,381,,381,,459,,5143,,5829
140,"stephansdom_vienna",1,0,1,0,1,0,,9667,,975,,96,,16,,32,,4,,52,,6,,64,,2759,,4848,,5714,,6762,,7429,,768
141,"hms_belfast",1,0,1,0,1,0,,9667,,975,,98,,2,,24,,4,,48,,56,,76,,3333,,3871,,5714,,6415,,7114,,8561
142,"leicester_square",,8,,9,,8,,7667,,725,,74,,12,,16,,28,,48,,52,,6,,2087,,2717,,4148,,5904,,6056,,6627
143,"ciudad_de_las_artes_y_las_ciencias",1,0,1,0,,95,,9333,,925,,94,,16,,24,,44,,48,,64,,72,,2759,,3871,,6014,,634,,7565,,8154
144,"topkapi_palace",1,0,1,0,1,0,,9667,,975,,96,,16,,32,,4,,56,,72,,76,,2759,,4848,,5714,,7092,,8283,,8484
145,"royal_albert_hall",,6,,8,,75,,7333,,625,,66,,12,,24,,36,,4,,48,,56,,2,,3692,,4865,,5176,,543,,6059
146,"st_vitus_cathedral",1,0,1,0,1,0,,9667,,9,,92,,16,,32,,44,,52,,68,,68,,2759,,4848,,6111,,6762,,7747,,782
147,"castello_sforzesco",1,0,1,0,,9,,9333,,9,,92,,16,,28,,44,,52,,6,,64,,2759,,4375,,591,,6679,,72,,7549
148,"rijksmuseum_amsterdam",1,0,1,0,1,0,1,0,,975,,98,,16,,24,,36,,48,,52,,76,,2759,,3871,,5294,,6486,,6783,,8561
149,"dam_square",,8,,9,,85,,6667,,575,,62,,12,,28,,36,,48,,48,,6,,2087,,4271,,5058,,5581,,5232,,6098
150,"rathaus_vienna",,8,,9,,85,,6667,,575,,62,,12,,2,,2,,28,,32,,44,,2087,,3273,,3238,,3944,,4112,,5147
151,"bath_abbey",1,0,1,0,1,0,1,0,1,0,,94,,16,,28,,44,,52,,6,,68,,2759,,4375,,6111,,6842,,75,,7891
152,"salisbury_cathedral",1,0,1,0,1,0,1,0,,95,,92,,12,,24,,28,,48,,52,,52,,2143,,3871,,4375,,6486,,6721,,6644
153,"templo_de_debod",,4,,4,,3,,5333,,525,,56,,0909,,1364,,2273,,2727,,4091,,4545,,1481,,2034,,2586,,3609,,4599,,5018
154,"Niagara_Falls",,8,,6,,7,,5667,,65,,66,,1818,,1818,,2727,,3182,,5,,5909,,2963,,2791,,3925,,4075,,5652,,6235
155,"Golden_Gate_Bridge_in_San_Francisco",,8,,8,,9,,9333,,95,,94,,0909,,1818,,3182,,5,,6364,,7273,,1633,,2963,,4701,,6512,,7622,,8201
156,"Neuschwanstein_Castle",1,0,1,0,1,0,,9667,,975,,98,,2,,28,,48,,6,,68,,76,,3333,,4375,,6486,,7404,,8012,,8561
157,"Christ_Church_Cathedral_Missouri",1,0,1,0,1,0,,9667,,9,,76,,12,,24,,48,,48,,48,,52,,2143,,3871,,6486,,6415,,6261,,6175
158,"Mount_Rushmore_in_South_Dakota",,8,,9,,95,,9667,,9,,88,,16,,2,,36,,56,,56,,56,,2667,,3273,,5221,,7092,,6904,,6844
159,"Puerta_de_Toledo",,0,,1,,05,,0333,,025,,02,,0,,5,,5,,5,,5,,5,,0,,1667,,0909,,0625,,0476,,0385
160,"Urquhart_Castle",,4,,7,,75,,8,,825,,82,,0833,,2083,,4583,,625,,7083,,8333,,1379,,3211,,569,,7018,,7622,,8266
161,"Gare_du_Nord_Paris",,2,,5,,7,,7667,,775,,72,,04,,16,,24,,28,,44,,48,,0667,,2424,,3574,,4102,,5613,,576
162,"Newgrange_in_Ireland",,4,,5,,6,,6,,6,,68,,0833,,1667,,3333,,4167,,4583,,5,,1379,,25,,4286,,4918,,5197,,5763
163,"Windmills_at_Kinderdijk",1,0,1,0,,9,,8667,,825,,86,,2,,32,,48,,56,,56,,64,,3333,,4848,,6261,,6804,,6671,,7339
164,"Conciergerie",,8,,9,,95,,9667,,975,,98,,16,,32,,56,,68,,72,,76,,2667,,4721,,7046,,7984,,8283,,8561
165,"Palazzo_Madama",,8,,7,,75,,6667,,575,,56,,1818,,2273,,3636,,5,,5,,6364,,2963,,3431,,4898,,5714,,5349,,5957
166,"Split_Rock_Lighthouse",1,0,1,0,,9,,8333,,85,,82,,16,,24,,36,,44,,52,,56,,2759,,3871,,5143,,5759,,6453,,6655
167,"The_Little_Mermaid_Denmark",1,0,1,0,,95,,8,,7,,56,,2857,,4286,,6429,,7143,,7143,,7143,,4444,,6,,7668,,7547,,7071,,6278
168,"Great_Pyramid_of_Giza",,8,,6,,6,,5667,,55,,58,,2,,2667,,4667,,5333,,6667,,6667,,32,,3692,,525,,5495,,6027,,6203
169,"Pitti_Palace",1,0,,8,,8,,6333,,575,,5,,2273,,3182,,5,,5,,5455,,5455,,3704,,4553,,6154,,5588,,5598,,5217
170,"Georgia_State_Capitol",,8,,9,,55,,3667,,275,,24,,1579,,2632,,2632,,2632,,2632,,2632,,2637,,4072,,356,,3064,,2689,,251
171,"Dome_des_Invalides",1,0,1,0,1,0,1,0,1,0,1,0,,2,,32,,48,,52,,64,,72,,3333,,4848,,6486,,6842,,7805,,8372
172,"Reggia_di_Caserta",,4,,4,,4,,5333,,525,,6,,08,,16,,24,,48,,56,,68,,1333,,2286,,3,,5053,,5419,,6375
173,"The_Burj_al_Arab_Hotel",,8,,8,,9,,8333,,825,,86,,16,,28,,32,,4,,52,,6,,2667,,4148,,4721,,5405,,6379,,7068
174,"Elephanta_Caves",1,0,1,0,1,0,1,0,,975,,86,,1667,,2917,,4583,,625,,7083,,7083,,2857,,4516,,6286,,7692,,8205,,7768
175,"Basilica_of_Santa_Croce",1,0,1,0,1,0,1,0,1,0,1,0,,12,,2,,4,,44,,52,,56,,2143,,3333,,5714,,6111,,6842,,7179
176,"Aachen_Cathedral",1,0,,9,,85,,9,,9,,92,,2,,28,,4,,44,,6,,6,,3333,,4271,,544,,591,,72,,7263
177,"Monument_to_the_Great_Fire_of_London",,6,,6,,45,,4667,,6,,58,,12,,2,,32,,4,,56,,6,,2,,3,,374,,4308,,5793,,5898
178,"Longmen_Grottoes",,8,,8,,6,,5333,,525,,56,,16,,32,,4,,52,,64,,72,,2667,,4571,,48,,5266,,5768,,63
179,"Louisiana_State_Capitol",,2,,2,,1,,2,,325,,38,,04,,08,,08,,2,,32,,48,,0667,,1143,,0889,,2,,3225,,4242
180,"The_Great_Sphinx_at_Giza",1,0,1,0,,85,,8667,,825,,82,,2,,24,,4,,48,,56,,64,,3333,,3871,,544,,6178,,6671,,7189
181,"Teatro_Real_Madrid",1,0,1,0,,95,,6667,,625,,64,,2174,,3913,,5652,,6087,,6957,,6957,,3571,,5625,,7088,,6364,,6584,,6667
182,"Palacio_de_la_Magdalena",,6,,8,,8,,7667,,725,,7,,12,,24,,32,,56,,64,,72,,2,,3692,,4571,,6472,,6799,,7099
183,"Sowjetisches_Ehrenmal",,6,,5,,65,,7,,675,,7,,12,,2,,48,,52,,6,,72,,2,,2857,,5522,,5967,,6353,,7099
184,"Cathedral_of_Trier",1,0,1,0,1,0,1,0,,95,,94,,2,,36,,48,,64,,8,,84,,3333,,5294,,6486,,7805,,8686,,8872
185,"Saint_Mary_of_the_Flower",,4,,2,,15,,2,,375,,44,,08,,08,,12,,2,,44,,52,,1333,,1143,,1333,,2,,4049,,4767
186,"Skellig_Michael",1,0,,8,,75,,7333,,675,,7,,2,,28,,4,,48,,52,,6,,3333,,4148,,5217,,5802,,5874,,6462
187,"Chicago_Board_of_Trade_Building",,8,,9,,9,,8,,6,,6,,1818,,2727,,3636,,5,,5,,6364,,2963,,4186,,518,,6154,,5455,,6176
188,"Pont_de_Normandie_France",1,0,1,0,,95,,9,,8,,7,,2632,,4737,,6842,,6842,,6842,,7368,,4167,,6429,,7955,,7774,,7376,,7179
189,"Palazzo_Rosso",,2,,1,,1,,2,,175,,14,,0417,,0417,,0833,,2083,,25,,25,,069,,0588,,0909,,2041,,2059,,1795
190,"Piazza_Vittorio_Veneto",1,0,,9,,5,,4333,,475,,44,,3125,,5,,5625,,625,,8125,,875,,4762,,6429,,5294,,5118,,5995,,5856
191,"Sforza_Castle",1,0,,9,,95,,9667,,925,,92,,2,,32,,48,,6,,6,,64,,3333,,4721,,6378,,7404,,7279,,7549
192,"Torres_KIO",1,0,,9,,95,,9333,,825,,8,,16,,32,,4,,52,,64,,68,,2759,,4721,,563,,6679,,7208,,7351
193,"Torre_Picasso",,8,,9,,8,,6667,,675,,72,,1667,,2917,,4167,,4583,,5417,,5833,,2759,,4406,,5479,,5432,,601,,6445
194,"The_Palace_of_Parliament_in_Bucharest",1,0,,9,,95,,9667,,975,,92,,16,,16,,28,,52,,68,,72,,2759,,2717,,4325,,6762,,8012,,8078
195,"Ernest_Hemingway_House",1,0,1,0,,95,,8,,8,,8,,2,,24,,4,,44,,56,,6,,3333,,3871,,563,,5677,,6588,,6857
196,"Castel_dellOvo_Napoli",,8,,8,,9,,9,,85,,84,,16,,24,,48,,64,,76,,8,,2667,,3692,,6261,,7481,,8025,,8195
197,"Villa_Borghese_gardens",1,0,1,0,1,0,1,0,,975,,98,,16,,28,,48,,6,,64,,76,,2759,,4375,,6486,,75,,7728,,8561
198,"Saint_Marks_Basilica",1,0,1,0,1,0,1,0,1,0,,9,,16,,24,,24,,28,,4,,48,,2759,,3871,,3871,,4375,,5714,,6261
199,"Mausoleum_of_the_First_Qin_Emperor",,8,,9,,7,,7667,,775,,76,,16,,28,,32,,44,,52,,6,,2667,,4271,,4392,,5591,,6224,,6706
200,"Mausoleum_of_Hadrian",1,0,,8,,85,,7333,,6,,5,,1111,,2222,,4444,,5,,5,,5556,,2,,3478,,5837,,5946,,5455,,5263
201,"Piazza_de_Ferrari",1,0,1,0,,95,,9333,,85,,88,,2632,,3684,,4211,,5263,,6316,,6842,,4167,,5385,,5835,,6731,,7247,,7699
202,"George_Washington_Carver",,2,,5,,6,,5333,,5,,54,,0625,,25,,375,,375,,375,,5,,0952,,3333,,4615,,4404,,4286,,5192
203,"Cathedral_of_Santiago_de_Compostela",,8,,9,,9,,8,,825,,72,,1765,,2941,,5294,,5294,,8235,,8235,,2892,,4433,,6667,,6372,,8243,,7683
204,"Saint-Jacques_Tower",1,0,1,0,,9,,8333,,8,,78,,2308,,3077,,3077,,4615,,6923,,7692,,375,,4706,,4586,,5941,,7423,,7746
205,"Calakmul_Campeche_Mexico",,8,,8,,85,,8333,,8,,76,,2143,,2857,,5,,5714,,5714,,7143,,338,,4211,,6296,,678,,6667,,7364
206,"Bran_Castle_in_Transylvania",,8,,8,,85,,8333,,775,,74,,1579,,3158,,3158,,4737,,5789,,7368,,2637,,4528,,4605,,604,,6628,,7384
207,"Mosteiro_da_Batalha",1,0,1,0,1,0,1,0,1,0,1,0,,2105,,3158,,5263,,6316,,6842,,6842,,3478,,48,,6897,,7742,,8125,,8125
208,"Wartburg_Castle",,8,,9,,9,,9333,,9,,86,,15,,3,,5,,75,,9,,9,,2526,,45,,6429,,8317,,9,,8795
209,"Fujian_Tulou_Fujian_China",1,0,1,0,1,0,,9667,,975,,96,,1111,,3333,,5,,6667,,7222,,8333,,2,,5,,6667,,7891,,8298,,8922
210,"Alabama_State_Capitol",,6,,5,,75,,7333,,75,,72,,1429,,2381,,5714,,6667,,7619,,7619,,2308,,3226,,6486,,6984,,7559,,7404
211,"Palazzo_dAccursio",,8,,9,,8,,7333,,675,,58,,2222,,2778,,3889,,4444,,5556,,6111,,3478,,4245,,5234,,5535,,6095,,5951
212,"Casa_Grande_Ruins",1,0,,8,,85,,8333,,825,,78,,2941,,3529,,4706,,4706,,5294,,5294,,4545,,4898,,6058,,6015,,645,,6307
213,"Stravinsky_Fountain",,8,,9,,95,,9333,,775,,74,,1333,,3333,,4667,,5333,,5333,,5333,,2286,,4865,,6259,,6788,,6318,,6199
214,"Angel_Falls_Venezuela",,8,,6,,55,,5667,,6,,54,,1765,,2353,,3529,,5294,,7647,,7647,,2892,,338,,43,,5474,,6724,,633
215,"Statue_of_George_IV",,4,,6,,55,,4667,,375,,3,,25,,5,,75,,875,,875,,875,,3077,,5455,,6346,,6087,,525,,4468
216,"Palacio_Barolo",1,0,,8,,9,,9333,,95,,94,,1176,,2353,,4118,,4706,,7059,,7647,,2105,,3636,,565,,6257,,8099,,8433
217,"Bridge_of_Remembrance_Christchurch_New_Zealand",1,0,1,0,1,0,,8,,675,,54,,3333,,5833,,8333,,8333,,8333,,8333,,5,,7368,,9091,,8163,,7459,,6553
218,"John_A._Roebling_Suspension_Bridge",,2,,3,,35,,4333,,45,,48,,0667,,2,,4,,5333,,6,,7333,,1,,24,,3733,,4782,,5143,,5802
219,"Blue_Dome_Santorini",1,0,,9,,95,,9667,,875,,9,,3125,,5,,5625,,75,,75,,8125,,4762,,6429,,7066,,8447,,8077,,854
220,"Fossar_de_les_Moreres",,0,,3,,55,,4333,,325,,28,,0,,2143,,5714,,5714,,5714,,5714,,0,,25,,5605,,4929,,4143,,3758
221,"Luxor_Obelisk_France",,8,,8,,7,,6667,,725,,74,,125,,25,,3125,,3125,,375,,4375,,2162,,381,,4321,,4255,,4943,,5499
222,"Valle_de_los_Caidos",1,0,1,0,,95,,9333,,9,,92,,25,,35,,6,,6,,7,,8,,4,,5185,,7355,,7304,,7875,,8558
--------------------
"--","Avg.",P@5,P@10,P@20,P@30,P@40,P@50,CR@5,CR@10,CR@20,CR@30,CR@40,CR@50,F1@5,F1@10,F1@20,F1@30,F1@40,F1@50
,,,7991,,8032,,7869,,7698,,7546,,7442,,1574,,2576,,3996,,5034,,588,,6535,,26,,3828,,5192,,5964,,6473,,6815