--------------------
"Run name","output_runJACKARDSumSquaredError"
--------------------
"Average P@20 = ",,7845
"Average CR@20 = ",,3838
"Average F1@20 = ",,503
--------------------
"Query Id ","Location name",P@5,P@10,P@20,P@30,P@40,P@50,CR@5,CR@10,CR@20,CR@30,CR@40,CR@50,F1@5,F1@10,F1@20,F1@30,F1@40,F1@50
1,"angel_of_the_north",1,0,1,0,1,0,1,0,1,0,1,0,,16,,32,,44,,56,,6,,68,,2759,,4848,,6111,,7179,,75,,8095
2,"big_ben",,8,,9,,85,,8667,,9,,9,,1364,,3182,,4545,,5455,,5455,,5455,,233,,4701,,5923,,6695,,6792,,6792
3,"hearst_castle",1,0,1,0,,95,,9333,,95,,94,,2083,,3333,,5833,,6667,,7083,,75,,3448,,5,,7228,,7778,,8116,,8343
4,"la_madeleine",,4,,3,,3,,3667,,425,,48,,0714,,1429,,2857,,4286,,5714,,8571,,1212,,1935,,2927,,3952,,4875,,6154
5,"pont_alexandre_iii",1,0,1,0,1,0,,9667,,975,,98,,12,,2,,36,,36,,48,,68,,2143,,3333,,5294,,5246,,6433,,8029
6,"neues_museum",,4,,5,,55,,5333,,425,,4,,08,,16,,28,,44,,44,,48,,1333,,2424,,3711,,4822,,4324,,4364
7,"montezuma_castle",,8,,6,,5,,4333,,5,,56,,1667,,3333,,5,,5,,75,,75,,2759,,4286,,5,,4643,,6,,6412
8,"cn_tower",1,0,,7,,75,,7333,,75,,74,,2083,,2917,,4583,,5417,,5417,,625,,3448,,4118,,569,,6231,,629,,6777
9,"acropolis_athens",,8,,7,,8,,8333,,875,,88,,1429,,2857,,4286,,4762,,5238,,5714,,2424,,4058,,5581,,6061,,6553,,6929
10,"agra_fort",,8,,8,,85,,8333,,85,,88,,16,,24,,4,,56,,64,,68,,2667,,3692,,544,,6699,,7302,,7672
11,"albert_memorial",,6,,4,,55,,5667,,65,,72,,0909,,1364,,2273,,3182,,3636,,4545,,1579,,2034,,3216,,4075,,4664,,5573
12,"altes_museum",,4,,5,,6,,5667,,475,,48,,0833,,1667,,3333,,4583,,5,,5833,,1379,,25,,4286,,5068,,4872,,5266
13,"amiens_cathedral",1,0,1,0,1,0,,9667,,975,,96,,2,,28,,44,,56,,68,,72,,3333,,4375,,6111,,7092,,8012,,8229
14,"angkor_wat",,6,,5,,6,,6667,,675,,74,,12,,12,,32,,44,,48,,56,,2,,1935,,4174,,5301,,561,,6375
15,"ara_pacis",,4,,6,,8,,8333,,725,,68,,0909,,2273,,5,,6364,,6818,,7273,,1481,,3297,,6154,,7216,,7027,,7028
16,"arc_de_triomphe",1,0,1,0,,95,,9,,8,,78,,125,,1667,,375,,4583,,5833,,6667,,2222,,2857,,5377,,6074,,6747,,7189
17,"aztec_ruins",,0,,0,,0,,1,,325,,26,,0,,0,,0,,08,,32,,32,,0,,0,,0,,0889,,3225,,2869
18,"berlin_cathedral",1,0,1,0,,95,,9667,,975,,98,,2,,36,,4,,52,,6,,64,,3333,,5294,,563,,6762,,7429,,7743
19,"bok_tower_gardens",,8,,9,,9,,9,,825,,86,,16,,28,,44,,6,,68,,72,,2667,,4271,,591,,72,,7455,,7838
20,"brandenburg_gate",1,0,,9,,95,,9667,,975,,98,,2,,24,,32,,52,,52,,52,,3333,,3789,,4787,,6762,,6783,,6795
21,"cabrillo",,0,,3,,2,,2,,15,,14,,0,,2308,,3077,,3846,,3846,,4615,,0,,2609,,2424,,2632,,2158,,2148
22,"casa_batllo",1,0,1,0,1,0,1,0,1,0,1,0,,12,,24,,36,,52,,68,,72,,2143,,3871,,5294,,6842,,8095,,8372
23,"casa_rosada",1,0,,8,,9,,9333,,925,,94,,2,,28,,4,,48,,56,,64,,3333,,4148,,5538,,634,,6976,,7615
24,"castillo_de_san_marcos",,4,,5,,45,,5667,,675,,6,,08,,16,,24,,4,,52,,56,,1333,,2424,,313,,469,,5874,,5793
25,"chartres_cathedral",1,0,1,0,1,0,1,0,,925,,94,,2,,28,,48,,64,,76,,76,,3333,,4375,,6486,,7805,,8344,,8405
26,"chichen_itza",1,0,1,0,,8,,8,,8,,82,,16,,24,,28,,36,,44,,56,,2759,,3871,,4148,,4966,,5677,,6655
27,"christ_the_redeemer_rio",,6,,6,,75,,6333,,575,,52,,1304,,1739,,3043,,3478,,4783,,5217,,2143,,2697,,433,,449,,5222,,5209
28,"civic_center_san_francisco",,8,,9,,85,,8,,85,,82,,16,,32,,44,,6,,6,,64,,2667,,4721,,5798,,6857,,7034,,7189
29,"cologne_cathedral",1,0,1,0,1,0,1,0,,95,,96,,12,,16,,36,,44,,52,,6,,2143,,2759,,5294,,6111,,6721,,7385
30,"colosseum",1,0,1,0,1,0,1,0,1,0,,98,,2,,28,,4,,48,,6,,6,,3333,,4375,,5714,,6486,,75,,7443
31,"doge_s_palace",,6,,6,,55,,6667,,725,,78,,08,,16,,24,,32,,48,,48,,1412,,2526,,3342,,4324,,5776,,5943
32,"eiffel_tower",1,0,1,0,1,0,1,0,1,0,1,0,,12,,24,,44,,48,,48,,52,,2143,,3871,,6111,,6486,,6486,,6842
33,"golden_gate_bridge",,8,,8,,9,,9333,,875,,86,,1739,,3043,,4348,,4783,,5217,,5652,,2857,,4409,,5863,,6324,,6537,,6821
34,"grand_palais",,8,,9,,95,,9333,,95,,92,,0909,,2273,,3636,,4091,,5455,,5455,,1633,,3629,,526,,5688,,693,,6849
35,"guggenheim_museum_bilbao",1,0,1,0,1,0,1,0,1,0,1,0,,2,,28,,36,,4,,56,,6,,3333,,4375,,5294,,5714,,7179,,75
36,"hagia_sophia_istanbul",1,0,1,0,1,0,1,0,1,0,,94,,16,,32,,44,,44,,52,,6,,2759,,4848,,6111,,6111,,6842,,7325
37,"hoover_dam",1,0,,9,,9,,9,,9,,92,,16,,24,,4,,44,,52,,56,,2759,,3789,,5538,,591,,6592,,6962
38,"humayun_tomb",,8,,8,,85,,8333,,725,,72,,12,,28,,36,,44,,52,,64,,2087,,4148,,5058,,5759,,6056,,6776
39,"iguazu_falls",,4,,7,,85,,8667,,8,,82,,08,,2,,32,,4,,52,,6,,1333,,3111,,465,,5474,,6303,,693
40,"iolani_palace",1,0,1,0,,65,,7667,,7,,68,,2,,28,,36,,44,,56,,64,,3333,,4375,,4634,,5591,,6222,,6594
41,"la_mezquita",,4,,3,,4,,5,,625,,66,,0833,,125,,2917,,4167,,5,,5833,,1379,,1765,,3373,,4545,,5556,,6193
42,"la_rambla_barcelona",,8,,9,,95,,9333,,9,,92,,12,,24,,44,,44,,52,,56,,2087,,3789,,6014,,5981,,6592,,6962
43,"la_sainte_chapelle",1,0,1,0,,9,,9333,,95,,96,,2,,32,,44,,6,,64,,64,,3333,,4848,,591,,7304,,7648,,768
44,"liberty_memorial",,6,,8,,85,,8667,,8,,72,,12,,2,,28,,44,,52,,56,,2,,32,,4212,,5837,,6303,,63
45,"lincoln_home",,8,,9,,85,,9,,9,,92,,2222,,3333,,4444,,6667,,7222,,8333,,3478,,4865,,5837,,766,,8014,,8745
46,"machu_picchu",1,0,1,0,,7,,6667,,675,,68,,16,,28,,4,,44,,48,,6,,2759,,4375,,5091,,5301,,561,,6375
47,"marble_arch_london",,6,,8,,65,,6333,,475,,4,,25,,5,,5833,,75,,75,,75,,3529,,6154,,6149,,6867,,5816,,5217
48,"milan_cathedral",,8,,9,,9,,9,,9,,88,,08,,28,,48,,52,,64,,68,,1455,,4271,,6261,,6592,,7481,,7672
49,"mole_antonelliana",,6,,7,,85,,9,,75,,7,,12,,16,,32,,36,,4,,48,,2,,2605,,465,,5143,,5217,,5695
50,"mont_saint_michel",1,0,1,0,1,0,,9667,,975,,98,,16,,24,,4,,44,,48,,6,,2759,,3871,,5714,,6047,,6433,,7443
51,"moulin_rouge",,2,,1,,15,,1667,,125,,1,,125,,125,,25,,375,,375,,375,,1538,,1111,,1875,,2308,,1875,,1579
52,"nelson_s_column",,8,,9,,95,,9667,,975,,98,,0833,,2083,,3333,,5417,,5833,,5833,,1509,,3383,,4935,,6943,,7299,,7313
53,"notre_dame_de_paris",1,0,,9,,95,,9333,,9,,92,,2,,24,,4,,56,,64,,68,,3333,,3789,,563,,7,,7481,,782
54,"obelisco",,2,,1,,1,,0667,,075,,08,,0909,,0909,,0909,,0909,,1818,,1818,,125,,0952,,0952,,0769,,1062,,1111
55,"piccadilly_circus",1,0,,9,,9,,8,,75,,76,,1304,,1739,,4348,,4783,,4783,,6087,,2308,,2915,,5863,,5986,,5841,,676
56,"place_de_la_concorde",1,0,1,0,1,0,1,0,,975,,98,,12,,16,,28,,44,,56,,64,,2143,,2759,,4375,,6111,,7114,,7743
57,"place_de_la_republique",,2,,3,,3,,2333,,225,,2,,125,,375,,625,,625,,75,,75,,1538,,3333,,4054,,3398,,3462,,3158
58,"place_des_vosges",1,0,,9,,8,,8333,,875,,9,,16,,24,,4,,48,,56,,68,,2759,,3789,,5333,,6091,,6829,,7747
59,"pont_du_gard",,6,,7,,7,,7333,,775,,78,,12,,2,,36,,48,,52,,6,,2,,3111,,4755,,5802,,6224,,6783
60,"pont_neuf",,6,,6,,7,,7667,,7,,74,,08,,16,,32,,44,,48,,64,,1412,,2526,,4392,,5591,,5695,,6864
61,"ponte_vecchio",1,0,,8,,85,,8667,,85,,86,,1667,,2083,,3333,,5,,5417,,5833,,2857,,3306,,4789,,6341,,6617,,6952
62,"puerta_de_alcala",,8,,8,,75,,7,,7,,6,,1053,,2632,,5263,,5789,,6316,,6316,,186,,396,,6186,,6337,,664,,6154
63,"puerta_del_sol",,6,,5,,55,,5,,425,,4,,15,,25,,35,,4,,4,,4,,24,,3333,,4278,,4444,,4121,,4
64,"red_fort",1,0,1,0,1,0,1,0,1,0,1,0,,2,,32,,56,,64,,72,,76,,3333,,4848,,7179,,7805,,8372,,8636
65,"reims_cathedral",1,0,1,0,1,0,1,0,1,0,1,0,,12,,24,,32,,52,,56,,56,,2143,,3871,,4848,,6842,,7179,,7179
66,"rialto_bridge",,8,,9,,85,,8,,725,,7,,1875,,375,,375,,5625,,625,,6875,,3038,,5294,,5204,,6606,,6713,,6937
67,"roman_forum_rome",,6,,7,,7,,6333,,65,,72,,12,,24,,36,,4,,48,,6,,2,,3574,,4755,,4903,,5522,,6545
68,"sacre_coeur",,4,,3,,5,,5667,,625,,62,,0833,,0833,,1667,,25,,3333,,4583,,1379,,1304,,25,,3469,,4348,,527
69,"sagrada_familia",1,0,,9,,9,,9,,925,,94,,2,,28,,4,,52,,56,,6,,3333,,4271,,5538,,6592,,6976,,7325
70,"santa_maria_novella",,6,,6,,75,,7,,675,,62,,12,,24,,4,,44,,48,,48,,2,,3429,,5217,,5404,,561,,5411
71,"schonbrunn_palace",1,0,1,0,1,0,1,0,1,0,,98,,2,,28,,44,,52,,56,,56,,3333,,4375,,6111,,6842,,7179,,7127
72,"seville_cathedral",,8,,8,,85,,8667,,875,,9,,16,,24,,36,,48,,56,,64,,2667,,3692,,5058,,6178,,6829,,7481
73,"spanish_steps",,8,,6,,8,,7333,,725,,68,,1818,,2273,,4091,,5455,,5909,,6364,,2963,,3297,,5414,,6256,,6511,,6575
74,"st__basil_cathedral",1,0,,9,,85,,8667,,875,,86,,16,,24,,4,,52,,52,,52,,2759,,3789,,544,,65,,6523,,6481
75,"statue_of_liberty",,8,,9,,95,,9,,8,,8,,08,,16,,32,,44,,48,,56,,1455,,2717,,4787,,591,,6,,6588
76,"stonehenge",,8,,7,,6,,6667,,6,,52,,1579,,2105,,3158,,5263,,5263,,5789,,2637,,3237,,4138,,5882,,5607,,5479
77,"summer_palace_beijing",,8,,9,,9,,9333,,95,,96,,12,,28,,44,,56,,6,,6,,2087,,4271,,591,,7,,7355,,7385
78,"sydney_opera_house",,8,,9,,8,,8667,,875,,9,,16,,28,,4,,44,,52,,56,,2667,,4271,,5333,,5837,,6523,,6904
79,"teotihuacan",1,0,,7,,55,,6,,6,,6,,2,,28,,36,,4,,48,,64,,3333,,4,,4352,,48,,5333,,6194
80,"terracotta_army",,4,,4,,35,,3667,,375,,38,,1,,1,,2,,35,,45,,5,,16,,16,,2545,,3581,,4091,,4318
81,"the_blue_mosque",,8,,8,,85,,8667,,9,,9,,16,,28,,36,,48,,52,,6,,2667,,4148,,5058,,6178,,6592,,72
82,"the_henry_ford",1,0,1,0,,95,,7667,,625,,68,,16,,24,,36,,36,,44,,56,,2759,,3871,,5221,,4899,,5164,,6142
83,"taj_mahal",,8,,9,,9,,9333,,9,,9,,16,,32,,52,,56,,6,,68,,2667,,4721,,6592,,7,,72,,7747
84,"tour_montparnasse",,6,,5,,4,,3333,,375,,48,,1,,15,,3,,35,,45,,55,,1714,,2308,,3429,,3415,,4091,,5126
85,"tower_bridge_london",,8,,8,,85,,8,,725,,62,,08,,2,,28,,36,,48,,52,,1455,,32,,4212,,4966,,5776,,5656
86,"trafalgar_square",,6,,7,,55,,5,,475,,44,,1364,,2273,,3182,,3182,,4545,,5,,2222,,3431,,4031,,3889,,4645,,4681
87,"leaning_tower_of_pisa",,6,,5,,5,,4333,,425,,46,,12,,2,,28,,32,,4,,44,,2,,2857,,359,,3681,,4121,,4498
88,"hermitage_museum_saint_petersburg",1,0,1,0,1,0,,9,,775,,82,,16,,24,,36,,4,,48,,6,,2759,,3871,,5294,,5538,,5928,,693
89,"jantar_mantar_jaipur",1,0,,7,,8,,8333,,85,,88,,16,,2,,44,,6,,72,,76,,2759,,3111,,5677,,6977,,7796,,8156
90,"lake_titicaca_peru",,8,,4,,5,,5667,,525,,48,,125,,125,,2917,,375,,4167,,5417,,2162,,1905,,3684,,4513,,4646,,509
91,"the_great_wall_of_china",,8,,9,,85,,8333,,875,,88,,16,,24,,28,,4,,52,,6,,2667,,3789,,4212,,5405,,6523,,7135
92,"grande_arche_paris",,6,,6,,7,,7333,,675,,68,,12,,16,,32,,4,,4,,4,,2,,2526,,4392,,5176,,5023,,5037
93,"el_angel_mexico",,6,,6,,6,,6333,,625,,62,,1429,,2381,,381,,4286,,619,,6667,,2308,,3409,,466,,5112,,622,,6425
94,"bibliotheque_nationale_de_france",,8,,7,,8,,8,,825,,7,,12,,24,,32,,36,,48,,48,,2087,,3574,,4571,,4966,,6069,,5695
95,"kronborg_castle",,8,,8,,65,,7667,,65,,64,,1667,,25,,375,,5417,,5417,,5833,,2759,,381,,4756,,6348,,5909,,6104
96,"ajanta_caves",,8,,9,,85,,8667,,9,,92,,1818,,2273,,3636,,4545,,5909,,6364,,2963,,3629,,5094,,5963,,7134,,7523
97,"atomium",,8,,9,,95,,9667,,975,,96,,1429,,3333,,4286,,4286,,4286,,4286,,2424,,4865,,5907,,5939,,5954,,5926
98,"ellora_caves",1,0,,8,,9,,9,,925,,94,,1818,,1818,,3636,,5455,,5909,,5909,,3077,,2963,,518,,6792,,7211,,7257
99,"potala_palace",1,0,,9,,95,,9,,925,,88,,1111,,1667,,2778,,4444,,4444,,5556,,2,,2812,,4299,,595,,6004,,6811
100,"jokhang",,8,,9,,8,,8333,,875,,84,,12,,2,,36,,52,,6,,68,,2087,,3273,,4966,,6404,,7119,,7516
101,"rila_monastery",,8,,7,,75,,8333,,875,,9,,12,,2,,32,,36,,44,,48,,2087,,3111,,4486,,5028,,5856,,6261
102,"louvre_pyramid",1,0,1,0,1,0,1,0,,95,,94,,1667,,2778,,3889,,5,,6111,,6111,,2857,,4348,,56,,6667,,7438,,7407
103,"brooklyn_bridge",,8,,8,,9,,9333,,875,,86,,1429,,2381,,381,,381,,4762,,5238,,2424,,367,,5353,,5411,,6167,,6511
104,"tower_of_london",,6,,7,,65,,7333,,775,,76,,1304,,2174,,3043,,4348,,5217,,5217,,2143,,3318,,4146,,5459,,6236,,6187
105,"british_museum_london",1,0,1,0,1,0,1,0,1,0,,94,,1,,15,,3,,35,,5,,55,,1818,,2609,,4615,,5185,,6667,,694
106,"buckingham_palace",,6,,6,,75,,5,,475,,44,,15,,25,,3,,3,,3,,35,,24,,3529,,4286,,375,,3677,,3899
107,"charles_bridge_prague",,6,,7,,75,,6333,,675,,6,,125,,1667,,2083,,2917,,375,,375,,2069,,2692,,3261,,3994,,4821,,4615
108,"champs_elysees_paris",,6,,7,,6,,6667,,725,,66,,1333,,2667,,2667,,3333,,3333,,5333,,2182,,3862,,3692,,4444,,4567,,5899
109,"chrysler_building",1,0,1,0,1,0,1,0,1,0,1,0,,2857,,5,,7143,,7857,,9286,,9286,,4444,,6667,,8333,,88,,963,,963
110,"moma_new_york",,6,,7,,85,,9,,925,,9,,1053,,1579,,2632,,4211,,5789,,5789,,1791,,2577,,4019,,5737,,7122,,7046
111,"grand_central_terminal",1,0,,9,,95,,9333,,95,,96,,1905,,2381,,4286,,4286,,4286,,5238,,32,,3766,,5907,,5874,,5907,,6778
112,"houses_of_parliament",1,0,1,0,1,0,1,0,1,0,1,0,,1304,,2174,,3043,,3478,,3913,,4348,,2308,,3571,,4667,,5161,,5625,,6061
113,"alexanderplatz_berlin",,6,,6,,45,,5667,,65,,6,,08,,16,,16,,36,,44,,44,,1412,,2526,,2361,,4403,,5248,,5077
114,"centre_pompidou",,8,,9,,8,,7667,,625,,62,,2222,,3889,,4444,,5,,5,,5,,3478,,5431,,5714,,6053,,5556,,5536
115,"sydney_harbour_bridge",1,0,1,0,1,0,1,0,1,0,1,0,,125,,25,,375,,5625,,5625,,5625,,2222,,4,,5455,,72,,72,,72
116,"pier_39",1,0,,8,,9,,9,,925,,9,,2381,,2857,,381,,5714,,619,,6667,,3846,,4211,,5353,,699,,7417,,766
117,"coit_tower",,6,,7,,65,,6667,,65,,58,,2,,2667,,2667,,3333,,4667,,4667,,3,,3862,,3782,,4444,,5433,,5172
118,"st_paul_s_cathedral_london",1,0,,9,,85,,8333,,825,,86,,2353,,4118,,5294,,5882,,7059,,8235,,381,,565,,6525,,6897,,7608,,8414
119,"cloud_gate",,6,,6,,55,,5667,,6,,58,,25,,25,,4167,,4167,,5,,5,,3529,,3529,,4741,,4802,,5455,,537
120,"musee_d_orsay",1,0,,9,,9,,9,,925,,92,,1905,,2381,,4762,,5714,,6667,,6667,,32,,3766,,6228,,699,,7749,,7731
121,"pike_place_market",,8,,8,,8,,8333,,875,,82,,1429,,1905,,4286,,4762,,5238,,5238,,2424,,3077,,5581,,6061,,6553,,6393
122,"royal_palace_madrid",,4,,7,,85,,8333,,775,,78,,0909,,1818,,3636,,4091,,4545,,5455,,1481,,2887,,5094,,5488,,573,,642
123,"sony_center_berlin",,8,,9,,95,,9667,,975,,94,,1429,,3333,,381,,4286,,4762,,5238,,2424,,4865,,5438,,5939,,6399,,6727
124,"red_square_moscow",,8,,8,,7,,6333,,675,,7,,1429,,1905,,3333,,381,,4762,,619,,2424,,3077,,4516,,4757,,5584,,657
125,"prague_castle",,6,,8,,85,,8667,,9,,84,,12,,24,,4,,44,,64,,64,,2,,3692,,544,,5837,,7481,,7265
126,"musee_du_louvre",1,0,1,0,,95,,9667,,975,,98,,2,,32,,44,,48,,56,,68,,3333,,4848,,6014,,6415,,7114,,8029
127,"millennium_bridge_london",1,0,,8,,7,,7,,775,,82,,16,,28,,36,,36,,52,,52,,2759,,4148,,4755,,4755,,6224,,6364
128,"casa_mila",1,0,,8,,9,,9333,,95,,9,,2,,28,,4,,48,,6,,68,,3333,,4148,,5538,,634,,7355,,7747
129,"national_gallery_london",,8,,7,,75,,7333,,7,,68,,1818,,2273,,4545,,5,,5455,,6364,,2963,,3431,,566,,5946,,6131,,6575
130,"national_mall",1,0,,9,,85,,9,,9,,92,,16,,32,,44,,64,,64,,68,,2759,,4721,,5798,,7481,,7481,,782
131,"london_city_hall",,8,,7,,8,,8667,,9,,92,,2,,3,,45,,45,,55,,6,,32,,42,,576,,5924,,6828,,7263
132,"holocaust_memorial",,8,,9,,95,,9667,,775,,7,,1875,,25,,5625,,625,,625,,625,,3038,,3913,,7066,,7592,,692,,6604
133,"columbus_circle",,8,,8,,8,,7,,625,,6,,16,,32,,48,,64,,68,,68,,2667,,4571,,6,,6687,,6513,,6375
134,"siegessaeule",1,0,1,0,1,0,1,0,,775,,68,,2,,24,,48,,64,,68,,72,,3333,,3871,,6486,,7805,,7244,,6994
135,"jardin_du_luxembourg",1,0,1,0,1,0,1,0,1,0,1,0,,12,,24,,4,,56,,68,,8,,2143,,3871,,5714,,7179,,8095,,8889
136,"merlion_singapore",,4,,4,,3,,2333,,225,,18,,0909,,1818,,2727,,2727,,3636,,3636,,1481,,25,,2857,,2515,,278,,2408
137,"harrods_london",,6,,6,,65,,7,,75,,78,,08,,2,,28,,44,,6,,64,,1412,,3,,3914,,5404,,6667,,7031
138,"metropolitan_museum_of_art_new_york",1,0,1,0,,9,,9,,925,,94,,2,,28,,36,,44,,52,,6,,3333,,4375,,5143,,591,,6657,,7325
139,"new_york_stock_exchange",,8,,9,,9,,9333,,775,,66,,2,,25,,4,,4,,45,,5,,32,,3913,,5538,,56,,5694,,569
140,"stephansdom_vienna",1,0,1,0,1,0,1,0,1,0,1,0,,12,,28,,48,,56,,6,,68,,2143,,4375,,6486,,7179,,75,,8095
141,"hms_belfast",1,0,1,0,1,0,1,0,1,0,,96,,12,,2,,36,,4,,52,,56,,2143,,3333,,5294,,5714,,6842,,7074
142,"leicester_square",1,0,,9,,8,,8667,,775,,8,,16,,24,,32,,36,,44,,48,,2759,,3789,,4571,,5087,,5613,,6
143,"ciudad_de_las_artes_y_las_ciencias",1,0,1,0,,95,,9,,925,,92,,2,,24,,44,,48,,6,,6,,3333,,3871,,6014,,6261,,7279,,7263
144,"topkapi_palace",1,0,1,0,,95,,9333,,95,,96,,16,,24,,4,,56,,56,,64,,2759,,3871,,563,,7,,7046,,768
145,"royal_albert_hall",,8,,7,,7,,7333,,725,,76,,16,,28,,36,,4,,44,,48,,2667,,4,,4755,,5176,,5476,,5884
146,"st_vitus_cathedral",1,0,1,0,,9,,9333,,95,,96,,16,,24,,32,,44,,48,,6,,2759,,3871,,4721,,5981,,6378,,7385
147,"castello_sforzesco",1,0,1,0,1,0,,9333,,925,,9,,12,,24,,48,,52,,52,,52,,2143,,3871,,6486,,6679,,6657,,6592
148,"rijksmuseum_amsterdam",1,0,1,0,1,0,1,0,1,0,1,0,,16,,24,,32,,4,,48,,6,,2759,,3871,,4848,,5714,,6486,,75
149,"dam_square",,8,,8,,8,,8333,,75,,7,,12,,2,,28,,36,,36,,44,,2087,,32,,4148,,5028,,4865,,5404
150,"rathaus_vienna",1,0,1,0,1,0,,9667,,85,,7,,2,,28,,28,,28,,32,,36,,3333,,4375,,4375,,4342,,465,,4755
151,"bath_abbey",1,0,1,0,1,0,,9667,,975,,98,,16,,32,,52,,6,,6,,64,,2759,,4848,,6842,,7404,,7429,,7743
152,"salisbury_cathedral",1,0,1,0,1,0,1,0,1,0,1,0,,16,,2,,28,,28,,48,,52,,2759,,3333,,4375,,4375,,6486,,6842
153,"templo_de_debod",,6,,4,,35,,3,,325,,46,,1364,,1818,,2727,,2727,,3182,,3182,,2222,,25,,3066,,2857,,3216,,3762
154,"Niagara_Falls",,6,,6,,5,,5667,,575,,56,,0909,,1818,,2727,,4091,,4545,,4545,,1579,,2791,,3529,,4752,,5077,,5018
155,"Golden_Gate_Bridge_in_San_Francisco",1,0,1,0,,95,,9667,,925,,94,,1818,,2727,,4091,,5,,5909,,6364,,3077,,4286,,5719,,6591,,7211,,7589
156,"Neuschwanstein_Castle",1,0,1,0,1,0,1,0,1,0,,98,,2,,4,,44,,52,,6,,68,,3333,,5714,,6111,,6842,,75,,8029
157,"Christ_Church_Cathedral_Missouri",1,0,1,0,1,0,1,0,1,0,1,0,,16,,28,,48,,56,,6,,6,,2759,,4375,,6486,,7179,,75,,75
158,"Mount_Rushmore_in_South_Dakota",,8,,8,,9,,9333,,95,,96,,12,,16,,28,,4,,52,,64,,2087,,2667,,4271,,56,,6721,,768
159,"Puerta_de_Toledo",,2,,2,,15,,1,,075,,06,,5,1,0,1,0,1,0,1,0,1,0,,2857,,3333,,2609,,1818,,1395,,1132
160,"Urquhart_Castle",1,0,,9,,9,,7667,,775,,82,,1667,,25,,4167,,4583,,5833,,6667,,2857,,3913,,5696,,5737,,6656,,7354
161,"Gare_du_Nord_Paris",,8,,8,,85,,8333,,825,,86,,16,,2,,24,,32,,32,,32,,2667,,32,,3743,,4624,,4611,,4664
162,"Newgrange_in_Ireland",,6,,6,,65,,7,,7,,66,,0833,,1667,,375,,4167,,4583,,5417,,1463,,2609,,4756,,5224,,554,,595
163,"Windmills_at_Kinderdijk",,6,,7,,75,,8,,825,,84,,12,,2,,36,,48,,52,,56,,2,,3111,,4865,,6,,6379,,672
164,"Conciergerie",1,0,1,0,,95,,9667,,975,,98,,2,,36,,48,,52,,56,,72,,3333,,5294,,6378,,6762,,7114,,8301
165,"Palazzo_Madama",1,0,,8,,65,,7333,,75,,74,,1818,,3182,,4545,,5455,,5909,,6818,,3077,,4553,,535,,6256,,661,,7097
166,"Split_Rock_Lighthouse",,8,,9,,9,,9,,875,,88,,12,,2,,24,,28,,36,,4,,2087,,3273,,3789,,4271,,5101,,55
167,"The_Little_Mermaid_Denmark",1,0,,9,,9,,9,,925,,92,,3571,,5,,7143,,9286,,9286,,9286,,5263,,6429,,7965,,9141,,9268,,9243
168,"Great_Pyramid_of_Giza",,6,,6,,7,,7,,7,,66,,2,,3333,,5333,,6667,,6667,,7333,,3,,4286,,6054,,6829,,6829,,6947
169,"Pitti_Palace",,8,,9,,85,,8333,,85,,84,,1364,,1818,,3182,,4091,,5,,5455,,233,,3025,,463,,5488,,6296,,6614
170,"Georgia_State_Capitol",,6,,7,,65,,6,,475,,38,,1579,,2632,,2632,,2632,,2632,,2632,,25,,3825,,3746,,3659,,3387,,311
171,"Dome_des_Invalides",1,0,1,0,1,0,1,0,,975,,98,,12,,28,,36,,4,,44,,44,,2143,,4375,,5294,,5714,,6064,,6073
172,"Reggia_di_Caserta",1,0,,7,,5,,6,,55,,52,,2,,24,,32,,44,,52,,52,,3333,,3574,,3902,,5077,,5346,,52
173,"The_Burj_al_Arab_Hotel",,8,,6,,7,,7333,,775,,82,,12,,2,,36,,36,,44,,48,,2087,,3,,4755,,4829,,5613,,6055
174,"Elephanta_Caves",1,0,1,0,1,0,1,0,,975,,98,,0833,,2083,,4167,,5,,625,,7083,,1538,,3448,,5882,,6667,,7617,,8223
175,"Basilica_of_Santa_Croce",1,0,1,0,1,0,1,0,1,0,1,0,,2,,24,,32,,52,,64,,64,,3333,,3871,,4848,,6842,,7805,,7805
176,"Aachen_Cathedral",1,0,,9,,85,,8667,,9,,92,,16,,24,,44,,52,,52,,56,,2759,,3789,,5798,,65,,6592,,6962
177,"Monument_to_the_Great_Fire_of_London",,6,,6,,6,,6,,6,,48,,12,,24,,32,,44,,52,,52,,2,,3429,,4174,,5077,,5571,,4992
178,"Longmen_Grottoes",,6,,4,,5,,6333,,55,,52,,12,,16,,28,,52,,6,,64,,2,,2286,,359,,5711,,5739,,5738
179,"Louisiana_State_Capitol",,4,,3,,25,,1667,,25,,22,,08,,12,,16,,16,,28,,28,,1333,,1714,,1951,,1633,,2642,,2464
180,"The_Great_Sphinx_at_Giza",,8,,9,,8,,8667,,9,,88,,16,,24,,4,,56,,6,,64,,2667,,3789,,5333,,6804,,72,,7411
181,"Teatro_Real_Madrid",1,0,1,0,1,0,,9333,,825,,68,,2174,,3043,,5652,,6957,,7826,,7826,,3571,,4667,,7222,,7972,,8032,,7277
182,"Palacio_de_la_Magdalena",,8,,9,,7,,7333,,8,,82,,16,,24,,32,,44,,52,,68,,2667,,3789,,4392,,55,,6303,,7435
183,"Sowjetisches_Ehrenmal",,6,,4,,45,,6,,65,,72,,12,,16,,28,,56,,56,,68,,2,,2286,,3452,,5793,,6017,,6994
184,"Cathedral_of_Trier",1,0,1,0,,95,,9333,,925,,92,,2,,36,,48,,56,,68,,76,,3333,,5294,,6378,,7,,7838,,8324
185,"Saint_Mary_of_the_Flower",,2,,1,,1,,0667,,075,,1,,04,,04,,04,,04,,08,,16,,0667,,0571,,0571,,05,,0774,,1231
186,"Skellig_Michael",,6,,6,,75,,7,,725,,66,,12,,24,,44,,56,,6,,6,,2,,3429,,5546,,6222,,6566,,6286
187,"Chicago_Board_of_Trade_Building",,8,,9,,9,,8333,,875,,88,,1818,,3636,,4545,,5909,,6364,,7273,,2963,,518,,604,,6915,,7368,,7964
188,"Pont_de_Normandie_France",,8,,9,,95,,9667,,975,,98,,1579,,2105,,4737,,6316,,7368,,8421,,2637,,3412,,6322,,764,,8394,,9058
189,"Palazzo_Rosso",,0,,0,,05,,0333,,025,,08,,0,,0,,0417,,0417,,0417,,125,,0,,0,,0455,,037,,0312,,0976
190,"Piazza_Vittorio_Veneto",,2,,5,,5,,4333,,45,,38,,0625,,1875,,4375,,5,,5625,,5625,,0952,,2727,,4667,,4643,,5,,4536
191,"Sforza_Castle",1,0,,9,,9,,9333,,95,,96,,12,,28,,36,,52,,68,,72,,2143,,4271,,5143,,6679,,7926,,8229
192,"Torres_KIO",1,0,1,0,,9,,9333,,925,,94,,16,,24,,4,,44,,52,,56,,2759,,3871,,5538,,5981,,6657,,7019
193,"Torre_Picasso",1,0,1,0,1,0,,9667,,775,,66,,1667,,2917,,5,,5833,,6667,,6667,,2857,,4516,,6667,,7276,,7168,,6633
194,"The_Palace_of_Parliament_in_Bucharest",1,0,1,0,1,0,,9667,,975,,96,,16,,36,,52,,64,,68,,68,,2759,,5294,,6842,,7701,,8012,,7961
195,"Ernest_Hemingway_House",1,0,,7,,8,,7333,,775,,76,,16,,2,,44,,52,,64,,64,,2759,,3111,,5677,,6085,,7011,,6949
196,"Castel_dellOvo_Napoli",,4,,7,,85,,9,,925,,92,,08,,24,,48,,6,,68,,76,,1333,,3574,,6135,,72,,7838,,8324
197,"Villa_Borghese_gardens",1,0,1,0,1,0,1,0,1,0,1,0,,2,,28,,48,,64,,8,,84,,3333,,4375,,6486,,7805,,8889,,913
198,"Saint_Marks_Basilica",1,0,1,0,1,0,1,0,1,0,1,0,,16,,24,,4,,4,,4,,4,,2759,,3871,,5714,,5714,,5714,,5714
199,"Mausoleum_of_the_First_Qin_Emperor",,8,,8,,8,,8667,,825,,8,,16,,24,,36,,44,,48,,52,,2667,,3692,,4966,,5837,,6069,,6303
200,"Mausoleum_of_Hadrian",1,0,,9,,9,,8667,,9,,9,,2778,,4444,,5,,5556,,5556,,6111,,4348,,595,,6429,,6771,,687,,7279
201,"Piazza_de_Ferrari",1,0,1,0,1,0,1,0,,95,,94,,2105,,2632,,4737,,5263,,5263,,5263,,3478,,4167,,6429,,6897,,6774,,6748
202,"George_Washington_Carver",1,0,,8,,65,,6667,,65,,7,,25,,375,,5,,5625,,625,,625,,4,,5106,,5652,,6102,,6373,,6604
203,"Cathedral_of_Santiago_de_Compostela",,8,,8,,75,,8,,825,,84,,1176,,2353,,2941,,4118,,7647,,7647,,2051,,3636,,4225,,5437,,7937,,8006
204,"Saint-Jacques_Tower",1,0,,6,,6,,6333,,675,,74,,1538,,1538,,2308,,3846,,3846,,4615,,2667,,2449,,3333,,4786,,49,,5685
205,"Calakmul_Campeche_Mexico",,8,,9,,85,,8667,,875,,88,,2143,,2857,,3571,,5,,6429,,7143,,338,,4337,,503,,6341,,7412,,7885
206,"Bran_Castle_in_Transylvania",1,0,,9,,85,,9,,9,,9,,1579,,2632,,3158,,3684,,4737,,6842,,2727,,4072,,4605,,5228,,6207,,7774
207,"Mosteiro_da_Batalha",1,0,1,0,1,0,1,0,1,0,1,0,,2632,,4211,,5263,,6316,,6316,,7368,,4167,,5926,,6897,,7742,,7742,,8485
208,"Wartburg_Castle",1,0,1,0,,95,,9,,9,,92,,25,,4,,6,,65,,65,,75,,4,,5714,,7355,,7548,,7548,,8263
209,"Fujian_Tulou_Fujian_China",1,0,1,0,1,0,1,0,1,0,,98,,2778,,3333,,5,,6667,,6667,,7222,,4348,,5,,6667,,8,,8,,8316
210,"Alabama_State_Capitol",,4,,5,,55,,7,,775,,76,,0952,,2381,,4286,,5714,,8095,,8095,,1538,,3226,,4818,,6292,,7919,,784
211,"Palazzo_dAccursio",,8,,8,,85,,8667,,9,,9,,1111,,2222,,4444,,5,,5,,6111,,1951,,3478,,5837,,6341,,6429,,7279
212,"Casa_Grande_Ruins",,8,,7,,7,,7333,,8,,84,,1765,,2353,,2941,,4118,,4118,,4706,,2892,,3522,,4142,,5274,,5437,,6032
213,"Stravinsky_Fountain",1,0,1,0,1,0,1,0,1,0,,96,,2,,2667,,4,,6,,6,,6,,3333,,4211,,5714,,75,,75,,7385
214,"Angel_Falls_Venezuela",,8,,8,,65,,6333,,575,,56,,1765,,4118,,4706,,5294,,5294,,6471,,2892,,5437,,5459,,5767,,5513,,6004
215,"Statue_of_George_IV",,6,,4,,35,,3667,,375,,48,,375,,375,,5,,75,,75,,875,,4615,,3871,,4118,,4925,,5,,6199
216,"Palacio_Barolo",1,0,,9,,85,,8667,,9,,92,,1765,,2353,,2941,,5294,,5882,,5882,,3,,3731,,437,,6573,,7115,,7176
217,"Bridge_of_Remembrance_Christchurch_New_Zealand",,4,,6,,8,,7333,,775,,8,,1667,,4167,,75,,8333,1,0,1,0,,2353,,4918,,7742,,7801,,8732,,8889
218,"John_A._Roebling_Suspension_Bridge",,4,,2,,25,,3,,375,,42,,1333,,1333,,3333,,4,,6,,7333,,2,,16,,2857,,3429,,4615,,5341
219,"Blue_Dome_Santorini",1,0,1,0,,95,,9667,,975,,96,,25,,375,,5625,,625,,75,,75,,4,,5455,,7066,,7592,,8478,,8421
220,"Fossar_de_les_Moreres",,8,,8,,8,,6333,,525,,48,,2857,,4286,,6429,,6429,,7143,,7143,,4211,,5581,,7129,,6381,,6052,,5742
221,"Luxor_Obelisk_France",1,0,,9,,7,,7,,7,,68,,1875,,25,,3125,,375,,375,,4375,,3158,,3913,,4321,,4884,,4884,,5324
222,"Valle_de_los_Caidos",1,0,1,0,,85,,9,,875,,88,,2,,35,,5,,55,,65,,65,,3333,,5185,,6296,,6828,,7459,,7477
--------------------
"--","Avg.",P@5,P@10,P@20,P@30,P@40,P@50,CR@5,CR@10,CR@20,CR@30,CR@40,CR@50,F1@5,F1@10,F1@20,F1@30,F1@40,F1@50
,,,7991,,7865,,7845,,7874,,7801,,773,,1544,,251,,3838,,4742,,5444,,5961,,2537,,3707,,503,,5779,,6262,,6575