--------------------
"Run name","output_runJCDDtrs"
--------------------
"Average P@20 = ",.8038
"Average CR@20 = ",.3766
"Average F1@20 = ",.501
--------------------
"Query Id ","Location name",P@5,P@10,P@20,P@30,P@40,P@50,CR@5,CR@10,CR@20,CR@30,CR@40,CR@50,F1@5,F1@10,F1@20,F1@30,F1@40,F1@50
1,"angel_of_the_north",1.0,1.0,1.0,1.0,1.0,1.0,.16,.24,.36,.6,.68,.72,.2759,.3871,.5294,.75,.8095,.8372
2,"big_ben",1.0,1.0,.95,.9333,.925,.9,.2273,.3182,.4091,.5,.5909,.5909,.3704,.4828,.5719,.6512,.7211,.7134
3,"hearst_castle",1.0,1.0,.95,.9667,.95,.88,.1667,.3333,.5417,.7083,.75,.8333,.2857,.5,.6899,.8176,.8382,.856
4,"la_madeleine",.0,.1,.35,.4333,.35,.42,.0,.0714,.3571,.5714,.5714,.8571,.0,.0833,.3535,.4929,.4341,.5638
5,"pont_alexandre_iii",1.0,1.0,.95,.9667,.975,.98,.2,.32,.36,.48,.56,.56,.3333,.4848,.5221,.6415,.7114,.7127
6,"neues_museum",.0,.0,.0,.1,.25,.4,.0,.0,.0,.08,.28,.48,.0,.0,.0,.0889,.2642,.4364
7,"montezuma_castle",1.0,.8,.6,.6,.6,.62,.25,.3333,.5,.6667,.75,.8333,.4,.4706,.5455,.6316,.6667,.711
8,"cn_tower",.4,.6,.6,.6,.65,.66,.0833,.2083,.3333,.4167,.5833,.625,.1379,.3093,.4286,.4918,.6149,.642
9,"acropolis_athens",.4,.7,.8,.8333,.85,.86,.0476,.1429,.381,.4286,.4762,.5714,.0851,.2373,.5161,.566,.6104,.6866
10,"agra_fort",.6,.8,.85,.9,.875,.88,.12,.24,.52,.6,.64,.68,.2,.3692,.6453,.72,.7393,.7672
11,"albert_memorial",1.0,.9,.8,.7667,.725,.74,.1364,.1364,.1818,.3182,.4545,.5455,.24,.2368,.2963,.4497,.5588,.628
12,"altes_museum",1.0,.8,.6,.5333,.6,.62,.1667,.2917,.2917,.375,.5417,.6667,.2857,.4275,.3925,.4404,.5693,.6425
13,"amiens_cathedral",1.0,1.0,.95,.9667,.975,.98,.16,.28,.44,.64,.76,.76,.2759,.4375,.6014,.7701,.8542,.8561
14,"angkor_wat",1.0,.9,.7,.7,.7,.74,.12,.2,.36,.48,.56,.6,.2143,.3273,.4755,.5695,.6222,.6627
15,"ara_pacis",1.0,1.0,.75,.6667,.6,.6,.2273,.3636,.4545,.5909,.5909,.6364,.3704,.5333,.566,.6265,.5954,.6176
16,"arc_de_triomphe",1.0,1.0,.95,.9333,.825,.76,.1667,.2083,.375,.5417,.5833,.5833,.2857,.3448,.5377,.6855,.6834,.66
17,"aztec_ruins",.0,.0,.05,.1667,.2,.24,.0,.0,.04,.16,.24,.36,.0,.0,.0444,.1633,.2182,.288
18,"berlin_cathedral",1.0,1.0,.95,.9667,.975,.98,.2,.32,.44,.56,.6,.64,.3333,.4848,.6014,.7092,.7429,.7743
19,"bok_tower_gardens",1.0,.8,.8,.8,.85,.88,.2,.28,.48,.6,.72,.72,.3333,.4148,.6,.6857,.7796,.792
20,"brandenburg_gate",1.0,1.0,1.0,.9667,.975,.98,.12,.24,.36,.44,.52,.56,.2143,.3871,.5294,.6047,.6783,.7127
21,"cabrillo",.0,.3,.25,.1667,.175,.18,.0,.2308,.3077,.3077,.4615,.6154,.0,.2609,.2759,.2162,.2538,.2785
22,"casa_batllo",1.0,1.0,1.0,1.0,1.0,1.0,.16,.24,.4,.48,.72,.84,.2759,.3871,.5714,.6486,.8372,.913
23,"casa_rosada",.6,.7,.85,.9,.925,.94,.08,.12,.28,.48,.6,.68,.1412,.2049,.4212,.6261,.7279,.7891
24,"castillo_de_san_marcos",1.0,.9,.55,.5667,.6,.64,.16,.28,.28,.44,.48,.52,.2759,.4271,.3711,.4954,.5333,.5738
25,"chartres_cathedral",1.0,1.0,.95,.9667,.95,.96,.16,.2,.44,.64,.64,.68,.2759,.3333,.6014,.7701,.7648,.7961
26,"chichen_itza",.8,.7,.8,.7667,.8,.82,.16,.28,.36,.44,.56,.64,.2667,.4,.4966,.5591,.6588,.7189
27,"christ_the_redeemer_rio",.4,.6,.55,.5333,.55,.56,.087,.1304,.2609,.3043,.4783,.4783,.1429,.2143,.3539,.3875,.5116,.5159
28,"civic_center_san_francisco",.8,.8,.85,.8,.775,.76,.16,.28,.4,.52,.6,.6,.2667,.4148,.544,.6303,.6764,.6706
29,"cologne_cathedral",1.0,1.0,.95,.9667,.975,.98,.12,.2,.4,.52,.6,.68,.2143,.3333,.563,.6762,.7429,.8029
30,"colosseum",1.0,1.0,1.0,1.0,.975,.98,.16,.2,.36,.56,.6,.6,.2759,.3333,.5294,.7179,.7429,.7443
31,"doge_s_palace",1.0,1.0,.95,.8,.8,.82,.12,.2,.36,.44,.44,.52,.2143,.3333,.5221,.5677,.5677,.6364
32,"eiffel_tower",1.0,1.0,1.0,1.0,.975,.94,.12,.2,.36,.4,.52,.52,.2143,.3333,.5294,.5714,.6783,.6696
33,"golden_gate_bridge",.8,.8,.8,.8333,.825,.84,.1739,.2174,.3478,.4783,.5217,.5652,.2857,.3419,.4848,.6077,.6392,.6757
34,"grand_palais",1.0,.9,.9,.9,.9,.92,.0455,.1818,.3636,.4545,.5,.5455,.087,.3025,.518,.604,.6429,.6849
35,"guggenheim_museum_bilbao",1.0,1.0,1.0,1.0,1.0,1.0,.12,.16,.4,.48,.52,.6,.2143,.2759,.5714,.6486,.6842,.75
36,"hagia_sophia_istanbul",1.0,1.0,1.0,1.0,1.0,1.0,.12,.16,.32,.44,.64,.68,.2143,.2759,.4848,.6111,.7805,.8095
37,"hoover_dam",1.0,1.0,.95,.9667,.925,.94,.16,.28,.4,.48,.52,.64,.2759,.4375,.563,.6415,.6657,.7615
38,"humayun_tomb",.8,.7,.6,.6333,.65,.72,.08,.16,.28,.44,.52,.64,.1455,.2605,.3818,.5193,.5778,.6776
39,"iguazu_falls",.6,.7,.75,.7667,.8,.78,.08,.12,.36,.44,.56,.56,.1412,.2049,.4865,.5591,.6588,.6519
40,"iolani_palace",1.0,1.0,1.0,.8667,.75,.64,.16,.16,.36,.48,.6,.64,.2759,.2759,.5294,.6178,.6667,.64
41,"la_mezquita",.6,.8,.9,.9,.8,.72,.125,.2917,.4583,.5,.5833,.5833,.2069,.4275,.6074,.6429,.6747,.6445
42,"la_rambla_barcelona",.8,.9,.95,.9667,.925,.94,.16,.24,.36,.4,.48,.52,.2667,.3789,.5221,.5659,.632,.6696
43,"la_sainte_chapelle",1.0,1.0,.9,.9333,.95,.96,.2,.32,.52,.6,.64,.68,.3333,.4848,.6592,.7304,.7648,.7961
44,"liberty_memorial",.6,.6,.45,.6,.675,.66,.04,.12,.2,.36,.44,.44,.075,.2,.2769,.45,.5327,.528
45,"lincoln_home",1.0,1.0,.9,.9333,.95,.9,.2778,.3333,.4444,.7222,.8333,.8889,.4348,.5,.595,.8143,.8879,.8944
46,"machu_picchu",.8,.8,.75,.8,.8,.78,.16,.28,.4,.56,.6,.68,.2667,.4148,.5217,.6588,.6857,.7266
47,"marble_arch_london",.8,.7,.7,.5,.425,.4,.3333,.5,.6667,.6667,.6667,.75,.4706,.5833,.6829,.5714,.5191,.5217
48,"milan_cathedral",1.0,1.0,.9,.8667,.9,.9,.12,.24,.36,.56,.64,.76,.2143,.3871,.5143,.6804,.7481,.8241
49,"mole_antonelliana",1.0,.9,.95,.8667,.8,.82,.16,.2,.28,.4,.52,.52,.2759,.3273,.4325,.5474,.6303,.6364
50,"mont_saint_michel",1.0,1.0,1.0,1.0,1.0,.96,.2,.28,.4,.44,.52,.6,.3333,.4375,.5714,.6111,.6842,.7385
51,"moulin_rouge",.0,.0,.0,.0,.025,.06,.0,.0,.0,.0,.125,.375,.0,.0,.0,.0,.0417,.1034
52,"nelson_s_column",.8,.9,.95,.9667,.975,.96,.0417,.2083,.3333,.5,.5833,.625,.0792,.3383,.4935,.6591,.7299,.7571
53,"notre_dame_de_paris",.8,.8,.9,.9333,.925,.94,.16,.24,.44,.56,.6,.68,.2667,.3692,.591,.7,.7279,.7891
54,"obelisco",.2,.1,.1,.1,.1,.08,.0909,.0909,.0909,.1818,.2727,.2727,.125,.0952,.0952,.129,.1463,.1237
55,"piccadilly_circus",1.0,.9,.85,.8333,.75,.76,.1739,.1739,.3913,.4783,.5217,.5652,.2963,.2915,.5359,.6077,.6154,.6483
56,"place_de_la_concorde",1.0,1.0,1.0,.9667,.975,.98,.12,.2,.32,.36,.44,.56,.2143,.3333,.4848,.5246,.6064,.7127
57,"place_de_la_republique",.0,.3,.35,.3333,.25,.2,.0,.375,.625,.75,.75,.75,.0,.3333,.4487,.4615,.375,.3158
58,"place_des_vosges",.8,.8,.8,.8,.8,.78,.04,.16,.36,.48,.56,.64,.0762,.2667,.4966,.6,.6588,.7031
59,"pont_du_gard",.8,.8,.85,.8667,.8,.78,.12,.2,.36,.52,.52,.6,.2087,.32,.5058,.65,.6303,.6783
60,"pont_neuf",1.0,1.0,.9,.8667,.825,.74,.12,.16,.36,.6,.64,.64,.2143,.2759,.5143,.7091,.7208,.6864
61,"ponte_vecchio",1.0,1.0,.9,.9,.9,.82,.1667,.2083,.375,.4167,.5417,.5833,.2857,.3448,.5294,.5696,.6763,.6817
62,"puerta_de_alcala",.2,.2,.35,.5,.525,.6,.0526,.1053,.2632,.3684,.5263,.5789,.0833,.1379,.3004,.4242,.5257,.5893
63,"puerta_del_sol",1.0,.9,.75,.5333,.5,.42,.15,.3,.3,.35,.4,.45,.2609,.45,.4286,.4226,.4444,.4345
64,"red_fort",1.0,1.0,1.0,1.0,.975,.98,.16,.32,.48,.64,.68,.8,.2759,.4848,.6486,.7805,.8012,.8809
65,"reims_cathedral",1.0,1.0,1.0,1.0,1.0,1.0,.16,.2,.44,.52,.56,.6,.2759,.3333,.6111,.6842,.7179,.75
66,"rialto_bridge",1.0,.8,.85,.8333,.75,.64,.25,.25,.5,.5625,.6875,.6875,.4,.381,.6296,.6716,.7174,.6629
67,"roman_forum_rome",.6,.7,.75,.7333,.675,.68,.12,.2,.4,.48,.48,.6,.2,.3111,.5217,.5802,.561,.6375
68,"sacre_coeur",.4,.4,.55,.6,.625,.62,.0833,.0833,.2083,.375,.375,.4583,.1379,.1379,.3022,.4615,.4688,.527
69,"sagrada_familia",1.0,.9,.95,.9333,.925,.94,.16,.28,.36,.48,.52,.6,.2759,.4271,.5221,.634,.6657,.7325
70,"santa_maria_novella",.6,.5,.4,.5,.625,.56,.12,.16,.28,.36,.44,.48,.2,.2424,.3294,.4186,.5164,.5169
71,"schonbrunn_palace",1.0,1.0,.95,.9667,.975,.98,.12,.24,.44,.48,.56,.6,.2143,.3871,.6014,.6415,.7114,.7443
72,"seville_cathedral",.8,.8,.8,.8667,.9,.9,.16,.32,.4,.48,.56,.68,.2667,.4571,.5333,.6178,.6904,.7747
73,"spanish_steps",1.0,.9,.75,.7333,.675,.66,.1364,.1818,.3182,.5909,.6364,.6818,.24,.3025,.4468,.6545,.6551,.6707
74,"st__basil_cathedral",1.0,1.0,.9,.8333,.85,.86,.16,.32,.48,.48,.6,.6,.2759,.4848,.6261,.6091,.7034,.7068
75,"statue_of_liberty",1.0,1.0,.9,.8333,.8,.84,.12,.16,.32,.4,.48,.64,.2143,.2759,.4721,.5405,.6,.7265
76,"stonehenge",.8,.8,.75,.6,.55,.5,.1053,.2105,.3684,.4737,.5263,.5789,.186,.3333,.4941,.5294,.5379,.5366
77,"summer_palace_beijing",1.0,1.0,1.0,.9667,.95,.94,.16,.28,.36,.44,.56,.56,.2759,.4375,.5294,.6047,.7046,.7019
78,"sydney_opera_house",1.0,1.0,.95,.9,.9,.9,.16,.24,.36,.44,.48,.64,.2759,.3871,.5221,.591,.6261,.7481
79,"teotihuacan",.8,.7,.65,.5333,.55,.62,.16,.24,.36,.44,.52,.56,.2667,.3574,.4634,.4822,.5346,.5885
80,"terracotta_army",.8,.9,.8,.6,.475,.46,.2,.4,.5,.5,.5,.55,.32,.5538,.6154,.5455,.4872,.501
81,"the_blue_mosque",.4,.7,.85,.9,.9,.9,.08,.16,.36,.44,.56,.64,.1333,.2605,.5058,.591,.6904,.7481
82,"the_henry_ford",1.0,1.0,.85,.7667,.675,.64,.16,.28,.36,.4,.44,.52,.2759,.4375,.5058,.5257,.5327,.5738
83,"taj_mahal",1.0,.9,.8,.8667,.9,.92,.16,.28,.44,.48,.52,.68,.2759,.4271,.5677,.6178,.6592,.782
84,"tour_montparnasse",.4,.7,.75,.6,.5,.46,.1,.25,.35,.4,.45,.6,.16,.3684,.4773,.48,.4737,.5208
85,"tower_bridge_london",1.0,1.0,.7,.5667,.575,.52,.12,.28,.32,.4,.48,.56,.2143,.4375,.4392,.469,.5232,.5393
86,"trafalgar_square",.6,.5,.45,.4,.475,.46,.1364,.1818,.2727,.3636,.4091,.5,.2222,.2667,.3396,.381,.4396,.4792
87,"leaning_tower_of_pisa",.6,.5,.45,.4667,.45,.46,.12,.2,.24,.36,.4,.48,.2,.2857,.313,.4065,.4235,.4698
88,"hermitage_museum_saint_petersburg",1.0,1.0,.75,.7667,.75,.78,.12,.24,.24,.4,.48,.56,.2143,.3871,.3636,.5257,.5854,.6519
89,"jantar_mantar_jaipur",.4,.7,.65,.7,.775,.82,.08,.2,.4,.48,.6,.8,.1333,.3111,.4952,.5695,.6764,.8099
90,"lake_titicaca_peru",.4,.5,.6,.4667,.4,.48,.0833,.2083,.3333,.3333,.4167,.625,.1379,.2941,.4286,.3889,.4082,.543
91,"the_great_wall_of_china",.8,.7,.75,.8333,.85,.86,.12,.16,.36,.44,.52,.6,.2087,.2605,.4865,.5759,.6453,.7068
92,"grande_arche_paris",.6,.7,.7,.6333,.65,.6,.12,.16,.32,.36,.36,.4,.2,.2605,.4392,.4591,.4634,.48
93,"el_angel_mexico",1.0,1.0,.9,.7333,.65,.64,.1905,.2857,.4762,.5714,.619,.7143,.32,.4444,.6228,.6423,.6341,.6751
94,"bibliotheque_nationale_de_france",.4,.6,.7,.7333,.725,.7,.08,.12,.2,.32,.44,.48,.1333,.2,.3111,.4456,.5476,.5695
95,"kronborg_castle",.8,.4,.55,.6333,.575,.66,.1667,.1667,.375,.5417,.5417,.625,.2759,.2353,.4459,.5839,.5578,.642
96,"ajanta_caves",.8,.8,.8,.8667,.9,.92,.0909,.2727,.4091,.5,.5909,.5909,.1633,.4068,.5414,.6341,.7134,.7196
97,"atomium",.8,.9,.95,.9667,.975,.98,.1905,.3333,.381,.4286,.4286,.4286,.3077,.4865,.5438,.5939,.5954,.5963
98,"ellora_caves",1.0,1.0,1.0,.9667,.925,.94,.1364,.2273,.3182,.4091,.5455,.5455,.24,.3704,.4828,.5749,.6862,.6903
99,"potala_palace",.8,.9,.95,.9333,.925,.9,.1667,.2222,.2778,.5,.5,.6111,.2759,.3564,.4299,.6512,.6491,.7279
100,"jokhang",.8,.8,.8,.8667,.825,.86,.12,.2,.4,.64,.72,.76,.2087,.32,.5333,.7363,.7689,.8069
101,"rila_monastery",.6,.6,.75,.8333,.875,.9,.12,.16,.24,.32,.44,.44,.2,.2526,.3636,.4624,.5856,.591
102,"louvre_pyramid",1.0,1.0,1.0,.9667,.95,.92,.1111,.2222,.3889,.5,.6111,.6667,.2,.3636,.56,.6591,.7438,.7731
103,"brooklyn_bridge",.8,.9,.95,.8667,.825,.84,.0476,.2381,.381,.381,.4286,.4286,.0899,.3766,.5438,.5293,.5641,.5676
104,"tower_of_london",.6,.8,.8,.8333,.775,.72,.087,.087,.2174,.4348,.4783,.4783,.1519,.1569,.3419,.5714,.5915,.5747
105,"british_museum_london",1.0,1.0,1.0,1.0,1.0,.98,.1,.15,.3,.4,.5,.6,.1818,.2609,.4615,.5714,.6667,.7443
106,"buckingham_palace",.6,.8,.6,.5333,.475,.44,.15,.2,.2,.3,.35,.4,.24,.32,.3,.384,.403,.419
107,"charles_bridge_prague",1.0,1.0,.85,.7333,.725,.64,.125,.125,.25,.2917,.375,.4167,.2222,.2222,.3864,.4173,.4943,.5047
108,"champs_elysees_paris",.8,.6,.7,.7,.65,.62,.1333,.2,.3333,.3333,.4667,.4667,.2286,.3,.4516,.4516,.5433,.5325
109,"chrysler_building",1.0,1.0,1.0,1.0,.975,.98,.1429,.2143,.5,.5714,.7143,.7857,.25,.3529,.6667,.7273,.8245,.8722
110,"moma_new_york",.6,.7,.85,.9,.875,.9,.1579,.2632,.4211,.4737,.5789,.6842,.25,.3825,.5631,.6207,.6968,.7774
111,"grand_central_terminal",1.0,1.0,1.0,1.0,.975,.96,.0952,.1905,.2381,.2857,.381,.4762,.1739,.32,.3846,.4444,.5478,.6366
112,"houses_of_parliament",1.0,1.0,1.0,1.0,1.0,1.0,.1739,.1739,.3043,.3478,.3913,.5217,.2963,.2963,.4667,.5161,.5625,.6857
113,"alexanderplatz_berlin",.0,.1,.35,.5333,.6,.66,.0,.04,.24,.36,.4,.52,.0,.0571,.2847,.4299,.48,.5817
114,"centre_pompidou",.6,.6,.7,.7333,.675,.62,.1667,.2778,.3333,.5,.5,.5,.2609,.3797,.4516,.5946,.5745,.5536
115,"sydney_harbour_bridge",1.0,1.0,1.0,1.0,1.0,1.0,.1875,.375,.5,.5,.625,.6875,.3158,.5455,.6667,.6667,.7692,.8148
116,"pier_39",1.0,1.0,1.0,.9667,.925,.92,.2381,.2381,.381,.5238,.619,.619,.3846,.3846,.5517,.6794,.7417,.7401
117,"coit_tower",1.0,.7,.65,.5667,.525,.56,.2,.2,.2667,.3333,.3333,.4667,.3333,.3111,.3782,.4198,.4078,.5091
118,"st_paul_s_cathedral_london",1.0,.9,.9,.8667,.85,.84,.2353,.3529,.4706,.5882,.5882,.6471,.381,.507,.618,.7008,.6953,.731
119,"cloud_gate",.6,.7,.8,.6,.5,.54,.25,.25,.3333,.3333,.3333,.5,.3529,.3684,.4706,.4286,.4,.5192
120,"musee_d_orsay",1.0,1.0,.9,.9,.9,.92,.0952,.1429,.381,.5238,.5714,.6667,.1739,.25,.5353,.6622,.699,.7731
121,"pike_place_market",1.0,.9,.85,.8667,.85,.82,.1905,.1905,.4286,.4762,.5238,.5238,.32,.3144,.5698,.6147,.6482,.6393
122,"royal_palace_madrid",.8,.8,.8,.7667,.775,.82,.1818,.1818,.3636,.4091,.5,.6364,.2963,.2963,.5,.5335,.6078,.7166
123,"sony_center_berlin",.8,.9,.95,.9667,.925,.92,.1429,.1905,.381,.4762,.5238,.5238,.2424,.3144,.5438,.6381,.6689,.6675
124,"red_square_moscow",.6,.8,.65,.6667,.65,.7,.0952,.1905,.2381,.4286,.4762,.619,.1644,.3077,.3485,.5217,.5497,.657
125,"prague_castle",1.0,.9,.95,.9333,.9,.88,.2,.28,.44,.52,.56,.68,.3333,.4271,.6014,.6679,.6904,.7672
126,"musee_du_louvre",1.0,1.0,.95,.9667,.95,.96,.12,.2,.44,.52,.6,.6,.2143,.3333,.6014,.6762,.7355,.7385
127,"millennium_bridge_london",1.0,.8,.7,.7667,.775,.8,.2,.28,.36,.36,.44,.52,.3333,.4148,.4755,.4899,.5613,.6303
128,"casa_mila",1.0,1.0,1.0,.9667,.95,.94,.2,.24,.44,.6,.64,.72,.3333,.3871,.6111,.7404,.7648,.8154
129,"national_gallery_london",1.0,1.0,.85,.6333,.6,.68,.2273,.3182,.4091,.4091,.4545,.5909,.3704,.4828,.5523,.4971,.5172,.6323
130,"national_mall",1.0,1.0,1.0,.9667,.95,.9,.2,.28,.48,.56,.64,.68,.3333,.4375,.6486,.7092,.7648,.7747
131,"london_city_hall",1.0,1.0,1.0,1.0,.9,.86,.25,.45,.55,.6,.7,.7,.4,.6207,.7097,.75,.7875,.7718
132,"holocaust_memorial",.8,.9,.8,.7333,.7,.66,.1875,.375,.4375,.5625,.5625,.625,.3038,.5294,.5657,.6367,.6238,.642
133,"columbus_circle",.6,.7,.7,.8,.675,.6,.12,.24,.44,.64,.68,.68,.2,.3574,.5404,.7111,.6775,.6375
134,"siegessaeule",1.0,1.0,1.0,.9,.8,.72,.16,.24,.52,.64,.68,.72,.2759,.3871,.6842,.7481,.7351,.72
135,"jardin_du_luxembourg",1.0,1.0,1.0,1.0,1.0,1.0,.12,.28,.48,.6,.72,.72,.2143,.4375,.6486,.75,.8372,.8372
136,"merlion_singapore",.0,.1,.2,.2,.175,.22,.0,.0455,.1818,.2727,.2727,.4091,.0,.0625,.1905,.2308,.2132,.2861
137,"harrods_london",1.0,.9,.75,.8,.8,.8,.2,.32,.36,.52,.6,.68,.3333,.4721,.4865,.6303,.6857,.7351
138,"metropolitan_museum_of_art_new_york",1.0,1.0,1.0,.9,.925,.94,.12,.24,.4,.4,.52,.6,.2143,.3871,.5714,.5538,.6657,.7325
139,"new_york_stock_exchange",.8,.9,.9,.8333,.775,.66,.2,.25,.4,.45,.45,.45,.32,.3913,.5538,.5844,.5694,.5351
140,"stephansdom_vienna",1.0,1.0,1.0,1.0,1.0,1.0,.12,.32,.48,.64,.68,.72,.2143,.4848,.6486,.7805,.8095,.8372
141,"hms_belfast",1.0,1.0,1.0,.9667,.95,.94,.12,.16,.36,.44,.44,.6,.2143,.2759,.5294,.6047,.6014,.7325
142,"leicester_square",1.0,1.0,.85,.8,.775,.78,.12,.16,.2,.32,.44,.52,.2143,.2759,.3238,.4571,.5613,.624
143,"ciudad_de_las_artes_y_las_ciencias",1.0,.8,.85,.9,.925,.94,.2,.2,.32,.52,.6,.68,.3333,.32,.465,.6592,.7279,.7891
144,"topkapi_palace",1.0,1.0,.95,.9667,.975,.98,.2,.28,.48,.48,.6,.64,.3333,.4375,.6378,.6415,.7429,.7743
145,"royal_albert_hall",1.0,1.0,.85,.8,.8,.76,.12,.16,.32,.44,.44,.48,.2143,.2759,.465,.5677,.5677,.5884
146,"st_vitus_cathedral",.8,.9,.95,.9667,.975,.96,.12,.24,.4,.56,.56,.6,.2087,.3789,.563,.7092,.7114,.7385
147,"castello_sforzesco",1.0,.9,.85,.8333,.85,.88,.16,.2,.32,.36,.52,.56,.2759,.3273,.465,.5028,.6453,.6844
148,"rijksmuseum_amsterdam",1.0,1.0,1.0,1.0,1.0,1.0,.12,.12,.24,.36,.56,.64,.2143,.2143,.3871,.5294,.7179,.7805
149,"dam_square",.6,.8,.85,.7667,.725,.64,.12,.2,.28,.36,.4,.4,.2,.32,.4212,.4899,.5156,.4923
150,"rathaus_vienna",1.0,1.0,.95,.9,.825,.74,.16,.16,.16,.2,.28,.4,.2759,.2759,.2739,.3273,.4181,.5193
151,"bath_abbey",1.0,1.0,.95,.9667,.975,.98,.16,.36,.36,.44,.56,.64,.2759,.5294,.5221,.6047,.7114,.7743
152,"salisbury_cathedral",1.0,1.0,1.0,1.0,1.0,1.0,.2,.24,.28,.32,.44,.56,.3333,.3871,.4375,.4848,.6111,.7179
153,"templo_de_debod",.2,.2,.35,.2667,.35,.42,.0455,.0455,.1818,.2273,.3182,.4091,.0741,.0741,.2393,.2454,.3333,.4145
154,"Niagara_Falls",.6,.6,.55,.5667,.575,.6,.1364,.1364,.2727,.4091,.5,.6364,.2222,.2222,.3646,.4752,.5349,.6176
155,"Golden_Gate_Bridge_in_San_Francisco",.8,.8,.9,.9333,.925,.94,.0909,.1818,.3182,.4545,.5455,.5909,.1633,.2963,.4701,.6114,.6862,.7257
156,"Neuschwanstein_Castle",1.0,1.0,1.0,.9667,.975,.96,.16,.2,.44,.56,.68,.68,.2759,.3333,.6111,.7092,.8012,.7961
157,"Christ_Church_Cathedral_Missouri",1.0,1.0,1.0,1.0,.975,.96,.16,.36,.56,.56,.6,.64,.2759,.5294,.7179,.7179,.7429,.768
158,"Mount_Rushmore_in_South_Dakota",.8,.8,.9,.9333,.95,.96,.12,.2,.28,.4,.56,.68,.2087,.32,.4271,.56,.7046,.7961
159,"Puerta_de_Toledo",.2,.3,.15,.1,.075,.06,.5,1.0,1.0,1.0,1.0,1.0,.2857,.4615,.2609,.1818,.1395,.1132
160,"Urquhart_Castle",1.0,.9,.85,.8,.8,.82,.2083,.25,.375,.4583,.5417,.6667,.3448,.3913,.5204,.5828,.646,.7354
161,"Gare_du_Nord_Paris",.6,.7,.8,.7667,.775,.78,.12,.2,.24,.28,.32,.44,.2,.3111,.3692,.4102,.453,.5626
162,"Newgrange_in_Ireland",.6,.7,.7,.6333,.675,.68,.0833,.25,.4167,.4583,.5,.5417,.1463,.3684,.5224,.5318,.5745,.603
163,"Windmills_at_Kinderdijk",1.0,1.0,.9,.8667,.825,.84,.12,.28,.36,.48,.52,.52,.2143,.4375,.5143,.6178,.6379,.6424
164,"Conciergerie",.8,.9,.95,.9667,.975,.96,.12,.28,.44,.56,.68,.72,.2087,.4271,.6014,.7092,.8012,.8229
165,"Palazzo_Madama",.8,.9,.9,.8,.725,.7,.1364,.3636,.4545,.5909,.5909,.6818,.233,.518,.604,.6797,.6511,.6908
166,"Split_Rock_Lighthouse",1.0,1.0,1.0,.9,.925,.86,.12,.2,.24,.36,.36,.44,.2143,.3333,.3871,.5143,.5183,.5822
167,"The_Little_Mermaid_Denmark",1.0,1.0,.95,.9333,.875,.82,.2143,.3571,.5714,.6429,.7857,.9286,.3529,.5263,.7136,.7613,.828,.8709
168,"Great_Pyramid_of_Giza",.8,.7,.6,.6,.6,.6,.2667,.3333,.5333,.5333,.7333,.7333,.4,.4516,.5647,.5647,.66,.66
169,"Pitti_Palace",.8,.9,.75,.7667,.775,.76,.1818,.2273,.4091,.5,.5909,.6364,.2963,.3629,.5294,.6053,.6705,.6927
170,"Georgia_State_Capitol",1.0,1.0,.85,.6,.475,.38,.2105,.2632,.2632,.2632,.2632,.2632,.3478,.4167,.4019,.3659,.3387,.311
171,"Dome_des_Invalides",1.0,1.0,.95,.9667,.975,.98,.16,.28,.4,.4,.4,.48,.2759,.4375,.563,.5659,.5673,.6444
172,"Reggia_di_Caserta",1.0,.8,.6,.5667,.525,.54,.2,.28,.4,.48,.52,.6,.3333,.4148,.48,.5197,.5225,.5684
173,"The_Burj_al_Arab_Hotel",.6,.8,.85,.8667,.85,.82,.08,.24,.36,.44,.48,.52,.1412,.3692,.5058,.5837,.6135,.6364
174,"Elephanta_Caves",1.0,1.0,1.0,1.0,1.0,.96,.125,.2083,.4167,.5417,.6667,.6667,.2222,.3448,.5882,.7027,.8,.7869
175,"Basilica_of_Santa_Croce",1.0,1.0,1.0,1.0,1.0,1.0,.12,.16,.28,.48,.6,.64,.2143,.2759,.4375,.6486,.75,.7805
176,"Aachen_Cathedral",1.0,1.0,.95,.9333,.925,.92,.16,.28,.48,.52,.56,.6,.2759,.4375,.6378,.6679,.6976,.7263
177,"Monument_to_the_Great_Fire_of_London",1.0,.9,.6,.5667,.5,.48,.16,.24,.36,.4,.48,.56,.2759,.3789,.45,.469,.4898,.5169
178,"Longmen_Grottoes",.8,.7,.6,.6,.625,.64,.12,.2,.4,.56,.64,.68,.2087,.3111,.48,.5793,.6324,.6594
179,"Louisiana_State_Capitol",.4,.3,.2,.2,.225,.2,.08,.12,.16,.2,.24,.24,.1333,.1714,.1778,.2,.2323,.2182
180,"The_Great_Sphinx_at_Giza",1.0,1.0,.9,.8667,.825,.86,.16,.2,.32,.48,.52,.68,.2759,.3333,.4721,.6178,.6379,.7595
181,"Teatro_Real_Madrid",.8,.8,.85,.8333,.85,.78,.1739,.3043,.5217,.6522,.6957,.7826,.2857,.4409,.6466,.7317,.7651,.7813
182,"Palacio_de_la_Magdalena",.6,.6,.8,.8,.775,.8,.12,.24,.44,.52,.6,.72,.2,.3429,.5677,.6303,.6764,.7579
183,"Sowjetisches_Ehrenmal",.4,.4,.55,.6333,.65,.7,.08,.12,.32,.44,.64,.76,.1333,.1846,.4046,.5193,.645,.7288
184,"Cathedral_of_Trier",1.0,1.0,1.0,.9667,.95,.94,.2,.32,.48,.68,.76,.84,.3333,.4848,.6486,.7984,.8444,.8872
185,"Saint_Mary_of_the_Flower",.2,.1,.05,.2,.2,.16,.04,.04,.04,.2,.24,.24,.0667,.0571,.0444,.2,.2182,.192
186,"Skellig_Michael",.8,.7,.8,.7,.675,.68,.16,.24,.44,.52,.6,.6,.2667,.3574,.5677,.5967,.6353,.6375
187,"Chicago_Board_of_Trade_Building",1.0,1.0,.95,.9333,.825,.78,.1818,.3182,.5,.5455,.5909,.6364,.3077,.4828,.6552,.6885,.6886,.7009
188,"Pont_de_Normandie_France",1.0,1.0,1.0,1.0,.95,.9,.2105,.4211,.6316,.6842,.7895,.8421,.3478,.5926,.7742,.8125,.8623,.8701
189,"Palazzo_Rosso",.0,.0,.0,.0667,.1,.12,.0,.0,.0,.0833,.1667,.2083,.0,.0,.0,.0741,.125,.1523
190,"Piazza_Vittorio_Veneto",1.0,.9,.7,.5667,.5,.42,.1875,.3125,.4375,.5,.625,.625,.3158,.4639,.5385,.5312,.5556,.5024
191,"Sforza_Castle",1.0,1.0,.95,.9333,.95,.94,.2,.32,.48,.6,.68,.72,.3333,.4848,.6378,.7304,.7926,.8154
192,"Torres_KIO",1.0,1.0,.9,.9,.925,.92,.16,.28,.4,.44,.48,.56,.2759,.4375,.5538,.591,.632,.6962
193,"Torre_Picasso",1.0,1.0,.9,.7667,.75,.68,.1667,.25,.4583,.5,.5417,.625,.2857,.4,.6074,.6053,.629,.6513
194,"The_Palace_of_Parliament_in_Bucharest",.8,.9,.95,.9667,.95,.94,.16,.2,.28,.36,.44,.52,.2667,.3273,.4325,.5246,.6014,.6696
195,"Ernest_Hemingway_House",.8,.9,.9,.8333,.85,.76,.16,.28,.44,.56,.6,.64,.2667,.4271,.591,.6699,.7034,.6949
196,"Castel_dellOvo_Napoli",.8,.9,.95,.9333,.875,.88,.16,.28,.48,.6,.64,.76,.2667,.4271,.6378,.7304,.7393,.8156
197,"Villa_Borghese_gardens",1.0,1.0,1.0,1.0,1.0,1.0,.2,.24,.52,.72,.72,.8,.3333,.3871,.6842,.8372,.8372,.8889
198,"Saint_Marks_Basilica",1.0,1.0,1.0,1.0,1.0,.98,.2,.32,.36,.4,.48,.52,.3333,.4848,.5294,.5714,.6486,.6795
199,"Mausoleum_of_the_First_Qin_Emperor",.8,.8,.75,.8,.825,.8,.16,.28,.36,.4,.52,.56,.2667,.4148,.4865,.5333,.6379,.6588
200,"Mausoleum_of_Hadrian",1.0,1.0,.95,.9333,.875,.78,.1667,.3889,.5,.5556,.5556,.5556,.2857,.56,.6552,.6965,.6796,.6489
201,"Piazza_de_Ferrari",1.0,1.0,1.0,.9667,.975,.94,.1579,.3158,.4737,.4737,.5263,.5789,.2727,.48,.6429,.6358,.6836,.7166
202,"George_Washington_Carver",.6,.7,.75,.7333,.725,.66,.1875,.25,.3125,.5,.5625,.625,.2857,.3684,.4412,.5946,.6335,.642
203,"Cathedral_of_Santiago_de_Compostela",1.0,1.0,1.0,.8667,.9,.86,.1176,.3529,.4706,.6471,.7647,.7647,.2105,.5217,.64,.7409,.8269,.8096
204,"Saint-Jacques_Tower",.8,.9,.9,.9333,.9,.86,.1538,.3077,.3846,.6154,.6923,.7692,.2581,.4586,.5389,.7417,.7826,.8121
205,"Calakmul_Campeche_Mexico",1.0,1.0,.9,.9,.875,.9,.2143,.2857,.4286,.5,.6429,.8571,.3529,.4444,.5806,.6429,.7412,.878
206,"Bran_Castle_in_Transylvania",.8,.9,.9,.8667,.875,.88,.1053,.2632,.3158,.4737,.6316,.6842,.186,.4072,.4675,.6126,.7336,.7699
207,"Mosteiro_da_Batalha",1.0,1.0,1.0,1.0,1.0,1.0,.2632,.3158,.4211,.5789,.6842,.7368,.4167,.48,.5926,.7333,.8125,.8485
208,"Wartburg_Castle",1.0,.9,.95,.9333,.9,.9,.15,.25,.4,.65,.75,.85,.2609,.3913,.563,.7663,.8182,.8743
209,"Fujian_Tulou_Fujian_China",1.0,1.0,1.0,.9667,.975,.98,.1667,.2778,.5,.6111,.6667,.7222,.2857,.4348,.6667,.7488,.7919,.8316
210,"Alabama_State_Capitol",.6,.4,.65,.6667,.7,.74,.1429,.1905,.5238,.6667,.7143,.8095,.2308,.2581,.5801,.6667,.7071,.7732
211,"Palazzo_dAccursio",1.0,1.0,.9,.9,.85,.82,.1667,.2778,.3333,.3889,.5,.6111,.2857,.4348,.4865,.5431,.6296,.7003
212,"Casa_Grande_Ruins",.8,.9,.9,.9,.825,.86,.1765,.2941,.4118,.4706,.5294,.5294,.2892,.4433,.565,.618,.645,.6554
213,"Stravinsky_Fountain",1.0,1.0,1.0,1.0,1.0,.98,.2,.3333,.5333,.5333,.5333,.6,.3333,.5,.6957,.6957,.6957,.7443
214,"Angel_Falls_Venezuela",.8,.8,.65,.6,.575,.54,.1765,.2941,.4118,.5882,.7059,.7059,.2892,.4301,.5042,.5941,.6338,.6119
215,"Statue_of_George_IV",1.0,.8,.6,.6,.525,.48,.375,.5,.5,.75,.75,.875,.5455,.6154,.5455,.6667,.6176,.6199
216,"Palacio_Barolo",.4,.6,.8,.8667,.9,.92,.1176,.2353,.4706,.5882,.5882,.6471,.1818,.338,.5926,.7008,.7115,.7598
217,"Bridge_of_Remembrance_Christchurch_New_Zealand",1.0,1.0,1.0,1.0,.925,.82,.3333,.4167,.8333,.9167,1.0,1.0,.5,.5882,.9091,.9565,.961,.9011
218,"John_A._Roebling_Suspension_Bridge",.4,.4,.35,.4,.375,.42,.1333,.2667,.4,.6,.6,.8,.2,.32,.3733,.48,.4615,.5508
219,"Blue_Dome_Santorini",1.0,.9,.85,.8667,.9,.92,.25,.4375,.5625,.6875,.6875,.6875,.4,.5888,.677,.7668,.7795,.7869
220,"Fossar_de_les_Moreres",.8,.8,.75,.7,.6,.48,.1429,.3571,.5714,.7143,.7143,.7143,.2424,.4938,.6486,.7071,.6522,.5742
221,"Luxor_Obelisk_France",.8,.7,.8,.7,.675,.68,.25,.3125,.3125,.375,.4375,.4375,.381,.4321,.4494,.4884,.5309,.5324
222,"Valle_de_los_Caidos",1.0,1.0,.9,.9,.875,.9,.25,.4,.45,.55,.65,.65,.4,.5714,.6,.6828,.7459,.7548
--------------------
"--","Avg.",P@5,P@10,P@20,P@30,P@40,P@50,CR@5,CR@10,CR@20,CR@30,CR@40,CR@50,F1@5,F1@10,F1@20,F1@30,F1@40,F1@50
,.,8171,.8225,.8038,.7899,.7762,.769,.1477,.2405,.3766,.4772,.5485,.6125,.2452,.362,.501,.5815,.6287,.6659
