--------------------
"Run name","output_runCN3X3SumSquaredError"
--------------------
"Average P@20 = ",.7667
"Average CR@20 = ",.4175
"Average F1@20 = ",.5294
--------------------
"Query Id ","Location name",P@5,P@10,P@20,P@30,P@40,P@50,CR@5,CR@10,CR@20,CR@30,CR@40,CR@50,F1@5,F1@10,F1@20,F1@30,F1@40,F1@50
1,"angel_of_the_north",1.0,1.0,1.0,1.0,1.0,1.0,.2,.4,.52,.56,.6,.72,.3333,.5714,.6842,.7179,.75,.8372
2,"big_ben",1.0,1.0,.85,.8,.8,.82,.1818,.3182,.5,.5455,.5909,.6364,.3077,.4828,.6296,.6486,.6797,.7166
3,"hearst_castle",1.0,.9,.9,.9333,.95,.96,.2083,.2917,.4583,.7083,.75,.7917,.3448,.4406,.6074,.8054,.8382,.8677
4,"la_madeleine",.4,.3,.25,.3,.275,.32,.0714,.1429,.1429,.3571,.5,.6429,.1212,.1935,.1818,.3261,.3548,.4273
5,"pont_alexandre_iii",1.0,1.0,.95,.9667,.975,.94,.16,.24,.52,.56,.6,.72,.2759,.3871,.6721,.7092,.7429,.8154
6,"neues_museum",.2,.4,.5,.5333,.6,.62,.04,.16,.24,.36,.48,.6,.0667,.2286,.3243,.4299,.5333,.6098
7,"montezuma_castle",.8,.6,.55,.4667,.5,.54,.25,.4167,.5833,.5833,.5833,.8333,.381,.4918,.5662,.5185,.5385,.6553
8,"cn_tower",.6,.7,.65,.6,.6,.66,.125,.25,.3333,.375,.5,.5833,.2069,.3684,.4407,.4615,.5455,.6193
9,"acropolis_athens",.4,.7,.85,.8667,.85,.82,.0952,.2381,.4762,.4762,.5238,.5238,.1538,.3553,.6104,.6147,.6482,.6393
10,"agra_fort",1.0,.9,.9,.9,.925,.9,.16,.24,.48,.56,.64,.72,.2759,.3789,.6261,.6904,.7565,.8
11,"albert_memorial",1.0,.8,.7,.6667,.725,.74,.2273,.3182,.4545,.5,.5909,.7273,.3704,.4553,.5512,.5714,.6511,.7336
12,"altes_museum",.6,.7,.65,.6667,.675,.72,.125,.2917,.3333,.5,.625,.7917,.2069,.4118,.4407,.5714,.649,.7541
13,"amiens_cathedral",1.0,.9,.9,.9333,.95,.96,.16,.28,.48,.64,.72,.84,.2759,.4271,.6261,.7593,.8192,.896
14,"angkor_wat",.8,.8,.65,.7,.725,.76,.12,.2,.36,.48,.56,.68,.2087,.32,.4634,.5695,.6319,.7178
15,"ara_pacis",1.0,1.0,.75,.6,.65,.68,.2273,.3636,.4545,.5,.6364,.7273,.3704,.5333,.566,.5455,.6431,.7028
16,"arc_de_triomphe",.8,.9,.7,.6667,.725,.72,.1667,.3333,.375,.5,.5417,.625,.2759,.4865,.4884,.5714,.6201,.6691
17,"aztec_ruins",.2,.1,.2,.1667,.2,.24,.04,.04,.12,.16,.24,.4,.0667,.0571,.15,.1633,.2182,.3
18,"berlin_cathedral",.8,.9,.95,.9667,.975,.96,.16,.28,.44,.52,.64,.64,.2667,.4271,.6014,.6762,.7728,.768
19,"bok_tower_gardens",1.0,1.0,1.0,.9333,.9,.9,.16,.24,.56,.72,.76,.76,.2759,.3871,.7179,.8129,.8241,.8241
20,"brandenburg_gate",1.0,1.0,1.0,1.0,.975,.96,.16,.28,.4,.48,.48,.52,.2759,.4375,.5714,.6486,.6433,.6746
21,"cabrillo",.0,.0,.1,.1333,.15,.12,.0,.0,.1538,.2308,.3846,.3846,.0,.0,.1212,.169,.2158,.1829
22,"casa_batllo",1.0,1.0,1.0,1.0,1.0,.98,.2,.32,.56,.64,.72,.76,.3333,.4848,.7179,.7805,.8372,.8561
23,"casa_rosada",.8,.8,.85,.9,.925,.9,.08,.24,.4,.52,.64,.8,.1455,.3692,.544,.6592,.7565,.8471
24,"castillo_de_san_marcos",.8,.8,.65,.6333,.65,.64,.16,.32,.4,.44,.56,.6,.2667,.4571,.4952,.5193,.6017,.6194
25,"chartres_cathedral",1.0,1.0,.95,.9667,.975,.92,.16,.24,.36,.52,.68,.76,.2759,.3871,.5221,.6762,.8012,.8324
26,"chichen_itza",.8,.6,.8,.8333,.85,.86,.16,.2,.36,.44,.52,.64,.2667,.3,.4966,.5759,.6453,.7339
27,"christ_the_redeemer_rio",.6,.6,.65,.6,.575,.58,.087,.1739,.3913,.4348,.4348,.6087,.1519,.2697,.4885,.5042,.4952,.594
28,"civic_center_san_francisco",.8,.7,.7,.6667,.65,.58,.16,.24,.4,.4,.56,.56,.2667,.3574,.5091,.5,.6017,.5698
29,"cologne_cathedral",1.0,1.0,1.0,.9667,.975,.98,.16,.24,.44,.56,.64,.64,.2759,.3871,.6111,.7092,.7728,.7743
30,"colosseum",1.0,1.0,1.0,1.0,.975,.92,.16,.32,.4,.6,.64,.68,.2759,.4848,.5714,.75,.7728,.782
31,"doge_s_palace",1.0,.8,.85,.8333,.85,.78,.12,.16,.4,.48,.48,.52,.2143,.2667,.544,.6091,.6135,.624
32,"eiffel_tower",1.0,.9,.9,.9333,.95,.92,.12,.16,.28,.44,.52,.56,.2143,.2717,.4271,.5981,.6721,.6962
33,"golden_gate_bridge",1.0,.9,.95,.8333,.8,.78,.2174,.3478,.4783,.5652,.6522,.6957,.3571,.5017,.6362,.6736,.7186,.7354
34,"grand_palais",1.0,.9,.95,.9,.925,.92,.2273,.3636,.3636,.4091,.5909,.7727,.3704,.518,.526,.5625,.7211,.84
35,"guggenheim_museum_bilbao",1.0,1.0,1.0,1.0,1.0,1.0,.16,.32,.36,.56,.64,.68,.2759,.4848,.5294,.7179,.7805,.8095
36,"hagia_sophia_istanbul",1.0,.9,.95,.9667,.975,.98,.2,.32,.52,.6,.68,.68,.3333,.4721,.6721,.7404,.8012,.8029
37,"hoover_dam",1.0,1.0,.95,.9333,.925,.92,.12,.32,.44,.6,.64,.72,.2143,.4848,.6014,.7304,.7565,.8078
38,"humayun_tomb",.6,.6,.65,.6667,.75,.74,.12,.2,.4,.56,.76,.76,.2,.3,.4952,.6087,.755,.7499
39,"iguazu_falls",.8,.8,.65,.6667,.7,.76,.12,.28,.36,.44,.48,.64,.2087,.4148,.4634,.5301,.5695,.6949
40,"iolani_palace",1.0,1.0,.9,.8333,.825,.82,.16,.28,.44,.56,.64,.8,.2759,.4375,.591,.6699,.7208,.8099
41,"la_mezquita",.6,.7,.75,.7333,.7,.64,.125,.25,.4583,.5833,.6667,.7083,.2069,.3684,.569,.6498,.6829,.6724
42,"la_rambla_barcelona",.8,.8,.75,.7333,.8,.84,.16,.24,.32,.36,.52,.6,.2667,.3692,.4486,.4829,.6303,.7
43,"la_sainte_chapelle",1.0,1.0,.9,.9333,.95,.92,.2,.28,.48,.56,.64,.68,.3333,.4375,.6261,.7,.7648,.782
44,"liberty_memorial",.6,.7,.55,.5,.575,.64,.04,.16,.24,.32,.44,.48,.075,.2605,.3342,.3902,.4985,.5486
45,"lincoln_home",.8,.6,.6,.6,.65,.66,.2222,.2778,.5,.5556,.6667,.6667,.3478,.3797,.5455,.5769,.6582,.6633
46,"machu_picchu",1.0,.7,.7,.6667,.725,.78,.2,.24,.4,.52,.6,.76,.3333,.3574,.5091,.5843,.6566,.7699
47,"marble_arch_london",1.0,.7,.4,.3333,.35,.36,.4167,.5833,.6667,.6667,.75,.8333,.5882,.6364,.5,.4444,.4773,.5028
48,"milan_cathedral",1.0,1.0,1.0,.9333,.925,.92,.16,.32,.44,.48,.64,.68,.2759,.4848,.6111,.634,.7565,.782
49,"mole_antonelliana",1.0,1.0,.9,.8333,.8,.74,.12,.28,.4,.4,.52,.52,.2143,.4375,.5538,.5405,.6303,.6108
50,"mont_saint_michel",1.0,1.0,1.0,1.0,1.0,1.0,.16,.28,.44,.52,.68,.72,.2759,.4375,.6111,.6842,.8095,.8372
51,"moulin_rouge",.0,.2,.1,.1333,.2,.2,.0,.125,.125,.25,.5,.625,.0,.1538,.1111,.1739,.2857,.303
52,"nelson_s_column",.8,.9,.9,.9333,.95,.96,.125,.25,.375,.5,.5417,.625,.2162,.3913,.5294,.6512,.6899,.7571
53,"notre_dame_de_paris",1.0,1.0,.95,.9667,.95,.94,.16,.28,.44,.52,.6,.64,.2759,.4375,.6014,.6762,.7355,.7615
54,"obelisco",.0,.2,.2,.2,.25,.22,.0,.1818,.3636,.3636,.4545,.4545,.0,.1905,.2581,.2581,.3226,.2965
55,"piccadilly_circus",.8,.7,.7,.7,.675,.7,.1304,.2174,.3043,.5217,.6087,.6957,.2243,.3318,.4242,.5979,.6401,.6978
56,"place_de_la_concorde",1.0,1.0,1.0,1.0,1.0,.98,.2,.24,.4,.44,.56,.64,.3333,.3871,.5714,.6111,.7179,.7743
57,"place_de_la_republique",.4,.2,.2,.2,.2,.24,.25,.25,.375,.5,.625,.875,.3077,.2222,.2609,.2857,.303,.3767
58,"place_des_vosges",.8,.6,.7,.7333,.7,.72,.12,.2,.36,.52,.6,.72,.2087,.3,.4755,.6085,.6462,.72
59,"pont_du_gard",.8,.7,.7,.7,.625,.66,.12,.24,.4,.44,.52,.64,.2087,.3574,.5091,.5404,.5677,.6498
60,"pont_neuf",1.0,1.0,.7,.6333,.65,.62,.16,.2,.32,.4,.48,.56,.2759,.3333,.4392,.4903,.5522,.5885
61,"ponte_vecchio",1.0,.8,.85,.8333,.875,.88,.1667,.2083,.2917,.4167,.5833,.625,.2857,.3306,.4343,.5556,.7,.7309
62,"puerta_de_alcala",.4,.5,.55,.5333,.525,.5,.1053,.2105,.4211,.5263,.5789,.6316,.1667,.2963,.477,.5298,.5507,.5581
63,"puerta_del_sol",.6,.5,.5,.5333,.6,.56,.15,.2,.35,.4,.5,.6,.24,.2857,.4118,.4571,.5455,.5793
64,"red_fort",1.0,1.0,1.0,1.0,1.0,1.0,.16,.28,.48,.6,.64,.72,.2759,.4375,.6486,.75,.7805,.8372
65,"reims_cathedral",1.0,1.0,.95,.9,.875,.86,.2,.4,.48,.52,.6,.68,.3333,.5714,.6378,.6592,.7119,.7595
66,"rialto_bridge",.8,.6,.55,.5,.525,.52,.1875,.25,.5,.625,.6875,.6875,.3038,.3529,.5238,.5556,.5954,.5921
67,"roman_forum_rome",.6,.7,.8,.7333,.7,.66,.12,.2,.44,.48,.48,.56,.2,.3111,.5677,.5802,.5695,.6059
68,"sacre_coeur",.4,.4,.5,.5667,.5,.54,.0833,.1667,.25,.375,.4167,.5417,.1379,.2353,.3333,.4513,.4545,.5408
69,"sagrada_familia",.8,.7,.85,.8333,.875,.9,.16,.2,.4,.44,.6,.64,.2667,.3111,.544,.5759,.7119,.7481
70,"santa_maria_novella",1.0,.7,.6,.5333,.475,.52,.2,.24,.24,.36,.4,.48,.3333,.3574,.3429,.4299,.4343,.4992
71,"schonbrunn_palace",1.0,1.0,.95,.9667,.95,.96,.16,.32,.52,.6,.64,.68,.2759,.4848,.6721,.7404,.7648,.7961
72,"seville_cathedral",.8,.7,.85,.8667,.875,.9,.16,.24,.4,.48,.6,.64,.2667,.3574,.544,.6178,.7119,.7481
73,"spanish_steps",1.0,.8,.65,.7667,.7,.7,.1364,.2727,.4091,.6364,.7273,.8182,.24,.4068,.5021,.6955,.7134,.7545
74,"st__basil_cathedral",1.0,1.0,.95,.9333,.95,.92,.2,.4,.52,.6,.6,.68,.3333,.5714,.6721,.7304,.7355,.782
75,"statue_of_liberty",1.0,.9,.9,.8667,.9,.88,.16,.28,.44,.48,.56,.56,.2759,.4271,.591,.6178,.6904,.6844
76,"stonehenge",.6,.7,.6,.4667,.4,.4,.1579,.3158,.3158,.3158,.3684,.5263,.25,.4352,.4138,.3767,.3836,.4545
77,"summer_palace_beijing",1.0,1.0,1.0,.9667,.95,.9,.16,.28,.4,.56,.6,.68,.2759,.4375,.5714,.7092,.7355,.7747
78,"sydney_opera_house",1.0,1.0,.95,.9667,.925,.92,.16,.32,.4,.56,.64,.64,.2759,.4848,.563,.7092,.7565,.7549
79,"teotihuacan",.6,.8,.65,.6667,.65,.64,.12,.24,.36,.44,.56,.56,.2,.3692,.4634,.5301,.6017,.5973
80,"terracotta_army",.2,.2,.2,.2333,.25,.34,.05,.1,.2,.3,.35,.45,.08,.1333,.2,.2625,.2917,.3873
81,"the_blue_mosque",.6,.7,.75,.8,.85,.88,.12,.28,.36,.52,.56,.56,.2,.4,.4865,.6303,.6752,.6844
82,"the_henry_ford",.8,.9,.8,.7,.6,.54,.12,.28,.36,.4,.4,.4,.2087,.4271,.4966,.5091,.48,.4596
83,"taj_mahal",1.0,.7,.75,.8,.8,.84,.16,.24,.44,.56,.64,.64,.2759,.3574,.5546,.6588,.7111,.7265
84,"tour_montparnasse",.6,.6,.55,.4667,.475,.46,.15,.2,.35,.45,.5,.5,.24,.3,.4278,.4582,.4872,.4792
85,"tower_bridge_london",.6,.7,.65,.6667,.575,.56,.12,.28,.48,.56,.56,.6,.2,.4,.5522,.6087,.5674,.5793
86,"trafalgar_square",.4,.4,.5,.5333,.475,.52,.0909,.1364,.2727,.3182,.3182,.4545,.1481,.2034,.3529,.3986,.3811,.4851
87,"leaning_tower_of_pisa",.4,.4,.55,.5,.55,.6,.08,.16,.36,.4,.48,.56,.1333,.2286,.4352,.4444,.5126,.5793
88,"hermitage_museum_saint_petersburg",.8,.9,.85,.8333,.825,.8,.16,.28,.44,.52,.64,.68,.2667,.4271,.5798,.6404,.7208,.7351
89,"jantar_mantar_jaipur",1.0,.9,.85,.8333,.8,.82,.2,.32,.48,.52,.8,.88,.3333,.4721,.6135,.6404,.8,.8489
90,"lake_titicaca_peru",.6,.8,.65,.6,.55,.54,.125,.3333,.5,.5417,.5833,.6667,.2069,.4706,.5652,.5693,.5662,.5967
91,"the_great_wall_of_china",.6,.7,.8,.8667,.85,.84,.12,.2,.4,.48,.52,.52,.2,.3111,.5333,.6178,.6453,.6424
92,"grande_arche_paris",.6,.8,.8,.8,.775,.74,.12,.28,.36,.4,.52,.6,.2,.4148,.4966,.5333,.6224,.6627
93,"el_angel_mexico",1.0,1.0,.8,.7333,.625,.62,.1905,.2857,.381,.5714,.619,.6667,.32,.4444,.5161,.6423,.622,.6425
94,"bibliotheque_nationale_de_france",.8,.8,.85,.8333,.8,.82,.16,.28,.44,.48,.52,.64,.2667,.4148,.5798,.6091,.6303,.7189
95,"kronborg_castle",.8,.7,.75,.7667,.8,.74,.125,.2083,.3333,.4167,.5417,.5833,.2162,.3211,.4615,.5399,.646,.6524
96,"ajanta_caves",1.0,1.0,.95,.9333,.875,.86,.1818,.4091,.5455,.6364,.6818,.7273,.3077,.5806,.693,.7568,.7664,.7881
97,"atomium",1.0,.9,.9,.8667,.85,.84,.2381,.3333,.4762,.4762,.5238,.5714,.3846,.4865,.6228,.6147,.6482,.6802
98,"ellora_caves",1.0,1.0,.95,.9,.9,.92,.2273,.3182,.4091,.4545,.5,.5,.3704,.4828,.5719,.604,.6429,.6479
99,"potala_palace",.8,.8,.85,.8333,.825,.82,.2222,.3333,.5556,.5556,.6111,.6667,.3478,.4706,.6719,.6667,.7021,.7354
100,"jokhang",.6,.6,.7,.8,.775,.8,.08,.2,.4,.56,.64,.64,.1412,.3,.5091,.6588,.7011,.7111
101,"rila_monastery",.6,.6,.65,.7667,.775,.82,.08,.16,.28,.44,.52,.52,.1412,.2526,.3914,.5591,.6224,.6364
102,"louvre_pyramid",1.0,1.0,.95,.9333,.925,.88,.2222,.2778,.3889,.5,.7222,.8333,.3636,.4348,.5519,.6512,.8111,.856
103,"brooklyn_bridge",1.0,1.0,.9,.9,.875,.84,.0952,.2857,.381,.4286,.5238,.5238,.1739,.4444,.5353,.5806,.6553,.6453
104,"tower_of_london",.6,.7,.75,.8,.8,.8,.1304,.1304,.3043,.3478,.3913,.5217,.2143,.2199,.433,.4848,.5255,.6316
105,"british_museum_london",.8,.9,.9,.9,.925,.92,.1,.25,.35,.4,.5,.6,.1778,.3913,.504,.5538,.6491,.7263
106,"buckingham_palace",.6,.6,.55,.5333,.5,.48,.15,.25,.35,.4,.45,.45,.24,.3529,.4278,.4571,.4737,.4645
107,"charles_bridge_prague",1.0,.8,.75,.7333,.725,.68,.125,.2083,.2917,.375,.4583,.5417,.2222,.3306,.42,.4962,.5616,.603
108,"champs_elysees_paris",.4,.5,.6,.5667,.575,.56,.1333,.2,.3333,.4667,.6,.6,.2,.2857,.4286,.5118,.5872,.5793
109,"chrysler_building",1.0,1.0,1.0,1.0,1.0,.98,.2857,.5,.5,.5714,.7857,.7857,.4444,.6667,.6667,.7273,.88,.8722
110,"moma_new_york",.6,.7,.7,.7667,.8,.84,.1579,.2632,.3684,.4211,.5263,.5263,.25,.3825,.4828,.5436,.6349,.6471
111,"grand_central_terminal",1.0,1.0,1.0,1.0,.975,.94,.1905,.2857,.4286,.5238,.619,.6667,.32,.4444,.6,.6875,.7573,.7801
112,"houses_of_parliament",1.0,.9,.85,.9,.925,.94,.1304,.2174,.3043,.3913,.4348,.4348,.2308,.3502,.4482,.5455,.5915,.5946
113,"alexanderplatz_berlin",.4,.6,.7,.7333,.7,.74,.08,.24,.4,.48,.52,.56,.1333,.3429,.5091,.5802,.5967,.6375
114,"centre_pompidou",.6,.8,.75,.7333,.75,.72,.1667,.3333,.4444,.5556,.5556,.6111,.2609,.4706,.5581,.6322,.6383,.6611
115,"sydney_harbour_bridge",1.0,.9,.95,.9667,.975,.98,.1875,.3125,.5625,.625,.6875,.8125,.3158,.4639,.7066,.7592,.8064,.8884
116,"pier_39",.6,.6,.7,.7,.725,.76,.1429,.2857,.381,.4762,.5238,.6667,.2308,.3871,.4934,.5668,.6082,.7103
117,"coit_tower",.8,.9,.7,.6333,.55,.58,.2,.4,.4,.5333,.5333,.5333,.32,.5538,.5091,.579,.5415,.5557
118,"st_paul_s_cathedral_london",1.0,1.0,.95,.9,.9,.84,.2941,.4118,.5294,.7647,.7647,.7647,.4545,.5833,.6799,.8269,.8269,.8006
119,"cloud_gate",1.0,.9,.8,.7667,.75,.66,.1667,.25,.4167,.4167,.5,.5,.2857,.3913,.5479,.5399,.6,.569
120,"musee_d_orsay",.8,.8,.85,.9,.9,.9,.1429,.2381,.4286,.5714,.7143,.7619,.2424,.367,.5698,.699,.7965,.8252
121,"pike_place_market",.8,.6,.75,.8,.825,.82,.1905,.2381,.381,.5238,.5714,.619,.3077,.3409,.5053,.6331,.6752,.7055
122,"royal_palace_madrid",.6,.6,.65,.7667,.825,.82,.1364,.2273,.3636,.5909,.6818,.8182,.2222,.3297,.4664,.6674,.7466,.8191
123,"sony_center_berlin",.8,.7,.8,.8667,.875,.88,.1429,.1905,.381,.4286,.4762,.5238,.2424,.2995,.5161,.5735,.6167,.6567
124,"red_square_moscow",.6,.7,.65,.7,.725,.76,.1429,.2381,.3333,.4286,.5714,.619,.2308,.3553,.4407,.5316,.6391,.6823
125,"prague_castle",.8,.9,.9,.8333,.85,.88,.16,.24,.48,.52,.56,.68,.2667,.3789,.6261,.6404,.6752,.7672
126,"musee_du_louvre",1.0,.9,.9,.9,.9,.92,.2,.2,.32,.44,.56,.64,.3333,.3273,.4721,.591,.6904,.7549
127,"millennium_bridge_london",.8,.7,.8,.8333,.825,.82,.16,.24,.4,.52,.56,.56,.2667,.3574,.5333,.6404,.6671,.6655
128,"casa_mila",1.0,1.0,.95,.9667,.95,.96,.16,.24,.48,.52,.52,.64,.2759,.3871,.6378,.6762,.6721,.768
129,"national_gallery_london",1.0,.9,.8,.7667,.75,.68,.1818,.2727,.3636,.4545,.5,.5455,.3077,.4186,.5,.5707,.6,.6053
130,"national_mall",1.0,.9,.95,.9333,.9,.88,.2,.32,.52,.64,.76,.84,.3333,.4721,.6721,.7593,.8241,.8595
131,"london_city_hall",1.0,.9,.9,.9,.825,.8,.25,.25,.45,.5,.55,.65,.4,.3913,.6,.6429,.66,.7172
132,"holocaust_memorial",.6,.5,.3,.3667,.4,.4,.1875,.3125,.375,.4375,.5,.625,.2857,.3846,.3333,.399,.4444,.4878
133,"columbus_circle",.8,.6,.6,.5667,.575,.56,.16,.24,.4,.4,.56,.6,.2667,.3429,.48,.469,.5674,.5793
134,"siegessaeule",.8,.9,.75,.7333,.675,.64,.16,.32,.36,.52,.64,.68,.2667,.4721,.4865,.6085,.657,.6594
135,"jardin_du_luxembourg",1.0,1.0,1.0,.9333,.925,.94,.16,.32,.52,.6,.76,.8,.2759,.4848,.6842,.7304,.8344,.8644
136,"merlion_singapore",.4,.4,.35,.3667,.4,.36,.0909,.1818,.2727,.3182,.4545,.5,.1481,.25,.3066,.3407,.4255,.4186
137,"harrods_london",1.0,1.0,.95,.9667,.9,.88,.2,.36,.56,.76,.8,.84,.3333,.5294,.7046,.851,.8471,.8595
138,"metropolitan_museum_of_art_new_york",1.0,1.0,.95,.9667,.975,.96,.2,.32,.44,.48,.52,.68,.3333,.4848,.6014,.6415,.6783,.7961
139,"new_york_stock_exchange",.6,.6,.65,.6333,.575,.54,.15,.3,.4,.5,.5,.55,.24,.4,.4952,.5588,.5349,.545
140,"stephansdom_vienna",1.0,1.0,1.0,1.0,1.0,.98,.16,.28,.52,.6,.6,.68,.2759,.4375,.6842,.75,.75,.8029
141,"hms_belfast",1.0,1.0,.9,.9,.925,.88,.16,.24,.28,.48,.56,.68,.2759,.3871,.4271,.6261,.6976,.7672
142,"leicester_square",1.0,1.0,.85,.7333,.775,.74,.2,.24,.28,.32,.44,.52,.3333,.3871,.4212,.4456,.5613,.6108
143,"ciudad_de_las_artes_y_las_ciencias",1.0,.9,.9,.9,.925,.94,.2,.28,.4,.48,.6,.68,.3333,.4271,.5538,.6261,.7279,.7891
144,"topkapi_palace",1.0,1.0,1.0,.9333,.925,.94,.2,.36,.44,.56,.6,.68,.3333,.5294,.6111,.7,.7279,.7891
145,"royal_albert_hall",1.0,1.0,.85,.7667,.775,.8,.16,.24,.4,.44,.52,.56,.2759,.3871,.544,.5591,.6224,.6588
146,"st_vitus_cathedral",.8,.9,.95,.9667,.975,.96,.08,.28,.4,.52,.64,.68,.1455,.4271,.563,.6762,.7728,.7961
147,"castello_sforzesco",1.0,.9,.95,.9,.9,.9,.12,.24,.4,.52,.56,.56,.2143,.3789,.563,.6592,.6904,.6904
148,"rijksmuseum_amsterdam",1.0,1.0,1.0,1.0,1.0,1.0,.16,.28,.4,.52,.68,.68,.2759,.4375,.5714,.6842,.8095,.8095
149,"dam_square",1.0,.9,.7,.6667,.7,.62,.12,.24,.32,.36,.4,.4,.2143,.3789,.4392,.4675,.5091,.4863
150,"rathaus_vienna",.8,.7,.65,.5667,.575,.58,.08,.16,.32,.32,.4,.52,.1455,.2605,.4289,.409,.4718,.5484
151,"bath_abbey",1.0,1.0,1.0,1.0,.975,.98,.16,.28,.48,.56,.6,.6,.2759,.4375,.6486,.7179,.7429,.7443
152,"salisbury_cathedral",1.0,1.0,1.0,1.0,.975,.96,.2,.32,.48,.6,.68,.68,.3333,.4848,.6486,.75,.8012,.7961
153,"templo_de_debod",.4,.4,.45,.4,.45,.48,.0909,.1818,.4091,.4545,.5,.5,.1481,.25,.4286,.4255,.4737,.4898
154,"Niagara_Falls",.4,.6,.6,.5667,.575,.56,.0909,.2273,.3182,.4091,.4545,.4545,.1481,.3297,.4158,.4752,.5077,.5018
155,"Golden_Gate_Bridge_in_San_Francisco",1.0,.9,.95,.9333,.95,.92,.1364,.2727,.4545,.6818,.7727,.7727,.24,.4186,.6149,.788,.8522,.84
156,"Neuschwanstein_Castle",1.0,1.0,1.0,1.0,1.0,1.0,.12,.24,.48,.56,.64,.76,.2143,.3871,.6486,.7179,.7805,.8636
157,"Christ_Church_Cathedral_Missouri",1.0,1.0,.95,.9333,.825,.78,.2,.28,.44,.56,.56,.64,.3333,.4375,.6014,.7,.6671,.7031
158,"Mount_Rushmore_in_South_Dakota",1.0,.9,.9,.9333,.925,.92,.2,.28,.36,.4,.52,.6,.3333,.4271,.5143,.56,.6657,.7263
159,"Puerta_de_Toledo",.4,.3,.15,.1,.075,.06,1.0,1.0,1.0,1.0,1.0,1.0,.5714,.4615,.2609,.1818,.1395,.1132
160,"Urquhart_Castle",.8,.8,.8,.8,.8,.8,.1667,.2917,.375,.5417,.6667,.6667,.2759,.4275,.5106,.646,.7273,.7273
161,"Gare_du_Nord_Paris",.8,.8,.9,.8667,.775,.7,.16,.28,.4,.44,.52,.64,.2667,.4148,.5538,.5837,.6224,.6687
162,"Newgrange_in_Ireland",.8,.7,.45,.5667,.575,.56,.1667,.25,.2917,.375,.4583,.5,.2759,.3684,.3539,.4513,.5101,.5283
163,"Windmills_at_Kinderdijk",1.0,.8,.85,.8333,.85,.88,.2,.28,.52,.6,.6,.72,.3333,.4148,.6453,.6977,.7034,.792
164,"Conciergerie",1.0,.9,.95,.9667,.975,.96,.2,.32,.44,.6,.72,.76,.3333,.4721,.6014,.7404,.8283,.8484
165,"Palazzo_Madama",1.0,.5,.6,.5667,.6,.64,.2273,.2273,.4545,.5455,.7273,.7273,.3704,.3125,.5172,.5559,.6575,.6809
166,"Split_Rock_Lighthouse",1.0,.9,.8,.8333,.85,.84,.16,.28,.36,.4,.4,.56,.2759,.4271,.4966,.5405,.544,.672
167,"The_Little_Mermaid_Denmark",1.0,.9,.65,.6,.625,.58,.3571,.5714,.6429,.6429,.7857,.7857,.5263,.699,.6464,.6207,.6962,.6674
168,"Great_Pyramid_of_Giza",.8,.8,.75,.7,.725,.74,.2667,.4,.6,.7333,.8,.8667,.4,.5333,.6667,.7163,.7607,.7983
169,"Pitti_Palace",.6,.5,.45,.4667,.525,.58,.0909,.1818,.2273,.3636,.4545,.5455,.1579,.2667,.302,.4088,.4872,.5622
170,"Georgia_State_Capitol",.2,.3,.35,.3667,.35,.32,.0526,.1579,.2105,.2632,.3158,.3158,.0833,.2069,.2629,.3064,.332,.3179
171,"Dome_des_Invalides",.8,.9,.95,.9667,.975,.96,.12,.24,.4,.52,.64,.64,.2087,.3789,.563,.6762,.7728,.768
172,"Reggia_di_Caserta",.8,.8,.6,.6667,.6,.62,.16,.28,.36,.44,.52,.56,.2667,.4148,.45,.5301,.5571,.5885
173,"The_Burj_al_Arab_Hotel",.8,.7,.75,.8,.825,.82,.16,.2,.36,.48,.56,.68,.2667,.3111,.4865,.6,.6671,.7435
174,"Elephanta_Caves",1.0,.9,.85,.8333,.775,.76,.2083,.3333,.5417,.5417,.625,.625,.3448,.4865,.6617,.6566,.692,.6859
175,"Basilica_of_Santa_Croce",1.0,1.0,1.0,1.0,1.0,1.0,.16,.24,.48,.56,.68,.72,.2759,.3871,.6486,.7179,.8095,.8372
176,"Aachen_Cathedral",1.0,1.0,.9,.9,.9,.88,.2,.28,.32,.52,.6,.6,.3333,.4375,.4721,.6592,.72,.7135
177,"Monument_to_the_Great_Fire_of_London",.6,.6,.7,.6667,.675,.66,.12,.24,.44,.44,.6,.6,.2,.3429,.5404,.5301,.6353,.6286
178,"Longmen_Grottoes",1.0,.7,.6,.5,.5,.5,.2,.24,.36,.44,.52,.64,.3333,.3574,.45,.4681,.5098,.5614
179,"Louisiana_State_Capitol",.0,.1,.2,.2,.25,.26,.0,.04,.12,.2,.28,.36,.0,.0571,.15,.2,.2642,.3019
180,"The_Great_Sphinx_at_Giza",1.0,.8,.85,.8667,.8,.76,.2,.28,.44,.56,.64,.68,.3333,.4148,.5798,.6804,.7111,.7178
181,"Teatro_Real_Madrid",1.0,.9,.85,.8333,.75,.68,.1739,.3478,.6522,.7826,.7826,.8261,.2963,.5017,.7381,.8072,.766,.746
182,"Palacio_de_la_Magdalena",.4,.6,.75,.8333,.8,.78,.08,.2,.44,.64,.72,.76,.1333,.3,.5546,.724,.7579,.7699
183,"Sowjetisches_Ehrenmal",.6,.6,.55,.5333,.575,.62,.12,.24,.32,.4,.56,.64,.2,.3429,.4046,.4571,.5674,.6298
184,"Cathedral_of_Trier",.8,.9,.95,.9,.9,.86,.16,.36,.52,.64,.64,.76,.2667,.5143,.6721,.7481,.7481,.8069
185,"Saint_Mary_of_the_Flower",.4,.2,.25,.2,.225,.24,.08,.08,.16,.16,.24,.32,.1333,.1143,.1951,.1778,.2323,.2743
186,"Skellig_Michael",.6,.7,.75,.6667,.7,.7,.12,.28,.52,.6,.64,.68,.2,.4,.6142,.6316,.6687,.6899
187,"Chicago_Board_of_Trade_Building",1.0,.9,.95,.9,.9,.84,.1818,.3182,.5909,.6364,.7273,.7727,.3077,.4701,.7286,.7456,.8045,.805
188,"Pont_de_Normandie_France",.8,.9,.85,.8667,.825,.78,.2105,.4211,.5789,.6842,.7895,.9474,.3333,.5737,.6888,.7647,.8068,.8556
189,"Palazzo_Rosso",.0,.1,.1,.1333,.125,.12,.0,.0417,.0833,.1667,.1667,.1667,.0,.0588,.0909,.1481,.1429,.1395
190,"Piazza_Vittorio_Veneto",.8,.6,.55,.5,.475,.42,.1875,.3125,.375,.5,.6875,.6875,.3038,.411,.4459,.5,.5618,.5214
191,"Sforza_Castle",1.0,.9,.9,.9333,.925,.92,.12,.28,.44,.6,.64,.64,.2143,.4271,.591,.7304,.7565,.7549
192,"Torres_KIO",1.0,.9,.75,.7,.725,.7,.2,.32,.44,.52,.56,.6,.3333,.4721,.5546,.5967,.6319,.6462
193,"Torre_Picasso",1.0,1.0,.9,.8333,.725,.7,.125,.2917,.4583,.625,.625,.7083,.2222,.4516,.6074,.7143,.6713,.7041
194,"The_Palace_of_Parliament_in_Bucharest",1.0,1.0,.9,.8667,.875,.86,.16,.32,.4,.52,.6,.64,.2759,.4848,.5538,.65,.7119,.7339
195,"Ernest_Hemingway_House",.6,.8,.75,.7667,.8,.76,.12,.28,.48,.6,.64,.68,.2,.4148,.5854,.6732,.7111,.7178
196,"Castel_dellOvo_Napoli",.8,.8,.8,.8333,.825,.86,.16,.24,.44,.56,.68,.72,.2667,.3692,.5677,.6699,.7455,.7838
197,"Villa_Borghese_gardens",1.0,1.0,1.0,1.0,1.0,1.0,.16,.24,.52,.6,.72,.8,.2759,.3871,.6842,.75,.8372,.8889
198,"Saint_Marks_Basilica",1.0,1.0,1.0,1.0,1.0,1.0,.2,.32,.44,.56,.6,.64,.3333,.4848,.6111,.7179,.75,.7805
199,"Mausoleum_of_the_First_Qin_Emperor",.8,.9,.85,.8333,.775,.8,.12,.32,.44,.52,.6,.64,.2087,.4721,.5798,.6404,.6764,.7111
200,"Mausoleum_of_Hadrian",.6,.7,.7,.7333,.775,.76,.1667,.3889,.5556,.6111,.7778,.7778,.2609,.5,.6195,.6667,.7764,.7688
201,"Piazza_de_Ferrari",.8,.9,.95,.9333,.925,.92,.1579,.3158,.4737,.4737,.5263,.5263,.2637,.4675,.6322,.6284,.6709,.6696
202,"George_Washington_Carver",.0,.5,.7,.8,.675,.7,.0,.1875,.375,.5,.5625,.625,.0,.2727,.4884,.6154,.6136,.6604
203,"Cathedral_of_Santiago_de_Compostela",1.0,1.0,.9,.8,.775,.74,.2353,.4118,.5294,.6471,.7059,.7647,.381,.5833,.6667,.7154,.7388,.7522
204,"Saint-Jacques_Tower",.8,.9,.9,.8667,.85,.86,.2308,.4615,.8462,.8462,.9231,1.0,.3582,.6102,.8722,.8563,.885,.9247
205,"Calakmul_Campeche_Mexico",.8,.8,.8,.7667,.825,.78,.2143,.3571,.5714,.7143,.7857,.7857,.338,.4938,.6667,.7395,.8049,.7828
206,"Bran_Castle_in_Transylvania",1.0,.8,.8,.8333,.825,.84,.1579,.2105,.4211,.5789,.5789,.5789,.2727,.3333,.5517,.6832,.6804,.6855
207,"Mosteiro_da_Batalha",1.0,1.0,1.0,1.0,1.0,1.0,.2632,.4211,.5789,.6316,.6842,.6842,.4167,.5926,.7333,.7742,.8125,.8125
208,"Wartburg_Castle",1.0,1.0,.95,.8667,.9,.92,.25,.3,.5,.75,.75,.8,.4,.4615,.6552,.8041,.8182,.8558
209,"Fujian_Tulou_Fujian_China",1.0,1.0,.95,.9333,.9,.92,.1667,.3889,.4444,.6111,.7222,.7222,.2857,.56,.6056,.7386,.8014,.8092
210,"Alabama_State_Capitol",.8,.8,.7,.7333,.7,.66,.1905,.381,.5714,.6667,.7143,.8095,.3077,.5161,.6292,.6984,.7071,.7272
211,"Palazzo_dAccursio",1.0,.8,.9,.8333,.75,.7,.2778,.2778,.5,.5556,.6667,.6667,.4348,.4124,.6429,.6667,.7059,.6829
212,"Casa_Grande_Ruins",1.0,.9,.8,.7667,.75,.74,.2941,.3529,.5294,.6471,.6471,.6471,.4545,.507,.6372,.7018,.6947,.6904
213,"Stravinsky_Fountain",1.0,.8,.75,.7667,.775,.76,.1333,.2,.2667,.4667,.4667,.4667,.2353,.32,.3934,.5802,.5826,.5783
214,"Angel_Falls_Venezuela",.6,.7,.5,.4333,.375,.42,.1176,.3529,.4706,.5294,.5882,.7059,.1967,.4693,.4848,.4766,.458,.5266
215,"Statue_of_George_IV",.8,.7,.5,.4667,.4,.38,.375,.5,.5,.5,.625,.625,.5106,.5833,.5,.4828,.4878,.4726
216,"Palacio_Barolo",.8,.9,.9,.9,.9,.9,.1765,.2941,.4118,.4706,.6471,.6471,.2892,.4433,.565,.618,.7529,.7529
217,"Bridge_of_Remembrance_Christchurch_New_Zealand",.8,.8,.75,.7667,.7,.64,.25,.4167,.8333,.9167,.9167,.9167,.381,.5479,.7895,.835,.7938,.7537
218,"John_A._Roebling_Suspension_Bridge",.2,.2,.4,.4667,.425,.44,.0667,.1333,.4667,.6667,.6667,.6667,.1,.16,.4308,.549,.5191,.5301
219,"Blue_Dome_Santorini",1.0,.9,.9,.9,.9,.92,.3125,.4375,.4375,.625,.6875,.75,.4762,.5888,.5888,.7377,.7795,.8263
220,"Fossar_de_les_Moreres",1.0,.9,.75,.6667,.575,.5,.2857,.4286,.5,.6429,.7143,.7143,.4444,.5806,.6,.6545,.6371,.5882
221,"Luxor_Obelisk_France",1.0,.9,.85,.7333,.725,.7,.1875,.25,.375,.375,.4375,.4375,.3158,.3913,.5204,.4962,.5457,.5385
222,"Valle_de_los_Caidos",1.0,1.0,1.0,.9667,.925,.94,.2,.35,.55,.65,.75,.75,.3333,.5185,.7097,.7773,.8284,.8343
--------------------
"--","Avg.",P@5,P@10,P@20,P@30,P@40,P@50,CR@5,CR@10,CR@20,CR@30,CR@40,CR@50,F1@5,F1@10,F1@20,F1@30,F1@40,F1@50
,.,8054,.7851,.7667,.7581,.7537,.7481,.1631,.2749,.4175,.5102,.5888,.6463,.2646,.3989,.5294,.5981,.6482,.6795
