--------------------
"Run name","output_runCEDDSilhouette"
--------------------
"Average P@20 = ",.8016
"Average CR@20 = ",.3731
"Average F1@20 = ",.4968
--------------------
"Query Id ","Location name",P@5,P@10,P@20,P@30,P@40,P@50,CR@5,CR@10,CR@20,CR@30,CR@40,CR@50,F1@5,F1@10,F1@20,F1@30,F1@40,F1@50
1,"angel_of_the_north",1.0,1.0,1.0,1.0,1.0,1.0,.16,.24,.36,.52,.56,.68,.2759,.3871,.5294,.6842,.7179,.8095
2,"big_ben",1.0,1.0,1.0,.9667,.95,.94,.2273,.3182,.4091,.4091,.5,.5909,.3704,.4828,.5806,.5749,.6552,.7257
3,"hearst_castle",1.0,.9,.95,.9333,.9,.92,.1667,.3333,.5417,.6667,.7917,.8333,.2857,.4865,.6899,.7778,.8424,.8745
4,"la_madeleine",.0,.0,.15,.3333,.45,.44,.0,.0,.2143,.4286,.6429,.7143,.0,.0,.1765,.375,.5294,.5446
5,"pont_alexandre_iii",1.0,.9,.95,.9667,.975,.98,.2,.28,.36,.48,.6,.68,.3333,.4271,.5221,.6415,.7429,.8029
6,"neues_museum",.0,.0,.0,.1,.25,.4,.0,.0,.0,.08,.24,.44,.0,.0,.0,.0889,.2449,.419
7,"montezuma_castle",1.0,.8,.7,.6,.55,.54,.3333,.4167,.5833,.6667,.6667,.6667,.5,.5479,.6364,.6316,.6027,.5967
8,"cn_tower",.2,.5,.6,.6667,.675,.66,.0417,.2083,.3333,.4583,.5833,.625,.069,.2941,.4286,.5432,.6258,.642
9,"acropolis_athens",.8,.7,.85,.9,.875,.9,.1429,.1905,.4286,.5238,.5238,.5714,.2424,.2995,.5698,.6622,.6553,.699
10,"agra_fort",.8,.9,.85,.8667,.875,.88,.16,.24,.32,.48,.64,.72,.2667,.3789,.465,.6178,.7393,.792
11,"albert_memorial",.6,.8,.85,.7,.65,.72,.0909,.1364,.2273,.3182,.4091,.5,.1579,.233,.3586,.4375,.5021,.5902
12,"altes_museum",1.0,1.0,.85,.6,.55,.52,.1667,.2917,.4167,.4583,.5417,.5833,.2857,.4516,.5592,.5197,.5458,.5498
13,"amiens_cathedral",1.0,.9,.95,.9667,.95,.96,.16,.2,.48,.68,.68,.8,.2759,.3273,.6378,.7984,.7926,.8727
14,"angkor_wat",1.0,.9,.65,.6,.675,.74,.08,.2,.32,.4,.56,.6,.1481,.3273,.4289,.48,.6121,.6627
15,"ara_pacis",1.0,1.0,.75,.6,.625,.68,.2273,.3636,.4545,.5,.5909,.7273,.3704,.5333,.566,.5455,.6075,.7028
16,"arc_de_triomphe",1.0,1.0,.95,.9,.8,.8,.1667,.1667,.375,.4583,.5833,.625,.2857,.2857,.5377,.6074,.6747,.7018
17,"aztec_ruins",.0,.0,.0,.1,.275,.26,.0,.0,.0,.12,.32,.32,.0,.0,.0,.1091,.2958,.2869
18,"berlin_cathedral",1.0,1.0,.95,.9667,.95,.94,.16,.32,.48,.52,.6,.72,.2759,.4848,.6378,.6762,.7355,.8154
19,"bok_tower_gardens",1.0,.9,.7,.8,.825,.84,.2,.32,.48,.64,.68,.72,.3333,.4721,.5695,.7111,.7455,.7754
20,"brandenburg_gate",1.0,1.0,1.0,1.0,1.0,.96,.12,.24,.32,.4,.44,.48,.2143,.3871,.4848,.5714,.6111,.64
21,"cabrillo",.0,.0,.2,.2,.15,.12,.0,.0,.3077,.3846,.3846,.3846,.0,.0,.2424,.2632,.2158,.1829
22,"casa_batllo",1.0,1.0,1.0,1.0,1.0,1.0,.2,.24,.4,.52,.72,.72,.3333,.3871,.5714,.6842,.8372,.8372
23,"casa_rosada",.6,.7,.85,.9,.925,.94,.08,.12,.32,.52,.6,.64,.1412,.2049,.465,.6592,.7279,.7615
24,"castillo_de_san_marcos",1.0,.8,.65,.5667,.625,.66,.16,.24,.32,.32,.44,.6,.2759,.3692,.4289,.409,.5164,.6286
25,"chartres_cathedral",1.0,1.0,1.0,1.0,.975,.98,.16,.2,.48,.6,.76,.76,.2759,.3333,.6486,.75,.8542,.8561
26,"chichen_itza",1.0,.8,.7,.8,.8,.84,.16,.16,.28,.36,.52,.6,.2759,.2667,.4,.4966,.6303,.7
27,"christ_the_redeemer_rio",.4,.6,.7,.6,.55,.5,.087,.1739,.2609,.3043,.4348,.5217,.1429,.2697,.3801,.4038,.4857,.5106
28,"civic_center_san_francisco",.4,.7,.8,.7333,.65,.66,.08,.2,.44,.48,.56,.64,.1333,.3111,.5677,.5802,.6017,.6498
29,"cologne_cathedral",1.0,1.0,1.0,.9667,.975,.96,.12,.24,.4,.44,.52,.6,.2143,.3871,.5714,.6047,.6783,.7385
30,"colosseum",1.0,1.0,1.0,1.0,.925,.94,.16,.28,.44,.52,.56,.68,.2759,.4375,.6111,.6842,.6976,.7891
31,"doge_s_palace",1.0,1.0,.85,.9,.875,.82,.12,.2,.36,.44,.48,.48,.2143,.3333,.5058,.591,.6199,.6055
32,"eiffel_tower",1.0,1.0,1.0,1.0,1.0,.98,.16,.16,.28,.36,.44,.52,.2759,.2759,.4375,.5294,.6111,.6795
33,"golden_gate_bridge",1.0,.8,.8,.8667,.85,.8,.1739,.2174,.4783,.5652,.5652,.6087,.2963,.3419,.5986,.6842,.679,.6914
34,"grand_palais",1.0,.9,.85,.8667,.9,.9,.0455,.1364,.3636,.4091,.5,.5455,.087,.2368,.5094,.5558,.6429,.6792
35,"guggenheim_museum_bilbao",1.0,1.0,1.0,1.0,1.0,1.0,.12,.16,.36,.48,.52,.6,.2143,.2759,.5294,.6486,.6842,.75
36,"hagia_sophia_istanbul",1.0,1.0,.95,.9667,.975,.98,.16,.28,.36,.52,.6,.72,.2759,.4375,.5221,.6762,.7429,.8301
37,"hoover_dam",1.0,1.0,.95,.9333,.95,.92,.12,.2,.36,.52,.56,.64,.2143,.3333,.5221,.6679,.7046,.7549
38,"humayun_tomb",.8,.7,.8,.7,.725,.76,.12,.16,.4,.48,.6,.64,.2087,.2605,.5333,.5695,.6566,.6949
39,"iguazu_falls",.4,.7,.85,.8,.775,.82,.04,.16,.36,.44,.52,.64,.0727,.2605,.5058,.5677,.6224,.7189
40,"iolani_palace",1.0,1.0,.9,.9,.85,.84,.16,.24,.4,.52,.68,.76,.2759,.3871,.5538,.6592,.7556,.798
41,"la_mezquita",.6,.8,.85,.8333,.775,.7,.125,.2917,.4583,.5,.5417,.5833,.2069,.4275,.5955,.625,.6377,.6364
42,"la_rambla_barcelona",.8,.9,.95,.9667,.975,.94,.16,.24,.32,.48,.52,.56,.2667,.3789,.4787,.6415,.6783,.7019
43,"la_sainte_chapelle",1.0,.9,.95,.9333,.925,.94,.16,.28,.48,.56,.68,.68,.2759,.4271,.6378,.7,.7838,.7891
44,"liberty_memorial",.8,.6,.4,.6,.675,.7,.08,.12,.16,.32,.44,.52,.1455,.2,.2286,.4174,.5327,.5967
45,"lincoln_home",1.0,.9,.95,.9333,.95,.94,.2778,.3333,.5,.6667,.7778,.8333,.4348,.4865,.6552,.7778,.8553,.8835
46,"machu_picchu",1.0,1.0,.7,.6333,.675,.72,.2,.28,.4,.44,.48,.6,.3333,.4375,.5091,.5193,.561,.6545
47,"marble_arch_london",.6,.7,.65,.5,.45,.38,.1667,.4167,.5833,.5833,.6667,.75,.2609,.5224,.6149,.5385,.5373,.5044
48,"milan_cathedral",1.0,1.0,.95,.9333,.9,.9,.12,.28,.4,.48,.64,.76,.2143,.4375,.563,.634,.7481,.8241
49,"mole_antonelliana",1.0,1.0,.9,.8333,.725,.7,.12,.2,.24,.32,.4,.44,.2143,.3333,.3789,.4624,.5156,.5404
50,"mont_saint_michel",1.0,1.0,1.0,1.0,1.0,.98,.12,.24,.4,.44,.48,.6,.2143,.3871,.5714,.6111,.6486,.7443
51,"moulin_rouge",.0,.0,.0,.0333,.05,.06,.0,.0,.0,.125,.25,.375,.0,.0,.0,.0526,.0833,.1034
52,"nelson_s_column",1.0,.9,.95,.9667,.975,.98,.0833,.1667,.3333,.4583,.5833,.625,.1538,.2812,.4935,.6218,.7299,.7632
53,"notre_dame_de_paris",.8,.9,.9,.9333,.9,.9,.16,.24,.4,.52,.64,.68,.2667,.3789,.5538,.6679,.7481,.7747
54,"obelisco",.4,.2,.1,.0667,.1,.08,.0909,.0909,.0909,.0909,.1818,.1818,.1481,.125,.0952,.0769,.129,.1111
55,"piccadilly_circus",1.0,.9,.9,.8,.75,.78,.1304,.1739,.4348,.4783,.4783,.6087,.2308,.2915,.5863,.5986,.5841,.6838
56,"place_de_la_concorde",1.0,1.0,1.0,.9667,.975,.98,.16,.24,.36,.36,.44,.6,.2759,.3871,.5294,.5246,.6064,.7443
57,"place_de_la_republique",.2,.3,.35,.3,.25,.2,.125,.25,.625,.75,.75,.75,.1538,.2727,.4487,.4286,.375,.3158
58,"place_des_vosges",1.0,.9,.75,.8333,.775,.8,.08,.16,.32,.48,.52,.56,.1481,.2717,.4486,.6091,.6224,.6588
59,"pont_du_gard",.8,.9,.85,.9,.85,.82,.08,.2,.36,.48,.52,.6,.1455,.3273,.5058,.6261,.6453,.693
60,"pont_neuf",1.0,1.0,1.0,.7667,.725,.72,.12,.2,.48,.56,.64,.68,.2143,.3333,.6486,.6472,.6799,.6994
61,"ponte_vecchio",1.0,.9,.95,.9,.9,.88,.125,.1667,.4167,.5,.5417,.5833,.2222,.2812,.5793,.6429,.6763,.7016
62,"puerta_de_alcala",.2,.1,.35,.5,.525,.56,.0526,.0526,.3158,.3684,.4737,.6842,.0833,.069,.332,.4242,.498,.6159
63,"puerta_del_sol",.8,.7,.7,.5333,.5,.4,.1,.2,.35,.35,.4,.4,.1778,.3111,.4667,.4226,.4444,.4
64,"red_fort",1.0,1.0,1.0,1.0,1.0,1.0,.16,.32,.48,.6,.68,.76,.2759,.4848,.6486,.75,.8095,.8636
65,"reims_cathedral",1.0,1.0,1.0,1.0,1.0,1.0,.2,.28,.36,.48,.56,.6,.3333,.4375,.5294,.6486,.7179,.75
66,"rialto_bridge",1.0,1.0,.9,.8,.75,.7,.125,.25,.375,.5625,.625,.6875,.2222,.4,.5294,.6606,.6818,.6937
67,"roman_forum_rome",.6,.7,.75,.7333,.725,.66,.12,.16,.32,.48,.52,.56,.2,.2605,.4486,.5802,.6056,.6059
68,"sacre_coeur",.2,.4,.6,.5667,.55,.64,.0417,.0833,.2083,.3333,.4167,.5,.069,.1379,.3093,.4198,.4741,.5614
69,"sagrada_familia",.8,.9,.95,.9333,.95,.96,.12,.2,.4,.52,.6,.64,.2087,.3273,.563,.6679,.7355,.768
70,"santa_maria_novella",.6,.5,.3,.5333,.6,.52,.12,.16,.2,.36,.44,.48,.2,.2424,.24,.4299,.5077,.4992
71,"schonbrunn_palace",1.0,1.0,.95,.9667,.975,.98,.16,.28,.44,.56,.6,.6,.2759,.4375,.6014,.7092,.7429,.7443
72,"seville_cathedral",.8,.7,.8,.8333,.875,.9,.16,.24,.36,.44,.56,.64,.2667,.3574,.4966,.5759,.6829,.7481
73,"spanish_steps",1.0,.8,.75,.6667,.6,.6,.0909,.1364,.3636,.5,.5,.6364,.1667,.233,.4898,.5714,.5455,.6176
74,"st__basil_cathedral",1.0,1.0,1.0,.8667,.85,.86,.16,.32,.48,.52,.52,.6,.2759,.4848,.6486,.65,.6453,.7068
75,"statue_of_liberty",1.0,1.0,.95,.9,.825,.82,.12,.16,.32,.44,.52,.64,.2143,.2759,.4787,.591,.6379,.7189
76,"stonehenge",1.0,.7,.7,.6333,.55,.52,.1579,.2105,.3158,.4737,.5263,.5263,.2727,.3237,.4352,.542,.5379,.5231
77,"summer_palace_beijing",1.0,1.0,1.0,.9667,.975,.96,.12,.24,.36,.44,.52,.64,.2143,.3871,.5294,.6047,.6783,.768
78,"sydney_opera_house",1.0,1.0,1.0,.9333,.95,.96,.16,.28,.44,.48,.56,.64,.2759,.4375,.6111,.634,.7046,.768
79,"teotihuacan",.8,.7,.65,.5333,.6,.62,.16,.2,.4,.48,.56,.64,.2667,.3111,.4952,.5053,.5793,.6298
80,"terracotta_army",.8,.7,.6,.6333,.6,.58,.2,.25,.45,.5,.55,.6,.32,.3684,.5143,.5588,.5739,.5898
81,"the_blue_mosque",.6,.8,.85,.8667,.875,.9,.08,.16,.32,.36,.52,.64,.1412,.2667,.465,.5087,.6523,.7481
82,"the_henry_ford",1.0,.9,.8,.8333,.75,.7,.12,.24,.32,.44,.52,.64,.2143,.3789,.4571,.5759,.6142,.6687
83,"taj_mahal",1.0,.9,.9,.8667,.9,.9,.16,.24,.36,.48,.52,.6,.2759,.3789,.5143,.6178,.6592,.72
84,"tour_montparnasse",.6,.8,.65,.5667,.5,.5,.15,.25,.3,.4,.45,.6,.24,.381,.4105,.469,.4737,.5455
85,"tower_bridge_london",1.0,.9,.75,.6667,.65,.6,.16,.24,.36,.48,.52,.52,.2759,.3789,.4865,.5581,.5778,.5571
86,"trafalgar_square",.6,.4,.45,.4,.375,.46,.1364,.1818,.2727,.2727,.3182,.4545,.2222,.25,.3396,.3243,.3443,.4573
87,"leaning_tower_of_pisa",.6,.5,.5,.4,.45,.46,.12,.16,.28,.32,.4,.44,.2,.2424,.359,.3556,.4235,.4498
88,"hermitage_museum_saint_petersburg",1.0,1.0,.9,.7333,.775,.82,.12,.24,.32,.4,.6,.64,.2143,.3871,.4721,.5176,.6764,.7189
89,"jantar_mantar_jaipur",.6,.8,.75,.8333,.85,.88,.08,.28,.44,.6,.68,.8,.1412,.4148,.5546,.6977,.7556,.8381
90,"lake_titicaca_peru",.4,.5,.55,.5,.45,.46,.0417,.1667,.3333,.375,.4583,.5417,.0755,.25,.4151,.4286,.4541,.4975
91,"the_great_wall_of_china",.8,.8,.8,.8333,.85,.88,.12,.16,.32,.48,.52,.6,.2087,.2667,.4571,.6091,.6453,.7135
92,"grande_arche_paris",.8,.8,.65,.6667,.65,.62,.12,.24,.24,.36,.48,.52,.2087,.3692,.3506,.4675,.5522,.5656
93,"el_angel_mexico",1.0,1.0,.8,.7,.65,.64,.1905,.2857,.381,.5238,.619,.7143,.32,.4444,.5161,.5992,.6341,.6751
94,"bibliotheque_nationale_de_france",.4,.6,.75,.7667,.725,.7,.08,.12,.2,.32,.4,.48,.1333,.2,.3158,.4515,.5156,.5695
95,"kronborg_castle",.6,.5,.7,.7,.7,.7,.125,.2083,.4167,.5,.5417,.5833,.2069,.2941,.5224,.5833,.6107,.6364
96,"ajanta_caves",.4,.7,.8,.8667,.9,.9,.0909,.2273,.4091,.4545,.5909,.5909,.1481,.3431,.5414,.5963,.7134,.7134
97,"atomium",.8,.9,.95,.9667,.975,.96,.1429,.381,.381,.4286,.4286,.4286,.2424,.5353,.5438,.5939,.5954,.5926
98,"ellora_caves",1.0,1.0,1.0,1.0,.95,.94,.1818,.1818,.3182,.4091,.5,.5455,.3077,.3077,.4828,.5806,.6552,.6903
99,"potala_palace",.8,.9,.95,.9333,.825,.84,.1667,.2778,.3889,.4444,.5,.5556,.2759,.4245,.5519,.6022,.6226,.6688
100,"jokhang",1.0,.8,.85,.8,.75,.8,.12,.16,.44,.56,.72,.8,.2143,.2667,.5798,.6588,.7347,.8
101,"rila_monastery",.6,.7,.75,.8333,.875,.9,.12,.2,.24,.36,.48,.48,.2,.3111,.3636,.5028,.6199,.6261
102,"louvre_pyramid",1.0,1.0,.9,.9,.925,.92,.1111,.2222,.3889,.4444,.5556,.6111,.2,.3636,.5431,.595,.6942,.7344
103,"brooklyn_bridge",1.0,.9,.95,.9333,.85,.8,.0476,.2381,.381,.4286,.4762,.5238,.0909,.3766,.5438,.5874,.6104,.6331
104,"tower_of_london",.6,.7,.8,.7667,.75,.72,.0435,.1304,.2174,.3913,.4348,.4783,.0811,.2199,.3419,.5181,.5505,.5747
105,"british_museum_london",1.0,1.0,1.0,.9667,.975,.98,.15,.2,.25,.45,.5,.6,.2609,.3333,.4,.6141,.661,.7443
106,"buckingham_palace",.6,.8,.55,.4667,.425,.42,.15,.2,.2,.2,.3,.35,.24,.32,.2933,.28,.3517,.3818
107,"charles_bridge_prague",1.0,1.0,.85,.7333,.7,.62,.0833,.2083,.2917,.2917,.375,.4583,.1538,.3448,.4343,.4173,.4884,.527
108,"champs_elysees_paris",.6,.7,.6,.6333,.65,.58,.1333,.2,.2667,.4,.5333,.5333,.2182,.3111,.3692,.4903,.5859,.5557
109,"chrysler_building",1.0,1.0,1.0,1.0,1.0,.98,.1429,.2857,.5,.6429,.7143,.8571,.25,.4444,.6667,.7826,.8333,.9145
110,"moma_new_york",.6,.7,.85,.8667,.875,.84,.1579,.1579,.2632,.4737,.5263,.6316,.25,.2577,.4019,.6126,.6573,.721
111,"grand_central_terminal",1.0,1.0,1.0,1.0,.975,.96,.0952,.1905,.2381,.2857,.381,.5238,.1739,.32,.3846,.4444,.5478,.6778
112,"houses_of_parliament",1.0,1.0,1.0,1.0,1.0,.98,.1304,.2174,.3478,.4348,.5217,.5652,.2308,.3571,.5161,.6061,.6857,.7169
113,"alexanderplatz_berlin",.0,.0,.35,.5,.575,.64,.0,.0,.12,.36,.44,.52,.0,.0,.1787,.4186,.4985,.5738
114,"centre_pompidou",.8,.7,.7,.5667,.625,.64,.2222,.3333,.3889,.4444,.5556,.7222,.3478,.4516,.5,.4982,.5882,.6786
115,"sydney_harbour_bridge",1.0,1.0,1.0,1.0,1.0,1.0,.25,.3125,.4375,.5625,.5625,.5625,.4,.4762,.6087,.72,.72,.72
116,"pier_39",1.0,1.0,1.0,.9333,.9,.9,.1905,.2381,.4762,.5238,.5714,.6667,.32,.3846,.6452,.671,.699,.766
117,"coit_tower",.8,.8,.65,.5667,.575,.52,.2,.2,.4,.4,.4667,.4667,.32,.32,.4952,.469,.5152,.4919
118,"st_paul_s_cathedral_london",1.0,1.0,.95,.9,.85,.82,.2353,.2353,.4706,.5882,.6471,.6471,.381,.381,.6294,.7115,.7348,.7233
119,"cloud_gate",.6,.7,.75,.6667,.625,.58,.25,.25,.3333,.3333,.4167,.4167,.3529,.3684,.4615,.4444,.5,.4849
120,"musee_d_orsay",1.0,1.0,.85,.8667,.9,.92,.0952,.1429,.2857,.4286,.5714,.619,.1739,.25,.4277,.5735,.699,.7401
121,"pike_place_market",1.0,.9,.9,.8667,.875,.86,.1905,.2381,.4286,.4762,.5238,.5238,.32,.3766,.5806,.6147,.6553,.6511
122,"royal_palace_madrid",.6,.8,.9,.8667,.775,.78,.1364,.2273,.3636,.4091,.4545,.5455,.2222,.354,.518,.5558,.573,.642
123,"sony_center_berlin",.8,.9,.95,.9667,.975,.94,.1429,.1905,.4286,.4762,.4762,.5238,.2424,.3144,.5907,.6381,.6399,.6727
124,"red_square_moscow",.8,.8,.7,.6667,.625,.62,.1429,.1905,.2857,.4286,.4286,.5238,.2424,.3077,.4058,.5217,.5085,.5679
125,"prague_castle",1.0,1.0,.9,.9,.875,.88,.16,.32,.52,.56,.6,.64,.2759,.4848,.6592,.6904,.7119,.7411
126,"musee_du_louvre",.8,.9,.95,.9667,.975,.98,.08,.2,.36,.52,.6,.68,.1455,.3273,.5221,.6762,.7429,.8029
127,"millennium_bridge_london",.8,.9,.85,.7667,.775,.74,.16,.28,.4,.48,.48,.52,.2667,.4271,.544,.5904,.5928,.6108
128,"casa_mila",1.0,1.0,1.0,.9667,.925,.92,.2,.32,.32,.48,.56,.64,.3333,.4848,.4848,.6415,.6976,.7549
129,"national_gallery_london",1.0,1.0,.85,.6667,.625,.66,.1818,.3182,.4091,.4545,.5,.5909,.3077,.4828,.5523,.5405,.5556,.6235
130,"national_mall",1.0,1.0,1.0,.9333,.95,.92,.16,.32,.56,.72,.8,.84,.2759,.4848,.7179,.8129,.8686,.8782
131,"london_city_hall",1.0,1.0,1.0,.9333,.925,.86,.2,.4,.5,.5,.65,.7,.3333,.5714,.6667,.6512,.7635,.7718
132,"holocaust_memorial",.8,.9,.8,.7,.7,.68,.1875,.3125,.4375,.5,.5625,.625,.3038,.4639,.5657,.5833,.6238,.6513
133,"columbus_circle",.4,.7,.8,.7667,.675,.6,.08,.2,.48,.64,.68,.68,.1333,.3111,.6,.6976,.6775,.6375
134,"siegessaeule",1.0,1.0,.9,.8333,.75,.72,.16,.28,.44,.56,.6,.76,.2759,.4375,.591,.6699,.6667,.7395
135,"jardin_du_luxembourg",1.0,1.0,1.0,1.0,1.0,1.0,.12,.28,.44,.52,.68,.8,.2143,.4375,.6111,.6842,.8095,.8889
136,"merlion_singapore",.0,.0,.2,.2333,.175,.24,.0,.0,.1818,.2727,.2727,.5,.0,.0,.1905,.2515,.2132,.3243
137,"harrods_london",1.0,1.0,.85,.8333,.875,.82,.16,.28,.4,.52,.6,.6,.2759,.4375,.544,.6404,.7119,.693
138,"metropolitan_museum_of_art_new_york",1.0,1.0,.95,.9,.925,.94,.16,.24,.4,.4,.56,.6,.2759,.3871,.563,.5538,.6976,.7325
139,"new_york_stock_exchange",.8,.9,.9,.8333,.75,.68,.2,.25,.35,.4,.4,.55,.32,.3913,.504,.5405,.5217,.6081
140,"stephansdom_vienna",1.0,1.0,1.0,1.0,1.0,.98,.12,.28,.48,.56,.6,.68,.2143,.4375,.6486,.7179,.75,.8029
141,"hms_belfast",1.0,1.0,.95,.9667,.975,.98,.08,.16,.4,.44,.6,.64,.1481,.2759,.563,.6047,.7429,.7743
142,"leicester_square",1.0,1.0,.9,.8,.8,.76,.12,.16,.24,.36,.44,.52,.2143,.2759,.3789,.4966,.5677,.6175
143,"ciudad_de_las_artes_y_las_ciencias",1.0,.8,.85,.9,.925,.94,.16,.24,.32,.48,.56,.64,.2759,.3692,.465,.6261,.6976,.7615
144,"topkapi_palace",1.0,1.0,1.0,.9667,.975,.96,.2,.32,.4,.6,.8,.84,.3333,.4848,.5714,.7404,.8789,.896
145,"royal_albert_hall",1.0,1.0,.95,.7333,.775,.74,.12,.16,.4,.4,.44,.44,.2143,.2759,.563,.5176,.5613,.5519
146,"st_vitus_cathedral",.8,.9,.95,.9667,.975,.96,.16,.24,.4,.52,.52,.6,.2667,.3789,.563,.6762,.6783,.7385
147,"castello_sforzesco",1.0,1.0,.85,.8667,.875,.86,.12,.2,.36,.4,.44,.52,.2143,.3333,.5058,.5474,.5856,.6481
148,"rijksmuseum_amsterdam",1.0,1.0,1.0,1.0,1.0,1.0,.12,.12,.16,.36,.48,.6,.2143,.2143,.2759,.5294,.6486,.75
149,"dam_square",.8,.8,.8,.8667,.725,.72,.12,.2,.28,.36,.36,.44,.2087,.32,.4148,.5087,.4811,.5462
150,"rathaus_vienna",1.0,1.0,.95,.9333,.825,.74,.16,.16,.16,.28,.36,.4,.2759,.2759,.2739,.4308,.5013,.5193
151,"bath_abbey",1.0,1.0,1.0,1.0,.975,.98,.2,.28,.52,.52,.56,.6,.3333,.4375,.6842,.6842,.7114,.7443
152,"salisbury_cathedral",1.0,1.0,1.0,1.0,1.0,1.0,.12,.2,.28,.32,.48,.52,.2143,.3333,.4375,.4848,.6486,.6842
153,"templo_de_debod",.0,.3,.25,.3333,.35,.4,.0,.0909,.1364,.2273,.2727,.3636,.0,.1395,.1765,.2703,.3066,.381
154,"Niagara_Falls",.4,.5,.6,.6,.625,.62,.0909,.1818,.3182,.4091,.5455,.6364,.1481,.2667,.4158,.4865,.5825,.6281
155,"Golden_Gate_Bridge_in_San_Francisco",1.0,1.0,.9,.9,.925,.94,.1818,.2273,.4091,.5,.5909,.6364,.3077,.3704,.5625,.6429,.7211,.7589
156,"Neuschwanstein_Castle",1.0,1.0,1.0,1.0,.975,.94,.12,.24,.4,.6,.64,.72,.2143,.3871,.5714,.75,.7728,.8154
157,"Christ_Church_Cathedral_Missouri",1.0,1.0,1.0,1.0,1.0,.98,.16,.36,.52,.56,.56,.6,.2759,.5294,.6842,.7179,.7179,.7443
158,"Mount_Rushmore_in_South_Dakota",.8,.8,.9,.9333,.925,.94,.12,.2,.32,.44,.48,.6,.2087,.32,.4721,.5981,.632,.7325
159,"Puerta_de_Toledo",.6,.3,.15,.1,.075,.06,1.0,1.0,1.0,1.0,1.0,1.0,.75,.4615,.2609,.1818,.1395,.1132
160,"Urquhart_Castle",1.0,.9,.8,.8,.8,.82,.2083,.25,.375,.5,.625,.7083,.3448,.3913,.5106,.6154,.7018,.7601
161,"Gare_du_Nord_Paris",.8,.7,.7,.7667,.775,.78,.16,.24,.28,.32,.4,.44,.2667,.3574,.4,.4515,.5277,.5626
162,"Newgrange_in_Ireland",.8,.7,.7,.7333,.7,.66,.125,.2083,.3333,.4167,.5,.5,.2162,.3211,.4516,.5314,.5833,.569
163,"Windmills_at_Kinderdijk",1.0,1.0,.95,.8333,.875,.84,.16,.24,.36,.4,.52,.56,.2759,.3871,.5221,.5405,.6523,.672
164,"Conciergerie",.8,.9,.95,.9667,.975,.98,.08,.2,.44,.6,.68,.68,.1455,.3273,.6014,.7404,.8012,.8029
165,"Palazzo_Madama",1.0,.9,.8,.7667,.775,.74,.2273,.3182,.5,.5455,.6364,.6818,.3704,.4701,.6154,.6374,.6989,.7097
166,"Split_Rock_Lighthouse",1.0,1.0,.95,.9667,.925,.92,.12,.2,.28,.4,.44,.56,.2143,.3333,.4325,.5659,.5963,.6962
167,"The_Little_Mermaid_Denmark",1.0,1.0,.95,.9667,.925,.84,.2143,.3571,.5,.7143,.9286,.9286,.3529,.5263,.6552,.8215,.9268,.8821
168,"Great_Pyramid_of_Giza",.8,.7,.6,.6,.6,.6,.2667,.3333,.5333,.5333,.7333,.7333,.4,.4516,.5647,.5647,.66,.66
169,"Pitti_Palace",.8,.8,.85,.9,.85,.82,.1364,.2273,.4091,.5455,.5455,.5455,.233,.354,.5523,.6792,.6645,.6551
170,"Georgia_State_Capitol",1.0,1.0,.8,.6,.45,.38,.2105,.2632,.2632,.2632,.2632,.2632,.3478,.4167,.396,.3659,.3321,.311
171,"Dome_des_Invalides",1.0,1.0,1.0,.9667,.975,.98,.16,.24,.36,.4,.44,.48,.2759,.3871,.5294,.5659,.6064,.6444
172,"Reggia_di_Caserta",1.0,.7,.55,.6,.5,.52,.16,.24,.36,.48,.48,.56,.2759,.3574,.4352,.5333,.4898,.5393
173,"The_Burj_al_Arab_Hotel",.8,.8,.7,.7,.775,.8,.16,.28,.4,.52,.6,.72,.2667,.4148,.5091,.5967,.6764,.7579
174,"Elephanta_Caves",1.0,1.0,1.0,.9667,.975,.96,.1667,.25,.4583,.4583,.5833,.7083,.2857,.4,.6286,.6218,.7299,.8152
175,"Basilica_of_Santa_Croce",1.0,1.0,1.0,1.0,1.0,1.0,.12,.2,.32,.52,.64,.64,.2143,.3333,.4848,.6842,.7805,.7805
176,"Aachen_Cathedral",1.0,1.0,.95,.9333,.9,.92,.16,.2,.36,.44,.52,.6,.2759,.3333,.5221,.5981,.6592,.7263
177,"Monument_to_the_Great_Fire_of_London",1.0,.7,.55,.5,.525,.52,.2,.2,.32,.32,.44,.52,.3333,.3111,.4046,.3902,.4788,.52
178,"Longmen_Grottoes",.8,.7,.6,.5333,.575,.56,.12,.24,.4,.48,.6,.68,.2087,.3574,.48,.5053,.5872,.6142
179,"Louisiana_State_Capitol",.4,.3,.25,.2,.2,.26,.08,.12,.16,.16,.24,.36,.1333,.1714,.1951,.1778,.2182,.3019
180,"The_Great_Sphinx_at_Giza",1.0,1.0,.85,.8333,.85,.88,.12,.2,.28,.36,.56,.64,.2143,.3333,.4212,.5028,.6752,.7411
181,"Teatro_Real_Madrid",1.0,1.0,1.0,.8667,.775,.7,.2174,.3043,.4783,.6087,.7391,.8261,.3571,.4667,.6471,.7151,.7566,.7578
182,"Palacio_de_la_Magdalena",.6,.7,.8,.7333,.775,.8,.12,.24,.36,.4,.6,.68,.2,.3574,.4966,.5176,.6764,.7351
183,"Sowjetisches_Ehrenmal",.4,.3,.55,.6333,.65,.7,.08,.12,.32,.44,.56,.6,.1333,.1714,.4046,.5193,.6017,.6462
184,"Cathedral_of_Trier",1.0,1.0,.95,.9333,.95,.96,.2,.36,.48,.6,.72,.8,.3333,.5294,.6378,.7304,.8192,.8727
185,"Saint_Mary_of_the_Flower",.2,.1,.05,.2,.275,.3,.04,.04,.04,.2,.36,.36,.0667,.0571,.0444,.2,.3118,.3273
186,"Skellig_Michael",1.0,.8,.7,.6667,.675,.68,.2,.28,.44,.6,.6,.64,.3333,.4148,.5404,.6316,.6353,.6594
187,"Chicago_Board_of_Trade_Building",.8,.9,.75,.7667,.8,.82,.1818,.2727,.3182,.4545,.5909,.6364,.2963,.4186,.4468,.5707,.6797,.7166
188,"Pont_de_Normandie_France",1.0,1.0,1.0,.9667,.975,.98,.1579,.4211,.5789,.6842,.7895,.8421,.2727,.5926,.7333,.8013,.8725,.9058
189,"Palazzo_Rosso",.0,.0,.0,.0667,.075,.12,.0,.0,.0,.0833,.0833,.125,.0,.0,.0,.0741,.0789,.1224
190,"Piazza_Vittorio_Veneto",1.0,1.0,.65,.5667,.45,.38,.1875,.375,.375,.5,.5625,.5625,.3158,.5455,.4756,.5312,.5,.4536
191,"Sforza_Castle",1.0,1.0,.95,.9333,.95,.96,.16,.24,.48,.6,.6,.64,.2759,.3871,.6378,.7304,.7355,.768
192,"Torres_KIO",1.0,1.0,.9,.9333,.925,.94,.2,.28,.4,.44,.48,.56,.3333,.4375,.5538,.5981,.632,.7019
193,"Torre_Picasso",1.0,1.0,.85,.8,.825,.8,.1667,.2917,.5,.5417,.625,.625,.2857,.4516,.6296,.646,.7112,.7018
194,"The_Palace_of_Parliament_in_Bucharest",1.0,.9,.95,.9667,.95,.96,.16,.2,.24,.24,.44,.64,.2759,.3273,.3832,.3845,.6014,.768
195,"Ernest_Hemingway_House",.8,.7,.75,.6667,.7,.76,.12,.2,.4,.48,.6,.64,.2087,.3111,.5217,.5581,.6462,.6949
196,"Castel_dellOvo_Napoli",.8,.8,.85,.8667,.9,.9,.16,.28,.44,.56,.72,.76,.2667,.4148,.5798,.6804,.8,.8241
197,"Villa_Borghese_gardens",1.0,1.0,1.0,1.0,1.0,1.0,.2,.28,.48,.68,.72,.84,.3333,.4375,.6486,.8095,.8372,.913
198,"Saint_Marks_Basilica",1.0,1.0,1.0,1.0,1.0,1.0,.12,.24,.4,.4,.4,.4,.2143,.3871,.5714,.5714,.5714,.5714
199,"Mausoleum_of_the_First_Qin_Emperor",.8,.9,.95,.9,.8,.8,.16,.32,.36,.52,.52,.56,.2667,.4721,.5221,.6592,.6303,.6588
200,"Mausoleum_of_Hadrian",1.0,1.0,.9,.9,.875,.86,.1667,.2778,.4444,.5,.5556,.6111,.2857,.4348,.595,.6429,.6796,.7145
201,"Piazza_de_Ferrari",1.0,1.0,1.0,.9667,.95,.94,.1579,.2632,.3684,.4737,.5263,.5263,.2727,.4167,.5385,.6358,.6774,.6748
202,"George_Washington_Carver",.2,.6,.75,.8,.7,.66,.0625,.1875,.3125,.5,.5625,.625,.0952,.2857,.4412,.6154,.6238,.642
203,"Cathedral_of_Santiago_de_Compostela",1.0,1.0,1.0,.9333,.875,.86,.1765,.2941,.5882,.6471,.8235,.8824,.3,.4545,.7407,.7643,.8485,.871
204,"Saint-Jacques_Tower",.8,.9,.8,.7,.75,.78,.2308,.3077,.3077,.3077,.5385,.6923,.3582,.4586,.4444,.4275,.6269,.7335
205,"Calakmul_Campeche_Mexico",1.0,1.0,.9,.9333,.9,.88,.2143,.2857,.3571,.5,.5714,.7857,.3529,.4444,.5114,.6512,.699,.8302
206,"Bran_Castle_in_Transylvania",1.0,.9,.9,.8667,.9,.86,.1579,.2632,.3158,.4211,.5789,.6316,.2727,.4072,.4675,.5668,.7046,.7283
207,"Mosteiro_da_Batalha",1.0,1.0,1.0,1.0,1.0,1.0,.2632,.3158,.5789,.6316,.6316,.6842,.4167,.48,.7333,.7742,.7742,.8125
208,"Wartburg_Castle",1.0,1.0,.9,.9,.925,.9,.15,.3,.5,.65,.75,.8,.2609,.4615,.6429,.7548,.8284,.8471
209,"Fujian_Tulou_Fujian_China",1.0,1.0,1.0,1.0,1.0,1.0,.1667,.3333,.3889,.5556,.6667,.6667,.2857,.5,.56,.7143,.8,.8
210,"Alabama_State_Capitol",.4,.4,.55,.7,.775,.76,.0952,.1905,.4286,.619,.7619,.8095,.1538,.2581,.4818,.657,.7684,.784
211,"Palazzo_dAccursio",1.0,1.0,1.0,.8333,.775,.76,.1667,.2222,.2778,.3889,.4444,.5,.2857,.3636,.4348,.5303,.5649,.6032
212,"Casa_Grande_Ruins",.8,.9,.8,.7667,.8,.8,.1765,.2941,.4118,.4706,.4706,.5294,.2892,.4433,.5437,.5832,.5926,.6372
213,"Stravinsky_Fountain",1.0,1.0,1.0,1.0,1.0,1.0,.2,.2667,.4667,.5333,.6,.6,.3333,.4211,.6364,.6957,.75,.75
214,"Angel_Falls_Venezuela",.6,.6,.65,.5667,.575,.48,.1176,.2353,.4706,.5294,.7059,.7059,.1967,.338,.5459,.5474,.6338,.5714
215,"Statue_of_George_IV",1.0,.9,.6,.5667,.525,.48,.375,.5,.625,.75,.875,.875,.5455,.6429,.6122,.6456,.6563,.6199
216,"Palacio_Barolo",.8,.7,.8,.8667,.9,.92,.2353,.2353,.4706,.4706,.5882,.5882,.3636,.3522,.5926,.61,.7115,.7176
217,"Bridge_of_Remembrance_Christchurch_New_Zealand",1.0,1.0,1.0,1.0,.925,.82,.25,.4167,.8333,1.0,1.0,1.0,.4,.5882,.9091,1.0,.961,.9011
218,"John_A._Roebling_Suspension_Bridge",.0,.3,.35,.4,.375,.42,.0,.1333,.3333,.5333,.6667,.7333,.0,.1846,.3415,.4571,.48,.5341
219,"Blue_Dome_Santorini",1.0,.9,.9,.9333,.95,.96,.3125,.4375,.5625,.625,.6875,.8125,.4762,.5888,.6923,.7487,.7977,.8801
220,"Fossar_de_les_Moreres",.6,.6,.6,.6,.5,.52,.1429,.2857,.5,.7143,.7143,.7143,.2308,.3871,.5455,.6522,.5882,.6019
221,"Luxor_Obelisk_France",.8,.9,.75,.7667,.725,.68,.125,.3125,.3125,.3125,.4375,.4375,.2162,.4639,.4412,.444,.5457,.5324
222,"Valle_de_los_Caidos",1.0,1.0,.85,.9,.9,.88,.2,.45,.5,.6,.65,.65,.3333,.6207,.6296,.72,.7548,.7477
--------------------
"--","Avg.",P@5,P@10,P@20,P@30,P@40,P@50,CR@5,CR@10,CR@20,CR@30,CR@40,CR@50,F1@5,F1@10,F1@20,F1@30,F1@40,F1@50
,.,8216,.8212,.8016,.7856,.7766,.7708,.1459,.2334,.3731,.4672,.5486,.6118,.2414,.3551,.4968,.5725,.6286,.6672
