--------------------
"Run name","output_runFCTHDtrs"
--------------------
"Average P@20 = ",.805
"Average CR@20 = ",.3783
"Average F1@20 = ",.5031
--------------------
"Query Id ","Location name",P@5,P@10,P@20,P@30,P@40,P@50,CR@5,CR@10,CR@20,CR@30,CR@40,CR@50,F1@5,F1@10,F1@20,F1@30,F1@40,F1@50
1,"angel_of_the_north",1.0,1.0,1.0,1.0,1.0,1.0,.16,.24,.32,.48,.6,.72,.2759,.3871,.4848,.6486,.75,.8372
2,"big_ben",1.0,1.0,.95,.9333,.9,.9,.2273,.2727,.3182,.4545,.5,.5909,.3704,.4286,.4767,.6114,.6429,.7134
3,"hearst_castle",1.0,1.0,.95,.9667,.9,.9,.2083,.3333,.5,.7083,.75,.8333,.3448,.5,.6552,.8176,.8182,.8654
4,"la_madeleine",.0,.0,.1,.3667,.425,.38,.0,.0,.1429,.5,.6429,.7143,.0,.0,.1176,.4231,.5117,.4961
5,"pont_alexandre_iii",1.0,1.0,.95,.9667,.975,.98,.2,.32,.32,.4,.48,.6,.3333,.4848,.4787,.5659,.6433,.7443
6,"neues_museum",.0,.0,.0,.0667,.275,.4,.0,.0,.0,.04,.28,.48,.0,.0,.0,.05,.2775,.4364
7,"montezuma_castle",1.0,.8,.55,.5667,.6,.6,.25,.3333,.4167,.5833,.75,.8333,.4,.4706,.4741,.5749,.6667,.6977
8,"cn_tower",.2,.6,.6,.6333,.625,.6,.0417,.2083,.4167,.5417,.5833,.625,.069,.3093,.4918,.5839,.6034,.6122
9,"acropolis_athens",.8,.7,.8,.8667,.875,.86,.0952,.1905,.4286,.4762,.5238,.5714,.1702,.2995,.5581,.6147,.6553,.6866
10,"agra_fort",.6,.8,.85,.9,.875,.9,.12,.24,.48,.6,.68,.68,.2,.3692,.6135,.72,.7653,.7747
11,"albert_memorial",.6,.8,.75,.7333,.775,.74,.0909,.1364,.1818,.3182,.4091,.5,.1579,.233,.2927,.4438,.5355,.5968
12,"altes_museum",1.0,.8,.65,.5333,.575,.6,.1667,.2917,.3333,.4167,.5417,.6667,.2857,.4275,.4407,.4678,.5578,.6316
13,"amiens_cathedral",1.0,1.0,.95,.9667,.95,.96,.2,.24,.48,.64,.72,.8,.3333,.3871,.6378,.7701,.8192,.8727
14,"angkor_wat",1.0,.9,.75,.6667,.675,.74,.12,.2,.4,.44,.52,.6,.2143,.3273,.5217,.5301,.5874,.6627
15,"ara_pacis",1.0,1.0,.75,.6333,.625,.66,.2273,.3636,.4545,.5,.5455,.5909,.3704,.5333,.566,.5588,.5825,.6235
16,"arc_de_triomphe",1.0,1.0,.95,.9,.825,.76,.1667,.1667,.4167,.4583,.625,.625,.2857,.2857,.5793,.6074,.7112,.6859
17,"aztec_ruins",.0,.0,.05,.2,.2,.22,.0,.0,.04,.2,.24,.32,.0,.0,.0444,.2,.2182,.2607
18,"berlin_cathedral",1.0,1.0,.95,.9667,.975,.98,.16,.32,.44,.56,.6,.64,.2759,.4848,.6014,.7092,.7429,.7743
19,"bok_tower_gardens",1.0,.8,.75,.8,.825,.84,.2,.28,.44,.64,.68,.72,.3333,.4148,.5546,.7111,.7455,.7754
20,"brandenburg_gate",1.0,1.0,1.0,1.0,1.0,.98,.16,.24,.28,.4,.52,.52,.2759,.3871,.4375,.5714,.6842,.6795
21,"cabrillo",.0,.3,.25,.2,.175,.2,.0,.2308,.3077,.3846,.4615,.6154,.0,.2609,.2759,.2632,.2538,.3019
22,"casa_batllo",1.0,1.0,1.0,1.0,1.0,.98,.16,.28,.36,.52,.68,.76,.2759,.4375,.5294,.6842,.8095,.8561
23,"casa_rosada",.6,.7,.85,.9,.925,.94,.08,.16,.28,.44,.52,.64,.1412,.2605,.4212,.591,.6657,.7615
24,"castillo_de_san_marcos",1.0,.9,.6,.6,.575,.58,.16,.24,.32,.4,.52,.56,.2759,.3789,.4174,.48,.5461,.5698
25,"chartres_cathedral",1.0,1.0,1.0,1.0,.975,.94,.16,.24,.52,.64,.72,.72,.2759,.3871,.6842,.7805,.8283,.8154
26,"chichen_itza",.8,.8,.8,.7667,.775,.82,.12,.2,.32,.44,.6,.68,.2087,.32,.4571,.5591,.6764,.7435
27,"christ_the_redeemer_rio",.6,.6,.75,.5667,.525,.52,.087,.2174,.2609,.3043,.4348,.4783,.1519,.3191,.3871,.396,.4757,.4983
28,"civic_center_san_francisco",.8,.8,.85,.8667,.8,.76,.16,.24,.44,.48,.56,.64,.2667,.3692,.5798,.6178,.6588,.6949
29,"cologne_cathedral",1.0,1.0,.95,.9667,.975,.98,.12,.2,.4,.48,.64,.72,.2143,.3333,.563,.6415,.7728,.8301
30,"colosseum",1.0,1.0,1.0,.9667,.95,.94,.12,.2,.36,.52,.6,.64,.2143,.3333,.5294,.6762,.7355,.7615
31,"doge_s_palace",1.0,1.0,.95,.8333,.8,.8,.12,.24,.32,.44,.48,.52,.2143,.3871,.4787,.5759,.6,.6303
32,"eiffel_tower",1.0,1.0,1.0,1.0,1.0,.96,.12,.16,.32,.36,.44,.52,.2143,.2759,.4848,.5294,.6111,.6746
33,"golden_gate_bridge",.8,.8,.85,.8333,.85,.76,.1304,.3043,.4348,.4783,.5217,.5217,.2243,.4409,.5753,.6077,.6466,.6187
34,"grand_palais",1.0,.9,.95,.9333,.925,.92,.0909,.2273,.3636,.5,.5455,.5455,.1667,.3629,.526,.6512,.6862,.6849
35,"guggenheim_museum_bilbao",1.0,1.0,1.0,1.0,1.0,1.0,.12,.2,.36,.44,.56,.64,.2143,.3333,.5294,.6111,.7179,.7805
36,"hagia_sophia_istanbul",1.0,1.0,1.0,1.0,.975,.96,.16,.24,.36,.44,.6,.64,.2759,.3871,.5294,.6111,.7429,.768
37,"hoover_dam",1.0,.9,.95,.9333,.925,.92,.12,.2,.36,.44,.6,.6,.2143,.3273,.5221,.5981,.7279,.7263
38,"humayun_tomb",1.0,.7,.7,.6333,.675,.74,.12,.16,.36,.44,.64,.68,.2143,.2605,.4755,.5193,.657,.7087
39,"iguazu_falls",.6,.7,.75,.7333,.8,.78,.08,.16,.32,.4,.56,.6,.1412,.2605,.4486,.5176,.6588,.6783
40,"iolani_palace",1.0,1.0,.95,.9333,.825,.68,.16,.2,.4,.56,.72,.72,.2759,.3333,.563,.7,.7689,.6994
41,"la_mezquita",.6,.8,.9,.8333,.775,.74,.125,.2917,.4583,.5,.5417,.625,.2069,.4275,.6074,.625,.6377,.6777
42,"la_rambla_barcelona",1.0,.9,.95,.9333,.925,.94,.12,.16,.36,.44,.52,.56,.2143,.2717,.5221,.5981,.6657,.7019
43,"la_sainte_chapelle",1.0,1.0,.95,.9333,.95,.96,.16,.28,.48,.64,.64,.64,.2759,.4375,.6378,.7593,.7648,.768
44,"liberty_memorial",.8,.6,.5,.6,.675,.72,.04,.12,.2,.32,.4,.48,.0762,.2,.2857,.4174,.5023,.576
45,"lincoln_home",1.0,.9,.9,.9333,.9,.92,.2222,.3333,.5,.7222,.7778,.8333,.3636,.4865,.6429,.8143,.8344,.8745
46,"machu_picchu",1.0,1.0,.8,.6667,.675,.72,.16,.28,.44,.52,.56,.68,.2759,.4375,.5677,.5843,.6121,.6994
47,"marble_arch_london",.8,.8,.6,.5,.525,.42,.3333,.5,.5833,.6667,.8333,.8333,.4706,.6154,.5915,.5714,.6442,.5585
48,"milan_cathedral",1.0,1.0,.9,.9,.875,.88,.12,.24,.28,.48,.64,.72,.2143,.3871,.4271,.6261,.7393,.792
49,"mole_antonelliana",1.0,.9,.95,.8667,.775,.82,.16,.2,.28,.4,.48,.48,.2759,.3273,.4325,.5474,.5928,.6055
50,"mont_saint_michel",1.0,1.0,1.0,1.0,1.0,.98,.2,.24,.48,.52,.6,.68,.3333,.3871,.6486,.6842,.75,.8029
51,"moulin_rouge",.0,.0,.0,.0,.025,.12,.0,.0,.0,.0,.125,.5,.0,.0,.0,.0,.0417,.1935
52,"nelson_s_column",1.0,.9,.95,.9667,.975,.94,.0833,.1667,.375,.5,.625,.625,.1538,.2812,.5377,.6591,.7617,.7508
53,"notre_dame_de_paris",.8,.9,.9,.9333,.925,.9,.16,.28,.44,.56,.64,.72,.2667,.4271,.591,.7,.7565,.8
54,"obelisco",.2,.1,.1,.1,.075,.14,.0909,.0909,.0909,.1818,.1818,.4545,.125,.0952,.0952,.129,.1062,.2141
55,"piccadilly_circus",1.0,.9,.85,.8333,.8,.78,.1304,.2174,.3913,.4783,.5217,.6087,.2308,.3502,.5359,.6077,.6316,.6838
56,"place_de_la_concorde",1.0,1.0,1.0,1.0,.975,.98,.12,.16,.28,.4,.56,.64,.2143,.2759,.4375,.5714,.7114,.7743
57,"place_de_la_republique",.2,.3,.4,.3333,.275,.24,.125,.375,.625,.75,.75,.875,.1538,.3333,.4878,.4615,.4024,.3767
58,"place_des_vosges",.8,.8,.75,.8333,.85,.8,.04,.12,.24,.36,.44,.6,.0762,.2087,.3636,.5028,.5798,.6857
59,"pont_du_gard",.8,.9,.85,.8667,.825,.8,.12,.24,.36,.44,.52,.56,.2087,.3789,.5058,.5837,.6379,.6588
60,"pont_neuf",1.0,1.0,.95,.8667,.825,.74,.16,.24,.4,.52,.64,.68,.2759,.3871,.563,.65,.7208,.7087
61,"ponte_vecchio",1.0,.9,.9,.9,.85,.8,.1667,.25,.375,.4583,.5417,.6667,.2857,.3913,.5294,.6074,.6617,.7273
62,"puerta_de_alcala",.2,.2,.35,.5333,.55,.58,.0526,.1053,.3158,.3684,.5263,.6316,.0833,.1379,.332,.4358,.5379,.6047
63,"puerta_del_sol",.8,.9,.7,.5667,.475,.38,.1,.25,.3,.4,.4,.4,.1778,.3913,.42,.469,.4343,.3897
64,"red_fort",1.0,1.0,1.0,1.0,1.0,1.0,.16,.32,.52,.6,.72,.76,.2759,.4848,.6842,.75,.8372,.8636
65,"reims_cathedral",1.0,1.0,.95,.9333,.9,.92,.12,.28,.44,.52,.6,.6,.2143,.4375,.6014,.6679,.72,.7263
66,"rialto_bridge",1.0,.8,.8,.7333,.625,.56,.1875,.25,.375,.5,.5625,.5625,.3158,.381,.5106,.5946,.5921,.5612
67,"roman_forum_rome",.6,.8,.75,.7333,.725,.72,.12,.24,.4,.52,.56,.6,.2,.3692,.5217,.6085,.6319,.6545
68,"sacre_coeur",.6,.3,.5,.5667,.575,.62,.0833,.0833,.2917,.3333,.4583,.5417,.1463,.1304,.3684,.4198,.5101,.5782
69,"sagrada_familia",1.0,.9,.95,.9333,.925,.92,.16,.28,.4,.48,.52,.6,.2759,.4271,.563,.634,.6657,.7263
70,"santa_maria_novella",.6,.4,.45,.5333,.5,.56,.08,.12,.28,.44,.52,.56,.1412,.1846,.3452,.4822,.5098,.56
71,"schonbrunn_palace",1.0,1.0,.95,.9667,.975,.98,.12,.28,.44,.52,.52,.56,.2143,.4375,.6014,.6762,.6783,.7127
72,"seville_cathedral",.4,.7,.8,.8333,.875,.9,.08,.24,.4,.4,.64,.68,.1333,.3574,.5333,.5405,.7393,.7747
73,"spanish_steps",1.0,1.0,.75,.7667,.675,.7,.1364,.1818,.3636,.5909,.5909,.7273,.24,.3077,.4898,.6674,.6302,.7134
74,"st__basil_cathedral",1.0,.9,.9,.8667,.875,.86,.16,.28,.44,.52,.6,.64,.2759,.4271,.591,.65,.7119,.7339
75,"statue_of_liberty",1.0,1.0,.9,.8667,.825,.8,.12,.16,.4,.48,.56,.6,.2143,.2759,.5538,.6178,.6671,.6857
76,"stonehenge",1.0,.7,.75,.7,.625,.56,.1579,.2105,.3684,.5263,.5263,.5789,.2727,.3237,.4941,.6009,.5714,.5693
77,"summer_palace_beijing",1.0,1.0,1.0,1.0,.975,.92,.16,.28,.4,.56,.68,.68,.2759,.4375,.5714,.7179,.8012,.782
78,"sydney_opera_house",1.0,1.0,1.0,.9333,.9,.9,.12,.28,.4,.48,.48,.6,.2143,.4375,.5714,.634,.6261,.72
79,"teotihuacan",.8,.7,.65,.5333,.575,.62,.16,.24,.4,.4,.52,.64,.2667,.3574,.4952,.4571,.5461,.6298
80,"terracotta_army",1.0,.8,.65,.5,.5,.52,.25,.3,.45,.5,.55,.65,.4,.4364,.5318,.5,.5238,.5778
81,"the_blue_mosque",.6,.7,.8,.8333,.875,.9,.08,.16,.28,.44,.56,.6,.1412,.2605,.4148,.5759,.6829,.72
82,"the_henry_ford",1.0,1.0,1.0,.7667,.675,.66,.12,.28,.36,.4,.52,.6,.2143,.4375,.5294,.5257,.5874,.6286
83,"taj_mahal",1.0,.9,.85,.8667,.875,.84,.16,.28,.44,.44,.56,.68,.2759,.4271,.5798,.5837,.6829,.7516
84,"tour_montparnasse",.6,.7,.75,.7333,.6,.48,.1,.2,.35,.55,.55,.55,.1714,.3111,.4773,.6286,.5739,.5126
85,"tower_bridge_london",1.0,1.0,.75,.6,.525,.52,.12,.28,.36,.44,.48,.52,.2143,.4375,.4865,.5077,.5015,.52
86,"trafalgar_square",.4,.4,.5,.4333,.4,.42,.0909,.1818,.2273,.3182,.3636,.4545,.1481,.25,.3125,.3669,.381,.4366
87,"leaning_tower_of_pisa",.6,.6,.6,.4667,.5,.5,.12,.16,.32,.4,.44,.52,.2,.2526,.4174,.4308,.4681,.5098
88,"hermitage_museum_saint_petersburg",1.0,1.0,.75,.7333,.775,.8,.12,.24,.24,.44,.56,.56,.2143,.3871,.3636,.55,.6502,.6588
89,"jantar_mantar_jaipur",.4,.7,.75,.7333,.775,.82,.08,.16,.36,.48,.64,.76,.1333,.2605,.4865,.5802,.7011,.7889
90,"lake_titicaca_peru",.6,.5,.55,.5333,.475,.48,.0833,.1667,.2917,.375,.4167,.5833,.1463,.25,.3812,.4404,.4439,.5266
91,"the_great_wall_of_china",.8,.7,.75,.8333,.875,.86,.16,.2,.36,.44,.52,.56,.2667,.3111,.4865,.5759,.6523,.6783
92,"grande_arche_paris",.6,.8,.75,.6667,.625,.64,.12,.2,.32,.32,.36,.4,.2,.32,.4486,.4324,.4569,.4923
93,"el_angel_mexico",1.0,.9,.85,.7333,.7,.6,.1905,.2857,.4762,.5714,.6667,.7143,.32,.4337,.6104,.6423,.6829,.6522
94,"bibliotheque_nationale_de_france",.4,.6,.65,.7,.725,.76,.08,.12,.2,.36,.52,.6,.1333,.2,.3059,.4755,.6056,.6706
95,"kronborg_castle",.4,.6,.6,.6333,.625,.68,.0833,.25,.4167,.5,.5417,.625,.1379,.3529,.4918,.5588,.5804,.6513
96,"ajanta_caves",.8,.8,.8,.8667,.9,.92,.0909,.2273,.4091,.5455,.5909,.6364,.1633,.354,.5414,.6695,.7134,.7523
97,"atomium",.8,.9,.95,.9667,.975,.96,.1905,.3333,.381,.4286,.4286,.4762,.3077,.4865,.5438,.5939,.5954,.6366
98,"ellora_caves",1.0,1.0,1.0,.9333,.925,.94,.1818,.1818,.3182,.4091,.4545,.5,.3077,.3077,.4828,.5688,.6096,.6528
99,"potala_palace",.8,.9,.9,.9,.925,.86,.1111,.1667,.2778,.5,.5556,.6111,.1951,.2812,.4245,.6429,.6942,.7145
100,"jokhang",.8,.7,.85,.8333,.825,.86,.12,.16,.44,.6,.64,.72,.2087,.2605,.5798,.6977,.7208,.7838
101,"rila_monastery",.4,.7,.75,.8333,.875,.9,.08,.24,.28,.4,.44,.44,.1333,.3574,.4078,.5405,.5856,.591
102,"louvre_pyramid",1.0,1.0,1.0,.9667,.95,.9,.1111,.2222,.3889,.5,.5556,.5556,.2,.3636,.56,.6591,.7011,.687
103,"brooklyn_bridge",1.0,.9,.9,.9333,.9,.82,.0476,.2381,.381,.381,.5238,.5238,.0909,.3766,.5353,.5411,.6622,.6393
104,"tower_of_london",.6,.6,.75,.7667,.775,.78,.0435,.087,.2609,.4348,.5217,.5652,.0811,.1519,.3871,.5549,.6236,.6555
105,"british_museum_london",1.0,1.0,1.0,1.0,.975,.98,.1,.15,.35,.4,.55,.6,.1818,.2609,.5185,.5714,.7033,.7443
106,"buckingham_palace",.4,.6,.5,.5,.5,.44,.1,.2,.25,.3,.35,.35,.16,.3,.3333,.375,.4118,.3899
107,"charles_bridge_prague",1.0,1.0,.9,.8,.65,.6,.0833,.1667,.25,.2917,.3333,.4167,.1538,.2857,.3913,.4275,.4407,.4918
108,"champs_elysees_paris",.4,.6,.5,.5667,.6,.62,.1333,.2,.2667,.4,.5333,.5333,.2,.3,.3478,.469,.5647,.5734
109,"chrysler_building",1.0,1.0,1.0,1.0,1.0,.96,.1429,.2857,.5,.5714,.8571,.8571,.25,.4444,.6667,.7273,.9231,.9057
110,"moma_new_york",.6,.8,.85,.9,.925,.9,.1053,.1579,.2632,.4737,.5263,.5263,.1791,.2637,.4019,.6207,.6709,.6642
111,"grand_central_terminal",1.0,1.0,1.0,1.0,.95,.96,.0952,.1905,.2857,.3333,.4286,.4762,.1739,.32,.4444,.5,.5907,.6366
112,"houses_of_parliament",1.0,1.0,1.0,1.0,.975,.98,.1304,.2174,.3043,.3478,.4783,.4783,.2308,.3571,.4667,.5161,.6417,.6428
113,"alexanderplatz_berlin",.0,.0,.3,.5,.55,.58,.0,.0,.2,.32,.36,.48,.0,.0,.24,.3902,.4352,.5253
114,"centre_pompidou",.8,.8,.65,.7,.625,.66,.2222,.3333,.4444,.5,.5,.5,.3478,.4706,.5279,.5833,.5556,.569
115,"sydney_harbour_bridge",1.0,1.0,1.0,1.0,1.0,1.0,.1875,.3125,.5,.5625,.5625,.6875,.3158,.4762,.6667,.72,.72,.8148
116,"pier_39",1.0,1.0,.95,.9333,.925,.92,.1905,.2381,.381,.5238,.5714,.6667,.32,.3846,.5438,.671,.7064,.7731
117,"coit_tower",.6,.7,.55,.5333,.55,.54,.1333,.2,.2667,.3333,.4667,.4667,.2182,.3111,.3592,.4103,.5049,.5007
118,"st_paul_s_cathedral_london",1.0,1.0,.9,.9,.875,.84,.2353,.3529,.5294,.6471,.6471,.7059,.381,.5217,.6667,.7529,.744,.7671
119,"cloud_gate",.8,.7,.75,.7,.6,.6,.25,.25,.3333,.4167,.5833,.6667,.381,.3684,.4615,.5224,.5915,.6316
120,"musee_d_orsay",1.0,1.0,.85,.8667,.9,.92,.0952,.1429,.2857,.4762,.5714,.5714,.1739,.25,.4277,.6147,.699,.705
121,"pike_place_market",1.0,.9,.85,.8667,.875,.82,.1905,.2857,.381,.5238,.5238,.5714,.32,.4337,.5261,.653,.6553,.6735
122,"royal_palace_madrid",.8,.8,.85,.8333,.8,.84,.1818,.2273,.3636,.4091,.4545,.5909,.2963,.354,.5094,.5488,.5797,.6938
123,"sony_center_berlin",.8,.9,.95,.9667,.975,.94,.1429,.1905,.381,.4762,.5238,.5238,.2424,.3144,.5438,.6381,.6815,.6727
124,"red_square_moscow",.8,.8,.75,.6333,.65,.66,.1429,.1429,.381,.4286,.4762,.5714,.2424,.2424,.5053,.5112,.5497,.6125
125,"prague_castle",.8,.9,.95,.8333,.85,.84,.12,.28,.48,.52,.64,.72,.2087,.4271,.6378,.6404,.7302,.7754
126,"musee_du_louvre",1.0,.9,.95,.9667,.975,.98,.16,.2,.4,.56,.56,.64,.2759,.3273,.563,.7092,.7114,.7743
127,"millennium_bridge_london",.8,.9,.75,.8333,.825,.8,.12,.28,.36,.4,.48,.56,.2087,.4271,.4865,.5405,.6069,.6588
128,"casa_mila",1.0,1.0,1.0,.9667,.95,.94,.2,.24,.44,.6,.68,.72,.3333,.3871,.6111,.7404,.7926,.8154
129,"national_gallery_london",1.0,1.0,.85,.6333,.625,.68,.1818,.2727,.4091,.4545,.5455,.5909,.3077,.4286,.5523,.5292,.5825,.6323
130,"national_mall",1.0,1.0,.95,.9333,.925,.9,.16,.36,.48,.68,.72,.72,.2759,.5294,.6378,.7868,.8097,.8
131,"london_city_hall",1.0,1.0,1.0,.9667,.9,.92,.2,.4,.5,.5,.5,.7,.3333,.5714,.6667,.6591,.6429,.7951
132,"holocaust_memorial",.8,.9,.75,.7,.725,.66,.125,.3125,.4375,.5,.5625,.5625,.2162,.4639,.5526,.5833,.6335,.6074
133,"columbus_circle",.4,.7,.8,.7667,.7,.58,.08,.2,.48,.64,.68,.68,.1333,.3111,.6,.6976,.6899,.626
134,"siegessaeule",1.0,1.0,1.0,.9333,.8,.72,.16,.2,.52,.64,.68,.72,.2759,.3333,.6842,.7593,.7351,.72
135,"jardin_du_luxembourg",1.0,1.0,1.0,1.0,1.0,1.0,.16,.28,.44,.56,.68,.76,.2759,.4375,.6111,.7179,.8095,.8636
136,"merlion_singapore",.0,.1,.1,.1333,.175,.22,.0,.0455,.0909,.1818,.2727,.3636,.0,.0625,.0952,.1538,.2132,.2741
137,"harrods_london",1.0,1.0,.95,.8667,.775,.78,.16,.24,.48,.56,.56,.64,.2759,.3871,.6378,.6804,.6502,.7031
138,"metropolitan_museum_of_art_new_york",1.0,1.0,.95,.9,.925,.94,.2,.28,.4,.44,.52,.68,.3333,.4375,.563,.591,.6657,.7891
139,"new_york_stock_exchange",.8,.9,.9,.8333,.775,.66,.2,.25,.4,.45,.5,.5,.32,.3913,.5538,.5844,.6078,.569
140,"stephansdom_vienna",1.0,1.0,1.0,1.0,1.0,1.0,.12,.28,.56,.6,.64,.72,.2143,.4375,.7179,.75,.7805,.8372
141,"hms_belfast",1.0,1.0,.95,.9667,.975,.94,.16,.28,.32,.44,.52,.6,.2759,.4375,.4787,.6047,.6783,.7325
142,"leicester_square",1.0,1.0,.95,.8,.8,.74,.12,.16,.32,.4,.52,.56,.2143,.2759,.4787,.5333,.6303,.6375
143,"ciudad_de_las_artes_y_las_ciencias",1.0,.9,.9,.9,.9,.92,.16,.28,.36,.48,.56,.64,.2759,.4271,.5143,.6261,.6904,.7549
144,"topkapi_palace",1.0,1.0,.95,.9333,.95,.96,.16,.28,.4,.48,.68,.76,.2759,.4375,.563,.634,.7926,.8484
145,"royal_albert_hall",1.0,1.0,.95,.8333,.725,.72,.12,.2,.4,.44,.48,.52,.2143,.3333,.563,.5759,.5776,.6039
146,"st_vitus_cathedral",.8,.9,.9,.9,.9,.92,.16,.32,.44,.48,.56,.64,.2667,.4721,.591,.6261,.6904,.7549
147,"castello_sforzesco",1.0,.9,.85,.8333,.825,.86,.16,.2,.36,.36,.48,.52,.2759,.3273,.5058,.5028,.6069,.6481
148,"rijksmuseum_amsterdam",1.0,1.0,1.0,1.0,1.0,1.0,.12,.12,.28,.4,.48,.64,.2143,.2143,.4375,.5714,.6486,.7805
149,"dam_square",.8,.7,.7,.6667,.65,.7,.16,.2,.32,.36,.36,.44,.2667,.3111,.4392,.4675,.4634,.5404
150,"rathaus_vienna",1.0,1.0,.95,.9,.775,.7,.16,.16,.16,.24,.32,.36,.2759,.2759,.2739,.3789,.453,.4755
151,"bath_abbey",1.0,1.0,1.0,1.0,1.0,.96,.16,.32,.44,.48,.6,.72,.2759,.4848,.6111,.6486,.75,.8229
152,"salisbury_cathedral",1.0,1.0,1.0,1.0,1.0,1.0,.2,.2,.32,.36,.52,.52,.3333,.3333,.4848,.5294,.6842,.6842
153,"templo_de_debod",.2,.3,.3,.3667,.4,.44,.0455,.0909,.1818,.2727,.3182,.3636,.0741,.1395,.2264,.3128,.3544,.3982
154,"Niagara_Falls",.4,.6,.7,.6333,.6,.66,.0909,.2273,.3636,.4091,.4545,.5455,.1481,.3297,.4786,.4971,.5172,.5973
155,"Golden_Gate_Bridge_in_San_Francisco",1.0,.8,.9,.9333,.925,.94,.0909,.2273,.4091,.4545,.5455,.7273,.1667,.354,.5625,.6114,.6862,.8201
156,"Neuschwanstein_Castle",1.0,1.0,.95,.9667,.975,.96,.12,.2,.36,.6,.68,.68,.2143,.3333,.5221,.7404,.8012,.7961
157,"Christ_Church_Cathedral_Missouri",1.0,1.0,1.0,1.0,1.0,1.0,.16,.32,.48,.52,.6,.64,.2759,.4848,.6486,.6842,.75,.7805
158,"Mount_Rushmore_in_South_Dakota",.8,.8,.9,.9333,.95,.96,.12,.24,.28,.4,.6,.6,.2087,.3692,.4271,.56,.7355,.7385
159,"Puerta_de_Toledo",.4,.3,.15,.1,.075,.06,1.0,1.0,1.0,1.0,1.0,1.0,.5714,.4615,.2609,.1818,.1395,.1132
160,"Urquhart_Castle",1.0,.9,.8,.8,.775,.82,.2083,.3333,.375,.4583,.5417,.625,.3448,.4865,.5106,.5828,.6377,.7093
161,"Gare_du_Nord_Paris",.8,.6,.7,.7667,.825,.78,.16,.2,.24,.32,.44,.44,.2667,.3,.3574,.4515,.5739,.5626
162,"Newgrange_in_Ireland",.4,.6,.65,.6333,.625,.6,.0833,.1667,.375,.4583,.5,.5,.1379,.2609,.4756,.5318,.5556,.5455
163,"Windmills_at_Kinderdijk",1.0,1.0,.9,.8333,.825,.84,.16,.28,.36,.44,.52,.52,.2759,.4375,.5143,.5759,.6379,.6424
164,"Conciergerie",.8,.9,.95,.9667,.975,.98,.08,.24,.48,.56,.68,.72,.1455,.3789,.6378,.7092,.8012,.8301
165,"Palazzo_Madama",1.0,1.0,.85,.8667,.75,.74,.2273,.4091,.5,.6364,.6364,.7273,.3704,.5806,.6296,.7339,.6885,.7336
166,"Split_Rock_Lighthouse",1.0,1.0,1.0,.9333,.925,.9,.12,.2,.24,.28,.36,.52,.2143,.3333,.3871,.4308,.5183,.6592
167,"The_Little_Mermaid_Denmark",1.0,1.0,.95,.9333,.9,.84,.2143,.3571,.5714,.6429,.7857,.9286,.3529,.5263,.7136,.7613,.839,.8821
168,"Great_Pyramid_of_Giza",.8,.7,.65,.6333,.625,.64,.2,.3333,.4667,.6667,.7333,.7333,.32,.4516,.5433,.6496,.6748,.6835
169,"Pitti_Palace",.8,.9,.75,.7667,.775,.76,.0909,.1818,.4091,.4545,.5909,.6364,.1633,.3025,.5294,.5707,.6705,.6927
170,"Georgia_State_Capitol",.8,.9,.85,.6333,.475,.38,.1579,.2105,.2632,.2632,.2632,.2632,.2637,.3412,.4019,.3718,.3387,.311
171,"Dome_des_Invalides",1.0,1.0,.95,.9667,.975,.98,.16,.32,.36,.36,.48,.52,.2759,.4848,.5221,.5246,.6433,.6795
172,"Reggia_di_Caserta",1.0,.7,.55,.4333,.5,.54,.16,.24,.36,.36,.48,.52,.2759,.3574,.4352,.3933,.4898,.5298
173,"The_Burj_al_Arab_Hotel",.8,.8,.75,.8,.825,.82,.16,.28,.4,.44,.56,.6,.2667,.4148,.5217,.5677,.6671,.693
174,"Elephanta_Caves",1.0,1.0,1.0,1.0,.975,.96,.1667,.25,.4583,.5833,.6667,.7083,.2857,.4,.6286,.7368,.7919,.8152
175,"Basilica_of_Santa_Croce",1.0,1.0,1.0,1.0,1.0,1.0,.12,.16,.28,.44,.64,.64,.2143,.2759,.4375,.6111,.7805,.7805
176,"Aachen_Cathedral",1.0,.9,.95,.9667,.95,.92,.16,.24,.4,.48,.56,.64,.2759,.3789,.563,.6415,.7046,.7549
177,"Monument_to_the_Great_Fire_of_London",1.0,.7,.55,.5333,.5,.52,.2,.24,.32,.4,.44,.6,.3333,.3574,.4046,.4571,.4681,.5571
178,"Longmen_Grottoes",.8,.8,.7,.7,.675,.66,.16,.24,.4,.6,.68,.72,.2667,.3692,.5091,.6462,.6775,.6887
179,"Louisiana_State_Capitol",.4,.4,.25,.1667,.2,.26,.08,.12,.16,.16,.24,.36,.1333,.1846,.1951,.1633,.2182,.3019
180,"The_Great_Sphinx_at_Giza",1.0,1.0,.9,.8667,.85,.86,.16,.2,.32,.48,.56,.6,.2759,.3333,.4721,.6178,.6752,.7068
181,"Teatro_Real_Madrid",1.0,1.0,1.0,.9333,.8,.72,.1739,.3478,.5652,.6522,.7391,.7826,.2963,.5161,.7222,.7678,.7684,.75
182,"Palacio_de_la_Magdalena",.6,.7,.8,.8333,.8,.8,.12,.24,.4,.48,.6,.64,.2,.3574,.5333,.6091,.6857,.7111
183,"Sowjetisches_Ehrenmal",.4,.4,.55,.6333,.65,.7,.08,.12,.28,.4,.56,.68,.1333,.1846,.3711,.4903,.6017,.6899
184,"Cathedral_of_Trier",1.0,1.0,1.0,1.0,.95,.9,.2,.32,.52,.6,.72,.76,.3333,.4848,.6842,.75,.8192,.8241
185,"Saint_Mary_of_the_Flower",.2,.1,.1,.1667,.275,.32,.04,.04,.08,.2,.36,.4,.0667,.0571,.0889,.1818,.3118,.3556
186,"Skellig_Michael",.8,.7,.7,.6333,.625,.68,.16,.24,.44,.52,.6,.6,.2667,.3574,.5404,.5711,.6122,.6375
187,"Chicago_Board_of_Trade_Building",1.0,1.0,.95,.9333,.9,.78,.2273,.3182,.5909,.5909,.6364,.6818,.3704,.4828,.7286,.7237,.7456,.7276
188,"Pont_de_Normandie_France",1.0,1.0,1.0,1.0,.975,.94,.2105,.3684,.5789,.7368,.7895,.8947,.3478,.5385,.7333,.8485,.8725,.9168
189,"Palazzo_Rosso",.0,.0,.05,.1,.125,.12,.0,.0,.0417,.125,.1667,.2083,.0,.0,.0455,.1111,.1429,.1523
190,"Piazza_Vittorio_Veneto",1.0,.9,.7,.5667,.5,.4,.1875,.3125,.4375,.5,.625,.625,.3158,.4639,.5385,.5312,.5556,.4878
191,"Sforza_Castle",1.0,1.0,.95,.9333,.95,.96,.16,.36,.44,.56,.64,.68,.2759,.5294,.6014,.7,.7648,.7961
192,"Torres_KIO",1.0,.9,.95,.9333,.95,.88,.2,.28,.36,.44,.6,.6,.3333,.4271,.5221,.5981,.7355,.7135
193,"Torre_Picasso",1.0,1.0,1.0,.9333,.8,.68,.1667,.2917,.5,.5833,.625,.6667,.2857,.4516,.6667,.7179,.7018,.6733
194,"The_Palace_of_Parliament_in_Bucharest",1.0,.9,.95,.9667,.95,.96,.2,.2,.24,.28,.44,.52,.3333,.3273,.3832,.4342,.6014,.6746
195,"Ernest_Hemingway_House",.8,.9,.9,.8667,.825,.76,.08,.28,.48,.56,.64,.64,.1455,.4271,.6261,.6804,.7208,.6949
196,"Castel_dellOvo_Napoli",.8,.9,.85,.8667,.9,.9,.16,.32,.48,.6,.68,.76,.2667,.4721,.6135,.7091,.7747,.8241
197,"Villa_Borghese_gardens",1.0,1.0,1.0,1.0,1.0,1.0,.16,.32,.48,.6,.76,.76,.2759,.4848,.6486,.75,.8636,.8636
198,"Saint_Marks_Basilica",1.0,1.0,1.0,1.0,1.0,.98,.16,.28,.36,.4,.44,.44,.2759,.4375,.5294,.5714,.6111,.6073
199,"Mausoleum_of_the_First_Qin_Emperor",.8,.9,.9,.8667,.775,.78,.16,.32,.4,.48,.52,.6,.2667,.4721,.5538,.6178,.6224,.6783
200,"Mausoleum_of_Hadrian",1.0,1.0,.9,.9333,.85,.74,.1111,.2222,.4444,.5556,.6111,.6111,.2,.3636,.595,.6965,.711,.6694
201,"Piazza_de_Ferrari",1.0,1.0,.95,.9333,.95,.94,.2105,.3158,.3684,.4737,.5263,.5789,.3478,.48,.5309,.6284,.6774,.7166
202,"George_Washington_Carver",.2,.6,.8,.7667,.675,.64,.0625,.25,.4375,.4375,.5,.625,.0952,.3529,.5657,.5571,.5745,.6324
203,"Cathedral_of_Santiago_de_Compostela",1.0,1.0,1.0,.9,.875,.86,.1765,.2941,.4706,.6471,.7647,.7647,.3,.4545,.64,.7529,.8161,.8096
204,"Saint-Jacques_Tower",.8,.8,.75,.7333,.725,.7,.1538,.2308,.4615,.4615,.6154,.6154,.2581,.3582,.5714,.5665,.6657,.655
205,"Calakmul_Campeche_Mexico",1.0,1.0,.9,.9333,.925,.9,.2143,.2857,.4286,.5,.6429,.7143,.3529,.4444,.5806,.6512,.7585,.7965
206,"Bran_Castle_in_Transylvania",1.0,1.0,.9,.9,.9,.86,.1579,.2632,.3684,.4737,.5789,.6842,.2727,.4167,.5228,.6207,.7046,.7621
207,"Mosteiro_da_Batalha",1.0,1.0,1.0,1.0,1.0,1.0,.2632,.2632,.4737,.5789,.6842,.7368,.4167,.4167,.6429,.7333,.8125,.8485
208,"Wartburg_Castle",.8,.9,.9,.9333,.9,.88,.15,.3,.55,.6,.7,.8,.2526,.45,.6828,.7304,.7875,.8381
209,"Fujian_Tulou_Fujian_China",1.0,1.0,1.0,1.0,.975,.98,.2222,.3333,.3889,.5556,.6667,.7222,.3636,.5,.56,.7143,.7919,.8316
210,"Alabama_State_Capitol",.6,.5,.7,.6667,.7,.7,.1429,.2381,.4762,.6667,.8095,.8571,.2308,.3226,.5668,.6667,.7508,.7706
211,"Palazzo_dAccursio",1.0,1.0,1.0,.9,.875,.86,.1667,.2778,.3333,.3889,.5,.5556,.2857,.4348,.5,.5431,.6364,.675
212,"Casa_Grande_Ruins",1.0,.8,.9,.8333,.825,.84,.1765,.2353,.4118,.4706,.4706,.5294,.3,.3636,.565,.6015,.5993,.6495
213,"Stravinsky_Fountain",1.0,1.0,1.0,1.0,.975,.94,.1333,.2667,.3333,.5333,.6,.6,.2353,.4211,.5,.6957,.7429,.7325
214,"Angel_Falls_Venezuela",.8,.7,.6,.5667,.55,.48,.2353,.2941,.4118,.5294,.5882,.6471,.3636,.4142,.4884,.5474,.5685,.5511
215,"Statue_of_George_IV",1.0,.9,.7,.5667,.6,.52,.5,.5,.75,.75,.875,.875,.6667,.6429,.7241,.6456,.7119,.6523
216,"Palacio_Barolo",.6,.6,.8,.8667,.9,.92,.1765,.2941,.3529,.5294,.5882,.5882,.2727,.3947,.4898,.6573,.7115,.7176
217,"Bridge_of_Remembrance_Christchurch_New_Zealand",1.0,1.0,1.0,1.0,.9,.82,.3333,.4167,.75,.9167,1.0,1.0,.5,.5882,.8571,.9565,.9474,.9011
218,"John_A._Roebling_Suspension_Bridge",.0,.1,.35,.3667,.4,.4,.0,.0667,.3333,.5333,.6667,.7333,.0,.08,.3415,.4346,.5,.5176
219,"Blue_Dome_Santorini",1.0,1.0,.9,.9333,.95,.96,.3125,.375,.5,.625,.6875,.8125,.4762,.5455,.6429,.7487,.7977,.8801
220,"Fossar_de_les_Moreres",.8,.9,.85,.6667,.55,.46,.2143,.3571,.6429,.6429,.7143,.7143,.338,.5114,.7321,.6545,.6215,.5596
221,"Luxor_Obelisk_France",1.0,.9,.8,.8,.675,.7,.1875,.25,.3125,.375,.375,.375,.3158,.3913,.4494,.5106,.4821,.4884
222,"Valle_de_los_Caidos",1.0,1.0,.85,.9,.9,.9,.2,.4,.45,.6,.65,.65,.3333,.5714,.5885,.72,.7548,.7548
--------------------
"--","Avg.",P@5,P@10,P@20,P@30,P@40,P@50,CR@5,CR@10,CR@20,CR@30,CR@40,CR@50,F1@5,F1@10,F1@20,F1@30,F1@40,F1@50
,.,8216,.8221,.805,.7905,.7768,.7672,.1463,.2394,.3783,.4746,.5594,.6178,.2411,.3619,.5031,.5798,.6368,.6686
