--------------------
"Run name","output_runDICEDtrs"
--------------------
"Average P@20 = ",.7453
"Average CR@20 = ",.3829
"Average F1@20 = ",.4941
--------------------
"Query Id ","Location name",P@5,P@10,P@20,P@30,P@40,P@50,CR@5,CR@10,CR@20,CR@30,CR@40,CR@50,F1@5,F1@10,F1@20,F1@30,F1@40,F1@50
1,"angel_of_the_north",1.0,1.0,1.0,1.0,1.0,.96,.2,.32,.4,.56,.6,.64,.3333,.4848,.5714,.7179,.75,.768
2,"big_ben",.6,.6,.55,.5667,.525,.54,.1364,.2727,.4091,.5,.5,.5455,.2222,.375,.4692,.5312,.5122,.5427
3,"hearst_castle",1.0,1.0,.95,.9667,.95,.94,.2083,.375,.5417,.5833,.7083,.75,.3448,.5455,.6899,.7276,.8116,.8343
4,"la_madeleine",.0,.2,.3,.3,.35,.34,.0,.1429,.2143,.3571,.5714,.5714,.0,.1667,.25,.3261,.4341,.4263
5,"pont_alexandre_iii",1.0,.8,.9,.9,.925,.92,.12,.2,.36,.48,.6,.64,.2143,.32,.5143,.6261,.7279,.7549
6,"neues_museum",.6,.6,.6,.6333,.65,.64,.12,.2,.32,.44,.52,.6,.2,.3,.4174,.5193,.5778,.6194
7,"montezuma_castle",.6,.7,.7,.7667,.775,.74,.25,.5,.75,.8333,.8333,.9167,.3529,.5833,.7241,.7986,.8031,.8189
8,"cn_tower",1.0,.9,.7,.7,.625,.6,.1667,.2917,.2917,.4167,.5417,.5417,.2857,.4406,.4118,.5224,.5804,.5693
9,"acropolis_athens",.6,.7,.7,.6667,.7,.74,.1429,.2381,.3333,.4286,.5238,.5714,.2308,.3553,.4516,.5217,.5992,.6449
10,"agra_fort",1.0,.9,.75,.8333,.8,.84,.2,.32,.48,.6,.64,.76,.3333,.4721,.5854,.6977,.7111,.798
11,"albert_memorial",.4,.5,.5,.4667,.5,.46,.0909,.2273,.3182,.3636,.3636,.3636,.1481,.3125,.3889,.4088,.4211,.4062
12,"altes_museum",1.0,.9,.95,.9667,.975,.98,.1667,.1667,.3333,.5417,.625,.7083,.2857,.2812,.4935,.6943,.7617,.8223
13,"amiens_cathedral",1.0,1.0,.95,.9667,.975,.96,.2,.28,.36,.64,.68,.76,.3333,.4375,.5221,.7701,.8012,.8484
14,"angkor_wat",1.0,.8,.75,.7667,.775,.74,.2,.2,.28,.52,.64,.68,.3333,.32,.4078,.6197,.7011,.7087
15,"ara_pacis",.6,.7,.7,.7333,.7,.7,.1364,.2727,.3636,.5455,.5909,.6818,.2222,.3925,.4786,.6256,.6408,.6908
16,"arc_de_triomphe",.8,.7,.6,.5333,.6,.6,.1667,.25,.4167,.4167,.5833,.5833,.2759,.3684,.4918,.4678,.5915,.5915
17,"aztec_ruins",.4,.4,.35,.3333,.325,.3,.04,.12,.24,.32,.32,.4,.0727,.1846,.2847,.3265,.3225,.3429
18,"berlin_cathedral",1.0,1.0,.95,.9667,.975,.98,.2,.32,.44,.52,.6,.64,.3333,.4848,.6014,.6762,.7429,.7743
19,"bok_tower_gardens",1.0,1.0,.95,.8667,.875,.88,.16,.28,.36,.48,.64,.76,.2759,.4375,.5221,.6178,.7393,.8156
20,"brandenburg_gate",.8,.9,.8,.8667,.875,.88,.16,.28,.44,.52,.72,.8,.2667,.4271,.5677,.65,.79,.8381
21,"cabrillo",.4,.5,.35,.3333,.25,.24,.1538,.3077,.3846,.5385,.5385,.6923,.2222,.381,.3665,.4118,.3415,.3564
22,"casa_batllo",1.0,.9,.9,.9333,.95,.96,.16,.28,.48,.64,.64,.64,.2759,.4271,.6261,.7593,.7648,.768
23,"casa_rosada",1.0,1.0,.95,.8667,.85,.82,.2,.32,.32,.48,.64,.72,.3333,.4848,.4787,.6178,.7302,.7668
24,"castillo_de_san_marcos",.6,.6,.6,.6667,.675,.7,.12,.2,.36,.44,.6,.6,.2,.3,.45,.5301,.6353,.6462
25,"chartres_cathedral",1.0,1.0,1.0,1.0,.975,.94,.16,.24,.4,.68,.68,.76,.2759,.3871,.5714,.8095,.8012,.8405
26,"chichen_itza",.8,.9,.8,.8333,.85,.86,.16,.36,.48,.52,.6,.76,.2667,.5143,.6,.6404,.7034,.8069
27,"christ_the_redeemer_rio",.6,.5,.6,.6333,.625,.66,.1304,.1739,.2609,.3913,.5217,.5652,.2143,.2581,.3636,.4837,.5687,.6089
28,"civic_center_san_francisco",.6,.6,.6,.5667,.575,.58,.12,.2,.28,.4,.48,.52,.2,.3,.3818,.469,.5232,.5484
29,"cologne_cathedral",1.0,1.0,1.0,.9667,.975,.96,.12,.28,.36,.44,.52,.64,.2143,.4375,.5294,.6047,.6783,.768
30,"colosseum",1.0,1.0,.95,.9333,.925,.9,.16,.28,.32,.48,.56,.68,.2759,.4375,.4787,.634,.6976,.7747
31,"doge_s_palace",.6,.7,.75,.7333,.75,.74,.12,.28,.32,.4,.48,.52,.2,.4,.4486,.5176,.5854,.6108
32,"eiffel_tower",.8,.9,.85,.7333,.775,.76,.16,.28,.44,.44,.52,.56,.2667,.4271,.5798,.55,.6224,.6448
33,"golden_gate_bridge",.8,.9,.9,.8667,.775,.7,.1304,.2174,.4348,.4783,.5652,.5652,.2243,.3502,.5863,.6164,.6537,.6254
34,"grand_palais",1.0,1.0,.95,.9667,.95,.92,.1818,.2727,.4545,.5,.6364,.6818,.3077,.4286,.6149,.6591,.7622,.7832
35,"guggenheim_museum_bilbao",.8,.7,.85,.8,.85,.88,.08,.2,.36,.52,.6,.68,.1455,.3111,.5058,.6303,.7034,.7672
36,"hagia_sophia_istanbul",1.0,1.0,1.0,.9667,.975,.98,.2,.32,.56,.6,.64,.72,.3333,.4848,.7179,.7404,.7728,.8301
37,"hoover_dam",1.0,1.0,.95,.9333,.9,.92,.16,.24,.4,.52,.56,.68,.2759,.3871,.563,.6679,.6904,.782
38,"humayun_tomb",1.0,1.0,.8,.7333,.725,.74,.2,.24,.32,.44,.6,.68,.3333,.3871,.4571,.55,.6566,.7087
39,"iguazu_falls",.8,.7,.65,.7667,.775,.82,.16,.24,.32,.56,.68,.72,.2667,.3574,.4289,.6472,.7244,.7668
40,"iolani_palace",.8,.9,.95,.9333,.775,.66,.16,.2,.32,.52,.6,.64,.2667,.3273,.4787,.6679,.6764,.6498
41,"la_mezquita",.6,.7,.7,.7333,.725,.72,.125,.25,.4583,.625,.7083,.75,.2069,.3684,.554,.6748,.7166,.7347
42,"la_rambla_barcelona",.8,.8,.85,.9,.875,.9,.16,.28,.52,.6,.72,.72,.2667,.4148,.6453,.72,.79,.8
43,"la_sainte_chapelle",1.0,1.0,.95,.9667,.975,.98,.16,.28,.52,.68,.68,.8,.2759,.4375,.6721,.7984,.8012,.8809
44,"liberty_memorial",.8,.8,.8,.7667,.65,.62,.12,.2,.32,.32,.32,.32,.2087,.32,.4571,.4515,.4289,.4221
45,"lincoln_home",.2,.3,.3,.3333,.35,.36,.0556,.1667,.3333,.3889,.4444,.5,.087,.2143,.3158,.359,.3916,.4186
46,"machu_picchu",1.0,1.0,.95,.9333,.925,.9,.2,.32,.48,.52,.68,.72,.3333,.4848,.6378,.6679,.7838,.8
47,"marble_arch_london",.6,.5,.4,.3667,.325,.28,.25,.3333,.5,.5,.5833,.6667,.3529,.4,.4444,.4231,.4174,.3944
48,"milan_cathedral",1.0,.9,.85,.8,.775,.82,.16,.32,.44,.52,.68,.68,.2759,.4721,.5798,.6303,.7244,.7435
49,"mole_antonelliana",.8,.7,.85,.8,.8,.74,.12,.2,.36,.44,.48,.52,.2087,.3111,.5058,.5677,.6,.6108
50,"mont_saint_michel",1.0,1.0,1.0,.9667,.975,.98,.2,.36,.56,.64,.68,.72,.3333,.5294,.7179,.7701,.8012,.8301
51,"moulin_rouge",.2,.1,.1,.1,.1,.1,.125,.125,.25,.375,.5,.5,.1538,.1111,.1429,.1579,.1667,.1667
52,"nelson_s_column",.8,.8,.9,.9333,.95,.94,.1667,.2917,.4167,.5833,.6667,.75,.2759,.4275,.5696,.7179,.7835,.8343
53,"notre_dame_de_paris",1.0,.9,.8,.8,.775,.82,.2,.28,.36,.44,.52,.6,.3333,.4271,.4966,.5677,.6224,.693
54,"obelisco",.2,.1,.05,.1,.125,.14,.0909,.0909,.0909,.1818,.2727,.4545,.125,.0952,.0645,.129,.1714,.2141
55,"piccadilly_circus",1.0,.8,.8,.8333,.825,.82,.2174,.2609,.3913,.4783,.6087,.7391,.3571,.3934,.5255,.6077,.7005,.7775
56,"place_de_la_concorde",1.0,1.0,1.0,1.0,.975,.98,.16,.24,.44,.56,.64,.68,.2759,.3871,.6111,.7179,.7728,.8029
57,"place_de_la_republique",.2,.1,.1,.1333,.15,.16,.125,.125,.25,.375,.5,.625,.1538,.1111,.1429,.1967,.2308,.2548
58,"place_des_vosges",.8,.9,.75,.7667,.7,.76,.16,.24,.32,.36,.48,.56,.2667,.3789,.4486,.4899,.5695,.6448
59,"pont_du_gard",.8,.8,.8,.8,.85,.82,.12,.24,.36,.52,.52,.52,.2087,.3692,.4966,.6303,.6453,.6364
60,"pont_neuf",.8,.8,.65,.6,.625,.56,.16,.24,.28,.4,.52,.56,.2667,.3692,.3914,.48,.5677,.56
61,"ponte_vecchio",.8,.8,.8,.8333,.85,.82,.125,.2083,.2917,.5,.625,.6667,.2162,.3306,.4275,.625,.7203,.7354
62,"puerta_de_alcala",.4,.4,.4,.4,.4,.4,.1053,.1579,.2632,.3158,.4211,.4737,.1667,.2264,.3175,.3529,.4103,.4337
63,"puerta_del_sol",.4,.4,.45,.4333,.425,.42,.1,.2,.3,.4,.55,.6,.16,.2667,.36,.416,.4795,.4941
64,"red_fort",1.0,.9,.95,.9667,.975,.98,.2,.28,.4,.6,.8,.8,.3333,.4271,.563,.7404,.8789,.8809
65,"reims_cathedral",1.0,1.0,.95,.9667,.975,.92,.16,.28,.4,.52,.64,.64,.2759,.4375,.563,.6762,.7728,.7549
66,"rialto_bridge",1.0,.7,.65,.6333,.6,.6,.3125,.375,.5,.75,.8125,.8125,.4762,.4884,.5652,.6867,.6903,.6903
67,"roman_forum_rome",.6,.7,.75,.7333,.75,.76,.12,.28,.44,.48,.64,.68,.2,.4,.5546,.5802,.6906,.7178
68,"sacre_coeur",.6,.5,.45,.4333,.475,.48,.0833,.125,.25,.3333,.4167,.4583,.1463,.2,.3214,.3768,.4439,.4689
69,"sagrada_familia",.8,.7,.8,.8667,.9,.92,.16,.2,.36,.44,.48,.52,.2667,.3111,.4966,.5837,.6261,.6644
70,"santa_maria_novella",.6,.6,.55,.5333,.525,.5,.12,.2,.28,.32,.36,.4,.2,.3,.3711,.4,.4271,.4444
71,"schonbrunn_palace",1.0,1.0,1.0,.9333,.95,.96,.12,.28,.44,.56,.68,.76,.2143,.4375,.6111,.7,.7926,.8484
72,"seville_cathedral",.8,.9,.95,.9333,.9,.92,.08,.2,.32,.52,.64,.72,.1455,.3273,.4787,.6679,.7481,.8078
73,"spanish_steps",1.0,.7,.7,.6333,.625,.66,.1818,.2273,.3636,.4545,.6364,.8182,.3077,.3431,.4786,.5292,.6306,.7306
74,"st__basil_cathedral",1.0,1.0,.95,.9333,.925,.88,.2,.32,.44,.52,.56,.56,.3333,.4848,.6014,.6679,.6976,.6844
75,"statue_of_liberty",.6,.8,.8,.7667,.725,.7,.12,.28,.4,.48,.52,.56,.2,.4148,.5333,.5904,.6056,.6222
76,"stonehenge",1.0,.8,.6,.4333,.375,.4,.1053,.1579,.2632,.2632,.3158,.3684,.1905,.2637,.3659,.3275,.3429,.3836
77,"summer_palace_beijing",.6,.7,.7,.7333,.775,.82,.08,.16,.28,.44,.52,.56,.1412,.2605,.4,.55,.6224,.6655
78,"sydney_opera_house",1.0,.9,.9,.9,.925,.9,.16,.2,.36,.44,.52,.56,.2759,.3273,.5143,.591,.6657,.6904
79,"teotihuacan",1.0,.9,.8,.7667,.75,.74,.2,.28,.44,.52,.6,.64,.3333,.4271,.5677,.6197,.6667,.6864
80,"terracotta_army",.6,.4,.4,.4,.375,.36,.15,.2,.35,.4,.5,.55,.24,.2667,.3733,.4,.4286,.4352
81,"the_blue_mosque",1.0,.8,.85,.9,.9,.9,.2,.28,.4,.48,.52,.6,.3333,.4148,.544,.6261,.6592,.72
82,"the_henry_ford",.6,.6,.65,.7,.65,.62,.12,.2,.36,.48,.52,.56,.2,.3,.4634,.5695,.5778,.5885
83,"taj_mahal",.8,.9,.9,.8667,.875,.9,.16,.28,.48,.6,.6,.64,.2667,.4271,.6261,.7091,.7119,.7481
84,"tour_montparnasse",1.0,.6,.5,.5,.45,.42,.2,.25,.4,.4,.5,.5,.3333,.3529,.4444,.4444,.4737,.4565
85,"tower_bridge_london",.8,.8,.6,.5667,.575,.58,.16,.2,.24,.36,.44,.56,.2667,.32,.3429,.4403,.4985,.5698
86,"trafalgar_square",1.0,.6,.6,.5333,.525,.54,.2273,.2273,.2727,.3636,.3636,.4091,.3704,.3297,.375,.4324,.4297,.4655
87,"leaning_tower_of_pisa",.6,.7,.65,.6,.575,.58,.12,.28,.36,.4,.44,.48,.2,.4,.4634,.48,.4985,.5253
88,"hermitage_museum_saint_petersburg",1.0,1.0,.95,.9333,.875,.9,.16,.28,.36,.52,.52,.6,.2759,.4375,.5221,.6679,.6523,.72
89,"jantar_mantar_jaipur",1.0,1.0,.8,.7667,.75,.74,.16,.24,.36,.56,.64,.76,.2759,.3871,.4966,.6472,.6906,.7499
90,"lake_titicaca_peru",1.0,.8,.7,.5333,.625,.64,.1667,.2917,.3333,.375,.5417,.5833,.2857,.4275,.4516,.4404,.5804,.6104
91,"the_great_wall_of_china",.8,.6,.7,.7667,.8,.84,.16,.24,.32,.44,.44,.52,.2667,.3429,.4392,.5591,.5677,.6424
92,"grande_arche_paris",.6,.8,.8,.6667,.65,.64,.12,.2,.28,.4,.44,.48,.2,.32,.4148,.5,.5248,.5486
93,"el_angel_mexico",.8,.8,.8,.6333,.625,.6,.1429,.2381,.381,.4286,.5714,.7143,.2424,.367,.5161,.5112,.597,.6522
94,"bibliotheque_nationale_de_france",.8,.9,.75,.7333,.725,.74,.16,.2,.28,.36,.36,.44,.2667,.3273,.4078,.4829,.4811,.5519
95,"kronborg_castle",1.0,.9,.9,.8333,.85,.86,.1667,.25,.375,.4583,.5,.5,.2857,.3913,.5294,.5914,.6296,.6324
96,"ajanta_caves",1.0,.9,.95,.9667,.95,.94,.2273,.4091,.5909,.6818,.7273,.7727,.3704,.5625,.7286,.7996,.8238,.8482
97,"atomium",.8,.9,.95,.9667,.95,.94,.1429,.2381,.4286,.4286,.5238,.5238,.2424,.3766,.5907,.5939,.6753,.6727
98,"ellora_caves",1.0,.9,.95,.9667,.975,.96,.2273,.3636,.4091,.4091,.5,.5455,.3704,.518,.5719,.5749,.661,.6957
99,"potala_palace",1.0,.8,.8,.8667,.825,.82,.2222,.2222,.3889,.5,.5,.6667,.3636,.3478,.5234,.6341,.6226,.7354
100,"jokhang",.8,.7,.8,.7667,.8,.76,.16,.2,.32,.48,.6,.64,.2667,.3111,.4571,.5904,.6857,.6949
101,"rila_monastery",.4,.6,.75,.7667,.775,.82,.04,.16,.24,.28,.36,.4,.0727,.2526,.3636,.4102,.4916,.5377
102,"louvre_pyramid",.6,.7,.7,.8,.775,.74,.1667,.2778,.3889,.4444,.5556,.6111,.2609,.3977,.5,.5714,.6472,.6694
103,"brooklyn_bridge",1.0,1.0,.95,.8,.725,.74,.1905,.3333,.619,.6667,.6667,.7143,.32,.5,.7496,.7273,.6946,.7269
104,"tower_of_london",.4,.6,.5,.5667,.55,.58,.087,.1739,.2174,.3043,.3043,.4783,.1429,.2697,.303,.396,.3919,.5242
105,"british_museum_london",1.0,1.0,1.0,1.0,1.0,.98,.15,.15,.25,.4,.5,.55,.2609,.2609,.4,.5714,.6667,.7046
106,"buckingham_palace",.4,.3,.35,.4333,.425,.44,.1,.15,.3,.35,.35,.45,.16,.2,.3231,.3872,.3839,.4449
107,"charles_bridge_prague",.8,.7,.6,.5667,.525,.56,.125,.1667,.2083,.2917,.3333,.375,.2162,.2692,.3093,.3851,.4078,.4492
108,"champs_elysees_paris",.6,.6,.55,.5333,.5,.5,.1333,.3333,.4,.4,.4667,.4667,.2182,.4286,.4632,.4571,.4828,.4828
109,"chrysler_building",1.0,.9,.9,.8333,.85,.86,.2143,.3571,.5,.5714,.6429,.6429,.3529,.5114,.6429,.678,.7321,.7357
110,"moma_new_york",.6,.8,.85,.9,.9,.9,.1053,.2105,.3158,.4211,.5263,.5789,.1791,.3333,.4605,.5737,.6642,.7046
111,"grand_central_terminal",1.0,1.0,1.0,.9667,.975,.96,.1905,.2857,.381,.5714,.619,.619,.32,.4444,.5517,.7183,.7573,.7527
112,"houses_of_parliament",.8,.7,.75,.7333,.725,.76,.1304,.1739,.4348,.5217,.6522,.6522,.2243,.2786,.5505,.6097,.6867,.702
113,"alexanderplatz_berlin",.4,.4,.55,.4667,.475,.48,.08,.12,.24,.28,.36,.4,.1333,.1846,.3342,.35,.4096,.4364
114,"centre_pompidou",.6,.6,.6,.7,.675,.7,.1667,.2222,.3889,.6667,.7778,.7778,.2609,.3243,.4719,.6829,.7228,.7368
115,"sydney_harbour_bridge",1.0,1.0,.95,.9667,.975,.98,.25,.3125,.5,.5625,.625,.625,.4,.4762,.6552,.7112,.7617,.7632
116,"pier_39",.6,.8,.8,.8333,.85,.82,.1429,.3333,.381,.4762,.5714,.619,.2308,.4706,.5161,.6061,.6834,.7055
117,"coit_tower",.8,.7,.75,.7,.725,.7,.1333,.2667,.4667,.5333,.6,.6667,.2286,.3862,.5753,.6054,.6566,.6829
118,"st_paul_s_cathedral_london",1.0,1.0,.9,.8667,.875,.86,.2353,.3529,.4706,.5294,.7059,.8235,.381,.5217,.618,.6573,.7814,.8414
119,"cloud_gate",.8,.5,.35,.4,.475,.52,.25,.25,.3333,.4167,.5,.5833,.381,.3333,.3415,.4082,.4872,.5498
120,"musee_d_orsay",1.0,1.0,1.0,1.0,1.0,.94,.1429,.1905,.2857,.4286,.5238,.5714,.25,.32,.4444,.6,.6875,.7108
121,"pike_place_market",.8,.8,.8,.8333,.875,.84,.1429,.2381,.4762,.5238,.5238,.5238,.2424,.367,.597,.6433,.6553,.6453
122,"royal_palace_madrid",.6,.4,.45,.5333,.525,.58,.0909,.1364,.3182,.4091,.4545,.5,.1579,.2034,.3728,.463,.4872,.537
123,"sony_center_berlin",.8,.9,.95,.9667,.975,.94,.0952,.2381,.3333,.4762,.5238,.5714,.1702,.3766,.4935,.6381,.6815,.7108
124,"red_square_moscow",.6,.8,.75,.7333,.725,.7,.1429,.1905,.2857,.4762,.619,.6667,.2308,.3077,.4138,.5774,.6678,.6829
125,"prague_castle",.8,.9,.8,.8333,.85,.84,.12,.28,.36,.52,.56,.64,.2087,.4271,.4966,.6404,.6752,.7265
126,"musee_du_louvre",1.0,.9,.95,.9667,.975,.96,.16,.28,.44,.52,.6,.64,.2759,.4271,.6014,.6762,.7429,.768
127,"millennium_bridge_london",1.0,1.0,.85,.8333,.775,.8,.16,.24,.36,.4,.4,.56,.2759,.3871,.5058,.5405,.5277,.6588
128,"casa_mila",1.0,1.0,.95,.9333,.95,.96,.16,.32,.4,.48,.64,.72,.2759,.4848,.563,.634,.7648,.8229
129,"national_gallery_london",.4,.5,.55,.4667,.475,.48,.0909,.1364,.3182,.4091,.4545,.5,.1481,.2143,.4031,.436,.4645,.4898
130,"national_mall",.8,.6,.6,.6333,.625,.6,.16,.24,.4,.48,.6,.64,.2667,.3429,.48,.5461,.6122,.6194
131,"london_city_hall",.6,.7,.75,.7667,.775,.78,.15,.3,.55,.6,.6,.6,.24,.42,.6346,.6732,.6764,.6783
132,"holocaust_memorial",.4,.4,.7,.5667,.65,.6,.125,.125,.4375,.4375,.5625,.5625,.1905,.1905,.5385,.4938,.6031,.5806
133,"columbus_circle",.6,.6,.7,.7,.725,.68,.08,.2,.4,.56,.68,.68,.1412,.3,.5091,.6222,.7018,.68
134,"siegessaeule",.8,.8,.75,.7333,.7,.68,.12,.28,.48,.6,.68,.72,.2087,.4148,.5854,.66,.6899,.6994
135,"jardin_du_luxembourg",1.0,1.0,1.0,1.0,1.0,1.0,.16,.32,.52,.56,.64,.72,.2759,.4848,.6842,.7179,.7805,.8372
136,"merlion_singapore",.4,.4,.5,.4333,.475,.54,.0909,.1818,.3636,.4091,.5455,.6818,.1481,.25,.4211,.4209,.5078,.6027
137,"harrods_london",.6,.7,.7,.7667,.825,.82,.12,.2,.28,.48,.6,.64,.2,.3111,.4,.5904,.6947,.7189
138,"metropolitan_museum_of_art_new_york",1.0,1.0,.9,.9333,.925,.94,.2,.32,.44,.48,.52,.56,.3333,.4848,.591,.634,.6657,.7019
139,"new_york_stock_exchange",1.0,.8,.8,.8667,.825,.76,.25,.35,.4,.5,.55,.6,.4,.487,.5333,.6341,.66,.6706
140,"stephansdom_vienna",1.0,1.0,1.0,.9333,.925,.94,.16,.24,.4,.56,.6,.72,.2759,.3871,.5714,.7,.7279,.8154
141,"hms_belfast",1.0,.9,.85,.8667,.875,.86,.16,.24,.28,.36,.36,.48,.2759,.3789,.4212,.5087,.5101,.6161
142,"leicester_square",1.0,.9,.8,.8667,.75,.7,.16,.24,.32,.36,.44,.44,.2759,.3789,.4571,.5087,.5546,.5404
143,"ciudad_de_las_artes_y_las_ciencias",1.0,1.0,.9,.9333,.925,.9,.16,.28,.44,.6,.6,.64,.2759,.4375,.591,.7304,.7279,.7481
144,"topkapi_palace",1.0,1.0,1.0,1.0,.975,.94,.2,.32,.48,.6,.6,.68,.3333,.4848,.6486,.75,.7429,.7891
145,"royal_albert_hall",.8,.8,.8,.7333,.675,.64,.16,.28,.32,.4,.44,.52,.2667,.4148,.4571,.5176,.5327,.5738
146,"st_vitus_cathedral",.8,.9,.95,.9,.9,.92,.16,.24,.44,.56,.56,.64,.2667,.3789,.6014,.6904,.6904,.7549
147,"castello_sforzesco",1.0,.9,.9,.9,.925,.92,.2,.28,.4,.4,.4,.48,.3333,.4271,.5538,.5538,.5585,.6309
148,"rijksmuseum_amsterdam",1.0,1.0,1.0,1.0,1.0,1.0,.2,.28,.44,.56,.6,.68,.3333,.4375,.6111,.7179,.75,.8095
149,"dam_square",.8,.7,.65,.6333,.65,.62,.12,.2,.4,.4,.44,.56,.2087,.3111,.4952,.4903,.5248,.5885
150,"rathaus_vienna",.6,.5,.45,.4,.4,.5,.12,.2,.2,.2,.2,.2,.2,.2857,.2769,.2667,.2667,.2857
151,"bath_abbey",.8,.8,.85,.9,.925,.94,.12,.24,.36,.44,.52,.68,.2087,.3692,.5058,.591,.6657,.7891
152,"salisbury_cathedral",.8,.9,.95,.9667,.95,.96,.16,.28,.44,.52,.52,.64,.2667,.4271,.6014,.6762,.6721,.768
153,"templo_de_debod",.0,.1,.15,.3667,.425,.48,.0,.0455,.0455,.1818,.2273,.3182,.0,.0625,.0698,.2431,.2962,.3827
154,"Niagara_Falls",.4,.4,.4,.5,.55,.54,.0909,.0909,.2727,.4545,.5455,.5909,.1481,.1481,.3243,.4762,.5477,.5643
155,"Golden_Gate_Bridge_in_San_Francisco",.8,.9,.9,.9333,.925,.94,.1364,.2273,.3182,.5455,.6364,.6364,.233,.3629,.4701,.6885,.754,.7589
156,"Neuschwanstein_Castle",1.0,.9,.95,.9667,.975,.96,.2,.24,.44,.6,.68,.68,.3333,.3789,.6014,.7404,.8012,.7961
157,"Christ_Church_Cathedral_Missouri",.8,.9,.95,.9667,.975,.98,.16,.24,.48,.6,.6,.6,.2667,.3789,.6378,.7404,.7429,.7443
158,"Mount_Rushmore_in_South_Dakota",.8,.8,.8,.8,.85,.88,.16,.2,.32,.4,.44,.56,.2667,.32,.4571,.5333,.5798,.6844
159,"Puerta_de_Toledo",.2,.3,.15,.1,.075,.06,.5,1.0,1.0,1.0,1.0,1.0,.2857,.4615,.2609,.1818,.1395,.1132
160,"Urquhart_Castle",.8,.9,.9,.8667,.85,.8,.1667,.2917,.4167,.5417,.5417,.625,.2759,.4406,.5696,.6667,.6617,.7018
161,"Gare_du_Nord_Paris",.8,.7,.75,.7667,.775,.82,.12,.2,.36,.44,.48,.48,.2087,.3111,.4865,.5591,.5928,.6055
162,"Newgrange_in_Ireland",.2,.5,.6,.7,.75,.68,.0417,.1667,.375,.5,.625,.6667,.069,.25,.4615,.5833,.6818,.6733
163,"Windmills_at_Kinderdijk",1.0,1.0,1.0,1.0,.95,.94,.16,.24,.28,.36,.4,.44,.2759,.3871,.4375,.5294,.563,.5994
164,"Conciergerie",1.0,.9,.95,.9333,.925,.94,.2,.32,.56,.56,.56,.68,.3333,.4721,.7046,.7,.6976,.7891
165,"Palazzo_Madama",1.0,1.0,.8,.7,.725,.7,.2273,.3182,.4091,.5,.5909,.6364,.3704,.4828,.5414,.5833,.6511,.6667
166,"Split_Rock_Lighthouse",1.0,1.0,.8,.8333,.85,.88,.08,.16,.24,.32,.36,.44,.1481,.2759,.3692,.4624,.5058,.5867
167,"The_Little_Mermaid_Denmark",.8,.7,.6,.5667,.575,.56,.2857,.4286,.5,.5,.6429,.7143,.4211,.5316,.5455,.5312,.607,.6278
168,"Great_Pyramid_of_Giza",.8,.7,.7,.7333,.725,.66,.2667,.4,.5333,.6,.7333,.7333,.4,.5091,.6054,.66,.7291,.6947
169,"Pitti_Palace",.4,.6,.6,.6,.625,.62,.0909,.2273,.4091,.4091,.5,.5455,.1481,.3297,.4865,.4865,.5556,.5803
170,"Georgia_State_Capitol",.8,.9,.9,.7,.55,.44,.1579,.2632,.3158,.3158,.3158,.3158,.2637,.4072,.4675,.4352,.4012,.3677
171,"Dome_des_Invalides",1.0,1.0,1.0,1.0,.975,.98,.16,.28,.4,.52,.64,.68,.2759,.4375,.5714,.6842,.7728,.8029
172,"Reggia_di_Caserta",.6,.7,.75,.8,.775,.74,.12,.24,.4,.52,.56,.6,.2,.3574,.5217,.6303,.6502,.6627
173,"The_Burj_al_Arab_Hotel",.8,.9,.85,.8667,.85,.82,.16,.24,.36,.4,.48,.52,.2667,.3789,.5058,.5474,.6135,.6364
174,"Elephanta_Caves",.8,.8,.8,.7667,.775,.8,.125,.2917,.4583,.5,.5,.5833,.2162,.4275,.5828,.6053,.6078,.6747
175,"Basilica_of_Santa_Croce",.8,.9,.9,.9,.925,.94,.16,.28,.44,.56,.68,.68,.2667,.4271,.591,.6904,.7838,.7891
176,"Aachen_Cathedral",.6,.7,.75,.8333,.825,.86,.08,.2,.32,.36,.48,.56,.1412,.3111,.4486,.5028,.6069,.6783
177,"Monument_to_the_Great_Fire_of_London",.8,.7,.65,.6333,.675,.64,.12,.24,.4,.56,.68,.76,.2087,.3574,.4952,.5944,.6775,.6949
178,"Longmen_Grottoes",.6,.5,.5,.6333,.65,.62,.12,.2,.32,.48,.6,.68,.2,.2857,.3902,.5461,.624,.6486
179,"Louisiana_State_Capitol",.8,.6,.55,.5667,.45,.38,.16,.24,.36,.56,.56,.6,.2667,.3429,.4352,.5633,.499,.4653
180,"The_Great_Sphinx_at_Giza",.8,.9,.95,.9667,.95,.94,.16,.32,.4,.52,.6,.6,.2667,.4721,.563,.6762,.7355,.7325
181,"Teatro_Real_Madrid",1.0,1.0,.95,.9667,.925,.88,.2174,.3913,.5652,.6522,.7391,.7391,.3571,.5625,.7088,.7789,.8217,.8034
182,"Palacio_de_la_Magdalena",.6,.7,.5,.5333,.525,.54,.12,.24,.32,.48,.52,.64,.2,.3574,.3902,.5053,.5225,.5858
183,"Sowjetisches_Ehrenmal",.2,.4,.45,.3667,.35,.42,.04,.16,.28,.32,.36,.44,.0667,.2286,.3452,.3417,.3549,.4298
184,"Cathedral_of_Trier",.8,.7,.7,.7333,.775,.82,.16,.24,.36,.56,.68,.76,.2667,.3574,.4755,.6351,.7244,.7889
185,"Saint_Mary_of_the_Flower",.2,.3,.25,.2,.225,.26,.04,.12,.2,.2,.28,.36,.0667,.1714,.2222,.2,.2495,.3019
186,"Skellig_Michael",.8,.8,.65,.7,.775,.78,.16,.28,.36,.52,.64,.68,.2667,.4148,.4634,.5967,.7011,.7266
187,"Chicago_Board_of_Trade_Building",.8,.8,.75,.7333,.75,.78,.1818,.2727,.4545,.5,.6364,.7273,.2963,.4068,.566,.5946,.6885,.7527
188,"Pont_de_Normandie_France",.6,.6,.55,.6667,.675,.7,.1053,.2105,.3158,.4737,.6842,.7368,.1791,.3117,.4012,.5538,.6796,.7179
189,"Palazzo_Rosso",.0,.0,.0,.0,.075,.08,.0,.0,.0,.0,.0833,.125,.0,.0,.0,.0,.0789,.0976
190,"Piazza_Vittorio_Veneto",.4,.3,.35,.3667,.375,.34,.125,.125,.3125,.4375,.5,.5625,.1905,.1765,.3302,.399,.4286,.4238
191,"Sforza_Castle",.8,.9,.9,.8667,.9,.92,.12,.2,.44,.52,.52,.56,.2087,.3273,.591,.65,.6592,.6962
192,"Torres_KIO",.8,.9,.9,.9333,.95,.92,.12,.24,.4,.52,.56,.64,.2087,.3789,.5538,.6679,.7046,.7549
193,"Torre_Picasso",.8,.8,.9,.9333,.95,.96,.1667,.2083,.4167,.4583,.625,.625,.2759,.3306,.5696,.6148,.754,.7571
194,"The_Palace_of_Parliament_in_Bucharest",1.0,1.0,.95,.9,.9,.88,.16,.28,.36,.4,.56,.64,.2759,.4375,.5221,.5538,.6904,.7411
195,"Ernest_Hemingway_House",.4,.5,.7,.7667,.8,.7,.08,.16,.36,.56,.56,.64,.1333,.2424,.4755,.6472,.6588,.6687
196,"Castel_dellOvo_Napoli",.8,.8,.85,.9,.9,.84,.16,.28,.52,.64,.64,.68,.2667,.4148,.6453,.7481,.7481,.7516
197,"Villa_Borghese_gardens",1.0,1.0,1.0,.9,.925,.94,.2,.32,.4,.48,.68,.8,.3333,.4848,.5714,.6261,.7838,.8644
198,"Saint_Marks_Basilica",.6,.8,.8,.7667,.75,.78,.12,.24,.48,.56,.68,.8,.2,.3692,.6,.6472,.7133,.7899
199,"Mausoleum_of_the_First_Qin_Emperor",.8,.9,.95,.9,.925,.92,.16,.32,.56,.6,.68,.76,.2667,.4721,.7046,.72,.7838,.8324
200,"Mausoleum_of_Hadrian",.6,.5,.55,.5,.525,.52,.1667,.2778,.3889,.4444,.5,.5,.2609,.3571,.4556,.4706,.5122,.5098
201,"Piazza_de_Ferrari",1.0,1.0,1.0,.9667,.95,.94,.1579,.2632,.3684,.4737,.5263,.5263,.2727,.4167,.5385,.6358,.6774,.6748
202,"George_Washington_Carver",.4,.4,.3,.4,.475,.48,.125,.1875,.25,.4375,.4375,.5,.1905,.2553,.2727,.4179,.4555,.4898
203,"Cathedral_of_Santiago_de_Compostela",1.0,.9,.75,.7333,.75,.78,.1765,.2941,.4706,.6471,.8235,.8235,.3,.4433,.5783,.6875,.785,.8012
204,"Saint-Jacques_Tower",.8,.9,.95,.9333,.8,.82,.1538,.3077,.4615,.5385,.5385,.7692,.2581,.4586,.6213,.6829,.6437,.7938
205,"Calakmul_Campeche_Mexico",.6,.6,.6,.6667,.725,.72,.2143,.2857,.4286,.5,.5714,.6429,.3158,.3871,.5,.5714,.6391,.6792
206,"Bran_Castle_in_Transylvania",1.0,1.0,.9,.8,.8,.82,.1579,.2632,.4211,.4737,.5789,.6842,.2727,.4167,.5737,.595,.6718,.746
207,"Mosteiro_da_Batalha",1.0,1.0,1.0,1.0,1.0,1.0,.2105,.3684,.6316,.6842,.6842,.7368,.3478,.5385,.7742,.8125,.8125,.8485
208,"Wartburg_Castle",1.0,1.0,.95,.9333,.925,.88,.15,.25,.45,.55,.6,.7,.2609,.4,.6107,.6921,.7279,.7797
209,"Fujian_Tulou_Fujian_China",1.0,1.0,1.0,1.0,.975,.96,.2222,.2778,.5556,.6111,.6667,.7222,.3636,.4348,.7143,.7586,.7919,.8243
210,"Alabama_State_Capitol",.6,.7,.4,.3333,.4,.4,.1429,.2857,.2857,.2857,.4286,.5238,.2308,.4058,.3333,.3077,.4138,.4536
211,"Palazzo_dAccursio",1.0,1.0,.9,.9,.875,.9,.1667,.2778,.3333,.3333,.4444,.6111,.2857,.4348,.4865,.4865,.5895,.7279
212,"Casa_Grande_Ruins",.8,.6,.65,.6667,.7,.68,.1176,.2353,.3529,.4118,.4706,.4706,.2051,.338,.4575,.5091,.5628,.5562
213,"Stravinsky_Fountain",.8,.8,.85,.8333,.825,.82,.1333,.2667,.2667,.4667,.5333,.5333,.2286,.4,.406,.5983,.6479,.6463
214,"Angel_Falls_Venezuela",.4,.5,.65,.6667,.675,.6,.1176,.2941,.5294,.7059,.7059,.7647,.1818,.3704,.5835,.6857,.6901,.6724
215,"Statue_of_George_IV",.6,.5,.5,.5333,.475,.46,.25,.375,.5,.75,.875,.875,.3529,.4286,.5,.6234,.6157,.603
216,"Palacio_Barolo",1.0,.9,.85,.8667,.9,.92,.1765,.2941,.3529,.5294,.5882,.5882,.3,.4433,.4988,.6573,.7115,.7176
217,"Bridge_of_Remembrance_Christchurch_New_Zealand",.4,.4,.35,.3333,.35,.34,.1667,.25,.3333,.3333,.5,.5833,.2353,.3077,.3415,.3333,.4118,.4296
218,"John_A._Roebling_Suspension_Bridge",.2,.1,.3,.3667,.45,.44,.0667,.0667,.3333,.6,.6667,.7333,.1,.08,.3158,.4552,.5373,.55
219,"Blue_Dome_Santorini",.8,.8,.9,.8,.85,.88,.1875,.375,.625,.625,.75,.75,.3038,.5106,.7377,.7018,.7969,.8098
220,"Fossar_de_les_Moreres",.6,.7,.6,.6333,.55,.56,.2143,.2857,.4286,.5714,.6429,.7143,.3158,.4058,.5,.6008,.5928,.6278
221,"Luxor_Obelisk_France",1.0,.9,.85,.7333,.7,.74,.1875,.25,.375,.375,.375,.4375,.3158,.3913,.5204,.4962,.4884,.5499
222,"Valle_de_los_Caidos",.8,.8,.8,.8667,.85,.88,.15,.25,.45,.55,.6,.65,.2526,.381,.576,.6729,.7034,.7477
--------------------
"--","Avg.",P@5,P@10,P@20,P@30,P@40,P@50,CR@5,CR@10,CR@20,CR@30,CR@40,CR@50,F1@5,F1@10,F1@20,F1@30,F1@40,F1@50
,.,7676,.7586,.7453,.7426,.7413,.7375,.1525,.2514,.3829,.4817,.5569,.6141,.25,.3695,.4941,.5721,.6219,.655
