--------------------
"Run name","output_runSCHSumSquaredError"
--------------------
"Average P@20 = ",.7912
"Average CR@20 = ",.3861
"Average F1@20 = ",.5076
--------------------
"Query Id ","Location name",P@5,P@10,P@20,P@30,P@40,P@50,CR@5,CR@10,CR@20,CR@30,CR@40,CR@50,F1@5,F1@10,F1@20,F1@30,F1@40,F1@50
1,"angel_of_the_north",1.0,1.0,1.0,1.0,1.0,1.0,.16,.24,.36,.48,.6,.68,.2759,.3871,.5294,.6486,.75,.8095
2,"big_ben",1.0,1.0,1.0,.9333,.925,.9,.2273,.3182,.3182,.4545,.5,.5455,.3704,.4828,.4828,.6114,.6491,.6792
3,"hearst_castle",1.0,1.0,.95,.9333,.95,.94,.1667,.3333,.5833,.6667,.7083,.75,.2857,.5,.7228,.7778,.8116,.8343
4,"la_madeleine",.0,.0,.0,.2333,.35,.46,.0,.0,.0,.2857,.5,.7857,.0,.0,.0,.2569,.4118,.5803
5,"pont_alexandre_iii",1.0,.9,.95,.9667,.975,.96,.2,.28,.32,.44,.56,.6,.3333,.4271,.4787,.6047,.7114,.7385
6,"neues_museum",.0,.0,.2,.3,.375,.4,.0,.0,.16,.28,.32,.36,.0,.0,.1778,.2897,.3453,.3789
7,"montezuma_castle",1.0,.9,.65,.4333,.475,.56,.3333,.5,.5,.5,.5833,.75,.5,.6429,.5652,.4643,.5236,.6412
8,"cn_tower",.6,.5,.75,.7333,.7,.68,.125,.2083,.4583,.625,.6667,.75,.2069,.2941,.569,.6748,.6829,.7133
9,"acropolis_athens",.8,.9,.85,.9,.9,.88,.1429,.2381,.381,.5238,.5238,.5714,.2424,.3766,.5261,.6622,.6622,.6929
10,"agra_fort",.8,.8,.8,.8667,.85,.88,.16,.24,.44,.48,.6,.68,.2667,.3692,.5677,.6178,.7034,.7672
11,"albert_memorial",.6,.8,.9,.7,.675,.72,.1364,.1818,.1818,.3182,.4545,.5,.2222,.2963,.3025,.4375,.5433,.5902
12,"altes_museum",.6,.8,.9,.7,.6,.5,.0833,.2083,.4583,.5,.5833,.5833,.1463,.3306,.6074,.5833,.5915,.5385
13,"amiens_cathedral",1.0,1.0,1.0,1.0,.975,.98,.2,.32,.6,.68,.72,.8,.3333,.4848,.75,.8095,.8283,.8809
14,"angkor_wat",.8,.9,.9,.7,.675,.74,.12,.24,.48,.52,.6,.68,.2087,.3789,.6261,.5967,.6353,.7087
15,"ara_pacis",1.0,.9,.9,.8667,.675,.58,.2273,.3636,.5909,.6364,.6364,.6364,.3704,.518,.7134,.7339,.6551,.6069
16,"arc_de_triomphe",1.0,1.0,.95,.9333,.8,.78,.1667,.2083,.4167,.5,.625,.7083,.2857,.3448,.5793,.6512,.7018,.7424
17,"aztec_ruins",.0,.0,.0,.1,.325,.26,.0,.0,.0,.08,.32,.32,.0,.0,.0,.0889,.3225,.2869
18,"berlin_cathedral",1.0,.9,.95,.9667,.9,.9,.16,.24,.44,.56,.6,.64,.2759,.3789,.6014,.7092,.72,.7481
19,"bok_tower_gardens",1.0,.7,.85,.8333,.875,.9,.2,.24,.4,.48,.6,.6,.3333,.3574,.544,.6091,.7119,.72
20,"brandenburg_gate",1.0,1.0,1.0,1.0,1.0,.92,.2,.28,.4,.48,.6,.64,.3333,.4375,.5714,.6486,.75,.7549
21,"cabrillo",.0,.2,.25,.2,.15,.12,.0,.1538,.3846,.3846,.3846,.3846,.0,.1739,.303,.2632,.2158,.1829
22,"casa_batllo",1.0,1.0,1.0,1.0,1.0,1.0,.16,.32,.52,.56,.68,.72,.2759,.4848,.6842,.7179,.8095,.8372
23,"casa_rosada",.8,.9,.95,.9333,.95,.92,.16,.2,.4,.52,.6,.68,.2667,.3273,.563,.6679,.7355,.782
24,"castillo_de_san_marcos",1.0,1.0,.95,.8333,.675,.74,.2,.28,.44,.48,.52,.52,.3333,.4375,.6014,.6091,.5874,.6108
25,"chartres_cathedral",1.0,1.0,.95,.9,.925,.9,.16,.24,.52,.64,.68,.8,.2759,.3871,.6721,.7481,.7838,.8471
26,"chichen_itza",1.0,.8,.75,.8,.8,.82,.16,.16,.28,.36,.48,.56,.2759,.2667,.4078,.4966,.6,.6655
27,"christ_the_redeemer_rio",.4,.6,.7,.5667,.525,.52,.0435,.1739,.2609,.3043,.3913,.5217,.0784,.2697,.3801,.396,.4484,.5209
28,"civic_center_san_francisco",.8,.8,.8,.8333,.875,.82,.16,.24,.44,.6,.6,.64,.2667,.3692,.5677,.6977,.7119,.7189
29,"cologne_cathedral",1.0,1.0,.95,.9333,.95,.94,.08,.24,.44,.6,.68,.8,.1481,.3871,.6014,.7304,.7926,.8644
30,"colosseum",1.0,.9,.8,.8667,.875,.84,.2,.28,.44,.56,.56,.64,.3333,.4271,.5677,.6804,.6829,.7265
31,"doge_s_palace",.8,.9,.95,.9,.725,.78,.12,.24,.32,.44,.48,.48,.2087,.3789,.4787,.591,.5776,.5943
32,"eiffel_tower",.8,.9,.95,.9333,.925,.88,.12,.28,.4,.44,.44,.6,.2087,.4271,.563,.5981,.5963,.7135
33,"golden_gate_bridge",1.0,.9,.9,.8333,.825,.82,.1739,.2174,.3913,.4783,.5217,.5652,.2963,.3502,.5455,.6077,.6392,.6692
34,"grand_palais",1.0,.9,.9,.8667,.9,.92,.1364,.1818,.4091,.4545,.5455,.5909,.24,.3025,.5625,.5963,.6792,.7196
35,"guggenheim_museum_bilbao",1.0,1.0,1.0,1.0,1.0,1.0,.16,.24,.36,.44,.52,.6,.2759,.3871,.5294,.6111,.6842,.75
36,"hagia_sophia_istanbul",1.0,1.0,1.0,.9333,.925,.92,.2,.32,.44,.48,.6,.64,.3333,.4848,.6111,.634,.7279,.7549
37,"hoover_dam",1.0,1.0,.95,.9333,.95,.92,.2,.32,.44,.56,.68,.72,.3333,.4848,.6014,.7,.7926,.8078
38,"humayun_tomb",1.0,.8,.75,.8333,.85,.86,.16,.24,.48,.6,.72,.84,.2759,.3692,.5854,.6977,.7796,.8499
39,"iguazu_falls",.8,.8,.7,.7667,.75,.8,.12,.24,.36,.48,.56,.76,.2087,.3692,.4755,.5904,.6412,.7795
40,"iolani_palace",1.0,.9,.95,.8667,.85,.82,.16,.24,.44,.52,.68,.76,.2759,.3789,.6014,.65,.7556,.7889
41,"la_mezquita",.8,.8,.8,.7333,.6,.58,.1667,.3333,.4167,.4583,.5417,.6667,.2759,.4706,.5479,.5641,.5693,.6203
42,"la_rambla_barcelona",.8,.9,.95,.9667,.9,.92,.16,.24,.36,.44,.52,.56,.2667,.3789,.5221,.6047,.6592,.6962
43,"la_sainte_chapelle",1.0,1.0,.95,.9667,.95,.96,.2,.36,.56,.64,.76,.92,.3333,.5294,.7046,.7701,.8444,.9396
44,"liberty_memorial",.6,.5,.45,.5333,.575,.66,.04,.08,.16,.36,.44,.52,.075,.1379,.2361,.4299,.4985,.5817
45,"lincoln_home",1.0,1.0,.9,.9333,.9,.92,.2778,.3333,.5,.6667,.7222,.8333,.4348,.5,.6429,.7778,.8014,.8745
46,"machu_picchu",1.0,1.0,.65,.6667,.675,.68,.16,.28,.36,.44,.52,.6,.2759,.4375,.4634,.5301,.5874,.6375
47,"marble_arch_london",.8,.9,.7,.6333,.475,.4,.3333,.5,.5833,.75,.75,.75,.4706,.6429,.6364,.6867,.5816,.5217
48,"milan_cathedral",1.0,1.0,.9,.9333,.95,.94,.16,.28,.4,.64,.64,.68,.2759,.4375,.5538,.7593,.7648,.7891
49,"mole_antonelliana",.8,.9,.75,.7333,.775,.7,.16,.24,.32,.4,.6,.64,.2667,.3789,.4486,.5176,.6764,.6687
50,"mont_saint_michel",1.0,1.0,1.0,1.0,.975,.98,.12,.2,.4,.44,.48,.6,.2143,.3333,.5714,.6111,.6433,.7443
51,"moulin_rouge",.6,.3,.15,.2,.225,.18,.25,.25,.25,.5,.75,.75,.3529,.2727,.1875,.2857,.3462,.2903
52,"nelson_s_column",1.0,.9,.95,.9667,.975,.98,.0833,.2083,.4167,.5417,.625,.6667,.1538,.3383,.5793,.6943,.7617,.7935
53,"notre_dame_de_paris",.6,.8,.85,.9,.875,.88,.12,.24,.4,.48,.6,.64,.2,.3692,.544,.6261,.7119,.7411
54,"obelisco",.2,.2,.1,.0667,.125,.26,.0909,.0909,.0909,.0909,.2727,.6364,.125,.125,.0952,.0769,.1714,.3692
55,"piccadilly_circus",1.0,.9,.9,.8,.75,.76,.1304,.1739,.4348,.4783,.4783,.6087,.2308,.2915,.5863,.5986,.5841,.676
56,"place_de_la_concorde",1.0,1.0,.95,.9667,.975,.98,.12,.2,.4,.56,.64,.68,.2143,.3333,.563,.7092,.7728,.8029
57,"place_de_la_republique",.2,.2,.15,.1333,.125,.1,.125,.125,.25,.375,.375,.375,.1538,.1538,.1875,.1967,.1875,.1579
58,"place_des_vosges",.8,.9,.75,.7,.775,.82,.08,.16,.32,.32,.52,.6,.1455,.2717,.4486,.4392,.6224,.693
59,"pont_du_gard",.6,.7,.85,.7333,.725,.76,.12,.24,.36,.48,.56,.64,.2,.3574,.5058,.5802,.6319,.6949
60,"pont_neuf",1.0,1.0,.9,.8667,.875,.74,.12,.24,.4,.56,.64,.64,.2143,.3871,.5538,.6804,.7393,.6864
61,"ponte_vecchio",.8,.8,.85,.7667,.7,.68,.1667,.2083,.4583,.4583,.5417,.625,.2759,.3306,.5955,.5737,.6107,.6513
62,"puerta_de_alcala",.8,.4,.55,.6667,.7,.68,.1579,.1579,.2105,.4737,.5789,.6316,.2637,.2264,.3045,.5538,.6337,.6549
63,"puerta_del_sol",.8,.6,.75,.5667,.55,.46,.1,.2,.45,.45,.5,.5,.1778,.3,.5625,.5016,.5238,.4792
64,"red_fort",1.0,1.0,1.0,.9667,.975,.98,.2,.28,.52,.68,.76,.84,.3333,.4375,.6842,.7984,.8542,.9046
65,"reims_cathedral",1.0,1.0,1.0,1.0,1.0,1.0,.2,.24,.4,.48,.52,.56,.3333,.3871,.5714,.6486,.6842,.7179
66,"rialto_bridge",.8,.8,.7,.6,.5,.42,.125,.3125,.375,.5,.5625,.625,.2162,.4494,.4884,.5455,.5294,.5024
67,"roman_forum_rome",.6,.7,.75,.6667,.725,.68,.12,.2,.36,.44,.52,.64,.2,.3111,.4865,.5301,.6056,.6594
68,"sacre_coeur",.6,.5,.55,.5667,.6,.62,.125,.2083,.25,.3333,.4167,.4583,.2069,.2941,.3438,.4198,.4918,.527
69,"sagrada_familia",1.0,1.0,.95,.9333,.925,.94,.2,.32,.48,.56,.6,.64,.3333,.4848,.6378,.7,.7279,.7615
70,"santa_maria_novella",1.0,.6,.65,.6,.575,.6,.16,.2,.32,.36,.4,.56,.2759,.3,.4289,.45,.4718,.5793
71,"schonbrunn_palace",1.0,1.0,1.0,.9667,.975,.98,.16,.28,.52,.52,.56,.56,.2759,.4375,.6842,.6762,.7114,.7127
72,"seville_cathedral",.6,.7,.85,.9,.925,.94,.08,.24,.32,.44,.56,.6,.1412,.3574,.465,.591,.6976,.7325
73,"spanish_steps",.6,.7,.75,.6667,.7,.68,.0909,.1818,.3636,.4091,.5909,.6364,.1579,.2887,.4898,.507,.6408,.6575
74,"st__basil_cathedral",.6,.8,.9,.8,.85,.84,.12,.28,.44,.48,.52,.52,.2,.4148,.591,.6,.6453,.6424
75,"statue_of_liberty",1.0,1.0,.85,.8,.85,.8,.2,.24,.4,.44,.52,.6,.3333,.3871,.544,.5677,.6453,.6857
76,"stonehenge",.8,.7,.65,.7,.6,.52,.1053,.2105,.3158,.5263,.5263,.5789,.186,.3237,.4251,.6009,.5607,.5479
77,"summer_palace_beijing",.8,.9,.95,.9333,.95,.96,.16,.24,.44,.44,.56,.6,.2667,.3789,.6014,.5981,.7046,.7385
78,"sydney_opera_house",1.0,.9,.95,.8,.85,.86,.12,.24,.32,.44,.52,.52,.2143,.3789,.4787,.5677,.6453,.6481
79,"teotihuacan",.8,.8,.55,.5667,.6,.62,.12,.24,.32,.48,.52,.6,.2087,.3692,.4046,.5197,.5571,.6098
80,"terracotta_army",.6,.8,.5,.5,.575,.64,.15,.3,.35,.4,.65,.7,.24,.4364,.4118,.4444,.6102,.6687
81,"the_blue_mosque",.6,.8,.85,.8667,.9,.9,.08,.16,.28,.4,.48,.6,.1412,.2667,.4212,.5474,.6261,.72
82,"the_henry_ford",.8,.6,.55,.6,.675,.6,.08,.12,.28,.44,.56,.6,.1455,.2,.3711,.5077,.6121,.6
83,"taj_mahal",.8,.8,.8,.8333,.875,.9,.16,.24,.4,.48,.52,.68,.2667,.3692,.5333,.6091,.6523,.7747
84,"tour_montparnasse",.8,.8,.7,.4667,.4,.36,.15,.3,.4,.4,.45,.45,.2526,.4364,.5091,.4308,.4235,.4
85,"tower_bridge_london",.8,.8,.7,.6,.575,.56,.08,.24,.44,.48,.52,.56,.1455,.3692,.5404,.5333,.5461,.56
86,"trafalgar_square",.4,.5,.45,.4333,.425,.44,.0909,.1818,.2273,.3182,.4545,.4545,.1481,.2667,.302,.3669,.4393,.4472
87,"leaning_tower_of_pisa",.6,.5,.45,.4667,.425,.44,.12,.2,.24,.4,.44,.44,.2,.2857,.313,.4308,.4324,.44
88,"hermitage_museum_saint_petersburg",1.0,1.0,.95,.8,.775,.82,.12,.24,.32,.44,.52,.56,.2143,.3871,.4787,.5677,.6224,.6655
89,"jantar_mantar_jaipur",1.0,.8,.75,.8333,.875,.88,.12,.24,.48,.6,.68,.76,.2143,.3692,.5854,.6977,.7653,.8156
90,"lake_titicaca_peru",.4,.6,.6,.5667,.55,.52,.0417,.2083,.375,.4583,.625,.6667,.0755,.3093,.4615,.5068,.5851,.5843
91,"the_great_wall_of_china",.8,.8,.65,.7333,.75,.8,.16,.2,.32,.48,.52,.6,.2667,.32,.4289,.5802,.6142,.6857
92,"grande_arche_paris",.8,.7,.65,.6,.6,.68,.12,.2,.28,.32,.32,.4,.2087,.3111,.3914,.4174,.4174,.5037
93,"el_angel_mexico",.6,.8,.65,.6333,.6,.48,.1429,.2857,.4286,.5714,.619,.619,.2308,.4211,.5166,.6008,.6094,.5407
94,"bibliotheque_nationale_de_france",.4,.5,.65,.6333,.725,.72,.08,.08,.24,.32,.56,.64,.1333,.1379,.3506,.4252,.6319,.6776
95,"kronborg_castle",.6,.5,.7,.7333,.65,.64,.125,.2083,.375,.5417,.5417,.5833,.2069,.2941,.4884,.6231,.5909,.6104
96,"ajanta_caves",.6,.6,.75,.8333,.875,.86,.1364,.2727,.4091,.5909,.6364,.6364,.2222,.375,.5294,.6915,.7368,.7315
97,"atomium",.8,.9,.9,.9333,.95,.96,.0952,.2857,.4762,.5714,.619,.619,.1702,.4337,.6228,.7089,.7496,.7527
98,"ellora_caves",1.0,1.0,.95,.9667,.975,.98,.1364,.2727,.4091,.5,.5455,.5455,.24,.4286,.5719,.6591,.6996,.7008
99,"potala_palace",.8,.9,.95,.9,.925,.88,.1111,.2778,.3333,.4444,.5,.5556,.1951,.4245,.4935,.595,.6491,.6811
100,"jokhang",.8,.7,.75,.8,.85,.82,.12,.24,.32,.52,.6,.68,.2087,.3574,.4486,.6303,.7034,.7435
101,"rila_monastery",.6,.5,.65,.7,.775,.82,.12,.16,.24,.28,.36,.44,.2,.2424,.3506,.4,.4916,.5727
102,"louvre_pyramid",1.0,1.0,.95,.9,.925,.92,.0556,.2778,.3889,.5556,.6111,.6667,.1053,.4348,.5519,.687,.736,.7731
103,"brooklyn_bridge",1.0,1.0,.9,.7667,.8,.78,.1905,.3333,.381,.381,.5714,.619,.32,.5,.5353,.509,.6667,.6903
104,"tower_of_london",.8,.8,.8,.8,.75,.78,.087,.2174,.2609,.5217,.5217,.6087,.1569,.3419,.3934,.6316,.6154,.6838
105,"british_museum_london",1.0,.9,.95,.9667,.975,.98,.1,.15,.35,.45,.5,.6,.1818,.2571,.5115,.6141,.661,.7443
106,"buckingham_palace",.6,.8,.65,.5667,.525,.48,.15,.2,.25,.35,.4,.45,.24,.32,.3611,.4327,.4541,.4645
107,"charles_bridge_prague",.6,.8,.6,.5667,.475,.5,.125,.2083,.2917,.375,.375,.5,.2069,.3306,.3925,.4513,.4191,.5
108,"champs_elysees_paris",.6,.5,.5,.5667,.525,.46,.2,.2667,.3333,.4667,.6,.6,.3,.3478,.4,.5118,.56,.5208
109,"chrysler_building",1.0,1.0,1.0,.9667,.95,.96,.1429,.3571,.5714,.7143,.9286,1.0,.25,.5263,.7273,.8215,.9392,.9796
110,"moma_new_york",.6,.8,.85,.9,.925,.92,.1579,.2632,.3158,.5263,.6316,.7895,.25,.396,.4605,.6642,.7506,.8498
111,"grand_central_terminal",.8,.9,.95,.9333,.95,.94,.1429,.2381,.2857,.3333,.4286,.5238,.2424,.3766,.4393,.4912,.5907,.6727
112,"houses_of_parliament",1.0,1.0,1.0,1.0,.925,.88,.2174,.3043,.3478,.4348,.4783,.5217,.3571,.4667,.5161,.6061,.6305,.6551
113,"alexanderplatz_berlin",.2,.3,.6,.6,.675,.62,.04,.08,.32,.4,.44,.48,.0667,.1263,.4174,.48,.5327,.5411
114,"centre_pompidou",.8,.7,.8,.8,.725,.78,.2222,.3889,.5556,.6667,.7222,.7222,.3478,.5,.6557,.7273,.7236,.75
115,"sydney_harbour_bridge",1.0,1.0,1.0,1.0,1.0,1.0,.3125,.4375,.5,.5,.625,.6875,.4762,.6087,.6667,.6667,.7692,.8148
116,"pier_39",1.0,1.0,.95,.9667,.975,.9,.2381,.2381,.381,.5238,.619,.6667,.3846,.3846,.5438,.6794,.7573,.766
117,"coit_tower",.4,.6,.6,.5667,.55,.56,.1333,.2667,.2667,.3333,.4,.4667,.2,.3692,.3692,.4198,.4632,.5091
118,"st_paul_s_cathedral_london",1.0,1.0,1.0,.9333,.875,.86,.2353,.3529,.5294,.5882,.6471,.6471,.381,.5217,.6923,.7216,.744,.7385
119,"cloud_gate",.6,.8,.45,.5667,.6,.66,.25,.3333,.3333,.5833,.5833,.5833,.3529,.4706,.383,.5749,.5915,.6193
120,"musee_d_orsay",1.0,.9,.9,.8667,.875,.9,.0952,.1905,.381,.4762,.619,.6667,.1739,.3144,.5353,.6147,.7251,.766
121,"pike_place_market",1.0,1.0,.9,.8667,.9,.82,.1905,.2857,.4762,.4762,.5238,.5238,.32,.4444,.6228,.6147,.6622,.6393
122,"royal_palace_madrid",.6,.8,.9,.8667,.775,.78,.1364,.2273,.4091,.4091,.4545,.5455,.2222,.354,.5625,.5558,.573,.642
123,"sony_center_berlin",1.0,1.0,.95,.8667,.825,.86,.1905,.2381,.381,.4286,.4286,.5238,.32,.3846,.5438,.5735,.5641,.6511
124,"red_square_moscow",.6,.6,.65,.6,.6,.66,.0952,.2381,.3333,.4286,.5238,.5714,.1644,.3409,.4407,.5,.5593,.6125
125,"prague_castle",1.0,1.0,.85,.8333,.85,.86,.16,.28,.36,.44,.6,.72,.2759,.4375,.5058,.5759,.7034,.7838
126,"musee_du_louvre",1.0,1.0,.95,.9667,.975,.98,.16,.32,.4,.56,.64,.8,.2759,.4848,.563,.7092,.7728,.8809
127,"millennium_bridge_london",1.0,.8,.75,.7667,.7,.76,.2,.28,.36,.48,.48,.52,.3333,.4148,.4865,.5904,.5695,.6175
128,"casa_mila",1.0,1.0,1.0,1.0,.95,.9,.2,.32,.36,.52,.6,.68,.3333,.4848,.5294,.6842,.7355,.7747
129,"national_gallery_london",1.0,1.0,.65,.7333,.7,.62,.1364,.2727,.3182,.5,.6364,.6364,.24,.4286,.4272,.5946,.6667,.6281
130,"national_mall",1.0,1.0,.95,.9667,.95,.86,.2,.32,.44,.68,.84,.88,.3333,.4848,.6014,.7984,.8916,.8699
131,"london_city_hall",1.0,.7,.85,.9,.9,.86,.2,.3,.5,.55,.6,.6,.3333,.42,.6296,.6828,.72,.7068
132,"holocaust_memorial",.4,.7,.65,.6333,.575,.46,.0625,.25,.5,.5625,.6875,.6875,.1081,.3684,.5652,.5958,.6262,.5512
133,"columbus_circle",.6,.7,.75,.7333,.625,.64,.12,.2,.36,.48,.52,.68,.2,.3111,.4865,.5802,.5677,.6594
134,"siegessaeule",.8,.9,.85,.6667,.55,.5,.16,.24,.48,.56,.56,.56,.2667,.3789,.6135,.6087,.555,.5283
135,"jardin_du_luxembourg",1.0,1.0,1.0,1.0,1.0,1.0,.12,.28,.44,.56,.68,.8,.2143,.4375,.6111,.7179,.8095,.8889
136,"merlion_singapore",.0,.1,.15,.2333,.325,.44,.0,.0455,.1364,.2727,.4545,.5455,.0,.0625,.1429,.2515,.379,.4871
137,"harrods_london",.8,.9,.75,.8333,.825,.86,.12,.28,.44,.56,.64,.72,.2087,.4271,.5546,.6699,.7208,.7838
138,"metropolitan_museum_of_art_new_york",1.0,1.0,1.0,.9,.925,.94,.16,.24,.4,.44,.52,.6,.2759,.3871,.5714,.591,.6657,.7325
139,"new_york_stock_exchange",.8,.6,.65,.6667,.6,.64,.15,.15,.3,.4,.5,.6,.2526,.24,.4105,.5,.5455,.6194
140,"stephansdom_vienna",1.0,1.0,1.0,1.0,.975,.96,.16,.24,.44,.48,.64,.68,.2759,.3871,.6111,.6486,.7728,.7961
141,"hms_belfast",1.0,1.0,1.0,.9667,.95,.96,.16,.24,.32,.52,.52,.64,.2759,.3871,.4848,.6762,.6721,.768
142,"leicester_square",.8,.9,.75,.7,.7,.7,.08,.16,.28,.4,.48,.56,.1455,.2717,.4078,.5091,.5695,.6222
143,"ciudad_de_las_artes_y_las_ciencias",.8,.9,.9,.8667,.9,.88,.12,.28,.48,.6,.6,.68,.2087,.4271,.6261,.7091,.72,.7672
144,"topkapi_palace",1.0,1.0,.95,.9667,.975,.96,.2,.32,.48,.48,.56,.64,.3333,.4848,.6378,.6415,.7114,.768
145,"royal_albert_hall",1.0,1.0,.95,.7,.775,.76,.12,.16,.4,.44,.44,.48,.2143,.2759,.563,.5404,.5613,.5884
146,"st_vitus_cathedral",1.0,1.0,1.0,.9667,.9,.92,.2,.36,.48,.52,.6,.68,.3333,.5294,.6486,.6762,.72,.782
147,"castello_sforzesco",1.0,1.0,.9,.9333,.9,.92,.2,.28,.44,.52,.6,.64,.3333,.4375,.591,.6679,.72,.7549
148,"rijksmuseum_amsterdam",1.0,1.0,1.0,1.0,1.0,1.0,.16,.16,.16,.4,.48,.64,.2759,.2759,.2759,.5714,.6486,.7805
149,"dam_square",.8,.8,.8,.8333,.75,.7,.12,.2,.28,.36,.36,.44,.2087,.32,.4148,.5028,.4865,.5404
150,"rathaus_vienna",1.0,1.0,1.0,.9,.85,.7,.16,.16,.16,.2,.32,.36,.2759,.2759,.2759,.3273,.465,.4755
151,"bath_abbey",.8,.9,.95,.9667,.975,.98,.16,.24,.4,.48,.56,.6,.2667,.3789,.563,.6415,.7114,.7443
152,"salisbury_cathedral",1.0,1.0,1.0,.9667,.95,.96,.12,.16,.32,.32,.44,.56,.2143,.2759,.4848,.4808,.6014,.7074
153,"templo_de_debod",.4,.4,.3,.4333,.45,.5,.0909,.1364,.1818,.2273,.3182,.3636,.1481,.2034,.2264,.2982,.3728,.4211
154,"Niagara_Falls",.8,.7,.6,.6333,.65,.68,.0909,.2273,.3636,.4545,.5455,.5455,.1633,.3431,.4528,.5292,.5932,.6053
155,"Golden_Gate_Bridge_in_San_Francisco",1.0,.9,.9,.9,.925,.94,.1364,.2273,.3636,.4545,.6364,.6818,.24,.3629,.518,.604,.754,.7904
156,"Neuschwanstein_Castle",1.0,1.0,1.0,1.0,.975,.98,.12,.24,.44,.6,.68,.68,.2143,.3871,.6111,.75,.8012,.8029
157,"Christ_Church_Cathedral_Missouri",1.0,.9,.75,.8333,.75,.74,.12,.2,.4,.52,.52,.52,.2143,.3273,.5217,.6404,.6142,.6108
158,"Mount_Rushmore_in_South_Dakota",.8,.9,.95,.9667,.925,.88,.16,.2,.36,.56,.64,.68,.2667,.3273,.5221,.7092,.7565,.7672
159,"Puerta_de_Toledo",.6,.3,.15,.1,.075,.06,1.0,1.0,1.0,1.0,1.0,1.0,.75,.4615,.2609,.1818,.1395,.1132
160,"Urquhart_Castle",1.0,.9,.85,.7667,.775,.82,.1667,.25,.375,.4583,.5833,.6667,.2857,.3913,.5204,.5737,.6656,.7354
161,"Gare_du_Nord_Paris",.8,.8,.65,.7667,.825,.86,.16,.2,.24,.28,.32,.32,.2667,.32,.3506,.4102,.4611,.4664
162,"Newgrange_in_Ireland",.8,.6,.75,.8,.7,.66,.0833,.1667,.375,.4583,.5,.5417,.1509,.2609,.5,.5828,.5833,.595
163,"Windmills_at_Kinderdijk",1.0,1.0,.95,.8333,.85,.84,.16,.24,.36,.4,.52,.56,.2759,.3871,.5221,.5405,.6453,.672
164,"Conciergerie",.8,.9,.95,.9667,.95,.96,.16,.28,.48,.64,.72,.8,.2667,.4271,.6378,.7701,.8192,.8727
165,"Palazzo_Madama",.8,.9,.85,.8667,.75,.74,.1818,.3636,.5455,.5909,.5909,.6818,.2963,.518,.6645,.7027,.661,.7097
166,"Split_Rock_Lighthouse",.6,.6,.75,.8,.8,.82,.08,.16,.32,.44,.52,.52,.1412,.2526,.4486,.5677,.6303,.6364
167,"The_Little_Mermaid_Denmark",1.0,1.0,.95,.9333,.95,.92,.2857,.2857,.5,.7143,.8571,.9286,.4444,.4444,.6552,.8092,.9012,.9243
168,"Great_Pyramid_of_Giza",.6,.6,.65,.5667,.65,.66,.2,.2667,.5333,.6,.7333,.7333,.3,.3692,.5859,.5829,.6892,.6947
169,"Pitti_Palace",1.0,.8,.85,.7333,.625,.6,.2273,.3182,.5,.5,.5,.5455,.3704,.4553,.6296,.5946,.5556,.5714
170,"Georgia_State_Capitol",.6,.5,.5,.6,.475,.38,.1053,.1579,.2632,.2632,.2632,.2632,.1791,.24,.3448,.3659,.3387,.311
171,"Dome_des_Invalides",1.0,1.0,1.0,.9667,.975,.98,.16,.28,.4,.44,.44,.44,.2759,.4375,.5714,.6047,.6064,.6073
172,"Reggia_di_Caserta",1.0,.9,.6,.5667,.5,.54,.16,.28,.36,.48,.52,.56,.2759,.4271,.45,.5197,.5098,.5498
173,"The_Burj_al_Arab_Hotel",.8,.8,.9,.8333,.8,.84,.16,.28,.32,.4,.48,.56,.2667,.4148,.4721,.5405,.6,.672
174,"Elephanta_Caves",1.0,1.0,1.0,1.0,.975,.86,.2083,.3333,.4167,.5833,.7083,.75,.3448,.5,.5882,.7368,.8205,.8012
175,"Basilica_of_Santa_Croce",1.0,1.0,1.0,1.0,1.0,1.0,.08,.12,.48,.56,.6,.68,.1481,.2143,.6486,.7179,.75,.8095
176,"Aachen_Cathedral",1.0,1.0,.95,.9333,.875,.9,.16,.32,.4,.52,.56,.6,.2759,.4848,.563,.6679,.6829,.72
177,"Monument_to_the_Great_Fire_of_London",1.0,.7,.55,.5667,.525,.48,.2,.2,.36,.4,.44,.52,.3333,.3111,.4352,.469,.4788,.4992
178,"Longmen_Grottoes",.8,.6,.6,.6667,.6,.6,.12,.2,.4,.56,.64,.72,.2087,.3,.48,.6087,.6194,.6545
179,"Louisiana_State_Capitol",.4,.3,.25,.2,.25,.22,.08,.12,.16,.2,.28,.28,.1333,.1714,.1951,.2,.2642,.2464
180,"The_Great_Sphinx_at_Giza",1.0,1.0,.85,.8667,.85,.88,.12,.2,.28,.36,.56,.64,.2143,.3333,.4212,.5087,.6752,.7411
181,"Teatro_Real_Madrid",.6,.6,.8,.8667,.85,.7,.1304,.2174,.4783,.6957,.7826,.7826,.2143,.3191,.5986,.7718,.8149,.739
182,"Palacio_de_la_Magdalena",.6,.8,.85,.8,.775,.72,.12,.24,.4,.44,.56,.68,.2,.3692,.544,.5677,.6502,.6994
183,"Sowjetisches_Ehrenmal",.6,.3,.55,.6333,.65,.72,.12,.12,.32,.44,.6,.68,.2,.1714,.4046,.5193,.624,.6994
184,"Cathedral_of_Trier",1.0,1.0,1.0,.9333,.95,.9,.2,.32,.6,.72,.8,.88,.3333,.4848,.75,.8129,.8686,.8899
185,"Saint_Mary_of_the_Flower",.2,.1,.1,.1333,.125,.1,.04,.04,.08,.12,.16,.16,.0667,.0571,.0889,.1263,.1404,.1231
186,"Skellig_Michael",.8,.7,.65,.6333,.7,.66,.16,.24,.4,.52,.6,.6,.2667,.3574,.4952,.5711,.6462,.6286
187,"Chicago_Board_of_Trade_Building",1.0,1.0,1.0,.9667,.95,.88,.2273,.2727,.5455,.5909,.6364,.7273,.3704,.4286,.7059,.7335,.7622,.7964
188,"Pont_de_Normandie_France",1.0,1.0,1.0,.9667,.975,.98,.1579,.3684,.5789,.6842,.7895,.8421,.2727,.5385,.7333,.8013,.8725,.9058
189,"Palazzo_Rosso",.0,.0,.0,.0,.025,.08,.0,.0,.0,.0,.0417,.125,.0,.0,.0,.0,.0312,.0976
190,"Piazza_Vittorio_Veneto",.8,.7,.45,.4667,.425,.4,.25,.375,.5,.5,.6875,.6875,.381,.4884,.4737,.4828,.5253,.5057
191,"Sforza_Castle",1.0,.9,.95,.9667,.975,.94,.2,.32,.44,.56,.64,.64,.3333,.4721,.6014,.7092,.7728,.7615
192,"Torres_KIO",1.0,1.0,.95,.9667,.85,.74,.2,.2,.32,.48,.52,.56,.3333,.3333,.4787,.6415,.6453,.6375
193,"Torre_Picasso",1.0,1.0,.95,.7667,.775,.8,.1667,.2917,.4583,.5417,.5833,.6667,.2857,.4516,.6183,.6348,.6656,.7273
194,"The_Palace_of_Parliament_in_Bucharest",1.0,.8,.9,.9,.925,.86,.2,.24,.28,.52,.64,.72,.3333,.3692,.4271,.6592,.7565,.7838
195,"Ernest_Hemingway_House",.8,.9,.95,.8333,.775,.8,.16,.2,.36,.44,.52,.68,.2667,.3273,.5221,.5759,.6224,.7351
196,"Castel_dellOvo_Napoli",.8,.9,.95,.9333,.875,.84,.16,.28,.48,.68,.72,.76,.2667,.4271,.6378,.7868,.79,.798
197,"Villa_Borghese_gardens",1.0,1.0,1.0,1.0,.975,.98,.2,.32,.56,.72,.76,.8,.3333,.4848,.7179,.8372,.8542,.8809
198,"Saint_Marks_Basilica",1.0,1.0,1.0,1.0,1.0,.9,.16,.24,.24,.28,.4,.48,.2759,.3871,.3871,.4375,.5714,.6261
199,"Mausoleum_of_the_First_Qin_Emperor",.8,.9,.95,.8667,.75,.8,.16,.32,.4,.48,.52,.52,.2667,.4721,.563,.6178,.6142,.6303
200,"Mausoleum_of_Hadrian",1.0,1.0,.9,.7667,.625,.54,.1667,.2778,.2778,.3889,.4444,.4444,.2857,.4348,.4245,.516,.5195,.4876
201,"Piazza_de_Ferrari",1.0,1.0,1.0,.9667,.975,.94,.2105,.3684,.4737,.4737,.5263,.5789,.3478,.5385,.6429,.6358,.6836,.7166
202,"George_Washington_Carver",.4,.7,.65,.5667,.55,.58,.125,.1875,.4375,.5,.5625,.6875,.1905,.2958,.523,.5312,.5562,.6292
203,"Cathedral_of_Santiago_de_Compostela",1.0,1.0,.95,.9333,.925,.84,.1176,.3529,.5294,.5882,.8235,.8824,.2105,.5217,.6799,.7216,.8713,.8607
204,"Saint-Jacques_Tower",.8,.9,.85,.8333,.8,.74,.2308,.3077,.3077,.3077,.4615,.4615,.3582,.4586,.4518,.4494,.5854,.5685
205,"Calakmul_Campeche_Mexico",1.0,1.0,.9,.9,.9,.88,.2143,.2857,.3571,.5,.6429,.7143,.3529,.4444,.5114,.6429,.75,.7885
206,"Bran_Castle_in_Transylvania",1.0,.8,.75,.8,.825,.84,.2105,.2632,.3684,.5263,.5263,.6316,.3478,.396,.4941,.6349,.6426,.721
207,"Mosteiro_da_Batalha",1.0,1.0,1.0,1.0,1.0,1.0,.2105,.2632,.4737,.5263,.6316,.6842,.3478,.4167,.6429,.6897,.7742,.8125
208,"Wartburg_Castle",1.0,1.0,.95,.9333,.9,.92,.15,.3,.5,.6,.65,.75,.2609,.4615,.6552,.7304,.7548,.8263
209,"Fujian_Tulou_Fujian_China",.8,.9,.95,.9667,.975,.96,.1111,.3333,.3889,.6111,.6667,.7222,.1951,.4865,.5519,.7488,.7919,.8243
210,"Alabama_State_Capitol",.4,.4,.55,.7,.775,.76,.0952,.1905,.4286,.5714,.8095,.8095,.1538,.2581,.4818,.6292,.7919,.784
211,"Palazzo_dAccursio",1.0,1.0,.9,.9,.875,.9,.1667,.2778,.3333,.3333,.4444,.6111,.2857,.4348,.4865,.4865,.5895,.7279
212,"Casa_Grande_Ruins",.8,.9,.8,.8,.825,.84,.2353,.2941,.3529,.4118,.4706,.4706,.3636,.4433,.4898,.5437,.5993,.6032
213,"Stravinsky_Fountain",1.0,1.0,1.0,1.0,1.0,1.0,.2,.3333,.4667,.5333,.6,.6,.3333,.5,.6364,.6957,.75,.75
214,"Angel_Falls_Venezuela",.8,.8,.7,.6333,.575,.58,.1765,.2941,.4118,.5882,.5882,.6471,.2892,.4301,.5185,.61,.5815,.6117
215,"Statue_of_George_IV",.8,.7,.55,.4333,.425,.42,.375,.5,.5,.5,.625,.75,.5106,.5833,.5238,.4643,.506,.5385
216,"Palacio_Barolo",.8,.8,.9,.9333,.95,.94,.1765,.2353,.4118,.4706,.7059,.7647,.2892,.3636,.565,.6257,.8099,.8433
217,"Bridge_of_Remembrance_Christchurch_New_Zealand",1.0,1.0,1.0,1.0,.925,.8,.3333,.3333,.75,.9167,1.0,1.0,.5,.5,.8571,.9565,.961,.8889
218,"John_A._Roebling_Suspension_Bridge",.2,.2,.3,.3667,.425,.44,.0667,.0667,.3333,.4667,.6667,.6667,.1,.1,.3158,.4107,.5191,.5301
219,"Blue_Dome_Santorini",1.0,.9,.9,.9333,.95,.96,.3125,.375,.5,.5625,.6875,.75,.4762,.5294,.6429,.7019,.7977,.8421
220,"Fossar_de_les_Moreres",.0,.3,.55,.4333,.35,.3,.0,.2143,.5714,.5714,.5714,.5714,.0,.25,.5605,.4929,.4341,.3934
221,"Luxor_Obelisk_France",.8,.7,.8,.7667,.7,.7,.125,.25,.3125,.375,.375,.4375,.2162,.3684,.4494,.5036,.4884,.5385
222,"Valle_de_los_Caidos",1.0,.9,.9,.8667,.875,.9,.25,.4,.6,.65,.75,.8,.4,.5538,.72,.7429,.8077,.8471
--------------------
"--","Avg.",P@5,P@10,P@20,P@30,P@40,P@50,CR@5,CR@10,CR@20,CR@30,CR@40,CR@50,F1@5,F1@10,F1@20,F1@30,F1@40,F1@50
,.,809,.8045,.7912,.7764,.7655,.7571,.1541,.2478,.3861,.4826,.5636,.623,.2523,.3708,.5076,.5827,.6352,.6687
