--------------------
"Run name","output_runJACKARDDtrs"
--------------------
"Average P@20 = ",.7473
"Average CR@20 = ",.3804
"Average F1@20 = ",.4924
--------------------
"Query Id ","Location name",P@5,P@10,P@20,P@30,P@40,P@50,CR@5,CR@10,CR@20,CR@30,CR@40,CR@50,F1@5,F1@10,F1@20,F1@30,F1@40,F1@50
1,"angel_of_the_north",1.0,1.0,1.0,1.0,1.0,1.0,.08,.24,.44,.48,.6,.64,.1481,.3871,.6111,.6486,.75,.7805
2,"big_ben",.4,.4,.5,.5,.525,.54,.0909,.1818,.4091,.5,.5455,.5455,.1481,.25,.45,.5,.535,.5427
3,"hearst_castle",1.0,1.0,.95,.9667,.975,.96,.1667,.3333,.4583,.6667,.7083,.75,.2857,.5,.6183,.7891,.8205,.8421
4,"la_madeleine",.0,.0,.0,.1,.275,.34,.0,.0,.0,.1429,.4286,.5714,.0,.0,.0,.1176,.335,.4263
5,"pont_alexandre_iii",.8,.9,.9,.9333,.9,.84,.16,.28,.48,.6,.8,.84,.2667,.4271,.6261,.7304,.8471,.84
6,"neues_museum",.4,.4,.5,.4667,.425,.42,.08,.12,.24,.32,.36,.4,.1333,.1846,.3243,.3797,.3898,.4098
7,"montezuma_castle",.6,.8,.75,.7667,.775,.78,.1667,.4167,.6667,.75,.8333,.8333,.2609,.5479,.7059,.7582,.8031,.8058
8,"cn_tower",1.0,.9,.8,.7667,.65,.6,.2083,.2917,.4167,.5417,.5833,.625,.3448,.4406,.5479,.6348,.6149,.6122
9,"acropolis_athens",.6,.7,.8,.8,.825,.82,.1429,.2381,.3333,.4762,.5714,.5714,.2308,.3553,.4706,.597,.6752,.6735
10,"agra_fort",1.0,.9,.8,.8333,.825,.84,.2,.28,.44,.6,.64,.76,.3333,.4271,.5677,.6977,.7208,.798
11,"albert_memorial",.6,.7,.85,.9,.925,.86,.1364,.1818,.2727,.3182,.4545,.4545,.2222,.2887,.413,.4701,.6096,.5947
12,"altes_museum",1.0,.9,.9,.9333,.95,.88,.125,.1667,.375,.4583,.625,.6667,.2222,.2812,.5294,.6148,.754,.7586
13,"amiens_cathedral",1.0,.9,.95,.9333,.925,.94,.16,.28,.44,.6,.68,.76,.2759,.4271,.6014,.7304,.7838,.8405
14,"angkor_wat",1.0,.8,.75,.7667,.775,.74,.2,.2,.28,.52,.64,.68,.3333,.32,.4078,.6197,.7011,.7087
15,"ara_pacis",.4,.7,.85,.9,.85,.74,.0909,.2727,.5,.6818,.8182,.8182,.1481,.3925,.6296,.7759,.8338,.7771
16,"arc_de_triomphe",.8,.6,.55,.5333,.525,.52,.125,.1667,.2917,.375,.4167,.5,.2162,.2609,.3812,.4404,.4646,.5098
17,"aztec_ruins",.4,.3,.35,.4,.4,.4,.08,.12,.24,.4,.52,.52,.1333,.1714,.2847,.4,.4522,.4522
18,"berlin_cathedral",1.0,1.0,.95,.9667,.975,.98,.16,.32,.4,.52,.6,.64,.2759,.4848,.563,.6762,.7429,.7743
19,"bok_tower_gardens",1.0,1.0,.95,.8667,.875,.88,.16,.28,.36,.48,.64,.76,.2759,.4375,.5221,.6178,.7393,.8156
20,"brandenburg_gate",.8,.9,.8,.8667,.875,.88,.16,.28,.4,.48,.68,.8,.2667,.4271,.5333,.6178,.7653,.8381
21,"cabrillo",.2,.3,.25,.2333,.25,.2,.0769,.2308,.3077,.3846,.5385,.5385,.1111,.2609,.2759,.2905,.3415,.2917
22,"casa_batllo",1.0,1.0,1.0,1.0,1.0,1.0,.12,.28,.56,.6,.64,.72,.2143,.4375,.7179,.75,.7805,.8372
23,"casa_rosada",1.0,1.0,.9,.8,.775,.8,.16,.32,.44,.52,.56,.64,.2759,.4848,.591,.6303,.6502,.7111
24,"castillo_de_san_marcos",.6,.8,.7,.6333,.7,.74,.12,.28,.44,.48,.56,.68,.2,.4148,.5404,.5461,.6222,.7087
25,"chartres_cathedral",.8,.8,.85,.9,.9,.92,.12,.28,.44,.64,.68,.68,.2087,.4148,.5798,.7481,.7747,.782
26,"chichen_itza",.8,.8,.8,.8,.85,.88,.16,.32,.4,.48,.64,.68,.2667,.4571,.5333,.6,.7302,.7672
27,"christ_the_redeemer_rio",.6,.5,.6,.6333,.625,.66,.1304,.1739,.2609,.3913,.5217,.5652,.2143,.2581,.3636,.4837,.5687,.6089
28,"civic_center_san_francisco",.8,.7,.7,.7,.675,.64,.16,.24,.36,.48,.56,.56,.2667,.3574,.4755,.5695,.6121,.5973
29,"cologne_cathedral",1.0,1.0,1.0,1.0,.975,.98,.16,.24,.36,.44,.52,.6,.2759,.3871,.5294,.6111,.6783,.7443
30,"colosseum",1.0,1.0,1.0,1.0,.875,.88,.2,.28,.4,.48,.56,.6,.3333,.4375,.5714,.6486,.6829,.7135
31,"doge_s_palace",.6,.6,.65,.7,.7,.7,.08,.16,.28,.4,.44,.44,.1412,.2526,.3914,.5091,.5404,.5404
32,"eiffel_tower",.8,.9,.9,.9,.85,.82,.16,.28,.44,.44,.48,.52,.2667,.4271,.591,.591,.6135,.6364
33,"golden_gate_bridge",.8,.9,.85,.7667,.725,.64,.1304,.2609,.4348,.4783,.4783,.5217,.2243,.4045,.5753,.5891,.5763,.5749
34,"grand_palais",1.0,1.0,.95,.9667,.95,.92,.1818,.2727,.5,.6364,.7273,.7273,.3077,.4286,.6552,.7675,.8238,.8124
35,"guggenheim_museum_bilbao",.8,.9,.9,.9333,.95,.94,.12,.28,.48,.52,.52,.56,.2087,.4271,.6261,.6679,.6721,.7019
36,"hagia_sophia_istanbul",1.0,1.0,1.0,.9667,.975,.98,.2,.32,.56,.6,.68,.72,.3333,.4848,.7179,.7404,.8012,.8301
37,"hoover_dam",1.0,1.0,.9,.9,.9,.92,.16,.24,.36,.48,.56,.64,.2759,.3871,.5143,.6261,.6904,.7549
38,"humayun_tomb",1.0,1.0,1.0,.8667,.775,.8,.2,.32,.4,.48,.56,.72,.3333,.4848,.5714,.6178,.6502,.7579
39,"iguazu_falls",.6,.7,.85,.8667,.85,.82,.12,.28,.44,.52,.56,.68,.2,.4,.5798,.65,.6752,.7435
40,"iolani_palace",.6,.5,.5,.5333,.6,.64,.08,.16,.16,.24,.44,.6,.1412,.2424,.2424,.331,.5077,.6194
41,"la_mezquita",.4,.3,.45,.4667,.45,.5,.0833,.125,.3333,.4167,.4583,.5,.1379,.1765,.383,.4403,.4541,.5
42,"la_rambla_barcelona",.8,.8,.8,.8,.85,.86,.16,.24,.44,.64,.72,.76,.2667,.3692,.5677,.7111,.7796,.8069
43,"la_sainte_chapelle",1.0,1.0,1.0,.9333,.95,.96,.2,.36,.52,.6,.68,.8,.3333,.5294,.6842,.7304,.7926,.8727
44,"liberty_memorial",.8,.7,.65,.6333,.6,.6,.12,.12,.24,.32,.36,.4,.2087,.2049,.3506,.4252,.45,.48
45,"lincoln_home",.4,.3,.4,.4333,.45,.46,.1111,.1667,.2778,.3333,.3333,.5,.1739,.2143,.3279,.3768,.383,.4792
46,"machu_picchu",1.0,1.0,1.0,1.0,.95,.92,.2,.32,.56,.68,.72,.76,.3333,.4848,.7179,.8095,.8192,.8324
47,"marble_arch_london",.6,.6,.5,.3667,.35,.32,.25,.5,.6667,.6667,.6667,.75,.3529,.5455,.5714,.4731,.459,.4486
48,"milan_cathedral",.8,.9,.95,.9667,.975,.96,.16,.32,.52,.6,.68,.72,.2667,.4721,.6721,.7404,.8012,.8229
49,"mole_antonelliana",.6,.7,.85,.8667,.85,.78,.12,.12,.32,.36,.4,.44,.2,.2049,.465,.5087,.544,.5626
50,"mont_saint_michel",1.0,1.0,1.0,1.0,.975,.98,.16,.32,.52,.6,.6,.64,.2759,.4848,.6842,.75,.7429,.7743
51,"moulin_rouge",.2,.2,.25,.2333,.225,.22,.125,.25,.375,.5,.625,.75,.1538,.2222,.3,.3182,.3309,.3402
52,"nelson_s_column",.8,.9,.95,.9333,.875,.88,.1667,.3333,.4167,.5833,.5833,.7083,.2759,.4865,.5793,.7179,.7,.7849
53,"notre_dame_de_paris",1.0,.8,.8,.8667,.9,.88,.16,.24,.32,.44,.48,.56,.2759,.3692,.4571,.5837,.6261,.6844
54,"obelisco",.2,.1,.05,.1,.075,.06,.0909,.0909,.0909,.1818,.1818,.1818,.125,.0952,.0645,.129,.1062,.0902
55,"piccadilly_circus",.8,.7,.8,.8,.8,.8,.1304,.1739,.3478,.5217,.6087,.7391,.2243,.2786,.4848,.6316,.6914,.7684
56,"place_de_la_concorde",1.0,1.0,1.0,1.0,1.0,1.0,.2,.28,.44,.64,.68,.76,.3333,.4375,.6111,.7805,.8095,.8636
57,"place_de_la_republique",.0,.1,.05,.1,.1,.1,.0,.125,.125,.25,.375,.375,.0,.1111,.0714,.1429,.1579,.1579
58,"place_des_vosges",.8,.9,.75,.7667,.75,.76,.12,.2,.28,.36,.4,.6,.2087,.3273,.4078,.4899,.5217,.6706
59,"pont_du_gard",.2,.4,.45,.5,.5,.6,.04,.16,.24,.36,.4,.48,.0667,.2286,.313,.4186,.4444,.5333
60,"pont_neuf",.8,.8,.7,.7333,.7,.66,.16,.24,.36,.52,.64,.76,.2667,.3692,.4755,.6085,.6687,.7065
61,"ponte_vecchio",.8,.9,.95,.9333,.9,.86,.125,.1667,.375,.5,.5833,.5833,.2162,.2812,.5377,.6512,.7079,.6952
62,"puerta_de_alcala",.6,.6,.55,.5667,.475,.48,.1053,.2105,.3158,.4211,.4737,.5789,.1791,.3117,.4012,.4831,.4743,.5249
63,"puerta_del_sol",1.0,.6,.55,.5,.45,.42,.15,.15,.3,.4,.4,.5,.2609,.24,.3882,.4444,.4235,.4565
64,"red_fort",1.0,.9,.95,.9667,.975,.98,.2,.28,.36,.6,.8,.8,.3333,.4271,.5221,.7404,.8789,.8809
65,"reims_cathedral",1.0,1.0,1.0,.9667,.975,.98,.2,.32,.36,.48,.6,.6,.3333,.4848,.5294,.6415,.7429,.7443
66,"rialto_bridge",.8,.6,.6,.5333,.575,.52,.25,.375,.5625,.625,.625,.625,.381,.4615,.5806,.5755,.599,.5677
67,"roman_forum_rome",.4,.7,.7,.7333,.725,.76,.08,.28,.4,.44,.6,.64,.1333,.4,.5091,.55,.6566,.6949
68,"sacre_coeur",.6,.5,.35,.3333,.4,.44,.125,.2083,.2917,.3333,.3333,.375,.2069,.2941,.3182,.3333,.3636,.4049
69,"sagrada_familia",1.0,.9,.85,.8667,.875,.9,.2,.28,.4,.52,.56,.6,.3333,.4271,.544,.65,.6829,.72
70,"santa_maria_novella",.8,.7,.6,.5,.45,.42,.12,.16,.2,.28,.32,.4,.2087,.2605,.3,.359,.374,.4098
71,"schonbrunn_palace",1.0,1.0,1.0,.9667,.95,.96,.16,.28,.44,.52,.64,.72,.2759,.4375,.6111,.6762,.7648,.8229
72,"seville_cathedral",.8,.9,.9,.8667,.9,.9,.12,.24,.4,.52,.68,.68,.2087,.3789,.5538,.65,.7747,.7747
73,"spanish_steps",1.0,.6,.7,.6667,.675,.7,.2273,.2273,.4091,.5909,.6818,.7273,.3704,.3297,.5164,.6265,.6784,.7134
74,"st__basil_cathedral",1.0,1.0,.95,.9667,.9,.9,.16,.32,.48,.6,.64,.68,.2759,.4848,.6378,.7404,.7481,.7747
75,"statue_of_liberty",.6,.8,.8,.8,.8,.8,.12,.28,.4,.52,.56,.6,.2,.4148,.5333,.6303,.6588,.6857
76,"stonehenge",.8,.8,.8,.8,.7,.66,.1579,.2105,.2632,.2632,.3684,.5263,.2637,.3333,.396,.396,.4828,.5856
77,"summer_palace_beijing",.8,.8,.9,.9333,.95,.94,.08,.2,.4,.52,.56,.64,.1455,.32,.5538,.6679,.7046,.7615
78,"sydney_opera_house",.8,.7,.8,.8667,.875,.9,.08,.2,.4,.4,.48,.52,.1455,.3111,.5333,.5474,.6199,.6592
79,"teotihuacan",.8,.8,.55,.6,.625,.62,.16,.28,.32,.48,.56,.64,.2667,.4148,.4046,.5333,.5907,.6298
80,"terracotta_army",.8,.5,.45,.4667,.45,.48,.2,.25,.35,.5,.5,.65,.32,.3333,.3937,.4828,.4737,.5522
81,"the_blue_mosque",.8,.8,.9,.9333,.875,.88,.12,.24,.36,.44,.52,.6,.2087,.3692,.5143,.5981,.6523,.7135
82,"the_henry_ford",.8,.6,.7,.7,.625,.6,.16,.2,.32,.4,.44,.48,.2667,.3,.4392,.5091,.5164,.5333
83,"taj_mahal",1.0,.9,.9,.9,.875,.9,.2,.32,.48,.56,.6,.6,.3333,.4721,.6261,.6904,.7119,.72
84,"tour_montparnasse",.8,.6,.5,.4667,.525,.5,.2,.25,.35,.35,.5,.65,.32,.3529,.4118,.4,.5122,.5652
85,"tower_bridge_london",.8,.8,.65,.5667,.55,.56,.16,.24,.28,.36,.44,.56,.2667,.3692,.3914,.4403,.4889,.56
86,"trafalgar_square",.6,.5,.5,.4333,.45,.54,.1364,.1818,.3182,.3182,.3636,.4545,.2222,.2667,.3889,.3669,.4022,.4936
87,"leaning_tower_of_pisa",.4,.3,.45,.6,.55,.54,.08,.12,.24,.32,.4,.44,.1333,.1714,.313,.4174,.4632,.4849
88,"hermitage_museum_saint_petersburg",1.0,1.0,.9,.9333,.875,.84,.2,.32,.36,.44,.64,.64,.3333,.4848,.5143,.5981,.7393,.7265
89,"jantar_mantar_jaipur",1.0,.7,.7,.6667,.675,.74,.12,.2,.44,.56,.68,.72,.2143,.3111,.5404,.6087,.6775,.7299
90,"lake_titicaca_peru",1.0,.7,.6,.5333,.525,.54,.1667,.25,.375,.375,.4583,.5417,.2857,.3684,.4615,.4404,.4894,.5408
91,"the_great_wall_of_china",.8,.9,.85,.9,.85,.84,.16,.24,.32,.44,.48,.56,.2667,.3789,.465,.591,.6135,.672
92,"grande_arche_paris",.8,.8,.7,.7333,.725,.68,.16,.28,.36,.44,.44,.52,.2667,.4148,.4755,.55,.5476,.5893
93,"el_angel_mexico",.6,.8,.75,.6333,.675,.58,.0952,.2381,.381,.4286,.619,.6667,.1644,.367,.5053,.5112,.6458,.6203
94,"bibliotheque_nationale_de_france",.8,.5,.45,.5333,.65,.68,.12,.12,.12,.2,.28,.4,.2087,.1935,.1895,.2909,.3914,.5037
95,"kronborg_castle",1.0,.9,.85,.8333,.85,.86,.1667,.25,.375,.4167,.4583,.4583,.2857,.3913,.5204,.5556,.5955,.598
96,"ajanta_caves",1.0,.9,.95,.9333,.95,.94,.2273,.3636,.6818,.7273,.8182,.8182,.3704,.518,.7939,.8175,.8792,.8749
97,"atomium",.8,.9,.95,.9667,.975,.94,.1429,.2381,.4286,.4286,.4762,.4762,.2424,.3766,.5907,.5939,.6399,.6321
98,"ellora_caves",1.0,.9,.95,.9667,.975,.98,.1818,.2727,.3636,.4091,.4545,.5455,.3077,.4186,.526,.5749,.62,.7008
99,"potala_palace",1.0,.9,.85,.8333,.8,.76,.1667,.1667,.3889,.4444,.5,.5556,.2857,.2812,.5336,.5797,.6154,.6419
100,"jokhang",.8,.8,.8,.8,.775,.76,.16,.24,.32,.44,.6,.68,.2667,.3692,.4571,.5677,.6764,.7178
101,"rila_monastery",.6,.6,.75,.7667,.775,.82,.08,.12,.24,.32,.36,.4,.1412,.2,.3636,.4515,.4916,.5377
102,"louvre_pyramid",1.0,1.0,1.0,.9333,.95,.96,.2222,.3333,.3889,.5556,.5556,.7222,.3636,.5,.56,.6965,.7011,.8243
103,"brooklyn_bridge",1.0,1.0,.9,.8667,.875,.86,.2381,.3333,.4762,.4762,.5238,.5714,.3846,.5,.6228,.6147,.6553,.6866
104,"tower_of_london",.6,.6,.6,.5333,.525,.5,.1304,.1739,.2609,.3043,.3478,.4348,.2143,.2697,.3636,.3875,.4184,.4651
105,"british_museum_london",1.0,1.0,1.0,1.0,1.0,1.0,.2,.3,.35,.35,.4,.5,.3333,.4615,.5185,.5185,.5714,.6667
106,"buckingham_palace",.4,.4,.45,.4667,.5,.52,.1,.2,.4,.4,.4,.5,.16,.2667,.4235,.4308,.4444,.5098
107,"charles_bridge_prague",1.0,.9,.75,.6333,.575,.58,.0833,.2083,.25,.25,.2917,.375,.1538,.3383,.375,.3585,.387,.4555
108,"champs_elysees_paris",.6,.5,.55,.5,.5,.54,.2,.3333,.3333,.3333,.3333,.3333,.3,.4,.4151,.4,.4,.4122
109,"chrysler_building",1.0,1.0,.95,.9,.9,.88,.2857,.3571,.5,.5714,.7143,.7857,.4444,.5263,.6552,.699,.7965,.8302
110,"moma_new_york",.8,.7,.8,.8333,.875,.9,.1579,.2632,.3158,.4211,.5263,.5789,.2637,.3825,.4528,.5594,.6573,.7046
111,"grand_central_terminal",.8,.9,.95,.9333,.95,.94,.1905,.3333,.4286,.5238,.619,.619,.3077,.4865,.5907,.671,.7496,.7465
112,"houses_of_parliament",.8,.7,.7,.7,.7,.76,.1304,.1739,.3478,.5652,.6087,.6087,.2243,.2786,.4647,.6254,.6512,.676
113,"alexanderplatz_berlin",.4,.4,.55,.4667,.475,.48,.08,.12,.24,.28,.36,.4,.1333,.1846,.3342,.35,.4096,.4364
114,"centre_pompidou",.4,.5,.45,.5,.525,.56,.1111,.1667,.2778,.3333,.4444,.4444,.1739,.25,.3435,.4,.4814,.4956
115,"sydney_harbour_bridge",1.0,1.0,.95,.9667,.95,.96,.1875,.3125,.375,.4375,.5,.5625,.3158,.4762,.5377,.6024,.6552,.7094
116,"pier_39",.6,.7,.7,.7667,.8,.82,.1429,.3333,.5238,.619,.7143,.7143,.2308,.4516,.5992,.685,.7547,.7635
117,"coit_tower",.8,.7,.75,.8333,.775,.8,.2667,.2667,.4,.5333,.6,.7333,.4,.3862,.5217,.6504,.6764,.7652
118,"st_paul_s_cathedral_london",1.0,1.0,.9,.8667,.875,.86,.2353,.3529,.4706,.5294,.7059,.8235,.381,.5217,.618,.6573,.7814,.8414
119,"cloud_gate",.8,.7,.6,.6333,.675,.7,.3333,.4167,.5833,.5833,.6667,.75,.4706,.5224,.5915,.6073,.6708,.7241
120,"musee_d_orsay",1.0,.9,.9,.9333,.925,.94,.1905,.2857,.2857,.4286,.5238,.5238,.32,.4337,.4337,.5874,.6689,.6727
121,"pike_place_market",1.0,1.0,1.0,.9,.875,.9,.1905,.2857,.381,.5238,.5238,.5238,.32,.4444,.5517,.6622,.6553,.6622
122,"royal_palace_madrid",.6,.4,.45,.5333,.525,.58,.0909,.1364,.3182,.4091,.4545,.5,.1579,.2034,.3728,.463,.4872,.537
123,"sony_center_berlin",.8,.8,.85,.9,.9,.86,.0952,.1905,.4286,.4762,.4762,.4762,.1702,.3077,.5698,.6228,.6228,.613
124,"red_square_moscow",.8,.8,.7,.7,.65,.64,.1429,.1905,.3333,.4762,.5238,.619,.2424,.3077,.4516,.5668,.5801,.6293
125,"prague_castle",.8,.9,.8,.8333,.825,.84,.16,.28,.36,.48,.64,.64,.2667,.4271,.4966,.6091,.7208,.7265
126,"musee_du_louvre",1.0,1.0,1.0,.9667,.975,.98,.16,.24,.28,.44,.52,.6,.2759,.3871,.4375,.6047,.6783,.7443
127,"millennium_bridge_london",1.0,1.0,.85,.8,.775,.8,.16,.28,.4,.48,.56,.6,.2759,.4375,.544,.6,.6502,.6857
128,"casa_mila",1.0,1.0,.9,.9333,.95,.96,.2,.32,.52,.64,.68,.72,.3333,.4848,.6592,.7593,.7926,.8229
129,"national_gallery_london",.6,.5,.45,.4667,.425,.42,.1364,.1818,.3182,.4091,.4091,.4545,.2222,.2667,.3728,.436,.4169,.4366
130,"national_mall",.6,.6,.7,.7,.7,.68,.12,.24,.44,.48,.6,.64,.2,.3429,.5404,.5695,.6462,.6594
131,"london_city_hall",.8,.9,.95,.9667,.95,.9,.2,.35,.55,.55,.6,.6,.32,.504,.6967,.7011,.7355,.72
132,"holocaust_memorial",.4,.3,.25,.3,.3,.3,.125,.125,.125,.3125,.4375,.4375,.1905,.1765,.1667,.3061,.3559,.3559
133,"columbus_circle",.4,.5,.7,.7667,.75,.62,.08,.2,.4,.6,.68,.68,.1333,.2857,.5091,.6732,.7133,.6486
134,"siegessaeule",.8,.8,.7,.6667,.6,.58,.16,.28,.44,.48,.52,.64,.2667,.4148,.5404,.5581,.5571,.6085
135,"jardin_du_luxembourg",1.0,1.0,1.0,1.0,1.0,1.0,.2,.32,.48,.56,.6,.64,.3333,.4848,.6486,.7179,.75,.7805
136,"merlion_singapore",.6,.6,.6,.5333,.45,.4,.1364,.2273,.3182,.4545,.5455,.5909,.2222,.3297,.4158,.4908,.4932,.4771
137,"harrods_london",.8,.9,.9,.9,.925,.94,.16,.28,.36,.52,.56,.64,.2667,.4271,.5143,.6592,.6976,.7615
138,"metropolitan_museum_of_art_new_york",1.0,.8,.9,.9333,.95,.94,.2,.28,.4,.52,.6,.6,.3333,.4148,.5538,.6679,.7355,.7325
139,"new_york_stock_exchange",.8,.6,.45,.4,.4,.46,.2,.2,.3,.35,.4,.55,.32,.3,.36,.3733,.4,.501
140,"stephansdom_vienna",1.0,1.0,.95,.9333,.925,.94,.12,.2,.4,.48,.52,.64,.2143,.3333,.563,.634,.6657,.7615
141,"hms_belfast",1.0,.9,.9,.9333,.9,.9,.16,.16,.2,.36,.48,.52,.2759,.2717,.3273,.5196,.6261,.6592
142,"leicester_square",1.0,1.0,.9,.8,.8,.8,.12,.16,.24,.32,.44,.48,.2143,.2759,.3789,.4571,.5677,.6
143,"ciudad_de_las_artes_y_las_ciencias",1.0,1.0,1.0,.9333,.95,.96,.12,.28,.44,.56,.68,.72,.2143,.4375,.6111,.7,.7926,.8229
144,"topkapi_palace",1.0,1.0,1.0,1.0,.95,.96,.2,.28,.4,.52,.68,.72,.3333,.4375,.5714,.6842,.7926,.8229
145,"royal_albert_hall",.8,.7,.7,.6667,.675,.66,.16,.24,.32,.36,.44,.52,.2667,.3574,.4392,.4675,.5327,.5817
146,"st_vitus_cathedral",1.0,.8,.9,.8667,.875,.88,.2,.28,.36,.44,.44,.6,.3333,.4148,.5143,.5837,.5856,.7135
147,"castello_sforzesco",1.0,.8,.9,.9,.9,.9,.2,.24,.36,.4,.44,.52,.3333,.3692,.5143,.5538,.591,.6592
148,"rijksmuseum_amsterdam",1.0,1.0,1.0,1.0,1.0,1.0,.2,.28,.44,.48,.56,.56,.3333,.4375,.6111,.6486,.7179,.7179
149,"dam_square",.6,.7,.7,.6667,.625,.6,.12,.24,.36,.36,.44,.48,.2,.3574,.4755,.4675,.5164,.5333
150,"rathaus_vienna",1.0,.8,.75,.6,.525,.54,.16,.24,.32,.32,.32,.36,.2759,.3692,.4486,.4174,.3976,.432
151,"bath_abbey",1.0,1.0,1.0,1.0,.975,.98,.2,.28,.36,.44,.56,.64,.3333,.4375,.5294,.6111,.7114,.7743
152,"salisbury_cathedral",1.0,1.0,1.0,1.0,1.0,1.0,.16,.2,.28,.28,.48,.52,.2759,.3333,.4375,.4375,.6486,.6842
153,"templo_de_debod",.0,.2,.2,.3,.3,.38,.0,.0909,.1364,.3182,.4091,.4545,.0,.125,.1622,.3088,.3462,.4139
154,"Niagara_Falls",.4,.4,.55,.5333,.475,.52,.0455,.1364,.3182,.4091,.4545,.5909,.0816,.2034,.4031,.463,.4645,.5532
155,"Golden_Gate_Bridge_in_San_Francisco",1.0,1.0,1.0,.9667,.95,.96,.2273,.3182,.5,.6364,.7273,.8182,.3704,.4828,.6667,.7675,.8238,.8834
156,"Neuschwanstein_Castle",1.0,1.0,1.0,.9667,.975,.98,.16,.28,.48,.56,.68,.68,.2759,.4375,.6486,.7092,.8012,.8029
157,"Christ_Church_Cathedral_Missouri",1.0,1.0,1.0,.9333,.825,.76,.2,.32,.4,.64,.68,.72,.3333,.4848,.5714,.7593,.7455,.7395
158,"Mount_Rushmore_in_South_Dakota",.8,.8,.85,.8667,.875,.88,.12,.2,.36,.44,.52,.56,.2087,.32,.5058,.5837,.6523,.6844
159,"Puerta_de_Toledo",.0,.1,.15,.1,.075,.06,.0,.5,1.0,1.0,1.0,1.0,.0,.1667,.2609,.1818,.1395,.1132
160,"Urquhart_Castle",1.0,.9,.95,.9667,.975,.94,.1667,.2917,.4583,.625,.625,.75,.2857,.4406,.6183,.7592,.7617,.8343
161,"Gare_du_Nord_Paris",1.0,.8,.75,.7667,.8,.84,.2,.24,.28,.28,.32,.4,.3333,.3692,.4078,.4102,.4571,.5419
162,"Newgrange_in_Ireland",.2,.5,.65,.7333,.675,.64,.0417,.1667,.3333,.4583,.5833,.5833,.069,.25,.4407,.5641,.6258,.6104
163,"Windmills_at_Kinderdijk",1.0,.9,.85,.8333,.875,.9,.2,.24,.36,.4,.44,.56,.3333,.3789,.5058,.5405,.5856,.6904
164,"Conciergerie",1.0,.9,.95,.9667,.975,.98,.2,.32,.44,.48,.6,.64,.3333,.4721,.6014,.6415,.7429,.7743
165,"Palazzo_Madama",1.0,.9,.75,.6,.6,.6,.2273,.2727,.4091,.5,.5909,.6818,.3704,.4186,.5294,.5455,.5954,.6383
166,"Split_Rock_Lighthouse",1.0,1.0,.9,.8333,.85,.88,.12,.2,.24,.36,.36,.44,.2143,.3333,.3789,.5028,.5058,.5867
167,"The_Little_Mermaid_Denmark",.6,.7,.65,.7,.7,.68,.2143,.3571,.4286,.5714,.7143,.7857,.3158,.473,.5166,.6292,.7071,.729
168,"Great_Pyramid_of_Giza",.8,.8,.8,.7333,.675,.62,.2,.3333,.5333,.6,.6,.6667,.32,.4706,.64,.66,.6353,.6425
169,"Pitti_Palace",.4,.6,.6,.6,.625,.62,.0909,.2273,.4091,.4091,.5,.5455,.1481,.3297,.4865,.4865,.5556,.5803
170,"Georgia_State_Capitol",.6,.7,.7,.7,.7,.58,.1579,.2105,.2632,.3158,.3684,.3684,.25,.3237,.3825,.4352,.4828,.4506
171,"Dome_des_Invalides",1.0,1.0,1.0,1.0,1.0,.98,.16,.28,.4,.56,.64,.64,.2759,.4375,.5714,.7179,.7805,.7743
172,"Reggia_di_Caserta",1.0,1.0,.8,.6333,.65,.66,.2,.32,.48,.48,.6,.68,.3333,.4848,.6,.5461,.624,.6699
173,"The_Burj_al_Arab_Hotel",.6,.7,.75,.7667,.75,.76,.08,.16,.28,.4,.56,.64,.1412,.2605,.4078,.5257,.6412,.6949
174,"Elephanta_Caves",1.0,1.0,.8,.8333,.875,.86,.2083,.2917,.375,.4583,.4583,.5417,.3448,.4516,.5106,.5914,.6016,.6647
175,"Basilica_of_Santa_Croce",.8,.9,.9,.9,.925,.94,.16,.28,.44,.48,.64,.72,.2667,.4271,.591,.6261,.7565,.8154
176,"Aachen_Cathedral",.8,.8,.9,.9,.925,.92,.16,.28,.44,.56,.6,.6,.2667,.4148,.591,.6904,.7279,.7263
177,"Monument_to_the_Great_Fire_of_London",.6,.7,.7,.7,.625,.62,.12,.24,.44,.48,.56,.64,.2,.3574,.5404,.5695,.5907,.6298
178,"Longmen_Grottoes",.6,.4,.55,.6333,.65,.62,.12,.16,.32,.48,.6,.68,.2,.2286,.4046,.5461,.624,.6486
179,"Louisiana_State_Capitol",.6,.6,.55,.4667,.45,.46,.12,.24,.4,.48,.56,.6,.2,.3429,.4632,.4732,.499,.5208
180,"The_Great_Sphinx_at_Giza",.8,.8,.8,.8333,.825,.82,.16,.32,.44,.48,.48,.52,.2667,.4571,.5677,.6091,.6069,.6364
181,"Teatro_Real_Madrid",.8,.7,.85,.8667,.825,.86,.1304,.2174,.4348,.5217,.5652,.7391,.2243,.3318,.5753,.6514,.6708,.795
182,"Palacio_de_la_Magdalena",.6,.7,.5,.5333,.525,.58,.12,.24,.32,.44,.52,.6,.2,.3574,.3902,.4822,.5225,.5898
183,"Sowjetisches_Ehrenmal",.2,.5,.45,.4333,.425,.48,.04,.16,.28,.36,.4,.44,.0667,.2424,.3452,.3933,.4121,.4591
184,"Cathedral_of_Trier",1.0,1.0,1.0,.9333,.9,.86,.2,.36,.48,.6,.68,.76,.3333,.5294,.6486,.7304,.7747,.8069
185,"Saint_Mary_of_the_Flower",.2,.3,.25,.2,.225,.26,.04,.12,.2,.2,.28,.36,.0667,.1714,.2222,.2,.2495,.3019
186,"Skellig_Michael",.8,.8,.65,.7,.775,.78,.16,.28,.36,.48,.56,.64,.2667,.4148,.4634,.5695,.6502,.7031
187,"Chicago_Board_of_Trade_Building",1.0,.9,.8,.7,.65,.62,.2273,.2727,.4091,.5,.5909,.6364,.3704,.4186,.5414,.5833,.619,.6281
188,"Pont_de_Normandie_France",.6,.7,.65,.6,.625,.62,.0526,.2632,.3684,.3684,.5263,.6842,.0968,.3825,.4703,.4565,.5714,.6505
189,"Palazzo_Rosso",.0,.0,.0,.0,.075,.08,.0,.0,.0,.0,.0833,.125,.0,.0,.0,.0,.0789,.0976
190,"Piazza_Vittorio_Veneto",.4,.4,.4,.3667,.35,.36,.125,.1875,.3125,.375,.4375,.625,.1905,.2553,.3509,.3708,.3889,.4569
191,"Sforza_Castle",.8,.9,.9,.9,.925,.94,.16,.28,.44,.56,.68,.72,.2667,.4271,.591,.6904,.7838,.8154
192,"Torres_KIO",1.0,1.0,1.0,.9667,.95,.9,.16,.2,.32,.56,.56,.6,.2759,.3333,.4848,.7092,.7046,.72
193,"Torre_Picasso",.8,.9,.9,.9333,.95,.94,.125,.25,.375,.5,.5417,.625,.2162,.3913,.5294,.6512,.6899,.7508
194,"The_Palace_of_Parliament_in_Bucharest",.6,.7,.7,.7667,.825,.86,.08,.16,.2,.28,.48,.56,.1412,.2605,.3111,.4102,.6069,.6783
195,"Ernest_Hemingway_House",.4,.4,.4,.4667,.6,.66,.08,.16,.32,.4,.56,.56,.1333,.2286,.3556,.4308,.5793,.6059
196,"Castel_dellOvo_Napoli",.6,.8,.9,.8667,.8,.78,.08,.28,.48,.6,.68,.72,.1412,.4148,.6261,.7091,.7351,.7488
197,"Villa_Borghese_gardens",.8,.8,.9,.9333,.95,.96,.12,.24,.4,.64,.72,.76,.2087,.3692,.5538,.7593,.8192,.8484
198,"Saint_Marks_Basilica",.8,.9,.85,.8333,.8,.76,.16,.24,.4,.6,.76,.76,.2667,.3789,.544,.6977,.7795,.76
199,"Mausoleum_of_the_First_Qin_Emperor",.8,.9,.95,.9,.925,.92,.16,.32,.56,.6,.68,.76,.2667,.4721,.7046,.72,.7838,.8324
200,"Mausoleum_of_Hadrian",.6,.6,.55,.5667,.55,.54,.1667,.2778,.2778,.4444,.5,.5,.2609,.3797,.3691,.4982,.5238,.5192
201,"Piazza_de_Ferrari",.8,.8,.9,.9333,.95,.94,.1579,.1579,.4211,.4737,.4737,.5263,.2637,.2637,.5737,.6284,.6322,.6748
202,"George_Washington_Carver",.2,.2,.25,.3,.325,.4,.0625,.125,.25,.4375,.4375,.4375,.0952,.1538,.25,.3559,.373,.4179
203,"Cathedral_of_Santiago_de_Compostela",1.0,.9,.95,.9333,.9,.86,.1765,.3529,.6471,.7059,.7647,.8824,.3,.507,.7698,.8038,.8269,.871
204,"Saint-Jacques_Tower",.8,.9,.95,.9333,.875,.8,.1538,.3077,.3846,.4615,.5385,.6154,.2581,.4586,.5476,.6176,.6667,.6957
205,"Calakmul_Campeche_Mexico",.6,.6,.6,.6667,.725,.72,.2143,.2857,.4286,.5,.5714,.6429,.3158,.3871,.5,.5714,.6391,.6792
206,"Bran_Castle_in_Transylvania",1.0,.9,.9,.8,.775,.8,.1579,.3158,.5263,.5789,.5789,.5789,.2727,.4675,.6642,.6718,.6628,.6718
207,"Mosteiro_da_Batalha",1.0,1.0,1.0,1.0,1.0,1.0,.2105,.3684,.5263,.5263,.6316,.7368,.3478,.5385,.6897,.6897,.7742,.8485
208,"Wartburg_Castle",1.0,1.0,.95,.8667,.875,.88,.15,.3,.45,.5,.6,.7,.2609,.4615,.6107,.6341,.7119,.7797
209,"Fujian_Tulou_Fujian_China",1.0,1.0,1.0,1.0,.975,.94,.1667,.3333,.5556,.6667,.7222,.7778,.2857,.5,.7143,.8,.8298,.8512
210,"Alabama_State_Capitol",1.0,.8,.7,.7667,.725,.76,.1905,.2381,.4286,.7143,.7143,.8571,.32,.367,.5316,.7395,.7196,.8057
211,"Palazzo_dAccursio",.6,.6,.65,.6667,.65,.68,.1111,.2222,.2778,.3889,.4444,.5556,.1875,.3243,.3892,.4912,.5279,.6115
212,"Casa_Grande_Ruins",.8,.7,.65,.6667,.575,.62,.1176,.2353,.3529,.4118,.4118,.4706,.2051,.3522,.4575,.5091,.4799,.5351
213,"Stravinsky_Fountain",.6,.7,.65,.6667,.675,.64,.1333,.2,.4,.5333,.5333,.5333,.2182,.3111,.4952,.5926,.5959,.5818
214,"Angel_Falls_Venezuela",.6,.6,.65,.6,.525,.56,.1176,.2353,.4118,.5882,.5882,.6471,.1967,.338,.5042,.5941,.5548,.6004
215,"Statue_of_George_IV",.4,.4,.35,.3,.25,.24,.25,.375,.5,.5,.5,.5,.3077,.3871,.4118,.375,.3333,.3243
216,"Palacio_Barolo",.8,.7,.8,.8667,.9,.92,.2353,.2353,.4118,.4706,.5882,.5882,.3636,.3522,.5437,.61,.7115,.7176
217,"Bridge_of_Remembrance_Christchurch_New_Zealand",.4,.4,.35,.3333,.35,.34,.1667,.25,.3333,.3333,.5,.5833,.2353,.3077,.3415,.3333,.4118,.4296
218,"John_A._Roebling_Suspension_Bridge",.0,.2,.25,.3333,.4,.46,.0,.1333,.3333,.4667,.6,.7333,.0,.16,.2857,.3889,.48,.5654
219,"Blue_Dome_Santorini",.8,.8,.8,.8667,.9,.92,.25,.5,.625,.6875,.6875,.75,.381,.6154,.7018,.7668,.7795,.8263
220,"Fossar_de_les_Moreres",.8,.8,.7,.7,.65,.66,.2857,.3571,.5,.7143,.7143,.7143,.4211,.4938,.5833,.7071,.6806,.6861
221,"Luxor_Obelisk_France",1.0,.9,.8,.7333,.7,.68,.125,.25,.3125,.375,.4375,.4375,.2222,.3913,.4494,.4962,.5385,.5324
222,"Valle_de_los_Caidos",1.0,.9,.9,.9333,.95,.96,.25,.3,.45,.5,.65,.75,.4,.45,.6,.6512,.7719,.8421
--------------------
"--","Avg.",P@5,P@10,P@20,P@30,P@40,P@50,CR@5,CR@10,CR@20,CR@30,CR@40,CR@50,F1@5,F1@10,F1@20,F1@30,F1@40,F1@50
,.,764,.7523,.7473,.7438,.7383,.7375,.1494,.2484,.3804,.4726,.5471,.6067,.2472,.3662,.4924,.5649,.6147,.6511
