--------------------
"Run name","output_runBM25Silhouette"
--------------------
"Average P@20 = ",.7903
"Average CR@20 = ",.3746
"Average F1@20 = ",.4967
--------------------
"Query Id ","Location name",P@5,P@10,P@20,P@30,P@40,P@50,CR@5,CR@10,CR@20,CR@30,CR@40,CR@50,F1@5,F1@10,F1@20,F1@30,F1@40,F1@50
1,"angel_of_the_north",1.0,1.0,1.0,.9667,.925,.94,.2,.24,.44,.48,.56,.6,.3333,.3871,.6111,.6415,.6976,.7325
2,"big_ben",.6,.5,.55,.5333,.525,.48,.1364,.2273,.3636,.3636,.3636,.4545,.2222,.3125,.4378,.4324,.4297,.4669
3,"hearst_castle",1.0,1.0,.95,.9333,.95,.94,.2083,.3333,.5417,.6667,.7083,.7917,.3448,.5,.6899,.7778,.8116,.8595
4,"la_madeleine",.0,.0,.05,.3,.375,.48,.0,.0,.0714,.3571,.5714,.8571,.0,.0,.0588,.3261,.4528,.6154
5,"pont_alexandre_iii",1.0,1.0,.95,.9,.9,.92,.2,.32,.52,.56,.56,.6,.3333,.4848,.6721,.6904,.6904,.7263
6,"neues_museum",.0,.0,.0,.0667,.275,.4,.0,.0,.0,.08,.24,.4,.0,.0,.0,.0727,.2563,.4
7,"montezuma_castle",.8,.6,.5,.4333,.5,.56,.1667,.3333,.5,.5,.75,.75,.2759,.4286,.5,.4643,.6,.6412
8,"cn_tower",.6,.7,.55,.6667,.7,.74,.0833,.2083,.2917,.375,.5833,.625,.1463,.3211,.3812,.48,.6364,.6777
9,"acropolis_athens",.8,.9,.85,.8333,.85,.86,.1429,.2857,.381,.4762,.5238,.5714,.2424,.4337,.5261,.6061,.6482,.6866
10,"agra_fort",.8,.8,.85,.8667,.825,.86,.16,.24,.48,.6,.72,.76,.2667,.3692,.6135,.7091,.7689,.8069
11,"albert_memorial",.4,.5,.55,.6333,.7,.7,.0909,.0909,.1818,.1818,.3636,.4091,.1481,.1538,.2733,.2825,.4786,.5164
12,"altes_museum",.8,.9,.85,.6333,.5,.46,.125,.25,.4167,.5,.5,.5417,.2162,.3913,.5592,.5588,.5,.4975
13,"amiens_cathedral",1.0,1.0,.95,.9667,.975,.98,.16,.36,.48,.64,.68,.76,.2759,.5294,.6378,.7701,.8012,.8561
14,"angkor_wat",.8,.9,.95,.9,.8,.76,.12,.2,.4,.48,.6,.68,.2087,.3273,.563,.6261,.6857,.7178
15,"ara_pacis",.8,.9,.95,.9333,.725,.7,.1818,.2727,.5,.6364,.6818,.7273,.2963,.4186,.6552,.7568,.7027,.7134
16,"arc_de_triomphe",1.0,.9,.95,.8667,.85,.88,.2083,.2917,.375,.5,.5833,.7083,.3448,.4406,.5377,.6341,.6919,.7849
17,"aztec_ruins",.4,.5,.5,.4667,.45,.46,.04,.16,.32,.36,.52,.52,.0727,.2424,.3902,.4065,.4825,.4882
18,"berlin_cathedral",1.0,1.0,1.0,.9667,.975,.98,.16,.28,.48,.56,.6,.64,.2759,.4375,.6486,.7092,.7429,.7743
19,"bok_tower_gardens",.8,.9,.85,.7667,.8,.84,.16,.28,.44,.56,.72,.8,.2667,.4271,.5798,.6472,.7579,.8195
20,"brandenburg_gate",1.0,1.0,.95,.9667,.95,.96,.12,.28,.4,.52,.52,.56,.2143,.4375,.563,.6762,.6721,.7074
21,"cabrillo",.0,.0,.15,.1333,.125,.1,.0,.0,.2308,.3077,.3077,.3077,.0,.0,.1818,.186,.1778,.1509
22,"casa_batllo",1.0,1.0,1.0,1.0,1.0,1.0,.12,.24,.36,.52,.64,.68,.2143,.3871,.5294,.6842,.7805,.8095
23,"casa_rosada",1.0,.8,.85,.9,.925,.94,.16,.2,.36,.48,.64,.72,.2759,.32,.5058,.6261,.7565,.8154
24,"castillo_de_san_marcos",.4,.5,.45,.5,.575,.66,.08,.16,.24,.36,.48,.56,.1333,.2424,.313,.4186,.5232,.6059
25,"chartres_cathedral",1.0,1.0,1.0,1.0,.95,.94,.16,.2,.4,.68,.76,.76,.2759,.3333,.5714,.8095,.8444,.8405
26,"chichen_itza",.6,.7,.75,.8,.8,.82,.12,.2,.32,.4,.44,.6,.2,.3111,.4486,.5333,.5677,.693
27,"christ_the_redeemer_rio",.4,.6,.75,.7,.6,.5,.087,.1739,.3913,.4348,.4783,.4783,.1429,.2697,.5143,.5364,.5323,.4889
28,"civic_center_san_francisco",.8,.9,.85,.8333,.775,.72,.16,.28,.48,.56,.6,.6,.2667,.4271,.6135,.6699,.6764,.6545
29,"cologne_cathedral",1.0,1.0,1.0,.9667,.925,.92,.16,.24,.44,.56,.6,.6,.2759,.3871,.6111,.7092,.7279,.7263
30,"colosseum",1.0,1.0,1.0,1.0,1.0,1.0,.16,.2,.32,.48,.52,.6,.2759,.3333,.4848,.6486,.6842,.75
31,"doge_s_palace",.6,.6,.55,.6667,.725,.74,.08,.16,.24,.36,.4,.48,.1412,.2526,.3342,.4675,.5156,.5823
32,"eiffel_tower",1.0,1.0,1.0,1.0,.975,.96,.12,.16,.4,.44,.48,.48,.2143,.2759,.5714,.6111,.6433,.64
33,"golden_gate_bridge",.8,.8,.85,.9,.85,.86,.1739,.2609,.3913,.4783,.5652,.6087,.2857,.3934,.5359,.6246,.679,.7128
34,"grand_palais",1.0,1.0,.95,.9333,.925,.9,.1364,.2727,.4545,.5455,.6818,.6818,.24,.4286,.6149,.6885,.785,.7759
35,"guggenheim_museum_bilbao",1.0,1.0,1.0,1.0,1.0,1.0,.12,.2,.4,.48,.52,.56,.2143,.3333,.5714,.6486,.6842,.7179
36,"hagia_sophia_istanbul",1.0,1.0,1.0,1.0,1.0,.96,.16,.32,.44,.44,.52,.6,.2759,.4848,.6111,.6111,.6842,.7385
37,"hoover_dam",1.0,.9,.95,.9333,.9,.9,.12,.2,.36,.4,.52,.56,.2143,.3273,.5221,.56,.6592,.6904
38,"humayun_tomb",1.0,.7,.6,.6667,.675,.72,.12,.16,.28,.44,.64,.64,.2143,.2605,.3818,.5301,.657,.6776
39,"iguazu_falls",.4,.7,.8,.8,.75,.8,.08,.2,.36,.48,.6,.68,.1333,.3111,.4966,.6,.6667,.7351
40,"iolani_palace",1.0,1.0,1.0,.9667,.75,.68,.16,.16,.32,.56,.56,.64,.2759,.2759,.4848,.7092,.6412,.6594
41,"la_mezquita",.4,.3,.4,.4333,.45,.46,.0833,.125,.2917,.375,.4583,.5,.1379,.1765,.3373,.4021,.4541,.4792
42,"la_rambla_barcelona",.8,.8,.9,.9333,.925,.92,.16,.24,.36,.48,.6,.64,.2667,.3692,.5143,.634,.7279,.7549
43,"la_sainte_chapelle",1.0,1.0,1.0,.9333,.95,.96,.2,.36,.52,.6,.64,.68,.3333,.5294,.6842,.7304,.7648,.7961
44,"liberty_memorial",1.0,.8,.65,.6,.675,.68,.12,.12,.2,.28,.48,.56,.2143,.2087,.3059,.3818,.561,.6142
45,"lincoln_home",.6,.5,.5,.5333,.6,.68,.1667,.2778,.3333,.3889,.6667,.7222,.2609,.3571,.4,.4498,.6316,.7005
46,"machu_picchu",1.0,1.0,1.0,.9333,.775,.76,.2,.32,.52,.6,.64,.64,.3333,.4848,.6842,.7304,.7011,.6949
47,"marble_arch_london",.8,.6,.55,.4667,.475,.4,.3333,.4167,.5,.5833,.6667,.75,.4706,.4918,.5238,.5185,.5547,.5217
48,"milan_cathedral",1.0,1.0,1.0,.8667,.85,.88,.16,.32,.44,.6,.68,.76,.2759,.4848,.6111,.7091,.7556,.8156
49,"mole_antonelliana",.6,.6,.65,.6,.7,.66,.12,.16,.28,.28,.36,.48,.2,.2526,.3914,.3818,.4755,.5558
50,"mont_saint_michel",1.0,1.0,1.0,1.0,1.0,.98,.12,.24,.4,.4,.52,.6,.2143,.3871,.5714,.5714,.6842,.7443
51,"moulin_rouge",.2,.2,.2,.1333,.1,.1,.125,.25,.25,.25,.25,.375,.1538,.2222,.2222,.1739,.1429,.1579
52,"nelson_s_column",1.0,.9,.95,.9667,.975,.98,.125,.1667,.2917,.4583,.625,.6667,.2222,.2812,.4463,.6218,.7617,.7935
53,"notre_dame_de_paris",.8,.9,.9,.9333,.95,.92,.16,.24,.28,.48,.6,.68,.2667,.3789,.4271,.634,.7355,.782
54,"obelisco",.2,.1,.25,.3333,.3,.28,.0909,.0909,.2727,.4545,.4545,.6364,.125,.0952,.2609,.3846,.3614,.3889
55,"piccadilly_circus",1.0,1.0,.8,.8333,.8,.74,.1739,.2609,.3043,.4348,.4783,.4783,.2963,.4138,.4409,.5714,.5986,.581
56,"place_de_la_concorde",1.0,1.0,1.0,1.0,.975,.98,.16,.28,.44,.48,.56,.6,.2759,.4375,.6111,.6486,.7114,.7443
57,"place_de_la_republique",.2,.3,.3,.3333,.25,.2,.125,.25,.5,.75,.75,.75,.1538,.2727,.375,.4615,.375,.3158
58,"place_des_vosges",.8,.8,.7,.8,.85,.88,.08,.16,.2,.36,.52,.68,.1455,.2667,.3111,.4966,.6453,.7672
59,"pont_du_gard",.8,.9,.9,.8667,.9,.78,.08,.28,.36,.44,.6,.6,.1455,.4271,.5143,.5837,.72,.6783
60,"pont_neuf",1.0,1.0,.75,.6667,.575,.6,.12,.2,.28,.32,.4,.6,.2143,.3333,.4078,.4324,.4718,.6
61,"ponte_vecchio",1.0,1.0,.7,.7333,.775,.76,.125,.2917,.3333,.4583,.5,.625,.2222,.4516,.4516,.5641,.6078,.6859
62,"puerta_de_alcala",.4,.5,.5,.5,.625,.7,.1053,.1579,.3158,.4211,.5789,.5789,.1667,.24,.3871,.4571,.6011,.6337
63,"puerta_del_sol",.6,.4,.45,.4,.375,.38,.1,.1,.25,.3,.4,.45,.1714,.16,.3214,.3429,.3871,.412
64,"red_fort",1.0,1.0,1.0,1.0,1.0,1.0,.16,.28,.44,.52,.6,.68,.2759,.4375,.6111,.6842,.75,.8095
65,"reims_cathedral",1.0,1.0,1.0,1.0,1.0,1.0,.2,.32,.44,.48,.56,.64,.3333,.4848,.6111,.6486,.7179,.7805
66,"rialto_bridge",1.0,.9,.85,.7667,.675,.62,.25,.375,.4375,.4375,.625,.75,.4,.5294,.5777,.5571,.649,.6788
67,"roman_forum_rome",.6,.7,.8,.8333,.825,.84,.12,.28,.36,.48,.64,.68,.2,.4,.4966,.6091,.7208,.7516
68,"sacre_coeur",.2,.1,.35,.4667,.5,.56,.0417,.0417,.125,.25,.3333,.375,.069,.0588,.1842,.3256,.4,.4492
69,"sagrada_familia",1.0,.9,.95,.9667,.95,.96,.16,.24,.32,.4,.44,.6,.2759,.3789,.4787,.5659,.6014,.7385
70,"santa_maria_novella",1.0,.9,.75,.5667,.65,.66,.16,.16,.24,.32,.48,.56,.2759,.2717,.3636,.409,.5522,.6059
71,"schonbrunn_palace",1.0,1.0,1.0,.9667,.975,.98,.16,.28,.48,.48,.52,.56,.2759,.4375,.6486,.6415,.6783,.7127
72,"seville_cathedral",.8,.8,.85,.8333,.875,.9,.16,.28,.4,.48,.52,.64,.2667,.4148,.544,.6091,.6523,.7481
73,"spanish_steps",1.0,1.0,.85,.7333,.675,.66,.0909,.1818,.3636,.5455,.5909,.7273,.1667,.3077,.5094,.6256,.6302,.692
74,"st__basil_cathedral",.8,.9,.95,.8333,.85,.84,.12,.28,.48,.52,.52,.52,.2087,.4271,.6378,.6404,.6453,.6424
75,"statue_of_liberty",1.0,1.0,1.0,1.0,.95,.94,.12,.24,.32,.4,.52,.56,.2143,.3871,.4848,.5714,.6721,.7019
76,"stonehenge",.8,.9,.75,.7,.625,.52,.1579,.2105,.3684,.5263,.5263,.5789,.2637,.3412,.4941,.6009,.5714,.5479
77,"summer_palace_beijing",.8,.9,.95,.9667,.85,.82,.12,.24,.4,.48,.48,.6,.2087,.3789,.563,.6415,.6135,.693
78,"sydney_opera_house",1.0,1.0,1.0,.9667,.975,.92,.12,.24,.4,.48,.52,.6,.2143,.3871,.5714,.6415,.6783,.7263
79,"teotihuacan",.6,.6,.5,.5667,.625,.66,.12,.2,.24,.44,.52,.64,.2,.3,.3243,.4954,.5677,.6498
80,"terracotta_army",.8,.6,.55,.5,.4,.36,.2,.25,.45,.45,.5,.5,.32,.3529,.495,.4737,.4444,.4186
81,"the_blue_mosque",.6,.8,.9,.9,.9,.9,.04,.16,.28,.4,.48,.56,.075,.2667,.4271,.5538,.6261,.6904
82,"the_henry_ford",1.0,1.0,.95,.9333,.875,.78,.2,.28,.4,.48,.56,.6,.3333,.4375,.563,.634,.6829,.6783
83,"taj_mahal",1.0,.9,.8,.8667,.9,.9,.2,.28,.44,.48,.48,.68,.3333,.4271,.5677,.6178,.6261,.7747
84,"tour_montparnasse",.8,.7,.55,.5667,.475,.46,.15,.25,.35,.5,.5,.55,.2526,.3684,.4278,.5312,.4872,.501
85,"tower_bridge_london",1.0,.8,.75,.6,.575,.64,.16,.28,.4,.44,.48,.56,.2759,.4148,.5217,.5077,.5232,.5973
86,"trafalgar_square",.4,.4,.5,.4333,.45,.42,.0909,.1818,.2727,.3182,.4545,.4545,.1481,.25,.3529,.3669,.4523,.4366
87,"leaning_tower_of_pisa",.4,.6,.65,.7,.6,.54,.08,.12,.2,.36,.4,.44,.1333,.2,.3059,.4755,.48,.4849
88,"hermitage_museum_saint_petersburg",1.0,1.0,1.0,1.0,.95,.88,.12,.16,.36,.48,.68,.72,.2143,.2759,.5294,.6486,.7926,.792
89,"jantar_mantar_jaipur",1.0,.7,.65,.7,.775,.82,.16,.2,.4,.56,.68,.72,.2759,.3111,.4952,.6222,.7244,.7668
90,"lake_titicaca_peru",.4,.5,.6,.5333,.5,.42,.0417,.1667,.3333,.4167,.4583,.5,.0755,.25,.4286,.4678,.4783,.4565
91,"the_great_wall_of_china",.8,.9,.9,.8333,.875,.88,.12,.2,.32,.44,.44,.56,.2087,.3273,.4721,.5759,.5856,.6844
92,"grande_arche_paris",.6,.7,.6,.5667,.55,.52,.08,.24,.36,.48,.56,.56,.1412,.3574,.45,.5197,.555,.5393
93,"el_angel_mexico",1.0,1.0,.8,.7,.65,.6,.1905,.2381,.381,.5238,.619,.6667,.32,.3846,.5161,.5992,.6341,.6316
94,"bibliotheque_nationale_de_france",.8,.7,.8,.8,.825,.74,.12,.24,.32,.36,.48,.48,.2087,.3574,.4571,.4966,.6069,.5823
95,"kronborg_castle",1.0,.8,.7,.6333,.7,.7,.1667,.25,.375,.5,.5833,.5833,.2857,.381,.4884,.5588,.6364,.6364
96,"ajanta_caves",.8,.7,.8,.8,.825,.82,.1364,.2273,.5,.5455,.5909,.6364,.233,.3431,.6154,.6486,.6886,.7166
97,"atomium",.8,.9,.95,.9667,.975,.94,.1429,.3333,.4286,.4286,.4286,.4762,.2424,.4865,.5907,.5939,.5954,.6321
98,"ellora_caves",1.0,1.0,1.0,1.0,1.0,1.0,.1818,.2273,.3182,.3636,.4091,.4091,.3077,.3704,.4828,.5333,.5806,.5806
99,"potala_palace",1.0,.9,.95,.9333,.875,.88,.1111,.1667,.2778,.4444,.5,.5556,.2,.2812,.4299,.6022,.6364,.6811
100,"jokhang",.8,.8,.8,.8333,.825,.84,.08,.2,.32,.52,.56,.68,.1455,.32,.4571,.6404,.6671,.7516
101,"rila_monastery",.4,.7,.75,.8,.85,.88,.08,.2,.28,.36,.44,.48,.1333,.3111,.4078,.4966,.5798,.6212
102,"louvre_pyramid",1.0,1.0,1.0,.9333,.95,.94,.1667,.1667,.4444,.5556,.6111,.6111,.2857,.2857,.6154,.6965,.7438,.7407
103,"brooklyn_bridge",1.0,.9,.8,.8333,.825,.8,.1429,.2381,.381,.4286,.5238,.5238,.25,.3766,.5161,.566,.6408,.6331
104,"tower_of_london",.6,.5,.55,.5667,.55,.56,.087,.1304,.2174,.3478,.4348,.4783,.1519,.2069,.3116,.4311,.4857,.5159
105,"british_museum_london",1.0,1.0,1.0,.9667,.975,.98,.15,.15,.35,.45,.5,.5,.2609,.2609,.5185,.6141,.661,.6622
106,"buckingham_palace",.2,.3,.4,.4333,.4,.34,.05,.15,.2,.2,.25,.3,.08,.2,.2667,.2737,.3077,.3188
107,"charles_bridge_prague",1.0,1.0,.8,.7,.65,.62,.125,.1667,.25,.2917,.2917,.3333,.2222,.2857,.381,.4118,.4027,.4336
108,"champs_elysees_paris",.4,.4,.4,.3667,.45,.48,.1333,.2,.2667,.3333,.4,.4,.2,.2667,.32,.3492,.4235,.4364
109,"chrysler_building",1.0,1.0,.95,.9,.925,.94,.2143,.3571,.5714,.6429,.7143,.8571,.3529,.5263,.7136,.75,.8061,.8967
110,"moma_new_york",.6,.7,.75,.8333,.8,.76,.1053,.1579,.2632,.3158,.4211,.5263,.1791,.2577,.3896,.458,.5517,.6219
111,"grand_central_terminal",1.0,1.0,1.0,1.0,1.0,1.0,.1429,.2381,.4286,.5238,.5238,.5238,.25,.3846,.6,.6875,.6875,.6875
112,"houses_of_parliament",.8,.8,.9,.9333,.95,.96,.1304,.2609,.3478,.3913,.4783,.4783,.2243,.3934,.5017,.5514,.6362,.6385
113,"alexanderplatz_berlin",.4,.4,.4,.5,.625,.7,.08,.16,.2,.28,.36,.4,.1333,.2286,.2667,.359,.4569,.5091
114,"centre_pompidou",.8,.9,.8,.7667,.7,.64,.2222,.3889,.4444,.5,.5556,.5556,.3478,.5431,.5714,.6053,.6195,.5948
115,"sydney_harbour_bridge",1.0,1.0,1.0,1.0,1.0,1.0,.1875,.375,.5,.5625,.5625,.5625,.3158,.5455,.6667,.72,.72,.72
116,"pier_39",1.0,.9,.95,.9333,.925,.94,.2381,.2381,.2857,.3333,.5714,.7619,.3846,.3766,.4393,.4912,.7064,.8416
117,"coit_tower",.8,.8,.7,.5333,.5,.58,.2,.2667,.3333,.4667,.4667,.5333,.32,.4,.4516,.4978,.4828,.5557
118,"st_paul_s_cathedral_london",1.0,1.0,1.0,1.0,.95,.92,.2353,.2353,.4706,.4706,.6471,.7059,.381,.381,.64,.64,.7698,.7988
119,"cloud_gate",1.0,.7,.85,.8667,.9,.82,.3333,.3333,.5,.5833,.5833,.5833,.5,.4516,.6296,.6973,.7079,.6817
120,"musee_d_orsay",1.0,1.0,1.0,.9333,.9,.9,.1429,.2381,.381,.4762,.5238,.6667,.25,.3846,.5517,.6306,.6622,.766
121,"pike_place_market",1.0,1.0,.9,.8667,.9,.84,.1905,.2381,.4286,.4762,.5238,.5238,.32,.3846,.5806,.6147,.6622,.6453
122,"royal_palace_madrid",.6,.8,.9,.8333,.825,.78,.0909,.2273,.4545,.5455,.5909,.6364,.1579,.354,.604,.6593,.6886,.7009
123,"sony_center_berlin",.8,.9,.8,.8333,.875,.9,.0952,.2857,.2857,.4762,.4762,.5238,.1702,.4337,.4211,.6061,.6167,.6622
124,"red_square_moscow",.8,.9,.75,.6667,.675,.7,.1429,.2381,.3333,.381,.4762,.5238,.2424,.3766,.4615,.4848,.5584,.5992
125,"prague_castle",1.0,.8,.8,.8667,.825,.8,.16,.24,.32,.52,.6,.64,.2759,.3692,.4571,.65,.6947,.7111
126,"musee_du_louvre",1.0,1.0,.95,.9667,.975,.98,.12,.24,.4,.48,.56,.68,.2143,.3871,.563,.6415,.7114,.8029
127,"millennium_bridge_london",.8,.8,.7,.7333,.725,.76,.16,.24,.32,.36,.4,.56,.2667,.3692,.4392,.4829,.5156,.6448
128,"casa_mila",1.0,1.0,1.0,1.0,1.0,.96,.12,.32,.44,.52,.56,.6,.2143,.4848,.6111,.6842,.7179,.7385
129,"national_gallery_london",.8,.9,.85,.7333,.55,.64,.1818,.3636,.4545,.5,.5,.6364,.2963,.518,.5923,.5946,.5238,.6382
130,"national_mall",1.0,1.0,1.0,.9333,.925,.9,.2,.32,.52,.56,.6,.68,.3333,.4848,.6842,.7,.7279,.7747
131,"london_city_hall",.8,.9,.95,.9667,.95,.9,.2,.35,.55,.55,.6,.6,.32,.504,.6967,.7011,.7355,.72
132,"holocaust_memorial",.6,.5,.5,.5,.4,.36,.125,.125,.375,.4375,.4375,.4375,.2069,.2,.4286,.4667,.4179,.395
133,"columbus_circle",.6,.4,.55,.5333,.525,.6,.12,.16,.32,.44,.52,.72,.2,.2286,.4046,.4822,.5225,.6545
134,"siegessaeule",.8,.7,.7,.7,.775,.76,.16,.24,.32,.44,.56,.72,.2667,.3574,.4392,.5404,.6502,.7395
135,"jardin_du_luxembourg",1.0,1.0,1.0,1.0,1.0,1.0,.12,.24,.4,.52,.6,.68,.2143,.3871,.5714,.6842,.75,.8095
136,"merlion_singapore",.4,.5,.5,.3333,.325,.32,.0909,.1818,.3636,.3636,.4545,.4545,.1481,.2667,.4211,.3478,.379,.3756
137,"harrods_london",1.0,.9,.75,.7667,.775,.78,.16,.24,.4,.48,.6,.64,.2759,.3789,.5217,.5904,.6764,.7031
138,"metropolitan_museum_of_art_new_york",1.0,1.0,.9,.9,.925,.94,.2,.28,.36,.44,.6,.6,.3333,.4375,.5143,.591,.7279,.7325
139,"new_york_stock_exchange",1.0,.9,.8,.7,.7,.74,.2,.25,.3,.35,.55,.55,.3333,.3913,.4364,.4667,.616,.631
140,"stephansdom_vienna",1.0,1.0,1.0,1.0,1.0,1.0,.12,.28,.48,.6,.6,.68,.2143,.4375,.6486,.75,.75,.8095
141,"hms_belfast",1.0,.9,.95,.9667,.975,.94,.12,.2,.4,.44,.56,.64,.2143,.3273,.563,.6047,.7114,.7615
142,"leicester_square",1.0,1.0,.9,.7667,.8,.78,.12,.16,.24,.36,.4,.44,.2143,.2759,.3789,.4899,.5333,.5626
143,"ciudad_de_las_artes_y_las_ciencias",1.0,1.0,.95,.9,.925,.92,.16,.24,.44,.48,.56,.6,.2759,.3871,.6014,.6261,.6976,.7263
144,"topkapi_palace",1.0,1.0,.95,.9,.925,.94,.16,.24,.44,.52,.6,.64,.2759,.3871,.6014,.6592,.7279,.7615
145,"royal_albert_hall",1.0,1.0,1.0,.8,.775,.82,.2,.28,.4,.48,.52,.52,.3333,.4375,.5714,.6,.6224,.6364
146,"st_vitus_cathedral",.8,.9,.85,.9,.875,.9,.16,.2,.32,.4,.44,.6,.2667,.3273,.465,.5538,.5856,.72
147,"castello_sforzesco",1.0,1.0,1.0,1.0,.925,.86,.16,.28,.36,.44,.52,.52,.2759,.4375,.5294,.6111,.6657,.6481
148,"rijksmuseum_amsterdam",1.0,1.0,1.0,1.0,1.0,1.0,.12,.12,.16,.36,.48,.56,.2143,.2143,.2759,.5294,.6486,.7179
149,"dam_square",.6,.5,.45,.4667,.55,.6,.12,.16,.24,.32,.36,.36,.2,.2424,.313,.3797,.4352,.45
150,"rathaus_vienna",.8,.6,.6,.6,.625,.62,.12,.16,.2,.24,.28,.32,.2087,.2526,.3,.3429,.3867,.4221
151,"bath_abbey",1.0,1.0,1.0,.9667,.975,.98,.2,.32,.36,.52,.56,.64,.3333,.4848,.5294,.6762,.7114,.7743
152,"salisbury_cathedral",1.0,1.0,1.0,1.0,1.0,1.0,.16,.16,.28,.36,.48,.52,.2759,.2759,.4375,.5294,.6486,.6842
153,"templo_de_debod",.0,.1,.25,.2667,.25,.38,.0,.0455,.1364,.2273,.2727,.3636,.0,.0625,.1765,.2454,.2609,.3716
154,"Niagara_Falls",.6,.8,.65,.5333,.55,.56,.0909,.2273,.3182,.3182,.4091,.4091,.1579,.354,.4272,.3986,.4692,.4728
155,"Golden_Gate_Bridge_in_San_Francisco",1.0,.9,.9,.9,.925,.94,.1364,.2273,.3636,.4545,.5455,.6364,.24,.3629,.518,.604,.6862,.7589
156,"Neuschwanstein_Castle",1.0,1.0,.95,.9,.925,.94,.16,.24,.48,.52,.68,.68,.2759,.3871,.6378,.6592,.7838,.7891
157,"Christ_Church_Cathedral_Missouri",1.0,1.0,1.0,1.0,1.0,1.0,.16,.32,.52,.6,.6,.64,.2759,.4848,.6842,.75,.75,.7805
158,"Mount_Rushmore_in_South_Dakota",.8,.8,.85,.8667,.9,.92,.12,.16,.28,.36,.48,.64,.2087,.2667,.4212,.5087,.6261,.7549
159,"Puerta_de_Toledo",.4,.3,.15,.1,.075,.06,1.0,1.0,1.0,1.0,1.0,1.0,.5714,.4615,.2609,.1818,.1395,.1132
160,"Urquhart_Castle",.8,.9,.9,.8667,.85,.84,.1667,.2917,.5,.5833,.625,.6667,.2759,.4406,.6429,.6973,.7203,.7434
161,"Gare_du_Nord_Paris",.6,.8,.7,.7333,.8,.84,.12,.2,.28,.28,.32,.32,.2,.32,.4,.4053,.4571,.4634
162,"Newgrange_in_Ireland",.8,.8,.75,.7,.725,.72,.125,.25,.375,.4583,.5,.5833,.2162,.381,.5,.554,.5918,.6445
163,"Windmills_at_Kinderdijk",1.0,1.0,.9,.8,.8,.78,.16,.24,.36,.48,.48,.56,.2759,.3871,.5143,.6,.6,.6519
164,"Conciergerie",.8,.9,.95,.9667,.975,.98,.16,.24,.4,.44,.6,.72,.2667,.3789,.563,.6047,.7429,.8301
165,"Palazzo_Madama",1.0,.8,.85,.8,.75,.7,.2273,.3182,.5455,.6364,.6818,.6818,.3704,.4553,.6645,.7089,.7143,.6908
166,"Split_Rock_Lighthouse",1.0,1.0,1.0,.9667,.925,.88,.08,.16,.2,.24,.32,.4,.1481,.2759,.3333,.3845,.4755,.55
167,"The_Little_Mermaid_Denmark",.6,.6,.55,.5333,.55,.54,.2143,.3571,.3571,.4286,.5714,.6429,.3158,.4478,.4331,.4752,.5605,.587
168,"Great_Pyramid_of_Giza",.8,.8,.75,.7,.65,.72,.2,.2667,.6,.6667,.7333,.8,.32,.4,.6667,.6829,.6892,.7579
169,"Pitti_Palace",.6,.7,.85,.8333,.875,.9,.1364,.2273,.3182,.4091,.5455,.5909,.2222,.3431,.463,.5488,.672,.7134
170,"Georgia_State_Capitol",1.0,.8,.9,.6333,.5,.4,.1579,.2105,.2632,.2632,.2632,.2632,.2727,.3333,.4072,.3718,.3448,.3175
171,"Dome_des_Invalides",1.0,1.0,1.0,1.0,.975,.98,.16,.28,.44,.52,.56,.6,.2759,.4375,.6111,.6842,.7114,.7443
172,"Reggia_di_Caserta",1.0,.9,.8,.7333,.75,.7,.2,.28,.4,.52,.6,.68,.3333,.4271,.5333,.6085,.6667,.6899
173,"The_Burj_al_Arab_Hotel",.8,.9,.85,.8667,.875,.9,.16,.24,.36,.4,.52,.6,.2667,.3789,.5058,.5474,.6523,.72
174,"Elephanta_Caves",1.0,1.0,1.0,1.0,.975,.98,.125,.2083,.4167,.4583,.625,.7083,.2222,.3448,.5882,.6286,.7617,.8223
175,"Basilica_of_Santa_Croce",1.0,1.0,1.0,1.0,1.0,1.0,.16,.2,.24,.52,.68,.68,.2759,.3333,.3871,.6842,.8095,.8095
176,"Aachen_Cathedral",1.0,.9,.95,.9333,.925,.9,.16,.28,.4,.56,.56,.6,.2759,.4271,.563,.7,.6976,.72
177,"Monument_to_the_Great_Fire_of_London",1.0,.9,.6,.5667,.425,.5,.2,.28,.36,.4,.4,.56,.3333,.4271,.45,.469,.4121,.5283
178,"Longmen_Grottoes",.4,.6,.7,.5667,.55,.58,.08,.2,.4,.52,.56,.64,.1333,.3,.5091,.5423,.555,.6085
179,"Louisiana_State_Capitol",.6,.5,.4,.2667,.275,.28,.12,.16,.24,.24,.32,.36,.2,.2424,.3,.2526,.2958,.315
180,"The_Great_Sphinx_at_Giza",.8,.9,.95,.9333,.875,.88,.16,.24,.4,.52,.6,.68,.2667,.3789,.563,.6679,.7119,.7672
181,"Teatro_Real_Madrid",1.0,.9,.95,.9667,.95,.96,.2174,.3043,.5217,.6957,.8261,.8696,.3571,.4549,.6736,.8091,.8837,.9125
182,"Palacio_de_la_Magdalena",.6,.7,.6,.6,.625,.66,.12,.2,.32,.48,.56,.68,.2,.3111,.4174,.5333,.5907,.6699
183,"Sowjetisches_Ehrenmal",.6,.5,.25,.4,.525,.58,.12,.16,.16,.36,.52,.6,.2,.2424,.1951,.3789,.5225,.5898
184,"Cathedral_of_Trier",1.0,1.0,1.0,1.0,1.0,.96,.16,.28,.44,.6,.72,.8,.2759,.4375,.6111,.75,.8372,.8727
185,"Saint_Mary_of_the_Flower",.4,.4,.3,.3667,.4,.46,.08,.16,.2,.32,.36,.48,.1333,.2286,.24,.3417,.3789,.4698
186,"Skellig_Michael",.6,.6,.8,.8,.75,.78,.12,.24,.4,.48,.52,.64,.2,.3429,.5333,.6,.6142,.7031
187,"Chicago_Board_of_Trade_Building",1.0,1.0,.95,.9667,.975,.94,.2273,.4091,.5,.6364,.6364,.6818,.3704,.5806,.6552,.7675,.7701,.7904
188,"Pont_de_Normandie_France",1.0,.9,.95,.9667,.95,.96,.1579,.2632,.5263,.6842,.6842,.8421,.2727,.4072,.6774,.8013,.7955,.8972
189,"Palazzo_Rosso",.0,.0,.05,.0333,.025,.02,.0,.0,.0417,.0417,.0417,.0417,.0,.0,.0455,.037,.0312,.027
190,"Piazza_Vittorio_Veneto",.6,.6,.55,.4333,.4,.34,.125,.25,.4375,.4375,.5,.5625,.2069,.3529,.4873,.4354,.4444,.4238
191,"Sforza_Castle",1.0,1.0,1.0,.9667,.975,.96,.16,.28,.48,.56,.64,.72,.2759,.4375,.6486,.7092,.7728,.8229
192,"Torres_KIO",1.0,1.0,1.0,1.0,.95,.96,.16,.24,.4,.52,.52,.56,.2759,.3871,.5714,.6842,.6721,.7074
193,"Torre_Picasso",1.0,1.0,.95,.8667,.875,.84,.1667,.2917,.4167,.5417,.5417,.5833,.2857,.4516,.5793,.6667,.6691,.6885
194,"The_Palace_of_Parliament_in_Bucharest",1.0,1.0,.95,.9667,.975,.98,.12,.2,.28,.48,.56,.68,.2143,.3333,.4325,.6415,.7114,.8029
195,"Ernest_Hemingway_House",.8,.8,.85,.9,.8,.76,.12,.24,.48,.56,.6,.64,.2087,.3692,.6135,.6904,.6857,.6949
196,"Castel_dellOvo_Napoli",.8,.9,.9,.8667,.85,.84,.12,.24,.52,.64,.72,.72,.2087,.3789,.6592,.7363,.7796,.7754
197,"Villa_Borghese_gardens",1.0,1.0,1.0,1.0,1.0,1.0,.16,.28,.48,.64,.72,.84,.2759,.4375,.6486,.7805,.8372,.913
198,"Saint_Marks_Basilica",1.0,1.0,1.0,1.0,1.0,.92,.12,.24,.52,.52,.56,.56,.2143,.3871,.6842,.6842,.7179,.6962
199,"Mausoleum_of_the_First_Qin_Emperor",.8,.9,.95,.9333,.95,.92,.16,.32,.48,.56,.6,.6,.2667,.4721,.6378,.7,.7355,.7263
200,"Mausoleum_of_Hadrian",1.0,.9,.85,.9,.875,.88,.1667,.2778,.5,.5,.5556,.5556,.2857,.4245,.6296,.6429,.6796,.6811
201,"Piazza_de_Ferrari",1.0,1.0,1.0,.9667,.975,.96,.2632,.3158,.3684,.4737,.5263,.5263,.4167,.48,.5385,.6358,.6836,.6799
202,"George_Washington_Carver",.0,.1,.5,.6667,.625,.66,.0,.0625,.25,.4375,.5,.5625,.0,.0769,.3333,.5283,.5556,.6074
203,"Cathedral_of_Santiago_de_Compostela",1.0,.9,.9,.8667,.9,.88,.1765,.2941,.4706,.5882,.6471,.8235,.3,.4433,.618,.7008,.7529,.8508
204,"Saint-Jacques_Tower",.8,.9,.85,.8333,.8,.74,.2308,.3077,.3077,.3077,.4615,.4615,.3582,.4586,.4518,.4494,.5854,.5685
205,"Calakmul_Campeche_Mexico",.6,.6,.75,.8,.8,.82,.1429,.2143,.2857,.4286,.6429,.7143,.2308,.3158,.4138,.5581,.7129,.7635
206,"Bran_Castle_in_Transylvania",1.0,1.0,.85,.9,.9,.9,.1053,.2632,.3158,.3684,.4737,.6842,.1905,.4167,.4605,.5228,.6207,.7774
207,"Mosteiro_da_Batalha",1.0,1.0,1.0,1.0,1.0,1.0,.2632,.3684,.4737,.5263,.5263,.5789,.4167,.5385,.6429,.6897,.6897,.7333
208,"Wartburg_Castle",1.0,1.0,.95,.9667,.95,.92,.2,.3,.5,.65,.7,.75,.3333,.4615,.6552,.7773,.8061,.8263
209,"Fujian_Tulou_Fujian_China",1.0,1.0,1.0,1.0,1.0,.96,.1111,.3333,.5556,.6111,.6667,.7222,.2,.5,.7143,.7586,.8,.8243
210,"Alabama_State_Capitol",.8,.5,.6,.7,.775,.76,.1905,.2381,.4286,.5714,.7143,.8095,.3077,.3226,.5,.6292,.7434,.784
211,"Palazzo_dAccursio",1.0,.8,.9,.9333,.9,.9,.1667,.1667,.2778,.3889,.5556,.6111,.2857,.2759,.4245,.549,.687,.7279
212,"Casa_Grande_Ruins",1.0,.8,.8,.7667,.75,.74,.1765,.3529,.4118,.4706,.4706,.4706,.3,.4898,.5437,.5832,.5783,.5753
213,"Stravinsky_Fountain",1.0,1.0,1.0,.9,.8,.82,.1333,.2667,.4667,.5333,.5333,.6,.2353,.4211,.6364,.6698,.64,.693
214,"Angel_Falls_Venezuela",.6,.7,.6,.5667,.525,.56,.1765,.2941,.4118,.5882,.5882,.6471,.2727,.4142,.4884,.5772,.5548,.6004
215,"Statue_of_George_IV",.6,.5,.45,.3667,.4,.42,.25,.5,.5,.5,.625,.75,.3529,.5,.4737,.4231,.4878,.5385
216,"Palacio_Barolo",1.0,.9,.85,.8,.825,.82,.2353,.2941,.3529,.4706,.5882,.6471,.381,.4433,.4988,.5926,.6868,.7233
217,"Bridge_of_Remembrance_Christchurch_New_Zealand",1.0,1.0,1.0,1.0,.925,.8,.25,.4167,.75,.9167,1.0,1.0,.4,.5882,.8571,.9565,.961,.8889
218,"John_A._Roebling_Suspension_Bridge",.0,.2,.4,.4,.45,.46,.0,.1333,.4,.6,.6667,.6667,.0,.16,.4,.48,.5373,.5444
219,"Blue_Dome_Santorini",.8,.8,.8,.8667,.9,.92,.25,.5,.625,.6875,.6875,.75,.381,.6154,.7018,.7668,.7795,.8263
220,"Fossar_de_les_Moreres",.8,.6,.55,.5333,.425,.4,.2143,.2857,.3571,.5714,.5714,.6429,.338,.3871,.4331,.5517,.4875,.4932
221,"Luxor_Obelisk_France",1.0,.9,.75,.7333,.75,.76,.1875,.25,.375,.375,.5,.5625,.3158,.3913,.5,.4962,.6,.6465
222,"Valle_de_los_Caidos",1.0,1.0,1.0,.9667,.925,.94,.2,.25,.45,.55,.6,.7,.3333,.4,.6207,.7011,.7279,.8024
--------------------
"--","Avg.",P@5,P@10,P@20,P@30,P@40,P@50,CR@5,CR@10,CR@20,CR@30,CR@40,CR@50,F1@5,F1@10,F1@20,F1@30,F1@40,F1@50
,.,8072,.7995,.7903,.7766,.7691,.766,.1485,.2401,.3746,.4662,.5409,.6014,.2441,.3598,.4967,.5693,.621,.6586
