--------------------
"Run name","output_runBM25SumSquaredError"
--------------------
"Average P@20 = ",.7966
"Average CR@20 = ",.365
"Average F1@20 = ",.4885
--------------------
"Query Id ","Location name",P@5,P@10,P@20,P@30,P@40,P@50,CR@5,CR@10,CR@20,CR@30,CR@40,CR@50,F1@5,F1@10,F1@20,F1@30,F1@40,F1@50
1,"angel_of_the_north",1.0,1.0,1.0,1.0,1.0,1.0,.16,.24,.32,.48,.6,.68,.2759,.3871,.4848,.6486,.75,.8095
2,"big_ben",.6,.5,.55,.5333,.525,.48,.1364,.2273,.3636,.3636,.3636,.4545,.2222,.3125,.4378,.4324,.4297,.4669
3,"hearst_castle",1.0,1.0,.95,.9333,.95,.94,.1667,.3333,.5833,.6667,.7083,.75,.2857,.5,.7228,.7778,.8116,.8343
4,"la_madeleine",.0,.0,.05,.3,.375,.48,.0,.0,.0714,.3571,.5714,.8571,.0,.0,.0588,.3261,.4528,.6154
5,"pont_alexandre_iii",1.0,1.0,.95,.9667,.975,.98,.2,.32,.32,.36,.48,.68,.3333,.4848,.4787,.5246,.6433,.8029
6,"neues_museum",.0,.0,.0,.1667,.25,.4,.0,.0,.0,.08,.2,.48,.0,.0,.0,.1081,.2222,.4364
7,"montezuma_castle",1.0,.9,.65,.4333,.475,.56,.3333,.5,.5,.5,.5833,.75,.5,.6429,.5652,.4643,.5236,.6412
8,"cn_tower",.6,.7,.55,.6667,.7,.74,.0833,.2083,.2917,.375,.5833,.625,.1463,.3211,.3812,.48,.6364,.6777
9,"acropolis_athens",.8,.7,.85,.8667,.9,.88,.1429,.1429,.4762,.4762,.5238,.5714,.2424,.2373,.6104,.6147,.6622,.6929
10,"agra_fort",.8,.8,.85,.8667,.825,.86,.16,.24,.48,.6,.72,.76,.2667,.3692,.6135,.7091,.7689,.8069
11,"albert_memorial",.6,.8,.9,.6333,.675,.72,.0909,.1364,.2273,.2727,.4091,.4545,.1579,.233,.3629,.3813,.5094,.5573
12,"altes_museum",1.0,1.0,.85,.6667,.5,.48,.1667,.25,.4167,.5,.5,.5833,.2857,.4,.5592,.5714,.5,.5266
13,"amiens_cathedral",1.0,1.0,.95,.9667,.975,.98,.16,.36,.48,.64,.68,.76,.2759,.5294,.6378,.7701,.8012,.8561
14,"angkor_wat",1.0,.9,.65,.6,.675,.74,.12,.2,.32,.4,.56,.56,.2143,.3273,.4289,.48,.6121,.6375
15,"ara_pacis",.8,.9,.95,.9333,.725,.7,.1818,.2727,.5,.6364,.6818,.7273,.2963,.4186,.6552,.7568,.7027,.7134
16,"arc_de_triomphe",1.0,1.0,.95,.9,.8,.78,.125,.1667,.375,.4583,.5833,.6667,.2222,.2857,.5377,.6074,.6747,.7189
17,"aztec_ruins",.4,.5,.5,.4667,.45,.46,.04,.16,.32,.36,.52,.52,.0727,.2424,.3902,.4065,.4825,.4882
18,"berlin_cathedral",1.0,1.0,.95,.9667,.975,.98,.2,.32,.44,.52,.6,.64,.3333,.4848,.6014,.6762,.7429,.7743
19,"bok_tower_gardens",1.0,.9,.75,.8,.85,.86,.2,.32,.48,.64,.68,.72,.3333,.4721,.5854,.7111,.7556,.7838
20,"brandenburg_gate",1.0,1.0,1.0,1.0,.975,.98,.12,.24,.28,.44,.44,.52,.2143,.3871,.4375,.6111,.6064,.6795
21,"cabrillo",.0,.3,.25,.1667,.15,.14,.0,.2308,.3077,.3077,.3846,.4615,.0,.2609,.2759,.2162,.2158,.2148
22,"casa_batllo",1.0,1.0,1.0,1.0,1.0,1.0,.2,.24,.36,.52,.68,.72,.3333,.3871,.5294,.6842,.8095,.8372
23,"casa_rosada",1.0,.8,.85,.9,.925,.94,.16,.2,.36,.48,.64,.72,.2759,.32,.5058,.6261,.7565,.8154
24,"castillo_de_san_marcos",.4,.5,.45,.5,.575,.66,.08,.16,.24,.36,.48,.56,.1333,.2424,.313,.4186,.5232,.6059
25,"chartres_cathedral",1.0,1.0,1.0,.9667,.975,.94,.12,.2,.44,.68,.72,.76,.2143,.3333,.6111,.7984,.8283,.8405
26,"chichen_itza",1.0,.8,.75,.8,.8,.82,.16,.16,.28,.36,.48,.56,.2759,.2667,.4078,.4966,.6,.6655
27,"christ_the_redeemer_rio",.4,.6,.75,.7,.6,.5,.087,.1739,.3913,.4348,.4783,.4783,.1429,.2697,.5143,.5364,.5323,.4889
28,"civic_center_san_francisco",.8,.7,.8,.8333,.875,.82,.16,.24,.44,.6,.6,.64,.2667,.3574,.5677,.6977,.7119,.7189
29,"cologne_cathedral",1.0,1.0,1.0,.9667,.925,.92,.16,.24,.44,.56,.6,.6,.2759,.3871,.6111,.7092,.7279,.7263
30,"colosseum",1.0,1.0,1.0,1.0,1.0,.98,.12,.16,.4,.48,.6,.6,.2143,.2759,.5714,.6486,.75,.7443
31,"doge_s_palace",.6,.6,.55,.6667,.725,.74,.08,.16,.24,.36,.4,.48,.1412,.2526,.3342,.4675,.5156,.5823
32,"eiffel_tower",1.0,1.0,1.0,1.0,1.0,1.0,.16,.16,.28,.36,.48,.52,.2759,.2759,.4375,.5294,.6486,.6842
33,"golden_gate_bridge",.8,.8,.85,.9,.85,.86,.1739,.2609,.3913,.4783,.5652,.6087,.2857,.3934,.5359,.6246,.679,.7128
34,"grand_palais",1.0,.9,.9,.8667,.9,.92,.0455,.1364,.3636,.4091,.5,.5455,.087,.2368,.518,.5558,.6429,.6849
35,"guggenheim_museum_bilbao",1.0,1.0,1.0,1.0,1.0,1.0,.12,.16,.36,.44,.52,.6,.2143,.2759,.5294,.6111,.6842,.75
36,"hagia_sophia_istanbul",1.0,1.0,1.0,1.0,1.0,.94,.12,.2,.32,.48,.52,.6,.2143,.3333,.4848,.6486,.6842,.7325
37,"hoover_dam",1.0,1.0,.95,.9667,.925,.92,.16,.2,.36,.48,.52,.56,.2759,.3333,.5221,.6415,.6657,.6962
38,"humayun_tomb",1.0,.9,.85,.7333,.75,.74,.12,.2,.36,.48,.6,.76,.2143,.3273,.5058,.5802,.6667,.7499
39,"iguazu_falls",.4,.7,.8,.8,.75,.8,.08,.2,.36,.48,.6,.68,.1333,.3111,.4966,.6,.6667,.7351
40,"iolani_palace",1.0,1.0,1.0,.9667,.725,.68,.16,.16,.36,.56,.56,.64,.2759,.2759,.5294,.7092,.6319,.6594
41,"la_mezquita",.6,.8,.85,.9,.8,.66,.125,.2917,.4583,.5,.5833,.5833,.2069,.4275,.5955,.6429,.6747,.6193
42,"la_rambla_barcelona",.8,.9,.95,.9667,.9,.92,.12,.24,.36,.44,.52,.56,.2087,.3789,.5221,.6047,.6592,.6962
43,"la_sainte_chapelle",1.0,1.0,1.0,.9333,.95,.96,.2,.36,.52,.6,.64,.68,.3333,.5294,.6842,.7304,.7648,.7961
44,"liberty_memorial",1.0,.6,.4,.6,.7,.72,.08,.12,.2,.28,.48,.56,.1481,.2,.2667,.3818,.5695,.63
45,"lincoln_home",1.0,1.0,.9,.9333,.9,.92,.2778,.3333,.5,.6667,.7222,.8333,.4348,.5,.6429,.7778,.8014,.8745
46,"machu_picchu",1.0,1.0,1.0,.9333,.775,.76,.16,.32,.52,.6,.64,.64,.2759,.4848,.6842,.7304,.7011,.6949
47,"marble_arch_london",.8,.9,.7,.6333,.475,.4,.3333,.5,.5833,.75,.75,.75,.4706,.6429,.6364,.6867,.5816,.5217
48,"milan_cathedral",1.0,1.0,.95,.8333,.85,.88,.12,.24,.32,.48,.64,.68,.2143,.3871,.4787,.6091,.7302,.7672
49,"mole_antonelliana",1.0,1.0,.85,.9,.75,.7,.12,.2,.2,.36,.4,.48,.2143,.3333,.3238,.5143,.5217,.5695
50,"mont_saint_michel",1.0,1.0,1.0,1.0,.975,.98,.12,.2,.4,.44,.48,.6,.2143,.3333,.5714,.6111,.6433,.7443
51,"moulin_rouge",.0,.0,.0,.0,.0,.1,.0,.0,.0,.0,.0,.375,.0,.0,.0,.0,.0,.1579
52,"nelson_s_column",1.0,.9,.95,.9667,.975,.98,.125,.1667,.2917,.4583,.625,.6667,.2222,.2812,.4463,.6218,.7617,.7935
53,"notre_dame_de_paris",.8,.9,.95,.9333,.95,.96,.16,.24,.32,.48,.52,.64,.2667,.3789,.4787,.634,.6721,.768
54,"obelisco",.2,.1,.1,.1667,.2,.24,.0909,.0909,.0909,.2727,.3636,.4545,.125,.0952,.0952,.2069,.2581,.3141
55,"piccadilly_circus",1.0,.9,.9,.8,.75,.76,.1304,.1739,.4348,.4783,.4783,.6087,.2308,.2915,.5863,.5986,.5841,.676
56,"place_de_la_concorde",1.0,1.0,1.0,1.0,.975,.98,.12,.16,.28,.44,.56,.64,.2143,.2759,.4375,.6111,.7114,.7743
57,"place_de_la_republique",.2,.2,.3,.2333,.225,.2,.125,.25,.5,.5,.75,.75,.1538,.2222,.375,.3182,.3462,.3158
58,"place_des_vosges",1.0,.7,.75,.8333,.875,.9,.08,.12,.24,.4,.52,.68,.1481,.2049,.3636,.5405,.6523,.7747
59,"pont_du_gard",.8,.8,.9,.9,.925,.78,.12,.16,.36,.44,.6,.6,.2087,.2667,.5143,.591,.7279,.6783
60,"pont_neuf",1.0,1.0,.75,.6667,.575,.6,.12,.2,.28,.32,.4,.6,.2143,.3333,.4078,.4324,.4718,.6
61,"ponte_vecchio",1.0,1.0,.7,.7333,.775,.76,.125,.2917,.3333,.4583,.5,.625,.2222,.4516,.4516,.5641,.6078,.6859
62,"puerta_de_alcala",.2,.2,.35,.4667,.55,.6,.0526,.1053,.3158,.3158,.4737,.6316,.0833,.1379,.332,.3767,.509,.6154
63,"puerta_del_sol",.8,.9,.65,.6333,.475,.4,.1,.25,.3,.4,.4,.4,.1778,.3913,.4105,.4903,.4343,.4
64,"red_fort",1.0,1.0,1.0,1.0,1.0,1.0,.16,.32,.4,.6,.72,.76,.2759,.4848,.5714,.75,.8372,.8636
65,"reims_cathedral",1.0,1.0,1.0,1.0,1.0,1.0,.16,.2,.4,.48,.52,.56,.2759,.3333,.5714,.6486,.6842,.7179
66,"rialto_bridge",1.0,1.0,.95,.7667,.75,.7,.125,.25,.4375,.4375,.6875,.6875,.2222,.4,.5991,.5571,.7174,.6937
67,"roman_forum_rome",.6,.7,.8,.8333,.825,.84,.12,.28,.36,.48,.64,.68,.2,.4,.4966,.6091,.7208,.7516
68,"sacre_coeur",.4,.4,.3,.3667,.425,.46,.0833,.1667,.25,.375,.375,.4167,.1379,.2353,.2727,.3708,.3984,.4373
69,"sagrada_familia",.8,.9,.95,.9333,.95,.94,.12,.24,.4,.48,.56,.6,.2087,.3789,.563,.634,.7046,.7325
70,"santa_maria_novella",.8,.5,.3,.5333,.625,.62,.12,.16,.2,.36,.44,.48,.2087,.2424,.24,.4299,.5164,.5411
71,"schonbrunn_palace",1.0,1.0,1.0,.9667,.975,.98,.12,.24,.48,.48,.52,.56,.2143,.3871,.6486,.6415,.6783,.7127
72,"seville_cathedral",.6,.7,.8,.8667,.875,.9,.12,.24,.4,.48,.56,.64,.2,.3574,.5333,.6178,.6829,.7481
73,"spanish_steps",1.0,1.0,.85,.7333,.675,.66,.0909,.1818,.3636,.5455,.5909,.7273,.1667,.3077,.5094,.6256,.6302,.692
74,"st__basil_cathedral",.8,.9,.95,.8333,.85,.84,.12,.28,.48,.52,.52,.52,.2087,.4271,.6378,.6404,.6453,.6424
75,"statue_of_liberty",1.0,1.0,.95,.9,.8,.8,.12,.16,.32,.44,.48,.56,.2143,.2759,.4787,.591,.6,.6588
76,"stonehenge",.8,.9,.9,.8333,.8,.7,.1579,.2105,.3158,.5789,.6842,.6842,.2637,.3412,.4675,.6832,.7376,.692
77,"summer_palace_beijing",.8,.9,.95,.9667,.85,.82,.12,.24,.4,.48,.48,.6,.2087,.3789,.563,.6415,.6135,.693
78,"sydney_opera_house",1.0,1.0,.95,.9667,.975,.9,.16,.28,.4,.44,.48,.56,.2759,.4375,.563,.6047,.6433,.6904
79,"teotihuacan",.8,.7,.65,.5667,.6,.6,.16,.2,.4,.44,.52,.64,.2667,.3111,.4952,.4954,.5571,.6194
80,"terracotta_army",.8,.9,.8,.5333,.4,.38,.2,.4,.5,.5,.5,.5,.32,.5538,.6154,.5161,.4444,.4318
81,"the_blue_mosque",.6,.8,.9,.9333,.925,.9,.08,.2,.36,.4,.48,.56,.1412,.32,.5143,.56,.632,.6904
82,"the_henry_ford",1.0,1.0,.95,.9333,.875,.78,.2,.28,.4,.48,.56,.6,.3333,.4375,.563,.634,.6829,.6783
83,"taj_mahal",1.0,.9,.8,.8667,.9,.9,.2,.24,.44,.48,.48,.68,.3333,.3789,.5677,.6178,.6261,.7747
84,"tour_montparnasse",.8,.7,.7,.7,.6,.48,.15,.2,.35,.55,.55,.55,.2526,.3111,.4667,.616,.5739,.5126
85,"tower_bridge_london",1.0,1.0,.75,.6333,.65,.62,.16,.2,.36,.44,.52,.52,.2759,.3333,.4865,.5193,.5778,.5656
86,"trafalgar_square",.6,.4,.5,.4333,.45,.44,.1364,.1818,.2727,.3182,.4545,.5,.2222,.25,.3529,.3669,.4523,.4681
87,"leaning_tower_of_pisa",.6,.5,.45,.4667,.425,.46,.12,.16,.24,.36,.4,.44,.2,.2424,.313,.4065,.4121,.4498
88,"hermitage_museum_saint_petersburg",1.0,1.0,.9,.7,.775,.82,.12,.24,.32,.36,.48,.6,.2143,.3871,.4721,.4755,.5928,.693
89,"jantar_mantar_jaipur",1.0,.7,.65,.7,.775,.82,.16,.2,.4,.56,.68,.72,.2759,.3111,.4952,.6222,.7244,.7668
90,"lake_titicaca_peru",.4,.5,.55,.5,.475,.48,.0417,.1667,.2917,.375,.5,.5417,.0755,.25,.3812,.4286,.4872,.509
91,"the_great_wall_of_china",.8,.9,.75,.8333,.85,.88,.12,.2,.36,.44,.52,.6,.2087,.3273,.4865,.5759,.6453,.7135
92,"grande_arche_paris",.8,.7,.65,.6,.6,.68,.12,.2,.28,.32,.32,.4,.2087,.3111,.3914,.4174,.4174,.5037
93,"el_angel_mexico",1.0,1.0,.8,.7333,.625,.62,.1905,.2857,.381,.5714,.619,.6667,.32,.4444,.5161,.6423,.622,.6425
94,"bibliotheque_nationale_de_france",.8,.7,.8,.8,.825,.74,.12,.24,.32,.36,.48,.48,.2087,.3574,.4571,.4966,.6069,.5823
95,"kronborg_castle",.6,.5,.7,.7333,.65,.64,.125,.2083,.375,.5417,.5417,.5833,.2069,.2941,.4884,.6231,.5909,.6104
96,"ajanta_caves",.8,.7,.8,.8667,.9,.92,.1364,.2273,.4091,.5,.5909,.6364,.233,.3431,.5414,.6341,.7134,.7523
97,"atomium",.8,.9,.95,.9667,.975,.94,.1429,.3333,.4286,.4286,.4286,.4762,.2424,.4865,.5907,.5939,.5954,.6321
98,"ellora_caves",1.0,1.0,1.0,.9667,.95,.94,.1818,.2273,.3182,.4091,.5455,.5909,.3077,.3704,.4828,.5749,.693,.7257
99,"potala_palace",.8,.9,.95,.9,.925,.88,.1667,.2222,.2778,.4444,.4444,.5556,.2759,.3564,.4299,.595,.6004,.6811
100,"jokhang",.6,.8,.8,.6667,.675,.64,.12,.24,.4,.44,.64,.68,.2,.3692,.5333,.5301,.657,.6594
101,"rila_monastery",.4,.7,.75,.8333,.875,.9,.08,.2,.28,.4,.48,.48,.1333,.3111,.4078,.5405,.6199,.6261
102,"louvre_pyramid",1.0,1.0,1.0,.9333,.925,.94,.1111,.2222,.4444,.4444,.5556,.6111,.2,.3636,.6154,.6022,.6942,.7407
103,"brooklyn_bridge",1.0,.9,.95,.8667,.825,.86,.0476,.1905,.3333,.381,.4762,.5238,.0909,.3144,.4935,.5293,.6038,.6511
104,"tower_of_london",.4,.4,.55,.5667,.525,.56,.087,.087,.2174,.3478,.4348,.4783,.1429,.1429,.3116,.4311,.4757,.5159
105,"british_museum_london",1.0,1.0,1.0,1.0,.95,.96,.2,.25,.3,.4,.45,.5,.3333,.4,.4615,.5714,.6107,.6575
106,"buckingham_palace",.2,.3,.4,.4333,.4,.34,.05,.15,.2,.2,.25,.3,.08,.2,.2667,.2737,.3077,.3188
107,"charles_bridge_prague",1.0,1.0,.8,.7,.65,.62,.125,.1667,.25,.2917,.2917,.3333,.2222,.2857,.381,.4118,.4027,.4336
108,"champs_elysees_paris",.6,.6,.65,.6,.6,.66,.1333,.2,.2667,.4,.5333,.5333,.2182,.3,.3782,.48,.5647,.5899
109,"chrysler_building",1.0,1.0,1.0,1.0,1.0,1.0,.1429,.2857,.5,.5714,.7143,.9286,.25,.4444,.6667,.7273,.8333,.963
110,"moma_new_york",.6,.7,.85,.9,.925,.9,.1053,.1579,.2632,.4211,.5789,.5789,.1791,.2577,.4019,.5737,.7122,.7046
111,"grand_central_terminal",1.0,1.0,1.0,1.0,1.0,.96,.0952,.2381,.2381,.2857,.381,.5238,.1739,.3846,.3846,.4444,.5517,.6778
112,"houses_of_parliament",1.0,1.0,1.0,1.0,1.0,1.0,.1304,.2174,.2609,.3478,.3913,.4348,.2308,.3571,.4138,.5161,.5625,.6061
113,"alexanderplatz_berlin",.0,.0,.35,.5667,.6,.6,.0,.0,.16,.36,.4,.44,.0,.0,.2196,.4403,.48,.5077
114,"centre_pompidou",.8,.8,.65,.7667,.625,.62,.2222,.2778,.4444,.5,.5,.5,.3478,.4124,.5279,.6053,.5556,.5536
115,"sydney_harbour_bridge",1.0,1.0,1.0,1.0,1.0,1.0,.25,.25,.4375,.5625,.5625,.5625,.4,.4,.6087,.72,.72,.72
116,"pier_39",1.0,1.0,.95,.9667,.975,.9,.1905,.2381,.381,.5238,.619,.6667,.32,.3846,.5438,.6794,.7573,.766
117,"coit_tower",.6,.8,.65,.5333,.5,.58,.1333,.2,.2667,.4,.4,.4667,.2182,.32,.3782,.4571,.4444,.5172
118,"st_paul_s_cathedral_london",1.0,1.0,1.0,1.0,.9,.86,.2353,.2941,.4706,.6471,.6471,.8235,.381,.4545,.64,.7857,.7529,.8414
119,"cloud_gate",1.0,.7,.85,.8667,.9,.82,.3333,.3333,.5,.5833,.5833,.5833,.5,.4516,.6296,.6973,.7079,.6817
120,"musee_d_orsay",.8,.9,.95,.9667,.95,.96,.1429,.2381,.3333,.4286,.5238,.5238,.2424,.3766,.4935,.5939,.6753,.6778
121,"pike_place_market",1.0,1.0,.9,.8667,.9,.82,.1905,.2857,.4762,.4762,.5238,.5238,.32,.4444,.6228,.6147,.6622,.6393
122,"royal_palace_madrid",.6,.8,.9,.8667,.775,.78,.1364,.2273,.4091,.4091,.4545,.5455,.2222,.354,.5625,.5558,.573,.642
123,"sony_center_berlin",.8,.9,.95,.8333,.875,.9,.0952,.1905,.2857,.381,.4762,.4762,.1702,.3144,.4393,.5229,.6167,.6228
124,"red_square_moscow",.8,.9,.75,.6667,.675,.7,.1429,.2381,.3333,.381,.4762,.5238,.2424,.3766,.4615,.4848,.5584,.5992
125,"prague_castle",1.0,.8,.8,.8667,.825,.8,.16,.24,.32,.52,.6,.64,.2759,.3692,.4571,.65,.6947,.7111
126,"musee_du_louvre",1.0,.9,.95,.9667,.975,.98,.12,.24,.32,.48,.56,.68,.2143,.3789,.4787,.6415,.7114,.8029
127,"millennium_bridge_london",1.0,.8,.7,.7,.775,.82,.2,.32,.36,.36,.52,.52,.3333,.4571,.4755,.4755,.6224,.6364
128,"casa_mila",1.0,1.0,1.0,1.0,.95,.9,.2,.32,.36,.52,.6,.68,.3333,.4848,.5294,.6842,.7355,.7747
129,"national_gallery_london",.8,.9,.85,.7333,.55,.64,.1818,.3636,.4545,.5,.5,.6364,.2963,.518,.5923,.5946,.5238,.6382
130,"national_mall",1.0,1.0,1.0,1.0,.925,.92,.2,.28,.44,.6,.6,.68,.3333,.4375,.6111,.75,.7279,.782
131,"london_city_hall",1.0,1.0,1.0,.9667,.925,.92,.2,.4,.5,.5,.55,.6,.3333,.5714,.6667,.6591,.6898,.7263
132,"holocaust_memorial",.6,.5,.5,.5,.4,.36,.125,.125,.375,.4375,.4375,.4375,.2069,.2,.4286,.4667,.4179,.395
133,"columbus_circle",.4,.7,.8,.7667,.675,.6,.08,.2,.44,.6,.68,.68,.1333,.3111,.5677,.6732,.6775,.6375
134,"siegessaeule",1.0,1.0,1.0,1.0,.775,.68,.16,.2,.48,.64,.68,.72,.2759,.3333,.6486,.7805,.7244,.6994
135,"jardin_du_luxembourg",1.0,1.0,1.0,1.0,1.0,1.0,.12,.28,.44,.56,.68,.8,.2143,.4375,.6111,.7179,.8095,.8889
136,"merlion_singapore",.0,.2,.1,.1667,.2,.18,.0,.0909,.0909,.2273,.3182,.3636,.0,.125,.0952,.1923,.2456,.2408
137,"harrods_london",1.0,1.0,1.0,.8667,.775,.78,.16,.24,.44,.56,.6,.64,.2759,.3871,.6111,.6804,.6764,.7031
138,"metropolitan_museum_of_art_new_york",1.0,1.0,.9,.9,.925,.94,.2,.28,.36,.44,.6,.6,.3333,.4375,.5143,.591,.7279,.7325
139,"new_york_stock_exchange",1.0,.9,.8,.7,.7,.74,.2,.25,.3,.35,.55,.55,.3333,.3913,.4364,.4667,.616,.631
140,"stephansdom_vienna",1.0,1.0,1.0,1.0,1.0,1.0,.12,.28,.48,.56,.6,.68,.2143,.4375,.6486,.7179,.75,.8095
141,"hms_belfast",1.0,.9,.95,.9667,.975,.94,.12,.2,.4,.44,.56,.64,.2143,.3273,.563,.6047,.7114,.7615
142,"leicester_square",1.0,1.0,.95,.8333,.825,.8,.04,.16,.36,.44,.48,.48,.0769,.2759,.5221,.5759,.6069,.6
143,"ciudad_de_las_artes_y_las_ciencias",1.0,1.0,.95,.9,.925,.92,.16,.24,.44,.48,.56,.6,.2759,.3871,.6014,.6261,.6976,.7263
144,"topkapi_palace",1.0,1.0,.95,.9667,.975,.96,.2,.28,.44,.48,.56,.64,.3333,.4375,.6014,.6415,.7114,.768
145,"royal_albert_hall",1.0,1.0,1.0,.9667,.875,.74,.2,.28,.4,.52,.56,.56,.3333,.4375,.5714,.6762,.6829,.6375
146,"st_vitus_cathedral",.8,.9,.95,.9667,.975,.96,.16,.28,.32,.52,.52,.6,.2667,.4271,.4787,.6762,.6783,.7385
147,"castello_sforzesco",1.0,.8,.9,.9,.9,.9,.2,.24,.36,.4,.44,.52,.3333,.3692,.5143,.5538,.591,.6592
148,"rijksmuseum_amsterdam",1.0,1.0,1.0,1.0,1.0,1.0,.12,.12,.16,.36,.44,.6,.2143,.2143,.2759,.5294,.6111,.75
149,"dam_square",.6,.5,.45,.4667,.55,.6,.12,.16,.24,.32,.36,.36,.2,.2424,.313,.3797,.4352,.45
150,"rathaus_vienna",1.0,1.0,1.0,.9,.85,.7,.16,.16,.16,.2,.32,.36,.2759,.2759,.2759,.3273,.465,.4755
151,"bath_abbey",1.0,1.0,1.0,.9667,.975,.98,.2,.32,.36,.52,.56,.64,.3333,.4848,.5294,.6762,.7114,.7743
152,"salisbury_cathedral",1.0,1.0,1.0,1.0,1.0,1.0,.16,.2,.28,.28,.48,.52,.2759,.3333,.4375,.4375,.6486,.6842
153,"templo_de_debod",.2,.3,.4,.3,.35,.38,.0455,.1364,.2273,.2273,.3182,.3636,.0741,.1875,.2899,.2586,.3333,.3716
154,"Niagara_Falls",.6,.7,.55,.6,.625,.56,.1364,.2273,.2727,.3636,.4091,.4545,.2222,.3431,.3646,.4528,.4945,.5018
155,"Golden_Gate_Bridge_in_San_Francisco",1.0,1.0,.95,.9333,.95,.94,.0909,.2727,.4091,.5455,.6818,.6818,.1667,.4286,.5719,.6885,.7939,.7904
156,"Neuschwanstein_Castle",1.0,1.0,.95,.9,.925,.94,.12,.2,.44,.52,.68,.68,.2143,.3333,.6014,.6592,.7838,.7891
157,"Christ_Church_Cathedral_Missouri",1.0,1.0,.95,.9667,.95,.96,.2,.32,.48,.64,.72,.72,.3333,.4848,.6378,.7701,.8192,.8229
158,"Mount_Rushmore_in_South_Dakota",.8,.8,.9,.9333,.95,.96,.12,.16,.28,.4,.52,.64,.2087,.2667,.4271,.56,.6721,.768
159,"Puerta_de_Toledo",.6,.3,.15,.1,.075,.06,1.0,1.0,1.0,1.0,1.0,1.0,.75,.4615,.2609,.1818,.1395,.1132
160,"Urquhart_Castle",1.0,.9,.85,.7667,.775,.82,.1667,.25,.375,.4583,.5833,.6667,.2857,.3913,.5204,.5737,.6656,.7354
161,"Gare_du_Nord_Paris",.8,.8,.65,.7667,.825,.86,.16,.2,.24,.28,.32,.32,.2667,.32,.3506,.4102,.4611,.4664
162,"Newgrange_in_Ireland",.8,.8,.75,.7,.725,.72,.125,.25,.375,.4583,.5,.5833,.2162,.381,.5,.554,.5918,.6445
163,"Windmills_at_Kinderdijk",1.0,1.0,.95,.8333,.85,.84,.16,.24,.36,.4,.52,.56,.2759,.3871,.5221,.5405,.6453,.672
164,"Conciergerie",.8,.9,.95,.9667,.975,.98,.08,.24,.44,.56,.64,.72,.1455,.3789,.6014,.7092,.7728,.8301
165,"Palazzo_Madama",.6,.7,.7,.8,.725,.66,.1364,.2727,.5,.5909,.6818,.6818,.2222,.3925,.5833,.6797,.7027,.6707
166,"Split_Rock_Lighthouse",1.0,1.0,1.0,.9667,.925,.88,.08,.16,.2,.24,.32,.4,.1481,.2759,.3333,.3845,.4755,.55
167,"The_Little_Mermaid_Denmark",.6,.5,.5,.5,.525,.52,.2143,.2857,.3571,.3571,.5714,.6429,.3158,.3636,.4167,.4167,.5472,.5749
168,"Great_Pyramid_of_Giza",.8,.8,.75,.7,.65,.72,.2,.2667,.6,.6667,.7333,.8,.32,.4,.6667,.6829,.6892,.7579
169,"Pitti_Palace",.6,.7,.85,.8333,.875,.9,.1364,.2273,.3182,.4091,.5455,.5909,.2222,.3431,.463,.5488,.672,.7134
170,"Georgia_State_Capitol",1.0,.9,.9,.6,.475,.38,.1579,.2105,.2632,.2632,.2632,.2632,.2727,.3412,.4072,.3659,.3387,.311
171,"Dome_des_Invalides",1.0,1.0,1.0,1.0,.975,.98,.16,.28,.44,.52,.56,.6,.2759,.4375,.6111,.6842,.7114,.7443
172,"Reggia_di_Caserta",1.0,.7,.55,.6,.475,.52,.16,.24,.36,.48,.52,.52,.2759,.3574,.4352,.5333,.4965,.52
173,"The_Burj_al_Arab_Hotel",.6,.8,.85,.8667,.85,.84,.12,.24,.36,.44,.48,.64,.2,.3692,.5058,.5837,.6135,.7265
174,"Elephanta_Caves",1.0,1.0,1.0,1.0,.975,.98,.125,.2083,.4167,.4583,.625,.7083,.2222,.3448,.5882,.6286,.7617,.8223
175,"Basilica_of_Santa_Croce",1.0,1.0,1.0,1.0,1.0,1.0,.12,.16,.2,.52,.64,.64,.2143,.2759,.3333,.6842,.7805,.7805
176,"Aachen_Cathedral",1.0,1.0,.95,.8667,.9,.92,.2,.24,.36,.44,.56,.56,.3333,.3871,.5221,.5837,.6904,.6962
177,"Monument_to_the_Great_Fire_of_London",1.0,.7,.6,.5,.425,.48,.2,.2,.28,.36,.4,.52,.3333,.3111,.3818,.4186,.4121,.4992
178,"Longmen_Grottoes",.4,.6,.7,.5667,.55,.58,.08,.2,.4,.52,.56,.64,.1333,.3,.5091,.5423,.555,.6085
179,"Louisiana_State_Capitol",.6,.6,.35,.4333,.35,.28,.12,.2,.24,.4,.4,.4,.2,.3,.2847,.416,.3733,.3294
180,"The_Great_Sphinx_at_Giza",1.0,1.0,.85,.8667,.85,.88,.12,.2,.28,.36,.56,.64,.2143,.3333,.4212,.5087,.6752,.7411
181,"Teatro_Real_Madrid",1.0,1.0,1.0,1.0,.825,.68,.1739,.3478,.5652,.7391,.7826,.7826,.2963,.5161,.7222,.85,.8032,.7277
182,"Palacio_de_la_Magdalena",.6,.7,.8,.8333,.85,.82,.12,.24,.4,.48,.64,.68,.2,.3574,.5333,.6091,.7302,.7435
183,"Sowjetisches_Ehrenmal",.4,.4,.25,.1667,.25,.32,.08,.12,.16,.16,.32,.4,.1333,.1846,.1951,.1633,.2807,.3556
184,"Cathedral_of_Trier",1.0,1.0,1.0,1.0,1.0,.96,.16,.28,.44,.6,.72,.8,.2759,.4375,.6111,.75,.8372,.8727
185,"Saint_Mary_of_the_Flower",.4,.5,.35,.4,.425,.48,.08,.2,.2,.32,.36,.52,.1333,.2857,.2545,.3556,.3898,.4992
186,"Skellig_Michael",.6,.6,.8,.8,.75,.78,.12,.24,.4,.48,.52,.64,.2,.3429,.5333,.6,.6142,.7031
187,"Chicago_Board_of_Trade_Building",1.0,1.0,1.0,.9667,.975,.94,.2273,.4091,.5455,.6818,.6818,.7273,.3704,.5806,.7059,.7996,.8025,.8201
188,"Pont_de_Normandie_France",1.0,1.0,1.0,.9667,.975,.98,.1579,.3684,.5789,.6842,.7895,.8421,.2727,.5385,.7333,.8013,.8725,.9058
189,"Palazzo_Rosso",.0,.0,.0,.0,.075,.08,.0,.0,.0,.0,.0833,.125,.0,.0,.0,.0,.0789,.0976
190,"Piazza_Vittorio_Veneto",.4,.4,.4,.3333,.35,.32,.0625,.125,.3125,.4375,.5,.5,.1081,.1905,.3509,.3784,.4118,.3902
191,"Sforza_Castle",1.0,1.0,1.0,.9667,.975,.96,.16,.28,.48,.56,.64,.72,.2759,.4375,.6486,.7092,.7728,.8229
192,"Torres_KIO",1.0,1.0,.9,.9333,.925,.94,.16,.28,.4,.44,.52,.56,.2759,.4375,.5538,.5981,.6657,.7019
193,"Torre_Picasso",1.0,1.0,.95,.8667,.875,.84,.1667,.2917,.4167,.5417,.5417,.5833,.2857,.4516,.5793,.6667,.6691,.6885
194,"The_Palace_of_Parliament_in_Bucharest",.6,.7,.8,.8667,.9,.92,.12,.16,.36,.52,.6,.64,.2,.2605,.4966,.65,.72,.7549
195,"Ernest_Hemingway_House",.8,.8,.85,.9,.8,.76,.12,.24,.48,.56,.6,.64,.2087,.3692,.6135,.6904,.6857,.6949
196,"Castel_dellOvo_Napoli",.8,.9,.85,.8667,.85,.84,.16,.24,.44,.6,.68,.72,.2667,.3789,.5798,.7091,.7556,.7754
197,"Villa_Borghese_gardens",1.0,1.0,1.0,1.0,1.0,1.0,.16,.28,.48,.68,.72,.84,.2759,.4375,.6486,.8095,.8372,.913
198,"Saint_Marks_Basilica",1.0,1.0,1.0,1.0,1.0,1.0,.16,.24,.4,.4,.4,.4,.2759,.3871,.5714,.5714,.5714,.5714
199,"Mausoleum_of_the_First_Qin_Emperor",.8,.9,.95,.8667,.75,.8,.16,.32,.4,.48,.52,.52,.2667,.4721,.563,.6178,.6142,.6303
200,"Mausoleum_of_Hadrian",1.0,.9,.85,.9,.875,.88,.1667,.2778,.5,.5,.5556,.5556,.2857,.4245,.6296,.6429,.6796,.6811
201,"Piazza_de_Ferrari",1.0,1.0,1.0,.9667,.95,.94,.1579,.2632,.3684,.4737,.5263,.5263,.2727,.4167,.5385,.6358,.6774,.6748
202,"George_Washington_Carver",.0,.1,.5,.6667,.625,.66,.0,.0625,.25,.4375,.5,.5625,.0,.0769,.3333,.5283,.5556,.6074
203,"Cathedral_of_Santiago_de_Compostela",1.0,1.0,1.0,.9,.85,.84,.1765,.2941,.4118,.6471,.7647,.7647,.3,.4545,.5833,.7529,.8051,.8006
204,"Saint-Jacques_Tower",.8,.9,.85,.8333,.8,.74,.2308,.3077,.3077,.3077,.4615,.4615,.3582,.4586,.4518,.4494,.5854,.5685
205,"Calakmul_Campeche_Mexico",.6,.6,.75,.8,.8,.82,.1429,.2143,.2857,.4286,.6429,.7143,.2308,.3158,.4138,.5581,.7129,.7635
206,"Bran_Castle_in_Transylvania",1.0,.9,.85,.9,.9,.9,.1579,.2632,.3158,.3684,.4737,.6842,.2727,.4072,.4605,.5228,.6207,.7774
207,"Mosteiro_da_Batalha",1.0,1.0,1.0,1.0,1.0,1.0,.2632,.2632,.4211,.5789,.6842,.7368,.4167,.4167,.5926,.7333,.8125,.8485
208,"Wartburg_Castle",1.0,1.0,.95,.9667,.95,.92,.2,.3,.5,.65,.7,.75,.3333,.4615,.6552,.7773,.8061,.8263
209,"Fujian_Tulou_Fujian_China",1.0,1.0,1.0,1.0,1.0,.98,.1667,.3333,.3889,.6111,.6667,.7222,.2857,.5,.56,.7586,.8,.8316
210,"Alabama_State_Capitol",.4,.4,.55,.7,.775,.76,.0952,.1905,.4286,.5714,.8095,.8095,.1538,.2581,.4818,.6292,.7919,.784
211,"Palazzo_dAccursio",1.0,1.0,.9,.9,.875,.9,.1667,.2778,.3333,.3333,.4444,.6111,.2857,.4348,.4865,.4865,.5895,.7279
212,"Casa_Grande_Ruins",.8,.9,.8,.8,.825,.84,.2353,.2941,.3529,.4118,.4706,.4706,.3636,.4433,.4898,.5437,.5993,.6032
213,"Stravinsky_Fountain",1.0,1.0,1.0,1.0,1.0,.96,.2,.2667,.4667,.5333,.6,.6,.3333,.4211,.6364,.6957,.75,.7385
214,"Angel_Falls_Venezuela",.6,.7,.55,.5667,.5,.54,.1765,.2941,.4118,.4706,.5294,.6471,.2727,.4142,.4709,.5142,.5143,.5887
215,"Statue_of_George_IV",.4,.4,.45,.4,.325,.3,.25,.375,.5,.5,.5,.5,.3077,.3871,.4737,.4444,.3939,.375
216,"Palacio_Barolo",.8,.7,.8,.8667,.9,.92,.2353,.2353,.4118,.4706,.5882,.5882,.3636,.3522,.5437,.61,.7115,.7176
217,"Bridge_of_Remembrance_Christchurch_New_Zealand",1.0,1.0,1.0,1.0,.925,.8,.3333,.3333,.75,.9167,1.0,1.0,.5,.5,.8571,.9565,.961,.8889
218,"John_A._Roebling_Suspension_Bridge",.0,.2,.3,.3667,.45,.52,.0,.1333,.3333,.5333,.6,.7333,.0,.16,.3158,.4346,.5143,.6085
219,"Blue_Dome_Santorini",1.0,.9,.9,.9333,.95,.96,.3125,.375,.5,.5625,.6875,.75,.4762,.5294,.6429,.7019,.7977,.8421
220,"Fossar_de_les_Moreres",.8,.6,.55,.5333,.425,.4,.2143,.2857,.3571,.5714,.5714,.6429,.338,.3871,.4331,.5517,.4875,.4932
221,"Luxor_Obelisk_France",1.0,.7,.7,.7667,.775,.78,.25,.25,.3125,.375,.375,.5,.4,.3684,.4321,.5036,.5054,.6094
222,"Valle_de_los_Caidos",1.0,1.0,.85,.9,.9,.88,.25,.4,.45,.6,.65,.65,.4,.5714,.5885,.72,.7548,.7477
--------------------
"--","Avg.",P@5,P@10,P@20,P@30,P@40,P@50,CR@5,CR@10,CR@20,CR@30,CR@40,CR@50,F1@5,F1@10,F1@20,F1@30,F1@40,F1@50
,.,809,.809,.7966,.7877,.7726,.7676,.1469,.2339,.365,.4616,.5398,.5991,.242,.3536,.4885,.569,.6211,.6575
