--------------------
"Run name","output_runBM25Dtrs"
--------------------
"Average P@20 = ",.7872
"Average CR@20 = ",.3887
"Average F1@20 = ",.5085
--------------------
"Query Id ","Location name",P@5,P@10,P@20,P@30,P@40,P@50,CR@5,CR@10,CR@20,CR@30,CR@40,CR@50,F1@5,F1@10,F1@20,F1@30,F1@40,F1@50
1,"angel_of_the_north",1.0,1.0,1.0,1.0,.95,.94,.2,.28,.4,.52,.52,.6,.3333,.4375,.5714,.6842,.6721,.7325
2,"big_ben",.8,.7,.6,.5667,.6,.58,.1818,.2727,.4091,.4545,.4545,.5,.2963,.3925,.4865,.5045,.5172,.537
3,"hearst_castle",1.0,1.0,.95,.9333,.925,.94,.1667,.375,.5,.7083,.75,.8333,.2857,.5455,.6552,.8054,.8284,.8835
4,"la_madeleine",.2,.2,.2,.2,.2,.16,.0714,.0714,.1429,.2857,.4286,.4286,.1053,.1053,.1667,.2353,.2727,.233
5,"pont_alexandre_iii",1.0,1.0,1.0,.8667,.8,.82,.2,.32,.52,.6,.6,.6,.3333,.4848,.6842,.7091,.6857,.693
6,"neues_museum",.4,.6,.6,.6667,.675,.68,.08,.2,.32,.44,.64,.72,.1333,.3,.4174,.5301,.657,.6994
7,"montezuma_castle",.8,.6,.5,.4333,.5,.56,.1667,.3333,.5,.5,.75,.75,.2759,.4286,.5,.4643,.6,.6412
8,"cn_tower",.8,.7,.7,.7,.75,.74,.1667,.25,.375,.4167,.5417,.5833,.2759,.3684,.4884,.5224,.629,.6524
9,"acropolis_athens",.8,.7,.8,.8667,.875,.86,.1429,.2381,.381,.4286,.5714,.5714,.2424,.3553,.5161,.5735,.6914,.6866
10,"agra_fort",.8,.8,.85,.8667,.825,.86,.16,.24,.48,.6,.72,.76,.2667,.3692,.6135,.7091,.7689,.8069
11,"albert_memorial",.4,.5,.55,.6333,.7,.7,.0909,.0909,.1818,.1818,.3636,.4091,.1481,.1538,.2733,.2825,.4786,.5164
12,"altes_museum",.8,.9,.95,.8333,.8,.68,.125,.2083,.4167,.5417,.6667,.7083,.2162,.3383,.5793,.6566,.7273,.6939
13,"amiens_cathedral",1.0,1.0,.95,.9333,.95,.94,.16,.32,.48,.64,.76,.84,.2759,.4848,.6378,.7593,.8444,.8872
14,"angkor_wat",.8,.9,.95,.9,.8,.76,.12,.2,.4,.48,.6,.68,.2087,.3273,.563,.6261,.6857,.7178
15,"ara_pacis",.4,.7,.85,.9,.85,.74,.0909,.2727,.5,.6818,.8182,.8636,.1481,.3925,.6296,.7759,.8338,.7971
16,"arc_de_triomphe",1.0,.9,.95,.8667,.85,.88,.2083,.2917,.375,.5,.5833,.7083,.3448,.4406,.5377,.6341,.6919,.7849
17,"aztec_ruins",.2,.3,.35,.3,.3,.28,.04,.08,.2,.28,.36,.36,.0667,.1263,.2545,.2897,.3273,.315
18,"berlin_cathedral",1.0,1.0,.95,.9667,.975,.98,.16,.32,.4,.52,.6,.64,.2759,.4848,.563,.6762,.7429,.7743
19,"bok_tower_gardens",.8,.9,.85,.7667,.825,.84,.16,.28,.44,.52,.68,.76,.2667,.4271,.5798,.6197,.7455,.798
20,"brandenburg_gate",1.0,1.0,.95,.9667,.95,.96,.12,.28,.4,.52,.52,.56,.2143,.4375,.563,.6762,.6721,.7074
21,"cabrillo",.2,.2,.25,.2,.225,.2,.0769,.1538,.3077,.3846,.4615,.5385,.1111,.1739,.2759,.2632,.3025,.2917
22,"casa_batllo",1.0,1.0,1.0,1.0,.975,.98,.16,.28,.4,.48,.6,.76,.2759,.4375,.5714,.6486,.7429,.8561
23,"casa_rosada",1.0,.9,.85,.9,.925,.94,.16,.24,.48,.52,.64,.68,.2759,.3789,.6135,.6592,.7565,.7891
24,"castillo_de_san_marcos",.6,.6,.55,.5667,.575,.66,.12,.24,.28,.4,.48,.56,.2,.3429,.3711,.469,.5232,.6059
25,"chartres_cathedral",1.0,1.0,1.0,1.0,.95,.9,.12,.28,.4,.56,.6,.76,.2143,.4375,.5714,.7179,.7355,.8241
26,"chichen_itza",.8,.8,.8,.8333,.85,.82,.12,.2,.32,.48,.56,.6,.2087,.32,.4571,.6091,.6752,.693
27,"christ_the_redeemer_rio",.2,.6,.65,.6,.575,.58,.0435,.2174,.3478,.3913,.5217,.5217,.0714,.3191,.4532,.4737,.5471,.5493
28,"civic_center_san_francisco",.8,.8,.7,.6333,.575,.56,.16,.32,.48,.52,.6,.6,.2667,.4571,.5695,.5711,.5872,.5793
29,"cologne_cathedral",1.0,1.0,1.0,.9667,.925,.92,.16,.24,.44,.56,.6,.6,.2759,.3871,.6111,.7092,.7279,.7263
30,"colosseum",1.0,1.0,1.0,1.0,1.0,1.0,.16,.2,.32,.48,.52,.6,.2759,.3333,.4848,.6486,.6842,.75
31,"doge_s_palace",.8,.8,.75,.7,.725,.68,.12,.2,.24,.32,.4,.4,.2087,.32,.3636,.4392,.5156,.5037
32,"eiffel_tower",1.0,1.0,1.0,1.0,.975,.96,.12,.16,.4,.44,.48,.48,.2143,.2759,.5714,.6111,.6433,.64
33,"golden_gate_bridge",1.0,.9,.9,.9,.9,.88,.2174,.3043,.4348,.5217,.5652,.6087,.3571,.4549,.5863,.6606,.6944,.7196
34,"grand_palais",1.0,1.0,1.0,.9333,.95,.96,.2273,.3636,.4545,.5,.6818,.7273,.3704,.5333,.625,.6512,.7939,.8276
35,"guggenheim_museum_bilbao",1.0,1.0,1.0,1.0,1.0,1.0,.12,.2,.4,.48,.52,.56,.2143,.3333,.5714,.6486,.6842,.7179
36,"hagia_sophia_istanbul",1.0,1.0,1.0,1.0,1.0,.96,.2,.28,.44,.44,.52,.6,.3333,.4375,.6111,.6111,.6842,.7385
37,"hoover_dam",1.0,1.0,.95,.8667,.9,.92,.16,.2,.44,.44,.56,.6,.2759,.3333,.6014,.5837,.6904,.7263
38,"humayun_tomb",1.0,1.0,.85,.8667,.85,.88,.2,.24,.36,.52,.56,.68,.3333,.3871,.5058,.65,.6752,.7672
39,"iguazu_falls",.6,.7,.75,.8333,.8,.78,.12,.24,.44,.56,.64,.68,.2,.3574,.5546,.6699,.7111,.7266
40,"iolani_palace",1.0,1.0,.8,.6667,.675,.7,.16,.16,.28,.32,.52,.64,.2759,.2759,.4148,.4324,.5874,.6687
41,"la_mezquita",.4,.3,.4,.4333,.45,.46,.0833,.125,.2917,.375,.4583,.5,.1379,.1765,.3373,.4021,.4541,.4792
42,"la_rambla_barcelona",.8,.8,.9,.9333,.925,.92,.12,.2,.4,.44,.6,.72,.2087,.32,.5538,.5981,.7279,.8078
43,"la_sainte_chapelle",1.0,1.0,.9,.9333,.95,.96,.16,.28,.48,.6,.64,.64,.2759,.4375,.6261,.7304,.7648,.768
44,"liberty_memorial",1.0,1.0,.85,.8,.8,.78,.12,.16,.24,.36,.44,.48,.2143,.2759,.3743,.4966,.5677,.5943
45,"lincoln_home",.6,.6,.5,.5333,.5,.52,.1667,.3333,.4444,.6667,.6667,.6667,.2609,.4286,.4706,.5926,.5714,.5843
46,"machu_picchu",1.0,1.0,.9,.8667,.825,.76,.2,.32,.44,.56,.6,.72,.3333,.4848,.591,.6804,.6947,.7395
47,"marble_arch_london",1.0,.7,.55,.4333,.4,.36,.3333,.5,.5,.6667,.6667,.75,.5,.5833,.5238,.5253,.5,.4865
48,"milan_cathedral",1.0,1.0,.95,.9333,.875,.88,.16,.28,.52,.56,.68,.72,.2759,.4375,.6721,.7,.7653,.792
49,"mole_antonelliana",.4,.4,.65,.6667,.7,.7,.08,.12,.24,.4,.4,.48,.1333,.1846,.3506,.5,.5091,.5695
50,"mont_saint_michel",1.0,1.0,1.0,1.0,1.0,.98,.12,.24,.4,.4,.52,.6,.2143,.3871,.5714,.5714,.6842,.7443
51,"moulin_rouge",.0,.1,.15,.1667,.125,.1,.0,.125,.375,.375,.375,.375,.0,.1111,.2143,.2308,.1875,.1579
52,"nelson_s_column",.8,.9,.95,.9667,.975,.98,.0833,.1667,.2917,.5,.5833,.75,.1509,.2812,.4463,.6591,.7299,.8497
53,"notre_dame_de_paris",.8,.9,.95,.9667,.95,.94,.16,.28,.4,.48,.64,.64,.2667,.4271,.563,.6415,.7648,.7615
54,"obelisco",.4,.3,.25,.2667,.25,.24,.1818,.1818,.3636,.3636,.4545,.4545,.25,.2264,.2963,.3077,.3226,.3141
55,"piccadilly_circus",1.0,.9,.85,.8,.8,.78,.2174,.3478,.4348,.4783,.6087,.6087,.3571,.5017,.5753,.5986,.6914,.6838
56,"place_de_la_concorde",1.0,1.0,1.0,1.0,1.0,1.0,.16,.24,.4,.56,.6,.64,.2759,.3871,.5714,.7179,.75,.7805
57,"place_de_la_republique",.2,.2,.3,.2333,.225,.2,.125,.25,.5,.5,.75,.75,.1538,.2222,.375,.3182,.3462,.3158
58,"place_des_vosges",1.0,.8,.7,.8,.85,.88,.08,.16,.2,.36,.52,.68,.1481,.2667,.3111,.4966,.6453,.7672
59,"pont_du_gard",.6,.7,.7,.7,.675,.68,.08,.2,.32,.4,.52,.56,.1412,.3111,.4392,.5091,.5874,.6142
60,"pont_neuf",1.0,1.0,.8,.6333,.575,.5,.16,.32,.36,.4,.44,.44,.2759,.4848,.4966,.4903,.4985,.4681
61,"ponte_vecchio",.8,.8,.75,.6333,.675,.72,.125,.25,.375,.4583,.5,.5833,.2162,.381,.5,.5318,.5745,.6445
62,"puerta_de_alcala",.6,.6,.55,.5333,.475,.5,.1053,.2105,.2632,.3158,.4211,.5263,.1791,.3117,.356,.3967,.4464,.5128
63,"puerta_del_sol",.6,.6,.55,.5333,.425,.34,.15,.25,.3,.4,.4,.4,.24,.3529,.3882,.4571,.4121,.3676
64,"red_fort",1.0,1.0,1.0,1.0,1.0,1.0,.2,.28,.52,.56,.6,.68,.3333,.4375,.6842,.7179,.75,.8095
65,"reims_cathedral",1.0,1.0,1.0,1.0,1.0,1.0,.2,.32,.44,.48,.64,.64,.3333,.4848,.6111,.6486,.7805,.7805
66,"rialto_bridge",1.0,.9,.85,.7667,.675,.62,.25,.375,.4375,.4375,.625,.75,.4,.5294,.5777,.5571,.649,.6788
67,"roman_forum_rome",.4,.7,.8,.8333,.825,.84,.08,.24,.44,.44,.64,.72,.1333,.3574,.5677,.5759,.7208,.7754
68,"sacre_coeur",.4,.4,.3,.3667,.425,.46,.0833,.1667,.25,.375,.375,.4167,.1379,.2353,.2727,.3708,.3984,.4373
69,"sagrada_familia",1.0,.9,.9,.9333,.95,.96,.16,.28,.32,.4,.48,.6,.2759,.4271,.4721,.56,.6378,.7385
70,"santa_maria_novella",.6,.6,.55,.5333,.525,.52,.12,.2,.24,.32,.36,.48,.2,.3,.3342,.4,.4271,.4992
71,"schonbrunn_palace",1.0,1.0,1.0,.9667,.975,.98,.2,.28,.48,.48,.52,.56,.3333,.4375,.6486,.6415,.6783,.7127
72,"seville_cathedral",.8,.8,.85,.8333,.875,.9,.16,.28,.4,.48,.52,.64,.2667,.4148,.544,.6091,.6523,.7481
73,"spanish_steps",1.0,1.0,.95,.9,.8,.76,.1364,.1364,.3636,.4545,.5909,.6818,.24,.24,.526,.604,.6797,.7188
74,"st__basil_cathedral",.8,.9,.9,.9,.875,.88,.16,.32,.44,.52,.56,.6,.2667,.4721,.591,.6592,.6829,.7135
75,"statue_of_liberty",1.0,1.0,1.0,1.0,.95,.94,.12,.24,.32,.4,.52,.56,.2143,.3871,.4848,.5714,.6721,.7019
76,"stonehenge",.6,.6,.7,.7,.675,.68,.1053,.1579,.2632,.4211,.4211,.4737,.1791,.25,.3825,.5258,.5186,.5584
77,"summer_palace_beijing",.8,.9,.95,.9667,.85,.82,.12,.24,.4,.48,.48,.6,.2087,.3789,.563,.6415,.6135,.693
78,"sydney_opera_house",1.0,1.0,1.0,1.0,.975,.98,.16,.2,.36,.48,.52,.56,.2759,.3333,.5294,.6486,.6783,.7127
79,"teotihuacan",.8,.8,.8,.7667,.7,.66,.12,.24,.36,.52,.56,.56,.2087,.3692,.4966,.6197,.6222,.6059
80,"terracotta_army",.8,.5,.5,.4667,.45,.4,.2,.25,.35,.5,.55,.55,.32,.3333,.4118,.4828,.495,.4632
81,"the_blue_mosque",.6,.8,.9,.9,.9,.92,.08,.16,.36,.48,.52,.6,.1412,.2667,.5143,.6261,.6592,.7263
82,"the_henry_ford",.8,.9,.95,.9,.925,.88,.16,.28,.36,.52,.6,.72,.2667,.4271,.5221,.6592,.7279,.792
83,"taj_mahal",1.0,.9,.8,.8667,.9,.9,.16,.28,.44,.48,.48,.68,.2759,.4271,.5677,.6178,.6261,.7747
84,"tour_montparnasse",.8,.7,.7,.7,.6,.48,.15,.2,.35,.55,.55,.55,.2526,.3111,.4667,.616,.5739,.5126
85,"tower_bridge_london",1.0,.9,.75,.7333,.675,.62,.16,.24,.4,.44,.52,.56,.2759,.3789,.5217,.55,.5874,.5885
86,"trafalgar_square",.4,.3,.35,.4667,.475,.5,.0909,.1364,.2273,.3636,.4091,.5,.1481,.1875,.2756,.4088,.4396,.5
87,"leaning_tower_of_pisa",.4,.4,.65,.6333,.7,.68,.08,.12,.28,.36,.48,.52,.1333,.1846,.3914,.4591,.5695,.5893
88,"hermitage_museum_saint_petersburg",1.0,1.0,.9,.7,.775,.82,.12,.24,.32,.36,.48,.6,.2143,.3871,.4721,.4755,.5928,.693
89,"jantar_mantar_jaipur",.8,.7,.7,.7,.725,.76,.12,.24,.44,.6,.64,.76,.2087,.3574,.5404,.6462,.6799,.76
90,"lake_titicaca_peru",.4,.5,.6,.5333,.5,.42,.0417,.1667,.3333,.4167,.4583,.5,.0755,.25,.4286,.4678,.4783,.4565
91,"the_great_wall_of_china",.4,.7,.85,.9,.825,.82,.08,.2,.36,.4,.44,.52,.1333,.3111,.5058,.5538,.5739,.6364
92,"grande_arche_paris",.6,.6,.7,.6667,.625,.58,.12,.2,.36,.48,.48,.52,.2,.3,.4755,.5581,.543,.5484
93,"el_angel_mexico",1.0,1.0,.8,.7,.65,.6,.1905,.2381,.381,.5238,.619,.6667,.32,.3846,.5161,.5992,.6341,.6316
94,"bibliotheque_nationale_de_france",1.0,.9,.75,.7667,.725,.74,.2,.24,.32,.32,.4,.4,.3333,.3789,.4486,.4515,.5156,.5193
95,"kronborg_castle",.6,.5,.7,.7333,.65,.64,.125,.2083,.375,.5417,.5417,.5833,.2069,.2941,.4884,.6231,.5909,.6104
96,"ajanta_caves",.8,.7,.8,.8333,.85,.88,.0909,.2273,.3636,.5455,.5909,.6364,.1633,.3431,.5,.6593,.6972,.7386
97,"atomium",.8,.9,.9,.8333,.8,.78,.1905,.3333,.4286,.4762,.4762,.4762,.3077,.4865,.5806,.6061,.597,.5914
98,"ellora_caves",1.0,1.0,1.0,1.0,1.0,1.0,.1818,.2273,.3182,.3636,.4091,.4091,.3077,.3704,.4828,.5333,.5806,.5806
99,"potala_palace",1.0,.9,.85,.8,.8,.82,.1667,.1667,.3333,.3889,.5,.5556,.2857,.2812,.4789,.5234,.6154,.6624
100,"jokhang",.6,.7,.75,.7667,.75,.7,.12,.2,.32,.56,.68,.68,.2,.3111,.4486,.6472,.7133,.6899
101,"rila_monastery",.6,.7,.85,.8333,.85,.88,.12,.24,.32,.4,.44,.48,.2,.3574,.465,.5405,.5798,.6212
102,"louvre_pyramid",1.0,1.0,1.0,.9333,.95,.94,.1667,.1667,.4444,.5556,.6111,.6111,.2857,.2857,.6154,.6965,.7438,.7407
103,"brooklyn_bridge",1.0,.9,.8,.8333,.825,.8,.1429,.2381,.381,.4286,.5238,.5238,.25,.3766,.5161,.566,.6408,.6331
104,"tower_of_london",.6,.7,.8,.8,.75,.76,.0435,.087,.3478,.3478,.3913,.5217,.0811,.1547,.4848,.4848,.5143,.6187
105,"british_museum_london",1.0,1.0,1.0,1.0,1.0,1.0,.2,.3,.35,.45,.6,.6,.3333,.4615,.5185,.6207,.75,.75
106,"buckingham_palace",.4,.3,.5,.5,.475,.46,.1,.15,.3,.35,.35,.35,.16,.2,.375,.4118,.403,.3975
107,"charles_bridge_prague",1.0,1.0,.9,.7667,.65,.6,.1667,.2083,.25,.2917,.3333,.375,.2857,.3448,.3913,.4226,.4407,.4615
108,"champs_elysees_paris",.6,.5,.5,.4333,.425,.44,.2,.2667,.4,.4,.4,.4,.3,.3478,.4444,.416,.4121,.419
109,"chrysler_building",1.0,1.0,1.0,.9667,.925,.94,.2143,.3571,.4286,.7143,.7143,.7143,.3529,.5263,.6,.8215,.8061,.8117
110,"moma_new_york",.6,.7,.75,.8333,.8,.76,.1053,.1579,.2632,.3158,.4211,.5263,.1791,.2577,.3896,.458,.5517,.6219
111,"grand_central_terminal",1.0,1.0,1.0,1.0,1.0,1.0,.1429,.2857,.4286,.5238,.5714,.619,.25,.4444,.6,.6875,.7273,.7647
112,"houses_of_parliament",1.0,.9,.85,.8,.825,.82,.1304,.2609,.4348,.4783,.5217,.5652,.2308,.4045,.5753,.5986,.6392,.6692
113,"alexanderplatz_berlin",.8,.6,.65,.6333,.675,.66,.16,.24,.32,.36,.44,.44,.2667,.3429,.4289,.4591,.5327,.528
114,"centre_pompidou",.8,.9,.8,.7667,.7,.64,.2222,.3889,.4444,.5,.5556,.5556,.3478,.5431,.5714,.6053,.6195,.5948
115,"sydney_harbour_bridge",1.0,1.0,.95,.9667,.975,.98,.1875,.3125,.5625,.5625,.625,.625,.3158,.4762,.7066,.7112,.7617,.7632
116,"pier_39",1.0,1.0,.95,.9667,.975,.96,.2381,.4286,.5714,.6667,.7619,.7619,.3846,.6,.7136,.7891,.8554,.8496
117,"coit_tower",.6,.5,.6,.6333,.65,.58,.2,.2667,.4,.4,.4667,.5333,.3,.3478,.48,.4903,.5433,.5557
118,"st_paul_s_cathedral_london",1.0,1.0,.9,.9,.9,.9,.2353,.2941,.4118,.4706,.4706,.6471,.381,.4545,.565,.618,.618,.7529
119,"cloud_gate",.8,.8,.7,.6333,.65,.64,.25,.4167,.4167,.4167,.5833,.5833,.381,.5479,.5224,.5026,.6149,.6104
120,"musee_d_orsay",.8,.9,.95,.9333,.95,.92,.1905,.2857,.381,.4762,.5238,.5714,.3077,.4337,.5438,.6306,.6753,.705
121,"pike_place_market",1.0,.9,.8,.8333,.85,.88,.1429,.2381,.3333,.4762,.5238,.5238,.25,.3766,.4706,.6061,.6482,.6567
122,"royal_palace_madrid",.6,.8,.9,.8333,.825,.78,.0909,.2273,.4545,.5455,.5909,.6364,.1579,.354,.604,.6593,.6886,.7009
123,"sony_center_berlin",.8,.9,.95,.8333,.875,.9,.0952,.1905,.2857,.381,.4762,.4762,.1702,.3144,.4393,.5229,.6167,.6228
124,"red_square_moscow",.8,.9,.75,.6667,.675,.7,.1429,.2381,.3333,.381,.4762,.5238,.2424,.3766,.4615,.4848,.5584,.5992
125,"prague_castle",1.0,1.0,.8,.8667,.875,.8,.16,.28,.32,.52,.6,.64,.2759,.4375,.4571,.65,.7119,.7111
126,"musee_du_louvre",1.0,1.0,1.0,.9667,.975,.98,.16,.2,.36,.4,.48,.56,.2759,.3333,.5294,.5659,.6433,.7127
127,"millennium_bridge_london",1.0,.8,.8,.8,.8,.76,.2,.32,.44,.44,.44,.44,.3333,.4571,.5677,.5677,.5677,.5573
128,"casa_mila",1.0,1.0,1.0,.9333,.95,.94,.16,.24,.52,.52,.64,.72,.2759,.3871,.6842,.6679,.7648,.8154
129,"national_gallery_london",.8,.7,.7,.6333,.65,.6,.1364,.2273,.4091,.4545,.5455,.5455,.233,.3431,.5164,.5292,.5932,.5714
130,"national_mall",1.0,1.0,1.0,.9667,.95,.92,.2,.28,.52,.6,.6,.68,.3333,.4375,.6842,.7404,.7355,.782
131,"london_city_hall",.6,.5,.55,.6333,.725,.78,.15,.2,.4,.6,.65,.75,.24,.2857,.4632,.6162,.6855,.7647
132,"holocaust_memorial",.6,.5,.5,.5,.4,.36,.125,.125,.375,.4375,.4375,.4375,.2069,.2,.4286,.4667,.4179,.395
133,"columbus_circle",.6,.6,.4,.4667,.525,.6,.12,.24,.28,.36,.52,.72,.2,.3429,.3294,.4065,.5225,.6545
134,"siegessaeule",.8,.9,.8,.7667,.75,.66,.12,.28,.4,.56,.6,.64,.2087,.4271,.5333,.6472,.6667,.6498
135,"jardin_du_luxembourg",1.0,1.0,1.0,1.0,1.0,1.0,.12,.24,.4,.52,.6,.68,.2143,.3871,.5714,.6842,.75,.8095
136,"merlion_singapore",.4,.3,.4,.3667,.4,.4,.0909,.1364,.3182,.4091,.5,.5,.1481,.1875,.3544,.3867,.4444,.4444
137,"harrods_london",1.0,1.0,.9,.7667,.75,.78,.16,.32,.4,.52,.6,.64,.2759,.4848,.5538,.6197,.6667,.7031
138,"metropolitan_museum_of_art_new_york",1.0,1.0,1.0,.9,.925,.94,.16,.24,.4,.44,.52,.6,.2759,.3871,.5714,.591,.6657,.7325
139,"new_york_stock_exchange",.8,.8,.7,.6,.525,.52,.2,.4,.5,.55,.6,.6,.32,.5333,.5833,.5739,.56,.5571
140,"stephansdom_vienna",1.0,1.0,1.0,1.0,1.0,1.0,.16,.28,.52,.6,.64,.68,.2759,.4375,.6842,.75,.7805,.8095
141,"hms_belfast",1.0,1.0,1.0,1.0,1.0,.96,.12,.16,.32,.44,.52,.56,.2143,.2759,.4848,.6111,.6842,.7074
142,"leicester_square",1.0,1.0,1.0,.9333,.85,.78,.08,.16,.36,.4,.44,.44,.1481,.2759,.5294,.56,.5798,.5626
143,"ciudad_de_las_artes_y_las_ciencias",1.0,1.0,.9,.9333,.925,.92,.2,.28,.4,.52,.6,.6,.3333,.4375,.5538,.6679,.7279,.7263
144,"topkapi_palace",1.0,1.0,.95,.9,.925,.94,.16,.24,.44,.52,.6,.64,.2759,.3871,.6014,.6592,.7279,.7615
145,"royal_albert_hall",1.0,1.0,1.0,.9667,.9,.8,.2,.28,.44,.56,.56,.6,.3333,.4375,.6111,.7092,.6904,.6857
146,"st_vitus_cathedral",.8,.7,.8,.8667,.875,.9,.12,.16,.36,.4,.48,.52,.2087,.2605,.4966,.5474,.6199,.6592
147,"castello_sforzesco",1.0,.9,.9,.9333,.925,.92,.2,.32,.4,.44,.44,.52,.3333,.4721,.5538,.5981,.5963,.6644
148,"rijksmuseum_amsterdam",1.0,1.0,1.0,1.0,1.0,1.0,.12,.12,.28,.36,.48,.6,.2143,.2143,.4375,.5294,.6486,.75
149,"dam_square",.8,.8,.75,.7,.625,.62,.12,.28,.44,.44,.48,.48,.2087,.4148,.5546,.5404,.543,.5411
150,"rathaus_vienna",.8,.6,.6,.6,.625,.62,.12,.16,.2,.24,.28,.32,.2087,.2526,.3,.3429,.3867,.4221
151,"bath_abbey",1.0,.9,.85,.8667,.825,.84,.2,.28,.44,.52,.56,.56,.3333,.4271,.5798,.65,.6671,.672
152,"salisbury_cathedral",1.0,1.0,1.0,1.0,1.0,1.0,.16,.16,.28,.36,.48,.52,.2759,.2759,.4375,.5294,.6486,.6842
153,"templo_de_debod",.4,.4,.45,.4333,.425,.44,.0909,.1818,.2273,.3182,.4091,.4091,.1481,.25,.302,.3669,.4169,.424
154,"Niagara_Falls",.6,.8,.65,.5333,.55,.56,.0909,.2273,.3182,.3182,.4091,.4091,.1579,.354,.4272,.3986,.4692,.4728
155,"Golden_Gate_Bridge_in_San_Francisco",1.0,.9,.9,.9,.925,.94,.1364,.2273,.3636,.4545,.5455,.6364,.24,.3629,.518,.604,.6862,.7589
156,"Neuschwanstein_Castle",1.0,1.0,1.0,.9667,.975,.94,.16,.24,.44,.6,.68,.68,.2759,.3871,.6111,.7404,.8012,.7891
157,"Christ_Church_Cathedral_Missouri",1.0,1.0,.95,.9667,.95,.96,.2,.32,.48,.64,.72,.72,.3333,.4848,.6378,.7701,.8192,.8229
158,"Mount_Rushmore_in_South_Dakota",.8,.8,.75,.8,.85,.86,.12,.2,.36,.44,.52,.56,.2087,.32,.4865,.5677,.6453,.6783
159,"Puerta_de_Toledo",.2,.3,.15,.1,.075,.06,.5,1.0,1.0,1.0,1.0,1.0,.2857,.4615,.2609,.1818,.1395,.1132
160,"Urquhart_Castle",1.0,.9,.95,.9333,.95,.92,.1667,.2917,.5,.5833,.625,.625,.2857,.4406,.6552,.7179,.754,.7443
161,"Gare_du_Nord_Paris",.8,.8,.75,.7333,.75,.8,.16,.24,.36,.44,.44,.44,.2667,.3692,.4865,.55,.5546,.5677
162,"Newgrange_in_Ireland",.8,.8,.6,.6333,.675,.66,.1667,.25,.3333,.4583,.5417,.5417,.2759,.381,.4286,.5318,.601,.595
163,"Windmills_at_Kinderdijk",1.0,1.0,1.0,.9,.875,.86,.16,.24,.36,.4,.52,.52,.2759,.3871,.5294,.5538,.6523,.6481
164,"Conciergerie",.8,.9,.95,.9667,.975,.98,.16,.24,.36,.52,.56,.64,.2667,.3789,.5221,.6762,.7114,.7743
165,"Palazzo_Madama",1.0,.8,.85,.8,.75,.7,.2273,.3182,.5455,.6364,.6818,.6818,.3704,.4553,.6645,.7089,.7143,.6908
166,"Split_Rock_Lighthouse",.8,.8,.8,.8667,.875,.86,.12,.16,.2,.24,.28,.4,.2087,.2667,.32,.3759,.4242,.546
167,"The_Little_Mermaid_Denmark",1.0,1.0,.95,.9333,.95,.92,.2857,.2857,.5,.7143,.8571,.9286,.4444,.4444,.6552,.8092,.9012,.9243
168,"Great_Pyramid_of_Giza",.6,.6,.7,.7,.625,.64,.2,.3333,.5333,.6,.6,.6,.3,.4286,.6054,.6462,.6122,.6194
169,"Pitti_Palace",.8,.8,.75,.8,.8,.76,.1818,.2727,.4545,.5455,.5455,.5455,.2963,.4068,.566,.6486,.6486,.6351
170,"Georgia_State_Capitol",.8,.8,.9,.7667,.6,.5,.2105,.2105,.2632,.2632,.3158,.3158,.3333,.3333,.4072,.3918,.4138,.3871
171,"Dome_des_Invalides",1.0,1.0,1.0,.9667,.975,.98,.16,.32,.36,.48,.52,.56,.2759,.4848,.5294,.6415,.6783,.7127
172,"Reggia_di_Caserta",.8,.9,.95,.9,.825,.78,.16,.36,.48,.6,.64,.68,.2667,.5143,.6378,.72,.7208,.7266
173,"The_Burj_al_Arab_Hotel",.6,.8,.85,.8667,.85,.84,.12,.24,.36,.44,.48,.64,.2,.3692,.5058,.5837,.6135,.7265
174,"Elephanta_Caves",1.0,1.0,1.0,1.0,.975,.98,.125,.2083,.4167,.4583,.625,.7083,.2222,.3448,.5882,.6286,.7617,.8223
175,"Basilica_of_Santa_Croce",.8,.9,.95,.9667,.95,.94,.16,.28,.44,.6,.68,.68,.2667,.4271,.6014,.7404,.7926,.7891
176,"Aachen_Cathedral",1.0,1.0,.95,.8667,.9,.92,.2,.24,.36,.44,.56,.56,.3333,.3871,.5221,.5837,.6904,.6962
177,"Monument_to_the_Great_Fire_of_London",1.0,.9,.85,.6667,.625,.66,.16,.28,.44,.44,.48,.64,.2759,.4271,.5798,.5301,.543,.6498
178,"Longmen_Grottoes",.6,.6,.5,.6333,.65,.62,.08,.16,.28,.48,.6,.68,.1412,.2526,.359,.5461,.624,.6486
179,"Louisiana_State_Capitol",.6,.4,.3,.2667,.3,.3,.12,.16,.2,.24,.36,.44,.2,.2286,.24,.2526,.3273,.3568
180,"The_Great_Sphinx_at_Giza",.8,.9,.95,.9667,.95,.88,.16,.28,.44,.52,.6,.6,.2667,.4271,.6014,.6762,.7355,.7135
181,"Teatro_Real_Madrid",1.0,.9,.95,.9667,.95,.96,.2174,.2609,.5217,.6957,.8261,.8696,.3571,.4045,.6736,.8091,.8837,.9125
182,"Palacio_de_la_Magdalena",.4,.7,.75,.6667,.65,.6,.08,.28,.48,.52,.6,.68,.1333,.4,.5854,.5843,.624,.6375
183,"Sowjetisches_Ehrenmal",.2,.5,.45,.3667,.275,.34,.04,.16,.24,.28,.28,.4,.0667,.2424,.313,.3175,.2775,.3676
184,"Cathedral_of_Trier",1.0,1.0,1.0,1.0,.975,.92,.2,.28,.44,.6,.72,.76,.3333,.4375,.6111,.75,.8283,.8324
185,"Saint_Mary_of_the_Flower",.2,.3,.3,.2333,.25,.26,.04,.12,.24,.24,.28,.4,.0667,.1714,.2667,.2366,.2642,.3152
186,"Skellig_Michael",.6,.6,.8,.8,.75,.78,.12,.24,.4,.48,.52,.64,.2,.3429,.5333,.6,.6142,.7031
187,"Chicago_Board_of_Trade_Building",1.0,1.0,.95,.9667,.975,.94,.2273,.4091,.5909,.6818,.6818,.7273,.3704,.5806,.7286,.7996,.8025,.8201
188,"Pont_de_Normandie_France",.8,.8,.7,.7,.7,.68,.2105,.3158,.5263,.6316,.8421,.8421,.3333,.4528,.6009,.664,.7645,.7524
189,"Palazzo_Rosso",.0,.0,.05,.0333,.025,.02,.0,.0,.0417,.0417,.0417,.0417,.0,.0,.0455,.037,.0312,.027
190,"Piazza_Vittorio_Veneto",.4,.4,.35,.4,.35,.32,.0625,.1875,.25,.4375,.4375,.5,.1081,.2553,.2917,.4179,.3889,.3902
191,"Sforza_Castle",1.0,1.0,.95,.9333,.95,.96,.16,.32,.44,.56,.68,.72,.2759,.4848,.6014,.7,.7926,.8229
192,"Torres_KIO",1.0,1.0,1.0,1.0,.95,.96,.12,.28,.44,.52,.52,.56,.2143,.4375,.6111,.6842,.6721,.7074
193,"Torre_Picasso",1.0,1.0,.9,.8333,.85,.84,.1667,.25,.375,.5,.5417,.5833,.2857,.4,.5294,.625,.6617,.6885
194,"The_Palace_of_Parliament_in_Bucharest",1.0,1.0,.95,.9667,.975,.98,.12,.2,.28,.48,.56,.68,.2143,.3333,.4325,.6415,.7114,.8029
195,"Ernest_Hemingway_House",.4,.4,.4,.5,.6,.64,.08,.12,.28,.44,.6,.64,.1333,.1846,.3294,.4681,.6,.64
196,"Castel_dellOvo_Napoli",.8,.9,.85,.8667,.85,.84,.16,.24,.44,.6,.68,.72,.2667,.3789,.5798,.7091,.7556,.7754
197,"Villa_Borghese_gardens",.8,.8,.9,.9333,.95,.96,.16,.28,.48,.6,.68,.76,.2667,.4148,.6261,.7304,.7926,.8484
198,"Saint_Marks_Basilica",.8,.9,.85,.8,.8,.82,.16,.2,.4,.52,.68,.68,.2667,.3273,.544,.6303,.7351,.7435
199,"Mausoleum_of_the_First_Qin_Emperor",.8,.9,.95,.9333,.9,.92,.16,.28,.44,.68,.76,.84,.2667,.4271,.6014,.7868,.8241,.8782
200,"Mausoleum_of_Hadrian",.8,.7,.7,.6667,.625,.68,.1667,.2222,.3889,.4444,.5556,.7222,.2759,.3373,.5,.5333,.5882,.7005
201,"Piazza_de_Ferrari",1.0,1.0,1.0,.9667,.975,.96,.2632,.3158,.3684,.4737,.5263,.5263,.4167,.48,.5385,.6358,.6836,.6799
202,"George_Washington_Carver",.2,.3,.3,.3,.35,.36,.0625,.125,.1875,.3125,.375,.375,.0952,.1765,.2308,.3061,.3621,.3673
203,"Cathedral_of_Santiago_de_Compostela",.6,.7,.6,.6333,.675,.74,.1176,.2353,.4118,.5294,.5882,.7059,.1967,.3522,.4884,.5767,.6286,.7225
204,"Saint-Jacques_Tower",.6,.7,.65,.6333,.65,.64,.2308,.3077,.3077,.3846,.4615,.6154,.3333,.4275,.4177,.4786,.5398,.6275
205,"Calakmul_Campeche_Mexico",.8,.7,.75,.7333,.725,.76,.2143,.2143,.3571,.4286,.5,.5714,.338,.3281,.4839,.541,.5918,.6524
206,"Bran_Castle_in_Transylvania",1.0,.9,.85,.9,.9,.9,.1053,.2105,.3684,.3684,.5263,.7368,.1905,.3412,.514,.5228,.6642,.8103
207,"Mosteiro_da_Batalha",1.0,1.0,1.0,1.0,1.0,1.0,.2632,.3684,.5263,.6316,.6316,.6316,.4167,.5385,.6897,.7742,.7742,.7742
208,"Wartburg_Castle",1.0,1.0,.95,.9667,.95,.92,.15,.3,.5,.6,.7,.8,.2609,.4615,.6552,.7404,.8061,.8558
209,"Fujian_Tulou_Fujian_China",.8,.9,.85,.9,.925,.94,.1111,.2778,.5,.5556,.6111,.6111,.1951,.4245,.6296,.687,.736,.7407
210,"Alabama_State_Capitol",1.0,.8,.7,.7667,.775,.76,.1905,.2857,.5238,.7619,.7619,.8095,.32,.4211,.5992,.7643,.7684,.784
211,"Palazzo_dAccursio",1.0,1.0,.9,.9,.925,.9,.1111,.2222,.2778,.4444,.5556,.6667,.2,.3636,.4245,.595,.6942,.766
212,"Casa_Grande_Ruins",.8,.8,.6,.6667,.675,.68,.1765,.3529,.4118,.4118,.4118,.5294,.2892,.4898,.4884,.5091,.5115,.5953
213,"Stravinsky_Fountain",1.0,1.0,1.0,.9,.8,.82,.1333,.2667,.4667,.5333,.5333,.6,.2353,.4211,.6364,.6698,.64,.693
214,"Angel_Falls_Venezuela",.6,.7,.65,.6667,.575,.54,.1765,.3529,.4118,.4706,.4706,.6471,.2727,.4693,.5042,.5517,.5176,.5887
215,"Statue_of_George_IV",.4,.4,.4,.3333,.325,.28,.25,.375,.5,.5,.5,.5,.3077,.3871,.4444,.4,.3939,.359
216,"Palacio_Barolo",.8,.7,.8,.8667,.9,.92,.2353,.2353,.4118,.4706,.5882,.5882,.3636,.3522,.5437,.61,.7115,.7176
217,"Bridge_of_Remembrance_Christchurch_New_Zealand",1.0,1.0,1.0,.9,.8,.74,.25,.4167,.5833,.9167,.9167,.9167,.4,.5882,.7368,.9083,.8544,.8189
218,"John_A._Roebling_Suspension_Bridge",.0,.1,.3,.4,.425,.44,.0,.0667,.3333,.5333,.6667,.7333,.0,.08,.3158,.4571,.5191,.55
219,"Blue_Dome_Santorini",.6,.8,.9,.9333,.875,.88,.1875,.3125,.625,.6875,.6875,.75,.2857,.4494,.7377,.7918,.77,.8098
220,"Fossar_de_les_Moreres",1.0,.7,.75,.7,.65,.56,.2143,.2143,.5714,.7143,.7143,.7143,.3529,.3281,.6486,.7071,.6806,.6278
221,"Luxor_Obelisk_France",1.0,.7,.7,.7667,.775,.78,.25,.25,.3125,.375,.375,.5,.4,.3684,.4321,.5036,.5054,.6094
222,"Valle_de_los_Caidos",1.0,1.0,1.0,.9667,.975,.94,.2,.3,.6,.65,.7,.75,.3333,.4615,.75,.7773,.8149,.8343
--------------------
"--","Avg.",P@5,P@10,P@20,P@30,P@40,P@50,CR@5,CR@10,CR@20,CR@30,CR@40,CR@50,F1@5,F1@10,F1@20,F1@30,F1@40,F1@50
,.,7955,.7959,.7872,.774,.7642,.7555,.1511,.2476,.3887,.4787,.5497,.6014,.2492,.3682,.5085,.578,.625,.6547
