--------------------
"Run name","output_runTAMURADaviesBouldin"
--------------------
"Average P@20 = ",.8
"Average CR@20 = ",.373
"Average F1@20 = ",.4974
--------------------
"Query Id ","Location name",P@5,P@10,P@20,P@30,P@40,P@50,CR@5,CR@10,CR@20,CR@30,CR@40,CR@50,F1@5,F1@10,F1@20,F1@30,F1@40,F1@50
1,"angel_of_the_north",1.0,1.0,1.0,1.0,1.0,1.0,.16,.24,.32,.48,.6,.68,.2759,.3871,.4848,.6486,.75,.8095
2,"big_ben",1.0,1.0,1.0,.9333,.925,.9,.2273,.3182,.3182,.4545,.5,.5455,.3704,.4828,.4828,.6114,.6491,.6792
3,"hearst_castle",.8,.9,.9,.9,.925,.94,.1667,.3333,.5417,.625,.7083,.75,.2759,.4865,.6763,.7377,.8023,.8343
4,"la_madeleine",.0,.0,.2,.4,.45,.48,.0,.0,.1429,.5,.5714,.8571,.0,.0,.1667,.4444,.5035,.6154
5,"pont_alexandre_iii",1.0,1.0,.95,.9667,.975,.98,.2,.32,.32,.36,.48,.68,.3333,.4848,.4787,.5246,.6433,.8029
6,"neues_museum",.0,.0,.0,.1667,.25,.4,.0,.0,.0,.08,.2,.48,.0,.0,.0,.1081,.2222,.4364
7,"montezuma_castle",1.0,.9,.65,.4333,.475,.56,.3333,.5,.5,.5,.5833,.75,.5,.6429,.5652,.4643,.5236,.6412
8,"cn_tower",.4,.5,.55,.6333,.7,.74,.0833,.1667,.2917,.375,.5833,.625,.1379,.25,.3812,.4711,.6364,.6777
9,"acropolis_athens",.8,.7,.85,.8667,.9,.88,.1429,.1429,.4762,.4762,.5238,.5714,.2424,.2373,.6104,.6147,.6622,.6929
10,"agra_fort",.8,.8,.85,.8333,.85,.88,.16,.28,.4,.56,.64,.68,.2667,.4148,.544,.6699,.7302,.7672
11,"albert_memorial",.6,.8,.9,.6333,.675,.72,.0909,.1364,.2273,.2727,.4091,.4545,.1579,.233,.3629,.3813,.5094,.5573
12,"altes_museum",1.0,1.0,.85,.6667,.5,.48,.1667,.25,.4167,.5,.5,.5833,.2857,.4,.5592,.5714,.5,.5266
13,"amiens_cathedral",1.0,.9,.95,.9667,.975,.96,.16,.2,.48,.64,.72,.72,.2759,.3273,.6378,.7701,.8283,.8229
14,"angkor_wat",1.0,.9,.65,.6,.675,.74,.12,.2,.32,.4,.56,.56,.2143,.3273,.4289,.48,.6121,.6375
15,"ara_pacis",1.0,1.0,.75,.6,.65,.68,.2273,.3636,.4545,.5,.6364,.7273,.3704,.5333,.566,.5455,.6431,.7028
16,"arc_de_triomphe",.8,.9,.9,.9333,.775,.76,.1667,.2083,.375,.4583,.5833,.625,.2759,.3383,.5294,.6148,.6656,.6859
17,"aztec_ruins",.0,.0,.0,.0667,.3,.26,.0,.0,.0,.04,.32,.32,.0,.0,.0,.05,.3097,.2869
18,"berlin_cathedral",1.0,1.0,.95,.9667,.975,.98,.2,.32,.44,.52,.6,.64,.3333,.4848,.6014,.6762,.7429,.7743
19,"bok_tower_gardens",1.0,.9,.75,.8,.85,.86,.2,.32,.48,.64,.68,.72,.3333,.4721,.5854,.7111,.7556,.7838
20,"brandenburg_gate",1.0,1.0,1.0,1.0,.975,.98,.12,.24,.28,.44,.44,.52,.2143,.3871,.4375,.6111,.6064,.6795
21,"cabrillo",.0,.3,.25,.1667,.15,.14,.0,.2308,.3077,.3077,.3846,.4615,.0,.2609,.2759,.2162,.2158,.2148
22,"casa_batllo",1.0,1.0,1.0,1.0,1.0,1.0,.2,.24,.36,.52,.68,.72,.3333,.3871,.5294,.6842,.8095,.8372
23,"casa_rosada",.6,.7,.85,.9,.925,.94,.08,.12,.28,.48,.6,.64,.1412,.2049,.4212,.6261,.7279,.7615
24,"castillo_de_san_marcos",1.0,.9,.55,.5667,.65,.6,.16,.24,.28,.36,.48,.56,.2759,.3789,.3711,.4403,.5522,.5793
25,"chartres_cathedral",1.0,1.0,1.0,.9667,.975,.94,.12,.2,.44,.68,.72,.76,.2143,.3333,.6111,.7984,.8283,.8405
26,"chichen_itza",.8,.8,.75,.8,.8,.82,.16,.24,.36,.4,.48,.6,.2667,.3692,.4865,.5333,.6,.693
27,"christ_the_redeemer_rio",.2,.3,.6,.5333,.525,.5,.0435,.087,.2174,.2609,.3913,.4783,.0714,.1348,.3191,.3504,.4484,.4889
28,"civic_center_san_francisco",.8,.7,.8,.8333,.875,.82,.16,.24,.44,.6,.6,.64,.2667,.3574,.5677,.6977,.7119,.7189
29,"cologne_cathedral",1.0,1.0,1.0,.9667,.975,.96,.12,.24,.4,.44,.52,.6,.2143,.3871,.5714,.6047,.6783,.7385
30,"colosseum",1.0,1.0,1.0,1.0,1.0,.98,.12,.16,.4,.48,.6,.6,.2143,.2759,.5714,.6486,.75,.7443
31,"doge_s_palace",.8,.8,.9,.8667,.7,.76,.08,.2,.32,.48,.52,.52,.1455,.32,.4721,.6178,.5967,.6175
32,"eiffel_tower",1.0,1.0,1.0,.9667,.9,.92,.16,.2,.28,.4,.44,.52,.2759,.3333,.4375,.5659,.591,.6644
33,"golden_gate_bridge",1.0,.8,.9,.8667,.85,.86,.1739,.2609,.3913,.4783,.4783,.5652,.2963,.3934,.5455,.6164,.6121,.6821
34,"grand_palais",1.0,.8,.85,.8333,.875,.9,.1364,.1818,.4091,.4545,.5,.5455,.24,.2963,.5523,.5882,.6364,.6792
35,"guggenheim_museum_bilbao",1.0,1.0,1.0,1.0,1.0,1.0,.12,.16,.36,.44,.52,.6,.2143,.2759,.5294,.6111,.6842,.75
36,"hagia_sophia_istanbul",1.0,1.0,1.0,1.0,1.0,.94,.12,.2,.32,.48,.52,.6,.2143,.3333,.4848,.6486,.6842,.7325
37,"hoover_dam",1.0,1.0,.95,.9667,.925,.92,.16,.2,.36,.48,.52,.56,.2759,.3333,.5221,.6415,.6657,.6962
38,"humayun_tomb",.8,.6,.55,.6667,.65,.72,.08,.16,.28,.48,.6,.64,.1455,.2526,.3711,.5581,.624,.6776
39,"iguazu_falls",.4,.7,.8,.8333,.875,.82,.04,.16,.36,.48,.6,.6,.0727,.2605,.4966,.6091,.7119,.693
40,"iolani_palace",1.0,1.0,1.0,.9667,.725,.68,.16,.16,.36,.56,.56,.64,.2759,.2759,.5294,.7092,.6319,.6594
41,"la_mezquita",.6,.8,.85,.9,.8,.66,.125,.2917,.4583,.5,.5833,.5833,.2069,.4275,.5955,.6429,.6747,.6193
42,"la_rambla_barcelona",.8,.9,.95,.9667,.9,.92,.12,.24,.36,.44,.52,.56,.2087,.3789,.5221,.6047,.6592,.6962
43,"la_sainte_chapelle",1.0,1.0,.9,.9333,.95,.96,.16,.28,.48,.6,.64,.64,.2759,.4375,.6261,.7304,.7648,.768
44,"liberty_memorial",.6,.7,.55,.4667,.55,.64,.04,.12,.24,.28,.44,.52,.075,.2049,.3342,.35,.4889,.5738
45,"lincoln_home",1.0,1.0,.9,.9333,.9,.92,.2778,.3333,.5,.6667,.7222,.8333,.4348,.5,.6429,.7778,.8014,.8745
46,"machu_picchu",1.0,1.0,.7,.6667,.675,.68,.16,.28,.4,.44,.48,.6,.2759,.4375,.5091,.5301,.561,.6375
47,"marble_arch_london",.8,.9,.7,.6333,.475,.4,.3333,.5,.5833,.75,.75,.75,.4706,.6429,.6364,.6867,.5816,.5217
48,"milan_cathedral",1.0,1.0,1.0,.9,.875,.88,.16,.32,.44,.52,.64,.68,.2759,.4848,.6111,.6592,.7393,.7672
49,"mole_antonelliana",1.0,1.0,.85,.9,.75,.7,.12,.2,.2,.36,.4,.48,.2143,.3333,.3238,.5143,.5217,.5695
50,"mont_saint_michel",1.0,1.0,1.0,1.0,.975,.98,.12,.2,.4,.44,.48,.6,.2143,.3333,.5714,.6111,.6433,.7443
51,"moulin_rouge",.0,.0,.0,.0,.0,.1,.0,.0,.0,.0,.0,.375,.0,.0,.0,.0,.0,.1579
52,"nelson_s_column",1.0,.9,.95,.9667,.975,.98,.0833,.1667,.3333,.5,.5417,.5833,.1538,.2812,.4935,.6591,.6964,.7313
53,"notre_dame_de_paris",.8,.7,.75,.8,.85,.88,.16,.28,.4,.48,.56,.68,.2667,.4,.5217,.6,.6752,.7672
54,"obelisco",.4,.2,.2,.1333,.1,.1,.0909,.0909,.1818,.1818,.1818,.2727,.1481,.125,.1905,.1538,.129,.1463
55,"piccadilly_circus",1.0,.9,.9,.8,.75,.76,.1304,.1739,.4348,.4783,.4783,.6087,.2308,.2915,.5863,.5986,.5841,.676
56,"place_de_la_concorde",1.0,.9,.95,.9667,.975,.98,.16,.24,.36,.44,.56,.64,.2759,.3789,.5221,.6047,.7114,.7743
57,"place_de_la_republique",.2,.4,.35,.3333,.25,.2,.125,.375,.625,.75,.75,.75,.1538,.3871,.4487,.4615,.375,.3158
58,"place_des_vosges",.8,.7,.65,.7667,.825,.86,.08,.12,.2,.4,.52,.68,.1455,.2049,.3059,.5257,.6379,.7595
59,"pont_du_gard",.8,.8,.9,.9,.925,.78,.12,.16,.36,.44,.6,.6,.2087,.2667,.5143,.591,.7279,.6783
60,"pont_neuf",1.0,1.0,.9,.8667,.875,.74,.12,.24,.4,.56,.64,.64,.2143,.3871,.5538,.6804,.7393,.6864
61,"ponte_vecchio",1.0,.9,.95,.9,.925,.86,.125,.1667,.3333,.4583,.5417,.5833,.2222,.2812,.4935,.6074,.6832,.6952
62,"puerta_de_alcala",.2,.2,.35,.4667,.55,.6,.0526,.1053,.3158,.3158,.4737,.6316,.0833,.1379,.332,.3767,.509,.6154
63,"puerta_del_sol",.6,.6,.6,.6333,.475,.4,.1,.2,.3,.4,.4,.4,.1714,.3,.4,.4903,.4343,.4
64,"red_fort",1.0,1.0,1.0,1.0,1.0,1.0,.16,.32,.4,.6,.72,.76,.2759,.4848,.5714,.75,.8372,.8636
65,"reims_cathedral",1.0,1.0,1.0,1.0,1.0,1.0,.16,.2,.4,.48,.52,.56,.2759,.3333,.5714,.6486,.6842,.7179
66,"rialto_bridge",1.0,1.0,1.0,.7667,.75,.72,.1875,.3125,.5,.5,.75,.75,.3158,.4762,.6667,.6053,.75,.7347
67,"roman_forum_rome",.6,.7,.8,.8,.675,.72,.12,.16,.4,.48,.48,.6,.2,.2605,.5333,.6,.561,.6545
68,"sacre_coeur",.4,.2,.5,.5333,.575,.58,.0833,.0833,.1667,.2917,.375,.4167,.1379,.1176,.25,.3771,.4539,.4849
69,"sagrada_familia",.8,.9,.95,.9333,.95,.94,.12,.24,.4,.48,.56,.6,.2087,.3789,.563,.634,.7046,.7325
70,"santa_maria_novella",.8,.7,.6,.5,.55,.6,.12,.24,.32,.4,.52,.56,.2087,.3574,.4174,.4444,.5346,.5793
71,"schonbrunn_palace",1.0,1.0,1.0,.9667,.975,.98,.12,.24,.48,.48,.52,.56,.2143,.3871,.6486,.6415,.6783,.7127
72,"seville_cathedral",.6,.7,.8,.8667,.875,.9,.12,.24,.4,.48,.56,.64,.2,.3574,.5333,.6178,.6829,.7481
73,"spanish_steps",1.0,.9,.8,.7,.725,.7,.1818,.2273,.3182,.4091,.6364,.6818,.3077,.3629,.4553,.5164,.6778,.6908
74,"st__basil_cathedral",1.0,1.0,1.0,.8667,.875,.86,.16,.32,.48,.52,.52,.52,.2759,.4848,.6486,.65,.6523,.6481
75,"statue_of_liberty",1.0,1.0,.95,.9,.8,.8,.12,.16,.32,.44,.48,.56,.2143,.2759,.4787,.591,.6,.6588
76,"stonehenge",1.0,.7,.7,.7333,.6,.52,.1579,.2105,.3158,.5263,.5263,.5789,.2727,.3237,.4352,.6128,.5607,.5479
77,"summer_palace_beijing",1.0,1.0,1.0,.9667,.975,.98,.16,.28,.4,.44,.56,.64,.2759,.4375,.5714,.6047,.7114,.7743
78,"sydney_opera_house",1.0,1.0,.95,.9667,.975,.9,.16,.28,.4,.44,.48,.56,.2759,.4375,.563,.6047,.6433,.6904
79,"teotihuacan",.8,.7,.65,.5667,.6,.6,.16,.2,.4,.44,.52,.64,.2667,.3111,.4952,.4954,.5571,.6194
80,"terracotta_army",.8,.9,.8,.5333,.4,.38,.2,.4,.5,.5,.5,.5,.32,.5538,.6154,.5161,.4444,.4318
81,"the_blue_mosque",.6,.8,.85,.8667,.9,.9,.08,.16,.28,.4,.52,.6,.1412,.2667,.4212,.5474,.6592,.72
82,"the_henry_ford",1.0,1.0,.95,.7333,.625,.68,.12,.28,.36,.36,.48,.56,.2143,.4375,.5221,.4829,.543,.6142
83,"taj_mahal",1.0,.9,.8,.8667,.9,.9,.2,.24,.44,.48,.48,.68,.3333,.3789,.5677,.6178,.6261,.7747
84,"tour_montparnasse",.8,.7,.7,.7,.6,.48,.15,.2,.35,.55,.55,.55,.2526,.3111,.4667,.616,.5739,.5126
85,"tower_bridge_london",1.0,1.0,.75,.6333,.65,.62,.16,.2,.36,.44,.52,.52,.2759,.3333,.4865,.5193,.5778,.5656
86,"trafalgar_square",.4,.4,.35,.4333,.4,.4,.0909,.1818,.2273,.2727,.3182,.4545,.1481,.25,.2756,.3348,.3544,.4255
87,"leaning_tower_of_pisa",.6,.5,.45,.4667,.425,.46,.12,.16,.24,.36,.4,.44,.2,.2424,.313,.4065,.4121,.4498
88,"hermitage_museum_saint_petersburg",1.0,1.0,.95,.9,.8,.72,.12,.2,.36,.48,.48,.48,.2143,.3333,.5221,.6261,.6,.576
89,"jantar_mantar_jaipur",.6,.8,.75,.8333,.875,.88,.08,.28,.48,.56,.64,.76,.1412,.4148,.5854,.6699,.7393,.8156
90,"lake_titicaca_peru",.6,.5,.55,.5333,.6,.54,.0833,.125,.3333,.5,.5833,.625,.1463,.2,.4151,.5161,.5915,.5794
91,"the_great_wall_of_china",.8,.9,.75,.8333,.85,.88,.12,.2,.36,.44,.52,.6,.2087,.3273,.4865,.5759,.6453,.7135
92,"grande_arche_paris",.6,.6,.6,.5667,.575,.66,.08,.16,.24,.32,.32,.4,.1412,.2526,.3429,.409,.4112,.4981
93,"el_angel_mexico",.8,.7,.65,.6,.6,.56,.1429,.2857,.3333,.4286,.619,.6667,.2424,.4058,.4407,.5,.6094,.6087
94,"bibliotheque_nationale_de_france",.4,.7,.75,.8,.8,.78,.08,.2,.32,.36,.48,.56,.1333,.3111,.4486,.4966,.6,.6519
95,"kronborg_castle",.6,.5,.7,.7333,.65,.64,.125,.2083,.375,.5417,.5417,.5833,.2069,.2941,.4884,.6231,.5909,.6104
96,"ajanta_caves",.8,.7,.8,.8667,.9,.92,.1364,.2273,.4091,.5,.5909,.6364,.233,.3431,.5414,.6341,.7134,.7523
97,"atomium",.8,.9,.95,.9667,.975,.96,.1429,.381,.381,.4286,.4286,.4286,.2424,.5353,.5438,.5939,.5954,.5926
98,"ellora_caves",1.0,1.0,1.0,.9667,.95,.94,.1818,.2273,.3182,.4091,.5455,.5909,.3077,.3704,.4828,.5749,.693,.7257
99,"potala_palace",.8,.8,.9,.9,.9,.86,.1667,.3333,.3333,.3889,.5,.5556,.2759,.4706,.4865,.5431,.6429,.675
100,"jokhang",.8,.7,.75,.8333,.825,.84,.12,.16,.32,.52,.56,.68,.2087,.2605,.4486,.6404,.6671,.7516
101,"rila_monastery",.4,.7,.75,.8333,.875,.9,.08,.2,.28,.4,.48,.48,.1333,.3111,.4078,.5405,.6199,.6261
102,"louvre_pyramid",1.0,1.0,1.0,.9333,.925,.94,.1667,.2222,.4444,.4444,.5556,.6111,.2857,.3636,.6154,.6022,.6942,.7407
103,"brooklyn_bridge",1.0,.9,.95,.8667,.825,.86,.0476,.1905,.3333,.381,.4762,.5238,.0909,.3144,.4935,.5293,.6038,.6511
104,"tower_of_london",.6,.7,.8,.8,.75,.76,.0435,.087,.3478,.3478,.3913,.5217,.0811,.1547,.4848,.4848,.5143,.6187
105,"british_museum_london",1.0,1.0,1.0,1.0,1.0,.96,.15,.2,.3,.45,.55,.55,.2609,.3333,.4615,.6207,.7097,.6993
106,"buckingham_palace",.2,.4,.65,.4333,.425,.4,.05,.2,.25,.25,.25,.3,.08,.2667,.3611,.3171,.3148,.3429
107,"charles_bridge_prague",1.0,.9,.7,.7,.65,.58,.1667,.2083,.2083,.2917,.375,.375,.2857,.3383,.3211,.4118,.4756,.4555
108,"champs_elysees_paris",.6,.7,.45,.5333,.525,.52,.2,.2667,.2667,.3333,.4667,.6,.3,.3862,.3349,.4103,.4941,.5571
109,"chrysler_building",1.0,1.0,1.0,1.0,1.0,1.0,.1429,.2857,.5,.5714,.7143,.9286,.25,.4444,.6667,.7273,.8333,.963
110,"moma_new_york",.6,.7,.85,.9,.925,.9,.1053,.1579,.2632,.4211,.5789,.5789,.1791,.2577,.4019,.5737,.7122,.7046
111,"grand_central_terminal",1.0,1.0,.9,.8667,.825,.84,.0952,.1905,.3333,.381,.4286,.4286,.1739,.32,.4865,.5293,.5641,.5676
112,"houses_of_parliament",1.0,1.0,1.0,1.0,1.0,1.0,.1304,.2174,.2609,.3478,.3913,.4348,.2308,.3571,.4138,.5161,.5625,.6061
113,"alexanderplatz_berlin",.0,.0,.35,.5667,.6,.6,.0,.0,.16,.36,.4,.44,.0,.0,.2196,.4403,.48,.5077
114,"centre_pompidou",.8,.8,.65,.7667,.625,.62,.2222,.2778,.4444,.5,.5,.5,.3478,.4124,.5279,.6053,.5556,.5536
115,"sydney_harbour_bridge",1.0,1.0,1.0,1.0,1.0,1.0,.25,.25,.4375,.5625,.5625,.5625,.4,.4,.6087,.72,.72,.72
116,"pier_39",1.0,1.0,.95,.9667,.975,.9,.2381,.2857,.381,.5238,.619,.6667,.3846,.4444,.5438,.6794,.7573,.766
117,"coit_tower",.8,.6,.65,.5,.5,.54,.2,.2667,.3333,.3333,.4,.4667,.32,.3692,.4407,.4,.4444,.5007
118,"st_paul_s_cathedral_london",1.0,.9,.9,.9,.875,.86,.2353,.3529,.4118,.5294,.6471,.7647,.381,.507,.565,.6667,.744,.8096
119,"cloud_gate",.4,.7,.85,.6,.475,.58,.1667,.25,.3333,.3333,.3333,.5,.2353,.3684,.4789,.4286,.3918,.537
120,"musee_d_orsay",1.0,1.0,.85,.8667,.9,.92,.0952,.1429,.3333,.5238,.5714,.6667,.1739,.25,.4789,.653,.699,.7731
121,"pike_place_market",1.0,1.0,.9,.8667,.9,.82,.1905,.2857,.4762,.4762,.5238,.5238,.32,.4444,.6228,.6147,.6622,.6393
122,"royal_palace_madrid",.6,.8,.9,.8667,.775,.78,.1364,.2273,.4091,.4091,.4545,.5455,.2222,.354,.5625,.5558,.573,.642
123,"sony_center_berlin",.8,.9,.95,.9667,.925,.94,.1429,.1429,.381,.4762,.5238,.5238,.2424,.2466,.5438,.6381,.6689,.6727
124,"red_square_moscow",.8,.8,.7,.6333,.675,.7,.1429,.1905,.3333,.381,.4762,.619,.2424,.3077,.4516,.4757,.5584,.657
125,"prague_castle",1.0,1.0,.85,.9,.925,.9,.12,.28,.44,.56,.68,.76,.2143,.4375,.5798,.6904,.7838,.8241
126,"musee_du_louvre",1.0,.9,.95,.9667,.975,.98,.12,.24,.32,.48,.56,.68,.2143,.3789,.4787,.6415,.7114,.8029
127,"millennium_bridge_london",1.0,1.0,.8,.8,.775,.82,.2,.36,.48,.48,.52,.56,.3333,.5294,.6,.6,.6224,.6655
128,"casa_mila",1.0,1.0,1.0,1.0,.95,.9,.2,.32,.36,.52,.6,.68,.3333,.4848,.5294,.6842,.7355,.7747
129,"national_gallery_london",1.0,1.0,.85,.5667,.625,.68,.1818,.2727,.4091,.4091,.5,.6364,.3077,.4286,.5523,.4752,.5556,.6575
130,"national_mall",1.0,1.0,1.0,1.0,.925,.92,.2,.28,.44,.6,.6,.68,.3333,.4375,.6111,.75,.7279,.782
131,"london_city_hall",1.0,1.0,1.0,.9667,.925,.92,.2,.4,.5,.5,.55,.6,.3333,.5714,.6667,.6591,.6898,.7263
132,"holocaust_memorial",.8,.9,.8,.7,.7,.7,.125,.3125,.4375,.5,.5625,.625,.2162,.4639,.5657,.5833,.6238,.6604
133,"columbus_circle",.4,.3,.55,.6333,.675,.56,.08,.12,.32,.52,.64,.68,.1333,.1714,.4046,.5711,.657,.6142
134,"siegessaeule",1.0,1.0,1.0,1.0,.775,.68,.16,.2,.48,.64,.68,.72,.2759,.3333,.6486,.7805,.7244,.6994
135,"jardin_du_luxembourg",1.0,1.0,1.0,1.0,1.0,1.0,.12,.28,.44,.56,.68,.8,.2143,.4375,.6111,.7179,.8095,.8889
136,"merlion_singapore",.0,.0,.2,.2,.25,.3,.0,.0,.1818,.2727,.4545,.5,.0,.0,.1905,.2308,.3226,.375
137,"harrods_london",1.0,1.0,1.0,.8667,.775,.78,.16,.24,.44,.56,.6,.64,.2759,.3871,.6111,.6804,.6764,.7031
138,"metropolitan_museum_of_art_new_york",1.0,1.0,1.0,.9667,.925,.94,.2,.32,.48,.56,.56,.6,.3333,.4848,.6486,.7092,.6976,.7325
139,"new_york_stock_exchange",.8,.9,.9,.9333,.775,.66,.2,.25,.4,.4,.45,.5,.32,.3913,.5538,.56,.5694,.569
140,"stephansdom_vienna",1.0,1.0,.95,.9667,.975,.98,.12,.32,.52,.56,.64,.68,.2143,.4848,.6721,.7092,.7728,.8029
141,"hms_belfast",1.0,1.0,1.0,1.0,1.0,.96,.12,.16,.32,.44,.52,.56,.2143,.2759,.4848,.6111,.6842,.7074
142,"leicester_square",1.0,1.0,.9,.8,.8,.8,.12,.16,.24,.32,.44,.48,.2143,.2759,.3789,.4571,.5677,.6
143,"ciudad_de_las_artes_y_las_ciencias",1.0,1.0,.95,.9333,.95,.94,.2,.32,.4,.52,.64,.64,.3333,.4848,.563,.6679,.7648,.7615
144,"topkapi_palace",1.0,1.0,.95,.9667,.975,.96,.2,.28,.44,.48,.56,.64,.3333,.4375,.6014,.6415,.7114,.768
145,"royal_albert_hall",1.0,.7,.65,.7333,.625,.7,.2,.2,.28,.44,.48,.48,.3333,.3111,.3914,.55,.543,.5695
146,"st_vitus_cathedral",.8,.9,.95,.9667,.975,.96,.16,.28,.32,.52,.52,.6,.2667,.4271,.4787,.6762,.6783,.7385
147,"castello_sforzesco",.8,.9,.95,.8667,.9,.9,.12,.24,.4,.4,.48,.52,.2087,.3789,.563,.5474,.6261,.6592
148,"rijksmuseum_amsterdam",1.0,1.0,1.0,1.0,1.0,1.0,.12,.12,.16,.36,.44,.6,.2143,.2143,.2759,.5294,.6111,.75
149,"dam_square",.8,.8,.8,.8333,.75,.7,.12,.2,.28,.36,.36,.44,.2087,.32,.4148,.5028,.4865,.5404
150,"rathaus_vienna",1.0,.8,.9,.9333,.825,.74,.16,.24,.36,.52,.52,.52,.2759,.3692,.5143,.6679,.6379,.6108
151,"bath_abbey",1.0,1.0,1.0,.9667,.975,.98,.2,.32,.4,.52,.56,.64,.3333,.4848,.5714,.6762,.7114,.7743
152,"salisbury_cathedral",1.0,1.0,1.0,1.0,1.0,1.0,.16,.2,.28,.28,.48,.52,.2759,.3333,.4375,.4375,.6486,.6842
153,"templo_de_debod",.0,.3,.35,.2333,.325,.46,.0,.0909,.1818,.1818,.3182,.3182,.0,.1395,.2393,.2044,.3216,.3762
154,"Niagara_Falls",.6,.7,.55,.6,.625,.56,.1364,.2273,.2727,.3636,.4091,.4545,.2222,.3431,.3646,.4528,.4945,.5018
155,"Golden_Gate_Bridge_in_San_Francisco",1.0,.9,.9,.9,.925,.94,.1364,.2273,.3636,.4545,.6364,.6364,.24,.3629,.518,.604,.754,.7589
156,"Neuschwanstein_Castle",1.0,1.0,1.0,1.0,.975,.98,.12,.24,.44,.6,.68,.68,.2143,.3871,.6111,.75,.8012,.8029
157,"Christ_Church_Cathedral_Missouri",1.0,1.0,1.0,1.0,1.0,1.0,.16,.32,.52,.56,.56,.6,.2759,.4848,.6842,.7179,.7179,.75
158,"Mount_Rushmore_in_South_Dakota",.8,.7,.75,.8333,.875,.9,.08,.16,.32,.4,.48,.6,.1455,.2605,.4486,.5405,.6199,.72
159,"Puerta_de_Toledo",.4,.3,.15,.1,.075,.06,1.0,1.0,1.0,1.0,1.0,1.0,.5714,.4615,.2609,.1818,.1395,.1132
160,"Urquhart_Castle",1.0,.9,.9,.7667,.8,.82,.2083,.2917,.4167,.4583,.625,.7083,.3448,.4406,.5696,.5737,.7018,.7601
161,"Gare_du_Nord_Paris",.8,.7,.6,.6667,.75,.8,.12,.24,.32,.36,.36,.36,.2087,.3574,.4174,.4675,.4865,.4966
162,"Newgrange_in_Ireland",.8,.8,.75,.6667,.7,.66,.125,.25,.375,.4167,.4583,.5,.2162,.381,.5,.5128,.554,.569
163,"Windmills_at_Kinderdijk",1.0,1.0,.95,.8333,.85,.84,.16,.24,.36,.4,.52,.56,.2759,.3871,.5221,.5405,.6453,.672
164,"Conciergerie",.8,.9,.95,.9667,.975,.98,.16,.28,.36,.56,.64,.68,.2667,.4271,.5221,.7092,.7728,.8029
165,"Palazzo_Madama",1.0,.9,.85,.8333,.8,.74,.2273,.4091,.5909,.6818,.6818,.7273,.3704,.5625,.6972,.75,.7362,.7336
166,"Split_Rock_Lighthouse",1.0,1.0,1.0,.9667,.9,.88,.12,.2,.2,.24,.36,.4,.2143,.3333,.3333,.3845,.5143,.55
167,"The_Little_Mermaid_Denmark",1.0,1.0,.95,.9333,.95,.92,.2857,.2857,.5,.7143,.8571,.9286,.4444,.4444,.6552,.8092,.9012,.9243
168,"Great_Pyramid_of_Giza",.6,.6,.65,.5667,.65,.66,.2,.2667,.5333,.6,.7333,.7333,.3,.3692,.5859,.5829,.6892,.6947
169,"Pitti_Palace",.8,.9,.85,.9,.9,.84,.1364,.2273,.4545,.5455,.5455,.5455,.233,.3629,.5923,.6792,.6792,.6614
170,"Georgia_State_Capitol",1.0,.9,.9,.6,.475,.38,.1579,.2105,.2632,.2632,.2632,.2632,.2727,.3412,.4072,.3659,.3387,.311
171,"Dome_des_Invalides",.8,.9,.95,.9333,.95,.96,.08,.28,.44,.48,.52,.52,.1455,.4271,.6014,.634,.6721,.6746
172,"Reggia_di_Caserta",1.0,.7,.55,.6,.475,.52,.16,.24,.36,.48,.52,.52,.2759,.3574,.4352,.5333,.4965,.52
173,"The_Burj_al_Arab_Hotel",.8,.7,.75,.8333,.875,.82,.12,.2,.4,.44,.48,.48,.2087,.3111,.5217,.5759,.6199,.6055
174,"Elephanta_Caves",1.0,1.0,1.0,.9667,.975,.98,.125,.25,.4583,.4583,.625,.7083,.2222,.4,.6286,.6218,.7617,.8223
175,"Basilica_of_Santa_Croce",1.0,1.0,1.0,1.0,1.0,1.0,.12,.16,.2,.52,.64,.64,.2143,.2759,.3333,.6842,.7805,.7805
176,"Aachen_Cathedral",1.0,1.0,.95,.8667,.9,.92,.2,.24,.36,.44,.56,.56,.3333,.3871,.5221,.5837,.6904,.6962
177,"Monument_to_the_Great_Fire_of_London",1.0,.7,.6,.5,.425,.48,.2,.2,.28,.36,.4,.52,.3333,.3111,.3818,.4186,.4121,.4992
178,"Longmen_Grottoes",.8,.6,.65,.5333,.525,.52,.12,.2,.44,.48,.56,.64,.2087,.3,.5248,.5053,.5419,.5738
179,"Louisiana_State_Capitol",.4,.3,.25,.2,.25,.22,.08,.12,.16,.2,.28,.28,.1333,.1714,.1951,.2,.2642,.2464
180,"The_Great_Sphinx_at_Giza",1.0,1.0,.85,.8667,.85,.88,.12,.2,.28,.36,.56,.64,.2143,.3333,.4212,.5087,.6752,.7411
181,"Teatro_Real_Madrid",1.0,1.0,1.0,1.0,.825,.68,.1739,.3478,.5652,.7391,.7826,.7826,.2963,.5161,.7222,.85,.8032,.7277
182,"Palacio_de_la_Magdalena",.6,.7,.8,.8333,.85,.82,.12,.24,.4,.48,.64,.68,.2,.3574,.5333,.6091,.7302,.7435
183,"Sowjetisches_Ehrenmal",.6,.3,.55,.6333,.65,.72,.12,.12,.32,.44,.6,.68,.2,.1714,.4046,.5193,.624,.6994
184,"Cathedral_of_Trier",1.0,1.0,1.0,1.0,1.0,.94,.2,.36,.48,.6,.72,.8,.3333,.5294,.6486,.75,.8372,.8644
185,"Saint_Mary_of_the_Flower",.2,.1,.1,.1333,.125,.1,.04,.04,.08,.12,.16,.16,.0667,.0571,.0889,.1263,.1404,.1231
186,"Skellig_Michael",1.0,.9,.8,.7,.725,.66,.2,.32,.48,.6,.6,.6,.3333,.4721,.6,.6462,.6566,.6286
187,"Chicago_Board_of_Trade_Building",1.0,.9,.95,.9667,.925,.9,.1818,.3182,.4545,.6364,.6818,.7727,.3077,.4701,.6149,.7675,.785,.8315
188,"Pont_de_Normandie_France",1.0,1.0,1.0,.9667,.975,.98,.1579,.3684,.5789,.6842,.7895,.8421,.2727,.5385,.7333,.8013,.8725,.9058
189,"Palazzo_Rosso",.0,.0,.0,.0,.075,.08,.0,.0,.0,.0,.0833,.125,.0,.0,.0,.0,.0789,.0976
190,"Piazza_Vittorio_Veneto",1.0,1.0,.75,.5333,.425,.38,.1875,.375,.4375,.5,.5,.5625,.3158,.5455,.5526,.5161,.4595,.4536
191,"Sforza_Castle",1.0,1.0,.95,.9333,.95,.96,.16,.32,.44,.56,.68,.72,.2759,.4848,.6014,.7,.7926,.8229
192,"Torres_KIO",1.0,1.0,.9,.8667,.9,.9,.16,.32,.48,.52,.56,.64,.2759,.4848,.6261,.65,.6904,.7481
193,"Torre_Picasso",1.0,1.0,1.0,.9667,.775,.66,.1667,.2917,.5,.5833,.6667,.6667,.2857,.4516,.6667,.7276,.7168,.6633
194,"The_Palace_of_Parliament_in_Bucharest",1.0,1.0,.85,.9,.925,.92,.2,.36,.44,.44,.44,.6,.3333,.5294,.5798,.591,.5963,.7263
195,"Ernest_Hemingway_House",.8,.9,.85,.9,.825,.76,.16,.28,.44,.56,.6,.64,.2667,.4271,.5798,.6904,.6947,.6949
196,"Castel_dellOvo_Napoli",.8,.8,.85,.8667,.875,.9,.16,.28,.4,.52,.6,.72,.2667,.4148,.544,.65,.7119,.8
197,"Villa_Borghese_gardens",1.0,1.0,1.0,1.0,1.0,1.0,.16,.28,.48,.68,.72,.84,.2759,.4375,.6486,.8095,.8372,.913
198,"Saint_Marks_Basilica",1.0,1.0,1.0,1.0,1.0,1.0,.2,.28,.48,.48,.48,.48,.3333,.4375,.6486,.6486,.6486,.6486
199,"Mausoleum_of_the_First_Qin_Emperor",.8,.9,.95,.8667,.75,.8,.16,.32,.4,.48,.52,.52,.2667,.4721,.563,.6178,.6142,.6303
200,"Mausoleum_of_Hadrian",1.0,1.0,.8,.7667,.8,.82,.1111,.2222,.4444,.4444,.5,.6111,.2,.3636,.5714,.5627,.6154,.7003
201,"Piazza_de_Ferrari",1.0,1.0,1.0,.9667,.95,.94,.1579,.2632,.3684,.4737,.5263,.5263,.2727,.4167,.5385,.6358,.6774,.6748
202,"George_Washington_Carver",.2,.6,.75,.8,.7,.7,.0625,.1875,.375,.5,.5625,.625,.0952,.2857,.5,.6154,.6238,.6604
203,"Cathedral_of_Santiago_de_Compostela",.8,.8,.9,.9,.85,.84,.1176,.2941,.4706,.6471,.8235,.8235,.2051,.4301,.618,.7529,.8366,.8317
204,"Saint-Jacques_Tower",.8,.9,.85,.8333,.8,.74,.3077,.3846,.3846,.3846,.4615,.5385,.4444,.5389,.5296,.5263,.5854,.6233
205,"Calakmul_Campeche_Mexico",1.0,.8,.85,.8667,.85,.86,.2143,.2857,.3571,.5,.7143,.7143,.3529,.4211,.503,.6341,.7763,.7804
206,"Bran_Castle_in_Transylvania",1.0,.9,.85,.9,.9,.9,.1579,.2632,.3158,.3684,.4737,.6842,.2727,.4072,.4605,.5228,.6207,.7774
207,"Mosteiro_da_Batalha",1.0,1.0,1.0,1.0,1.0,1.0,.2632,.3158,.4737,.5789,.7368,.7368,.4167,.48,.6429,.7333,.8485,.8485
208,"Wartburg_Castle",1.0,1.0,.95,.9333,.9,.92,.15,.3,.5,.6,.65,.75,.2609,.4615,.6552,.7304,.7548,.8263
209,"Fujian_Tulou_Fujian_China",.8,.9,.95,.9667,.975,.96,.1111,.3333,.3889,.6111,.6667,.7778,.1951,.4865,.5519,.7488,.7919,.8593
210,"Alabama_State_Capitol",.4,.4,.55,.7,.775,.76,.0952,.1905,.4286,.5714,.8095,.8095,.1538,.2581,.4818,.6292,.7919,.784
211,"Palazzo_dAccursio",1.0,.7,.6,.7,.725,.76,.2222,.2222,.2778,.3333,.3333,.5556,.3636,.3373,.3797,.4516,.4567,.6419
212,"Casa_Grande_Ruins",.8,.9,.8,.8,.825,.84,.2353,.2941,.3529,.4118,.4706,.4706,.3636,.4433,.4898,.5437,.5993,.6032
213,"Stravinsky_Fountain",1.0,1.0,1.0,1.0,1.0,.96,.2,.2667,.4667,.5333,.6,.6,.3333,.4211,.6364,.6957,.75,.7385
214,"Angel_Falls_Venezuela",.8,.8,.6,.5667,.525,.56,.1765,.3529,.4118,.5882,.5882,.6471,.2892,.4898,.4884,.5772,.5548,.6004
215,"Statue_of_George_IV",.8,.8,.5,.5,.5,.44,.5,.5,.5,.5,.75,.875,.6154,.6154,.5,.5,.6,.5856
216,"Palacio_Barolo",1.0,.8,.8,.8667,.9,.92,.2353,.2941,.4706,.5294,.6471,.6471,.381,.4301,.5926,.6573,.7529,.7598
217,"Bridge_of_Remembrance_Christchurch_New_Zealand",1.0,1.0,1.0,1.0,.925,.8,.3333,.3333,.75,.9167,1.0,1.0,.5,.5,.8571,.9565,.961,.8889
218,"John_A._Roebling_Suspension_Bridge",.0,.3,.35,.4,.375,.42,.0,.2,.3333,.6,.6667,.7333,.0,.24,.3415,.48,.48,.5341
219,"Blue_Dome_Santorini",1.0,.9,.9,.9333,.95,.96,.3125,.375,.5,.5625,.6875,.75,.4762,.5294,.6429,.7019,.7977,.8421
220,"Fossar_de_les_Moreres",.8,.9,.75,.7,.525,.48,.1429,.2857,.5714,.7143,.7143,.7143,.2424,.4337,.6486,.7071,.6052,.5742
221,"Luxor_Obelisk_France",1.0,.9,.8,.7667,.725,.68,.1875,.25,.3125,.375,.375,.4375,.3158,.3913,.4494,.5036,.4943,.5324
222,"Valle_de_los_Caidos",1.0,1.0,.85,.9,.9,.88,.25,.4,.45,.6,.65,.65,.4,.5714,.5885,.72,.7548,.7477
--------------------
"--","Avg.",P@5,P@10,P@20,P@30,P@40,P@50,CR@5,CR@10,CR@20,CR@30,CR@40,CR@50,F1@5,F1@10,F1@20,F1@30,F1@40,F1@50
,.,8171,.8126,.8,.7877,.7748,.7679,.1498,.2402,.373,.4659,.5415,.6006,.2455,.3618,.4974,.5733,.6238,.6586
