--------------------
"Run name","output_runJCDSumSquaredError"
--------------------
"Average P@20 = ",.8095
"Average CR@20 = ",.3726
"Average F1@20 = ",.4976
--------------------
"Query Id ","Location name",P@5,P@10,P@20,P@30,P@40,P@50,CR@5,CR@10,CR@20,CR@30,CR@40,CR@50,F1@5,F1@10,F1@20,F1@30,F1@40,F1@50
1,"angel_of_the_north",1.0,1.0,1.0,1.0,1.0,1.0,.2,.28,.36,.52,.64,.72,.3333,.4375,.5294,.6842,.7805,.8372
2,"big_ben",1.0,1.0,.95,.9333,.925,.9,.2273,.3182,.3182,.4545,.5455,.5455,.3704,.4828,.4767,.6114,.6862,.6792
3,"hearst_castle",1.0,1.0,.9,.9333,.95,.92,.1667,.3333,.5417,.625,.7083,.8333,.2857,.5,.6763,.7487,.8116,.8745
4,"la_madeleine",.0,.0,.2,.4,.45,.48,.0,.0,.1429,.5,.5714,.8571,.0,.0,.1667,.4444,.5035,.6154
5,"pont_alexandre_iii",1.0,1.0,.95,.9667,.975,.98,.2,.32,.32,.36,.48,.68,.3333,.4848,.4787,.5246,.6433,.8029
6,"neues_museum",.0,.0,.0,.1,.275,.4,.0,.0,.0,.12,.28,.48,.0,.0,.0,.1091,.2775,.4364
7,"montezuma_castle",1.0,.9,.65,.4333,.475,.56,.3333,.5,.5,.5,.5833,.75,.5,.6429,.5652,.4643,.5236,.6412
8,"cn_tower",.6,.5,.55,.6333,.7,.74,.125,.1667,.2917,.375,.5833,.625,.2069,.25,.3812,.4711,.6364,.6777
9,"acropolis_athens",.6,.7,.8,.8667,.85,.88,.0952,.2381,.4286,.4762,.5238,.5238,.1644,.3553,.5581,.6147,.6482,.6567
10,"agra_fort",.8,.8,.85,.8333,.85,.88,.16,.28,.4,.56,.64,.68,.2667,.4148,.544,.6699,.7302,.7672
11,"albert_memorial",.6,.8,.9,.6333,.675,.72,.0909,.1364,.2273,.2727,.4091,.4545,.1579,.233,.3629,.3813,.5094,.5573
12,"altes_museum",1.0,1.0,.85,.6667,.5,.48,.1667,.25,.4167,.5,.5,.5833,.2857,.4,.5592,.5714,.5,.5266
13,"amiens_cathedral",1.0,1.0,1.0,.9667,.975,.96,.16,.32,.48,.64,.68,.76,.2759,.4848,.6486,.7701,.8012,.8484
14,"angkor_wat",1.0,.9,.65,.6,.675,.74,.12,.2,.32,.4,.56,.56,.2143,.3273,.4289,.48,.6121,.6375
15,"ara_pacis",1.0,.9,.8,.7,.575,.6,.2273,.3636,.5455,.5909,.5909,.5909,.3704,.518,.6486,.6408,.5828,.5954
16,"arc_de_triomphe",1.0,1.0,.95,.9,.8,.78,.125,.1667,.375,.4583,.5833,.6667,.2222,.2857,.5377,.6074,.6747,.7189
17,"aztec_ruins",.0,.0,.0,.1,.325,.26,.0,.0,.0,.08,.32,.32,.0,.0,.0,.0889,.3225,.2869
18,"berlin_cathedral",1.0,1.0,.95,.9667,.975,.98,.2,.32,.44,.52,.6,.64,.3333,.4848,.6014,.6762,.7429,.7743
19,"bok_tower_gardens",1.0,.9,.75,.8,.825,.86,.2,.32,.52,.64,.72,.76,.3333,.4721,.6142,.7111,.7689,.8069
20,"brandenburg_gate",1.0,1.0,1.0,1.0,.975,.98,.12,.24,.28,.44,.44,.52,.2143,.3871,.4375,.6111,.6064,.6795
21,"cabrillo",.0,.2,.25,.1667,.125,.14,.0,.1538,.3077,.3077,.3077,.4615,.0,.1739,.2759,.2162,.1778,.2148
22,"casa_batllo",1.0,1.0,1.0,1.0,1.0,1.0,.16,.24,.36,.56,.72,.8,.2759,.3871,.5294,.7179,.8372,.8889
23,"casa_rosada",.6,.7,.85,.9,.925,.94,.08,.12,.28,.48,.6,.68,.1412,.2049,.4212,.6261,.7279,.7891
24,"castillo_de_san_marcos",1.0,.9,.55,.5667,.625,.62,.16,.24,.28,.36,.44,.56,.2759,.3789,.3711,.4403,.5164,.5885
25,"chartres_cathedral",1.0,1.0,1.0,.9667,.975,.94,.12,.2,.44,.68,.72,.76,.2143,.3333,.6111,.7984,.8283,.8405
26,"chichen_itza",1.0,.8,.75,.8,.8,.82,.16,.16,.28,.36,.48,.56,.2759,.2667,.4078,.4966,.6,.6655
27,"christ_the_redeemer_rio",.4,.6,.7,.5667,.525,.52,.0435,.1739,.2609,.3043,.3913,.5217,.0784,.2697,.3801,.396,.4484,.5209
28,"civic_center_san_francisco",.8,.8,.8,.8333,.85,.82,.16,.28,.44,.6,.6,.6,.2667,.4148,.5677,.6977,.7034,.693
29,"cologne_cathedral",1.0,1.0,1.0,.9667,.975,.96,.12,.24,.4,.44,.52,.6,.2143,.3871,.5714,.6047,.6783,.7385
30,"colosseum",1.0,1.0,1.0,1.0,1.0,.98,.12,.16,.4,.48,.6,.6,.2143,.2759,.5714,.6486,.75,.7443
31,"doge_s_palace",1.0,1.0,.9,.8667,.8,.78,.12,.2,.36,.4,.48,.52,.2143,.3333,.5143,.5474,.6,.624
32,"eiffel_tower",1.0,1.0,1.0,1.0,.975,.94,.12,.2,.36,.4,.52,.52,.2143,.3333,.5294,.5714,.6783,.6696
33,"golden_gate_bridge",.8,.9,.85,.7667,.775,.8,.1739,.3043,.4348,.4783,.5652,.6087,.2857,.4549,.5753,.5891,.6537,.6914
34,"grand_palais",1.0,.9,.9,.9,.9,.92,.0455,.1818,.3636,.4545,.5,.5455,.087,.3025,.518,.604,.6429,.6849
35,"guggenheim_museum_bilbao",1.0,1.0,1.0,1.0,.95,.96,.12,.24,.36,.44,.56,.6,.2143,.3871,.5294,.6111,.7046,.7385
36,"hagia_sophia_istanbul",1.0,1.0,1.0,1.0,1.0,.98,.12,.2,.36,.48,.56,.6,.2143,.3333,.5294,.6486,.7179,.7443
37,"hoover_dam",1.0,1.0,.95,.9667,.925,.92,.16,.24,.36,.48,.48,.56,.2759,.3871,.5221,.6415,.632,.6962
38,"humayun_tomb",.6,.7,.6,.7,.725,.78,.08,.16,.28,.48,.6,.64,.1412,.2605,.3818,.5695,.6566,.7031
39,"iguazu_falls",.4,.7,.8,.8333,.875,.82,.04,.16,.36,.48,.6,.6,.0727,.2605,.4966,.6091,.7119,.693
40,"iolani_palace",1.0,1.0,.85,.8,.75,.74,.16,.2,.32,.48,.6,.64,.2759,.3333,.465,.6,.6667,.6864
41,"la_mezquita",.6,.8,.85,.9,.8,.66,.125,.2917,.4583,.5,.5833,.5833,.2069,.4275,.5955,.6429,.6747,.6193
42,"la_rambla_barcelona",.8,.9,.95,.9667,.925,.94,.16,.24,.36,.4,.48,.52,.2667,.3789,.5221,.5659,.632,.6696
43,"la_sainte_chapelle",1.0,1.0,.9,.9333,.95,.96,.16,.28,.48,.6,.64,.64,.2759,.4375,.6261,.7304,.7648,.768
44,"liberty_memorial",.8,.6,.4,.6,.675,.7,.08,.12,.2,.28,.44,.52,.1455,.2,.2667,.3818,.5327,.5967
45,"lincoln_home",1.0,.9,.95,.9333,.95,.94,.2778,.3333,.4444,.7222,.8889,.8889,.4348,.4865,.6056,.8143,.9184,.9137
46,"machu_picchu",1.0,1.0,.7,.6667,.675,.68,.16,.28,.4,.44,.48,.6,.2759,.4375,.5091,.5301,.561,.6375
47,"marble_arch_london",.8,.8,.65,.5333,.45,.4,.3333,.5,.6667,.6667,.6667,.8333,.4706,.6154,.6582,.5926,.5373,.5405
48,"milan_cathedral",1.0,1.0,.95,.8333,.85,.88,.12,.24,.36,.52,.6,.76,.2143,.3871,.5221,.6404,.7034,.8156
49,"mole_antonelliana",1.0,1.0,.85,.9,.75,.7,.12,.2,.2,.36,.4,.48,.2143,.3333,.3238,.5143,.5217,.5695
50,"mont_saint_michel",1.0,1.0,1.0,1.0,.975,.98,.12,.2,.4,.44,.48,.6,.2143,.3333,.5714,.6111,.6433,.7443
51,"moulin_rouge",.0,.0,.0,.0667,.075,.12,.0,.0,.0,.25,.375,.5,.0,.0,.0,.1053,.125,.1935
52,"nelson_s_column",.8,.9,.95,.9667,.975,.98,.0833,.2083,.375,.5,.5833,.6667,.1509,.3383,.5377,.6591,.7299,.7935
53,"notre_dame_de_paris",.8,.9,.9,.9333,.95,.92,.16,.24,.36,.56,.68,.68,.2667,.3789,.5143,.7,.7926,.782
54,"obelisco",.2,.2,.15,.1333,.1,.1,.0909,.0909,.1818,.2727,.2727,.2727,.125,.125,.1644,.1791,.1463,.1463
55,"piccadilly_circus",1.0,.9,.9,.8,.75,.76,.1304,.1739,.4348,.4783,.4783,.6087,.2308,.2915,.5863,.5986,.5841,.676
56,"place_de_la_concorde",1.0,1.0,1.0,1.0,.975,.98,.12,.16,.28,.44,.56,.64,.2143,.2759,.4375,.6111,.7114,.7743
57,"place_de_la_republique",.4,.2,.35,.3,.275,.26,.25,.25,.75,.75,.75,.875,.3077,.2222,.4773,.4286,.4024,.4009
58,"place_des_vosges",1.0,.7,.75,.8333,.875,.9,.08,.12,.24,.4,.52,.68,.1481,.2049,.3636,.5405,.6523,.7747
59,"pont_du_gard",.8,.8,.9,.9,.925,.78,.12,.16,.36,.44,.6,.6,.2087,.2667,.5143,.591,.7279,.6783
60,"pont_neuf",1.0,1.0,.9,.8667,.875,.74,.12,.24,.4,.56,.64,.64,.2143,.3871,.5538,.6804,.7393,.6864
61,"ponte_vecchio",1.0,1.0,.9,.9,.9,.86,.1667,.2083,.3333,.5,.5833,.625,.2857,.3448,.4865,.6429,.7079,.7239
62,"puerta_de_alcala",.2,.2,.35,.4667,.55,.6,.0526,.1053,.3158,.3158,.4737,.6316,.0833,.1379,.332,.3767,.509,.6154
63,"puerta_del_sol",1.0,.9,.75,.5333,.5,.42,.15,.3,.3,.35,.4,.45,.2609,.45,.4286,.4226,.4444,.4345
64,"red_fort",1.0,1.0,1.0,1.0,1.0,1.0,.16,.32,.4,.6,.72,.76,.2759,.4848,.5714,.75,.8372,.8636
65,"reims_cathedral",1.0,1.0,1.0,1.0,1.0,1.0,.16,.2,.44,.52,.56,.6,.2759,.3333,.6111,.6842,.7179,.75
66,"rialto_bridge",1.0,1.0,.95,.7667,.75,.7,.125,.25,.4375,.4375,.6875,.6875,.2222,.4,.5991,.5571,.7174,.6937
67,"roman_forum_rome",.6,.7,.7,.6667,.675,.64,.12,.2,.36,.44,.48,.48,.2,.3111,.4755,.5301,.561,.5486
68,"sacre_coeur",.2,.4,.55,.5667,.625,.62,.0417,.0833,.2083,.2917,.375,.4583,.069,.1379,.3022,.3851,.4688,.527
69,"sagrada_familia",1.0,.9,.95,.9333,.925,.94,.16,.28,.4,.52,.56,.6,.2759,.4271,.563,.6679,.6976,.7325
70,"santa_maria_novella",.8,.5,.3,.5333,.625,.62,.12,.16,.2,.36,.44,.48,.2087,.2424,.24,.4299,.5164,.5411
71,"schonbrunn_palace",1.0,1.0,1.0,.9667,.975,.98,.12,.24,.48,.48,.52,.56,.2143,.3871,.6486,.6415,.6783,.7127
72,"seville_cathedral",.6,.7,.8,.8667,.875,.9,.12,.24,.4,.48,.56,.64,.2,.3574,.5333,.6178,.6829,.7481
73,"spanish_steps",1.0,1.0,.75,.7333,.675,.68,.0909,.1818,.3636,.5455,.5909,.6364,.1667,.3077,.4898,.6256,.6302,.6575
74,"st__basil_cathedral",1.0,1.0,1.0,.8667,.85,.86,.16,.32,.48,.52,.52,.6,.2759,.4848,.6486,.65,.6453,.7068
75,"statue_of_liberty",1.0,1.0,.95,.9,.8,.8,.12,.16,.32,.44,.48,.56,.2143,.2759,.4787,.591,.6,.6588
76,"stonehenge",1.0,.9,.7,.7,.6,.52,.1053,.2632,.3684,.5263,.5789,.5789,.1905,.4072,.4828,.6009,.5893,.5479
77,"summer_palace_beijing",1.0,1.0,1.0,.9667,.975,.96,.16,.24,.36,.44,.52,.6,.2759,.3871,.5294,.6047,.6783,.7385
78,"sydney_opera_house",1.0,1.0,.95,.9333,.95,.92,.2,.32,.36,.44,.56,.6,.3333,.4848,.5221,.5981,.7046,.7263
79,"teotihuacan",.8,.7,.65,.5667,.6,.6,.16,.2,.4,.44,.52,.64,.2667,.3111,.4952,.4954,.5571,.6194
80,"terracotta_army",.8,.9,.8,.5333,.4,.38,.2,.4,.5,.5,.5,.5,.32,.5538,.6154,.5161,.4444,.4318
81,"the_blue_mosque",.6,.8,.85,.8667,.9,.9,.08,.16,.28,.4,.52,.6,.1412,.2667,.4212,.5474,.6592,.72
82,"the_henry_ford",1.0,1.0,.95,.7333,.625,.68,.12,.28,.36,.36,.48,.56,.2143,.4375,.5221,.4829,.543,.6142
83,"taj_mahal",1.0,.8,.9,.8333,.875,.9,.2,.24,.4,.44,.56,.6,.3333,.3692,.5538,.5759,.6829,.72
84,"tour_montparnasse",.8,.7,.7,.7,.6,.48,.15,.2,.35,.55,.55,.55,.2526,.3111,.4667,.616,.5739,.5126
85,"tower_bridge_london",1.0,1.0,.75,.6333,.65,.62,.16,.2,.36,.44,.52,.52,.2759,.3333,.4865,.5193,.5778,.5656
86,"trafalgar_square",.6,.4,.45,.4333,.425,.44,.1364,.1818,.2727,.3182,.4091,.5,.2222,.25,.3396,.3669,.4169,.4681
87,"leaning_tower_of_pisa",.6,.5,.45,.4667,.425,.46,.12,.16,.24,.36,.4,.44,.2,.2424,.313,.4065,.4121,.4498
88,"hermitage_museum_saint_petersburg",1.0,1.0,.9,.7,.775,.82,.12,.24,.32,.36,.48,.6,.2143,.3871,.4721,.4755,.5928,.693
89,"jantar_mantar_jaipur",.6,.8,.75,.8333,.875,.88,.08,.28,.48,.56,.64,.76,.1412,.4148,.5854,.6699,.7393,.8156
90,"lake_titicaca_peru",.4,.5,.55,.5,.475,.48,.0417,.1667,.2917,.375,.5,.5417,.0755,.25,.3812,.4286,.4872,.509
91,"the_great_wall_of_china",.8,.9,.75,.8333,.85,.88,.12,.2,.36,.44,.52,.6,.2087,.3273,.4865,.5759,.6453,.7135
92,"grande_arche_paris",.8,.7,.65,.6333,.625,.68,.12,.24,.28,.32,.36,.44,.2087,.3574,.3914,.4252,.4569,.5343
93,"el_angel_mexico",1.0,1.0,.8,.7,.65,.64,.1905,.2381,.381,.5238,.6667,.6667,.32,.3846,.5161,.5992,.6582,.6531
94,"bibliotheque_nationale_de_france",.4,.6,.75,.7667,.725,.7,.08,.12,.2,.32,.4,.48,.1333,.2,.3158,.4515,.5156,.5695
95,"kronborg_castle",.6,.5,.7,.7333,.65,.64,.125,.2083,.375,.5417,.5417,.5833,.2069,.2941,.4884,.6231,.5909,.6104
96,"ajanta_caves",.8,.7,.8,.8667,.9,.92,.1364,.2273,.4091,.5,.5909,.6364,.233,.3431,.5414,.6341,.7134,.7523
97,"atomium",.8,.9,.95,.9667,.975,.96,.1429,.381,.381,.4286,.4286,.4286,.2424,.5353,.5438,.5939,.5954,.5926
98,"ellora_caves",1.0,1.0,1.0,.9667,.95,.94,.1818,.2273,.3182,.4091,.5455,.5909,.3077,.3704,.4828,.5749,.693,.7257
99,"potala_palace",.8,.9,.95,.9,.925,.88,.1667,.2222,.2778,.4444,.4444,.5556,.2759,.3564,.4299,.595,.6004,.6811
100,"jokhang",.8,.7,.75,.8333,.825,.84,.12,.16,.32,.52,.56,.68,.2087,.2605,.4486,.6404,.6671,.7516
101,"rila_monastery",.4,.7,.75,.8333,.875,.9,.08,.2,.28,.4,.48,.48,.1333,.3111,.4078,.5405,.6199,.6261
102,"louvre_pyramid",1.0,1.0,.95,.9333,.925,.94,.1111,.2222,.4444,.4444,.5556,.6111,.2,.3636,.6056,.6022,.6942,.7407
103,"brooklyn_bridge",.8,.9,.95,.8667,.85,.78,.0952,.1905,.381,.381,.4286,.5714,.1702,.3144,.5438,.5293,.5698,.6596
104,"tower_of_london",.6,.7,.8,.8,.75,.76,.0435,.087,.3478,.3478,.3913,.5217,.0811,.1547,.4848,.4848,.5143,.6187
105,"british_museum_london",1.0,1.0,1.0,1.0,.975,.94,.1,.2,.3,.4,.5,.55,.1818,.3333,.4615,.5714,.661,.694
106,"buckingham_palace",.6,.7,.6,.4667,.4,.4,.15,.2,.2,.25,.3,.35,.24,.3111,.3,.3256,.3429,.3733
107,"charles_bridge_prague",1.0,1.0,.9,.7667,.675,.64,.125,.125,.3333,.3333,.4167,.4167,.2222,.2222,.4865,.4646,.5153,.5047
108,"champs_elysees_paris",.6,.6,.65,.6,.6,.66,.1333,.2,.2667,.4,.5333,.5333,.2182,.3,.3782,.48,.5647,.5899
109,"chrysler_building",1.0,1.0,1.0,1.0,.975,.96,.1429,.2857,.5,.6429,.7857,.8571,.25,.4444,.6667,.7826,.8702,.9057
110,"moma_new_york",.8,.8,.9,.9,.925,.92,.1053,.2105,.2632,.5263,.5789,.5789,.186,.3333,.4072,.6642,.7122,.7107
111,"grand_central_terminal",1.0,1.0,1.0,1.0,.95,.94,.0952,.1429,.381,.381,.4762,.4762,.1739,.25,.5517,.5517,.6344,.6321
112,"houses_of_parliament",1.0,1.0,1.0,.9667,.925,.92,.1304,.2174,.3043,.3913,.4348,.4783,.2308,.3571,.4667,.5571,.5915,.6294
113,"alexanderplatz_berlin",.0,.0,.35,.5667,.6,.6,.0,.0,.16,.36,.4,.44,.0,.0,.2196,.4403,.48,.5077
114,"centre_pompidou",.8,.8,.65,.7667,.625,.62,.2222,.2778,.4444,.5,.5,.5,.3478,.4124,.5279,.6053,.5556,.5536
115,"sydney_harbour_bridge",1.0,1.0,1.0,1.0,1.0,1.0,.25,.3125,.5,.5,.6875,.6875,.4,.4762,.6667,.6667,.8148,.8148
116,"pier_39",1.0,1.0,.95,.9333,.925,.88,.1905,.2381,.4286,.4762,.5714,.619,.32,.3846,.5907,.6306,.7064,.7268
117,"coit_tower",.6,.8,.65,.5333,.5,.58,.1333,.2,.2667,.4,.4,.4667,.2182,.32,.3782,.4571,.4444,.5172
118,"st_paul_s_cathedral_london",1.0,1.0,1.0,1.0,.9,.86,.2353,.2941,.4706,.6471,.6471,.8235,.381,.4545,.64,.7857,.7529,.8414
119,"cloud_gate",.6,.7,.8,.6,.5,.54,.25,.25,.3333,.3333,.3333,.5,.3529,.3684,.4706,.4286,.4,.5192
120,"musee_d_orsay",1.0,1.0,.85,.8667,.9,.92,.0952,.1429,.3333,.5238,.5714,.6667,.1739,.25,.4789,.653,.699,.7731
121,"pike_place_market",1.0,1.0,.9,.8667,.9,.82,.1905,.2857,.4762,.4762,.5238,.5238,.32,.4444,.6228,.6147,.6622,.6393
122,"royal_palace_madrid",.6,.8,.9,.8667,.775,.78,.1364,.2273,.4091,.4091,.4545,.5455,.2222,.354,.5625,.5558,.573,.642
123,"sony_center_berlin",.8,.9,.95,.9667,.925,.94,.1429,.1429,.381,.4762,.5238,.5238,.2424,.2466,.5438,.6381,.6689,.6727
124,"red_square_moscow",.8,.8,.7,.6333,.675,.7,.1429,.1905,.3333,.381,.4762,.619,.2424,.3077,.4516,.4757,.5584,.657
125,"prague_castle",1.0,.9,.95,.9333,.9,.88,.16,.24,.4,.6,.64,.68,.2759,.3789,.563,.7304,.7481,.7672
126,"musee_du_louvre",1.0,.9,.95,.9667,.975,.98,.12,.24,.32,.48,.56,.68,.2143,.3789,.4787,.6415,.7114,.8029
127,"millennium_bridge_london",.8,.9,.75,.7667,.8,.8,.08,.2,.32,.4,.4,.48,.1455,.3273,.4486,.5257,.5333,.6
128,"casa_mila",1.0,1.0,1.0,1.0,.925,.94,.16,.28,.4,.52,.64,.64,.2759,.4375,.5714,.6842,.7565,.7615
129,"national_gallery_london",1.0,1.0,.85,.5667,.625,.68,.1818,.2727,.4091,.4091,.5,.6364,.3077,.4286,.5523,.4752,.5556,.6575
130,"national_mall",1.0,1.0,1.0,.9667,.95,.9,.2,.28,.48,.56,.64,.68,.3333,.4375,.6486,.7092,.7648,.7747
131,"london_city_hall",1.0,1.0,1.0,.9667,.925,.92,.2,.4,.5,.5,.55,.6,.3333,.5714,.6667,.6591,.6898,.7263
132,"holocaust_memorial",.8,.9,.8,.6667,.7,.64,.25,.375,.5,.5625,.5625,.625,.381,.5294,.6154,.6102,.6238,.6324
133,"columbus_circle",.4,.7,.8,.7667,.675,.6,.08,.2,.44,.6,.68,.68,.1333,.3111,.5677,.6732,.6775,.6375
134,"siegessaeule",1.0,1.0,1.0,1.0,.775,.68,.16,.2,.48,.64,.68,.72,.2759,.3333,.6486,.7805,.7244,.6994
135,"jardin_du_luxembourg",1.0,1.0,1.0,1.0,1.0,1.0,.12,.28,.44,.56,.68,.8,.2143,.4375,.6111,.7179,.8095,.8889
136,"merlion_singapore",.0,.2,.1,.1667,.2,.18,.0,.0909,.0909,.2273,.3182,.3636,.0,.125,.0952,.1923,.2456,.2408
137,"harrods_london",1.0,.9,.8,.8333,.875,.84,.16,.28,.4,.48,.56,.64,.2759,.4271,.5333,.6091,.6829,.7265
138,"metropolitan_museum_of_art_new_york",1.0,.9,.9,.9,.925,.94,.12,.24,.36,.48,.52,.64,.2143,.3789,.5143,.6261,.6657,.7615
139,"new_york_stock_exchange",.8,.9,.9,.9333,.775,.66,.2,.25,.4,.4,.45,.5,.32,.3913,.5538,.56,.5694,.569
140,"stephansdom_vienna",1.0,1.0,1.0,1.0,1.0,1.0,.12,.28,.48,.56,.6,.68,.2143,.4375,.6486,.7179,.75,.8095
141,"hms_belfast",1.0,1.0,1.0,.9667,.95,.94,.12,.16,.36,.44,.44,.6,.2143,.2759,.5294,.6047,.6014,.7325
142,"leicester_square",1.0,1.0,.9,.8,.8,.8,.12,.16,.24,.32,.44,.48,.2143,.2759,.3789,.4571,.5677,.6
143,"ciudad_de_las_artes_y_las_ciencias",1.0,.9,.9,.9,.925,.92,.16,.28,.36,.48,.6,.6,.2759,.4271,.5143,.6261,.7279,.7263
144,"topkapi_palace",1.0,1.0,.95,.9667,.975,.96,.2,.28,.44,.48,.56,.64,.3333,.4375,.6014,.6415,.7114,.768
145,"royal_albert_hall",1.0,1.0,.85,.7667,.775,.76,.12,.16,.36,.44,.44,.44,.2143,.2759,.5058,.5591,.5613,.5573
146,"st_vitus_cathedral",.8,.9,.95,.9667,.975,.96,.16,.28,.32,.52,.52,.6,.2667,.4271,.4787,.6762,.6783,.7385
147,"castello_sforzesco",1.0,1.0,.9,.8667,.9,.9,.12,.24,.32,.4,.52,.52,.2143,.3871,.4721,.5474,.6592,.6592
148,"rijksmuseum_amsterdam",1.0,1.0,1.0,1.0,1.0,1.0,.12,.12,.16,.36,.44,.6,.2143,.2143,.2759,.5294,.6111,.75
149,"dam_square",.8,.8,.8,.8333,.75,.7,.12,.2,.28,.36,.36,.44,.2087,.32,.4148,.5028,.4865,.5404
150,"rathaus_vienna",1.0,1.0,1.0,.9,.85,.7,.16,.16,.16,.2,.32,.36,.2759,.2759,.2759,.3273,.465,.4755
151,"bath_abbey",1.0,1.0,1.0,.9667,.975,.98,.2,.32,.4,.52,.56,.64,.3333,.4848,.5714,.6762,.7114,.7743
152,"salisbury_cathedral",1.0,1.0,1.0,1.0,1.0,1.0,.16,.2,.28,.28,.48,.52,.2759,.3333,.4375,.4375,.6486,.6842
153,"templo_de_debod",.2,.2,.3,.3,.3,.4,.0455,.0455,.1818,.2273,.2727,.3636,.0741,.0741,.2264,.2586,.2857,.381
154,"Niagara_Falls",.6,.6,.55,.6,.6,.6,.1364,.1818,.3182,.3636,.4091,.5455,.2222,.2791,.4031,.4528,.4865,.5714
155,"Golden_Gate_Bridge_in_San_Francisco",.8,.8,.9,.9333,.95,.96,.0909,.1818,.4091,.4545,.5909,.6364,.1633,.2963,.5625,.6114,.7286,.7654
156,"Neuschwanstein_Castle",1.0,1.0,1.0,1.0,.975,.98,.12,.24,.44,.6,.68,.68,.2143,.3871,.6111,.75,.8012,.8029
157,"Christ_Church_Cathedral_Missouri",1.0,1.0,1.0,1.0,1.0,1.0,.16,.36,.52,.6,.6,.6,.2759,.5294,.6842,.75,.75,.75
158,"Mount_Rushmore_in_South_Dakota",.8,.8,.9,.9333,.95,.96,.12,.16,.28,.36,.56,.68,.2087,.2667,.4271,.5196,.7046,.7961
159,"Puerta_de_Toledo",.6,.3,.15,.1,.075,.06,1.0,1.0,1.0,1.0,1.0,1.0,.75,.4615,.2609,.1818,.1395,.1132
160,"Urquhart_Castle",1.0,.9,.85,.8,.8,.82,.2083,.25,.375,.4583,.5417,.6667,.3448,.3913,.5204,.5828,.646,.7354
161,"Gare_du_Nord_Paris",.8,.6,.75,.7667,.8,.8,.16,.2,.28,.32,.4,.4,.2667,.3,.4078,.4515,.5333,.5333
162,"Newgrange_in_Ireland",.8,.7,.7,.7333,.725,.66,.125,.2083,.375,.4167,.5,.5417,.2162,.3211,.4884,.5314,.5918,.595
163,"Windmills_at_Kinderdijk",1.0,1.0,.95,.8333,.85,.84,.16,.24,.36,.4,.52,.56,.2759,.3871,.5221,.5405,.6453,.672
164,"Conciergerie",.8,.9,.95,.9667,.975,.98,.08,.24,.44,.56,.64,.72,.1455,.3789,.6014,.7092,.7728,.8301
165,"Palazzo_Madama",1.0,1.0,.85,.8667,.75,.74,.2273,.4091,.5455,.5909,.5909,.6818,.3704,.5806,.6645,.7027,.661,.7097
166,"Split_Rock_Lighthouse",1.0,1.0,1.0,.9667,.9,.88,.08,.2,.2,.32,.36,.4,.1481,.3333,.3333,.4808,.5143,.55
167,"The_Little_Mermaid_Denmark",1.0,1.0,.95,.9333,.95,.92,.2857,.2857,.5,.7143,.8571,.9286,.4444,.4444,.6552,.8092,.9012,.9243
168,"Great_Pyramid_of_Giza",.6,.6,.65,.5667,.65,.66,.2,.2667,.5333,.6,.7333,.7333,.3,.3692,.5859,.5829,.6892,.6947
169,"Pitti_Palace",.8,.9,.85,.8667,.85,.82,.1364,.2727,.4091,.5455,.5909,.5909,.233,.4186,.5523,.6695,.6972,.6869
170,"Georgia_State_Capitol",1.0,.9,.9,.6,.475,.38,.1579,.2105,.2632,.2632,.2632,.2632,.2727,.3412,.4072,.3659,.3387,.311
171,"Dome_des_Invalides",1.0,1.0,1.0,.9667,.975,.98,.16,.24,.4,.4,.44,.44,.2759,.3871,.5714,.5659,.6064,.6073
172,"Reggia_di_Caserta",1.0,.7,.55,.6,.475,.52,.16,.24,.36,.48,.52,.52,.2759,.3574,.4352,.5333,.4965,.52
173,"The_Burj_al_Arab_Hotel",.8,.7,.75,.8333,.875,.82,.12,.2,.4,.44,.48,.48,.2087,.3111,.5217,.5759,.6199,.6055
174,"Elephanta_Caves",1.0,1.0,1.0,1.0,1.0,.96,.125,.2083,.4167,.5417,.6667,.6667,.2222,.3448,.5882,.7027,.8,.7869
175,"Basilica_of_Santa_Croce",1.0,1.0,1.0,1.0,1.0,1.0,.12,.16,.2,.52,.64,.64,.2143,.2759,.3333,.6842,.7805,.7805
176,"Aachen_Cathedral",1.0,1.0,.95,.9333,.95,.92,.16,.28,.4,.48,.6,.68,.2759,.4375,.563,.634,.7355,.782
177,"Monument_to_the_Great_Fire_of_London",1.0,.7,.6,.5,.425,.48,.2,.2,.28,.36,.4,.52,.3333,.3111,.3818,.4186,.4121,.4992
178,"Longmen_Grottoes",.8,.8,.7,.6333,.575,.6,.16,.24,.44,.6,.6,.68,.2667,.3692,.5404,.6162,.5872,.6375
179,"Louisiana_State_Capitol",.4,.3,.25,.2333,.225,.24,.08,.12,.16,.2,.24,.32,.1333,.1714,.1951,.2154,.2323,.2743
180,"The_Great_Sphinx_at_Giza",1.0,1.0,.9,.8667,.825,.86,.16,.2,.32,.48,.52,.68,.2759,.3333,.4721,.6178,.6379,.7595
181,"Teatro_Real_Madrid",1.0,1.0,1.0,1.0,.825,.68,.1739,.3478,.5652,.7391,.7826,.7826,.2963,.5161,.7222,.85,.8032,.7277
182,"Palacio_de_la_Magdalena",.6,.7,.75,.8333,.85,.8,.12,.28,.4,.48,.6,.68,.2,.4,.5217,.6091,.7034,.7351
183,"Sowjetisches_Ehrenmal",.2,.4,.55,.6333,.675,.68,.04,.12,.32,.52,.64,.76,.0667,.1846,.4046,.5711,.657,.7178
184,"Cathedral_of_Trier",1.0,1.0,1.0,.9667,.925,.94,.2,.28,.52,.6,.64,.84,.3333,.4375,.6842,.7404,.7565,.8872
185,"Saint_Mary_of_the_Flower",.2,.1,.15,.1333,.15,.16,.04,.04,.12,.12,.2,.24,.0667,.0571,.1333,.1263,.1714,.192
186,"Skellig_Michael",1.0,.7,.8,.6667,.7,.68,.2,.24,.52,.52,.6,.6,.3333,.3574,.6303,.5843,.6462,.6375
187,"Chicago_Board_of_Trade_Building",1.0,1.0,.95,.8667,.775,.72,.1818,.2727,.5,.5455,.5909,.5909,.3077,.4286,.6552,.6695,.6705,.6491
188,"Pont_de_Normandie_France",1.0,1.0,1.0,.9667,.975,.96,.2105,.4211,.5789,.6842,.7895,.8421,.3478,.5926,.7333,.8013,.8725,.8972
189,"Palazzo_Rosso",.0,.0,.0,.0667,.1,.12,.0,.0,.0,.0833,.1667,.2083,.0,.0,.0,.0741,.125,.1523
190,"Piazza_Vittorio_Veneto",1.0,1.0,.75,.5333,.425,.38,.1875,.375,.4375,.5,.5,.5625,.3158,.5455,.5526,.5161,.4595,.4536
191,"Sforza_Castle",1.0,1.0,.95,.9333,.95,.96,.16,.32,.44,.56,.68,.72,.2759,.4848,.6014,.7,.7926,.8229
192,"Torres_KIO",1.0,1.0,.95,.9,.875,.82,.2,.28,.44,.52,.56,.56,.3333,.4375,.6014,.6592,.6829,.6655
193,"Torre_Picasso",1.0,1.0,1.0,.9333,.775,.7,.1667,.2917,.4583,.5833,.6667,.6667,.2857,.4516,.6286,.7179,.7168,.6829
194,"The_Palace_of_Parliament_in_Bucharest",.8,.9,.95,.9667,.95,.96,.16,.2,.24,.24,.4,.6,.2667,.3273,.3832,.3845,.563,.7385
195,"Ernest_Hemingway_House",.8,.9,.85,.9,.825,.76,.16,.28,.44,.56,.6,.64,.2667,.4271,.5798,.6904,.6947,.6949
196,"Castel_dellOvo_Napoli",.8,.9,.95,.9333,.875,.88,.16,.28,.48,.6,.64,.76,.2667,.4271,.6378,.7304,.7393,.8156
197,"Villa_Borghese_gardens",1.0,1.0,1.0,1.0,1.0,1.0,.16,.28,.48,.68,.72,.84,.2759,.4375,.6486,.8095,.8372,.913
198,"Saint_Marks_Basilica",1.0,1.0,1.0,1.0,1.0,1.0,.16,.28,.4,.4,.4,.44,.2759,.4375,.5714,.5714,.5714,.6111
199,"Mausoleum_of_the_First_Qin_Emperor",.8,.9,.8,.8,.775,.78,.12,.28,.4,.44,.52,.56,.2087,.4271,.5333,.5677,.6224,.6519
200,"Mausoleum_of_Hadrian",1.0,1.0,.95,.9333,.875,.78,.1667,.3889,.5,.5556,.5556,.5556,.2857,.56,.6552,.6965,.6796,.6489
201,"Piazza_de_Ferrari",1.0,1.0,1.0,.9667,.925,.94,.1579,.2632,.3684,.4211,.5263,.5789,.2727,.4167,.5385,.5866,.6709,.7166
202,"George_Washington_Carver",.6,.6,.75,.6667,.65,.68,.1875,.25,.375,.4375,.5,.625,.2857,.3529,.5,.5283,.5652,.6513
203,"Cathedral_of_Santiago_de_Compostela",1.0,1.0,1.0,.8667,.9,.86,.1176,.3529,.4706,.6471,.7647,.7647,.2105,.5217,.64,.7409,.8269,.8096
204,"Saint-Jacques_Tower",.8,.9,.8,.7667,.775,.78,.2308,.3077,.3077,.3077,.4615,.6923,.3582,.4586,.4444,.4391,.5785,.7335
205,"Calakmul_Campeche_Mexico",1.0,1.0,.9,.9,.9,.88,.2143,.2857,.3571,.5,.6429,.7143,.3529,.4444,.5114,.6429,.75,.7885
206,"Bran_Castle_in_Transylvania",1.0,.9,.85,.9,.9,.9,.1579,.2632,.3158,.3684,.4737,.6842,.2727,.4072,.4605,.5228,.6207,.7774
207,"Mosteiro_da_Batalha",1.0,1.0,1.0,1.0,1.0,1.0,.2632,.2632,.4737,.5789,.6842,.7368,.4167,.4167,.6429,.7333,.8125,.8485
208,"Wartburg_Castle",1.0,1.0,.95,.9333,.9,.92,.15,.3,.5,.6,.65,.75,.2609,.4615,.6552,.7304,.7548,.8263
209,"Fujian_Tulou_Fujian_China",1.0,1.0,1.0,1.0,1.0,.98,.1667,.3333,.4444,.6111,.7222,.7222,.2857,.5,.6154,.7586,.8387,.8316
210,"Alabama_State_Capitol",.6,.5,.6,.7,.75,.76,.1429,.1905,.4286,.619,.7619,.8571,.2308,.2759,.5,.657,.7559,.8057
211,"Palazzo_dAccursio",1.0,1.0,.95,.9,.85,.8,.1667,.2222,.3333,.4444,.5,.5,.2857,.3636,.4935,.595,.6296,.6154
212,"Casa_Grande_Ruins",.8,.9,.8,.8,.825,.84,.2353,.2941,.3529,.4118,.4706,.4706,.3636,.4433,.4898,.5437,.5993,.6032
213,"Stravinsky_Fountain",1.0,1.0,1.0,1.0,1.0,.96,.2,.2667,.4667,.5333,.6,.6,.3333,.4211,.6364,.6957,.75,.7385
214,"Angel_Falls_Venezuela",.8,.8,.6,.5667,.525,.56,.1765,.3529,.4118,.5882,.5882,.6471,.2892,.4898,.4884,.5772,.5548,.6004
215,"Statue_of_George_IV",1.0,.7,.65,.5667,.5,.48,.375,.5,.625,.75,.75,1.0,.5455,.5833,.6373,.6456,.6,.6486
216,"Palacio_Barolo",.8,.7,.8,.8667,.9,.92,.2353,.2353,.4118,.4706,.5882,.5882,.3636,.3522,.5437,.61,.7115,.7176
217,"Bridge_of_Remembrance_Christchurch_New_Zealand",1.0,1.0,1.0,1.0,.925,.8,.3333,.3333,.75,.9167,1.0,1.0,.5,.5,.8571,.9565,.961,.8889
218,"John_A._Roebling_Suspension_Bridge",.4,.5,.4,.4667,.425,.44,.1333,.3333,.4667,.6,.6667,.6667,.2,.4,.4308,.525,.5191,.5301
219,"Blue_Dome_Santorini",1.0,.9,.9,.9333,.95,.94,.3125,.4375,.5625,.625,.625,.75,.4762,.5888,.6923,.7487,.754,.8343
220,"Fossar_de_les_Moreres",1.0,.9,.75,.7,.55,.46,.2857,.3571,.5,.7143,.7143,.7143,.4444,.5114,.6,.7071,.6215,.5596
221,"Luxor_Obelisk_France",1.0,.8,.75,.7333,.75,.74,.25,.25,.3125,.375,.375,.5,.4,.381,.4412,.4962,.5,.5968
222,"Valle_de_los_Caidos",1.0,1.0,.9,.9,.925,.92,.25,.35,.45,.65,.65,.75,.4,.5185,.6,.7548,.7635,.8263
--------------------
"--","Avg.",P@5,P@10,P@20,P@30,P@40,P@50,CR@5,CR@10,CR@20,CR@30,CR@40,CR@50,F1@5,F1@10,F1@20,F1@30,F1@40,F1@50
,.,8324,.8306,.8095,.7925,.7789,.7704,.15,.2373,.3726,.4688,.5427,.6051,.2471,.3598,.4976,.5748,.6254,.6621
