--------------------
"Run name","output_runACCSumSquaredError"
--------------------
"Average P@20 = ",.7977
"Average CR@20 = ",.3749
"Average F1@20 = ",.4983
--------------------
"Query Id ","Location name",P@5,P@10,P@20,P@30,P@40,P@50,CR@5,CR@10,CR@20,CR@30,CR@40,CR@50,F1@5,F1@10,F1@20,F1@30,F1@40,F1@50
1,"angel_of_the_north",1.0,1.0,1.0,1.0,1.0,1.0,.16,.24,.32,.48,.56,.68,.2759,.3871,.4848,.6486,.7179,.8095
2,"big_ben",1.0,1.0,1.0,.9333,.925,.9,.2273,.3182,.3182,.4545,.5,.5455,.3704,.4828,.4828,.6114,.6491,.6792
3,"hearst_castle",1.0,1.0,.95,.9333,.95,.94,.2083,.3333,.625,.7083,.75,.7917,.3448,.5,.754,.8054,.8382,.8595
4,"la_madeleine",.0,.1,.05,.3,.375,.48,.0,.0714,.0714,.3571,.5,.7857,.0,.0833,.0588,.3261,.4286,.5959
5,"pont_alexandre_iii",1.0,1.0,.95,.9667,.975,.98,.2,.32,.32,.36,.48,.68,.3333,.4848,.4787,.5246,.6433,.8029
6,"neues_museum",.4,.2,.1,.1667,.25,.4,.08,.08,.08,.16,.24,.48,.1333,.1143,.0889,.1633,.2449,.4364
7,"montezuma_castle",.8,.8,.65,.4333,.475,.54,.25,.5,.5,.5,.5833,.75,.381,.6154,.5652,.4643,.5236,.6279
8,"cn_tower",.4,.5,.55,.6333,.7,.74,.0833,.1667,.2917,.375,.5833,.625,.1379,.25,.3812,.4711,.6364,.6777
9,"acropolis_athens",.6,.6,.8,.8333,.875,.86,.0952,.1429,.4286,.4762,.5238,.5714,.1644,.2308,.5581,.6061,.6553,.6866
10,"agra_fort",.8,.8,.85,.8333,.85,.88,.16,.28,.4,.56,.64,.68,.2667,.4148,.544,.6699,.7302,.7672
11,"albert_memorial",.6,.8,.9,.6667,.675,.72,.1364,.1818,.2273,.3182,.4545,.5,.2222,.2963,.3629,.4308,.5433,.5902
12,"altes_museum",.6,.6,.8,.6667,.5,.48,.0833,.2083,.4167,.5,.5,.5833,.1463,.3093,.5479,.5714,.5,.5266
13,"amiens_cathedral",1.0,1.0,.95,.9667,.975,.98,.12,.28,.52,.68,.72,.8,.2143,.4375,.6721,.7984,.8283,.8809
14,"angkor_wat",1.0,.9,.65,.6,.675,.74,.12,.2,.32,.4,.56,.56,.2143,.3273,.4289,.48,.6121,.6375
15,"ara_pacis",1.0,1.0,.75,.6667,.65,.68,.2273,.3636,.4545,.5455,.6364,.7727,.3704,.5333,.566,.6,.6431,.7234
16,"arc_de_triomphe",.8,.9,.95,.9333,.8,.8,.1667,.25,.4583,.5417,.5833,.6667,.2759,.3913,.6183,.6855,.6747,.7273
17,"aztec_ruins",.0,.0,.0,.0,.25,.26,.0,.0,.0,.0,.32,.32,.0,.0,.0,.0,.2807,.2869
18,"berlin_cathedral",1.0,.9,.9,.9333,.9,.92,.16,.32,.52,.68,.76,.8,.2759,.4721,.6592,.7868,.8241,.8558
19,"bok_tower_gardens",1.0,.9,.75,.8,.85,.86,.2,.32,.48,.64,.68,.72,.3333,.4721,.5854,.7111,.7556,.7838
20,"brandenburg_gate",1.0,1.0,.95,.9667,.975,.9,.16,.16,.28,.44,.56,.64,.2759,.2759,.4325,.6047,.7114,.7481
21,"cabrillo",.4,.2,.25,.1667,.15,.16,.1538,.1538,.3077,.3077,.3846,.5385,.2222,.1739,.2759,.2162,.2158,.2467
22,"casa_batllo",1.0,1.0,1.0,1.0,1.0,1.0,.2,.24,.4,.52,.72,.76,.3333,.3871,.5714,.6842,.8372,.8636
23,"casa_rosada",1.0,.8,.8,.8667,.9,.92,.16,.28,.4,.6,.72,.76,.2759,.4148,.5333,.7091,.8,.8324
24,"castillo_de_san_marcos",.8,.6,.8,.6333,.6,.66,.16,.2,.44,.44,.52,.6,.2667,.3,.5677,.5193,.5571,.6286
25,"chartres_cathedral",1.0,1.0,1.0,1.0,.975,.96,.16,.2,.36,.64,.72,.8,.2759,.3333,.5294,.7805,.8283,.8727
26,"chichen_itza",1.0,.8,.75,.8,.8,.82,.16,.16,.28,.36,.48,.56,.2759,.2667,.4078,.4966,.6,.6655
27,"christ_the_redeemer_rio",.4,.6,.7,.5667,.525,.52,.0435,.1739,.2609,.3043,.3913,.5217,.0784,.2697,.3801,.396,.4484,.5209
28,"civic_center_san_francisco",.8,.8,.7,.7667,.8,.76,.16,.28,.36,.56,.6,.6,.2667,.4148,.4755,.6472,.6857,.6706
29,"cologne_cathedral",1.0,1.0,1.0,.9667,.975,.96,.16,.24,.52,.52,.56,.68,.2759,.3871,.6842,.6762,.7114,.7961
30,"colosseum",1.0,1.0,1.0,1.0,1.0,.98,.16,.2,.44,.52,.64,.64,.2759,.3333,.6111,.6842,.7805,.7743
31,"doge_s_palace",.6,.7,.85,.8333,.725,.78,.08,.2,.28,.44,.48,.48,.1412,.3111,.4212,.5759,.5776,.5943
32,"eiffel_tower",1.0,1.0,1.0,1.0,1.0,1.0,.16,.16,.28,.36,.48,.52,.2759,.2759,.4375,.5294,.6486,.6842
33,"golden_gate_bridge",1.0,.9,.9,.9,.85,.86,.1739,.2609,.3913,.4783,.4783,.5652,.2963,.4045,.5455,.6246,.6121,.6821
34,"grand_palais",1.0,.9,.95,.9,.9,.92,.0909,.2273,.4091,.4545,.5455,.5455,.1667,.3629,.5719,.604,.6792,.6849
35,"guggenheim_museum_bilbao",1.0,1.0,1.0,.9667,.95,.94,.16,.24,.36,.52,.52,.6,.2759,.3871,.5294,.6762,.6721,.7325
36,"hagia_sophia_istanbul",1.0,1.0,1.0,1.0,1.0,.96,.12,.28,.36,.48,.6,.64,.2143,.4375,.5294,.6486,.75,.768
37,"hoover_dam",1.0,.9,.95,.9333,.95,.92,.12,.2,.4,.48,.56,.6,.2143,.3273,.563,.634,.7046,.7263
38,"humayun_tomb",.6,.7,.7,.6667,.675,.72,.08,.2,.36,.48,.64,.64,.1412,.3111,.4755,.5581,.657,.6776
39,"iguazu_falls",.4,.7,.8,.8333,.875,.82,.08,.2,.36,.48,.6,.6,.1333,.3111,.4966,.6091,.7119,.693
40,"iolani_palace",.8,.8,.9,.9,.75,.64,.12,.2,.32,.52,.6,.64,.2087,.32,.4721,.6592,.6667,.64
41,"la_mezquita",.4,.5,.6,.7,.75,.68,.0833,.1667,.3333,.5,.5417,.625,.1379,.25,.4286,.5833,.629,.6513
42,"la_rambla_barcelona",.8,.9,.95,.9333,.925,.92,.12,.24,.4,.44,.52,.68,.2087,.3789,.563,.5981,.6657,.782
43,"la_sainte_chapelle",1.0,.9,.9,.9,.925,.94,.12,.28,.44,.68,.72,.72,.2143,.4271,.591,.7747,.8097,.8154
44,"liberty_memorial",.8,.6,.4,.6,.7,.7,.08,.12,.16,.28,.44,.52,.1455,.2,.2286,.3818,.5404,.5967
45,"lincoln_home",1.0,1.0,.9,.9333,.9,.92,.2222,.3333,.4444,.6667,.7222,.8333,.3636,.5,.595,.7778,.8014,.8745
46,"machu_picchu",1.0,1.0,.9,.8333,.775,.76,.16,.28,.48,.56,.64,.68,.2759,.4375,.6261,.6699,.7011,.7178
47,"marble_arch_london",.6,.8,.65,.6,.475,.4,.25,.4167,.5833,.6667,.75,.75,.3529,.5479,.6149,.6316,.5816,.5217
48,"milan_cathedral",1.0,.9,.75,.8333,.875,.9,.2,.28,.48,.6,.68,.72,.3333,.4271,.5854,.6977,.7653,.8
49,"mole_antonelliana",1.0,1.0,.85,.9,.75,.7,.12,.2,.2,.36,.4,.48,.2143,.3333,.3238,.5143,.5217,.5695
50,"mont_saint_michel",1.0,1.0,1.0,1.0,.975,.98,.16,.24,.4,.44,.48,.6,.2759,.3871,.5714,.6111,.6433,.7443
51,"moulin_rouge",.0,.0,.0,.0,.0,.04,.0,.0,.0,.0,.0,.25,.0,.0,.0,.0,.0,.069
52,"nelson_s_column",1.0,.9,.95,.9667,.95,.94,.2083,.2917,.4167,.5833,.625,.75,.3448,.4406,.5793,.7276,.754,.8343
53,"notre_dame_de_paris",.8,.9,.9,.9333,.95,.92,.16,.28,.4,.56,.68,.68,.2667,.4271,.5538,.7,.7926,.782
54,"obelisco",.2,.2,.1,.0667,.075,.08,.0909,.0909,.0909,.0909,.1818,.1818,.125,.125,.0952,.0769,.1062,.1111
55,"piccadilly_circus",1.0,.9,.85,.8,.725,.78,.1739,.2174,.4348,.4783,.5217,.6087,.2963,.3502,.5753,.5986,.6068,.6838
56,"place_de_la_concorde",1.0,1.0,1.0,1.0,.975,.98,.16,.2,.32,.48,.56,.6,.2759,.3333,.4848,.6486,.7114,.7443
57,"place_de_la_republique",.2,.1,.2,.2333,.25,.2,.125,.125,.375,.625,.75,.75,.1538,.1111,.2609,.3398,.375,.3158
58,"place_des_vosges",.6,.5,.45,.6333,.725,.78,.04,.08,.12,.32,.4,.6,.075,.1379,.1895,.4252,.5156,.6783
59,"pont_du_gard",.8,.9,.9,.9,.925,.8,.08,.16,.36,.44,.6,.6,.1455,.2717,.5143,.591,.7279,.6857
60,"pont_neuf",.8,.8,.8,.8333,.825,.74,.12,.2,.36,.56,.6,.64,.2087,.32,.4966,.6699,.6947,.6864
61,"ponte_vecchio",1.0,.9,.95,.9,.925,.86,.1667,.2083,.375,.5,.5417,.5833,.2857,.3383,.5377,.6429,.6832,.6952
62,"puerta_de_alcala",.2,.2,.35,.4667,.55,.6,.0526,.1053,.3158,.3158,.4737,.6316,.0833,.1379,.332,.3767,.509,.6154
63,"puerta_del_sol",1.0,.8,.6,.5333,.425,.42,.2,.25,.35,.4,.4,.45,.3333,.381,.4421,.4571,.4121,.4345
64,"red_fort",1.0,1.0,1.0,1.0,1.0,1.0,.16,.32,.44,.6,.68,.76,.2759,.4848,.6111,.75,.8095,.8636
65,"reims_cathedral",1.0,1.0,1.0,1.0,1.0,1.0,.2,.24,.44,.52,.56,.6,.3333,.3871,.6111,.6842,.7179,.75
66,"rialto_bridge",.8,.9,.95,.7667,.725,.72,.1875,.3125,.4375,.5,.625,.6875,.3038,.4639,.5991,.6053,.6713,.7034
67,"roman_forum_rome",.6,.8,.75,.8,.725,.7,.12,.2,.36,.48,.56,.6,.2,.32,.4865,.6,.6319,.6462
68,"sacre_coeur",.2,.4,.55,.5667,.625,.62,.0417,.0833,.2083,.2917,.375,.4583,.069,.1379,.3022,.3851,.4688,.527
69,"sagrada_familia",1.0,.9,.9,.9,.875,.88,.2,.32,.48,.52,.64,.68,.3333,.4721,.6261,.6592,.7393,.7672
70,"santa_maria_novella",1.0,.8,.5,.4333,.4,.52,.2,.24,.32,.4,.44,.48,.3333,.3692,.3902,.416,.419,.4992
71,"schonbrunn_palace",1.0,1.0,1.0,1.0,.975,.98,.16,.28,.48,.68,.68,.72,.2759,.4375,.6486,.8095,.8012,.8301
72,"seville_cathedral",.6,.7,.8,.8333,.875,.9,.12,.28,.44,.48,.56,.56,.2,.4,.5677,.6091,.6829,.6904
73,"spanish_steps",1.0,1.0,.8,.7333,.7,.68,.1818,.2727,.4091,.5,.5909,.6364,.3077,.4286,.5414,.5946,.6408,.6575
74,"st__basil_cathedral",1.0,1.0,.9,.9,.925,.92,.16,.32,.48,.52,.68,.76,.2759,.4848,.6261,.6592,.7838,.8324
75,"statue_of_liberty",1.0,.9,.9,.8667,.825,.8,.16,.28,.4,.48,.56,.6,.2759,.4271,.5538,.6178,.6671,.6857
76,"stonehenge",.8,.8,.65,.7,.625,.54,.1053,.2105,.2632,.4737,.5263,.5789,.186,.3333,.3746,.565,.5714,.5588
77,"summer_palace_beijing",.8,.9,.95,.9333,.95,.96,.12,.24,.36,.4,.52,.6,.2087,.3789,.5221,.56,.6721,.7385
78,"sydney_opera_house",1.0,1.0,1.0,.9667,.975,.92,.16,.28,.44,.48,.52,.56,.2759,.4375,.6111,.6415,.6783,.6962
79,"teotihuacan",.8,.7,.7,.5667,.6,.6,.16,.24,.44,.48,.52,.6,.2667,.3574,.5404,.5197,.5571,.6
80,"terracotta_army",.8,.9,.8,.5333,.4,.38,.2,.4,.5,.5,.5,.5,.32,.5538,.6154,.5161,.4444,.4318
81,"the_blue_mosque",.6,.8,.85,.8333,.875,.88,.12,.28,.32,.48,.52,.56,.2,.4148,.465,.6091,.6523,.6844
82,"the_henry_ford",.4,.7,.7,.7,.725,.74,.08,.2,.32,.44,.56,.68,.1333,.3111,.4392,.5404,.6319,.7087
83,"taj_mahal",1.0,1.0,.85,.8667,.9,.92,.16,.24,.32,.44,.48,.64,.2759,.3871,.465,.5837,.6261,.7549
84,"tour_montparnasse",.4,.4,.4,.5,.575,.5,.1,.15,.25,.4,.55,.55,.16,.2182,.3077,.4444,.5622,.5238
85,"tower_bridge_london",.8,.9,.85,.7,.65,.68,.12,.28,.4,.48,.52,.6,.2087,.4271,.544,.5695,.5778,.6375
86,"trafalgar_square",.4,.4,.5,.4333,.45,.42,.0909,.1818,.2727,.3182,.4545,.4545,.1481,.25,.3529,.3669,.4523,.4366
87,"leaning_tower_of_pisa",.8,.8,.65,.5333,.475,.5,.16,.28,.36,.4,.44,.48,.2667,.4148,.4634,.4571,.4568,.4898
88,"hermitage_museum_saint_petersburg",.8,.9,.9,.7,.775,.82,.12,.24,.32,.36,.48,.6,.2087,.3789,.4721,.4755,.5928,.693
89,"jantar_mantar_jaipur",1.0,.7,.7,.8,.85,.86,.16,.24,.48,.56,.68,.8,.2759,.3574,.5695,.6588,.7556,.8289
90,"lake_titicaca_peru",.8,.4,.5,.5,.45,.44,.125,.125,.3333,.375,.4583,.5833,.2162,.1905,.4,.4286,.4541,.5016
91,"the_great_wall_of_china",.8,.8,.8,.8,.85,.86,.16,.28,.36,.44,.48,.6,.2667,.4148,.4966,.5677,.6135,.7068
92,"grande_arche_paris",.8,.8,.85,.7333,.675,.66,.12,.24,.32,.4,.4,.44,.2087,.3692,.465,.5176,.5023,.528
93,"el_angel_mexico",.8,.9,.8,.7333,.625,.62,.1429,.2381,.381,.5714,.619,.6667,.2424,.3766,.5161,.6423,.622,.6425
94,"bibliotheque_nationale_de_france",.8,.7,.75,.7667,.8,.7,.12,.16,.16,.36,.44,.48,.2087,.2605,.2637,.4899,.5677,.5695
95,"kronborg_castle",.8,.6,.7,.7,.7,.62,.1667,.2083,.3333,.4583,.5417,.5417,.2759,.3093,.4516,.554,.6107,.5782
96,"ajanta_caves",.8,.8,.75,.8333,.875,.9,.1818,.2273,.3636,.5,.5455,.6364,.2963,.354,.4898,.625,.672,.7456
97,"atomium",.8,.9,.95,.9667,.975,.96,.1429,.3333,.381,.4286,.4286,.4286,.2424,.4865,.5438,.5939,.5954,.5926
98,"ellora_caves",1.0,1.0,1.0,.9667,.95,.94,.1818,.2273,.3182,.4091,.5455,.5909,.3077,.3704,.4828,.5749,.693,.7257
99,"potala_palace",.8,.9,.85,.9,.875,.9,.1111,.2778,.4444,.5556,.6111,.6111,.1951,.4245,.5837,.687,.7196,.7279
100,"jokhang",.8,.7,.8,.8,.825,.84,.08,.16,.32,.52,.56,.68,.1455,.2605,.4571,.6303,.6671,.7516
101,"rila_monastery",.8,.4,.6,.7333,.8,.84,.16,.16,.32,.4,.48,.56,.2667,.2286,.4174,.5176,.6,.672
102,"louvre_pyramid",1.0,1.0,1.0,.9333,.925,.94,.1667,.2778,.5556,.5556,.6667,.6667,.2857,.4348,.7143,.6965,.7749,.7801
103,"brooklyn_bridge",1.0,.9,.95,.8667,.825,.86,.0476,.1905,.3333,.381,.4762,.5238,.0909,.3144,.4935,.5293,.6038,.6511
104,"tower_of_london",.8,.7,.75,.7667,.775,.76,.087,.1739,.2609,.4348,.4348,.5217,.1569,.2786,.3871,.5549,.5571,.6187
105,"british_museum_london",1.0,1.0,1.0,1.0,1.0,.94,.15,.15,.25,.35,.5,.55,.2609,.2609,.4,.5185,.6667,.694
106,"buckingham_palace",.6,.7,.5,.4333,.425,.42,.1,.2,.25,.35,.35,.4,.1714,.3111,.3333,.3872,.3839,.4098
107,"charles_bridge_prague",1.0,.8,.85,.8667,.75,.62,.0833,.125,.2917,.3333,.4167,.4167,.1538,.2162,.4343,.4815,.5357,.4984
108,"champs_elysees_paris",.6,.7,.6,.6,.6,.66,.1333,.2667,.3333,.4667,.4667,.5333,.2182,.3862,.4286,.525,.525,.5899
109,"chrysler_building",1.0,1.0,1.0,1.0,1.0,1.0,.1429,.2857,.4286,.5,.6429,.8571,.25,.4444,.6,.6667,.7826,.9231
110,"moma_new_york",.4,.6,.8,.8667,.9,.9,.1053,.1579,.2632,.4211,.5263,.5789,.1667,.25,.396,.5668,.6642,.7046
111,"grand_central_terminal",1.0,1.0,1.0,1.0,1.0,.96,.0952,.2381,.2381,.2857,.381,.5238,.1739,.3846,.3846,.4444,.5517,.6778
112,"houses_of_parliament",.8,.8,.9,.9333,.95,.96,.1304,.2609,.4348,.4348,.5217,.5652,.2243,.3934,.5863,.5932,.6736,.7115
113,"alexanderplatz_berlin",.2,.1,.35,.5667,.625,.6,.04,.04,.16,.36,.44,.48,.0667,.0571,.2196,.4403,.5164,.5333
114,"centre_pompidou",.8,.8,.65,.7667,.625,.62,.2222,.2778,.4444,.5,.5,.5,.3478,.4124,.5279,.6053,.5556,.5536
115,"sydney_harbour_bridge",1.0,1.0,1.0,1.0,1.0,.98,.25,.4375,.625,.75,.75,.75,.4,.6087,.7692,.8571,.8571,.8497
116,"pier_39",1.0,1.0,.95,.9667,.975,.9,.1905,.2381,.381,.5238,.619,.6667,.32,.3846,.5438,.6794,.7573,.766
117,"coit_tower",.6,.7,.85,.7667,.675,.66,.1333,.3333,.3333,.4667,.4667,.4667,.2182,.4516,.4789,.5802,.5518,.5467
118,"st_paul_s_cathedral_london",.8,.9,.95,.9667,.875,.84,.1765,.2353,.4706,.6471,.6471,.8235,.2892,.3731,.6294,.7752,.744,.8317
119,"cloud_gate",.6,.6,.8,.6667,.525,.56,.1667,.25,.3333,.3333,.3333,.4167,.2609,.3529,.4706,.4444,.4078,.4778
120,"musee_d_orsay",1.0,1.0,.9,.8667,.9,.92,.1429,.1905,.3333,.4286,.5714,.6667,.25,.32,.4865,.5735,.699,.7731
121,"pike_place_market",1.0,1.0,.9,.8667,.9,.84,.1905,.2381,.4286,.4762,.5238,.5238,.32,.3846,.5806,.6147,.6622,.6453
122,"royal_palace_madrid",.6,.8,.9,.8667,.775,.78,.1364,.2273,.4091,.4091,.4545,.5455,.2222,.354,.5625,.5558,.573,.642
123,"sony_center_berlin",.8,.9,.95,.9667,.925,.94,.1429,.1429,.381,.4762,.5238,.5238,.2424,.2466,.5438,.6381,.6689,.6727
124,"red_square_moscow",.8,.9,.8,.7,.675,.7,.1429,.381,.4286,.5238,.619,.619,.2424,.5353,.5581,.5992,.6458,.657
125,"prague_castle",.8,.8,.8,.8333,.85,.86,.08,.24,.36,.44,.56,.64,.1455,.3692,.4966,.5759,.6752,.7339
126,"musee_du_louvre",1.0,1.0,.95,.9667,.975,.98,.12,.2,.32,.48,.64,.68,.2143,.3333,.4787,.6415,.7728,.8029
127,"millennium_bridge_london",1.0,.8,.7,.7333,.775,.82,.2,.32,.4,.4,.56,.56,.3333,.4571,.5091,.5176,.6502,.6655
128,"casa_mila",1.0,1.0,1.0,1.0,.95,.9,.16,.28,.36,.52,.6,.68,.2759,.4375,.5294,.6842,.7355,.7747
129,"national_gallery_london",1.0,1.0,.95,.6333,.6,.66,.1818,.3182,.4545,.4545,.5455,.5909,.3077,.4828,.6149,.5292,.5714,.6235
130,"national_mall",1.0,.8,.9,.9333,.925,.9,.2,.32,.48,.6,.64,.68,.3333,.4571,.6261,.7304,.7565,.7747
131,"london_city_hall",1.0,1.0,1.0,1.0,.975,.92,.25,.4,.5,.5,.55,.55,.4,.5714,.6667,.6667,.7033,.6884
132,"holocaust_memorial",.6,.7,.85,.7333,.625,.68,.1875,.25,.5625,.625,.625,.6875,.2857,.3684,.677,.6748,.625,.6837
133,"columbus_circle",.4,.6,.75,.7667,.675,.6,.08,.2,.44,.6,.68,.68,.1333,.3,.5546,.6732,.6775,.6375
134,"siegessaeule",.8,.9,.95,.9667,.775,.66,.16,.2,.48,.6,.68,.72,.2667,.3273,.6378,.7404,.7244,.6887
135,"jardin_du_luxembourg",1.0,1.0,1.0,1.0,1.0,1.0,.16,.28,.44,.56,.64,.72,.2759,.4375,.6111,.7179,.7805,.8372
136,"merlion_singapore",.2,.2,.2,.2333,.25,.2,.0455,.0909,.1818,.3182,.4091,.4091,.0741,.125,.1905,.2692,.3103,.2687
137,"harrods_london",1.0,1.0,1.0,.8667,.775,.78,.16,.24,.44,.56,.6,.64,.2759,.3871,.6111,.6804,.6764,.7031
138,"metropolitan_museum_of_art_new_york",1.0,1.0,1.0,.9,.925,.94,.2,.28,.44,.48,.56,.6,.3333,.4375,.6111,.6261,.6976,.7325
139,"new_york_stock_exchange",.8,.9,.8,.8667,.75,.64,.15,.25,.35,.4,.4,.45,.2526,.3913,.487,.5474,.5217,.5284
140,"stephansdom_vienna",1.0,1.0,1.0,1.0,1.0,1.0,.12,.28,.48,.56,.6,.68,.2143,.4375,.6486,.7179,.75,.8095
141,"hms_belfast",1.0,1.0,1.0,1.0,1.0,.96,.16,.2,.36,.44,.52,.56,.2759,.3333,.5294,.6111,.6842,.7074
142,"leicester_square",1.0,1.0,.9,.8,.8,.8,.12,.16,.24,.32,.44,.48,.2143,.2759,.3789,.4571,.5677,.6
143,"ciudad_de_las_artes_y_las_ciencias",1.0,1.0,.95,.9333,.925,.94,.16,.24,.44,.48,.6,.68,.2759,.3871,.6014,.634,.7279,.7891
144,"topkapi_palace",1.0,1.0,1.0,.9667,.975,.98,.12,.24,.36,.52,.56,.64,.2143,.3871,.5294,.6762,.7114,.7743
145,"royal_albert_hall",.6,.6,.75,.7,.675,.74,.12,.16,.28,.44,.48,.48,.2,.2526,.4078,.5404,.561,.5823
146,"st_vitus_cathedral",1.0,.9,.95,.9667,.925,.94,.2,.28,.44,.48,.6,.6,.3333,.4271,.6014,.6415,.7279,.7325
147,"castello_sforzesco",1.0,1.0,.9,.8667,.9,.9,.16,.24,.36,.44,.52,.56,.2759,.3871,.5143,.5837,.6592,.6904
148,"rijksmuseum_amsterdam",1.0,1.0,1.0,1.0,1.0,1.0,.12,.12,.16,.36,.44,.6,.2143,.2143,.2759,.5294,.6111,.75
149,"dam_square",.8,.9,.8,.6667,.55,.6,.16,.28,.36,.4,.44,.52,.2667,.4271,.4966,.5,.4889,.5571
150,"rathaus_vienna",.8,.9,.95,.8667,.85,.7,.16,.16,.16,.16,.32,.36,.2667,.2717,.2739,.2701,.465,.4755
151,"bath_abbey",1.0,1.0,1.0,.9667,.975,.98,.2,.36,.36,.52,.56,.64,.3333,.5294,.5294,.6762,.7114,.7743
152,"salisbury_cathedral",1.0,1.0,1.0,1.0,1.0,1.0,.2,.24,.28,.48,.52,.52,.3333,.3871,.4375,.6486,.6842,.6842
153,"templo_de_debod",.2,.3,.4,.3333,.325,.44,.0455,.1364,.2727,.2727,.2727,.3636,.0741,.1875,.3243,.3,.2966,.3982
154,"Niagara_Falls",.4,.6,.6,.5667,.575,.54,.0909,.1818,.3182,.4091,.4091,.4545,.1481,.2791,.4158,.4752,.4781,.4936
155,"Golden_Gate_Bridge_in_San_Francisco",1.0,.9,.9,.9,.925,.94,.1364,.2273,.3636,.4545,.6364,.6364,.24,.3629,.518,.604,.754,.7589
156,"Neuschwanstein_Castle",1.0,1.0,1.0,1.0,.975,.98,.12,.24,.44,.6,.68,.68,.2143,.3871,.6111,.75,.8012,.8029
157,"Christ_Church_Cathedral_Missouri",1.0,1.0,1.0,1.0,1.0,1.0,.16,.32,.52,.56,.56,.6,.2759,.4848,.6842,.7179,.7179,.75
158,"Mount_Rushmore_in_South_Dakota",.8,.8,.9,.9333,.95,.96,.12,.16,.28,.4,.52,.64,.2087,.2667,.4271,.56,.6721,.768
159,"Puerta_de_Toledo",.6,.3,.15,.1,.075,.06,1.0,1.0,1.0,1.0,1.0,1.0,.75,.4615,.2609,.1818,.1395,.1132
160,"Urquhart_Castle",1.0,.9,.75,.7667,.8,.82,.1667,.2917,.375,.4167,.625,.7083,.2857,.4406,.5,.5399,.7018,.7601
161,"Gare_du_Nord_Paris",.8,.8,.65,.7667,.825,.86,.16,.2,.24,.28,.32,.32,.2667,.32,.3506,.4102,.4611,.4664
162,"Newgrange_in_Ireland",.6,.6,.7,.7333,.7,.64,.0833,.1667,.4167,.4167,.5,.5417,.1463,.2609,.5224,.5314,.5833,.5867
163,"Windmills_at_Kinderdijk",1.0,1.0,.95,.8333,.85,.84,.16,.24,.36,.4,.52,.56,.2759,.3871,.5221,.5405,.6453,.672
164,"Conciergerie",.8,.9,.95,.9667,.975,.98,.12,.24,.48,.56,.64,.68,.2087,.3789,.6378,.7092,.7728,.8029
165,"Palazzo_Madama",1.0,.9,.7,.7667,.725,.7,.2273,.3182,.4091,.5455,.5909,.6818,.3704,.4701,.5164,.6374,.6511,.6908
166,"Split_Rock_Lighthouse",1.0,1.0,1.0,.9667,.9,.88,.12,.2,.2,.24,.36,.4,.2143,.3333,.3333,.3845,.5143,.55
167,"The_Little_Mermaid_Denmark",1.0,.9,.9,.9,.925,.92,.2857,.4286,.4286,.7143,.8571,.9286,.4444,.5806,.5806,.7965,.8898,.9243
168,"Great_Pyramid_of_Giza",.6,.6,.65,.5667,.65,.66,.2,.2667,.5333,.6,.7333,.7333,.3,.3692,.5859,.5829,.6892,.6947
169,"Pitti_Palace",.8,.9,.65,.7333,.8,.82,.1818,.2727,.3636,.5,.6364,.6364,.2963,.4186,.4664,.5946,.7089,.7166
170,"Georgia_State_Capitol",1.0,.9,.75,.6333,.475,.38,.1579,.2105,.2632,.2632,.2632,.2632,.2727,.3412,.3896,.3718,.3387,.311
171,"Dome_des_Invalides",1.0,1.0,1.0,1.0,.95,.96,.16,.24,.4,.52,.6,.64,.2759,.3871,.5714,.6842,.7355,.768
172,"Reggia_di_Caserta",1.0,.8,.6,.6,.475,.52,.16,.24,.36,.44,.48,.52,.2759,.3692,.45,.5077,.4775,.52
173,"The_Burj_al_Arab_Hotel",.8,.6,.7,.7667,.825,.84,.12,.2,.44,.48,.6,.64,.2087,.3,.5404,.5904,.6947,.7265
174,"Elephanta_Caves",1.0,1.0,1.0,1.0,.975,.98,.125,.25,.4583,.5833,.5833,.75,.2222,.4,.6286,.7368,.7299,.8497
175,"Basilica_of_Santa_Croce",1.0,1.0,1.0,1.0,1.0,1.0,.16,.2,.36,.48,.6,.64,.2759,.3333,.5294,.6486,.75,.7805
176,"Aachen_Cathedral",.8,.9,.9,.8667,.9,.92,.12,.28,.4,.44,.6,.6,.2087,.4271,.5538,.5837,.72,.7263
177,"Monument_to_the_Great_Fire_of_London",1.0,.7,.55,.5,.45,.48,.2,.2,.28,.36,.4,.52,.3333,.3111,.3711,.4186,.4235,.4992
178,"Longmen_Grottoes",.6,.6,.6,.6333,.6,.6,.08,.2,.36,.6,.68,.8,.1412,.3,.45,.6162,.6375,.6857
179,"Louisiana_State_Capitol",.4,.3,.25,.2,.25,.22,.08,.12,.16,.2,.28,.28,.1333,.1714,.1951,.2,.2642,.2464
180,"The_Great_Sphinx_at_Giza",1.0,1.0,.9,.9,.85,.88,.16,.24,.32,.4,.56,.68,.2759,.3871,.4721,.5538,.6752,.7672
181,"Teatro_Real_Madrid",1.0,1.0,1.0,.9333,.875,.88,.2174,.3478,.5652,.6087,.7391,.8696,.3571,.5161,.7222,.7368,.8013,.8748
182,"Palacio_de_la_Magdalena",.6,.7,.85,.8333,.85,.82,.12,.28,.44,.52,.64,.68,.2,.4,.5798,.6404,.7302,.7435
183,"Sowjetisches_Ehrenmal",.6,.7,.55,.6,.625,.66,.12,.24,.36,.44,.6,.72,.2,.3574,.4352,.5077,.6122,.6887
184,"Cathedral_of_Trier",1.0,1.0,1.0,1.0,1.0,.92,.2,.32,.48,.64,.76,.8,.3333,.4848,.6486,.7805,.8636,.8558
185,"Saint_Mary_of_the_Flower",.2,.1,.1,.1333,.125,.1,.04,.04,.08,.12,.16,.16,.0667,.0571,.0889,.1263,.1404,.1231
186,"Skellig_Michael",1.0,1.0,.8,.7667,.75,.72,.2,.28,.44,.6,.64,.64,.3333,.4375,.5677,.6732,.6906,.6776
187,"Chicago_Board_of_Trade_Building",1.0,1.0,.85,.8667,.85,.88,.1818,.3182,.4091,.5909,.5909,.6818,.3077,.4828,.5523,.7027,.6972,.7683
188,"Pont_de_Normandie_France",1.0,.7,.85,.9,.9,.92,.2105,.2105,.5263,.6842,.7368,.8421,.3478,.3237,.6501,.7774,.8103,.8793
189,"Palazzo_Rosso",.2,.1,.05,.0333,.1,.08,.0417,.0417,.0417,.0417,.125,.125,.069,.0588,.0455,.037,.1111,.0976
190,"Piazza_Vittorio_Veneto",.6,.7,.7,.5333,.4,.36,.125,.25,.4375,.5,.5,.5625,.2069,.3684,.5385,.5161,.4444,.439
191,"Sforza_Castle",1.0,1.0,.95,.9333,.925,.94,.16,.28,.48,.56,.6,.68,.2759,.4375,.6378,.7,.7279,.7891
192,"Torres_KIO",1.0,.9,.9,.8667,.9,.9,.2,.28,.48,.56,.6,.64,.3333,.4271,.6261,.6804,.72,.7481
193,"Torre_Picasso",1.0,1.0,1.0,1.0,.825,.66,.1667,.25,.4583,.5833,.6667,.6667,.2857,.4,.6286,.7368,.7374,.6633
194,"The_Palace_of_Parliament_in_Bucharest",1.0,.9,.95,.9667,.975,.94,.16,.2,.24,.44,.56,.64,.2759,.3273,.3832,.6047,.7114,.7615
195,"Ernest_Hemingway_House",.8,.9,.9,.9,.825,.78,.16,.24,.48,.56,.56,.68,.2667,.3789,.6261,.6904,.6671,.7266
196,"Castel_dellOvo_Napoli",.8,.9,.85,.8667,.9,.92,.16,.28,.44,.56,.68,.76,.2667,.4271,.5798,.6804,.7747,.8324
197,"Villa_Borghese_gardens",1.0,1.0,1.0,1.0,1.0,1.0,.2,.28,.48,.72,.8,.92,.3333,.4375,.6486,.8372,.8889,.9583
198,"Saint_Marks_Basilica",1.0,1.0,1.0,1.0,1.0,1.0,.16,.24,.4,.4,.4,.4,.2759,.3871,.5714,.5714,.5714,.5714
199,"Mausoleum_of_the_First_Qin_Emperor",.8,.9,.95,.8333,.75,.8,.16,.32,.36,.44,.52,.52,.2667,.4721,.5221,.5759,.6142,.6303
200,"Mausoleum_of_Hadrian",1.0,1.0,.9,.9,.875,.9,.1667,.3333,.5,.5,.5,.6111,.2857,.5,.6429,.6429,.6364,.7279
201,"Piazza_de_Ferrari",1.0,1.0,1.0,.9667,.975,.94,.1053,.2632,.3684,.4737,.5263,.5263,.1905,.4167,.5385,.6358,.6836,.6748
202,"George_Washington_Carver",.4,.5,.6,.7,.675,.68,.125,.125,.3125,.5,.5625,.625,.1905,.2,.411,.5833,.6136,.6513
203,"Cathedral_of_Santiago_de_Compostela",1.0,1.0,1.0,.9333,.85,.84,.1765,.2941,.4118,.6471,.7647,.7647,.3,.4545,.5833,.7643,.8051,.8006
204,"Saint-Jacques_Tower",.8,.8,.9,.8333,.8,.78,.3077,.4615,.4615,.4615,.5385,.5385,.4444,.5854,.6102,.5941,.6437,.6371
205,"Calakmul_Campeche_Mexico",.6,.7,.8,.8333,.825,.86,.1429,.2857,.3571,.5,.6429,.7857,.2308,.4058,.4938,.625,.7226,.8212
206,"Bran_Castle_in_Transylvania",1.0,.9,.85,.9,.9,.9,.1579,.2632,.3158,.3684,.4737,.6842,.2727,.4072,.4605,.5228,.6207,.7774
207,"Mosteiro_da_Batalha",1.0,1.0,1.0,1.0,1.0,1.0,.2632,.2632,.4211,.5789,.6842,.7368,.4167,.4167,.5926,.7333,.8125,.8485
208,"Wartburg_Castle",1.0,1.0,1.0,.9667,.95,.92,.2,.35,.5,.65,.7,.75,.3333,.5185,.6667,.7773,.8061,.8263
209,"Fujian_Tulou_Fujian_China",1.0,1.0,1.0,1.0,1.0,1.0,.1667,.3333,.4444,.5556,.6667,.6667,.2857,.5,.6154,.7143,.8,.8
210,"Alabama_State_Capitol",.6,.4,.5,.6333,.725,.76,.1429,.1905,.4286,.5714,.7619,.8571,.2308,.2581,.4615,.6008,.743,.8057
211,"Palazzo_dAccursio",1.0,1.0,.95,.9,.875,.9,.1667,.2222,.3333,.3333,.4444,.6111,.2857,.3636,.4935,.4865,.5895,.7279
212,"Casa_Grande_Ruins",1.0,.7,.75,.7333,.8,.82,.1765,.2941,.4706,.5294,.5294,.5294,.3,.4142,.5783,.6149,.6372,.6434
213,"Stravinsky_Fountain",1.0,1.0,1.0,1.0,.975,.94,.2,.2,.2667,.4667,.6,.6,.3333,.3333,.4211,.6364,.7429,.7325
214,"Angel_Falls_Venezuela",.6,.7,.65,.5,.475,.44,.1176,.1765,.4118,.5294,.5294,.6471,.1967,.2819,.5042,.5143,.5007,.5238
215,"Statue_of_George_IV",.6,.7,.6,.5667,.5,.48,.25,.5,.5,.75,.75,.875,.3529,.5833,.5455,.6456,.6,.6199
216,"Palacio_Barolo",.8,.7,.8,.8667,.9,.92,.1765,.2353,.4118,.4706,.5882,.5882,.2892,.3522,.5437,.61,.7115,.7176
217,"Bridge_of_Remembrance_Christchurch_New_Zealand",1.0,1.0,1.0,1.0,.925,.8,.3333,.3333,.75,.9167,1.0,1.0,.5,.5,.8571,.9565,.961,.8889
218,"John_A._Roebling_Suspension_Bridge",.0,.2,.35,.3667,.425,.44,.0,.1333,.3333,.5333,.7333,.7333,.0,.16,.3415,.4346,.5381,.55
219,"Blue_Dome_Santorini",1.0,1.0,.9,.9333,.95,.96,.3125,.375,.5,.5625,.6875,.6875,.4762,.5455,.6429,.7019,.7977,.8012
220,"Fossar_de_les_Moreres",.6,.8,.75,.7,.525,.48,.1429,.2857,.5714,.7143,.7143,.7143,.2308,.4211,.6486,.7071,.6052,.5742
221,"Luxor_Obelisk_France",1.0,1.0,.8,.7667,.7,.66,.1875,.25,.3125,.375,.375,.375,.3158,.4,.4494,.5036,.4884,.4783
222,"Valle_de_los_Caidos",1.0,1.0,.85,.9,.9,.88,.25,.4,.45,.6,.65,.65,.4,.5714,.5885,.72,.7548,.7477
--------------------
"--","Avg.",P@5,P@10,P@20,P@30,P@40,P@50,CR@5,CR@10,CR@20,CR@30,CR@40,CR@50,F1@5,F1@10,F1@20,F1@30,F1@40,F1@50
,.,8126,.8063,.7977,.7866,.7752,.7701,.152,.242,.3749,.4758,.5534,.6122,.2501,.3639,.4983,.5798,.6322,.6674
