--------------------
"Run name","output_runCEDDDtrs"
--------------------
"Average P@20 = ",.8002
"Average CR@20 = ",.3747
"Average F1@20 = ",.4985
--------------------
"Query Id ","Location name",P@5,P@10,P@20,P@30,P@40,P@50,CR@5,CR@10,CR@20,CR@30,CR@40,CR@50,F1@5,F1@10,F1@20,F1@30,F1@40,F1@50
1,"angel_of_the_north",1.0,1.0,1.0,1.0,1.0,.98,.16,.24,.44,.52,.64,.64,.2759,.3871,.6111,.6842,.7805,.7743
2,"big_ben",1.0,1.0,.9,.8667,.875,.84,.1818,.3182,.3182,.4545,.5455,.5909,.3077,.4828,.4701,.5963,.672,.6938
3,"hearst_castle",1.0,1.0,.95,.9667,.95,.9,.2083,.3333,.5,.7083,.75,.7917,.3448,.5,.6552,.8176,.8382,.8424
4,"la_madeleine",.0,.0,.25,.3333,.35,.36,.0,.0,.2143,.3571,.5,.7143,.0,.0,.2308,.3448,.4118,.4787
5,"pont_alexandre_iii",1.0,1.0,.95,.9667,.975,.96,.2,.32,.36,.36,.48,.64,.3333,.4848,.5221,.5246,.6433,.768
6,"neues_museum",.0,.0,.05,.1,.275,.4,.0,.0,.04,.08,.28,.52,.0,.0,.0444,.0889,.2775,.4522
7,"montezuma_castle",1.0,.8,.55,.5333,.575,.58,.3333,.4167,.5,.6667,.75,.75,.5,.5479,.5238,.5926,.6509,.6541
8,"cn_tower",.4,.4,.55,.6333,.675,.6,.0833,.125,.2917,.4167,.5417,.5833,.1379,.1905,.3812,.5026,.601,.5915
9,"acropolis_athens",.8,.8,.85,.9,.875,.88,.0952,.2381,.381,.5238,.5714,.5714,.1702,.367,.5261,.6622,.6914,.6929
10,"agra_fort",.8,.9,.85,.8333,.85,.86,.16,.24,.36,.52,.6,.68,.2667,.3789,.5058,.6404,.7034,.7595
11,"albert_memorial",.8,.8,.9,.9,.875,.82,.0909,.1818,.3636,.3636,.5455,.5455,.1633,.2963,.518,.518,.672,.6551
12,"altes_museum",1.0,.8,.75,.6333,.6,.6,.1667,.2917,.375,.4167,.4583,.5833,.2857,.4275,.5,.5026,.5197,.5915
13,"amiens_cathedral",1.0,.9,.95,.9667,.95,.92,.16,.24,.48,.68,.72,.76,.2759,.3789,.6378,.7984,.8192,.8324
14,"angkor_wat",1.0,1.0,.7,.6667,.675,.74,.12,.24,.36,.52,.6,.68,.2143,.3871,.4755,.5843,.6353,.7087
15,"ara_pacis",1.0,1.0,.75,.7,.675,.62,.2273,.3636,.5,.5455,.6818,.6818,.3704,.5333,.6,.6131,.6784,.6494
16,"arc_de_triomphe",1.0,1.0,.95,.8667,.825,.78,.1667,.2083,.4583,.5,.5833,.6667,.2857,.3448,.6183,.6341,.6834,.7189
17,"aztec_ruins",.0,.1,.1,.1,.2,.24,.0,.04,.08,.12,.28,.32,.0,.0571,.0889,.1091,.2333,.2743
18,"berlin_cathedral",1.0,1.0,.95,.9667,.975,.98,.16,.36,.48,.56,.6,.64,.2759,.5294,.6378,.7092,.7429,.7743
19,"bok_tower_gardens",1.0,.8,.7,.8,.825,.86,.2,.28,.48,.64,.68,.72,.3333,.4148,.5695,.7111,.7455,.7838
20,"brandenburg_gate",1.0,1.0,1.0,1.0,.975,.94,.16,.24,.28,.4,.52,.64,.2759,.3871,.4375,.5714,.6783,.7615
21,"cabrillo",.0,.0,.15,.1667,.175,.14,.0,.0,.2308,.3846,.4615,.4615,.0,.0,.1818,.2326,.2538,.2148
22,"casa_batllo",1.0,1.0,1.0,1.0,1.0,1.0,.2,.24,.4,.52,.68,.8,.3333,.3871,.5714,.6842,.8095,.8889
23,"casa_rosada",.6,.7,.85,.9,.925,.92,.08,.12,.28,.56,.68,.68,.1412,.2049,.4212,.6904,.7838,.782
24,"castillo_de_san_marcos",1.0,.9,.55,.5667,.625,.6,.16,.28,.28,.36,.44,.56,.2759,.4271,.3711,.4403,.5164,.5793
25,"chartres_cathedral",1.0,1.0,1.0,1.0,.975,.96,.16,.2,.44,.56,.72,.76,.2759,.3333,.6111,.7179,.8283,.8484
26,"chichen_itza",.8,.7,.75,.7667,.825,.82,.16,.2,.36,.48,.56,.68,.2667,.3111,.4865,.5904,.6671,.7435
27,"christ_the_redeemer_rio",.4,.6,.7,.5667,.525,.5,.087,.2174,.2609,.3043,.4348,.4783,.1429,.3191,.3801,.396,.4757,.4889
28,"civic_center_san_francisco",.8,.7,.85,.8,.825,.78,.16,.28,.44,.48,.6,.6,.2667,.4,.5798,.6,.6947,.6783
29,"cologne_cathedral",1.0,1.0,.95,.9667,.975,.98,.12,.2,.36,.52,.56,.68,.2143,.3333,.5221,.6762,.7114,.8029
30,"colosseum",1.0,1.0,1.0,1.0,1.0,.98,.16,.16,.36,.48,.56,.6,.2759,.2759,.5294,.6486,.7179,.7443
31,"doge_s_palace",1.0,1.0,.9,.8667,.875,.88,.16,.24,.36,.44,.48,.52,.2759,.3871,.5143,.5837,.6199,.6537
32,"eiffel_tower",1.0,1.0,1.0,1.0,.975,.94,.16,.16,.28,.4,.48,.48,.2759,.2759,.4375,.5714,.6433,.6355
33,"golden_gate_bridge",.8,.8,.9,.9,.825,.8,.1739,.2174,.3913,.5217,.5652,.5652,.2857,.3419,.5455,.6606,.6708,.6624
34,"grand_palais",1.0,.9,.9,.9,.9,.92,.0455,.1364,.3636,.4545,.5455,.5455,.087,.2368,.518,.604,.6792,.6849
35,"guggenheim_museum_bilbao",1.0,1.0,1.0,1.0,.975,.96,.12,.16,.36,.48,.56,.6,.2143,.2759,.5294,.6486,.7114,.7385
36,"hagia_sophia_istanbul",1.0,1.0,1.0,1.0,.975,.96,.2,.24,.32,.48,.56,.64,.3333,.3871,.4848,.6486,.7114,.768
37,"hoover_dam",1.0,1.0,.9,.9333,.95,.94,.16,.2,.36,.48,.6,.68,.2759,.3333,.5143,.634,.7355,.7891
38,"humayun_tomb",.8,.6,.65,.6667,.725,.72,.08,.16,.36,.48,.64,.72,.1455,.2526,.4634,.5581,.6799,.72
39,"iguazu_falls",.6,.7,.8,.8,.775,.76,.12,.12,.28,.44,.52,.56,.2,.2049,.4148,.5677,.6224,.6448
40,"iolani_palace",1.0,1.0,1.0,.9,.85,.74,.12,.16,.4,.56,.64,.68,.2143,.2759,.5714,.6904,.7302,.7087
41,"la_mezquita",.6,.8,.85,.8,.75,.68,.125,.2917,.4583,.5,.5,.5833,.2069,.4275,.5955,.6154,.6,.628
42,"la_rambla_barcelona",.8,.9,.95,.9667,.975,.94,.16,.24,.44,.52,.56,.6,.2667,.3789,.6014,.6762,.7114,.7325
43,"la_sainte_chapelle",1.0,.9,.95,.9333,.95,.96,.12,.28,.48,.64,.64,.64,.2143,.4271,.6378,.7593,.7648,.768
44,"liberty_memorial",.8,.6,.55,.6,.675,.64,.04,.12,.24,.36,.44,.44,.0762,.2,.3342,.45,.5327,.5215
45,"lincoln_home",1.0,1.0,.9,.9333,.925,.9,.2778,.3333,.4444,.6667,.7778,.8333,.4348,.5,.595,.7778,.845,.8654
46,"machu_picchu",.8,.8,.7,.7,.7,.72,.16,.28,.4,.48,.64,.64,.2667,.4148,.5091,.5695,.6687,.6776
47,"marble_arch_london",.6,.7,.65,.5,.45,.38,.1667,.4167,.5833,.5833,.6667,.75,.2609,.5224,.6149,.5385,.5373,.5044
48,"milan_cathedral",1.0,1.0,.95,.8667,.85,.88,.12,.2,.36,.52,.6,.72,.2143,.3333,.5221,.65,.7034,.792
49,"mole_antonelliana",1.0,1.0,.9,.8333,.85,.82,.12,.16,.2,.36,.48,.52,.2143,.2759,.3273,.5028,.6135,.6364
50,"mont_saint_michel",1.0,1.0,1.0,1.0,1.0,.98,.12,.24,.44,.48,.52,.56,.2143,.3871,.6111,.6486,.6842,.7127
51,"moulin_rouge",.0,.0,.0,.0333,.075,.12,.0,.0,.0,.125,.375,.5,.0,.0,.0,.0526,.125,.1935
52,"nelson_s_column",1.0,1.0,.95,.9667,.975,.98,.0833,.1667,.3333,.4583,.5417,.625,.1538,.2857,.4935,.6218,.6964,.7632
53,"notre_dame_de_paris",.8,.9,.9,.9333,.925,.9,.16,.24,.4,.52,.6,.68,.2667,.3789,.5538,.6679,.7279,.7747
54,"obelisco",.2,.2,.1,.0667,.075,.08,.0909,.0909,.0909,.0909,.1818,.2727,.125,.125,.0952,.0769,.1062,.1237
55,"piccadilly_circus",1.0,1.0,.85,.9,.8,.8,.1304,.2174,.4348,.4783,.5217,.5217,.2308,.3571,.5753,.6246,.6316,.6316
56,"place_de_la_concorde",1.0,1.0,1.0,.9667,.975,.98,.16,.24,.32,.4,.44,.56,.2759,.3871,.4848,.5659,.6064,.7127
57,"place_de_la_republique",.4,.4,.35,.3333,.25,.22,.25,.375,.625,.75,.75,.875,.3077,.3871,.4487,.4615,.375,.3516
58,"place_des_vosges",1.0,.8,.75,.8,.775,.76,.08,.16,.32,.48,.6,.6,.1481,.2667,.4486,.6,.6764,.6706
59,"pont_du_gard",.8,.8,.9,.9333,.875,.8,.12,.16,.36,.52,.6,.6,.2087,.2667,.5143,.6679,.7119,.6857
60,"pont_neuf",1.0,1.0,.9,.8667,.825,.74,.16,.24,.4,.6,.64,.64,.2759,.3871,.5538,.7091,.7208,.6864
61,"ponte_vecchio",1.0,.9,.9,.9,.775,.78,.1667,.1667,.4167,.5,.5833,.6667,.2857,.2812,.5696,.6429,.6656,.7189
62,"puerta_de_alcala",.2,.1,.35,.5,.55,.62,.0526,.0526,.3158,.3158,.5263,.5789,.0833,.069,.332,.3871,.5379,.5988
63,"puerta_del_sol",1.0,.6,.6,.5,.45,.44,.15,.2,.35,.35,.4,.5,.2609,.3,.4421,.4118,.4235,.4681
64,"red_fort",1.0,1.0,1.0,1.0,1.0,1.0,.16,.28,.52,.6,.64,.8,.2759,.4375,.6842,.75,.7805,.8889
65,"reims_cathedral",1.0,1.0,1.0,.9667,.975,.98,.2,.32,.44,.6,.64,.68,.3333,.4848,.6111,.7404,.7728,.8029
66,"rialto_bridge",1.0,.8,.9,.8,.725,.66,.1875,.25,.5,.5625,.625,.6875,.3158,.381,.6429,.6606,.6713,.6735
67,"roman_forum_rome",.6,.7,.65,.6333,.7,.66,.08,.16,.28,.36,.52,.56,.1412,.2605,.3914,.4591,.5967,.6059
68,"sacre_coeur",.2,.4,.6,.5667,.55,.64,.0417,.0833,.2083,.3333,.4167,.5,.069,.1379,.3093,.4198,.4741,.5614
69,"sagrada_familia",1.0,.9,.95,.9333,.9,.92,.16,.28,.36,.48,.48,.6,.2759,.4271,.5221,.634,.6261,.7263
70,"santa_maria_novella",.4,.4,.4,.5333,.55,.54,.08,.16,.28,.4,.4,.48,.1333,.2286,.3294,.4571,.4632,.5082
71,"schonbrunn_palace",1.0,1.0,1.0,.9667,.975,.98,.16,.24,.4,.52,.56,.56,.2759,.3871,.5714,.6762,.7114,.7127
72,"seville_cathedral",.8,.7,.8,.8333,.875,.9,.16,.2,.4,.44,.56,.64,.2667,.3111,.5333,.5759,.6829,.7481
73,"spanish_steps",1.0,.9,.8,.7333,.675,.66,.1364,.1818,.3636,.4545,.5909,.7273,.24,.3025,.5,.5612,.6302,.692
74,"st__basil_cathedral",1.0,1.0,.95,.8667,.825,.86,.16,.32,.48,.52,.56,.68,.2759,.4848,.6378,.65,.6671,.7595
75,"statue_of_liberty",1.0,1.0,.9,.8667,.9,.9,.12,.16,.36,.48,.64,.68,.2143,.2759,.5143,.6178,.7481,.7747
76,"stonehenge",.8,.7,.7,.7,.625,.58,.1579,.2105,.3684,.4737,.5789,.5789,.2637,.3237,.4828,.565,.6011,.5795
77,"summer_palace_beijing",1.0,1.0,.95,.9667,.95,.96,.12,.28,.36,.48,.56,.68,.2143,.4375,.5221,.6415,.7046,.7961
78,"sydney_opera_house",1.0,1.0,.95,.9667,.975,.94,.12,.24,.44,.52,.64,.68,.2143,.3871,.6014,.6762,.7728,.7891
79,"teotihuacan",.8,.7,.6,.6,.625,.64,.16,.24,.36,.44,.56,.64,.2667,.3574,.45,.5077,.5907,.64
80,"terracotta_army",.8,.9,.8,.5667,.475,.44,.15,.35,.5,.5,.5,.55,.2526,.504,.6154,.5312,.4872,.4889
81,"the_blue_mosque",.6,.7,.8,.8667,.85,.86,.08,.16,.28,.48,.6,.68,.1412,.2605,.4148,.6178,.7034,.7595
82,"the_henry_ford",1.0,1.0,.9,.7333,.65,.7,.16,.24,.36,.36,.44,.6,.2759,.3871,.5143,.4829,.5248,.6462
83,"taj_mahal",1.0,.9,.8,.8667,.85,.88,.16,.28,.4,.44,.56,.76,.2759,.4271,.5333,.5837,.6752,.8156
84,"tour_montparnasse",.6,.6,.65,.5,.5,.44,.15,.3,.4,.45,.55,.55,.24,.4,.4952,.4737,.5238,.4889
85,"tower_bridge_london",1.0,1.0,.7,.6667,.575,.54,.16,.28,.36,.44,.48,.56,.2759,.4375,.4755,.5301,.5232,.5498
86,"trafalgar_square",.8,.5,.4,.3333,.35,.38,.1364,.1818,.2273,.2727,.3182,.4091,.233,.2667,.2899,.3,.3333,.394
87,"leaning_tower_of_pisa",.8,.7,.5,.4,.45,.52,.16,.24,.28,.36,.52,.6,.2667,.3574,.359,.3789,.4825,.5571
88,"hermitage_museum_saint_petersburg",1.0,1.0,.75,.7333,.75,.8,.12,.24,.24,.44,.56,.6,.2143,.3871,.3636,.55,.6412,.6857
89,"jantar_mantar_jaipur",.8,.8,.75,.7667,.8,.82,.12,.28,.4,.52,.6,.8,.2087,.4148,.5217,.6197,.6857,.8099
90,"lake_titicaca_peru",.6,.5,.6,.5,.475,.52,.0833,.1667,.2917,.375,.5,.5833,.1463,.25,.3925,.4286,.4872,.5498
91,"the_great_wall_of_china",.6,.8,.8,.8333,.85,.88,.08,.24,.36,.44,.52,.64,.1412,.3692,.4966,.5759,.6453,.7411
92,"grande_arche_paris",.6,.8,.7,.6333,.6,.62,.08,.24,.32,.36,.36,.4,.1412,.3692,.4392,.4591,.45,.4863
93,"el_angel_mexico",1.0,1.0,.8,.6667,.65,.64,.1429,.2857,.4286,.4762,.6667,.7143,.25,.4444,.5581,.5556,.6582,.6751
94,"bibliotheque_nationale_de_france",.6,.6,.7,.7333,.725,.76,.12,.12,.2,.4,.44,.56,.2,.2,.3111,.5176,.5476,.6448
95,"kronborg_castle",.8,.7,.7,.7333,.725,.7,.1667,.2083,.4167,.5417,.5417,.5833,.2759,.3211,.5224,.6231,.6201,.6364
96,"ajanta_caves",.6,.7,.8,.8667,.9,.92,.0909,.2273,.4091,.5,.5455,.5455,.1579,.3431,.5414,.6341,.6792,.6849
97,"atomium",.8,.9,.95,.9667,.975,.94,.1429,.3333,.381,.4286,.4286,.4762,.2424,.4865,.5438,.5939,.5954,.6321
98,"ellora_caves",1.0,1.0,1.0,.9667,.95,.96,.1364,.1818,.3182,.3182,.5455,.5455,.24,.3077,.4828,.4788,.693,.6957
99,"potala_palace",.8,.9,.85,.8667,.875,.86,.1667,.2222,.2778,.5,.5556,.6667,.2759,.3564,.4187,.6341,.6796,.7511
100,"jokhang",.8,.7,.85,.8333,.825,.82,.12,.16,.36,.6,.76,.8,.2087,.2605,.5058,.6977,.7912,.8099
101,"rila_monastery",.8,.6,.75,.8333,.875,.9,.16,.16,.24,.36,.44,.44,.2667,.2526,.3636,.5028,.5856,.591
102,"louvre_pyramid",1.0,1.0,1.0,.9333,.95,.92,.1111,.2222,.4444,.5556,.6111,.6667,.2,.3636,.6154,.6965,.7438,.7731
103,"brooklyn_bridge",1.0,.9,.95,.9333,.85,.84,.0476,.1905,.381,.4286,.4762,.4762,.0909,.3144,.5438,.5874,.6104,.6078
104,"tower_of_london",.6,.8,.75,.8,.775,.74,.0435,.1304,.3043,.3913,.4348,.5652,.0811,.2243,.433,.5255,.5571,.6409
105,"british_museum_london",1.0,1.0,1.0,.9667,.975,.96,.15,.15,.4,.45,.55,.6,.2609,.2609,.5714,.6141,.7033,.7385
106,"buckingham_palace",.6,.7,.6,.4667,.45,.42,.15,.2,.2,.25,.35,.4,.24,.3111,.3,.3256,.3937,.4098
107,"charles_bridge_prague",1.0,1.0,.9,.8,.75,.64,.0833,.125,.3333,.375,.4167,.4167,.1538,.2222,.4865,.5106,.5357,.5047
108,"champs_elysees_paris",.4,.5,.6,.6,.65,.56,.1333,.2,.3333,.4,.5333,.6,.2,.2857,.4286,.48,.5859,.5793
109,"chrysler_building",1.0,1.0,1.0,1.0,1.0,1.0,.1429,.2857,.5,.5,.7143,.9286,.25,.4444,.6667,.6667,.8333,.963
110,"moma_new_york",.8,.7,.85,.9,.875,.88,.1579,.1579,.3684,.4211,.4737,.6316,.2637,.2577,.514,.5737,.6146,.7354
111,"grand_central_terminal",1.0,1.0,1.0,1.0,1.0,1.0,.1429,.1905,.2381,.3333,.5238,.5714,.25,.32,.3846,.5,.6875,.7273
112,"houses_of_parliament",1.0,1.0,1.0,1.0,1.0,1.0,.1739,.2174,.2609,.3913,.3913,.4783,.2963,.3571,.4138,.5625,.5625,.6471
113,"alexanderplatz_berlin",.0,.0,.35,.5,.575,.62,.0,.0,.12,.36,.48,.52,.0,.0,.1787,.4186,.5232,.5656
114,"centre_pompidou",.8,.8,.65,.7333,.625,.62,.2222,.2778,.3333,.5,.5,.5,.3478,.4124,.4407,.5946,.5556,.5536
115,"sydney_harbour_bridge",1.0,1.0,1.0,1.0,1.0,1.0,.25,.375,.5,.5625,.6875,.6875,.4,.5455,.6667,.72,.8148,.8148
116,"pier_39",1.0,1.0,.95,.9333,.9,.92,.1905,.2381,.381,.5714,.5714,.6667,.32,.3846,.5438,.7089,.699,.7731
117,"coit_tower",.8,.7,.65,.7,.525,.56,.1333,.2,.3333,.4,.4,.4667,.2286,.3111,.4407,.5091,.4541,.5091
118,"st_paul_s_cathedral_london",1.0,1.0,.9,.8333,.825,.84,.2941,.3529,.5294,.6471,.6471,.6471,.4545,.5217,.6667,.7285,.7253,.731
119,"cloud_gate",1.0,.8,.65,.5667,.625,.6,.1667,.1667,.3333,.3333,.5,.5,.2857,.2759,.4407,.4198,.5556,.5455
120,"musee_d_orsay",1.0,1.0,.85,.8667,.9,.92,.0952,.1429,.2857,.4286,.5714,.619,.1739,.25,.4277,.5735,.699,.7401
121,"pike_place_market",1.0,.9,.85,.9,.9,.86,.1905,.3333,.381,.5238,.5714,.5714,.32,.4865,.5261,.6622,.699,.6866
122,"royal_palace_madrid",.6,.8,.8,.8667,.8,.78,.1364,.2273,.3636,.4545,.5,.6818,.2222,.354,.5,.5963,.6154,.7276
123,"sony_center_berlin",.8,.9,.95,.9667,.925,.92,.1429,.1429,.381,.4286,.5238,.5238,.2424,.2466,.5438,.5939,.6689,.6675
124,"red_square_moscow",.8,.9,.65,.6333,.675,.7,.0952,.1905,.3333,.381,.5714,.619,.1702,.3144,.4407,.4757,.6189,.657
125,"prague_castle",1.0,1.0,.95,.9,.875,.82,.16,.36,.44,.56,.68,.72,.2759,.5294,.6014,.6904,.7653,.7668
126,"musee_du_louvre",.8,.9,.95,.9667,.975,.96,.08,.2,.4,.48,.6,.68,.1455,.3273,.563,.6415,.7429,.7961
127,"millennium_bridge_london",.4,.6,.65,.7333,.8,.78,.08,.24,.28,.44,.48,.48,.1333,.3429,.3914,.55,.6,.5943
128,"casa_mila",1.0,1.0,1.0,1.0,.975,.94,.2,.32,.4,.52,.6,.68,.3333,.4848,.5714,.6842,.7429,.7891
129,"national_gallery_london",1.0,.9,.75,.6333,.65,.66,.1818,.3182,.3636,.4545,.5,.5455,.3077,.4701,.4898,.5292,.5652,.5973
130,"national_mall",1.0,1.0,1.0,1.0,.925,.92,.2,.28,.52,.6,.64,.8,.3333,.4375,.6842,.75,.7565,.8558
131,"london_city_hall",1.0,1.0,1.0,1.0,.95,.86,.2,.4,.55,.6,.6,.6,.3333,.5714,.7097,.75,.7355,.7068
132,"holocaust_memorial",.8,.9,.8,.7333,.675,.68,.1875,.3125,.4375,.5,.5625,.625,.3038,.4639,.5657,.5946,.6136,.6513
133,"columbus_circle",.6,.7,.8,.7333,.625,.58,.12,.24,.52,.68,.68,.68,.2,.3574,.6303,.7057,.6513,.626
134,"siegessaeule",1.0,1.0,1.0,.9333,.775,.7,.16,.2,.52,.64,.68,.72,.2759,.3333,.6842,.7593,.7244,.7099
135,"jardin_du_luxembourg",1.0,1.0,1.0,1.0,1.0,1.0,.12,.24,.48,.6,.68,.8,.2143,.3871,.6486,.75,.8095,.8889
136,"merlion_singapore",.2,.2,.15,.2,.175,.16,.0455,.0909,.1364,.2727,.2727,.3182,.0741,.125,.1429,.2308,.2132,.2129
137,"harrods_london",1.0,.9,.9,.9,.875,.78,.16,.28,.44,.52,.6,.6,.2759,.4271,.591,.6592,.7119,.6783
138,"metropolitan_museum_of_art_new_york",1.0,1.0,.95,.9333,.925,.94,.16,.28,.4,.48,.48,.64,.2759,.4375,.563,.634,.632,.7615
139,"new_york_stock_exchange",1.0,.9,.85,.8667,.775,.64,.25,.25,.35,.4,.45,.45,.4,.3913,.4958,.5474,.5694,.5284
140,"stephansdom_vienna",1.0,1.0,1.0,1.0,1.0,1.0,.12,.32,.52,.6,.64,.72,.2143,.4848,.6842,.75,.7805,.8372
141,"hms_belfast",1.0,1.0,1.0,.9667,.975,.94,.12,.16,.32,.4,.44,.56,.2143,.2759,.4848,.5659,.6064,.7019
142,"leicester_square",1.0,1.0,.85,.8333,.775,.78,.12,.16,.24,.36,.48,.52,.2143,.2759,.3743,.5028,.5928,.624
143,"ciudad_de_las_artes_y_las_ciencias",1.0,.8,.85,.9,.925,.94,.16,.24,.32,.48,.56,.64,.2759,.3692,.465,.6261,.6976,.7615
144,"topkapi_palace",1.0,1.0,1.0,.9667,.975,.94,.2,.28,.4,.52,.56,.64,.3333,.4375,.5714,.6762,.7114,.7615
145,"royal_albert_hall",1.0,1.0,.85,.7667,.775,.74,.12,.2,.32,.4,.4,.48,.2143,.3333,.465,.5257,.5277,.5823
146,"st_vitus_cathedral",.8,.9,.95,.9333,.95,.96,.12,.2,.44,.52,.56,.6,.2087,.3273,.6014,.6679,.7046,.7385
147,"castello_sforzesco",1.0,.9,.85,.8333,.85,.88,.12,.2,.36,.36,.52,.56,.2143,.3273,.5058,.5028,.6453,.6844
148,"rijksmuseum_amsterdam",1.0,1.0,1.0,1.0,1.0,1.0,.12,.12,.2,.36,.52,.64,.2143,.2143,.3333,.5294,.6842,.7805
149,"dam_square",1.0,.8,.65,.7,.6,.6,.12,.16,.28,.4,.4,.4,.2143,.2667,.3914,.5091,.48,.48
150,"rathaus_vienna",1.0,1.0,.95,.9,.8,.74,.16,.16,.16,.24,.32,.4,.2759,.2759,.2739,.3789,.4571,.5193
151,"bath_abbey",1.0,1.0,.95,.9667,.975,.98,.2,.28,.4,.52,.6,.72,.3333,.4375,.563,.6762,.7429,.8301
152,"salisbury_cathedral",1.0,1.0,1.0,1.0,1.0,1.0,.12,.16,.28,.36,.44,.48,.2143,.2759,.4375,.5294,.6111,.6486
153,"templo_de_debod",.0,.3,.3,.4,.45,.46,.0,.1364,.1818,.2273,.3636,.4545,.0,.1875,.2264,.2899,.4022,.4573
154,"Niagara_Falls",.6,.5,.55,.5333,.55,.62,.0909,.1364,.2273,.3636,.4545,.4545,.1579,.2143,.3216,.4324,.4977,.5245
155,"Golden_Gate_Bridge_in_San_Francisco",1.0,.9,.95,.9333,.925,.94,.1818,.2273,.4091,.5909,.6364,.6364,.3077,.3629,.5719,.7237,.754,.7589
156,"Neuschwanstein_Castle",1.0,1.0,1.0,1.0,.975,.98,.12,.24,.48,.6,.68,.68,.2143,.3871,.6486,.75,.8012,.8029
157,"Christ_Church_Cathedral_Missouri",1.0,1.0,1.0,1.0,.95,.94,.2,.32,.48,.52,.64,.68,.3333,.4848,.6486,.6842,.7648,.7891
158,"Mount_Rushmore_in_South_Dakota",.8,.8,.9,.9333,.95,.92,.12,.16,.28,.44,.52,.56,.2087,.2667,.4271,.5981,.6721,.6962
159,"Puerta_de_Toledo",.4,.3,.15,.1,.075,.06,.5,1.0,1.0,1.0,1.0,1.0,.4444,.4615,.2609,.1818,.1395,.1132
160,"Urquhart_Castle",1.0,.9,.75,.7667,.8,.82,.2083,.2917,.4167,.4583,.625,.7083,.3448,.4406,.5357,.5737,.7018,.7601
161,"Gare_du_Nord_Paris",.8,.7,.8,.7667,.8,.76,.12,.24,.28,.28,.36,.44,.2087,.3574,.4148,.4102,.4966,.5573
162,"Newgrange_in_Ireland",.4,.6,.65,.7333,.725,.7,.0417,.1667,.375,.4583,.5417,.5417,.0755,.2609,.4756,.5641,.6201,.6107
163,"Windmills_at_Kinderdijk",1.0,1.0,.9,.8667,.825,.84,.16,.24,.36,.44,.52,.52,.2759,.3871,.5143,.5837,.6379,.6424
164,"Conciergerie",.8,.9,.95,.9667,.975,.98,.12,.2,.44,.64,.64,.72,.2087,.3273,.6014,.7701,.7728,.8301
165,"Palazzo_Madama",1.0,1.0,.85,.7667,.775,.7,.2273,.3636,.5,.5909,.6364,.6818,.3704,.5333,.6296,.6674,.6989,.6908
166,"Split_Rock_Lighthouse",1.0,1.0,1.0,.9333,.925,.9,.12,.2,.24,.28,.36,.52,.2143,.3333,.3871,.4308,.5183,.6592
167,"The_Little_Mermaid_Denmark",1.0,1.0,1.0,.9333,.9,.82,.2143,.3571,.5714,.6429,.7857,.9286,.3529,.5263,.7273,.7613,.839,.8709
168,"Great_Pyramid_of_Giza",.8,.7,.6,.6,.6,.6,.2667,.3333,.5333,.5333,.7333,.7333,.4,.4516,.5647,.5647,.66,.66
169,"Pitti_Palace",.8,.9,.85,.9,.875,.8,.1364,.2727,.4545,.5,.5455,.5455,.233,.4186,.5923,.6429,.672,.6486
170,"Georgia_State_Capitol",1.0,.9,.8,.6,.475,.38,.1579,.2632,.2632,.2632,.2632,.2632,.2727,.4072,.396,.3659,.3387,.311
171,"Dome_des_Invalides",1.0,1.0,1.0,1.0,1.0,.98,.12,.28,.32,.4,.52,.6,.2143,.4375,.4848,.5714,.6842,.7443
172,"Reggia_di_Caserta",1.0,.8,.55,.5,.525,.5,.2,.28,.32,.44,.52,.52,.3333,.4148,.4046,.4681,.5225,.5098
173,"The_Burj_al_Arab_Hotel",.8,.6,.8,.7667,.8,.8,.16,.2,.4,.48,.52,.52,.2667,.3,.5333,.5904,.6303,.6303
174,"Elephanta_Caves",1.0,1.0,1.0,.9667,.975,.94,.125,.2917,.4167,.5417,.6667,.7083,.2222,.4516,.5882,.6943,.7919,.8079
175,"Basilica_of_Santa_Croce",1.0,1.0,1.0,1.0,1.0,1.0,.12,.2,.24,.48,.6,.64,.2143,.3333,.3871,.6486,.75,.7805
176,"Aachen_Cathedral",1.0,1.0,.95,.9333,.9,.92,.16,.24,.32,.48,.52,.6,.2759,.3871,.4787,.634,.6592,.7263
177,"Monument_to_the_Great_Fire_of_London",.8,.6,.55,.4333,.55,.56,.16,.2,.32,.32,.44,.6,.2667,.3,.4046,.3681,.4889,.5793
178,"Longmen_Grottoes",.8,.8,.6,.5667,.525,.56,.16,.28,.44,.52,.56,.68,.2667,.4148,.5077,.5423,.5419,.6142
179,"Louisiana_State_Capitol",.2,.4,.25,.2,.2,.26,.04,.12,.16,.2,.24,.36,.0667,.1846,.1951,.2,.2182,.3019
180,"The_Great_Sphinx_at_Giza",1.0,1.0,.9,.8667,.9,.88,.12,.2,.32,.44,.64,.68,.2143,.3333,.4721,.5837,.7481,.7672
181,"Teatro_Real_Madrid",1.0,1.0,1.0,.9667,.8,.68,.2174,.2609,.5217,.6522,.7391,.8261,.3571,.4138,.6857,.7789,.7684,.746
182,"Palacio_de_la_Magdalena",.6,.7,.85,.8333,.85,.8,.12,.28,.4,.48,.56,.68,.2,.4,.544,.6091,.6752,.7351
183,"Sowjetisches_Ehrenmal",.4,.2,.55,.6,.625,.7,.08,.08,.32,.44,.52,.68,.1333,.1143,.4046,.5077,.5677,.6899
184,"Cathedral_of_Trier",1.0,1.0,1.0,.9333,.925,.94,.2,.36,.48,.6,.76,.84,.3333,.5294,.6486,.7304,.8344,.8872
185,"Saint_Mary_of_the_Flower",.2,.1,.05,.2,.275,.3,.04,.04,.04,.2,.36,.36,.0667,.0571,.0444,.2,.3118,.3273
186,"Skellig_Michael",1.0,.9,.8,.7667,.65,.68,.2,.32,.52,.64,.64,.64,.3333,.4721,.6303,.6976,.645,.6594
187,"Chicago_Board_of_Trade_Building",1.0,.9,.95,.9667,.9,.82,.2273,.2727,.4091,.5455,.5909,.7273,.3704,.4186,.5719,.6974,.7134,.7709
188,"Pont_de_Normandie_France",1.0,1.0,1.0,1.0,.975,.96,.1579,.3684,.4737,.7368,.7895,.7895,.2727,.5385,.6429,.8485,.8725,.8664
189,"Palazzo_Rosso",.0,.0,.05,.1333,.1,.14,.0,.0,.0417,.1667,.1667,.2083,.0,.0,.0455,.1481,.125,.1675
190,"Piazza_Vittorio_Veneto",1.0,1.0,.75,.5333,.45,.44,.1875,.3125,.5,.5,.5,.625,.3158,.4762,.6,.5161,.4737,.5164
191,"Sforza_Castle",1.0,1.0,.95,.9333,.9,.9,.16,.24,.44,.6,.68,.68,.2759,.3871,.6014,.7304,.7747,.7747
192,"Torres_KIO",1.0,1.0,.95,.9,.925,.88,.16,.28,.4,.52,.56,.6,.2759,.4375,.563,.6592,.6976,.7135
193,"Torre_Picasso",1.0,1.0,.85,.8,.825,.8,.1667,.2917,.5,.5417,.625,.6667,.2857,.4516,.6296,.646,.7112,.7273
194,"The_Palace_of_Parliament_in_Bucharest",1.0,.9,.95,.9667,.975,.96,.16,.24,.32,.36,.52,.64,.2759,.3789,.4787,.5246,.6783,.768
195,"Ernest_Hemingway_House",.6,.8,.8,.7667,.75,.72,.12,.2,.36,.48,.6,.6,.2,.32,.4966,.5904,.6667,.6545
196,"Castel_dellOvo_Napoli",1.0,.9,.9,.9,.925,.9,.2,.28,.44,.64,.8,.8,.3333,.4271,.591,.7481,.858,.8471
197,"Villa_Borghese_gardens",1.0,1.0,1.0,1.0,1.0,1.0,.2,.28,.52,.64,.76,.84,.3333,.4375,.6842,.7805,.8636,.913
198,"Saint_Marks_Basilica",1.0,1.0,1.0,1.0,.975,.98,.16,.24,.36,.44,.44,.52,.2759,.3871,.5294,.6111,.6064,.6795
199,"Mausoleum_of_the_First_Qin_Emperor",.8,.9,.9,.8333,.75,.78,.16,.36,.4,.4,.52,.6,.2667,.5143,.5538,.5405,.6142,.6783
200,"Mausoleum_of_Hadrian",1.0,1.0,.9,.9333,.85,.76,.1111,.2778,.5,.5556,.5556,.5556,.2,.4348,.6429,.6965,.6719,.6419
201,"Piazza_de_Ferrari",1.0,1.0,.95,.9667,.95,.94,.2105,.2632,.3684,.4211,.4737,.5263,.3478,.4167,.5309,.5866,.6322,.6748
202,"George_Washington_Carver",.4,.6,.75,.7333,.625,.62,.0625,.25,.4375,.5,.5,.6875,.1081,.3529,.5526,.5946,.5556,.652
203,"Cathedral_of_Santiago_de_Compostela",1.0,1.0,.9,.9,.875,.86,.1176,.3529,.4706,.5882,.7647,.8235,.2105,.5217,.618,.7115,.8161,.8414
204,"Saint-Jacques_Tower",.8,.8,.8,.7333,.725,.74,.2308,.2308,.4615,.4615,.6154,.7692,.3582,.3582,.5854,.5665,.6657,.7543
205,"Calakmul_Campeche_Mexico",1.0,1.0,.9,.9,.925,.9,.2857,.2857,.4286,.5,.7143,.7143,.4444,.4444,.5806,.6429,.8061,.7965
206,"Bran_Castle_in_Transylvania",1.0,.9,.85,.9,.9,.88,.1579,.2632,.2632,.4211,.5263,.6316,.2727,.4072,.4019,.5737,.6642,.7354
207,"Mosteiro_da_Batalha",1.0,1.0,1.0,1.0,1.0,1.0,.2632,.2632,.4737,.5263,.6316,.7368,.4167,.4167,.6429,.6897,.7742,.8485
208,"Wartburg_Castle",1.0,.9,.9,.9333,.95,.96,.2,.3,.5,.75,.85,.85,.3333,.45,.6429,.8317,.8972,.9017
209,"Fujian_Tulou_Fujian_China",1.0,1.0,1.0,1.0,1.0,1.0,.1667,.3333,.3889,.5556,.6667,.6667,.2857,.5,.56,.7143,.8,.8
210,"Alabama_State_Capitol",.4,.5,.65,.7,.7,.72,.0952,.2381,.4286,.6667,.7619,.8095,.1538,.3226,.5166,.6829,.7296,.7621
211,"Palazzo_dAccursio",1.0,1.0,.95,.9333,.875,.82,.1667,.2222,.3333,.3889,.4444,.6111,.2857,.3636,.4935,.549,.5895,.7003
212,"Casa_Grande_Ruins",.8,.8,.9,.8667,.875,.84,.1765,.3529,.3529,.4706,.4706,.5294,.2892,.4898,.507,.61,.612,.6495
213,"Stravinsky_Fountain",1.0,1.0,1.0,1.0,.975,.98,.2,.2667,.4667,.6,.6,.6,.3333,.4211,.6364,.75,.7429,.7443
214,"Angel_Falls_Venezuela",.8,.7,.65,.5,.525,.52,.2353,.2353,.4118,.5294,.6471,.7059,.3636,.3522,.5042,.5143,.5797,.5988
215,"Statue_of_George_IV",.8,.8,.6,.5333,.475,.46,.375,.5,.5,.625,.75,.875,.5106,.6154,.5455,.5755,.5816,.603
216,"Palacio_Barolo",.8,.8,.8,.8667,.9,.92,.2353,.2941,.4118,.5294,.6471,.7059,.3636,.4301,.5437,.6573,.7529,.7988
217,"Bridge_of_Remembrance_Christchurch_New_Zealand",1.0,1.0,1.0,1.0,.9,.8,.25,.4167,.9167,.9167,1.0,1.0,.4,.5882,.9565,.9565,.9474,.8889
218,"John_A._Roebling_Suspension_Bridge",.2,.2,.35,.4,.45,.48,.0667,.1333,.3333,.6,.7333,.7333,.1,.16,.3415,.48,.5577,.5802
219,"Blue_Dome_Santorini",1.0,1.0,.9,.9333,.95,.92,.3125,.4375,.5,.625,.625,.6875,.4762,.6087,.6429,.7487,.754,.7869
220,"Fossar_de_les_Moreres",.8,.8,.65,.6333,.525,.46,.2143,.2857,.5714,.6429,.7143,.7143,.338,.4211,.6082,.6381,.6052,.5596
221,"Luxor_Obelisk_France",.8,.9,.8,.7667,.75,.74,.1875,.3125,.3125,.3125,.4375,.4375,.3038,.4639,.4494,.444,.5526,.5499
222,"Valle_de_los_Caidos",1.0,1.0,.85,.9,.9,.88,.2,.45,.5,.6,.65,.65,.3333,.6207,.6296,.72,.7548,.7477
--------------------
"--","Avg.",P@5,P@10,P@20,P@30,P@40,P@50,CR@5,CR@10,CR@20,CR@30,CR@40,CR@50,F1@5,F1@10,F1@20,F1@30,F1@40,F1@50
,.,8315,.8207,.8002,.7896,.7785,.7677,.1475,.2361,.3747,.4753,.5585,.6194,.2459,.3576,.4985,.5804,.6359,.6703
