--------------------
"Run name","output_runSCHXBIndex"
--------------------
"Average P@20 = ",.8005
"Average CR@20 = ",.3812
"Average F1@20 = ",.504
--------------------
"Query Id ","Location name",P@5,P@10,P@20,P@30,P@40,P@50,CR@5,CR@10,CR@20,CR@30,CR@40,CR@50,F1@5,F1@10,F1@20,F1@30,F1@40,F1@50
1,"angel_of_the_north",1.0,1.0,1.0,1.0,1.0,1.0,.16,.24,.36,.48,.6,.68,.2759,.3871,.5294,.6486,.75,.8095
2,"big_ben",1.0,.8,.9,.9,.9,.84,.2273,.3636,.4091,.4545,.5909,.6364,.3704,.5,.5625,.604,.7134,.7241
3,"hearst_castle",1.0,1.0,.95,.9333,.95,.94,.1667,.3333,.5833,.6667,.7083,.75,.2857,.5,.7228,.7778,.8116,.8343
4,"la_madeleine",.0,.0,.0,.2333,.35,.46,.0,.0,.0,.2857,.5,.7857,.0,.0,.0,.2569,.4118,.5803
5,"pont_alexandre_iii",1.0,.9,.95,.9667,.975,.96,.2,.28,.32,.44,.56,.6,.3333,.4271,.4787,.6047,.7114,.7385
6,"neues_museum",.0,.0,.2,.3,.375,.4,.0,.0,.16,.28,.32,.36,.0,.0,.1778,.2897,.3453,.3789
7,"montezuma_castle",1.0,1.0,.85,.6667,.5,.54,.25,.5,.5833,.5833,.5833,.6667,.4,.6667,.6919,.6222,.5385,.5967
8,"cn_tower",.4,.5,.5,.4667,.55,.6,.0833,.2083,.375,.4167,.5417,.5833,.1379,.2941,.4286,.4403,.5458,.5915
9,"acropolis_athens",.8,.9,.85,.9,.9,.88,.1429,.2381,.381,.5238,.5238,.5714,.2424,.3766,.5261,.6622,.6622,.6929
10,"agra_fort",.8,.8,.8,.8667,.85,.88,.16,.24,.44,.48,.6,.68,.2667,.3692,.5677,.6178,.7034,.7672
11,"albert_memorial",.6,.8,.9,.7,.675,.72,.1364,.1818,.1818,.3182,.4545,.5,.2222,.2963,.3025,.4375,.5433,.5902
12,"altes_museum",.6,.8,.9,.7,.6,.5,.0833,.2083,.4583,.5,.5833,.5833,.1463,.3306,.6074,.5833,.5915,.5385
13,"amiens_cathedral",.8,.9,.9,.9333,.95,.96,.12,.28,.48,.68,.76,.8,.2087,.4271,.6261,.7868,.8444,.8727
14,"angkor_wat",.8,.9,.9,.7,.675,.74,.12,.24,.48,.52,.6,.68,.2087,.3789,.6261,.5967,.6353,.7087
15,"ara_pacis",1.0,.9,.9,.8667,.675,.58,.2273,.3636,.5909,.6364,.6364,.6364,.3704,.518,.7134,.7339,.6551,.6069
16,"arc_de_triomphe",1.0,1.0,.95,.9333,.8,.78,.1667,.2083,.4167,.5,.625,.7083,.2857,.3448,.5793,.6512,.7018,.7424
17,"aztec_ruins",.0,.0,.0,.1,.325,.26,.0,.0,.0,.08,.32,.32,.0,.0,.0,.0889,.3225,.2869
18,"berlin_cathedral",1.0,1.0,1.0,.9,.925,.94,.16,.32,.48,.56,.68,.68,.2759,.4848,.6486,.6904,.7838,.7891
19,"bok_tower_gardens",1.0,.9,.7,.7667,.825,.84,.16,.32,.4,.6,.68,.72,.2759,.4721,.5091,.6732,.7455,.7754
20,"brandenburg_gate",1.0,1.0,1.0,1.0,1.0,.96,.12,.24,.28,.44,.48,.48,.2143,.3871,.4375,.6111,.6486,.64
21,"cabrillo",.0,.2,.25,.2,.15,.12,.0,.1538,.3846,.3846,.3846,.3846,.0,.1739,.303,.2632,.2158,.1829
22,"casa_batllo",1.0,1.0,1.0,1.0,1.0,1.0,.16,.32,.52,.56,.68,.72,.2759,.4848,.6842,.7179,.8095,.8372
23,"casa_rosada",1.0,.8,.85,.9,.925,.94,.16,.28,.36,.56,.6,.64,.2759,.4148,.5058,.6904,.7279,.7615
24,"castillo_de_san_marcos",1.0,1.0,.95,.8333,.675,.74,.2,.28,.44,.48,.52,.52,.3333,.4375,.6014,.6091,.5874,.6108
25,"chartres_cathedral",1.0,.9,.95,.9667,.95,.96,.2,.24,.44,.56,.68,.72,.3333,.3789,.6014,.7092,.7926,.8229
26,"chichen_itza",1.0,.8,.75,.8,.8,.82,.16,.16,.28,.36,.48,.56,.2759,.2667,.4078,.4966,.6,.6655
27,"christ_the_redeemer_rio",.4,.6,.7,.5667,.525,.52,.0435,.1739,.2609,.3043,.3913,.5217,.0784,.2697,.3801,.396,.4484,.5209
28,"civic_center_san_francisco",.8,.8,.8,.8333,.875,.82,.16,.24,.44,.6,.6,.64,.2667,.3692,.5677,.6977,.7119,.7189
29,"cologne_cathedral",1.0,1.0,1.0,.9667,.975,.92,.16,.28,.48,.64,.68,.72,.2759,.4375,.6486,.7701,.8012,.8078
30,"colosseum",1.0,1.0,1.0,1.0,1.0,1.0,.2,.24,.36,.52,.64,.64,.3333,.3871,.5294,.6842,.7805,.7805
31,"doge_s_palace",.8,.9,.95,.9,.725,.78,.12,.24,.32,.44,.48,.48,.2087,.3789,.4787,.591,.5776,.5943
32,"eiffel_tower",1.0,1.0,1.0,1.0,1.0,1.0,.16,.16,.28,.36,.48,.52,.2759,.2759,.4375,.5294,.6486,.6842
33,"golden_gate_bridge",1.0,.9,.9,.8333,.825,.82,.1739,.2174,.3913,.4783,.5217,.5652,.2963,.3502,.5455,.6077,.6392,.6692
34,"grand_palais",1.0,.9,.9,.8667,.9,.92,.1364,.1818,.4091,.4545,.5455,.5909,.24,.3025,.5625,.5963,.6792,.7196
35,"guggenheim_museum_bilbao",1.0,1.0,1.0,1.0,1.0,1.0,.16,.24,.36,.44,.52,.6,.2759,.3871,.5294,.6111,.6842,.75
36,"hagia_sophia_istanbul",1.0,1.0,.95,.9667,.975,.98,.12,.24,.36,.48,.52,.64,.2143,.3871,.5221,.6415,.6783,.7743
37,"hoover_dam",1.0,1.0,.95,.9333,.95,.92,.2,.32,.44,.56,.68,.72,.3333,.4848,.6014,.7,.7926,.8078
38,"humayun_tomb",.8,.7,.55,.6667,.675,.72,.12,.2,.28,.48,.6,.6,.2087,.3111,.3711,.5581,.6353,.6545
39,"iguazu_falls",.4,.7,.85,.9,.875,.9,.08,.16,.36,.52,.64,.72,.1333,.2605,.5058,.6592,.7393,.8
40,"iolani_palace",1.0,.9,.95,.8667,.85,.82,.16,.24,.44,.52,.68,.76,.2759,.3789,.6014,.65,.7556,.7889
41,"la_mezquita",.6,.8,.8,.7667,.8,.7,.125,.25,.4583,.5,.5417,.5833,.2069,.381,.5828,.6053,.646,.6364
42,"la_rambla_barcelona",.8,.9,.95,.9667,.9,.92,.16,.24,.36,.44,.52,.56,.2667,.3789,.5221,.6047,.6592,.6962
43,"la_sainte_chapelle",1.0,1.0,.9,.9333,.95,.96,.2,.32,.48,.64,.68,.68,.3333,.4848,.6261,.7593,.7926,.7961
44,"liberty_memorial",.6,.5,.45,.5333,.575,.66,.04,.08,.16,.36,.44,.52,.075,.1379,.2361,.4299,.4985,.5817
45,"lincoln_home",1.0,1.0,.9,.9333,.9,.92,.2778,.3333,.5,.6667,.7222,.8333,.4348,.5,.6429,.7778,.8014,.8745
46,"machu_picchu",1.0,1.0,.65,.6667,.675,.68,.16,.28,.36,.44,.52,.6,.2759,.4375,.4634,.5301,.5874,.6375
47,"marble_arch_london",.8,.8,.6,.5667,.475,.4,.3333,.4167,.5833,.6667,.75,.8333,.4706,.5479,.5915,.6126,.5816,.5405
48,"milan_cathedral",1.0,1.0,1.0,.9,.875,.88,.12,.16,.32,.44,.6,.64,.2143,.2759,.4848,.591,.7119,.7411
49,"mole_antonelliana",1.0,.8,.85,.7667,.775,.82,.16,.16,.24,.32,.48,.52,.2759,.2667,.3743,.4515,.5928,.6364
50,"mont_saint_michel",1.0,1.0,1.0,1.0,.975,.98,.12,.2,.4,.44,.48,.6,.2143,.3333,.5714,.6111,.6433,.7443
51,"moulin_rouge",.2,.1,.05,.0333,.025,.04,.125,.125,.125,.125,.125,.25,.1538,.1111,.0714,.0526,.0417,.069
52,"nelson_s_column",1.0,.9,.95,.9667,.975,.98,.0833,.2083,.4167,.5417,.625,.6667,.1538,.3383,.5793,.6943,.7617,.7935
53,"notre_dame_de_paris",.8,.9,.9,.9333,.95,.92,.12,.28,.4,.56,.68,.68,.2087,.4271,.5538,.7,.7926,.782
54,"obelisco",.2,.2,.15,.1333,.1,.08,.0909,.1818,.1818,.2727,.2727,.2727,.125,.1905,.1644,.1791,.1463,.1237
55,"piccadilly_circus",1.0,.9,.9,.8,.75,.76,.1304,.1739,.4348,.4783,.4783,.6087,.2308,.2915,.5863,.5986,.5841,.676
56,"place_de_la_concorde",1.0,1.0,1.0,1.0,1.0,.98,.16,.24,.36,.4,.52,.6,.2759,.3871,.5294,.5714,.6842,.7443
57,"place_de_la_republique",.2,.4,.35,.3333,.25,.2,.125,.375,.625,.75,.75,.75,.1538,.3871,.4487,.4615,.375,.3158
58,"place_des_vosges",.8,.9,.75,.7,.775,.82,.08,.16,.32,.32,.52,.6,.1455,.2717,.4486,.4392,.6224,.693
59,"pont_du_gard",.6,.8,.8,.8667,.875,.9,.08,.2,.32,.44,.52,.64,.1412,.32,.4571,.5837,.6523,.7481
60,"pont_neuf",1.0,.8,.8,.8,.825,.74,.16,.24,.36,.52,.6,.64,.2759,.3692,.4966,.6303,.6947,.6864
61,"ponte_vecchio",.8,.9,.95,.8,.8,.82,.125,.1667,.3333,.4167,.5417,.7083,.2162,.2812,.4935,.5479,.646,.7601
62,"puerta_de_alcala",.2,.2,.3,.4667,.525,.58,.0526,.1053,.3158,.3158,.4737,.6316,.0833,.1379,.3077,.3767,.498,.6047
63,"puerta_del_sol",.8,.6,.75,.5667,.55,.46,.1,.2,.45,.45,.5,.5,.1778,.3,.5625,.5016,.5238,.4792
64,"red_fort",1.0,1.0,1.0,1.0,1.0,1.0,.16,.32,.48,.6,.68,.76,.2759,.4848,.6486,.75,.8095,.8636
65,"reims_cathedral",1.0,1.0,1.0,1.0,1.0,1.0,.2,.24,.4,.48,.52,.56,.3333,.3871,.5714,.6486,.6842,.7179
66,"rialto_bridge",1.0,.9,.8,.7333,.625,.62,.1875,.3125,.375,.375,.4375,.6875,.3158,.4639,.5106,.4962,.5147,.652
67,"roman_forum_rome",.6,.7,.75,.6667,.725,.68,.12,.2,.36,.44,.52,.64,.2,.3111,.4865,.5301,.6056,.6594
68,"sacre_coeur",.6,.5,.55,.5667,.6,.62,.125,.2083,.25,.3333,.4167,.4583,.2069,.2941,.3438,.4198,.4918,.527
69,"sagrada_familia",1.0,.9,.95,.9333,.95,.94,.16,.2,.4,.44,.56,.6,.2759,.3273,.563,.5981,.7046,.7325
70,"santa_maria_novella",1.0,.7,.4,.4667,.6,.58,.2,.24,.28,.4,.48,.52,.3333,.3574,.3294,.4308,.5333,.5484
71,"schonbrunn_palace",1.0,1.0,1.0,.9667,.975,.98,.16,.28,.52,.52,.56,.56,.2759,.4375,.6842,.6762,.7114,.7127
72,"seville_cathedral",.8,.8,.8,.8667,.875,.9,.16,.28,.48,.56,.64,.68,.2667,.4148,.6,.6804,.7393,.7747
73,"spanish_steps",.6,.7,.75,.6667,.7,.68,.0909,.1818,.3636,.4091,.5909,.6364,.1579,.2887,.4898,.507,.6408,.6575
74,"st__basil_cathedral",.6,.8,.9,.8,.85,.84,.12,.28,.44,.48,.52,.52,.2,.4148,.591,.6,.6453,.6424
75,"statue_of_liberty",1.0,1.0,.95,.9,.875,.82,.08,.2,.36,.4,.56,.6,.1481,.3333,.5221,.5538,.6829,.693
76,"stonehenge",.8,.7,.65,.7,.6,.52,.1053,.2105,.3158,.5263,.5263,.5789,.186,.3237,.4251,.6009,.5607,.5479
77,"summer_palace_beijing",.8,.9,.95,.9333,.95,.96,.16,.24,.44,.44,.56,.6,.2667,.3789,.6014,.5981,.7046,.7385
78,"sydney_opera_house",1.0,1.0,.95,.9667,.975,.9,.16,.28,.4,.44,.48,.56,.2759,.4375,.563,.6047,.6433,.6904
79,"teotihuacan",.8,.8,.55,.5667,.6,.62,.12,.24,.32,.48,.52,.6,.2087,.3692,.4046,.5197,.5571,.6098
80,"terracotta_army",.4,.6,.7,.6,.45,.4,.1,.3,.55,.6,.6,.6,.16,.4,.616,.6,.5143,.48
81,"the_blue_mosque",.6,.8,.85,.8667,.9,.9,.08,.16,.28,.4,.48,.6,.1412,.2667,.4212,.5474,.6261,.72
82,"the_henry_ford",.8,.6,.55,.6,.675,.6,.08,.12,.28,.44,.56,.6,.1455,.2,.3711,.5077,.6121,.6
83,"taj_mahal",.8,.8,.8,.8333,.875,.9,.16,.24,.4,.48,.52,.68,.2667,.3692,.5333,.6091,.6523,.7747
84,"tour_montparnasse",.4,.4,.45,.5333,.55,.52,.1,.15,.3,.45,.6,.6,.16,.2182,.36,.4881,.5739,.5571
85,"tower_bridge_london",1.0,.9,.75,.7333,.625,.6,.16,.24,.36,.52,.6,.6,.2759,.3789,.4865,.6085,.6122,.6
86,"trafalgar_square",.4,.5,.45,.4333,.425,.44,.0909,.1818,.2273,.3182,.4545,.4545,.1481,.2667,.302,.3669,.4393,.4472
87,"leaning_tower_of_pisa",.6,.5,.45,.4667,.425,.44,.12,.2,.24,.4,.44,.44,.2,.2857,.313,.4308,.4324,.44
88,"hermitage_museum_saint_petersburg",1.0,1.0,.95,.8,.775,.82,.12,.24,.32,.44,.52,.56,.2143,.3871,.4787,.5677,.6224,.6655
89,"jantar_mantar_jaipur",1.0,.8,.75,.8333,.875,.88,.12,.24,.48,.6,.68,.76,.2143,.3692,.5854,.6977,.7653,.8156
90,"lake_titicaca_peru",.4,.6,.6,.5667,.55,.52,.0417,.2083,.375,.4583,.625,.6667,.0755,.3093,.4615,.5068,.5851,.5843
91,"the_great_wall_of_china",.8,.8,.65,.7333,.75,.8,.16,.2,.32,.48,.52,.6,.2667,.32,.4289,.5802,.6142,.6857
92,"grande_arche_paris",.4,.7,.7,.6333,.575,.66,.08,.2,.28,.32,.32,.4,.1333,.3111,.4,.4252,.4112,.4981
93,"el_angel_mexico",1.0,1.0,.9,.7667,.675,.64,.1905,.4286,.619,.6667,.8095,.8095,.32,.6,.7335,.7132,.7362,.7148
94,"bibliotheque_nationale_de_france",.6,.6,.7,.7333,.725,.68,.12,.16,.2,.32,.4,.48,.2,.2526,.3111,.4456,.5156,.5628
95,"kronborg_castle",.6,.5,.7,.7333,.65,.64,.125,.2083,.375,.5417,.5417,.5833,.2069,.2941,.4884,.6231,.5909,.6104
96,"ajanta_caves",.8,.7,.8,.8667,.9,.92,.1364,.2273,.4545,.5455,.5909,.6364,.233,.3431,.5797,.6695,.7134,.7523
97,"atomium",.8,.9,.9,.9333,.95,.96,.0952,.2857,.4762,.5714,.619,.619,.1702,.4337,.6228,.7089,.7496,.7527
98,"ellora_caves",1.0,1.0,1.0,1.0,.95,.94,.1818,.2273,.3182,.4091,.5,.5455,.3077,.3704,.4828,.5806,.6552,.6903
99,"potala_palace",.8,.9,.95,.9,.925,.88,.1111,.2778,.3333,.4444,.5,.5556,.1951,.4245,.4935,.595,.6491,.6811
100,"jokhang",.8,.7,.75,.8,.85,.82,.12,.24,.32,.52,.6,.68,.2087,.3574,.4486,.6303,.7034,.7435
101,"rila_monastery",.6,.5,.65,.7,.775,.82,.12,.16,.24,.28,.36,.44,.2,.2424,.3506,.4,.4916,.5727
102,"louvre_pyramid",1.0,1.0,.95,.9,.925,.92,.0556,.2778,.3889,.5556,.6111,.6667,.1053,.4348,.5519,.687,.736,.7731
103,"brooklyn_bridge",1.0,1.0,.95,.8667,.85,.86,.0952,.1905,.3333,.381,.4762,.5238,.1739,.32,.4935,.5293,.6104,.6511
104,"tower_of_london",.6,.7,.8,.8,.75,.76,.0435,.087,.3478,.3478,.3913,.5217,.0811,.1547,.4848,.4848,.5143,.6187
105,"british_museum_london",1.0,.9,.95,.9667,.975,.98,.1,.15,.35,.45,.5,.6,.1818,.2571,.5115,.6141,.661,.7443
106,"buckingham_palace",.6,.8,.65,.5667,.525,.48,.15,.2,.25,.35,.4,.45,.24,.32,.3611,.4327,.4541,.4645
107,"charles_bridge_prague",.8,.9,.95,.8,.7,.58,.0833,.125,.2917,.3333,.375,.375,.1509,.2195,.4463,.4706,.4884,.4555
108,"champs_elysees_paris",.2,.5,.5,.5667,.575,.6,.0667,.2667,.3333,.4,.4667,.6,.1,.3478,.4,.469,.5152,.6
109,"chrysler_building",1.0,1.0,1.0,1.0,.95,.96,.0714,.2857,.5,.7143,.7143,.8571,.1333,.4444,.6667,.8333,.8155,.9057
110,"moma_new_york",.6,.8,.85,.9,.925,.92,.1579,.2632,.3158,.5263,.6316,.7895,.25,.396,.4605,.6642,.7506,.8498
111,"grand_central_terminal",1.0,1.0,1.0,1.0,1.0,.96,.1429,.2381,.2857,.2857,.4286,.5714,.25,.3846,.4444,.4444,.6,.7164
112,"houses_of_parliament",1.0,1.0,1.0,1.0,1.0,1.0,.1739,.2609,.3478,.3913,.4348,.4783,.2963,.4138,.5161,.5625,.6061,.6471
113,"alexanderplatz_berlin",.2,.3,.35,.5667,.65,.62,.04,.08,.12,.32,.4,.44,.0667,.1263,.1787,.409,.4952,.5147
114,"centre_pompidou",.8,.7,.8,.8,.725,.78,.2222,.3889,.5556,.6667,.7222,.7222,.3478,.5,.6557,.7273,.7236,.75
115,"sydney_harbour_bridge",1.0,1.0,1.0,1.0,1.0,1.0,.25,.25,.4375,.5625,.5625,.5625,.4,.4,.6087,.72,.72,.72
116,"pier_39",1.0,1.0,.95,.9667,.975,.9,.2381,.2381,.381,.5238,.619,.6667,.3846,.3846,.5438,.6794,.7573,.766
117,"coit_tower",.4,.6,.6,.5667,.55,.56,.1333,.2667,.2667,.3333,.4,.4667,.2,.3692,.3692,.4198,.4632,.5091
118,"st_paul_s_cathedral_london",1.0,1.0,1.0,.9333,.875,.86,.2353,.3529,.5294,.5882,.6471,.6471,.381,.5217,.6923,.7216,.744,.7385
119,"cloud_gate",.8,.7,.7,.7,.625,.58,.1667,.25,.3333,.4167,.4167,.4167,.2759,.3684,.4516,.5224,.5,.4849
120,"musee_d_orsay",1.0,.9,.9,.8667,.875,.9,.0952,.1905,.381,.4762,.619,.6667,.1739,.3144,.5353,.6147,.7251,.766
121,"pike_place_market",.8,.9,.75,.8333,.825,.82,.1429,.2857,.2857,.4762,.5238,.5714,.2424,.4337,.4138,.6061,.6408,.6735
122,"royal_palace_madrid",.6,.8,.9,.8667,.775,.78,.1364,.2273,.4091,.4091,.4545,.5455,.2222,.354,.5625,.5558,.573,.642
123,"sony_center_berlin",.8,.9,.95,.9667,.95,.94,.1905,.2381,.4286,.4762,.5238,.5238,.3077,.3766,.5907,.6381,.6753,.6727
124,"red_square_moscow",.6,.6,.65,.6,.6,.66,.0952,.2381,.3333,.4286,.5238,.5714,.1644,.3409,.4407,.5,.5593,.6125
125,"prague_castle",1.0,1.0,.85,.8333,.85,.86,.16,.28,.36,.44,.6,.72,.2759,.4375,.5058,.5759,.7034,.7838
126,"musee_du_louvre",1.0,1.0,.95,.9667,.975,.98,.16,.32,.4,.56,.64,.8,.2759,.4848,.563,.7092,.7728,.8809
127,"millennium_bridge_london",1.0,.8,.75,.7667,.7,.76,.2,.28,.36,.48,.48,.52,.3333,.4148,.4865,.5904,.5695,.6175
128,"casa_mila",1.0,1.0,.95,.9667,.975,.96,.12,.24,.48,.48,.6,.68,.2143,.3871,.6378,.6415,.7429,.7961
129,"national_gallery_london",1.0,.9,.95,.6667,.6,.66,.2273,.2727,.4091,.4091,.4545,.5455,.3704,.4186,.5719,.507,.5172,.5973
130,"national_mall",.8,.8,.8,.8667,.9,.86,.16,.32,.48,.6,.68,.72,.2667,.4571,.6,.7091,.7747,.7838
131,"london_city_hall",1.0,.7,.85,.9,.9,.86,.2,.3,.5,.55,.6,.6,.3333,.42,.6296,.6828,.72,.7068
132,"holocaust_memorial",.6,.8,.8,.6667,.7,.68,.125,.25,.4375,.5,.5625,.625,.2069,.381,.5657,.5714,.6238,.6513
133,"columbus_circle",.6,.7,.75,.7333,.625,.64,.12,.2,.36,.48,.52,.68,.2,.3111,.4865,.5802,.5677,.6594
134,"siegessaeule",1.0,1.0,1.0,.9667,.825,.74,.16,.2,.4,.6,.72,.84,.2759,.3333,.5714,.7404,.7689,.7868
135,"jardin_du_luxembourg",1.0,1.0,1.0,1.0,1.0,1.0,.12,.28,.44,.56,.68,.8,.2143,.4375,.6111,.7179,.8095,.8889
136,"merlion_singapore",.2,.1,.2,.2333,.275,.32,.0455,.0455,.1818,.3182,.4545,.5455,.0741,.0625,.1905,.2692,.3427,.4034
137,"harrods_london",1.0,1.0,1.0,1.0,.925,.84,.12,.24,.48,.56,.6,.64,.2143,.3871,.6486,.7179,.7279,.7265
138,"metropolitan_museum_of_art_new_york",1.0,1.0,1.0,.9,.925,.94,.16,.24,.4,.44,.52,.6,.2759,.3871,.5714,.591,.6657,.7325
139,"new_york_stock_exchange",1.0,.6,.75,.6667,.75,.8,.25,.25,.35,.45,.55,.55,.4,.3529,.4773,.5373,.6346,.6519
140,"stephansdom_vienna",1.0,1.0,1.0,1.0,1.0,1.0,.12,.28,.48,.6,.64,.68,.2143,.4375,.6486,.75,.7805,.8095
141,"hms_belfast",1.0,1.0,1.0,.9667,.95,.96,.16,.24,.32,.52,.52,.64,.2759,.3871,.4848,.6762,.6721,.768
142,"leicester_square",1.0,1.0,.95,.8667,.775,.8,.12,.16,.28,.4,.48,.56,.2143,.2759,.4325,.5474,.5928,.6588
143,"ciudad_de_las_artes_y_las_ciencias",.8,.9,.9,.8667,.9,.88,.12,.28,.48,.6,.6,.68,.2087,.4271,.6261,.7091,.72,.7672
144,"topkapi_palace",1.0,1.0,.95,.9667,.975,.96,.2,.32,.48,.48,.56,.64,.3333,.4848,.6378,.6415,.7114,.768
145,"royal_albert_hall",1.0,1.0,.95,.7,.775,.76,.12,.16,.4,.44,.44,.48,.2143,.2759,.563,.5404,.5613,.5884
146,"st_vitus_cathedral",.6,.8,.9,.9333,.95,.96,.12,.24,.32,.52,.52,.6,.2,.3692,.4721,.6679,.6721,.7385
147,"castello_sforzesco",1.0,1.0,.9,.8667,.9,.9,.12,.2,.36,.4,.52,.56,.2143,.3333,.5143,.5474,.6592,.6904
148,"rijksmuseum_amsterdam",1.0,1.0,1.0,1.0,1.0,1.0,.16,.16,.16,.4,.48,.64,.2759,.2759,.2759,.5714,.6486,.7805
149,"dam_square",.8,.8,.8,.8333,.75,.7,.12,.2,.28,.36,.36,.44,.2087,.32,.4148,.5028,.4865,.5404
150,"rathaus_vienna",1.0,1.0,1.0,.9,.85,.7,.16,.16,.16,.2,.32,.36,.2759,.2759,.2759,.3273,.465,.4755
151,"bath_abbey",.8,.9,.95,.9667,.975,.98,.16,.24,.4,.48,.56,.6,.2667,.3789,.563,.6415,.7114,.7443
152,"salisbury_cathedral",1.0,1.0,1.0,.9667,.95,.96,.12,.16,.32,.32,.44,.56,.2143,.2759,.4848,.4808,.6014,.7074
153,"templo_de_debod",.4,.3,.4,.3,.325,.44,.0455,.0909,.1818,.2273,.3182,.3182,.0816,.1395,.25,.2586,.3216,.3693
154,"Niagara_Falls",.8,.7,.6,.6333,.65,.68,.0909,.2273,.3636,.4545,.5455,.5455,.1633,.3431,.4528,.5292,.5932,.6053
155,"Golden_Gate_Bridge_in_San_Francisco",1.0,.9,.9,.9,.925,.94,.1364,.2273,.3636,.4545,.6364,.6818,.24,.3629,.518,.604,.754,.7904
156,"Neuschwanstein_Castle",1.0,1.0,1.0,1.0,1.0,.98,.12,.28,.44,.6,.72,.76,.2143,.4375,.6111,.75,.8372,.8561
157,"Christ_Church_Cathedral_Missouri",1.0,1.0,1.0,1.0,1.0,.96,.16,.36,.56,.56,.56,.6,.2759,.5294,.7179,.7179,.7179,.7385
158,"Mount_Rushmore_in_South_Dakota",.8,.9,.9,.9333,.95,.96,.08,.28,.4,.44,.56,.72,.1455,.4271,.5538,.5981,.7046,.8229
159,"Puerta_de_Toledo",.6,.3,.15,.1,.075,.06,1.0,1.0,1.0,1.0,1.0,1.0,.75,.4615,.2609,.1818,.1395,.1132
160,"Urquhart_Castle",1.0,.9,.85,.7667,.775,.82,.1667,.25,.375,.4583,.5833,.6667,.2857,.3913,.5204,.5737,.6656,.7354
161,"Gare_du_Nord_Paris",.8,.8,.65,.7667,.825,.86,.16,.2,.24,.28,.32,.32,.2667,.32,.3506,.4102,.4611,.4664
162,"Newgrange_in_Ireland",.8,.6,.75,.8,.7,.66,.0833,.1667,.375,.4583,.5,.5417,.1509,.2609,.5,.5828,.5833,.595
163,"Windmills_at_Kinderdijk",1.0,.7,.85,.8333,.825,.82,.16,.2,.32,.44,.52,.64,.2759,.3111,.465,.5759,.6379,.7189
164,"Conciergerie",.8,.9,.95,.9667,.95,.96,.16,.28,.48,.64,.72,.8,.2667,.4271,.6378,.7701,.8192,.8727
165,"Palazzo_Madama",.8,.9,.85,.8667,.75,.74,.1818,.3636,.5455,.5909,.5909,.6818,.2963,.518,.6645,.7027,.661,.7097
166,"Split_Rock_Lighthouse",1.0,1.0,.95,.9,.825,.84,.16,.2,.28,.36,.36,.4,.2759,.3333,.4325,.5143,.5013,.5419
167,"The_Little_Mermaid_Denmark",1.0,1.0,.95,.9333,.95,.92,.2857,.2857,.5,.7143,.8571,.9286,.4444,.4444,.6552,.8092,.9012,.9243
168,"Great_Pyramid_of_Giza",.6,.7,.6,.6,.625,.66,.2,.3333,.4667,.5333,.6667,.7333,.3,.4516,.525,.5647,.6452,.6947
169,"Pitti_Palace",.6,.8,.9,.8667,.9,.92,.0909,.2727,.4091,.5,.5455,.6364,.1579,.4068,.5625,.6341,.6792,.7523
170,"Georgia_State_Capitol",1.0,.9,.9,.6,.475,.38,.1579,.2105,.2632,.2632,.2632,.2632,.2727,.3412,.4072,.3659,.3387,.311
171,"Dome_des_Invalides",1.0,1.0,1.0,.9667,.975,.98,.16,.28,.4,.44,.44,.44,.2759,.4375,.5714,.6047,.6064,.6073
172,"Reggia_di_Caserta",1.0,.9,.6,.5667,.5,.54,.16,.28,.36,.48,.52,.56,.2759,.4271,.45,.5197,.5098,.5498
173,"The_Burj_al_Arab_Hotel",.8,.7,.75,.8333,.875,.82,.12,.2,.4,.44,.48,.48,.2087,.3111,.5217,.5759,.6199,.6055
174,"Elephanta_Caves",1.0,1.0,.9,.8333,.85,.86,.1667,.25,.4583,.5,.5833,.625,.2857,.4,.6074,.625,.6919,.7239
175,"Basilica_of_Santa_Croce",1.0,1.0,1.0,1.0,1.0,1.0,.12,.16,.2,.52,.64,.64,.2143,.2759,.3333,.6842,.7805,.7805
176,"Aachen_Cathedral",1.0,1.0,.95,.9333,.875,.9,.16,.32,.4,.52,.56,.6,.2759,.4848,.563,.6679,.6829,.72
177,"Monument_to_the_Great_Fire_of_London",1.0,.7,.55,.5667,.525,.48,.2,.2,.36,.4,.44,.52,.3333,.3111,.4352,.469,.4788,.4992
178,"Longmen_Grottoes",.8,.6,.6,.6667,.6,.6,.12,.2,.4,.56,.64,.72,.2087,.3,.48,.6087,.6194,.6545
179,"Louisiana_State_Capitol",.2,.3,.25,.2333,.2,.26,.04,.12,.16,.2,.24,.28,.0667,.1714,.1951,.2154,.2182,.2696
180,"The_Great_Sphinx_at_Giza",1.0,1.0,1.0,.9333,.9,.9,.16,.24,.36,.52,.6,.64,.2759,.3871,.5294,.6679,.72,.7481
181,"Teatro_Real_Madrid",.6,.6,.8,.8667,.85,.7,.1304,.2174,.4783,.6957,.7826,.7826,.2143,.3191,.5986,.7718,.8149,.739
182,"Palacio_de_la_Magdalena",.6,.6,.75,.7667,.75,.78,.08,.16,.36,.52,.6,.68,.1412,.2526,.4865,.6197,.6667,.7266
183,"Sowjetisches_Ehrenmal",.6,.3,.55,.6333,.65,.72,.12,.12,.32,.44,.6,.68,.2,.1714,.4046,.5193,.624,.6994
184,"Cathedral_of_Trier",1.0,1.0,1.0,1.0,.975,.92,.2,.28,.44,.6,.72,.76,.3333,.4375,.6111,.75,.8283,.8324
185,"Saint_Mary_of_the_Flower",.2,.1,.1,.1333,.125,.1,.04,.04,.08,.12,.16,.16,.0667,.0571,.0889,.1263,.1404,.1231
186,"Skellig_Michael",.8,.7,.65,.6333,.7,.66,.16,.24,.4,.52,.6,.6,.2667,.3574,.4952,.5711,.6462,.6286
187,"Chicago_Board_of_Trade_Building",1.0,.9,.9,.8,.725,.72,.1364,.3182,.4545,.5455,.6364,.6818,.24,.4701,.604,.6486,.6778,.7004
188,"Pont_de_Normandie_France",1.0,1.0,1.0,.9667,.975,.94,.1579,.3684,.5789,.6842,.8421,.8947,.2727,.5385,.7333,.8013,.9037,.9168
189,"Palazzo_Rosso",.0,.0,.0,.0,.025,.08,.0,.0,.0,.0,.0417,.125,.0,.0,.0,.0,.0312,.0976
190,"Piazza_Vittorio_Veneto",1.0,1.0,.75,.5333,.425,.38,.1875,.375,.4375,.5,.5,.5625,.3158,.5455,.5526,.5161,.4595,.4536
191,"Sforza_Castle",1.0,1.0,.95,.9333,.95,.96,.2,.32,.48,.56,.68,.72,.3333,.4848,.6378,.7,.7926,.8229
192,"Torres_KIO",1.0,.8,.9,.8667,.875,.9,.2,.24,.4,.4,.44,.56,.3333,.3692,.5538,.5474,.5856,.6904
193,"Torre_Picasso",1.0,.8,.9,.9333,.825,.66,.1667,.2083,.4167,.5833,.6667,.6667,.2857,.3306,.5696,.7179,.7374,.6633
194,"The_Palace_of_Parliament_in_Bucharest",1.0,.9,.95,.9667,.95,.96,.2,.24,.24,.24,.44,.64,.3333,.3789,.3832,.3845,.6014,.768
195,"Ernest_Hemingway_House",.8,.9,.9,.9,.85,.78,.16,.28,.44,.56,.6,.64,.2667,.4271,.591,.6904,.7034,.7031
196,"Castel_dellOvo_Napoli",.8,.8,.85,.8667,.875,.9,.16,.28,.44,.6,.64,.76,.2667,.4148,.5798,.7091,.7393,.8241
197,"Villa_Borghese_gardens",1.0,1.0,1.0,1.0,1.0,1.0,.2,.28,.44,.64,.72,.84,.3333,.4375,.6111,.7805,.8372,.913
198,"Saint_Marks_Basilica",1.0,1.0,1.0,1.0,1.0,1.0,.16,.2,.4,.4,.4,.44,.2759,.3333,.5714,.5714,.5714,.6111
199,"Mausoleum_of_the_First_Qin_Emperor",.8,.9,.95,.8333,.8,.8,.16,.36,.36,.44,.56,.56,.2667,.5143,.5221,.5759,.6588,.6588
200,"Mausoleum_of_Hadrian",.8,.9,.9,.9,.9,.82,.1111,.2222,.4444,.5,.6111,.6111,.1951,.3564,.595,.6429,.7279,.7003
201,"Piazza_de_Ferrari",1.0,1.0,1.0,.9667,.975,.94,.2105,.3684,.4737,.4737,.5263,.5789,.3478,.5385,.6429,.6358,.6836,.7166
202,"George_Washington_Carver",.2,.6,.75,.7333,.7,.64,.0625,.1875,.4375,.5625,.625,.625,.0952,.2857,.5526,.6367,.6604,.6324
203,"Cathedral_of_Santiago_de_Compostela",1.0,1.0,.95,.9333,.925,.84,.1176,.3529,.5294,.5882,.8235,.8824,.2105,.5217,.6799,.7216,.8713,.8607
204,"Saint-Jacques_Tower",.8,.9,.85,.8333,.8,.74,.2308,.3077,.3077,.3077,.4615,.4615,.3582,.4586,.4518,.4494,.5854,.5685
205,"Calakmul_Campeche_Mexico",1.0,1.0,.9,.9,.9,.88,.2143,.2857,.3571,.5,.6429,.7143,.3529,.4444,.5114,.6429,.75,.7885
206,"Bran_Castle_in_Transylvania",1.0,.8,.75,.8,.825,.84,.2105,.2632,.3684,.5263,.5263,.6316,.3478,.396,.4941,.6349,.6426,.721
207,"Mosteiro_da_Batalha",1.0,1.0,1.0,1.0,1.0,1.0,.2105,.4211,.4737,.5263,.6316,.6842,.3478,.5926,.6429,.6897,.7742,.8125
208,"Wartburg_Castle",1.0,1.0,.95,.9333,.9,.92,.15,.3,.5,.6,.65,.75,.2609,.4615,.6552,.7304,.7548,.8263
209,"Fujian_Tulou_Fujian_China",.8,.9,.95,.9667,.975,.96,.1111,.3333,.3889,.6111,.6667,.7222,.1951,.4865,.5519,.7488,.7919,.8243
210,"Alabama_State_Capitol",.4,.4,.55,.7,.775,.76,.0952,.1905,.4286,.5714,.8095,.8095,.1538,.2581,.4818,.6292,.7919,.784
211,"Palazzo_dAccursio",1.0,1.0,.9,.9,.875,.9,.1667,.2778,.3333,.3333,.4444,.6111,.2857,.4348,.4865,.4865,.5895,.7279
212,"Casa_Grande_Ruins",.8,.9,.8,.8,.825,.84,.2353,.2941,.3529,.4118,.4706,.4706,.3636,.4433,.4898,.5437,.5993,.6032
213,"Stravinsky_Fountain",1.0,1.0,1.0,1.0,1.0,1.0,.2,.3333,.4667,.5333,.6,.6,.3333,.5,.6364,.6957,.75,.75
214,"Angel_Falls_Venezuela",.8,.8,.7,.6333,.575,.58,.1765,.2941,.4118,.5882,.5882,.6471,.2892,.4301,.5185,.61,.5815,.6117
215,"Statue_of_George_IV",.8,.7,.55,.4333,.425,.42,.375,.5,.5,.5,.625,.75,.5106,.5833,.5238,.4643,.506,.5385
216,"Palacio_Barolo",.8,.7,.8,.8667,.9,.92,.2353,.2941,.4706,.4706,.5882,.5882,.3636,.4142,.5926,.61,.7115,.7176
217,"Bridge_of_Remembrance_Christchurch_New_Zealand",1.0,1.0,1.0,1.0,.925,.8,.3333,.3333,.75,.9167,1.0,1.0,.5,.5,.8571,.9565,.961,.8889
218,"John_A._Roebling_Suspension_Bridge",.0,.3,.4,.3667,.475,.46,.0,.2,.4,.5333,.7333,.7333,.0,.24,.4,.4346,.5766,.5654
219,"Blue_Dome_Santorini",.8,.9,.8,.8667,.9,.92,.1875,.4375,.5625,.6875,.6875,.75,.3038,.5888,.6606,.7668,.7795,.8263
220,"Fossar_de_les_Moreres",.8,.7,.7,.6333,.6,.48,.2143,.2857,.5714,.7143,.7857,.7857,.338,.4058,.6292,.6714,.6804,.5959
221,"Luxor_Obelisk_France",.8,.7,.8,.7667,.7,.7,.125,.25,.3125,.375,.375,.4375,.2162,.3684,.4494,.5036,.4884,.5385
222,"Valle_de_los_Caidos",1.0,1.0,.9,.9,.925,.92,.25,.4,.45,.6,.65,.7,.4,.5714,.6,.72,.7635,.7951
--------------------
"--","Avg.",P@5,P@10,P@20,P@30,P@40,P@50,CR@5,CR@10,CR@20,CR@30,CR@40,CR@50,F1@5,F1@10,F1@20,F1@30,F1@40,F1@50
,.,8072,.8045,.8005,.7875,.778,.7711,.1473,.2443,.3812,.4765,.5537,.6111,.2427,.3657,.504,.5804,.6328,.6667
