--------------------
"Run name","output_runGABORSilhouette"
--------------------
"Average P@20 = ",.8032
"Average CR@20 = ",.3868
"Average F1@20 = ",.511
--------------------
"Query Id ","Location name",P@5,P@10,P@20,P@30,P@40,P@50,CR@5,CR@10,CR@20,CR@30,CR@40,CR@50,F1@5,F1@10,F1@20,F1@30,F1@40,F1@50
1,"angel_of_the_north",1.0,1.0,1.0,1.0,1.0,1.0,.2,.28,.4,.48,.64,.64,.3333,.4375,.5714,.6486,.7805,.7805
2,"big_ben",1.0,1.0,1.0,.9333,.925,.92,.2273,.3182,.4091,.5,.5455,.5455,.3704,.4828,.5806,.6512,.6862,.6849
3,"hearst_castle",1.0,1.0,.95,.9,.9,.92,.1667,.2917,.5,.6667,.7083,.75,.2857,.4516,.6552,.766,.7927,.8263
4,"la_madeleine",.2,.4,.4,.3333,.325,.44,.0714,.1429,.3571,.5,.5714,.7143,.1053,.2105,.3774,.4,.4143,.5446
5,"pont_alexandre_iii",1.0,1.0,.95,.9667,.975,.98,.2,.32,.32,.36,.52,.64,.3333,.4848,.4787,.5246,.6783,.7743
6,"neues_museum",.0,.1,.3,.3667,.375,.4,.0,.04,.2,.36,.44,.44,.0,.0571,.24,.3633,.4049,.419
7,"montezuma_castle",.8,.9,.65,.4333,.475,.56,.25,.5,.5,.5,.75,.75,.381,.6429,.5652,.4643,.5816,.6412
8,"cn_tower",.6,.5,.55,.6333,.7,.7,.125,.1667,.2917,.375,.5833,.6667,.2069,.25,.3812,.4711,.6364,.6829
9,"acropolis_athens",.8,.9,.85,.8667,.9,.88,.1429,.3333,.4286,.4762,.4762,.5714,.2424,.4865,.5698,.6147,.6228,.6929
10,"agra_fort",.8,.9,.9,.9,.925,.88,.16,.28,.4,.56,.68,.72,.2667,.4271,.5538,.6904,.7838,.792
11,"albert_memorial",.6,.8,.9,.8,.675,.72,.0909,.1818,.2727,.4091,.4545,.5,.1579,.2963,.4186,.5414,.5433,.5902
12,"altes_museum",.8,.7,.65,.6,.525,.54,.0833,.2083,.375,.5,.5417,.625,.1509,.3211,.4756,.5455,.5332,.5794
13,"amiens_cathedral",1.0,1.0,.9,.9,.925,.94,.12,.28,.48,.56,.76,.76,.2143,.4375,.6261,.6904,.8344,.8405
14,"angkor_wat",1.0,1.0,.7,.6,.675,.74,.08,.24,.36,.44,.56,.64,.1481,.3871,.4755,.5077,.6121,.6864
15,"ara_pacis",1.0,.9,.8,.5667,.575,.62,.2273,.3636,.5,.5,.5455,.7273,.3704,.518,.6154,.5312,.5598,.6694
16,"arc_de_triomphe",1.0,1.0,.95,.8667,.825,.8,.125,.2083,.4167,.5417,.6667,.7083,.2222,.3448,.5793,.6667,.7374,.7514
17,"aztec_ruins",.0,.0,.0,.1,.325,.26,.0,.0,.0,.08,.32,.32,.0,.0,.0,.0889,.3225,.2869
18,"berlin_cathedral",1.0,1.0,.95,.9667,.925,.9,.2,.32,.44,.52,.56,.6,.3333,.4848,.6014,.6762,.6976,.72
19,"bok_tower_gardens",1.0,.9,.75,.8,.85,.86,.2,.32,.48,.64,.68,.72,.3333,.4721,.5854,.7111,.7556,.7838
20,"brandenburg_gate",1.0,1.0,1.0,1.0,1.0,.98,.16,.28,.4,.48,.64,.64,.2759,.4375,.5714,.6486,.7805,.7743
21,"cabrillo",.0,.3,.25,.2,.175,.14,.0,.2308,.3077,.3846,.4615,.4615,.0,.2609,.2759,.2632,.2538,.2148
22,"casa_batllo",1.0,1.0,1.0,1.0,1.0,1.0,.2,.28,.4,.52,.64,.8,.3333,.4375,.5714,.6842,.7805,.8889
23,"casa_rosada",.6,.7,.85,.9,.9,.92,.08,.12,.32,.56,.64,.72,.1412,.2049,.465,.6904,.7481,.8078
24,"castillo_de_san_marcos",1.0,1.0,.9,.6,.675,.64,.16,.24,.4,.4,.48,.6,.2759,.3871,.5538,.48,.561,.6194
25,"chartres_cathedral",1.0,1.0,1.0,.9667,.925,.92,.16,.2,.36,.68,.68,.72,.2759,.3333,.5294,.7984,.7838,.8078
26,"chichen_itza",1.0,.9,.75,.8,.8,.84,.16,.2,.28,.36,.52,.6,.2759,.3273,.4078,.4966,.6303,.7
27,"christ_the_redeemer_rio",.4,.5,.7,.8,.7,.64,.0435,.1304,.3913,.5652,.6087,.7391,.0784,.2069,.502,.6624,.6512,.686
28,"civic_center_san_francisco",.6,.8,.8,.8333,.8,.8,.12,.28,.44,.6,.6,.64,.2,.4148,.5677,.6977,.6857,.7111
29,"cologne_cathedral",1.0,1.0,.95,.9667,.95,.96,.12,.24,.4,.44,.48,.6,.2143,.3871,.563,.6047,.6378,.7385
30,"colosseum",1.0,1.0,1.0,1.0,1.0,1.0,.16,.32,.4,.48,.64,.68,.2759,.4848,.5714,.6486,.7805,.8095
31,"doge_s_palace",1.0,.9,.95,.9667,.975,.86,.12,.16,.32,.4,.48,.52,.2143,.2717,.4787,.5659,.6433,.6481
32,"eiffel_tower",1.0,1.0,1.0,1.0,1.0,.96,.16,.28,.32,.32,.48,.56,.2759,.4375,.4848,.4848,.6486,.7074
33,"golden_gate_bridge",.8,.9,.85,.8667,.825,.82,.1739,.2609,.4348,.4783,.5217,.5652,.2857,.4045,.5753,.6164,.6392,.6692
34,"grand_palais",.8,.9,.95,.9,.9,.92,.0909,.1818,.5,.5455,.5909,.5909,.1633,.3025,.6552,.6792,.7134,.7196
35,"guggenheim_museum_bilbao",1.0,1.0,.95,.9333,.95,.96,.2,.28,.32,.48,.64,.68,.3333,.4375,.4787,.634,.7648,.7961
36,"hagia_sophia_istanbul",1.0,1.0,1.0,1.0,1.0,1.0,.12,.24,.36,.4,.44,.64,.2143,.3871,.5294,.5714,.6111,.7805
37,"hoover_dam",1.0,1.0,.95,.9667,.925,.94,.12,.2,.36,.48,.56,.6,.2143,.3333,.5221,.6415,.6976,.7325
38,"humayun_tomb",.6,.6,.7,.7,.7,.76,.08,.16,.4,.48,.56,.68,.1412,.2526,.5091,.5695,.6222,.7178
39,"iguazu_falls",.4,.7,.85,.8667,.825,.86,.08,.16,.28,.32,.48,.68,.1333,.2605,.4212,.4674,.6069,.7595
40,"iolani_palace",1.0,1.0,.95,.9,.9,.86,.16,.16,.36,.6,.68,.8,.2759,.2759,.5221,.72,.7747,.8289
41,"la_mezquita",.8,.8,.8,.7667,.825,.76,.125,.2917,.4167,.5,.7083,.75,.2162,.4275,.5479,.6053,.7622,.755
42,"la_rambla_barcelona",.8,.9,.95,.9667,.95,.92,.08,.24,.44,.48,.48,.56,.1455,.3789,.6014,.6415,.6378,.6962
43,"la_sainte_chapelle",1.0,.9,.9,.9333,.95,.96,.16,.28,.48,.64,.64,.64,.2759,.4271,.6261,.7593,.7648,.768
44,"liberty_memorial",.6,.8,.6,.4333,.55,.6,.04,.16,.24,.28,.44,.52,.075,.2667,.3429,.3402,.4889,.5571
45,"lincoln_home",.8,.9,.85,.9,.875,.9,.2222,.3333,.4444,.6667,.7222,.8333,.3478,.4865,.5837,.766,.7913,.8654
46,"machu_picchu",1.0,.9,.7,.6667,.675,.72,.16,.24,.4,.52,.6,.64,.2759,.3789,.5091,.5843,.6353,.6776
47,"marble_arch_london",.6,.5,.55,.4,.425,.4,.1667,.3333,.5833,.6667,.75,.8333,.2609,.4,.5662,.5,.5426,.5405
48,"milan_cathedral",1.0,1.0,.95,.9,.875,.88,.16,.24,.32,.48,.6,.76,.2759,.3871,.4787,.6261,.7119,.8156
49,"mole_antonelliana",1.0,1.0,.9,.8333,.8,.76,.12,.2,.36,.48,.52,.64,.2143,.3333,.5143,.6091,.6303,.6949
50,"mont_saint_michel",1.0,1.0,.95,.9333,.95,.94,.12,.28,.44,.56,.56,.6,.2143,.4375,.6014,.7,.7046,.7325
51,"moulin_rouge",.0,.0,.0,.0,.05,.14,.0,.0,.0,.0,.25,.5,.0,.0,.0,.0,.0833,.2188
52,"nelson_s_column",.8,.9,.95,.9667,.95,.96,.0417,.1667,.25,.4167,.5833,.5833,.0792,.2812,.3958,.5823,.7228,.7257
53,"notre_dame_de_paris",.8,.9,.9,.9333,.95,.94,.12,.24,.4,.56,.6,.64,.2087,.3789,.5538,.7,.7355,.7615
54,"obelisco",.2,.1,.1,.1,.1,.08,.0909,.0909,.0909,.1818,.2727,.2727,.125,.0952,.0952,.129,.1463,.1237
55,"piccadilly_circus",.8,.7,.8,.8333,.775,.74,.1304,.2174,.3478,.5652,.6522,.6957,.2243,.3318,.4848,.6736,.7083,.7171
56,"place_de_la_concorde",1.0,1.0,1.0,1.0,.975,.98,.12,.2,.36,.44,.48,.64,.2143,.3333,.5294,.6111,.6433,.7743
57,"place_de_la_republique",.2,.3,.3,.3333,.25,.2,.125,.25,.5,.75,.75,.75,.1538,.2727,.375,.4615,.375,.3158
58,"place_des_vosges",1.0,1.0,.85,.8333,.85,.8,.08,.24,.36,.4,.56,.56,.1481,.3871,.5058,.5405,.6752,.6588
59,"pont_du_gard",.8,.9,.9,.9,.925,.8,.12,.2,.36,.44,.6,.6,.2087,.3273,.5143,.591,.7279,.6857
60,"pont_neuf",1.0,.9,.9,.8333,.75,.78,.12,.24,.4,.6,.68,.72,.2143,.3789,.5538,.6977,.7133,.7488
61,"ponte_vecchio",1.0,.9,.85,.9,.925,.88,.125,.25,.3333,.4583,.5417,.5833,.2222,.3913,.4789,.6074,.6832,.7016
62,"puerta_de_alcala",.4,.5,.35,.5667,.575,.6,.1053,.2105,.2632,.4211,.5263,.6842,.1667,.2963,.3004,.4831,.5496,.6393
63,"puerta_del_sol",.8,.6,.75,.6333,.6,.5,.15,.2,.4,.45,.5,.5,.2526,.3,.5217,.5262,.5455,.5
64,"red_fort",1.0,1.0,1.0,1.0,1.0,1.0,.16,.32,.4,.56,.68,.8,.2759,.4848,.5714,.7179,.8095,.8889
65,"reims_cathedral",1.0,1.0,1.0,1.0,1.0,1.0,.2,.32,.4,.48,.52,.6,.3333,.4848,.5714,.6486,.6842,.75
66,"rialto_bridge",.8,.8,.7,.6667,.6,.54,.1875,.25,.375,.4375,.5625,.625,.3038,.381,.4884,.5283,.5806,.5794
67,"roman_forum_rome",.6,.7,.75,.8,.725,.66,.12,.24,.36,.52,.6,.64,.2,.3574,.4865,.6303,.6566,.6498
68,"sacre_coeur",.6,.5,.55,.5667,.575,.64,.0833,.125,.25,.375,.4583,.5,.1463,.2,.3438,.4513,.5101,.5614
69,"sagrada_familia",1.0,.9,.95,.9667,.95,.96,.16,.28,.44,.56,.68,.68,.2759,.4271,.6014,.7092,.7926,.7961
70,"santa_maria_novella",.8,.5,.35,.2667,.45,.56,.16,.16,.24,.28,.44,.52,.2667,.2424,.2847,.2732,.4449,.5393
71,"schonbrunn_palace",1.0,.9,.95,.9667,.975,.98,.16,.28,.44,.56,.6,.64,.2759,.4271,.6014,.7092,.7429,.7743
72,"seville_cathedral",.8,.7,.8,.8667,.9,.9,.16,.28,.4,.48,.56,.68,.2667,.4,.5333,.6178,.6904,.7747
73,"spanish_steps",1.0,1.0,.85,.6333,.6,.6,.1364,.2727,.4545,.5,.5455,.6364,.24,.4286,.5923,.5588,.5714,.6176
74,"st__basil_cathedral",1.0,1.0,1.0,.9,.875,.86,.16,.32,.48,.52,.52,.52,.2759,.4848,.6486,.6592,.6523,.6481
75,"statue_of_liberty",1.0,1.0,1.0,.8667,.825,.76,.12,.28,.36,.48,.52,.56,.2143,.4375,.5294,.6178,.6379,.6448
76,"stonehenge",1.0,.8,.7,.7333,.625,.54,.1579,.2632,.3684,.5789,.5789,.6316,.2727,.396,.4828,.6471,.6011,.5822
77,"summer_palace_beijing",1.0,1.0,.95,.9,.9,.88,.16,.24,.44,.52,.6,.64,.2759,.3871,.6014,.6592,.72,.7411
78,"sydney_opera_house",1.0,1.0,.95,.9667,.975,.92,.16,.28,.4,.48,.52,.6,.2759,.4375,.563,.6415,.6783,.7263
79,"teotihuacan",.8,.9,.75,.5667,.625,.62,.16,.36,.48,.52,.56,.68,.2667,.5143,.5854,.5423,.5907,.6486
80,"terracotta_army",.8,.7,.6,.5333,.4,.38,.2,.3,.45,.5,.5,.5,.32,.42,.5143,.5161,.4444,.4318
81,"the_blue_mosque",.6,.8,.9,.9,.9,.9,.12,.24,.24,.4,.48,.56,.2,.3692,.3789,.5538,.6261,.6904
82,"the_henry_ford",.6,.6,.75,.7333,.6,.68,.08,.12,.32,.36,.44,.56,.1412,.2,.4486,.4829,.5077,.6142
83,"taj_mahal",1.0,.9,.9,.8,.85,.88,.2,.32,.48,.56,.6,.6,.3333,.4721,.6261,.6588,.7034,.7135
84,"tour_montparnasse",.6,.7,.5,.5,.45,.42,.1,.2,.25,.35,.4,.5,.1714,.3111,.3333,.4118,.4235,.4565
85,"tower_bridge_london",.8,.8,.75,.5667,.625,.62,.08,.16,.28,.36,.52,.52,.1455,.2667,.4078,.4403,.5677,.5656
86,"trafalgar_square",.6,.8,.65,.6,.5,.46,.0909,.1818,.2273,.3182,.3182,.4545,.1579,.2963,.3368,.4158,.3889,.4573
87,"leaning_tower_of_pisa",.6,.5,.5,.5333,.6,.62,.12,.16,.28,.36,.44,.6,.2,.2424,.359,.4299,.5077,.6098
88,"hermitage_museum_saint_petersburg",1.0,1.0,.85,.8,.775,.82,.16,.24,.32,.4,.52,.6,.2759,.3871,.465,.5333,.6224,.693
89,"jantar_mantar_jaipur",.8,.7,.75,.8333,.875,.86,.16,.24,.44,.52,.68,.76,.2667,.3574,.5546,.6404,.7653,.8069
90,"lake_titicaca_peru",.4,.5,.5,.5333,.5,.46,.0417,.125,.2917,.375,.4583,.5417,.0755,.2,.3684,.4404,.4783,.4975
91,"the_great_wall_of_china",.6,.8,.8,.7,.7,.72,.12,.24,.44,.52,.56,.6,.2,.3692,.5677,.5967,.6222,.6545
92,"grande_arche_paris",.6,.6,.6,.6,.6,.58,.08,.16,.24,.32,.36,.4,.1412,.2526,.3429,.4174,.45,.4735
93,"el_angel_mexico",1.0,1.0,.85,.9,.7,.68,.1905,.3333,.4286,.7143,.7143,.8571,.32,.5,.5698,.7965,.7071,.7584
94,"bibliotheque_nationale_de_france",.4,.6,.75,.8,.7,.7,.08,.12,.24,.36,.4,.44,.1333,.2,.3636,.4966,.5091,.5404
95,"kronborg_castle",.6,.7,.7,.7,.75,.76,.125,.25,.3333,.5,.5833,.5833,.2069,.3684,.4516,.5833,.6562,.66
96,"ajanta_caves",.6,.8,.8,.8333,.85,.88,.1364,.3182,.3636,.5455,.5909,.5909,.2222,.4553,.5,.6593,.6972,.707
97,"atomium",.8,.9,.95,.9667,.975,.96,.1905,.3333,.381,.4286,.4286,.4286,.3077,.4865,.5438,.5939,.5954,.5926
98,"ellora_caves",1.0,1.0,1.0,1.0,.95,.94,.1818,.2273,.3182,.3636,.5,.5455,.3077,.3704,.4828,.5333,.6552,.6903
99,"potala_palace",.8,.9,.9,.9,.925,.86,.1667,.2222,.3333,.4444,.5556,.5556,.2759,.3564,.4865,.595,.6942,.675
100,"jokhang",.8,.8,.8,.8333,.8,.84,.12,.2,.36,.52,.56,.68,.2087,.32,.4966,.6404,.6588,.7516
101,"rila_monastery",.6,.7,.8,.8333,.875,.9,.12,.16,.32,.32,.48,.48,.2,.2605,.4571,.4624,.6199,.6261
102,"louvre_pyramid",1.0,1.0,1.0,.9333,.925,.94,.0556,.2778,.3889,.4444,.4444,.6111,.1053,.4348,.56,.6022,.6004,.7407
103,"brooklyn_bridge",1.0,1.0,.95,.9,.85,.86,.0952,.1905,.381,.4286,.4286,.4762,.1739,.32,.5438,.5806,.5698,.613
104,"tower_of_london",.6,.7,.75,.7667,.775,.76,.0435,.1739,.3913,.5652,.6087,.6522,.0811,.2786,.5143,.6507,.6819,.702
105,"british_museum_london",1.0,1.0,1.0,1.0,.975,.94,.1,.15,.3,.45,.5,.55,.1818,.2609,.4615,.6207,.661,.694
106,"buckingham_palace",.6,.5,.55,.4333,.45,.4,.15,.2,.2,.25,.3,.35,.24,.2857,.2933,.3171,.36,.3733
107,"charles_bridge_prague",1.0,1.0,.85,.8333,.775,.7,.0833,.1667,.25,.3333,.375,.4583,.1538,.2857,.3864,.4762,.5054,.554
108,"champs_elysees_paris",.2,.5,.6,.6,.6,.62,.0667,.2,.3333,.4,.4667,.6,.1,.2857,.4286,.48,.525,.6098
109,"chrysler_building",1.0,1.0,1.0,1.0,1.0,1.0,.1429,.2857,.6429,.7143,.7857,.8571,.25,.4444,.7826,.8333,.88,.9231
110,"moma_new_york",.6,.8,.85,.9,.875,.9,.1579,.2632,.4211,.4211,.5263,.5263,.25,.396,.5631,.5737,.6573,.6642
111,"grand_central_terminal",1.0,1.0,1.0,1.0,1.0,1.0,.0952,.1905,.381,.4762,.5714,.619,.1739,.32,.5517,.6452,.7273,.7647
112,"houses_of_parliament",1.0,1.0,1.0,1.0,1.0,1.0,.1304,.2609,.3043,.3913,.4783,.5217,.2308,.4138,.4667,.5625,.6471,.6857
113,"alexanderplatz_berlin",.0,.0,.35,.5667,.575,.62,.0,.0,.16,.36,.4,.44,.0,.0,.2196,.4403,.4718,.5147
114,"centre_pompidou",.8,.9,.75,.7667,.725,.72,.2222,.2778,.4444,.5556,.6111,.6111,.3478,.4245,.5581,.6443,.6632,.6611
115,"sydney_harbour_bridge",1.0,1.0,1.0,1.0,1.0,.98,.25,.3125,.4375,.5,.6875,.6875,.4,.4762,.6087,.6667,.8148,.8081
116,"pier_39",1.0,1.0,.95,.9667,.925,.92,.2381,.3333,.381,.4762,.6667,.6667,.3846,.5,.5438,.6381,.7749,.7731
117,"coit_tower",.6,.7,.65,.5,.475,.56,.1333,.2,.2667,.4,.4,.4667,.2182,.3111,.3782,.4444,.4343,.5091
118,"st_paul_s_cathedral_london",1.0,1.0,.9,.8333,.875,.84,.2353,.4118,.4706,.5294,.6471,.7647,.381,.5833,.618,.6475,.744,.8006
119,"cloud_gate",.6,.7,.8,.6,.475,.58,.25,.3333,.3333,.3333,.4167,.5,.3529,.4516,.4706,.4286,.4439,.537
120,"musee_d_orsay",1.0,.9,.9,.8667,.9,.92,.0952,.1905,.3333,.5238,.619,.6667,.1739,.3144,.4865,.653,.7335,.7731
121,"pike_place_market",1.0,1.0,.85,.8333,.875,.84,.1905,.2857,.4286,.4762,.5238,.5238,.32,.4444,.5698,.6061,.6553,.6453
122,"royal_palace_madrid",.4,.6,.8,.8667,.875,.8,.0909,.2273,.4091,.5909,.5909,.6364,.1481,.3297,.5414,.7027,.7054,.7089
123,"sony_center_berlin",.8,.9,.95,.9667,.95,.96,.1429,.2381,.4286,.5714,.5714,.5714,.2424,.3766,.5907,.7183,.7136,.7164
124,"red_square_moscow",.8,.8,.7,.6667,.675,.72,.1429,.1905,.3333,.4762,.619,.6667,.2424,.3077,.4516,.5556,.6458,.6923
125,"prague_castle",.8,.9,.85,.8333,.875,.82,.12,.24,.36,.48,.6,.68,.2087,.3789,.5058,.6091,.7119,.7435
126,"musee_du_louvre",1.0,1.0,.95,.9667,.975,.98,.12,.24,.36,.48,.6,.68,.2143,.3871,.5221,.6415,.7429,.8029
127,"millennium_bridge_london",1.0,.9,.75,.7667,.775,.82,.16,.28,.44,.44,.56,.6,.2759,.4271,.5546,.5591,.6502,.693
128,"casa_mila",1.0,1.0,1.0,1.0,1.0,.94,.16,.32,.4,.48,.56,.68,.2759,.4848,.5714,.6486,.7179,.7891
129,"national_gallery_london",1.0,1.0,.85,.5667,.6,.68,.1818,.2727,.4091,.4091,.5455,.6364,.3077,.4286,.5523,.4752,.5714,.6575
130,"national_mall",1.0,.8,.85,.9,.925,.88,.2,.32,.48,.6,.68,.72,.3333,.4571,.6135,.72,.7838,.792
131,"london_city_hall",1.0,1.0,.95,.8667,.85,.78,.25,.4,.45,.55,.55,.55,.4,.5714,.6107,.6729,.6679,.6451
132,"holocaust_memorial",.4,.6,.55,.6,.525,.6,.125,.25,.375,.5,.5,.5625,.1905,.3529,.4459,.5455,.5122,.5806
133,"columbus_circle",.6,.5,.7,.6667,.7,.56,.12,.16,.4,.52,.68,.68,.2,.2424,.5091,.5843,.6899,.6142
134,"siegessaeule",1.0,1.0,1.0,1.0,.85,.68,.2,.32,.52,.68,.8,.8,.3333,.4848,.6842,.8095,.8242,.7351
135,"jardin_du_luxembourg",1.0,1.0,1.0,1.0,1.0,1.0,.12,.24,.48,.56,.68,.76,.2143,.3871,.6486,.7179,.8095,.8636
136,"merlion_singapore",.2,.1,.25,.2333,.225,.2,.0455,.0455,.2273,.2273,.3182,.3182,.0741,.0625,.2381,.2303,.2636,.2456
137,"harrods_london",1.0,1.0,1.0,.8667,.8,.8,.16,.28,.44,.6,.6,.64,.2759,.4375,.6111,.7091,.6857,.7111
138,"metropolitan_museum_of_art_new_york",1.0,1.0,1.0,.9333,.925,.94,.2,.32,.44,.52,.6,.64,.3333,.4848,.6111,.6679,.7279,.7615
139,"new_york_stock_exchange",.6,.8,.85,.9,.775,.64,.15,.3,.45,.45,.45,.5,.24,.4364,.5885,.6,.5694,.5614
140,"stephansdom_vienna",1.0,1.0,1.0,1.0,.975,.96,.12,.28,.44,.56,.64,.76,.2143,.4375,.6111,.7179,.7728,.8484
141,"hms_belfast",1.0,1.0,.95,.9667,.95,.92,.12,.16,.28,.48,.48,.56,.2143,.2759,.4325,.6415,.6378,.6962
142,"leicester_square",1.0,1.0,.85,.8667,.8,.74,.16,.16,.2,.4,.48,.48,.2759,.2759,.3238,.5474,.6,.5823
143,"ciudad_de_las_artes_y_las_ciencias",1.0,.9,.95,.9,.925,.92,.16,.28,.36,.44,.56,.64,.2759,.4271,.5221,.591,.6976,.7549
144,"topkapi_palace",1.0,.9,.95,.9333,.95,.96,.2,.32,.48,.52,.64,.68,.3333,.4721,.6378,.6679,.7648,.7961
145,"royal_albert_hall",1.0,.9,.8,.7667,.625,.62,.12,.16,.24,.36,.4,.44,.2143,.2717,.3692,.4899,.4878,.5147
146,"st_vitus_cathedral",.8,.9,.95,.9333,.95,.92,.16,.24,.4,.48,.6,.6,.2667,.3789,.563,.634,.7355,.7263
147,"castello_sforzesco",1.0,1.0,.95,.8667,.875,.88,.12,.24,.4,.48,.56,.64,.2143,.3871,.563,.6178,.6829,.7411
148,"rijksmuseum_amsterdam",1.0,1.0,1.0,1.0,1.0,1.0,.16,.2,.2,.4,.48,.64,.2759,.3333,.3333,.5714,.6486,.7805
149,"dam_square",.8,.8,.85,.7667,.7,.66,.12,.2,.36,.36,.4,.44,.2087,.32,.5058,.4899,.5091,.528
150,"rathaus_vienna",1.0,1.0,.95,.9,.85,.76,.16,.16,.16,.24,.36,.44,.2759,.2759,.2739,.3789,.5058,.5573
151,"bath_abbey",1.0,1.0,.95,.9667,.95,.96,.2,.32,.36,.56,.68,.72,.3333,.4848,.5221,.7092,.7926,.8229
152,"salisbury_cathedral",1.0,1.0,1.0,.9333,.95,.96,.16,.28,.4,.44,.52,.6,.2759,.4375,.5714,.5981,.6721,.7385
153,"templo_de_debod",.2,.3,.35,.3,.375,.3,.0455,.0455,.1818,.2273,.3636,.3636,.0741,.0789,.2393,.2586,.3692,.3288
154,"Niagara_Falls",.4,.6,.65,.6,.6,.6,.0455,.1818,.3636,.3636,.4545,.5,.0816,.2791,.4664,.4528,.5172,.5455
155,"Golden_Gate_Bridge_in_San_Francisco",1.0,.9,.85,.9,.925,.94,.0909,.1818,.4091,.5,.5909,.6364,.1667,.3025,.5523,.6429,.7211,.7589
156,"Neuschwanstein_Castle",1.0,1.0,1.0,1.0,1.0,.98,.12,.28,.48,.56,.6,.72,.2143,.4375,.6486,.7179,.75,.8301
157,"Christ_Church_Cathedral_Missouri",1.0,1.0,1.0,1.0,1.0,1.0,.16,.36,.52,.56,.56,.6,.2759,.5294,.6842,.7179,.7179,.75
158,"Mount_Rushmore_in_South_Dakota",.8,.9,.9,.9,.925,.94,.12,.28,.44,.48,.48,.56,.2087,.4271,.591,.6261,.632,.7019
159,"Puerta_de_Toledo",.6,.3,.15,.1,.075,.06,1.0,1.0,1.0,1.0,1.0,1.0,.75,.4615,.2609,.1818,.1395,.1132
160,"Urquhart_Castle",.8,.8,.85,.7667,.8,.76,.1667,.2917,.5,.5833,.6667,.6667,.2759,.4275,.6296,.6626,.7273,.7103
161,"Gare_du_Nord_Paris",.8,.8,.7,.7667,.825,.84,.16,.2,.24,.28,.32,.44,.2667,.32,.3574,.4102,.4611,.5775
162,"Newgrange_in_Ireland",.6,.7,.7,.7333,.675,.66,.0833,.2083,.375,.4167,.4583,.5417,.1463,.3211,.4884,.5314,.546,.595
163,"Windmills_at_Kinderdijk",.8,.8,.9,.9333,.95,.94,.12,.2,.36,.48,.56,.56,.2087,.32,.5143,.634,.7046,.7019
164,"Conciergerie",.8,.9,.95,.9667,.975,.98,.16,.2,.4,.52,.64,.68,.2667,.3273,.563,.6762,.7728,.8029
165,"Palazzo_Madama",1.0,1.0,.9,.8667,.775,.76,.2273,.4091,.5455,.5909,.6364,.7273,.3704,.5806,.6792,.7027,.6989,.7433
166,"Split_Rock_Lighthouse",1.0,.9,.95,.9333,.875,.8,.16,.24,.4,.44,.44,.48,.2759,.3789,.563,.5981,.5856,.6
167,"The_Little_Mermaid_Denmark",1.0,1.0,.95,.8333,.8,.74,.2143,.4286,.6429,.7143,.7857,.8571,.3529,.6,.7668,.7692,.7928,.7943
168,"Great_Pyramid_of_Giza",.6,.6,.6,.5667,.6,.6,.1333,.2667,.4667,.6667,.6667,.7333,.2182,.3692,.525,.6126,.6316,.66
169,"Pitti_Palace",.6,.7,.7,.7667,.825,.86,.1364,.2727,.4091,.5,.5455,.5909,.2222,.3925,.5164,.6053,.6567,.7005
170,"Georgia_State_Capitol",1.0,1.0,.75,.6,.45,.36,.2105,.2105,.2632,.2632,.2632,.2632,.3478,.3478,.3896,.3659,.3321,.3041
171,"Dome_des_Invalides",.8,.9,.95,.9667,.975,.98,.12,.28,.4,.4,.48,.48,.2087,.4271,.563,.5659,.6433,.6444
172,"Reggia_di_Caserta",.6,.7,.5,.5333,.6,.6,.12,.24,.36,.48,.52,.6,.2,.3574,.4186,.5053,.5571,.6
173,"The_Burj_al_Arab_Hotel",.8,.9,.8,.8333,.875,.84,.16,.28,.48,.56,.56,.56,.2667,.4271,.6,.6699,.6829,.672
174,"Elephanta_Caves",1.0,1.0,.95,.9667,.975,.98,.125,.25,.4167,.5417,.625,.7083,.2222,.4,.5793,.6943,.7617,.8223
175,"Basilica_of_Santa_Croce",1.0,1.0,1.0,1.0,1.0,1.0,.16,.24,.28,.32,.52,.64,.2759,.3871,.4375,.4848,.6842,.7805
176,"Aachen_Cathedral",1.0,1.0,.95,.8667,.9,.92,.2,.28,.4,.4,.56,.56,.3333,.4375,.563,.5474,.6904,.6962
177,"Monument_to_the_Great_Fire_of_London",1.0,.7,.6,.5667,.5,.5,.2,.2,.32,.4,.48,.56,.3333,.3111,.4174,.469,.4898,.5283
178,"Longmen_Grottoes",.8,.7,.7,.5333,.55,.52,.12,.24,.48,.48,.56,.64,.2087,.3574,.5695,.5053,.555,.5738
179,"Louisiana_State_Capitol",.4,.4,.25,.2,.275,.3,.08,.16,.16,.2,.32,.4,.1333,.2286,.1951,.2,.2958,.3429
180,"The_Great_Sphinx_at_Giza",1.0,.9,.85,.8333,.8,.84,.16,.28,.4,.48,.6,.68,.2759,.4271,.544,.6091,.6857,.7516
181,"Teatro_Real_Madrid",1.0,1.0,1.0,1.0,.825,.68,.1739,.3478,.6087,.7391,.7826,.7826,.2963,.5161,.7568,.85,.8032,.7277
182,"Palacio_de_la_Magdalena",.4,.7,.85,.8333,.775,.8,.08,.24,.44,.6,.68,.72,.1333,.3574,.5798,.6977,.7244,.7579
183,"Sowjetisches_Ehrenmal",.4,.4,.55,.6,.65,.7,.08,.12,.36,.44,.6,.72,.1333,.1846,.4352,.5077,.624,.7099
184,"Cathedral_of_Trier",.8,.7,.85,.9,.925,.92,.16,.24,.4,.52,.68,.76,.2667,.3574,.544,.6592,.7838,.8324
185,"Saint_Mary_of_the_Flower",.4,.3,.3,.2333,.225,.2,.08,.12,.12,.16,.2,.24,.1333,.1714,.1714,.1898,.2118,.2182
186,"Skellig_Michael",.8,.9,.75,.7,.625,.68,.16,.32,.4,.52,.56,.64,.2667,.4721,.5217,.5967,.5907,.6594
187,"Chicago_Board_of_Trade_Building",1.0,1.0,1.0,.9667,.95,.88,.1818,.2727,.5455,.5909,.6364,.7273,.3077,.4286,.7059,.7335,.7622,.7964
188,"Pont_de_Normandie_France",1.0,1.0,1.0,.9,.875,.82,.2105,.3684,.6316,.6842,.8421,.8421,.3478,.5385,.7742,.7774,.8582,.8309
189,"Palazzo_Rosso",.0,.0,.0,.0333,.075,.1,.0,.0,.0,.0417,.0833,.1667,.0,.0,.0,.037,.0789,.125
190,"Piazza_Vittorio_Veneto",1.0,.9,.7,.5667,.5,.44,.25,.375,.4375,.5,.625,.6875,.4,.5294,.5385,.5312,.5556,.5366
191,"Sforza_Castle",1.0,1.0,1.0,.9333,.925,.94,.16,.28,.52,.6,.64,.72,.2759,.4375,.6842,.7304,.7565,.8154
192,"Torres_KIO",1.0,1.0,1.0,.9,.85,.84,.2,.28,.48,.6,.6,.64,.3333,.4375,.6486,.72,.7034,.7265
193,"Torre_Picasso",1.0,1.0,.95,.9667,.875,.72,.1667,.2917,.5417,.5417,.625,.6667,.2857,.4516,.6899,.6943,.7292,.6923
194,"The_Palace_of_Parliament_in_Bucharest",.8,.9,.9,.9333,.95,.9,.12,.24,.36,.52,.56,.56,.2087,.3789,.5143,.6679,.7046,.6904
195,"Ernest_Hemingway_House",.8,.9,.8,.8333,.85,.78,.12,.28,.4,.56,.68,.68,.2087,.4271,.5333,.6699,.7556,.7266
196,"Castel_dellOvo_Napoli",.8,.7,.8,.8,.85,.88,.16,.24,.44,.56,.68,.76,.2667,.3574,.5677,.6588,.7556,.8156
197,"Villa_Borghese_gardens",1.0,1.0,1.0,1.0,1.0,1.0,.2,.32,.52,.64,.72,.76,.3333,.4848,.6842,.7805,.8372,.8636
198,"Saint_Marks_Basilica",1.0,1.0,1.0,1.0,1.0,1.0,.16,.24,.36,.4,.44,.44,.2759,.3871,.5294,.5714,.6111,.6111
199,"Mausoleum_of_the_First_Qin_Emperor",.8,.9,.95,.8667,.75,.8,.16,.36,.4,.48,.56,.56,.2667,.5143,.563,.6178,.6412,.6588
200,"Mausoleum_of_Hadrian",1.0,.9,.9,.9,.875,.9,.1667,.2778,.4444,.5,.5,.6111,.2857,.4245,.595,.6429,.6364,.7279
201,"Piazza_de_Ferrari",.8,.9,.95,.9333,.95,.92,.1053,.2632,.3684,.4737,.5263,.5263,.186,.4072,.5309,.6284,.6774,.6696
202,"George_Washington_Carver",.2,.5,.6,.6333,.65,.6,.0625,.1875,.375,.4375,.5,.5,.0952,.2727,.4615,.5175,.5652,.5455
203,"Cathedral_of_Santiago_de_Compostela",1.0,1.0,.95,.9333,.925,.88,.1765,.2941,.4706,.6471,.7647,.8235,.3,.4545,.6294,.7643,.8372,.8508
204,"Saint-Jacques_Tower",.8,.9,.85,.8333,.8,.74,.2308,.3077,.3077,.3077,.3846,.4615,.3582,.4586,.4518,.4494,.5195,.5685
205,"Calakmul_Campeche_Mexico",1.0,1.0,.9,.8,.75,.78,.2857,.4286,.5714,.6429,.6429,.7857,.4444,.6,.699,.7129,.6923,.7828
206,"Bran_Castle_in_Transylvania",1.0,.9,.8,.8,.825,.84,.1579,.3158,.4211,.4211,.4211,.5263,.2727,.4675,.5517,.5517,.5576,.6471
207,"Mosteiro_da_Batalha",1.0,1.0,1.0,1.0,1.0,1.0,.2632,.5263,.6842,.6842,.8421,.8947,.4167,.6897,.8125,.8125,.9143,.9444
208,"Wartburg_Castle",1.0,1.0,.95,.9333,.95,.92,.15,.25,.5,.7,.7,.7,.2609,.4,.6552,.8,.8061,.7951
209,"Fujian_Tulou_Fujian_China",1.0,1.0,1.0,1.0,.975,.96,.1667,.3889,.5556,.6111,.7778,.7778,.2857,.56,.7143,.7586,.8653,.8593
210,"Alabama_State_Capitol",.8,.7,.65,.6,.675,.74,.1905,.3333,.5714,.6667,.7143,.7619,.3077,.4516,.6082,.6316,.6941,.7508
211,"Palazzo_dAccursio",1.0,.9,.9,.8333,.875,.86,.1667,.2778,.3333,.3889,.5,.6111,.2857,.4245,.4865,.5303,.6364,.7145
212,"Casa_Grande_Ruins",1.0,.7,.75,.7333,.8,.84,.2353,.2353,.3529,.4118,.4118,.4706,.381,.3522,.48,.5274,.5437,.6032
213,"Stravinsky_Fountain",1.0,.9,.95,.9667,.975,.98,.2,.2667,.3333,.5333,.6,.6,.3333,.4114,.4935,.6874,.7429,.7443
214,"Angel_Falls_Venezuela",.8,.9,.75,.6,.525,.48,.1765,.4118,.5294,.5294,.5882,.5882,.2892,.565,.6207,.5625,.5548,.5286
215,"Statue_of_George_IV",1.0,.9,.6,.5333,.525,.42,.5,.5,.5,.625,.75,.75,.6667,.6429,.5455,.5755,.6176,.5385
216,"Palacio_Barolo",.8,.7,.8,.8667,.9,.92,.2353,.2941,.4706,.4706,.5882,.5882,.3636,.4142,.5926,.61,.7115,.7176
217,"Bridge_of_Remembrance_Christchurch_New_Zealand",1.0,.8,.65,.6,.6,.68,.1667,.4167,.5,.6667,.9167,.9167,.2857,.5479,.5652,.6316,.7253,.7808
218,"John_A._Roebling_Suspension_Bridge",.0,.1,.3,.3,.4,.44,.0,.0667,.3333,.4667,.6667,.7333,.0,.08,.3158,.3652,.5,.55
219,"Blue_Dome_Santorini",.8,.9,.9,.8667,.9,.9,.25,.3125,.5625,.625,.75,.8125,.381,.4639,.6923,.7263,.8182,.854
220,"Fossar_de_les_Moreres",.6,.5,.7,.6667,.575,.5,.1429,.2143,.4286,.6429,.7143,.7143,.2308,.3,.5316,.6545,.6371,.5882
221,"Luxor_Obelisk_France",1.0,1.0,.75,.7,.725,.74,.125,.3125,.375,.4375,.4375,.4375,.2222,.4762,.5,.5385,.5457,.5499
222,"Valle_de_los_Caidos",1.0,1.0,.9,.8667,.9,.88,.2,.35,.6,.65,.75,.75,.3333,.5185,.72,.7429,.8182,.8098
--------------------
"--","Avg.",P@5,P@10,P@20,P@30,P@40,P@50,CR@5,CR@10,CR@20,CR@30,CR@40,CR@50,F1@5,F1@10,F1@20,F1@30,F1@40,F1@50
,.,8081,.8194,.8032,.7826,.7751,.7666,.1472,.2516,.3868,.4812,.561,.6173,.2426,.3766,.511,.5824,.636,.6686
