--------------------
"Run name","output_runDICEXBIndex"
--------------------
"Average P@20 = ",.7791
"Average CR@20 = ",.3669
"Average F1@20 = ",.4875
--------------------
"Query Id ","Location name",P@5,P@10,P@20,P@30,P@40,P@50,CR@5,CR@10,CR@20,CR@30,CR@40,CR@50,F1@5,F1@10,F1@20,F1@30,F1@40,F1@50
1,"angel_of_the_north",1.0,1.0,1.0,1.0,1.0,1.0,.2,.32,.44,.56,.64,.72,.3333,.4848,.6111,.7179,.7805,.8372
2,"big_ben",.6,.5,.55,.5333,.525,.48,.1364,.2273,.3636,.3636,.3636,.4545,.2222,.3125,.4378,.4324,.4297,.4669
3,"hearst_castle",1.0,1.0,.95,.9333,.95,.96,.2083,.3333,.5417,.6667,.7083,.75,.3448,.5,.6899,.7778,.8116,.8421
4,"la_madeleine",.0,.0,.05,.3,.375,.48,.0,.0,.0714,.3571,.5714,.8571,.0,.0,.0588,.3261,.4528,.6154
5,"pont_alexandre_iii",.8,.9,.95,.9333,.95,.96,.16,.32,.56,.56,.56,.64,.2667,.4721,.7046,.7,.7046,.768
6,"neues_museum",.0,.0,.0,.0333,.225,.38,.0,.0,.0,.04,.2,.44,.0,.0,.0,.0364,.2118,.4078
7,"montezuma_castle",.6,.7,.75,.7667,.7,.62,.1667,.4167,.5833,.5833,.6667,.6667,.2609,.5224,.6562,.6626,.6829,.6425
8,"cn_tower",.6,.6,.55,.6333,.7,.74,.0833,.1667,.2917,.375,.5833,.625,.1463,.2609,.3812,.4711,.6364,.6777
9,"acropolis_athens",.8,.9,.85,.8667,.875,.9,.1429,.2857,.4286,.5714,.5714,.5714,.2424,.4337,.5698,.6887,.6914,.699
10,"agra_fort",.8,.8,.85,.8333,.825,.86,.16,.24,.4,.56,.64,.68,.2667,.3692,.544,.6699,.7208,.7595
11,"albert_memorial",.4,.6,.8,.8667,.675,.7,.0909,.1818,.2273,.3182,.3636,.4545,.1481,.2791,.354,.4655,.4726,.5512
12,"altes_museum",1.0,1.0,1.0,.9667,.8,.68,.0833,.2083,.375,.5833,.6667,.7083,.1538,.3448,.5455,.7276,.7273,.6939
13,"amiens_cathedral",1.0,1.0,.95,.9333,.95,.94,.16,.36,.52,.6,.68,.8,.2759,.5294,.6721,.7304,.7926,.8644
14,"angkor_wat",1.0,1.0,.95,.6667,.675,.74,.16,.28,.52,.52,.56,.68,.2759,.4375,.6721,.5843,.6121,.7087
15,"ara_pacis",.8,.9,.95,.9333,.725,.7,.1818,.2727,.5,.6364,.6818,.7273,.2963,.4186,.6552,.7568,.7027,.7134
16,"arc_de_triomphe",1.0,.9,.95,.9333,.8,.76,.2083,.25,.375,.5,.5833,.625,.3448,.3913,.5377,.6512,.6747,.6859
17,"aztec_ruins",.4,.5,.5,.4667,.45,.46,.04,.16,.32,.36,.52,.52,.0727,.2424,.3902,.4065,.4825,.4882
18,"berlin_cathedral",1.0,1.0,1.0,.9667,.975,.98,.16,.28,.48,.56,.6,.64,.2759,.4375,.6486,.7092,.7429,.7743
19,"bok_tower_gardens",1.0,.9,.75,.8,.85,.86,.2,.32,.48,.64,.68,.72,.3333,.4721,.5854,.7111,.7556,.7838
20,"brandenburg_gate",1.0,1.0,1.0,1.0,.95,.96,.08,.16,.32,.44,.44,.52,.1481,.2759,.4848,.6111,.6014,.6746
21,"cabrillo",.4,.5,.35,.3333,.25,.24,.1538,.3077,.3846,.5385,.5385,.6923,.2222,.381,.3665,.4118,.3415,.3564
22,"casa_batllo",1.0,1.0,1.0,1.0,1.0,1.0,.2,.4,.52,.6,.68,.76,.3333,.5714,.6842,.75,.8095,.8636
23,"casa_rosada",1.0,.8,.85,.9,.925,.94,.16,.2,.36,.48,.64,.72,.2759,.32,.5058,.6261,.7565,.8154
24,"castillo_de_san_marcos",.4,.5,.45,.5667,.675,.74,.08,.16,.24,.44,.64,.72,.1333,.2424,.313,.4954,.657,.7299
25,"chartres_cathedral",1.0,1.0,1.0,1.0,.975,.94,.16,.24,.4,.68,.68,.76,.2759,.3871,.5714,.8095,.8012,.8405
26,"chichen_itza",.6,.7,.75,.8,.8,.82,.12,.2,.32,.4,.44,.6,.2,.3111,.4486,.5333,.5677,.693
27,"christ_the_redeemer_rio",.4,.3,.35,.4,.375,.4,.0435,.0435,.1739,.2174,.2609,.3043,.0784,.0759,.2324,.2817,.3077,.3457
28,"civic_center_san_francisco",.8,.9,.85,.8,.825,.78,.16,.32,.44,.6,.6,.6,.2667,.4721,.5798,.6857,.6947,.6783
29,"cologne_cathedral",1.0,1.0,1.0,.9667,.975,.98,.16,.24,.36,.44,.52,.6,.2759,.3871,.5294,.6047,.6783,.7443
30,"colosseum",1.0,1.0,1.0,1.0,.875,.88,.2,.28,.4,.48,.56,.6,.3333,.4375,.5714,.6486,.6829,.7135
31,"doge_s_palace",.6,.6,.55,.6667,.725,.74,.08,.16,.24,.36,.4,.48,.1412,.2526,.3342,.4675,.5156,.5823
32,"eiffel_tower",.8,.8,.85,.8667,.875,.9,.16,.24,.32,.44,.48,.52,.2667,.3692,.465,.5837,.6199,.6592
33,"golden_gate_bridge",.8,.9,.9,.8333,.75,.7,.1304,.2174,.4348,.4783,.5652,.5652,.2243,.3502,.5863,.6077,.6446,.6254
34,"grand_palais",1.0,1.0,.95,.8667,.9,.86,.1364,.1818,.3182,.5,.5909,.6364,.24,.3077,.4767,.6341,.7134,.7315
35,"guggenheim_museum_bilbao",1.0,1.0,1.0,1.0,1.0,.96,.16,.28,.36,.4,.56,.64,.2759,.4375,.5294,.5714,.7179,.768
36,"hagia_sophia_istanbul",1.0,1.0,.95,.9667,.975,.98,.16,.28,.4,.44,.48,.6,.2759,.4375,.563,.6047,.6433,.7443
37,"hoover_dam",1.0,.9,.85,.8333,.875,.88,.16,.2,.24,.44,.56,.6,.2759,.3273,.3743,.5759,.6829,.7135
38,"humayun_tomb",1.0,.7,.55,.6333,.725,.74,.12,.12,.24,.4,.56,.64,.2143,.2049,.3342,.4903,.6319,.6864
39,"iguazu_falls",.4,.7,.8,.8,.75,.8,.08,.2,.36,.48,.6,.68,.1333,.3111,.4966,.6,.6667,.7351
40,"iolani_palace",1.0,1.0,1.0,.9667,.75,.68,.16,.16,.32,.56,.56,.64,.2759,.2759,.4848,.7092,.6412,.6594
41,"la_mezquita",.8,.8,.9,.9333,.925,.9,.1667,.25,.4167,.5417,.6667,.75,.2759,.381,.5696,.6855,.7749,.8182
42,"la_rambla_barcelona",.8,.9,.95,.9667,.9,.92,.16,.24,.4,.48,.56,.6,.2667,.3789,.563,.6415,.6904,.7263
43,"la_sainte_chapelle",1.0,1.0,1.0,.9333,.95,.96,.2,.36,.44,.56,.6,.64,.3333,.5294,.6111,.7,.7355,.768
44,"liberty_memorial",.6,.5,.3,.2667,.3,.42,.04,.08,.12,.16,.24,.32,.075,.1379,.1714,.2,.2667,.3632
45,"lincoln_home",.6,.5,.5,.5,.45,.46,.1667,.2778,.3333,.3333,.5,.6667,.2609,.3571,.4,.4,.4737,.5444
46,"machu_picchu",1.0,1.0,1.0,.9333,.775,.76,.2,.32,.52,.6,.64,.64,.3333,.4848,.6842,.7304,.7011,.6949
47,"marble_arch_london",.6,.5,.5,.4667,.475,.4,.25,.3333,.5,.5833,.6667,.75,.3529,.4,.5,.5185,.5547,.5217
48,"milan_cathedral",1.0,1.0,1.0,.8667,.85,.88,.16,.32,.44,.6,.68,.76,.2759,.4848,.6111,.7091,.7556,.8156
49,"mole_antonelliana",.6,.7,.85,.9,.85,.78,.12,.16,.28,.36,.44,.48,.2,.2605,.4212,.5143,.5798,.5943
50,"mont_saint_michel",1.0,1.0,.95,.9667,.95,.92,.2,.32,.48,.56,.64,.68,.3333,.4848,.6378,.7092,.7648,.782
51,"moulin_rouge",.2,.1,.05,.0333,.05,.06,.125,.125,.125,.125,.25,.375,.1538,.1111,.0714,.0526,.0833,.1034
52,"nelson_s_column",1.0,.9,.95,.9,.925,.92,.125,.1667,.3333,.5,.5,.5833,.2222,.2812,.4935,.6429,.6491,.714
53,"notre_dame_de_paris",.8,.9,.9,.9333,.95,.92,.16,.24,.28,.48,.6,.68,.2667,.3789,.4271,.634,.7355,.782
54,"obelisco",.2,.1,.25,.3333,.35,.28,.0909,.0909,.2727,.4545,.5455,.5455,.125,.0952,.2609,.3846,.4264,.37
55,"piccadilly_circus",.8,.9,.85,.7667,.725,.78,.1304,.1739,.3913,.4348,.4783,.6087,.2243,.2915,.5359,.5549,.5763,.6838
56,"place_de_la_concorde",1.0,1.0,1.0,1.0,1.0,1.0,.12,.24,.36,.52,.6,.64,.2143,.3871,.5294,.6842,.75,.7805
57,"place_de_la_republique",.2,.3,.3,.3333,.25,.2,.125,.25,.5,.75,.75,.75,.1538,.2727,.375,.4615,.375,.3158
58,"place_des_vosges",1.0,1.0,.75,.6,.7,.76,.12,.2,.28,.28,.4,.48,.2143,.3333,.4078,.3818,.5091,.5884
59,"pont_du_gard",.8,.9,.9,.9,.925,.94,.12,.28,.36,.44,.52,.64,.2087,.4271,.5143,.591,.6657,.7615
60,"pont_neuf",1.0,.8,.75,.7,.7,.68,.16,.24,.36,.44,.6,.72,.2759,.3692,.4865,.5404,.6462,.6994
61,"ponte_vecchio",1.0,1.0,.95,.9,.925,.86,.0833,.2083,.3333,.4583,.5417,.5833,.1538,.3448,.4935,.6074,.6832,.6952
62,"puerta_de_alcala",.2,.1,.1,.1,.3,.36,.0526,.0526,.1053,.1579,.3158,.3684,.0833,.069,.1026,.1224,.3077,.3642
63,"puerta_del_sol",.8,.9,.9,.6667,.575,.48,.2,.25,.5,.5,.55,.55,.32,.3913,.6429,.5714,.5622,.5126
64,"red_fort",.8,.9,.95,.9667,.975,.98,.12,.28,.4,.6,.68,.76,.2087,.4271,.563,.7404,.8012,.8561
65,"reims_cathedral",1.0,1.0,1.0,1.0,1.0,1.0,.16,.2,.4,.48,.52,.56,.2759,.3333,.5714,.6486,.6842,.7179
66,"rialto_bridge",.6,.7,.85,.7333,.675,.68,.125,.25,.3125,.4375,.5625,.6875,.2069,.3684,.457,.548,.6136,.6837
67,"roman_forum_rome",.6,.7,.65,.6667,.75,.76,.12,.24,.36,.52,.64,.72,.2,.3574,.4634,.5843,.6906,.7395
68,"sacre_coeur",.6,.5,.55,.5667,.625,.64,.125,.2083,.2917,.3333,.4167,.5,.2069,.2941,.3812,.4198,.5,.5614
69,"sagrada_familia",1.0,.8,.9,.9333,.925,.92,.16,.2,.32,.4,.52,.64,.2759,.32,.4721,.56,.6657,.7549
70,"santa_maria_novella",.6,.4,.25,.1667,.3,.44,.12,.12,.16,.16,.32,.44,.2,.1846,.1951,.1633,.3097,.44
71,"schonbrunn_palace",1.0,1.0,1.0,1.0,1.0,.98,.16,.24,.4,.52,.56,.6,.2759,.3871,.5714,.6842,.7179,.7443
72,"seville_cathedral",.8,.8,.85,.8667,.9,.9,.16,.24,.4,.52,.64,.68,.2667,.3692,.544,.65,.7481,.7747
73,"spanish_steps",1.0,.8,.8,.7,.7,.66,.1364,.1818,.3182,.5,.6818,.7273,.24,.2963,.4553,.5833,.6908,.692
74,"st__basil_cathedral",1.0,1.0,.95,.9,.9,.9,.2,.32,.48,.48,.56,.6,.3333,.4848,.6378,.6261,.6904,.72
75,"statue_of_liberty",.6,.5,.5,.6333,.675,.64,.08,.12,.16,.32,.44,.48,.1412,.1935,.2424,.4252,.5327,.5486
76,"stonehenge",.8,.6,.4,.3667,.475,.52,.1053,.1579,.2105,.2632,.4211,.5263,.186,.25,.2759,.3064,.4464,.5231
77,"summer_palace_beijing",1.0,1.0,.95,.9333,.95,.96,.12,.24,.4,.4,.52,.64,.2143,.3871,.563,.56,.6721,.768
78,"sydney_opera_house",1.0,1.0,1.0,.9667,.975,.94,.12,.24,.32,.44,.44,.52,.2143,.3871,.4848,.6047,.6064,.6696
79,"teotihuacan",.6,.6,.5,.5667,.625,.66,.12,.2,.24,.44,.52,.64,.2,.3,.3243,.4954,.5677,.6498
80,"terracotta_army",.6,.8,.9,.7,.525,.46,.15,.3,.55,.6,.6,.6,.24,.4364,.6828,.6462,.56,.5208
81,"the_blue_mosque",.6,.8,.85,.8667,.9,.9,.08,.16,.28,.4,.52,.6,.1412,.2667,.4212,.5474,.6592,.72
82,"the_henry_ford",1.0,.9,.85,.7333,.675,.6,.16,.24,.4,.44,.48,.48,.2759,.3789,.544,.55,.561,.5333
83,"taj_mahal",1.0,1.0,.95,.9,.9,.92,.2,.36,.52,.6,.6,.6,.3333,.5294,.6721,.72,.72,.7263
84,"tour_montparnasse",.4,.7,.75,.7,.675,.58,.1,.15,.35,.4,.55,.55,.16,.2471,.4773,.5091,.6061,.5646
85,"tower_bridge_london",1.0,.7,.6,.5333,.45,.52,.12,.16,.2,.32,.4,.52,.2143,.2605,.3,.4,.4235,.52
86,"trafalgar_square",.4,.4,.3,.3333,.35,.36,.0909,.1818,.2273,.3182,.3182,.4545,.1481,.25,.2586,.3256,.3333,.4018
87,"leaning_tower_of_pisa",.8,.8,.7,.5667,.5,.52,.12,.16,.24,.36,.4,.44,.2087,.2667,.3574,.4403,.4444,.4767
88,"hermitage_museum_saint_petersburg",1.0,1.0,.95,.9667,.9,.82,.16,.24,.36,.36,.44,.52,.2759,.3871,.5221,.5246,.591,.6364
89,"jantar_mantar_jaipur",1.0,.8,.9,.8,.85,.84,.16,.24,.44,.64,.76,.8,.2759,.3692,.591,.7111,.8025,.8195
90,"lake_titicaca_peru",.8,.6,.6,.5667,.475,.46,.125,.125,.3333,.375,.4167,.5417,.2162,.2069,.4286,.4513,.4439,.4975
91,"the_great_wall_of_china",.4,.7,.85,.8,.85,.88,.08,.24,.36,.44,.56,.6,.1333,.3574,.5058,.5677,.6752,.7135
92,"grande_arche_paris",.6,.8,.65,.5667,.6,.66,.08,.2,.28,.28,.32,.36,.1412,.32,.3914,.3748,.4174,.4659
93,"el_angel_mexico",1.0,1.0,.8,.7333,.65,.68,.1905,.2381,.381,.5238,.6667,.7143,.32,.3846,.5161,.6111,.6582,.6967
94,"bibliotheque_nationale_de_france",.8,.5,.45,.5333,.65,.68,.12,.12,.12,.2,.28,.4,.2087,.1935,.1895,.2909,.3914,.5037
95,"kronborg_castle",1.0,.8,.75,.8,.775,.76,.1667,.1667,.2917,.3333,.4583,.5417,.2857,.2759,.42,.4706,.576,.6325
96,"ajanta_caves",.8,.9,.85,.8667,.9,.92,.1364,.2273,.3636,.4545,.5455,.6364,.233,.3629,.5094,.5963,.6792,.7523
97,"atomium",.8,.9,.95,.9333,.95,.96,.1429,.2857,.381,.4286,.4762,.4762,.2424,.4337,.5438,.5874,.6344,.6366
98,"ellora_caves",1.0,1.0,1.0,.9667,.95,.94,.2273,.2727,.2727,.4545,.5,.5909,.3704,.4286,.4286,.6183,.6552,.7257
99,"potala_palace",.8,.9,.95,.9333,.925,.88,.1667,.3333,.3333,.4444,.5,.5556,.2759,.4865,.4935,.6022,.6491,.6811
100,"jokhang",1.0,.9,.8,.8333,.825,.86,.12,.16,.2,.36,.56,.6,.2143,.2717,.32,.5028,.6671,.7068
101,"rila_monastery",.8,.7,.85,.8333,.825,.86,.12,.12,.24,.32,.36,.4,.2087,.2049,.3743,.4624,.5013,.546
102,"louvre_pyramid",1.0,1.0,1.0,.9333,.925,.94,.1667,.2778,.4444,.4444,.5556,.6111,.2857,.4348,.6154,.6022,.6942,.7407
103,"brooklyn_bridge",1.0,.8,.8,.8667,.775,.8,.1429,.1905,.381,.4286,.4286,.5238,.25,.3077,.5161,.5735,.5519,.6331
104,"tower_of_london",.8,.7,.8,.7667,.725,.74,.1304,.1739,.2174,.3913,.5217,.5217,.2243,.2786,.3419,.5181,.6068,.612
105,"british_museum_london",1.0,1.0,1.0,.9667,.975,.98,.15,.15,.35,.45,.5,.5,.2609,.2609,.5185,.6141,.661,.6622
106,"buckingham_palace",.2,.4,.45,.4,.4,.38,.05,.2,.25,.25,.3,.35,.08,.2667,.3214,.3077,.3429,.3644
107,"charles_bridge_prague",1.0,1.0,.8,.7,.7,.66,.125,.1667,.25,.2917,.2917,.4167,.2222,.2857,.381,.4118,.4118,.5108
108,"champs_elysees_paris",.4,.4,.4,.4,.475,.5,.1333,.2,.2667,.3333,.4,.4667,.2,.2667,.32,.3636,.4343,.4828
109,"chrysler_building",.6,.7,.85,.9,.925,.94,.0714,.1429,.4286,.5,.6429,.9286,.1277,.2373,.5698,.6429,.7585,.9343
110,"moma_new_york",.6,.8,.85,.9,.9,.9,.1053,.2105,.3158,.4211,.5263,.5789,.1791,.3333,.4605,.5737,.6642,.7046
111,"grand_central_terminal",1.0,1.0,1.0,1.0,1.0,1.0,.1429,.2381,.381,.5238,.5238,.5238,.25,.3846,.5517,.6875,.6875,.6875
112,"houses_of_parliament",1.0,1.0,1.0,1.0,1.0,1.0,.1304,.2609,.3913,.3913,.3913,.4348,.2308,.4138,.5625,.5625,.5625,.6061
113,"alexanderplatz_berlin",.2,.1,.3,.5333,.6,.6,.04,.04,.16,.36,.44,.48,.0667,.0571,.2087,.4299,.5077,.5333
114,"centre_pompidou",.8,.9,.8,.7667,.7,.64,.1667,.3889,.4444,.5,.5556,.5556,.2759,.5431,.5714,.6053,.6195,.5948
115,"sydney_harbour_bridge",1.0,1.0,1.0,1.0,1.0,1.0,.1875,.375,.5,.5625,.5625,.5625,.3158,.5455,.6667,.72,.72,.72
116,"pier_39",.8,.9,.95,.9667,.95,.96,.1429,.2381,.4286,.5238,.619,.619,.2424,.3766,.5907,.6794,.7496,.7527
117,"coit_tower",.8,.8,.9,.8,.65,.6,.1333,.2,.4,.4667,.5333,.5333,.2286,.32,.5538,.5895,.5859,.5647
118,"st_paul_s_cathedral_london",1.0,1.0,.9,.8667,.875,.86,.2353,.3529,.4706,.5294,.7059,.8235,.381,.5217,.618,.6573,.7814,.8414
119,"cloud_gate",.4,.2,.35,.4,.475,.58,.1667,.1667,.25,.3333,.3333,.5,.2353,.1818,.2917,.3636,.3918,.537
120,"musee_d_orsay",1.0,1.0,1.0,.9333,.9,.92,.0952,.1429,.2381,.381,.4762,.619,.1739,.25,.3846,.5411,.6228,.7401
121,"pike_place_market",.8,.8,.8,.8333,.875,.84,.1429,.2381,.4762,.5238,.5238,.5238,.2424,.367,.597,.6433,.6553,.6453
122,"royal_palace_madrid",.2,.3,.65,.7,.75,.68,.0455,.1364,.3182,.4091,.4545,.5,.0741,.1875,.4272,.5164,.566,.5763
123,"sony_center_berlin",.8,.9,.95,.9667,.975,.94,.0952,.2381,.3333,.4762,.5238,.5714,.1702,.3766,.4935,.6381,.6815,.7108
124,"red_square_moscow",.8,.7,.65,.7,.7,.72,.0952,.1905,.2857,.4762,.619,.7619,.1702,.2995,.3969,.5668,.657,.7404
125,"prague_castle",1.0,.8,.8,.8667,.825,.8,.16,.24,.32,.52,.6,.64,.2759,.3692,.4571,.65,.6947,.7111
126,"musee_du_louvre",1.0,1.0,.95,.9667,.975,.98,.16,.24,.4,.48,.52,.64,.2759,.3871,.563,.6415,.6783,.7743
127,"millennium_bridge_london",1.0,.9,.85,.7667,.75,.8,.16,.2,.36,.4,.4,.56,.2759,.3273,.5058,.5257,.5217,.6588
128,"casa_mila",1.0,.8,.9,.9333,.95,.96,.2,.28,.56,.6,.68,.68,.3333,.4148,.6904,.7304,.7926,.7961
129,"national_gallery_london",.6,.5,.5,.5,.425,.4,.1364,.1818,.2727,.3636,.4091,.4545,.2222,.2667,.3529,.4211,.4169,.4255
130,"national_mall",1.0,1.0,1.0,.9667,.975,.98,.2,.36,.56,.64,.68,.76,.3333,.5294,.7179,.7701,.8012,.8561
131,"london_city_hall",.8,.9,.95,.9667,.95,.9,.2,.35,.55,.55,.6,.6,.32,.504,.6967,.7011,.7355,.72
132,"holocaust_memorial",.4,.4,.7,.5667,.65,.6,.125,.125,.4375,.4375,.5625,.5625,.1905,.1905,.5385,.4938,.6031,.5806
133,"columbus_circle",.4,.6,.7,.6667,.6,.6,.08,.2,.4,.56,.6,.72,.1333,.3,.5091,.6087,.6,.6545
134,"siegessaeule",1.0,1.0,1.0,1.0,.775,.68,.2,.24,.48,.64,.68,.72,.3333,.3871,.6486,.7805,.7244,.6994
135,"jardin_du_luxembourg",1.0,1.0,1.0,1.0,1.0,1.0,.12,.28,.44,.6,.64,.8,.2143,.4375,.6111,.75,.7805,.8889
136,"merlion_singapore",.0,.2,.1,.1667,.2,.18,.0,.0909,.0909,.2273,.3182,.3636,.0,.125,.0952,.1923,.2456,.2408
137,"harrods_london",.8,.9,.95,.9667,.95,.96,.12,.2,.36,.48,.56,.68,.2087,.3273,.5221,.6415,.7046,.7961
138,"metropolitan_museum_of_art_new_york",1.0,1.0,.9,.9333,.95,.88,.16,.2,.32,.48,.6,.64,.2759,.3333,.4721,.634,.7355,.7411
139,"new_york_stock_exchange",1.0,.9,.95,.9667,.775,.68,.25,.3,.35,.4,.45,.5,.4,.45,.5115,.5659,.5694,.5763
140,"stephansdom_vienna",1.0,1.0,1.0,1.0,1.0,1.0,.08,.24,.48,.6,.6,.68,.1481,.3871,.6486,.75,.75,.8095
141,"hms_belfast",1.0,1.0,1.0,1.0,1.0,1.0,.12,.24,.36,.44,.56,.68,.2143,.3871,.5294,.6111,.7179,.8095
142,"leicester_square",1.0,.9,.8,.8667,.75,.7,.16,.24,.32,.36,.44,.44,.2759,.3789,.4571,.5087,.5546,.5404
143,"ciudad_de_las_artes_y_las_ciencias",1.0,1.0,.95,.9333,.9,.88,.16,.24,.44,.44,.52,.56,.2759,.3871,.6014,.5981,.6592,.6844
144,"topkapi_palace",1.0,1.0,.95,.9,.925,.94,.16,.24,.44,.52,.6,.64,.2759,.3871,.6014,.6592,.7279,.7615
145,"royal_albert_hall",1.0,1.0,1.0,.8,.775,.82,.16,.16,.36,.44,.48,.52,.2759,.2759,.5294,.5677,.5928,.6364
146,"st_vitus_cathedral",.8,.9,.95,.9667,.975,.96,.16,.28,.36,.52,.52,.6,.2667,.4271,.5221,.6762,.6783,.7385
147,"castello_sforzesco",1.0,1.0,1.0,1.0,.925,.86,.16,.28,.36,.44,.52,.52,.2759,.4375,.5294,.6111,.6657,.6481
148,"rijksmuseum_amsterdam",1.0,1.0,1.0,1.0,1.0,1.0,.12,.2,.28,.36,.48,.52,.2143,.3333,.4375,.5294,.6486,.6842
149,"dam_square",.6,.5,.45,.4667,.55,.6,.12,.16,.24,.32,.36,.36,.2,.2424,.313,.3797,.4352,.45
150,"rathaus_vienna",.6,.6,.55,.6,.625,.7,.12,.2,.2,.2,.2,.32,.2,.3,.2933,.3,.303,.4392
151,"bath_abbey",1.0,1.0,1.0,.9667,.975,.98,.2,.32,.36,.52,.56,.64,.3333,.4848,.5294,.6762,.7114,.7743
152,"salisbury_cathedral",1.0,1.0,1.0,1.0,1.0,1.0,.16,.2,.36,.48,.52,.52,.2759,.3333,.5294,.6486,.6842,.6842
153,"templo_de_debod",.0,.0,.25,.2333,.25,.38,.0,.0,.1364,.1818,.2273,.3182,.0,.0,.1765,.2044,.2381,.3464
154,"Niagara_Falls",.2,.5,.65,.6667,.725,.72,.0455,.2273,.4091,.4545,.5455,.5455,.0741,.3125,.5021,.5405,.6225,.6207
155,"Golden_Gate_Bridge_in_San_Francisco",.8,.9,.9,.9333,.925,.94,.1364,.2273,.3182,.5455,.6364,.6364,.233,.3629,.4701,.6885,.754,.7589
156,"Neuschwanstein_Castle",1.0,1.0,1.0,1.0,.975,.98,.12,.2,.44,.56,.68,.68,.2143,.3333,.6111,.7179,.8012,.8029
157,"Christ_Church_Cathedral_Missouri",1.0,1.0,1.0,1.0,1.0,1.0,.12,.32,.52,.6,.6,.64,.2143,.4848,.6842,.75,.75,.7805
158,"Mount_Rushmore_in_South_Dakota",.8,.8,.9,.8667,.9,.92,.12,.16,.28,.4,.52,.72,.2087,.2667,.4271,.5474,.6592,.8078
159,"Puerta_de_Toledo",.4,.3,.15,.1,.075,.06,1.0,1.0,1.0,1.0,1.0,1.0,.5714,.4615,.2609,.1818,.1395,.1132
160,"Urquhart_Castle",.8,.9,.9,.8667,.85,.8,.1667,.2917,.4167,.5417,.5417,.625,.2759,.4406,.5696,.6667,.6617,.7018
161,"Gare_du_Nord_Paris",.4,.6,.7,.7333,.8,.84,.08,.2,.28,.28,.32,.32,.1333,.3,.4,.4053,.4571,.4634
162,"Newgrange_in_Ireland",.6,.6,.65,.7,.7,.64,.0833,.2083,.3333,.4583,.5833,.5833,.1463,.3093,.4407,.554,.6364,.6104
163,"Windmills_at_Kinderdijk",1.0,1.0,1.0,1.0,.95,.94,.16,.24,.28,.36,.4,.44,.2759,.3871,.4375,.5294,.563,.5994
164,"Conciergerie",.8,.9,.95,.9667,.975,.98,.16,.2,.44,.52,.68,.72,.2667,.3273,.6014,.6762,.8012,.8301
165,"Palazzo_Madama",1.0,1.0,.8,.7,.725,.7,.2273,.3182,.4091,.5,.5909,.6364,.3704,.4828,.5414,.5833,.6511,.6667
166,"Split_Rock_Lighthouse",1.0,.9,.8,.8,.85,.88,.12,.16,.28,.32,.36,.44,.2143,.2717,.4148,.4571,.5058,.5867
167,"The_Little_Mermaid_Denmark",.6,.6,.55,.5333,.55,.54,.2143,.3571,.3571,.4286,.5714,.6429,.3158,.4478,.4331,.4752,.5605,.587
168,"Great_Pyramid_of_Giza",.8,.8,.75,.7,.675,.72,.2667,.3333,.5333,.6667,.7333,.8,.4,.4706,.6234,.6829,.703,.7579
169,"Pitti_Palace",.6,.7,.85,.8333,.875,.9,.1364,.2273,.3182,.4091,.5455,.5909,.2222,.3431,.463,.5488,.672,.7134
170,"Georgia_State_Capitol",.8,.9,.9,.6,.475,.38,.1579,.2105,.2632,.2632,.2632,.2632,.2637,.3412,.4072,.3659,.3387,.311
171,"Dome_des_Invalides",1.0,1.0,1.0,.9667,.975,.96,.12,.2,.32,.48,.56,.6,.2143,.3333,.4848,.6415,.7114,.7385
172,"Reggia_di_Caserta",1.0,.8,.6,.5667,.625,.64,.2,.28,.36,.4,.52,.6,.3333,.4148,.45,.469,.5677,.6194
173,"The_Burj_al_Arab_Hotel",.8,.9,.85,.8667,.85,.82,.16,.24,.36,.4,.48,.52,.2667,.3789,.5058,.5474,.6135,.6364
174,"Elephanta_Caves",1.0,1.0,1.0,1.0,.975,.98,.1667,.25,.4167,.4583,.625,.7083,.2857,.4,.5882,.6286,.7617,.8223
175,"Basilica_of_Santa_Croce",1.0,1.0,.9,.9333,.925,.94,.16,.2,.32,.48,.56,.68,.2759,.3333,.4721,.634,.6976,.7891
176,"Aachen_Cathedral",.6,.8,.85,.8333,.875,.9,.12,.2,.36,.44,.56,.56,.2,.32,.5058,.5759,.6829,.6904
177,"Monument_to_the_Great_Fire_of_London",1.0,.8,.75,.6667,.7,.66,.2,.28,.32,.4,.56,.6,.3333,.4148,.4486,.5,.6222,.6286
178,"Longmen_Grottoes",.6,.6,.5,.6667,.675,.62,.12,.2,.32,.48,.64,.68,.2,.3,.3902,.5581,.657,.6486
179,"Louisiana_State_Capitol",.6,.7,.55,.4333,.35,.36,.12,.24,.36,.4,.44,.52,.2,.3574,.4352,.416,.3899,.4255
180,"The_Great_Sphinx_at_Giza",1.0,1.0,.95,.9,.85,.88,.16,.32,.4,.48,.52,.56,.2759,.4848,.563,.6261,.6453,.6844
181,"Teatro_Real_Madrid",1.0,1.0,1.0,1.0,.875,.72,.1739,.3043,.5217,.6957,.7826,.7826,.2963,.4667,.6857,.8205,.8262,.75
182,"Palacio_de_la_Magdalena",.6,.5,.55,.5667,.6,.68,.12,.2,.36,.44,.48,.52,.2,.2857,.4352,.4954,.5333,.5893
183,"Sowjetisches_Ehrenmal",.6,.5,.4,.5333,.65,.64,.12,.2,.24,.44,.52,.6,.2,.2857,.3,.4822,.5778,.6194
184,"Cathedral_of_Trier",1.0,1.0,1.0,1.0,.95,.96,.16,.28,.52,.68,.76,.84,.2759,.4375,.6842,.8095,.8444,.896
185,"Saint_Mary_of_the_Flower",.2,.1,.15,.2667,.325,.38,.04,.04,.12,.28,.4,.44,.0667,.0571,.1333,.2732,.3586,.4078
186,"Skellig_Michael",1.0,1.0,.8,.7,.75,.72,.2,.32,.48,.56,.64,.64,.3333,.4848,.6,.6222,.6906,.6776
187,"Chicago_Board_of_Trade_Building",1.0,.9,.95,.9667,.925,.94,.2273,.3636,.5,.6364,.6364,.7727,.3704,.518,.6552,.7675,.754,.8482
188,"Pont_de_Normandie_France",1.0,.9,.95,.9667,.95,.96,.1579,.2632,.5263,.6842,.6842,.8421,.2727,.4072,.6774,.8013,.7955,.8972
189,"Palazzo_Rosso",.0,.0,.0,.0,.075,.08,.0,.0,.0,.0,.0833,.125,.0,.0,.0,.0,.0789,.0976
190,"Piazza_Vittorio_Veneto",.6,.6,.6,.5333,.45,.36,.125,.25,.5,.5625,.625,.625,.2069,.3529,.5455,.5475,.5233,.4569
191,"Sforza_Castle",.6,.8,.85,.8667,.9,.92,.12,.28,.44,.56,.64,.72,.2,.4148,.5798,.6804,.7481,.8078
192,"Torres_KIO",.6,.8,.9,.9,.85,.88,.12,.28,.4,.48,.6,.64,.2,.4148,.5538,.6261,.7034,.7411
193,"Torre_Picasso",1.0,1.0,1.0,1.0,1.0,1.0,.1667,.2917,.4583,.5833,.625,.625,.2857,.4516,.6286,.7368,.7692,.7692
194,"The_Palace_of_Parliament_in_Bucharest",1.0,1.0,.95,.9667,.975,.98,.12,.2,.28,.48,.56,.68,.2143,.3333,.4325,.6415,.7114,.8029
195,"Ernest_Hemingway_House",.4,.5,.7,.7667,.8,.7,.08,.16,.36,.56,.56,.64,.1333,.2424,.4755,.6472,.6588,.6687
196,"Castel_dellOvo_Napoli",.6,.8,.9,.8667,.8,.78,.08,.28,.48,.6,.68,.72,.1412,.4148,.6261,.7091,.7351,.7488
197,"Villa_Borghese_gardens",1.0,1.0,.9,.9333,.95,.96,.2,.28,.44,.56,.64,.76,.3333,.4375,.591,.7,.7648,.8484
198,"Saint_Marks_Basilica",1.0,1.0,1.0,1.0,.975,.9,.16,.24,.52,.52,.56,.56,.2759,.3871,.6842,.6842,.7114,.6904
199,"Mausoleum_of_the_First_Qin_Emperor",.8,.9,.95,.9333,.95,.94,.16,.28,.48,.56,.6,.6,.2667,.4271,.6378,.7,.7355,.7325
200,"Mausoleum_of_Hadrian",.6,.5,.5,.4667,.475,.52,.0556,.1111,.2778,.4444,.4444,.5,.1017,.1818,.3571,.4553,.4592,.5098
201,"Piazza_de_Ferrari",1.0,1.0,.9,.9333,.95,.86,.2632,.3158,.4737,.5263,.5789,.6316,.4167,.48,.6207,.6731,.7194,.7283
202,"George_Washington_Carver",.4,.4,.7,.7667,.75,.76,.0625,.125,.4375,.5,.5625,.625,.1081,.1905,.5385,.6053,.6429,.6859
203,"Cathedral_of_Santiago_de_Compostela",1.0,.8,.7,.7333,.8,.76,.1176,.2941,.4706,.6471,.7647,.8235,.2105,.4301,.5628,.6875,.782,.7905
204,"Saint-Jacques_Tower",.8,.9,.95,.9333,.8,.82,.1538,.3077,.4615,.5385,.5385,.7692,.2581,.4586,.6213,.6829,.6437,.7938
205,"Calakmul_Campeche_Mexico",.6,.6,.75,.8,.8,.82,.1429,.2143,.2857,.4286,.6429,.7143,.2308,.3158,.4138,.5581,.7129,.7635
206,"Bran_Castle_in_Transylvania",1.0,.9,.85,.7667,.775,.8,.1579,.3158,.4737,.4737,.5789,.6842,.2727,.4675,.6083,.5856,.6628,.7376
207,"Mosteiro_da_Batalha",1.0,1.0,1.0,1.0,1.0,1.0,.2105,.4211,.5263,.5789,.6842,.7368,.3478,.5926,.6897,.7333,.8125,.8485
208,"Wartburg_Castle",1.0,.9,.9,.9333,.925,.9,.2,.25,.45,.55,.6,.7,.3333,.3913,.6,.6921,.7279,.7875
209,"Fujian_Tulou_Fujian_China",1.0,1.0,1.0,1.0,1.0,.98,.1111,.3333,.3889,.6111,.6667,.7222,.2,.5,.56,.7586,.8,.8316
210,"Alabama_State_Capitol",.6,.4,.6,.7,.775,.76,.1429,.1905,.4286,.5714,.7619,.8095,.2308,.2581,.5,.6292,.7684,.784
211,"Palazzo_dAccursio",.6,.5,.5,.5,.5,.58,.1111,.1667,.2778,.2778,.3333,.3889,.1875,.25,.3571,.3571,.4,.4656
212,"Casa_Grande_Ruins",1.0,.8,.75,.7667,.75,.74,.1765,.3529,.3529,.4706,.4706,.4706,.3,.4898,.48,.5832,.5783,.5753
213,"Stravinsky_Fountain",1.0,1.0,1.0,.9333,.825,.78,.1333,.3333,.5333,.5333,.5333,.6,.2353,.5,.6957,.6788,.6479,.6783
214,"Angel_Falls_Venezuela",.6,.7,.6,.5667,.525,.56,.1765,.2941,.4118,.5882,.5882,.6471,.2727,.4142,.4884,.5772,.5548,.6004
215,"Statue_of_George_IV",.8,.7,.8,.7,.7,.6,.25,.5,.75,.875,1.0,1.0,.381,.5833,.7742,.7778,.8235,.75
216,"Palacio_Barolo",1.0,.9,.85,.8667,.9,.92,.1765,.2941,.2941,.5294,.5882,.6471,.3,.4433,.437,.6573,.7115,.7598
217,"Bridge_of_Remembrance_Christchurch_New_Zealand",.6,.5,.5,.5,.5,.5,.1667,.3333,.3333,.5833,.75,.9167,.2609,.4,.4,.5385,.6,.6471
218,"John_A._Roebling_Suspension_Bridge",.2,.2,.35,.4,.375,.42,.0667,.1333,.3333,.6,.6667,.7333,.1,.16,.3415,.48,.48,.5341
219,"Blue_Dome_Santorini",.8,.8,.8,.8667,.9,.92,.25,.5,.625,.6875,.6875,.75,.381,.6154,.7018,.7668,.7795,.8263
220,"Fossar_de_les_Moreres",.4,.4,.55,.5333,.525,.48,.0714,.1429,.3571,.6429,.7143,.7143,.1212,.2105,.4331,.583,.6052,.5742
221,"Luxor_Obelisk_France",1.0,1.0,.8,.7333,.725,.74,.1875,.3125,.375,.375,.375,.375,.3158,.4762,.5106,.4962,.4943,.4978
222,"Valle_de_los_Caidos",1.0,1.0,1.0,.9667,.925,.92,.2,.25,.45,.55,.6,.75,.3333,.4,.6207,.7011,.7279,.8263
--------------------
"--","Avg.",P@5,P@10,P@20,P@30,P@40,P@50,CR@5,CR@10,CR@20,CR@30,CR@40,CR@50,F1@5,F1@10,F1@20,F1@30,F1@40,F1@50
,.,7793,.7775,.7791,.7709,.7646,.7619,.1434,.2352,.3669,.4672,.5414,.6053,.2355,.3517,.4875,.5688,.6193,.6582
