--------------------
"Run name","output_runCOSINEDtrs"
--------------------
"Average P@20 = ",.7937
"Average CR@20 = ",.3842
"Average F1@20 = ",.5065
--------------------
"Query Id ","Location name",P@5,P@10,P@20,P@30,P@40,P@50,CR@5,CR@10,CR@20,CR@30,CR@40,CR@50,F1@5,F1@10,F1@20,F1@30,F1@40,F1@50
1,"angel_of_the_north",1.0,1.0,1.0,1.0,1.0,1.0,.2,.32,.4,.52,.56,.68,.3333,.4848,.5714,.6842,.7179,.8095
2,"big_ben",1.0,1.0,.95,.9667,.925,.88,.2273,.3182,.4091,.4545,.5,.5455,.3704,.4828,.5719,.6183,.6491,.6735
3,"hearst_castle",1.0,.9,.95,.9333,.9,.9,.2083,.2917,.5417,.7083,.75,.7917,.3448,.4406,.6899,.8054,.8182,.8424
4,"la_madeleine",.0,.0,.15,.2,.225,.26,.0,.0,.0714,.2857,.3571,.5714,.0,.0,.0968,.2353,.2761,.3574
5,"pont_alexandre_iii",1.0,1.0,.95,.9333,.95,.94,.16,.32,.44,.48,.56,.76,.2759,.4848,.6014,.634,.7046,.8405
6,"neues_museum",.0,.0,.0,.1333,.25,.4,.0,.0,.0,.08,.2,.44,.0,.0,.0,.1,.2222,.419
7,"montezuma_castle",.8,.8,.7,.7,.7,.72,.3333,.3333,.4167,.5833,.6667,.6667,.4706,.4706,.5224,.6364,.6829,.6923
8,"cn_tower",.8,.7,.7,.6333,.7,.68,.1667,.2083,.375,.375,.5833,.625,.2759,.3211,.4884,.4711,.6364,.6513
9,"acropolis_athens",.8,.9,.8,.8333,.775,.78,.1429,.2857,.4286,.5714,.5714,.5714,.2424,.4337,.5581,.678,.6578,.6596
10,"agra_fort",1.0,.8,.85,.7667,.825,.86,.2,.24,.36,.44,.56,.68,.3333,.3692,.5058,.5591,.6671,.7595
11,"albert_memorial",.8,.6,.55,.6,.675,.72,.1818,.1818,.2727,.4545,.5455,.5455,.2963,.2791,.3646,.5172,.6034,.6207
12,"altes_museum",1.0,1.0,1.0,.8,.675,.7,.1667,.2917,.5417,.5833,.625,.7083,.2857,.4516,.7027,.6747,.649,.7041
13,"amiens_cathedral",1.0,1.0,1.0,.9667,.95,.94,.16,.28,.48,.56,.64,.76,.2759,.4375,.6486,.7092,.7648,.8405
14,"angkor_wat",.8,.7,.7,.7,.7,.74,.12,.16,.28,.4,.48,.6,.2087,.2605,.4,.5091,.5695,.6627
15,"ara_pacis",1.0,1.0,.85,.8667,.75,.7,.2273,.4091,.5,.5909,.6818,.7273,.3704,.5806,.6296,.7027,.7143,.7134
16,"arc_de_triomphe",.8,.6,.6,.6333,.7,.68,.1667,.1667,.25,.375,.5,.5417,.2759,.2609,.3529,.4711,.5833,.603
17,"aztec_ruins",.0,.0,.2,.2,.275,.38,.0,.0,.16,.2,.28,.4,.0,.0,.1778,.2,.2775,.3897
18,"berlin_cathedral",.8,.9,.8,.8,.85,.84,.16,.28,.44,.52,.52,.6,.2667,.4271,.5677,.6303,.6453,.7
19,"bok_tower_gardens",1.0,1.0,1.0,.9667,.9,.88,.2,.32,.52,.6,.6,.72,.3333,.4848,.6842,.7404,.72,.792
20,"brandenburg_gate",1.0,.9,.95,.9,.9,.92,.12,.24,.4,.44,.52,.6,.2143,.3789,.563,.591,.6592,.7263
21,"cabrillo",.0,.1,.15,.1667,.125,.1,.0,.0769,.2308,.3077,.3077,.3077,.0,.087,.1818,.2162,.1778,.1509
22,"casa_batllo",1.0,1.0,1.0,.9,.925,.94,.2,.32,.48,.64,.8,.8,.3333,.4848,.6486,.7481,.858,.8644
23,"casa_rosada",1.0,1.0,.85,.8333,.875,.88,.16,.28,.48,.56,.56,.64,.2759,.4375,.6135,.6699,.6829,.7411
24,"castillo_de_san_marcos",1.0,.9,.95,.9333,.875,.8,.12,.2,.4,.48,.52,.56,.2143,.3273,.563,.634,.6523,.6588
25,"chartres_cathedral",1.0,1.0,.95,.9333,.95,.96,.2,.28,.4,.52,.6,.68,.3333,.4375,.563,.6679,.7355,.7961
26,"chichen_itza",1.0,.8,.85,.7,.725,.78,.16,.2,.4,.48,.6,.6,.2759,.32,.544,.5695,.6566,.6783
27,"christ_the_redeemer_rio",.4,.6,.75,.7,.65,.56,.087,.1739,.3043,.4783,.4783,.5652,.1429,.2697,.433,.5683,.5511,.5626
28,"civic_center_san_francisco",.8,.8,.7,.6333,.575,.52,.16,.24,.4,.48,.56,.64,.2667,.3692,.5091,.5461,.5674,.5738
29,"cologne_cathedral",1.0,1.0,.95,.9667,.95,.94,.12,.32,.48,.56,.56,.64,.2143,.4848,.6378,.7092,.7046,.7615
30,"colosseum",1.0,1.0,1.0,1.0,1.0,.98,.16,.24,.28,.4,.52,.56,.2759,.3871,.4375,.5714,.6842,.7127
31,"doge_s_palace",1.0,.8,.65,.6667,.725,.78,.12,.2,.28,.36,.44,.48,.2143,.32,.3914,.4675,.5476,.5943
32,"eiffel_tower",1.0,1.0,.9,.9,.925,.94,.16,.28,.28,.36,.48,.52,.2759,.4375,.4271,.5143,.632,.6696
33,"golden_gate_bridge",1.0,.9,.9,.9,.925,.82,.1739,.2174,.3478,.4783,.5652,.6087,.2963,.3502,.5017,.6246,.7017,.6987
34,"grand_palais",1.0,.9,.85,.8667,.875,.9,.1364,.1818,.2727,.4091,.5909,.6364,.24,.3025,.413,.5558,.7054,.7456
35,"guggenheim_museum_bilbao",1.0,1.0,1.0,1.0,1.0,1.0,.2,.28,.28,.36,.44,.52,.3333,.4375,.4375,.5294,.6111,.6842
36,"hagia_sophia_istanbul",1.0,1.0,.9,.9,.925,.92,.16,.24,.4,.48,.6,.64,.2759,.3871,.5538,.6261,.7279,.7549
37,"hoover_dam",1.0,.9,.95,.9667,.95,.94,.12,.24,.36,.48,.52,.56,.2143,.3789,.5221,.6415,.6721,.7019
38,"humayun_tomb",1.0,.7,.7,.7,.675,.72,.12,.12,.24,.52,.6,.64,.2143,.2049,.3574,.5967,.6353,.6776
39,"iguazu_falls",.4,.6,.7,.7333,.775,.82,.08,.2,.4,.52,.64,.76,.1333,.3,.5091,.6085,.7011,.7889
40,"iolani_palace",1.0,.8,.9,.9,.9,.76,.16,.2,.24,.36,.56,.6,.2759,.32,.3789,.5143,.6904,.6706
41,"la_mezquita",.8,.8,.9,.9,.775,.66,.125,.25,.4583,.5,.5417,.625,.2162,.381,.6074,.6429,.6377,.642
42,"la_rambla_barcelona",.8,.9,.95,.9667,.925,.92,.12,.2,.28,.44,.52,.6,.2087,.3273,.4325,.6047,.6657,.7263
43,"la_sainte_chapelle",1.0,1.0,1.0,1.0,1.0,.98,.2,.36,.56,.6,.76,.8,.3333,.5294,.7179,.75,.8636,.8809
44,"liberty_memorial",.6,.5,.4,.6,.675,.74,.04,.08,.12,.28,.48,.56,.075,.1379,.1846,.3818,.561,.6375
45,"lincoln_home",.8,.8,.85,.8333,.8,.8,.1667,.3333,.6111,.7222,.7222,.7222,.2759,.4706,.711,.7738,.7591,.7591
46,"machu_picchu",1.0,.8,.7,.7,.675,.64,.16,.24,.4,.48,.52,.6,.2759,.3692,.5091,.5695,.5874,.6194
47,"marble_arch_london",1.0,.8,.8,.6,.475,.4,.3333,.4167,.6667,.75,.75,.75,.5,.5479,.7273,.6667,.5816,.5217
48,"milan_cathedral",1.0,1.0,1.0,.9667,.925,.9,.16,.28,.44,.52,.52,.68,.2759,.4375,.6111,.6762,.6657,.7747
49,"mole_antonelliana",.8,.8,.8,.7333,.725,.72,.08,.2,.28,.32,.44,.48,.1455,.32,.4148,.4456,.5476,.576
50,"mont_saint_michel",1.0,.9,.9,.9,.85,.86,.2,.32,.52,.52,.52,.6,.3333,.4721,.6592,.6592,.6453,.7068
51,"moulin_rouge",.0,.0,.0,.0,.0,.06,.0,.0,.0,.0,.0,.25,.0,.0,.0,.0,.0,.0968
52,"nelson_s_column",1.0,.9,.9,.9333,.925,.92,.125,.1667,.375,.5417,.625,.625,.2222,.2812,.5294,.6855,.746,.7443
53,"notre_dame_de_paris",.8,.9,.95,.9667,.95,.92,.16,.24,.48,.6,.64,.68,.2667,.3789,.6378,.7404,.7648,.782
54,"obelisco",.2,.1,.15,.1667,.15,.14,.0909,.0909,.1818,.2727,.3636,.3636,.125,.0952,.1644,.2069,.2124,.2022
55,"piccadilly_circus",1.0,1.0,.75,.7333,.75,.7,.2174,.3043,.3913,.5217,.6957,.7391,.3571,.4667,.5143,.6097,.7218,.719
56,"place_de_la_concorde",1.0,1.0,1.0,1.0,1.0,1.0,.12,.24,.36,.52,.64,.68,.2143,.3871,.5294,.6842,.7805,.8095
57,"place_de_la_republique",.4,.4,.25,.2667,.275,.22,.25,.375,.5,.625,.75,.75,.3077,.3871,.3333,.3738,.4024,.3402
58,"place_des_vosges",1.0,1.0,.9,.8333,.875,.82,.12,.2,.32,.4,.52,.64,.2143,.3333,.4721,.5405,.6523,.7189
59,"pont_du_gard",.8,.8,.9,.9,.925,.78,.12,.16,.36,.44,.6,.6,.2087,.2667,.5143,.591,.7279,.6783
60,"pont_neuf",1.0,1.0,.9,.8333,.85,.84,.12,.24,.4,.56,.6,.72,.2143,.3871,.5538,.6699,.7034,.7754
61,"ponte_vecchio",1.0,.8,.75,.7333,.75,.74,.1667,.25,.3333,.5,.6667,.6667,.2857,.381,.4615,.5946,.7059,.7014
62,"puerta_de_alcala",.4,.5,.45,.5,.55,.58,.1053,.2105,.3158,.4211,.4737,.5789,.1667,.2963,.3711,.4571,.509,.5795
63,"puerta_del_sol",.4,.5,.35,.4,.35,.3,.1,.15,.25,.4,.4,.4,.16,.2308,.2917,.4,.3733,.3429
64,"red_fort",.8,.9,.95,.9667,.975,.98,.16,.32,.48,.64,.72,.8,.2667,.4721,.6378,.7701,.8283,.8809
65,"reims_cathedral",1.0,1.0,1.0,1.0,1.0,1.0,.16,.24,.32,.48,.56,.6,.2759,.3871,.4848,.6486,.7179,.75
66,"rialto_bridge",.8,.9,.95,.9,.775,.74,.1875,.25,.375,.6875,.8125,.8125,.3038,.3913,.5377,.7795,.7933,.7746
67,"roman_forum_rome",.6,.8,.85,.8,.825,.8,.08,.16,.36,.44,.56,.64,.1412,.2667,.5058,.5677,.6671,.7111
68,"sacre_coeur",.8,.6,.55,.6333,.575,.62,.125,.1667,.2917,.3333,.4167,.5417,.2162,.2609,.3812,.4368,.4832,.5782
69,"sagrada_familia",.8,.8,.85,.8667,.9,.9,.12,.2,.48,.52,.52,.6,.2087,.32,.6135,.65,.6592,.72
70,"santa_maria_novella",.8,.5,.3,.5333,.625,.62,.12,.16,.2,.36,.44,.48,.2087,.2424,.24,.4299,.5164,.5411
71,"schonbrunn_palace",1.0,1.0,1.0,1.0,1.0,.98,.12,.28,.44,.56,.6,.64,.2143,.4375,.6111,.7179,.75,.7743
72,"seville_cathedral",.8,.8,.85,.8667,.875,.9,.16,.28,.44,.52,.64,.68,.2667,.4148,.5798,.65,.7393,.7747
73,"spanish_steps",.8,.8,.8,.7333,.675,.68,.1818,.2727,.5,.5909,.5909,.7273,.2963,.4068,.6154,.6545,.6302,.7028
74,"st__basil_cathedral",1.0,1.0,1.0,1.0,1.0,.94,.16,.28,.4,.52,.64,.64,.2759,.4375,.5714,.6842,.7805,.7615
75,"statue_of_liberty",.8,.9,.9,.9,.875,.84,.12,.24,.28,.44,.56,.56,.2087,.3789,.4271,.591,.6829,.672
76,"stonehenge",.8,.7,.65,.4333,.4,.38,.1053,.1579,.3684,.3684,.4211,.4737,.186,.2577,.4703,.3982,.4103,.4217
77,"summer_palace_beijing",.8,.9,.95,.9333,.925,.92,.12,.24,.4,.56,.64,.64,.2087,.3789,.563,.7,.7565,.7549
78,"sydney_opera_house",1.0,1.0,1.0,.9667,.975,.96,.16,.2,.44,.48,.52,.52,.2759,.3333,.6111,.6415,.6783,.6746
79,"teotihuacan",.8,.8,.7,.7,.65,.66,.16,.28,.4,.48,.48,.48,.2667,.4148,.5091,.5695,.5522,.5558
80,"terracotta_army",.8,.9,.75,.7333,.7,.64,.2,.4,.6,.65,.7,.7,.32,.5538,.6667,.6892,.7,.6687
81,"the_blue_mosque",.6,.7,.85,.8667,.875,.86,.08,.12,.28,.28,.44,.48,.1412,.2049,.4212,.4233,.5856,.6161
82,"the_henry_ford",1.0,.9,.85,.9,.775,.74,.2,.28,.48,.6,.68,.68,.3333,.4271,.6135,.72,.7244,.7087
83,"taj_mahal",.6,.7,.8,.8333,.875,.86,.12,.24,.32,.48,.6,.64,.2,.3574,.4571,.6091,.7119,.7339
84,"tour_montparnasse",.8,.7,.7,.7,.6,.48,.15,.2,.35,.55,.55,.55,.2526,.3111,.4667,.616,.5739,.5126
85,"tower_bridge_london",.8,.8,.8,.7333,.65,.58,.12,.2,.4,.44,.52,.52,.2087,.32,.5333,.55,.5778,.5484
86,"trafalgar_square",.6,.4,.55,.6667,.6,.56,.1364,.1364,.2727,.3636,.4545,.5,.2222,.2034,.3646,.4706,.5172,.5283
87,"leaning_tower_of_pisa",.6,.7,.6,.5667,.575,.58,.12,.24,.32,.36,.44,.48,.2,.3574,.4174,.4403,.4985,.5253
88,"hermitage_museum_saint_petersburg",.6,.8,.85,.7333,.75,.76,.12,.2,.4,.52,.56,.6,.2,.32,.544,.6085,.6412,.6706
89,"jantar_mantar_jaipur",1.0,1.0,.85,.8667,.825,.82,.2,.32,.36,.48,.64,.72,.3333,.4848,.5058,.6178,.7208,.7668
90,"lake_titicaca_peru",.8,.5,.45,.5667,.625,.64,.1667,.1667,.3333,.5,.5417,.5833,.2759,.25,.383,.5312,.5804,.6104
91,"the_great_wall_of_china",.8,.8,.85,.9,.825,.78,.16,.24,.32,.4,.44,.52,.2667,.3692,.465,.5538,.5739,.624
92,"grande_arche_paris",.6,.5,.55,.6,.625,.62,.12,.16,.36,.44,.52,.52,.2,.2424,.4352,.5077,.5677,.5656
93,"el_angel_mexico",1.0,.9,.9,.8,.675,.68,.1429,.2857,.5238,.5714,.619,.6667,.25,.4337,.6622,.6667,.6458,.6733
94,"bibliotheque_nationale_de_france",.6,.7,.7,.7,.725,.76,.12,.24,.32,.36,.52,.56,.2,.3574,.4392,.4755,.6056,.6448
95,"kronborg_castle",.8,.8,.75,.7333,.75,.74,.1667,.3333,.375,.5,.5417,.5833,.2759,.4706,.5,.5946,.629,.6524
96,"ajanta_caves",.8,.9,.85,.8667,.9,.92,.1818,.2273,.3636,.4545,.5,.7273,.2963,.3629,.5094,.5963,.6429,.8124
97,"atomium",.8,.9,.8,.8,.85,.88,.1429,.3333,.4762,.5238,.5714,.5714,.2424,.4865,.597,.6331,.6834,.6929
98,"ellora_caves",1.0,1.0,1.0,1.0,.95,.96,.1818,.2273,.3182,.4545,.5,.6364,.3077,.3704,.4828,.625,.6552,.7654
99,"potala_palace",.8,.8,.9,.9,.875,.8,.1111,.2778,.3889,.5556,.6111,.6667,.1951,.4124,.5431,.687,.7196,.7273
100,"jokhang",.8,.9,.8,.8333,.875,.86,.16,.24,.4,.52,.6,.68,.2667,.3789,.5333,.6404,.7119,.7595
101,"rila_monastery",.4,.5,.75,.7667,.825,.86,.04,.16,.24,.28,.4,.48,.0727,.2424,.3636,.4102,.5388,.6161
102,"louvre_pyramid",1.0,1.0,1.0,1.0,.975,.98,.2222,.2222,.3333,.4444,.5556,.6111,.3636,.3636,.5,.6154,.7078,.7528
103,"brooklyn_bridge",1.0,.9,.95,.8667,.825,.86,.0476,.1905,.3333,.381,.4762,.5238,.0909,.3144,.4935,.5293,.6038,.6511
104,"tower_of_london",.4,.7,.65,.7333,.7,.7,.0435,.1739,.2609,.3478,.4783,.6087,.0784,.2786,.3723,.4718,.5683,.6512
105,"british_museum_london",1.0,1.0,1.0,1.0,1.0,.94,.15,.2,.3,.5,.5,.55,.2609,.3333,.4615,.6667,.6667,.694
106,"buckingham_palace",.6,.7,.7,.6,.525,.48,.1,.2,.2,.25,.3,.3,.1714,.3111,.3111,.3529,.3818,.3692
107,"charles_bridge_prague",1.0,.9,.8,.7667,.8,.76,.125,.2083,.25,.3333,.4583,.5,.2222,.3383,.381,.4646,.5828,.6032
108,"champs_elysees_paris",.4,.4,.55,.5,.525,.58,.1333,.1333,.3333,.3333,.5333,.6,.2,.2,.4151,.4,.5291,.5898
109,"chrysler_building",1.0,1.0,1.0,.8667,.9,.92,.2857,.4286,.5,.5,.5,.5714,.4444,.6,.6667,.6341,.6429,.705
110,"moma_new_york",.6,.8,.85,.9,.9,.9,.1053,.2632,.3158,.4737,.5263,.6316,.1791,.396,.4605,.6207,.6642,.7423
111,"grand_central_terminal",1.0,.9,.95,.9667,.9,.92,.1905,.2381,.4286,.5238,.5714,.5714,.32,.3766,.5907,.6794,.699,.705
112,"houses_of_parliament",1.0,1.0,1.0,1.0,.975,.96,.1304,.2174,.3478,.3478,.4348,.5217,.2308,.3571,.5161,.5161,.6014,.6761
113,"alexanderplatz_berlin",.4,.5,.5,.6,.625,.64,.08,.16,.28,.36,.4,.4,.1333,.2424,.359,.45,.4878,.4923
114,"centre_pompidou",1.0,.8,.65,.6333,.65,.66,.2778,.3333,.3889,.5,.6111,.6667,.4348,.4706,.4866,.5588,.63,.6633
115,"sydney_harbour_bridge",1.0,.9,.95,.9667,.975,.98,.1875,.4375,.625,.75,.75,.75,.3158,.5888,.754,.8447,.8478,.8497
116,"pier_39",1.0,1.0,1.0,.9667,.95,.88,.1429,.2381,.4286,.5238,.619,.6667,.25,.3846,.6,.6794,.7496,.7586
117,"coit_tower",.6,.7,.6,.7,.775,.72,.2,.2667,.3333,.4,.5333,.6,.3,.3862,.4286,.5091,.6318,.6545
118,"st_paul_s_cathedral_london",1.0,1.0,1.0,.9667,.975,.94,.2353,.3529,.5294,.5294,.6471,.7059,.381,.5217,.6923,.6841,.7779,.8063
119,"cloud_gate",.8,.7,.8,.7667,.825,.76,.25,.4167,.4167,.4167,.5,.5,.381,.5224,.5479,.5399,.6226,.6032
120,"musee_d_orsay",1.0,1.0,.95,.9667,.975,.94,.1905,.2857,.381,.5238,.5714,.619,.32,.4444,.5438,.6794,.7206,.7465
121,"pike_place_market",1.0,.9,.8,.8667,.875,.84,.1905,.3333,.381,.5238,.5714,.5714,.32,.4865,.5161,.653,.6914,.6802
122,"royal_palace_madrid",.8,.7,.8,.8667,.875,.86,.1818,.2727,.4545,.5909,.6818,.6818,.2963,.3925,.5797,.7027,.7664,.7606
123,"sony_center_berlin",.8,.9,.95,.9667,.95,.96,.1429,.2857,.4762,.4762,.4762,.5238,.2424,.4337,.6344,.6381,.6344,.6778
124,"red_square_moscow",.8,.8,.9,.7333,.7,.74,.1429,.2381,.3333,.381,.4286,.5238,.2424,.367,.4865,.5014,.5316,.6134
125,"prague_castle",1.0,1.0,.95,.9333,.925,.94,.16,.28,.44,.52,.64,.72,.2759,.4375,.6014,.6679,.7565,.8154
126,"musee_du_louvre",1.0,1.0,1.0,.9333,.95,.94,.16,.2,.44,.56,.64,.68,.2759,.3333,.6111,.7,.7648,.7891
127,"millennium_bridge_london",1.0,.8,.7,.7333,.775,.78,.2,.28,.32,.44,.52,.56,.3333,.4148,.4392,.55,.6224,.6519
128,"casa_mila",1.0,1.0,1.0,1.0,1.0,1.0,.16,.28,.4,.48,.6,.68,.2759,.4375,.5714,.6486,.75,.8095
129,"national_gallery_london",1.0,1.0,.95,.8,.725,.64,.1818,.2727,.4091,.4545,.5455,.5909,.3077,.4286,.5719,.5797,.6225,.6145
130,"national_mall",1.0,1.0,1.0,1.0,1.0,.94,.2,.28,.48,.6,.68,.76,.3333,.4375,.6486,.75,.8095,.8405
131,"london_city_hall",1.0,1.0,.9,.8333,.85,.84,.2,.35,.5,.55,.55,.6,.3333,.5185,.6429,.6627,.6679,.7
132,"holocaust_memorial",.8,.9,.8,.7,.675,.7,.25,.3125,.4375,.5,.5625,.6875,.381,.4639,.5657,.5833,.6136,.6937
133,"columbus_circle",.6,.7,.75,.6667,.65,.56,.12,.24,.4,.56,.68,.68,.2,.3574,.5217,.6087,.6647,.6142
134,"siegessaeule",1.0,1.0,1.0,.9,.75,.66,.16,.24,.48,.6,.6,.68,.2759,.3871,.6486,.72,.6667,.6699
135,"jardin_du_luxembourg",1.0,1.0,1.0,1.0,1.0,1.0,.16,.28,.48,.56,.68,.8,.2759,.4375,.6486,.7179,.8095,.8889
136,"merlion_singapore",.4,.5,.4,.3667,.375,.38,.0455,.1818,.3182,.3182,.4091,.4545,.0816,.2667,.3544,.3407,.3913,.4139
137,"harrods_london",1.0,.9,.9,.9333,.9,.86,.2,.28,.4,.56,.68,.72,.3333,.4271,.5538,.7,.7747,.7838
138,"metropolitan_museum_of_art_new_york",1.0,1.0,1.0,1.0,1.0,1.0,.16,.28,.44,.56,.6,.68,.2759,.4375,.6111,.7179,.75,.8095
139,"new_york_stock_exchange",.6,.6,.65,.6333,.725,.66,.15,.25,.35,.4,.5,.5,.24,.3529,.455,.4903,.5918,.569
140,"stephansdom_vienna",1.0,1.0,1.0,1.0,1.0,1.0,.12,.28,.48,.56,.6,.68,.2143,.4375,.6486,.7179,.75,.8095
141,"hms_belfast",1.0,1.0,1.0,1.0,1.0,.96,.12,.16,.32,.44,.52,.56,.2143,.2759,.4848,.6111,.6842,.7074
142,"leicester_square",.8,.9,.9,.8667,.85,.8,.12,.2,.32,.44,.52,.52,.2087,.3273,.4721,.5837,.6453,.6303
143,"ciudad_de_las_artes_y_las_ciencias",1.0,1.0,.75,.8,.825,.84,.2,.28,.4,.48,.52,.6,.3333,.4375,.5217,.6,.6379,.7
144,"topkapi_palace",1.0,1.0,.95,.9333,.95,.96,.2,.24,.44,.6,.72,.72,.3333,.3871,.6014,.7304,.8192,.8229
145,"royal_albert_hall",.6,.6,.65,.7,.775,.76,.12,.2,.24,.36,.48,.56,.2,.3,.3506,.4755,.5928,.6448
146,"st_vitus_cathedral",.8,.7,.85,.9,.925,.94,.12,.24,.52,.56,.64,.68,.2087,.3574,.6453,.6904,.7565,.7891
147,"castello_sforzesco",1.0,.8,.9,.9,.9,.92,.16,.28,.36,.44,.52,.52,.2759,.4148,.5143,.591,.6592,.6644
148,"rijksmuseum_amsterdam",1.0,1.0,1.0,1.0,1.0,1.0,.12,.32,.36,.4,.44,.48,.2143,.4848,.5294,.5714,.6111,.6486
149,"dam_square",.6,.6,.65,.6667,.6,.62,.12,.12,.28,.36,.36,.4,.2,.2,.3914,.4675,.45,.4863
150,"rathaus_vienna",1.0,1.0,.9,.9333,.875,.8,.16,.16,.16,.24,.36,.36,.2759,.2759,.2717,.3818,.5101,.4966
151,"bath_abbey",1.0,1.0,1.0,1.0,.975,.9,.2,.32,.56,.64,.72,.72,.3333,.4848,.7179,.7805,.8283,.8
152,"salisbury_cathedral",1.0,.9,.95,.9667,.975,.98,.16,.24,.36,.48,.56,.56,.2759,.3789,.5221,.6415,.7114,.7127
153,"templo_de_debod",.0,.0,.3,.3667,.475,.5,.0,.0,.1818,.2273,.3636,.4091,.0,.0,.2264,.2806,.4119,.45
154,"Niagara_Falls",.6,.7,.7,.7,.675,.7,.0909,.2273,.3636,.4091,.4545,.4545,.1579,.3431,.4786,.5164,.5433,.5512
155,"Golden_Gate_Bridge_in_San_Francisco",.8,.9,.95,.9333,.95,.96,.1364,.1818,.4091,.5909,.6364,.7273,.233,.3025,.5719,.7237,.7622,.8276
156,"Neuschwanstein_Castle",1.0,1.0,1.0,1.0,.925,.9,.16,.2,.4,.56,.56,.68,.2759,.3333,.5714,.7179,.6976,.7747
157,"Christ_Church_Cathedral_Missouri",1.0,.9,.95,.9333,.95,.96,.16,.28,.48,.68,.72,.72,.2759,.4271,.6378,.7868,.8192,.8229
158,"Mount_Rushmore_in_South_Dakota",.8,.8,.9,.9333,.95,.96,.12,.16,.36,.44,.52,.56,.2087,.2667,.5143,.5981,.6721,.7074
159,"Puerta_de_Toledo",.4,.3,.15,.1,.075,.06,1.0,1.0,1.0,1.0,1.0,1.0,.5714,.4615,.2609,.1818,.1395,.1132
160,"Urquhart_Castle",1.0,.9,.95,.8667,.9,.86,.1667,.25,.4167,.5,.625,.7083,.2857,.3913,.5793,.6341,.7377,.7768
161,"Gare_du_Nord_Paris",1.0,.9,.95,.9,.825,.82,.16,.28,.36,.48,.48,.48,.2759,.4271,.5221,.6261,.6069,.6055
162,"Newgrange_in_Ireland",.6,.5,.65,.7,.675,.64,.0833,.1667,.2917,.4167,.5417,.5417,.1463,.25,.4027,.5224,.601,.5867
163,"Windmills_at_Kinderdijk",1.0,1.0,.95,.9333,.925,.92,.16,.24,.36,.52,.56,.6,.2759,.3871,.5221,.6679,.6976,.7263
164,"Conciergerie",.8,.9,.95,.9667,.975,.98,.08,.24,.44,.56,.64,.72,.1455,.3789,.6014,.7092,.7728,.8301
165,"Palazzo_Madama",1.0,1.0,.9,.8333,.725,.72,.2273,.4545,.5455,.5909,.5909,.6364,.3704,.625,.6792,.6915,.6511,.6756
166,"Split_Rock_Lighthouse",1.0,.9,.8,.8333,.875,.86,.12,.2,.32,.32,.4,.48,.2143,.3273,.4571,.4624,.549,.6161
167,"The_Little_Mermaid_Denmark",1.0,.8,.7,.6667,.675,.64,.2857,.2857,.4286,.5714,.6429,.7143,.4444,.4211,.5316,.6154,.6585,.6751
168,"Great_Pyramid_of_Giza",.6,.6,.7,.7667,.725,.7,.2,.4,.6,.6667,.7333,.8,.3,.48,.6462,.7132,.7291,.7467
169,"Pitti_Palace",.6,.7,.8,.8333,.775,.78,.1364,.2273,.4091,.5,.5455,.5455,.2222,.3431,.5414,.625,.6403,.642
170,"Georgia_State_Capitol",1.0,1.0,.95,.9,.7,.58,.1579,.2632,.3684,.3684,.3684,.3684,.2727,.4167,.5309,.5228,.4828,.4506
171,"Dome_des_Invalides",1.0,.9,.95,.9667,.95,.94,.08,.16,.36,.44,.56,.64,.1481,.2717,.5221,.6047,.7046,.7615
172,"Reggia_di_Caserta",1.0,.7,.55,.6,.475,.52,.16,.24,.36,.48,.52,.52,.2759,.3574,.4352,.5333,.4965,.52
173,"The_Burj_al_Arab_Hotel",.8,.8,.8,.8333,.85,.84,.16,.24,.36,.44,.44,.48,.2667,.3692,.4966,.5759,.5798,.6109
174,"Elephanta_Caves",1.0,1.0,.85,.8,.8,.8,.125,.25,.4167,.4167,.5,.5833,.2222,.4,.5592,.5479,.6154,.6747
175,"Basilica_of_Santa_Croce",1.0,1.0,1.0,.9667,.95,.96,.2,.32,.36,.52,.68,.68,.3333,.4848,.5294,.6762,.7926,.7961
176,"Aachen_Cathedral",1.0,.9,.95,.9,.85,.86,.16,.28,.36,.44,.48,.6,.2759,.4271,.5221,.591,.6135,.7068
177,"Monument_to_the_Great_Fire_of_London",.6,.5,.45,.5333,.525,.54,.12,.16,.24,.4,.48,.6,.2,.2424,.313,.4571,.5015,.5684
178,"Longmen_Grottoes",.4,.7,.75,.5667,.525,.52,.08,.24,.48,.52,.56,.64,.1333,.3574,.5854,.5423,.5419,.5738
179,"Louisiana_State_Capitol",.4,.4,.35,.3,.375,.42,.08,.16,.2,.28,.4,.48,.1333,.2286,.2545,.2897,.3871,.448
180,"The_Great_Sphinx_at_Giza",.8,.9,.95,.9667,.925,.9,.16,.24,.4,.6,.64,.76,.2667,.3789,.563,.7404,.7565,.8241
181,"Teatro_Real_Madrid",.8,.8,.75,.8333,.875,.86,.1739,.2609,.3913,.6522,.8261,.8261,.2857,.3934,.5143,.7317,.8498,.8427
182,"Palacio_de_la_Magdalena",.6,.6,.65,.6,.575,.6,.12,.24,.4,.48,.52,.6,.2,.3429,.4952,.5333,.5461,.6
183,"Sowjetisches_Ehrenmal",.4,.5,.45,.4667,.475,.54,.08,.16,.2,.32,.48,.6,.1333,.2424,.2769,.3797,.4775,.5684
184,"Cathedral_of_Trier",1.0,1.0,1.0,1.0,.95,.92,.2,.36,.52,.64,.76,.84,.3333,.5294,.6842,.7805,.8444,.8782
185,"Saint_Mary_of_the_Flower",.2,.1,.2,.2667,.275,.3,.04,.04,.16,.28,.36,.44,.0667,.0571,.1778,.2732,.3118,.3568
186,"Skellig_Michael",.6,.6,.75,.7333,.7,.7,.12,.24,.44,.52,.52,.56,.2,.3429,.5546,.6085,.5967,.6222
187,"Chicago_Board_of_Trade_Building",1.0,.9,.8,.7667,.8,.8,.1818,.2727,.4545,.5909,.7273,.7727,.3077,.4186,.5797,.6674,.7619,.7861
188,"Pont_de_Normandie_France",1.0,1.0,1.0,1.0,1.0,.94,.1579,.2632,.5263,.5789,.7895,.8947,.2727,.4167,.6897,.7333,.8824,.9168
189,"Palazzo_Rosso",.0,.0,.15,.1,.075,.08,.0,.0,.0833,.0833,.0833,.125,.0,.0,.1071,.0909,.0789,.0976
190,"Piazza_Vittorio_Veneto",.6,.6,.55,.5667,.6,.56,.125,.25,.375,.5625,.75,.875,.2069,.3529,.4459,.5646,.6667,.6829
191,"Sforza_Castle",1.0,1.0,1.0,.9667,.95,.94,.2,.28,.48,.6,.6,.6,.3333,.4375,.6486,.7404,.7355,.7325
192,"Torres_KIO",1.0,1.0,.9,.9333,.95,.9,.2,.36,.4,.44,.52,.6,.3333,.5294,.5538,.5981,.6721,.72
193,"Torre_Picasso",1.0,1.0,.8,.8333,.825,.8,.2083,.375,.4583,.5833,.6667,.75,.3448,.5455,.5828,.6863,.7374,.7742
194,"The_Palace_of_Parliament_in_Bucharest",1.0,.9,.95,.9667,.975,.98,.12,.2,.32,.52,.64,.68,.2143,.3273,.4787,.6762,.7728,.8029
195,"Ernest_Hemingway_House",.4,.5,.75,.7333,.75,.8,.08,.2,.36,.52,.68,.76,.1333,.2857,.4865,.6085,.7133,.7795
196,"Castel_dellOvo_Napoli",.8,.8,.8,.7333,.775,.76,.16,.32,.48,.6,.68,.76,.2667,.4571,.6,.66,.7244,.76
197,"Villa_Borghese_gardens",1.0,1.0,1.0,1.0,1.0,1.0,.2,.36,.52,.6,.72,.76,.3333,.5294,.6842,.75,.8372,.8636
198,"Saint_Marks_Basilica",1.0,.9,.8,.7667,.75,.76,.12,.24,.32,.52,.6,.64,.2143,.3789,.4571,.6197,.6667,.6949
199,"Mausoleum_of_the_First_Qin_Emperor",.8,.9,.9,.9,.875,.86,.16,.32,.44,.48,.48,.52,.2667,.4721,.591,.6261,.6199,.6481
200,"Mausoleum_of_Hadrian",1.0,1.0,.9,.7667,.8,.82,.1111,.1667,.3333,.4444,.5,.6111,.2,.2857,.4865,.5627,.6154,.7003
201,"Piazza_de_Ferrari",1.0,1.0,1.0,1.0,.975,.94,.2632,.4211,.4211,.4737,.4737,.5263,.4167,.5926,.5926,.6429,.6376,.6748
202,"George_Washington_Carver",.2,.6,.75,.7,.725,.7,.0625,.1875,.375,.5,.5625,.625,.0952,.2857,.5,.5833,.6335,.6604
203,"Cathedral_of_Santiago_de_Compostela",1.0,1.0,1.0,.9667,.925,.88,.1765,.4118,.4706,.6471,.7059,.8824,.3,.5833,.64,.7752,.8007,.8812
204,"Saint-Jacques_Tower",.8,.9,.85,.8333,.8,.74,.2308,.3077,.3077,.3077,.4615,.4615,.3582,.4586,.4518,.4494,.5854,.5685
205,"Calakmul_Campeche_Mexico",1.0,.9,.95,.8,.85,.86,.2143,.3571,.4286,.5,.6429,.7857,.3529,.5114,.5907,.6154,.7321,.8212
206,"Bran_Castle_in_Transylvania",1.0,1.0,1.0,1.0,.95,.94,.2105,.4211,.4737,.5263,.6316,.6316,.3478,.5926,.6429,.6897,.7587,.7555
207,"Mosteiro_da_Batalha",1.0,1.0,1.0,1.0,1.0,1.0,.2632,.3684,.4737,.6316,.7368,.7368,.4167,.5385,.6429,.7742,.8485,.8485
208,"Wartburg_Castle",1.0,1.0,.8,.8,.8,.82,.2,.3,.45,.55,.65,.7,.3333,.4615,.576,.6519,.7172,.7553
209,"Fujian_Tulou_Fujian_China",1.0,1.0,.9,.9,.8,.76,.1667,.3889,.6111,.6667,.7222,.7222,.2857,.56,.7279,.766,.7591,.7406
210,"Alabama_State_Capitol",.6,.4,.45,.5333,.55,.62,.1429,.1905,.381,.619,.619,.6667,.2308,.2581,.4126,.573,.5825,.6425
211,"Palazzo_dAccursio",1.0,1.0,.9,.9,.875,.9,.1667,.2778,.3333,.3333,.4444,.6111,.2857,.4348,.4865,.4865,.5895,.7279
212,"Casa_Grande_Ruins",1.0,.9,.85,.8667,.85,.84,.2353,.2941,.3529,.4118,.4118,.4118,.381,.4433,.4988,.5583,.5548,.5526
213,"Stravinsky_Fountain",1.0,1.0,.95,.9333,.9,.88,.2,.2667,.2667,.5333,.5333,.6,.3333,.4211,.4164,.6788,.6698,.7135
214,"Angel_Falls_Venezuela",1.0,.9,.9,.8667,.75,.7,.1765,.3529,.4706,.5882,.6471,.7059,.3,.507,.618,.7008,.6947,.7029
215,"Statue_of_George_IV",.4,.4,.4,.4,.325,.32,.25,.375,.625,.625,.625,.625,.3077,.3871,.4878,.4878,.4276,.4233
216,"Palacio_Barolo",.8,.7,.75,.8,.85,.88,.2353,.4118,.5294,.5294,.5294,.8235,.3636,.5185,.6207,.6372,.6525,.8508
217,"Bridge_of_Remembrance_Christchurch_New_Zealand",.6,.5,.5,.5,.5,.5,.1667,.3333,.3333,.5833,.75,.9167,.2609,.4,.4,.5385,.6,.6471
218,"John_A._Roebling_Suspension_Bridge",.0,.2,.35,.3333,.375,.42,.0,.1333,.4,.4667,.6,.7333,.0,.16,.3733,.3889,.4615,.5341
219,"Blue_Dome_Santorini",1.0,.9,.9,.9333,.95,.96,.3125,.375,.5,.5625,.6875,.75,.4762,.5294,.6429,.7019,.7977,.8421
220,"Fossar_de_les_Moreres",.6,.4,.35,.3333,.425,.46,.1429,.1429,.2857,.3571,.6429,.7143,.2308,.2105,.3146,.3448,.5117,.5596
221,"Luxor_Obelisk_France",1.0,1.0,.8,.7667,.775,.78,.1875,.25,.3125,.375,.5,.5625,.3158,.4,.4494,.5036,.6078,.6536
222,"Valle_de_los_Caidos",1.0,1.0,1.0,.9333,.9,.92,.25,.4,.6,.7,.7,.75,.4,.5714,.75,.8,.7875,.8263
--------------------
"--","Avg.",P@5,P@10,P@20,P@30,P@40,P@50,CR@5,CR@10,CR@20,CR@30,CR@40,CR@50,F1@5,F1@10,F1@20,F1@30,F1@40,F1@50
,.,8144,.7995,.7937,.7862,.7786,.7694,.1557,.2512,.3842,.4827,.5597,.6178,.2544,.3738,.5065,.586,.6384,.6714
