--------------------
"Run name","output_runLUMSilhouette"
--------------------
"Average P@20 = ",.7923
"Average CR@20 = ",.3998
"Average F1@20 = ",.521
--------------------
"Query Id ","Location name",P@5,P@10,P@20,P@30,P@40,P@50,CR@5,CR@10,CR@20,CR@30,CR@40,CR@50,F1@5,F1@10,F1@20,F1@30,F1@40,F1@50
1,"angel_of_the_north",1.0,1.0,1.0,1.0,1.0,1.0,.2,.36,.48,.52,.6,.68,.3333,.5294,.6486,.6842,.75,.8095
2,"big_ben",1.0,1.0,1.0,.9333,.9,.9,.1818,.2727,.4091,.5,.5909,.5909,.3077,.4286,.5806,.6512,.7134,.7134
3,"hearst_castle",1.0,1.0,1.0,.9333,.925,.94,.2083,.375,.5833,.75,.75,.7917,.3448,.5455,.7368,.8317,.8284,.8595
4,"la_madeleine",.2,.1,.15,.2667,.4,.44,.0714,.0714,.2143,.3571,.5714,.6429,.1053,.0833,.1765,.3053,.4706,.5224
5,"pont_alexandre_iii",1.0,1.0,1.0,.9333,.95,.96,.16,.32,.52,.6,.64,.72,.2759,.4848,.6842,.7304,.7648,.8229
6,"neues_museum",.4,.5,.5,.4,.375,.4,.08,.16,.36,.4,.44,.48,.1333,.2424,.4186,.4,.4049,.4364
7,"montezuma_castle",1.0,.9,.75,.5,.475,.56,.25,.4167,.5,.5,.5833,.75,.4,.5696,.6,.5,.5236,.6412
8,"cn_tower",.6,.6,.5,.6333,.675,.74,.0833,.1667,.25,.375,.5417,.5833,.1463,.2609,.3333,.4711,.601,.6524
9,"acropolis_athens",.8,.9,.8,.8333,.85,.88,.1429,.2381,.3333,.5238,.5714,.619,.2424,.3766,.4706,.6433,.6834,.7268
10,"agra_fort",.8,.9,.9,.9,.875,.88,.16,.24,.44,.56,.68,.72,.2667,.3789,.591,.6904,.7653,.792
11,"albert_memorial",.6,.8,.9,.9333,.825,.72,.1364,.2273,.2727,.4091,.5,.5,.2222,.354,.4186,.5688,.6226,.5902
12,"altes_museum",1.0,.9,.95,.7333,.625,.5,.1667,.2917,.4583,.5,.5833,.5833,.2857,.4406,.6183,.5946,.6034,.5385
13,"amiens_cathedral",.8,.9,.9,.9333,.95,.96,.12,.32,.52,.68,.68,.76,.2087,.4721,.6592,.7868,.7926,.8484
14,"angkor_wat",.6,.7,.75,.7667,.675,.66,.08,.16,.4,.52,.6,.64,.1412,.2605,.5217,.6197,.6353,.6498
15,"ara_pacis",1.0,.9,.9,.6667,.625,.68,.2273,.3636,.5,.5,.5455,.7273,.3704,.518,.6429,.5714,.5825,.7028
16,"arc_de_triomphe",1.0,.9,.85,.8,.8,.74,.1667,.25,.375,.5417,.625,.7083,.2857,.3913,.5204,.646,.7018,.7238
17,"aztec_ruins",.0,.0,.15,.1,.2,.32,.0,.0,.08,.08,.2,.36,.0,.0,.1043,.0889,.2,.3388
18,"berlin_cathedral",1.0,1.0,.9,.9,.925,.94,.2,.32,.52,.6,.64,.68,.3333,.4848,.6592,.72,.7565,.7891
19,"bok_tower_gardens",1.0,1.0,.9,.8,.825,.86,.2,.36,.56,.64,.76,.76,.3333,.5294,.6904,.7111,.7912,.8069
20,"brandenburg_gate",1.0,1.0,1.0,.9667,.925,.94,.16,.24,.4,.48,.56,.68,.2759,.3871,.5714,.6415,.6976,.7891
21,"cabrillo",.0,.0,.25,.1667,.15,.14,.0,.0,.3077,.3077,.3846,.4615,.0,.0,.2759,.2162,.2158,.2148
22,"casa_batllo",1.0,1.0,1.0,1.0,1.0,1.0,.16,.32,.48,.52,.68,.76,.2759,.4848,.6486,.6842,.8095,.8636
23,"casa_rosada",1.0,.8,.85,.9,.9,.92,.12,.2,.32,.48,.64,.72,.2143,.32,.465,.6261,.7481,.8078
24,"castillo_de_san_marcos",.8,.9,.8,.7667,.7,.7,.16,.24,.32,.48,.52,.56,.2667,.3789,.4571,.5904,.5967,.6222
25,"chartres_cathedral",1.0,1.0,1.0,1.0,1.0,.98,.16,.24,.36,.52,.68,.68,.2759,.3871,.5294,.6842,.8095,.8029
26,"chichen_itza",1.0,.9,.85,.8667,.85,.84,.16,.24,.36,.48,.56,.64,.2759,.3789,.5058,.6178,.6752,.7265
27,"christ_the_redeemer_rio",.6,.5,.7,.8,.725,.64,.1304,.1739,.4783,.6522,.6522,.7391,.2143,.2581,.5683,.7186,.6867,.686
28,"civic_center_san_francisco",.8,.8,.65,.6333,.625,.7,.12,.28,.48,.56,.64,.64,.2087,.4148,.5522,.5944,.6324,.6687
29,"cologne_cathedral",1.0,1.0,1.0,1.0,.975,.98,.16,.28,.44,.56,.6,.64,.2759,.4375,.6111,.7179,.7429,.7743
30,"colosseum",1.0,1.0,.95,.9667,.975,.98,.16,.28,.36,.6,.64,.68,.2759,.4375,.5221,.7404,.7728,.8029
31,"doge_s_palace",1.0,1.0,1.0,.8667,.75,.78,.16,.2,.28,.44,.48,.48,.2759,.3333,.4375,.5837,.5854,.5943
32,"eiffel_tower",.8,.9,.95,.9667,.975,.98,.12,.24,.32,.36,.48,.56,.2087,.3789,.4787,.5246,.6433,.7127
33,"golden_gate_bridge",.8,.7,.75,.8,.775,.82,.1739,.2174,.3913,.3913,.4783,.5652,.2857,.3318,.5143,.5255,.5915,.6692
34,"grand_palais",.8,.8,.9,.9,.9,.92,.0909,.1364,.4091,.5455,.6818,.7273,.1633,.233,.5625,.6792,.7759,.8124
35,"guggenheim_museum_bilbao",1.0,1.0,1.0,.9667,.975,.98,.2,.32,.4,.56,.6,.64,.3333,.4848,.5714,.7092,.7429,.7743
36,"hagia_sophia_istanbul",1.0,1.0,.95,.9667,.975,.98,.12,.24,.32,.48,.48,.6,.2143,.3871,.4787,.6415,.6433,.7443
37,"hoover_dam",1.0,1.0,.95,.9667,.975,.94,.12,.28,.36,.56,.6,.64,.2143,.4375,.5221,.7092,.7429,.7615
38,"humayun_tomb",1.0,.9,.8,.8333,.75,.78,.16,.2,.4,.56,.6,.72,.2759,.3273,.5333,.6699,.6667,.7488
39,"iguazu_falls",.4,.5,.7,.8,.8,.84,.08,.16,.28,.48,.64,.72,.1333,.2424,.4,.6,.7111,.7754
40,"iolani_palace",.8,.8,.85,.9,.85,.68,.12,.28,.36,.52,.6,.6,.2087,.4148,.5058,.6592,.7034,.6375
41,"la_mezquita",.8,.8,.75,.7,.775,.72,.1667,.2917,.4167,.5,.5417,.625,.2759,.4275,.5357,.5833,.6377,.6691
42,"la_rambla_barcelona",.8,.9,.9,.9333,.95,.9,.12,.2,.44,.56,.6,.64,.2087,.3273,.591,.7,.7355,.7481
43,"la_sainte_chapelle",1.0,.9,.95,.9,.925,.94,.2,.28,.52,.68,.8,.84,.3333,.4271,.6721,.7747,.858,.8872
44,"liberty_memorial",1.0,.9,.65,.5667,.6,.68,.08,.2,.28,.32,.4,.56,.1481,.3273,.3914,.409,.48,.6142
45,"lincoln_home",1.0,.9,.85,.7333,.725,.78,.2778,.4444,.5556,.5556,.7778,.8333,.4348,.595,.6719,.6322,.7505,.8058
46,"machu_picchu",1.0,.8,.85,.8,.775,.78,.2,.24,.36,.52,.72,.8,.3333,.3692,.5058,.6303,.7465,.7899
47,"marble_arch_london",.8,.9,.6,.5,.475,.4,.3333,.5833,.6667,.6667,.75,.8333,.4706,.7079,.6316,.5714,.5816,.5405
48,"milan_cathedral",.8,.9,.95,.9667,.9,.86,.08,.28,.48,.52,.52,.64,.1455,.4271,.6378,.6762,.6592,.7339
49,"mole_antonelliana",1.0,.9,.85,.8,.775,.74,.16,.24,.4,.48,.52,.56,.2759,.3789,.544,.6,.6224,.6375
50,"mont_saint_michel",1.0,1.0,.9,.9,.925,.94,.16,.32,.44,.56,.6,.64,.2759,.4848,.591,.6904,.7279,.7615
51,"moulin_rouge",.0,.0,.0,.0,.075,.06,.0,.0,.0,.0,.25,.25,.0,.0,.0,.0,.1154,.0968
52,"nelson_s_column",.8,.9,.95,.9667,.975,.98,.0833,.2083,.375,.5,.6667,.7083,.1509,.3383,.5377,.6591,.7919,.8223
53,"notre_dame_de_paris",.8,.8,.9,.9333,.925,.94,.16,.32,.4,.52,.56,.68,.2667,.4571,.5538,.6679,.6976,.7891
54,"obelisco",.2,.1,.1,.2,.175,.14,.0909,.0909,.0909,.3636,.3636,.3636,.125,.0952,.0952,.2581,.2363,.2022
55,"piccadilly_circus",1.0,.9,.85,.8,.825,.74,.1739,.2174,.4348,.4783,.6087,.6087,.2963,.3502,.5753,.5986,.7005,.668
56,"place_de_la_concorde",1.0,1.0,1.0,.9667,.975,.98,.08,.2,.36,.48,.6,.64,.1481,.3333,.5294,.6415,.7429,.7743
57,"place_de_la_republique",.2,.1,.2,.2,.225,.22,.125,.125,.375,.5,.75,.875,.1538,.1111,.2609,.2857,.3462,.3516
58,"place_des_vosges",1.0,.9,.75,.6,.65,.68,.12,.2,.28,.28,.48,.48,.2143,.3273,.4078,.3818,.5522,.5628
59,"pont_du_gard",.8,.7,.65,.6667,.65,.72,.12,.2,.24,.4,.44,.52,.2087,.3111,.3506,.5,.5248,.6039
60,"pont_neuf",1.0,.9,.8,.7667,.7,.72,.12,.2,.36,.48,.6,.68,.2143,.3273,.4966,.5904,.6462,.6994
61,"ponte_vecchio",1.0,.9,.9,.9,.85,.88,.125,.2083,.4583,.5417,.5833,.6667,.2222,.3383,.6074,.6763,.6919,.7586
62,"puerta_de_alcala",.2,.4,.3,.4667,.5,.56,.0526,.1579,.2105,.3684,.4211,.5263,.0833,.2264,.2474,.4118,.4571,.5426
63,"puerta_del_sol",.8,.6,.65,.6,.575,.48,.15,.2,.4,.5,.5,.5,.2526,.3,.4952,.5455,.5349,.4898
64,"red_fort",1.0,1.0,1.0,1.0,1.0,1.0,.16,.36,.56,.64,.76,.76,.2759,.5294,.7179,.7805,.8636,.8636
65,"reims_cathedral",1.0,.9,.95,.9667,.975,.98,.16,.2,.32,.48,.56,.6,.2759,.3273,.4787,.6415,.7114,.7443
66,"rialto_bridge",.6,.6,.8,.7667,.675,.7,.125,.1875,.3125,.5,.625,.75,.2069,.2857,.4494,.6053,.649,.7241
67,"roman_forum_rome",.4,.6,.75,.7667,.8,.68,.08,.24,.44,.52,.6,.6,.1333,.3429,.5546,.6197,.6857,.6375
68,"sacre_coeur",.4,.4,.5,.4333,.475,.52,.0833,.125,.25,.2917,.3333,.4583,.1379,.1905,.3333,.3487,.3918,.4872
69,"sagrada_familia",1.0,.9,.95,.9333,.95,.96,.12,.24,.4,.48,.6,.64,.2143,.3789,.563,.634,.7355,.768
70,"santa_maria_novella",.8,.7,.4,.3333,.5,.54,.16,.2,.24,.32,.36,.44,.2667,.3111,.3,.3265,.4186,.4849
71,"schonbrunn_palace",1.0,1.0,1.0,1.0,.975,.98,.16,.24,.48,.56,.56,.6,.2759,.3871,.6486,.7179,.7114,.7443
72,"seville_cathedral",.8,.8,.8,.8667,.9,.9,.16,.32,.4,.48,.56,.64,.2667,.4571,.5333,.6178,.6904,.7481
73,"spanish_steps",.8,.8,.8,.7667,.7,.68,.1364,.2273,.3636,.4545,.5455,.5455,.233,.354,.5,.5707,.6131,.6053
74,"st__basil_cathedral",1.0,.8,.85,.8667,.875,.86,.2,.24,.48,.6,.64,.68,.3333,.3692,.6135,.7091,.7393,.7595
75,"statue_of_liberty",1.0,.9,.95,.8667,.875,.8,.12,.2,.36,.48,.56,.6,.2143,.3273,.5221,.6178,.6829,.6857
76,"stonehenge",.8,.9,.6,.6,.575,.48,.1053,.2632,.4211,.4737,.5263,.5263,.186,.4072,.4948,.5294,.5496,.5021
77,"summer_palace_beijing",1.0,1.0,.95,.9667,.95,.94,.16,.24,.36,.52,.52,.6,.2759,.3871,.5221,.6762,.6721,.7325
78,"sydney_opera_house",1.0,1.0,1.0,.9667,.975,.92,.12,.2,.4,.48,.56,.56,.2143,.3333,.5714,.6415,.7114,.6962
79,"teotihuacan",.8,.7,.75,.8,.675,.66,.16,.2,.36,.52,.56,.56,.2667,.3111,.4865,.6303,.6121,.6059
80,"terracotta_army",.4,.7,.8,.5667,.425,.38,.1,.3,.5,.55,.55,.55,.16,.42,.6154,.5582,.4795,.4495
81,"the_blue_mosque",.6,.8,.9,.8667,.9,.9,.08,.2,.28,.4,.44,.56,.1412,.32,.4271,.5474,.591,.6904
82,"the_henry_ford",1.0,.7,.6,.6,.7,.6,.08,.16,.28,.4,.44,.48,.1481,.2605,.3818,.48,.5404,.5333
83,"taj_mahal",1.0,.9,.85,.8,.85,.88,.2,.36,.48,.6,.64,.64,.3333,.5143,.6135,.6857,.7302,.7411
84,"tour_montparnasse",.6,.6,.6,.5333,.575,.5,.15,.25,.4,.4,.6,.6,.24,.3529,.48,.4571,.5872,.5455
85,"tower_bridge_london",.8,.7,.75,.6,.6,.64,.12,.2,.36,.4,.48,.52,.2087,.3111,.4865,.48,.5333,.5738
86,"trafalgar_square",.4,.5,.5,.5333,.525,.48,.0909,.1818,.2727,.3636,.4091,.4545,.1481,.2667,.3529,.4324,.4599,.4669
87,"leaning_tower_of_pisa",.8,.6,.5,.5333,.575,.6,.16,.16,.24,.32,.48,.56,.2667,.2526,.3243,.4,.5232,.5793
88,"hermitage_museum_saint_petersburg",1.0,1.0,1.0,.9333,.8,.82,.12,.24,.4,.56,.56,.56,.2143,.3871,.5714,.7,.6588,.6655
89,"jantar_mantar_jaipur",.6,.7,.75,.8,.85,.86,.08,.24,.52,.6,.64,.76,.1412,.3574,.6142,.6857,.7302,.8069
90,"lake_titicaca_peru",.8,.7,.7,.6,.575,.52,.125,.25,.4167,.5417,.5833,.5833,.2162,.3684,.5224,.5693,.5791,.5498
91,"the_great_wall_of_china",.8,.9,.9,.8667,.825,.84,.16,.24,.48,.52,.56,.6,.2667,.3789,.6261,.65,.6671,.7
92,"grande_arche_paris",.8,.7,.6,.6,.575,.58,.12,.16,.28,.36,.4,.4,.2087,.2605,.3818,.45,.4718,.4735
93,"el_angel_mexico",.8,.8,.8,.7667,.675,.62,.1429,.2857,.4762,.5238,.619,.6667,.2424,.4211,.597,.6224,.6458,.6425
94,"bibliotheque_nationale_de_france",.6,.7,.75,.8,.8,.74,.12,.28,.36,.4,.48,.52,.2,.4,.4865,.5333,.6,.6108
95,"kronborg_castle",.8,.7,.65,.7667,.75,.78,.1667,.25,.4583,.5417,.5833,.5833,.2759,.3684,.5376,.6348,.6562,.6675
96,"ajanta_caves",.8,.9,.85,.8667,.9,.92,.1818,.2727,.5455,.5909,.6364,.7273,.2963,.4186,.6645,.7027,.7456,.8124
97,"atomium",.8,.9,.9,.9333,.95,.94,.0952,.2381,.4762,.4762,.5238,.5238,.1702,.3766,.6228,.6306,.6753,.6727
98,"ellora_caves",1.0,1.0,1.0,1.0,.975,.94,.1364,.3182,.5,.5,.6364,.6364,.24,.4828,.6667,.6667,.7701,.7589
99,"potala_palace",.8,.9,.95,.9,.925,.88,.1667,.3333,.3333,.3889,.5,.5556,.2759,.4865,.4935,.5431,.6491,.6811
100,"jokhang",1.0,.9,.85,.8333,.825,.84,.12,.2,.36,.48,.64,.64,.2143,.3273,.5058,.6091,.7208,.7265
101,"rila_monastery",.8,.7,.8,.8,.85,.88,.16,.2,.32,.36,.44,.52,.2667,.3111,.4571,.4966,.5798,.6537
102,"louvre_pyramid",1.0,1.0,.75,.7667,.75,.8,.1111,.2222,.3333,.5,.5,.6111,.2,.3636,.4615,.6053,.6,.6929
103,"brooklyn_bridge",1.0,1.0,.95,.9667,.925,.86,.0952,.2381,.4762,.619,.6667,.6667,.1739,.3846,.6344,.7548,.7749,.7511
104,"tower_of_london",.8,.7,.75,.7667,.7,.72,.087,.1304,.2609,.3478,.4348,.4348,.1569,.2199,.3871,.4785,.5364,.5422
105,"british_museum_london",1.0,1.0,1.0,1.0,1.0,1.0,.15,.25,.45,.6,.65,.7,.2609,.4,.6207,.75,.7879,.8235
106,"buckingham_palace",.4,.4,.45,.4667,.35,.38,.1,.2,.2,.2,.2,.3,.16,.2667,.2769,.28,.2545,.3353
107,"charles_bridge_prague",1.0,.7,.7,.7667,.825,.76,.125,.125,.25,.4167,.5417,.5833,.2222,.2121,.3684,.5399,.654,.66
108,"champs_elysees_paris",.2,.6,.45,.6,.575,.56,.0667,.2,.2667,.3333,.4,.5333,.1,.3,.3349,.4286,.4718,.5463
109,"chrysler_building",1.0,1.0,1.0,1.0,.975,.98,.2143,.3571,.5,.6429,.6429,.7857,.3529,.5263,.6667,.7826,.7748,.8722
110,"moma_new_york",.6,.7,.75,.8333,.875,.9,.1579,.2632,.4211,.4737,.6316,.7368,.25,.3825,.5393,.604,.7336,.8103
111,"grand_central_terminal",1.0,1.0,1.0,1.0,1.0,.98,.1429,.1429,.2381,.2381,.3333,.5238,.25,.25,.3846,.3846,.5,.6827
112,"houses_of_parliament",1.0,1.0,1.0,1.0,.975,.98,.1304,.2609,.3043,.4348,.5217,.5217,.2308,.4138,.4667,.6061,.6797,.6809
113,"alexanderplatz_berlin",.4,.5,.45,.4333,.575,.58,.08,.2,.36,.44,.52,.56,.1333,.2857,.4,.4366,.5461,.5698
114,"centre_pompidou",.8,.9,.7,.7,.75,.7,.2222,.3333,.3889,.5556,.6111,.6111,.3478,.4865,.5,.6195,.6735,.6525
115,"sydney_harbour_bridge",1.0,1.0,1.0,1.0,1.0,1.0,.125,.3125,.5625,.625,.6875,.6875,.2222,.4762,.72,.7692,.8148,.8148
116,"pier_39",1.0,1.0,.95,.9333,.875,.84,.2381,.381,.381,.5238,.5714,.5714,.3846,.5517,.5438,.671,.6914,.6802
117,"coit_tower",.6,.6,.65,.5333,.525,.56,.1333,.2667,.3333,.4,.4667,.5333,.2182,.3692,.4407,.4571,.4941,.5463
118,"st_paul_s_cathedral_london",1.0,1.0,.95,.9667,.925,.84,.2353,.2941,.4706,.5294,.6471,.7647,.381,.4545,.6294,.6841,.7615,.8006
119,"cloud_gate",.4,.4,.6,.7333,.65,.54,.1667,.25,.4167,.5,.5,.5,.2353,.3077,.4918,.5946,.5652,.5192
120,"musee_d_orsay",1.0,.9,.9,.8667,.875,.9,.0952,.1429,.381,.4286,.6667,.7619,.1739,.2466,.5353,.5735,.7568,.8252
121,"pike_place_market",1.0,1.0,.9,.8667,.9,.88,.1429,.2857,.4286,.5238,.5714,.5714,.25,.4444,.5806,.653,.699,.6929
122,"royal_palace_madrid",.6,.8,.9,.9333,.9,.88,.1364,.2727,.4091,.5455,.5909,.6818,.2222,.4068,.5625,.6885,.7134,.7683
123,"sony_center_berlin",.8,.9,.95,.9667,.975,.94,.1429,.2381,.2857,.4762,.5238,.5714,.2424,.3766,.4393,.6381,.6815,.7108
124,"red_square_moscow",.8,.7,.7,.6333,.625,.64,.0952,.1905,.381,.4286,.4762,.5714,.1702,.2995,.4934,.5112,.5405,.6038
125,"prague_castle",1.0,1.0,.95,.9667,.9,.88,.12,.24,.4,.52,.68,.72,.2143,.3871,.563,.6762,.7747,.792
126,"musee_du_louvre",1.0,1.0,.95,.9667,.975,.98,.16,.28,.48,.56,.68,.72,.2759,.4375,.6378,.7092,.8012,.8301
127,"millennium_bridge_london",1.0,.9,.65,.7,.75,.8,.16,.28,.32,.36,.52,.52,.2759,.4271,.4289,.4755,.6142,.6303
128,"casa_mila",1.0,1.0,1.0,.9667,.975,.98,.16,.32,.4,.48,.56,.64,.2759,.4848,.5714,.6415,.7114,.7743
129,"national_gallery_london",1.0,.7,.8,.8,.65,.58,.1818,.2273,.5,.6364,.6364,.6818,.3077,.3431,.6154,.7089,.6431,.6268
130,"national_mall",1.0,.9,.85,.8667,.9,.88,.2,.36,.48,.6,.72,.72,.3333,.5143,.6135,.7091,.8,.792
131,"london_city_hall",1.0,1.0,.9,.8,.825,.84,.2,.4,.5,.5,.5,.55,.3333,.5714,.6429,.6154,.6226,.6647
132,"holocaust_memorial",.8,.8,.7,.6333,.575,.62,.125,.3125,.5,.5625,.5625,.6875,.2162,.4494,.5833,.5958,.5687,.652
133,"columbus_circle",.4,.4,.7,.6667,.7,.56,.08,.16,.4,.48,.68,.68,.1333,.2286,.5091,.5581,.6899,.6142
134,"siegessaeule",1.0,.9,.85,.9,.85,.68,.12,.2,.36,.52,.72,.72,.2143,.3273,.5058,.6592,.7796,.6994
135,"jardin_du_luxembourg",1.0,1.0,1.0,1.0,.95,.96,.12,.32,.52,.64,.76,.8,.2143,.4848,.6842,.7805,.8444,.8727
136,"merlion_singapore",.2,.3,.3,.3,.375,.38,.0455,.1364,.2273,.3182,.3636,.4545,.0741,.1875,.2586,.3088,.3692,.4139
137,"harrods_london",1.0,.9,.95,.9333,.9,.78,.16,.32,.44,.52,.64,.64,.2759,.4721,.6014,.6679,.7481,.7031
138,"metropolitan_museum_of_art_new_york",1.0,1.0,1.0,.9,.925,.94,.2,.32,.44,.48,.6,.64,.3333,.4848,.6111,.6261,.7279,.7615
139,"new_york_stock_exchange",1.0,.8,.75,.8,.825,.7,.25,.25,.35,.5,.5,.55,.4,.381,.4773,.6154,.6226,.616
140,"stephansdom_vienna",1.0,1.0,1.0,1.0,1.0,1.0,.12,.32,.52,.64,.68,.72,.2143,.4848,.6842,.7805,.8095,.8372
141,"hms_belfast",1.0,1.0,.95,.9333,.925,.94,.12,.28,.44,.52,.56,.6,.2143,.4375,.6014,.6679,.6976,.7325
142,"leicester_square",1.0,1.0,.95,.8667,.8,.78,.12,.2,.32,.44,.48,.52,.2143,.3333,.4787,.5837,.6,.624
143,"ciudad_de_las_artes_y_las_ciencias",1.0,.9,.9,.9,.9,.92,.2,.32,.48,.6,.64,.68,.3333,.4721,.6261,.72,.7481,.782
144,"topkapi_palace",1.0,1.0,.95,.9667,.975,.98,.2,.4,.48,.6,.64,.72,.3333,.5714,.6378,.7404,.7728,.8301
145,"royal_albert_hall",.6,.8,.85,.6667,.75,.76,.12,.12,.36,.4,.44,.48,.2,.2087,.5058,.5,.5546,.5884
146,"st_vitus_cathedral",.8,.9,.9,.9333,.95,.96,.16,.32,.36,.44,.56,.6,.2667,.4721,.5143,.5981,.7046,.7385
147,"castello_sforzesco",1.0,.9,.9,.8667,.875,.88,.16,.24,.36,.48,.56,.56,.2759,.3789,.5143,.6178,.6829,.6844
148,"rijksmuseum_amsterdam",1.0,1.0,1.0,1.0,1.0,1.0,.16,.24,.36,.44,.6,.6,.2759,.3871,.5294,.6111,.75,.75
149,"dam_square",.8,.8,.75,.7667,.775,.74,.16,.2,.32,.44,.48,.48,.2667,.32,.4486,.5591,.5928,.5823
150,"rathaus_vienna",1.0,1.0,.8,.7333,.65,.7,.16,.16,.16,.2,.2,.36,.2759,.2759,.2667,.3143,.3059,.4755
151,"bath_abbey",1.0,.9,.95,.9,.9,.92,.2,.28,.4,.4,.52,.6,.3333,.4271,.563,.5538,.6592,.7263
152,"salisbury_cathedral",1.0,1.0,1.0,1.0,1.0,1.0,.16,.28,.48,.52,.6,.64,.2759,.4375,.6486,.6842,.75,.7805
153,"templo_de_debod",.2,.2,.35,.3333,.25,.38,.0455,.0909,.2727,.3182,.3182,.4545,.0741,.125,.3066,.3256,.28,.4139
154,"Niagara_Falls",.6,.7,.55,.5,.55,.56,.1364,.2727,.3636,.4091,.4545,.4545,.2222,.3925,.4378,.45,.4977,.5018
155,"Golden_Gate_Bridge_in_San_Francisco",1.0,.8,.85,.9,.925,.94,.1364,.1818,.4091,.5909,.7273,.7273,.24,.2963,.5523,.7134,.8143,.8201
156,"Neuschwanstein_Castle",1.0,1.0,1.0,1.0,1.0,.98,.12,.2,.44,.52,.6,.72,.2143,.3333,.6111,.6842,.75,.8301
157,"Christ_Church_Cathedral_Missouri",1.0,1.0,1.0,1.0,1.0,1.0,.16,.28,.48,.6,.6,.6,.2759,.4375,.6486,.75,.75,.75
158,"Mount_Rushmore_in_South_Dakota",.8,.9,.85,.9,.925,.92,.12,.2,.36,.4,.44,.48,.2087,.3273,.5058,.5538,.5963,.6309
159,"Puerta_de_Toledo",.6,.3,.15,.1,.075,.06,1.0,1.0,1.0,1.0,1.0,1.0,.75,.4615,.2609,.1818,.1395,.1132
160,"Urquhart_Castle",1.0,.9,.8,.7667,.775,.82,.1667,.25,.375,.5417,.5833,.75,.2857,.3913,.5106,.6348,.6656,.7834
161,"Gare_du_Nord_Paris",.6,.8,.7,.6667,.6,.66,.12,.28,.36,.48,.52,.6,.2,.4148,.4755,.5581,.5571,.6286
162,"Newgrange_in_Ireland",.6,.7,.8,.7,.725,.74,.0833,.2083,.4167,.4583,.5417,.5417,.1463,.3211,.5479,.554,.6201,.6255
163,"Windmills_at_Kinderdijk",1.0,1.0,.95,.9,.875,.86,.16,.2,.36,.4,.44,.52,.2759,.3333,.5221,.5538,.5856,.6481
164,"Conciergerie",.8,.9,.95,.9667,.95,.96,.12,.16,.36,.56,.64,.68,.2087,.2717,.5221,.7092,.7648,.7961
165,"Palazzo_Madama",.6,.8,.8,.8,.725,.72,.1364,.3636,.5,.5909,.5909,.6818,.2222,.5,.6154,.6797,.6511,.7004
166,"Split_Rock_Lighthouse",1.0,1.0,.9,.9333,.95,.94,.12,.2,.24,.36,.44,.48,.2143,.3333,.3789,.5196,.6014,.6355
167,"The_Little_Mermaid_Denmark",1.0,1.0,.85,.8333,.775,.82,.1429,.3571,.5,.6429,.6429,.8571,.25,.5263,.6296,.7258,.7028,.8382
168,"Great_Pyramid_of_Giza",.6,.6,.6,.6333,.575,.64,.1333,.3333,.6,.6667,.7333,.7333,.2182,.4286,.6,.6496,.6446,.6835
169,"Pitti_Palace",.6,.6,.7,.8,.825,.82,.0909,.1818,.3636,.5,.5909,.5909,.1579,.2791,.4786,.6154,.6886,.6869
170,"Georgia_State_Capitol",.6,.5,.5,.6333,.5,.4,.1053,.1579,.2105,.2632,.2632,.2632,.1791,.24,.2963,.3718,.3448,.3175
171,"Dome_des_Invalides",1.0,1.0,1.0,1.0,.975,.98,.16,.28,.4,.44,.44,.52,.2759,.4375,.5714,.6111,.6064,.6795
172,"Reggia_di_Caserta",.8,.8,.6,.5333,.575,.54,.16,.24,.36,.44,.52,.56,.2667,.3692,.45,.4822,.5461,.5498
173,"The_Burj_al_Arab_Hotel",.8,.7,.75,.8,.85,.82,.16,.2,.4,.44,.48,.48,.2667,.3111,.5217,.5677,.6135,.6055
174,"Elephanta_Caves",1.0,1.0,.95,.9667,.95,.96,.1667,.25,.4167,.5,.5833,.75,.2857,.4,.5793,.6591,.7228,.8421
175,"Basilica_of_Santa_Croce",1.0,1.0,1.0,1.0,1.0,1.0,.16,.28,.4,.44,.64,.68,.2759,.4375,.5714,.6111,.7805,.8095
176,"Aachen_Cathedral",.6,.7,.8,.8333,.825,.86,.12,.24,.4,.4,.52,.56,.2,.3574,.5333,.5405,.6379,.6783
177,"Monument_to_the_Great_Fire_of_London",1.0,.7,.55,.5667,.55,.5,.2,.2,.32,.4,.44,.52,.3333,.3111,.4046,.469,.4889,.5098
178,"Longmen_Grottoes",.8,.9,.6,.7333,.6,.58,.16,.32,.4,.64,.68,.76,.2667,.4721,.48,.6835,.6375,.6579
179,"Louisiana_State_Capitol",.2,.3,.3,.2667,.25,.28,.04,.12,.2,.24,.28,.36,.0667,.1714,.24,.2526,.2642,.315
180,"The_Great_Sphinx_at_Giza",1.0,1.0,.85,.8667,.85,.88,.12,.2,.32,.4,.56,.64,.2143,.3333,.465,.5474,.6752,.7411
181,"Teatro_Real_Madrid",1.0,1.0,.85,.8333,.85,.84,.1739,.3478,.4783,.6087,.8261,.8696,.2963,.5161,.6121,.7035,.8379,.8545
182,"Palacio_de_la_Magdalena",.6,.8,.8,.8,.825,.84,.12,.28,.44,.56,.6,.76,.2,.4148,.5677,.6588,.6947,.798
183,"Sowjetisches_Ehrenmal",.6,.4,.55,.6333,.6,.64,.12,.16,.32,.52,.64,.72,.2,.2286,.4046,.5711,.6194,.6776
184,"Cathedral_of_Trier",1.0,.9,.9,.9,.925,.94,.12,.28,.48,.6,.76,.84,.2143,.4271,.6261,.72,.8344,.8872
185,"Saint_Mary_of_the_Flower",.2,.3,.2,.1667,.225,.22,.04,.08,.12,.12,.2,.24,.0667,.1263,.15,.1395,.2118,.2296
186,"Skellig_Michael",.8,.8,.75,.8,.675,.7,.16,.28,.44,.56,.6,.64,.2667,.4148,.5546,.6588,.6353,.6687
187,"Chicago_Board_of_Trade_Building",.8,.7,.65,.7667,.75,.78,.1818,.2727,.3182,.4091,.5455,.5909,.2963,.3925,.4272,.5335,.6316,.6724
188,"Pont_de_Normandie_France",1.0,.9,.9,.8667,.875,.9,.2105,.3158,.5789,.7895,.8947,.9474,.3478,.4675,.7046,.8263,.8848,.9231
189,"Palazzo_Rosso",.0,.0,.0,.0,.075,.08,.0,.0,.0,.0,.0833,.125,.0,.0,.0,.0,.0789,.0976
190,"Piazza_Vittorio_Veneto",.8,.7,.85,.6667,.575,.46,.1875,.25,.5,.5625,.625,.625,.3038,.3684,.6296,.6102,.599,.53
191,"Sforza_Castle",1.0,1.0,1.0,.9667,.95,.9,.16,.32,.52,.6,.6,.68,.2759,.4848,.6842,.7404,.7355,.7747
192,"Torres_KIO",1.0,.9,.95,.9,.925,.92,.2,.28,.48,.48,.52,.6,.3333,.4271,.6378,.6261,.6657,.7263
193,"Torre_Picasso",1.0,.9,.9,.9333,.875,.74,.1667,.2917,.4583,.625,.6667,.75,.2857,.4406,.6074,.7487,.7568,.745
194,"The_Palace_of_Parliament_in_Bucharest",.8,.9,.95,.9667,.95,.96,.12,.32,.32,.36,.36,.64,.2087,.4721,.4787,.5246,.5221,.768
195,"Ernest_Hemingway_House",.6,.8,.85,.8667,.875,.78,.12,.28,.4,.56,.6,.68,.2,.4148,.544,.6804,.7119,.7266
196,"Castel_dellOvo_Napoli",.8,.9,.85,.8333,.775,.8,.16,.32,.52,.6,.64,.68,.2667,.4721,.6453,.6977,.7011,.7351
197,"Villa_Borghese_gardens",1.0,1.0,1.0,.9667,.975,.98,.16,.32,.56,.68,.84,.92,.2759,.4848,.7179,.7984,.9025,.9491
198,"Saint_Marks_Basilica",1.0,1.0,1.0,1.0,.975,.98,.2,.24,.48,.56,.56,.56,.3333,.3871,.6486,.7179,.7114,.7127
199,"Mausoleum_of_the_First_Qin_Emperor",.8,.9,.95,.8667,.75,.8,.16,.36,.4,.48,.56,.56,.2667,.5143,.563,.6178,.6412,.6588
200,"Mausoleum_of_Hadrian",.6,.7,.8,.8,.825,.82,.0556,.2222,.5,.5556,.6111,.6667,.1017,.3373,.6154,.6557,.7021,.7354
201,"Piazza_de_Ferrari",1.0,1.0,1.0,.9333,.875,.9,.1579,.3158,.3684,.3684,.5263,.5789,.2727,.48,.5385,.5283,.6573,.7046
202,"George_Washington_Carver",.2,.5,.65,.6,.6,.62,.0625,.3125,.375,.375,.5,.5,.0952,.3846,.4756,.4615,.5455,.5536
203,"Cathedral_of_Santiago_de_Compostela",1.0,.9,.95,.9333,.9,.88,.1765,.2353,.5294,.5882,.6471,.8824,.3,.3731,.6799,.7216,.7529,.8812
204,"Saint-Jacques_Tower",.4,.6,.7,.7667,.775,.78,.1538,.3077,.5385,.7692,.7692,.7692,.2222,.4068,.6087,.7679,.7721,.7746
205,"Calakmul_Campeche_Mexico",1.0,.9,.85,.8333,.85,.86,.2143,.2857,.5,.5714,.7143,.8571,.3529,.4337,.6296,.678,.7763,.8586
206,"Bran_Castle_in_Transylvania",1.0,1.0,.95,.9,.925,.92,.1579,.2632,.3684,.4211,.4737,.5789,.2727,.4167,.5309,.5737,.6265,.7107
207,"Mosteiro_da_Batalha",1.0,1.0,1.0,1.0,1.0,1.0,.2105,.3684,.5263,.6316,.7368,.7895,.3478,.5385,.6897,.7742,.8485,.8824
208,"Wartburg_Castle",1.0,1.0,.95,.9,.925,.9,.2,.3,.6,.65,.75,.8,.3333,.4615,.7355,.7548,.8284,.8471
209,"Fujian_Tulou_Fujian_China",1.0,1.0,1.0,.9667,.975,.98,.1667,.2778,.4444,.4444,.6667,.7222,.2857,.4348,.6154,.6089,.7919,.8316
210,"Alabama_State_Capitol",.8,.7,.7,.7,.675,.68,.1905,.2857,.5714,.6667,.8095,.8571,.3077,.4058,.6292,.6829,.7362,.7584
211,"Palazzo_dAccursio",1.0,1.0,.85,.8333,.825,.84,.1667,.2778,.3889,.4444,.4444,.5556,.2857,.4348,.5336,.5797,.5777,.6688
212,"Casa_Grande_Ruins",.8,.8,.85,.8,.85,.86,.1765,.2941,.4118,.4706,.4706,.4706,.2892,.4301,.5548,.5926,.6058,.6083
213,"Stravinsky_Fountain",1.0,.9,.95,.9667,.975,.98,.2,.2667,.4667,.6667,.7333,.7333,.3333,.4114,.6259,.7891,.8371,.8389
214,"Angel_Falls_Venezuela",.8,.6,.65,.6,.6,.52,.1765,.2941,.4706,.5882,.7647,.7647,.2892,.3947,.5459,.5941,.6724,.619
215,"Statue_of_George_IV",1.0,.8,.6,.5333,.475,.46,.5,.5,.5,.5,.625,.75,.6667,.6154,.5455,.5161,.5398,.5702
216,"Palacio_Barolo",1.0,.9,.75,.8333,.875,.9,.2941,.4118,.4706,.5882,.6471,.6471,.4545,.565,.5783,.6897,.744,.7529
217,"Bridge_of_Remembrance_Christchurch_New_Zealand",1.0,.8,.85,.9,.925,.78,.25,.4167,.6667,.9167,1.0,1.0,.4,.5479,.7473,.9083,.961,.8764
218,"John_A._Roebling_Suspension_Bridge",.2,.4,.3,.3333,.375,.46,.0667,.1333,.2,.4,.6,.6667,.1,.2,.24,.3636,.4615,.5444
219,"Blue_Dome_Santorini",1.0,.9,.8,.7667,.825,.86,.3125,.4375,.5625,.5625,.625,.75,.4762,.5888,.6606,.6489,.7112,.8012
220,"Fossar_de_les_Moreres",.8,.8,.7,.6667,.575,.48,.1429,.3571,.5,.6429,.7143,.7143,.2424,.4938,.5833,.6545,.6371,.5742
221,"Luxor_Obelisk_France",1.0,1.0,.75,.7333,.7,.7,.1875,.25,.3125,.3125,.375,.4375,.3158,.4,.4412,.4382,.4884,.5385
222,"Valle_de_los_Caidos",1.0,1.0,.95,.8667,.9,.9,.2,.35,.55,.65,.8,.8,.3333,.5185,.6967,.7429,.8471,.8471
--------------------
"--","Avg.",P@5,P@10,P@20,P@30,P@40,P@50,CR@5,CR@10,CR@20,CR@30,CR@40,CR@50,F1@5,F1@10,F1@20,F1@30,F1@40,F1@50
,.,8162,.8063,.7923,.7818,.774,.768,.1494,.2547,.3998,.4938,.5716,.6269,.2464,.3788,.521,.5936,.6443,.6764
