--------------------
"Run name","output_runGABORDunnIndex"
--------------------
"Average P@20 = ",.8038
"Average CR@20 = ",.3716
"Average F1@20 = ",.4958
--------------------
"Query Id ","Location name",P@5,P@10,P@20,P@30,P@40,P@50,CR@5,CR@10,CR@20,CR@30,CR@40,CR@50,F1@5,F1@10,F1@20,F1@30,F1@40,F1@50
1,"angel_of_the_north",1.0,1.0,1.0,1.0,1.0,1.0,.16,.24,.32,.48,.6,.68,.2759,.3871,.4848,.6486,.75,.8095
2,"big_ben",1.0,1.0,1.0,.9333,.925,.9,.2273,.3182,.3182,.4545,.5,.5455,.3704,.4828,.4828,.6114,.6491,.6792
3,"hearst_castle",1.0,1.0,.95,.9333,.95,.94,.1667,.3333,.5833,.6667,.7083,.75,.2857,.5,.7228,.7778,.8116,.8343
4,"la_madeleine",.2,.4,.4,.3333,.325,.44,.0714,.1429,.3571,.5,.5714,.7143,.1053,.2105,.3774,.4,.4143,.5446
5,"pont_alexandre_iii",1.0,1.0,.95,.9667,.975,.98,.2,.32,.32,.36,.52,.64,.3333,.4848,.4787,.5246,.6783,.7743
6,"neues_museum",.0,.0,.0,.1667,.25,.4,.0,.0,.0,.08,.2,.48,.0,.0,.0,.1081,.2222,.4364
7,"montezuma_castle",.8,.9,.65,.4333,.475,.56,.25,.5,.5,.5,.75,.75,.381,.6429,.5652,.4643,.5816,.6412
8,"cn_tower",.4,.5,.55,.6333,.7,.74,.0833,.1667,.2917,.375,.5833,.625,.1379,.25,.3812,.4711,.6364,.6777
9,"acropolis_athens",.8,.7,.85,.8667,.9,.88,.1429,.1429,.4762,.4762,.5238,.5714,.2424,.2373,.6104,.6147,.6622,.6929
10,"agra_fort",.8,.8,.85,.8333,.85,.88,.16,.28,.4,.56,.64,.68,.2667,.4148,.544,.6699,.7302,.7672
11,"albert_memorial",.6,.8,.9,.6333,.675,.72,.0909,.1364,.2273,.2727,.4091,.4545,.1579,.233,.3629,.3813,.5094,.5573
12,"altes_museum",.8,.7,.65,.6,.525,.54,.0833,.2083,.375,.5,.5417,.625,.1509,.3211,.4756,.5455,.5332,.5794
13,"amiens_cathedral",1.0,1.0,.9,.9,.925,.94,.12,.28,.48,.56,.76,.76,.2143,.4375,.6261,.6904,.8344,.8405
14,"angkor_wat",1.0,1.0,.7,.6,.675,.74,.08,.24,.36,.44,.56,.64,.1481,.3871,.4755,.5077,.6121,.6864
15,"ara_pacis",1.0,1.0,.75,.6,.65,.68,.2273,.3636,.4545,.5,.6364,.7273,.3704,.5333,.566,.5455,.6431,.7028
16,"arc_de_triomphe",1.0,1.0,.95,.8667,.825,.8,.125,.2083,.4167,.5417,.6667,.7083,.2222,.3448,.5793,.6667,.7374,.7514
17,"aztec_ruins",.0,.0,.0,.1,.325,.26,.0,.0,.0,.08,.32,.32,.0,.0,.0,.0889,.3225,.2869
18,"berlin_cathedral",1.0,1.0,.95,.9667,.925,.9,.2,.32,.44,.52,.56,.6,.3333,.4848,.6014,.6762,.6976,.72
19,"bok_tower_gardens",1.0,.9,.75,.8,.85,.86,.2,.32,.48,.64,.68,.72,.3333,.4721,.5854,.7111,.7556,.7838
20,"brandenburg_gate",1.0,1.0,1.0,1.0,.975,.98,.12,.24,.28,.44,.44,.52,.2143,.3871,.4375,.6111,.6064,.6795
21,"cabrillo",.0,.3,.25,.1667,.15,.14,.0,.2308,.3077,.3077,.3846,.4615,.0,.2609,.2759,.2162,.2158,.2148
22,"casa_batllo",1.0,1.0,1.0,1.0,1.0,1.0,.2,.28,.4,.52,.64,.8,.3333,.4375,.5714,.6842,.7805,.8889
23,"casa_rosada",.6,.7,.85,.9,.9,.92,.08,.12,.32,.56,.64,.72,.1412,.2049,.465,.6904,.7481,.8078
24,"castillo_de_san_marcos",1.0,.9,.55,.5667,.65,.6,.16,.24,.28,.36,.48,.56,.2759,.3789,.3711,.4403,.5522,.5793
25,"chartres_cathedral",1.0,1.0,1.0,.9667,.925,.92,.16,.2,.36,.68,.68,.72,.2759,.3333,.5294,.7984,.7838,.8078
26,"chichen_itza",1.0,.8,.75,.8,.8,.82,.16,.16,.28,.36,.48,.56,.2759,.2667,.4078,.4966,.6,.6655
27,"christ_the_redeemer_rio",.4,.5,.7,.8,.7,.64,.0435,.1304,.3913,.5652,.6087,.7391,.0784,.2069,.502,.6624,.6512,.686
28,"civic_center_san_francisco",.8,.7,.8,.8333,.875,.82,.16,.24,.44,.6,.6,.64,.2667,.3574,.5677,.6977,.7119,.7189
29,"cologne_cathedral",1.0,1.0,.95,.9667,.95,.96,.12,.24,.4,.44,.48,.6,.2143,.3871,.563,.6047,.6378,.7385
30,"colosseum",1.0,1.0,1.0,1.0,1.0,1.0,.16,.32,.4,.48,.64,.68,.2759,.4848,.5714,.6486,.7805,.8095
31,"doge_s_palace",1.0,1.0,1.0,.8,.725,.78,.12,.2,.32,.44,.48,.48,.2143,.3333,.4848,.5677,.5776,.5943
32,"eiffel_tower",1.0,1.0,1.0,1.0,1.0,.96,.16,.28,.32,.32,.48,.56,.2759,.4375,.4848,.4848,.6486,.7074
33,"golden_gate_bridge",1.0,.8,.9,.8667,.85,.86,.1739,.2609,.3913,.4783,.4783,.5652,.2963,.3934,.5455,.6164,.6121,.6821
34,"grand_palais",1.0,.9,.9,.8667,.9,.92,.0455,.1364,.3636,.4091,.5,.5455,.087,.2368,.518,.5558,.6429,.6849
35,"guggenheim_museum_bilbao",1.0,1.0,.95,.9333,.95,.96,.2,.28,.32,.48,.64,.68,.3333,.4375,.4787,.634,.7648,.7961
36,"hagia_sophia_istanbul",1.0,1.0,1.0,1.0,1.0,.94,.12,.2,.32,.48,.52,.6,.2143,.3333,.4848,.6486,.6842,.7325
37,"hoover_dam",1.0,1.0,.95,.9667,.925,.94,.12,.2,.36,.48,.56,.6,.2143,.3333,.5221,.6415,.6976,.7325
38,"humayun_tomb",.8,.6,.55,.6667,.65,.72,.08,.16,.28,.48,.6,.64,.1455,.2526,.3711,.5581,.624,.6776
39,"iguazu_falls",.4,.7,.8,.8333,.875,.82,.04,.16,.36,.48,.6,.6,.0727,.2605,.4966,.6091,.7119,.693
40,"iolani_palace",1.0,1.0,.95,.9,.9,.86,.16,.16,.36,.6,.68,.8,.2759,.2759,.5221,.72,.7747,.8289
41,"la_mezquita",.6,.8,.85,.9,.8,.66,.125,.2917,.4583,.5,.5833,.5833,.2069,.4275,.5955,.6429,.6747,.6193
42,"la_rambla_barcelona",.8,.9,.95,.9667,.95,.92,.08,.24,.44,.48,.48,.56,.1455,.3789,.6014,.6415,.6378,.6962
43,"la_sainte_chapelle",1.0,.9,.9,.9333,.95,.96,.16,.28,.48,.64,.64,.64,.2759,.4271,.6261,.7593,.7648,.768
44,"liberty_memorial",1.0,.6,.4,.6,.7,.72,.08,.12,.2,.28,.48,.56,.1481,.2,.2667,.3818,.5695,.63
45,"lincoln_home",1.0,1.0,.9,.9333,.9,.92,.2778,.3333,.5,.6667,.7222,.8333,.4348,.5,.6429,.7778,.8014,.8745
46,"machu_picchu",1.0,.9,.7,.6667,.675,.7,.2,.28,.4,.48,.64,.64,.3333,.4271,.5091,.5581,.657,.6687
47,"marble_arch_london",.8,.9,.7,.6333,.475,.4,.3333,.5,.5833,.75,.75,.75,.4706,.6429,.6364,.6867,.5816,.5217
48,"milan_cathedral",1.0,1.0,.95,.9,.875,.88,.16,.24,.32,.48,.6,.76,.2759,.3871,.4787,.6261,.7119,.8156
49,"mole_antonelliana",1.0,1.0,.85,.9,.75,.7,.12,.2,.2,.36,.4,.48,.2143,.3333,.3238,.5143,.5217,.5695
50,"mont_saint_michel",1.0,1.0,1.0,1.0,.975,.98,.12,.2,.4,.44,.48,.6,.2143,.3333,.5714,.6111,.6433,.7443
51,"moulin_rouge",.0,.0,.0,.0,.05,.14,.0,.0,.0,.0,.25,.5,.0,.0,.0,.0,.0833,.2188
52,"nelson_s_column",.8,.9,.95,.9667,.95,.96,.0417,.1667,.25,.4167,.5833,.5833,.0792,.2812,.3958,.5823,.7228,.7257
53,"notre_dame_de_paris",.8,.9,.9,.9333,.95,.94,.12,.24,.4,.56,.6,.64,.2087,.3789,.5538,.7,.7355,.7615
54,"obelisco",.2,.1,.2,.2,.175,.14,.0909,.0909,.1818,.3636,.4545,.4545,.125,.0952,.1905,.2581,.2527,.2141
55,"piccadilly_circus",1.0,.9,.9,.8,.75,.76,.1304,.1739,.4348,.4783,.4783,.6087,.2308,.2915,.5863,.5986,.5841,.676
56,"place_de_la_concorde",1.0,1.0,1.0,1.0,.975,.98,.12,.2,.36,.44,.48,.64,.2143,.3333,.5294,.6111,.6433,.7743
57,"place_de_la_republique",.2,.4,.35,.3333,.25,.2,.125,.375,.625,.75,.75,.75,.1538,.3871,.4487,.4615,.375,.3158
58,"place_des_vosges",1.0,.7,.75,.8333,.875,.9,.08,.12,.24,.4,.52,.68,.1481,.2049,.3636,.5405,.6523,.7747
59,"pont_du_gard",.8,.8,.9,.9,.925,.78,.12,.16,.36,.44,.6,.6,.2087,.2667,.5143,.591,.7279,.6783
60,"pont_neuf",1.0,1.0,.9,.8667,.875,.74,.12,.24,.4,.56,.64,.64,.2143,.3871,.5538,.6804,.7393,.6864
61,"ponte_vecchio",1.0,.9,.85,.9,.925,.88,.125,.25,.3333,.4583,.5417,.5833,.2222,.3913,.4789,.6074,.6832,.7016
62,"puerta_de_alcala",.2,.2,.35,.4667,.55,.6,.0526,.1053,.3158,.3158,.4737,.6316,.0833,.1379,.332,.3767,.509,.6154
63,"puerta_del_sol",.8,.9,.65,.6333,.475,.4,.1,.25,.3,.4,.4,.4,.1778,.3913,.4105,.4903,.4343,.4
64,"red_fort",1.0,1.0,1.0,1.0,1.0,1.0,.16,.32,.4,.6,.72,.76,.2759,.4848,.5714,.75,.8372,.8636
65,"reims_cathedral",1.0,1.0,1.0,1.0,1.0,1.0,.2,.32,.4,.48,.52,.6,.3333,.4848,.5714,.6486,.6842,.75
66,"rialto_bridge",1.0,1.0,.95,.7667,.75,.7,.125,.25,.4375,.4375,.6875,.6875,.2222,.4,.5991,.5571,.7174,.6937
67,"roman_forum_rome",.6,.7,.8,.8,.675,.72,.12,.16,.4,.48,.48,.6,.2,.2605,.5333,.6,.561,.6545
68,"sacre_coeur",.2,.4,.55,.5667,.625,.62,.0417,.0833,.2083,.2917,.375,.4583,.069,.1379,.3022,.3851,.4688,.527
69,"sagrada_familia",.8,.9,.95,.9333,.95,.94,.12,.24,.4,.48,.56,.6,.2087,.3789,.563,.634,.7046,.7325
70,"santa_maria_novella",.8,.5,.3,.5333,.625,.62,.12,.16,.2,.36,.44,.48,.2087,.2424,.24,.4299,.5164,.5411
71,"schonbrunn_palace",1.0,1.0,1.0,.9667,.975,.98,.12,.24,.48,.48,.52,.56,.2143,.3871,.6486,.6415,.6783,.7127
72,"seville_cathedral",.8,.7,.8,.8667,.9,.9,.16,.28,.4,.48,.56,.68,.2667,.4,.5333,.6178,.6904,.7747
73,"spanish_steps",1.0,1.0,.85,.6333,.6,.6,.1364,.2727,.4545,.5,.5455,.6364,.24,.4286,.5923,.5588,.5714,.6176
74,"st__basil_cathedral",1.0,1.0,1.0,.9,.875,.86,.16,.32,.48,.52,.52,.52,.2759,.4848,.6486,.6592,.6523,.6481
75,"statue_of_liberty",1.0,1.0,1.0,.8667,.825,.76,.12,.28,.36,.48,.52,.56,.2143,.4375,.5294,.6178,.6379,.6448
76,"stonehenge",1.0,.7,.7,.7333,.6,.52,.1579,.2105,.3158,.5263,.5263,.5789,.2727,.3237,.4352,.6128,.5607,.5479
77,"summer_palace_beijing",1.0,1.0,1.0,.9667,.975,.96,.12,.24,.36,.44,.56,.6,.2143,.3871,.5294,.6047,.7114,.7385
78,"sydney_opera_house",1.0,1.0,.95,.9667,.975,.9,.16,.28,.4,.44,.48,.56,.2759,.4375,.563,.6047,.6433,.6904
79,"teotihuacan",.8,.7,.65,.5667,.6,.6,.16,.2,.4,.44,.52,.64,.2667,.3111,.4952,.4954,.5571,.6194
80,"terracotta_army",.8,.7,.6,.5333,.4,.38,.2,.3,.45,.5,.5,.5,.32,.42,.5143,.5161,.4444,.4318
81,"the_blue_mosque",.6,.8,.9,.9,.9,.9,.12,.24,.24,.4,.48,.56,.2,.3692,.3789,.5538,.6261,.6904
82,"the_henry_ford",1.0,1.0,.95,.7333,.625,.68,.12,.28,.36,.36,.48,.56,.2143,.4375,.5221,.4829,.543,.6142
83,"taj_mahal",1.0,.9,.8,.8667,.9,.9,.2,.24,.44,.48,.48,.68,.3333,.3789,.5677,.6178,.6261,.7747
84,"tour_montparnasse",.6,.7,.5,.5,.45,.42,.1,.2,.25,.35,.4,.5,.1714,.3111,.3333,.4118,.4235,.4565
85,"tower_bridge_london",1.0,1.0,.75,.6333,.65,.62,.16,.2,.36,.44,.52,.52,.2759,.3333,.4865,.5193,.5778,.5656
86,"trafalgar_square",.6,.8,.65,.6,.5,.46,.0909,.1818,.2273,.3182,.3182,.4545,.1579,.2963,.3368,.4158,.3889,.4573
87,"leaning_tower_of_pisa",.6,.5,.45,.4667,.425,.46,.12,.16,.24,.36,.4,.44,.2,.2424,.313,.4065,.4121,.4498
88,"hermitage_museum_saint_petersburg",1.0,1.0,.85,.8,.775,.82,.16,.24,.32,.4,.52,.6,.2759,.3871,.465,.5333,.6224,.693
89,"jantar_mantar_jaipur",.6,.8,.75,.8333,.875,.88,.08,.28,.48,.56,.64,.76,.1412,.4148,.5854,.6699,.7393,.8156
90,"lake_titicaca_peru",.4,.5,.55,.5,.475,.48,.0417,.1667,.2917,.375,.5,.5417,.0755,.25,.3812,.4286,.4872,.509
91,"the_great_wall_of_china",.6,.8,.8,.7,.7,.72,.12,.24,.44,.52,.56,.6,.2,.3692,.5677,.5967,.6222,.6545
92,"grande_arche_paris",.6,.6,.6,.6,.6,.58,.08,.16,.24,.32,.36,.4,.1412,.2526,.3429,.4174,.45,.4735
93,"el_angel_mexico",1.0,1.0,.8,.7333,.625,.62,.1905,.2857,.381,.5714,.619,.6667,.32,.4444,.5161,.6423,.622,.6425
94,"bibliotheque_nationale_de_france",.4,.4,.65,.7667,.775,.74,.08,.12,.32,.44,.52,.56,.1333,.1846,.4289,.5591,.6224,.6375
95,"kronborg_castle",.6,.5,.7,.7333,.65,.64,.125,.2083,.375,.5417,.5417,.5833,.2069,.2941,.4884,.6231,.5909,.6104
96,"ajanta_caves",.8,.7,.8,.8667,.9,.92,.1364,.2273,.4091,.5,.5909,.6364,.233,.3431,.5414,.6341,.7134,.7523
97,"atomium",.8,.9,.95,.9667,.975,.96,.1905,.3333,.381,.4286,.4286,.4286,.3077,.4865,.5438,.5939,.5954,.5926
98,"ellora_caves",1.0,1.0,1.0,.9667,.95,.94,.1818,.2273,.3182,.4091,.5455,.5909,.3077,.3704,.4828,.5749,.693,.7257
99,"potala_palace",.8,.9,.95,.9,.925,.88,.1667,.2222,.2778,.4444,.4444,.5556,.2759,.3564,.4299,.595,.6004,.6811
100,"jokhang",.8,.8,.8,.8333,.8,.84,.12,.2,.36,.52,.56,.68,.2087,.32,.4966,.6404,.6588,.7516
101,"rila_monastery",.6,.7,.8,.8333,.875,.9,.12,.16,.32,.32,.48,.48,.2,.2605,.4571,.4624,.6199,.6261
102,"louvre_pyramid",1.0,1.0,1.0,.9333,.925,.94,.0556,.2778,.3889,.4444,.4444,.6111,.1053,.4348,.56,.6022,.6004,.7407
103,"brooklyn_bridge",1.0,.9,.95,.8667,.825,.86,.0476,.1905,.3333,.381,.4762,.5238,.0909,.3144,.4935,.5293,.6038,.6511
104,"tower_of_london",.6,.7,.8,.8,.75,.76,.0435,.087,.3478,.3478,.3913,.5217,.0811,.1547,.4848,.4848,.5143,.6187
105,"british_museum_london",1.0,1.0,1.0,1.0,1.0,.94,.1,.15,.3,.35,.5,.55,.1818,.2609,.4615,.5185,.6667,.694
106,"buckingham_palace",.6,.8,.55,.5,.45,.44,.15,.2,.2,.25,.3,.35,.24,.32,.2933,.3333,.36,.3899
107,"charles_bridge_prague",1.0,1.0,1.0,.8333,.7,.6,.0833,.125,.2917,.3333,.375,.375,.1538,.2222,.4516,.4762,.4884,.4615
108,"champs_elysees_paris",.6,.6,.65,.6,.6,.66,.1333,.2,.2667,.4,.5333,.5333,.2182,.3,.3782,.48,.5647,.5899
109,"chrysler_building",1.0,1.0,1.0,1.0,1.0,1.0,.1429,.2857,.5,.5714,.7143,.9286,.25,.4444,.6667,.7273,.8333,.963
110,"moma_new_york",.6,.8,.85,.9,.875,.9,.1579,.2632,.4211,.4211,.5263,.5263,.25,.396,.5631,.5737,.6573,.6642
111,"grand_central_terminal",1.0,1.0,1.0,1.0,1.0,.96,.0952,.2381,.2381,.2857,.381,.5238,.1739,.3846,.3846,.4444,.5517,.6778
112,"houses_of_parliament",1.0,1.0,1.0,1.0,1.0,1.0,.1304,.2174,.2609,.3478,.3913,.4348,.2308,.3571,.4138,.5161,.5625,.6061
113,"alexanderplatz_berlin",.2,.2,.15,.3667,.525,.52,.04,.04,.08,.28,.4,.4,.0667,.0667,.1043,.3175,.4541,.4522
114,"centre_pompidou",.8,.8,.65,.7667,.625,.62,.2222,.2778,.4444,.5,.5,.5,.3478,.4124,.5279,.6053,.5556,.5536
115,"sydney_harbour_bridge",1.0,1.0,1.0,1.0,1.0,1.0,.25,.25,.4375,.5625,.5625,.5625,.4,.4,.6087,.72,.72,.72
116,"pier_39",1.0,1.0,.95,.9667,.925,.92,.2381,.3333,.381,.4762,.6667,.6667,.3846,.5,.5438,.6381,.7749,.7731
117,"coit_tower",.6,.8,.65,.5333,.5,.58,.1333,.2,.2667,.4,.4,.4667,.2182,.32,.3782,.4571,.4444,.5172
118,"st_paul_s_cathedral_london",1.0,1.0,.95,.8667,.875,.86,.2353,.3529,.4706,.5294,.5882,.7059,.381,.5217,.6294,.6573,.7035,.7754
119,"cloud_gate",.4,.6,.75,.7667,.675,.54,.1667,.3333,.4167,.4167,.4167,.4167,.2353,.4286,.5357,.5399,.5153,.4704
120,"musee_d_orsay",1.0,.9,.9,.8667,.9,.92,.0952,.1905,.3333,.5238,.619,.6667,.1739,.3144,.4865,.653,.7335,.7731
121,"pike_place_market",1.0,1.0,.9,.8667,.9,.82,.1905,.2857,.4762,.4762,.5238,.5238,.32,.4444,.6228,.6147,.6622,.6393
122,"royal_palace_madrid",.4,.6,.8,.8667,.875,.8,.0909,.2273,.4091,.5909,.5909,.6364,.1481,.3297,.5414,.7027,.7054,.7089
123,"sony_center_berlin",.8,.9,.95,.9667,.95,.96,.1429,.2381,.4286,.5714,.5714,.5714,.2424,.3766,.5907,.7183,.7136,.7164
124,"red_square_moscow",.8,.8,.7,.6667,.675,.72,.1429,.1905,.3333,.4762,.619,.6667,.2424,.3077,.4516,.5556,.6458,.6923
125,"prague_castle",.8,.9,.85,.8333,.875,.82,.12,.24,.36,.48,.6,.68,.2087,.3789,.5058,.6091,.7119,.7435
126,"musee_du_louvre",1.0,.9,.95,.9667,.975,.98,.12,.24,.32,.48,.56,.68,.2143,.3789,.4787,.6415,.7114,.8029
127,"millennium_bridge_london",1.0,.8,.7,.7,.775,.82,.2,.32,.36,.36,.52,.52,.3333,.4571,.4755,.4755,.6224,.6364
128,"casa_mila",1.0,1.0,1.0,1.0,.95,.9,.2,.32,.36,.52,.6,.68,.3333,.4848,.5294,.6842,.7355,.7747
129,"national_gallery_london",1.0,1.0,.85,.5667,.6,.68,.1818,.2727,.4091,.4091,.5455,.6364,.3077,.4286,.5523,.4752,.5714,.6575
130,"national_mall",1.0,1.0,1.0,1.0,.925,.92,.2,.28,.44,.6,.6,.68,.3333,.4375,.6111,.75,.7279,.782
131,"london_city_hall",1.0,1.0,.95,.9667,.875,.84,.25,.45,.45,.55,.55,.55,.4,.6207,.6107,.7011,.6754,.6647
132,"holocaust_memorial",.8,.9,.8,.7,.7,.7,.125,.3125,.4375,.5,.5625,.625,.2162,.4639,.5657,.5833,.6238,.6604
133,"columbus_circle",.4,.7,.8,.7667,.675,.6,.08,.2,.44,.6,.68,.68,.1333,.3111,.5677,.6732,.6775,.6375
134,"siegessaeule",1.0,1.0,1.0,1.0,.775,.68,.16,.2,.48,.64,.68,.72,.2759,.3333,.6486,.7805,.7244,.6994
135,"jardin_du_luxembourg",1.0,1.0,1.0,1.0,1.0,1.0,.12,.28,.44,.56,.68,.8,.2143,.4375,.6111,.7179,.8095,.8889
136,"merlion_singapore",.0,.2,.1,.1667,.2,.18,.0,.0909,.0909,.2273,.3182,.3636,.0,.125,.0952,.1923,.2456,.2408
137,"harrods_london",1.0,1.0,1.0,.8667,.775,.78,.16,.24,.44,.56,.6,.64,.2759,.3871,.6111,.6804,.6764,.7031
138,"metropolitan_museum_of_art_new_york",1.0,1.0,1.0,.9,.925,.94,.16,.24,.4,.44,.52,.6,.2759,.3871,.5714,.591,.6657,.7325
139,"new_york_stock_exchange",.8,.9,.9,.9333,.775,.66,.2,.25,.4,.4,.45,.5,.32,.3913,.5538,.56,.5694,.569
140,"stephansdom_vienna",1.0,1.0,1.0,1.0,.975,.96,.12,.28,.44,.56,.64,.76,.2143,.4375,.6111,.7179,.7728,.8484
141,"hms_belfast",1.0,1.0,1.0,1.0,1.0,.96,.12,.16,.32,.44,.52,.56,.2143,.2759,.4848,.6111,.6842,.7074
142,"leicester_square",1.0,1.0,.9,.8,.8,.8,.12,.16,.24,.32,.44,.48,.2143,.2759,.3789,.4571,.5677,.6
143,"ciudad_de_las_artes_y_las_ciencias",1.0,.9,.9,.9,.925,.92,.16,.28,.36,.48,.6,.6,.2759,.4271,.5143,.6261,.7279,.7263
144,"topkapi_palace",1.0,1.0,.95,.9667,.975,.96,.2,.28,.44,.48,.56,.64,.3333,.4375,.6014,.6415,.7114,.768
145,"royal_albert_hall",1.0,.9,.8,.7667,.625,.62,.12,.16,.24,.36,.4,.44,.2143,.2717,.3692,.4899,.4878,.5147
146,"st_vitus_cathedral",.8,.9,.95,.9333,.95,.92,.16,.24,.4,.48,.6,.6,.2667,.3789,.563,.634,.7355,.7263
147,"castello_sforzesco",1.0,1.0,.95,.8667,.875,.88,.12,.24,.4,.48,.56,.64,.2143,.3871,.563,.6178,.6829,.7411
148,"rijksmuseum_amsterdam",1.0,1.0,1.0,1.0,1.0,1.0,.12,.12,.16,.36,.44,.6,.2143,.2143,.2759,.5294,.6111,.75
149,"dam_square",.8,.8,.85,.7667,.7,.66,.12,.2,.36,.36,.4,.44,.2087,.32,.5058,.4899,.5091,.528
150,"rathaus_vienna",1.0,1.0,.95,.9,.85,.76,.16,.16,.16,.24,.36,.44,.2759,.2759,.2739,.3789,.5058,.5573
151,"bath_abbey",1.0,1.0,.95,.9667,.95,.96,.2,.32,.36,.56,.68,.72,.3333,.4848,.5221,.7092,.7926,.8229
152,"salisbury_cathedral",1.0,1.0,1.0,.9333,.95,.96,.16,.28,.4,.44,.52,.6,.2759,.4375,.5714,.5981,.6721,.7385
153,"templo_de_debod",.0,.3,.35,.2333,.325,.46,.0,.0909,.1818,.1818,.3182,.3182,.0,.1395,.2393,.2044,.3216,.3762
154,"Niagara_Falls",.4,.6,.65,.6,.6,.6,.0455,.1818,.3636,.3636,.4545,.5,.0816,.2791,.4664,.4528,.5172,.5455
155,"Golden_Gate_Bridge_in_San_Francisco",1.0,.9,.85,.9,.925,.94,.0909,.1818,.4091,.5,.5909,.6364,.1667,.3025,.5523,.6429,.7211,.7589
156,"Neuschwanstein_Castle",1.0,1.0,1.0,1.0,.975,.98,.12,.24,.44,.6,.68,.68,.2143,.3871,.6111,.75,.8012,.8029
157,"Christ_Church_Cathedral_Missouri",1.0,1.0,1.0,1.0,1.0,1.0,.16,.32,.52,.56,.56,.6,.2759,.4848,.6842,.7179,.7179,.75
158,"Mount_Rushmore_in_South_Dakota",.8,.8,.9,.9333,.95,.96,.12,.16,.28,.4,.52,.64,.2087,.2667,.4271,.56,.6721,.768
159,"Puerta_de_Toledo",.6,.3,.15,.1,.075,.06,1.0,1.0,1.0,1.0,1.0,1.0,.75,.4615,.2609,.1818,.1395,.1132
160,"Urquhart_Castle",1.0,.9,.85,.7667,.775,.82,.1667,.25,.375,.4583,.5833,.6667,.2857,.3913,.5204,.5737,.6656,.7354
161,"Gare_du_Nord_Paris",.8,.8,.7,.7667,.825,.84,.16,.2,.24,.28,.32,.44,.2667,.32,.3574,.4102,.4611,.5775
162,"Newgrange_in_Ireland",.8,.7,.7,.7333,.725,.66,.125,.2083,.375,.4167,.5,.5417,.2162,.3211,.4884,.5314,.5918,.595
163,"Windmills_at_Kinderdijk",.8,.8,.9,.9333,.95,.94,.12,.2,.36,.48,.56,.56,.2087,.32,.5143,.634,.7046,.7019
164,"Conciergerie",.8,.9,.95,.9667,.975,.98,.08,.24,.44,.56,.64,.72,.1455,.3789,.6014,.7092,.7728,.8301
165,"Palazzo_Madama",.8,.8,.8,.8,.775,.72,.1818,.3182,.5455,.5455,.6364,.6818,.2963,.4553,.6486,.6486,.6989,.7004
166,"Split_Rock_Lighthouse",1.0,1.0,1.0,.9667,.9,.88,.12,.2,.2,.24,.36,.4,.2143,.3333,.3333,.3845,.5143,.55
167,"The_Little_Mermaid_Denmark",1.0,1.0,.95,.9333,.95,.92,.2857,.2857,.5,.7143,.8571,.9286,.4444,.4444,.6552,.8092,.9012,.9243
168,"Great_Pyramid_of_Giza",.6,.6,.65,.5667,.65,.66,.2,.2667,.5333,.6,.7333,.7333,.3,.3692,.5859,.5829,.6892,.6947
169,"Pitti_Palace",.6,.7,.7,.7667,.825,.86,.1364,.2727,.4091,.5,.5455,.5909,.2222,.3925,.5164,.6053,.6567,.7005
170,"Georgia_State_Capitol",1.0,1.0,.75,.6,.45,.36,.2105,.2105,.2632,.2632,.2632,.2632,.3478,.3478,.3896,.3659,.3321,.3041
171,"Dome_des_Invalides",.8,.9,.95,.9667,.975,.98,.12,.28,.4,.4,.48,.48,.2087,.4271,.563,.5659,.6433,.6444
172,"Reggia_di_Caserta",.6,.7,.5,.5333,.6,.6,.12,.24,.36,.48,.52,.6,.2,.3574,.4186,.5053,.5571,.6
173,"The_Burj_al_Arab_Hotel",.8,.7,.75,.8333,.875,.82,.12,.2,.4,.44,.48,.48,.2087,.3111,.5217,.5759,.6199,.6055
174,"Elephanta_Caves",1.0,1.0,1.0,.9667,.975,.98,.125,.25,.4583,.4583,.625,.7083,.2222,.4,.6286,.6218,.7617,.8223
175,"Basilica_of_Santa_Croce",1.0,1.0,1.0,1.0,1.0,1.0,.12,.16,.2,.52,.64,.64,.2143,.2759,.3333,.6842,.7805,.7805
176,"Aachen_Cathedral",1.0,1.0,.95,.8667,.9,.92,.2,.24,.36,.44,.56,.56,.3333,.3871,.5221,.5837,.6904,.6962
177,"Monument_to_the_Great_Fire_of_London",1.0,.7,.6,.5,.425,.48,.2,.2,.28,.36,.4,.52,.3333,.3111,.3818,.4186,.4121,.4992
178,"Longmen_Grottoes",.8,.6,.65,.5333,.525,.52,.12,.2,.44,.48,.56,.64,.2087,.3,.5248,.5053,.5419,.5738
179,"Louisiana_State_Capitol",.4,.4,.25,.2,.275,.3,.08,.16,.16,.2,.32,.4,.1333,.2286,.1951,.2,.2958,.3429
180,"The_Great_Sphinx_at_Giza",1.0,1.0,.85,.8667,.85,.88,.12,.2,.28,.36,.56,.64,.2143,.3333,.4212,.5087,.6752,.7411
181,"Teatro_Real_Madrid",1.0,1.0,1.0,1.0,.825,.68,.1739,.3478,.6087,.7391,.7826,.7826,.2963,.5161,.7568,.85,.8032,.7277
182,"Palacio_de_la_Magdalena",.4,.7,.85,.8333,.775,.8,.08,.24,.44,.6,.68,.72,.1333,.3574,.5798,.6977,.7244,.7579
183,"Sowjetisches_Ehrenmal",.6,.3,.55,.6333,.65,.72,.12,.12,.32,.44,.6,.68,.2,.1714,.4046,.5193,.624,.6994
184,"Cathedral_of_Trier",1.0,1.0,1.0,1.0,.975,.92,.2,.28,.44,.6,.72,.76,.3333,.4375,.6111,.75,.8283,.8324
185,"Saint_Mary_of_the_Flower",.2,.1,.1,.1333,.125,.1,.04,.04,.08,.12,.16,.16,.0667,.0571,.0889,.1263,.1404,.1231
186,"Skellig_Michael",1.0,.7,.75,.7,.725,.66,.2,.24,.44,.56,.6,.6,.3333,.3574,.5546,.6222,.6566,.6286
187,"Chicago_Board_of_Trade_Building",1.0,1.0,1.0,.9667,.95,.88,.1818,.2727,.5455,.5909,.6364,.7273,.3077,.4286,.7059,.7335,.7622,.7964
188,"Pont_de_Normandie_France",1.0,1.0,1.0,.9,.875,.82,.2105,.3684,.6316,.6842,.8421,.8421,.3478,.5385,.7742,.7774,.8582,.8309
189,"Palazzo_Rosso",.0,.0,.0,.0333,.075,.1,.0,.0,.0,.0417,.0833,.1667,.0,.0,.0,.037,.0789,.125
190,"Piazza_Vittorio_Veneto",1.0,1.0,.75,.5333,.425,.38,.1875,.375,.4375,.5,.5,.5625,.3158,.5455,.5526,.5161,.4595,.4536
191,"Sforza_Castle",1.0,1.0,.95,.9333,.95,.96,.16,.32,.44,.56,.68,.72,.2759,.4848,.6014,.7,.7926,.8229
192,"Torres_KIO",1.0,1.0,1.0,.9333,.85,.84,.16,.32,.44,.6,.64,.68,.2759,.4848,.6111,.7304,.7302,.7516
193,"Torre_Picasso",1.0,1.0,1.0,.9667,.775,.66,.1667,.2917,.5,.5833,.6667,.6667,.2857,.4516,.6667,.7276,.7168,.6633
194,"The_Palace_of_Parliament_in_Bucharest",1.0,.9,.95,.9667,.95,.96,.2,.2,.24,.24,.44,.68,.3333,.3273,.3832,.3845,.6014,.7961
195,"Ernest_Hemingway_House",.8,.9,.85,.9,.825,.76,.16,.28,.44,.56,.6,.64,.2667,.4271,.5798,.6904,.6947,.6949
196,"Castel_dellOvo_Napoli",.8,.9,.85,.8667,.9,.92,.16,.28,.44,.56,.68,.76,.2667,.4271,.5798,.6804,.7747,.8324
197,"Villa_Borghese_gardens",1.0,1.0,1.0,1.0,1.0,1.0,.16,.28,.48,.68,.72,.84,.2759,.4375,.6486,.8095,.8372,.913
198,"Saint_Marks_Basilica",1.0,1.0,1.0,1.0,1.0,1.0,.16,.24,.36,.4,.44,.44,.2759,.3871,.5294,.5714,.6111,.6111
199,"Mausoleum_of_the_First_Qin_Emperor",.8,.9,.95,.8667,.75,.8,.16,.32,.4,.48,.52,.52,.2667,.4721,.563,.6178,.6142,.6303
200,"Mausoleum_of_Hadrian",1.0,.9,.9,.9,.875,.9,.1667,.2778,.4444,.5,.5,.6111,.2857,.4245,.595,.6429,.6364,.7279
201,"Piazza_de_Ferrari",1.0,1.0,1.0,.9667,.95,.94,.1579,.2632,.3684,.4737,.5263,.5263,.2727,.4167,.5385,.6358,.6774,.6748
202,"George_Washington_Carver",.2,.5,.6,.6333,.625,.6,.0625,.25,.375,.4375,.4375,.5,.0952,.3333,.4615,.5175,.5147,.5455
203,"Cathedral_of_Santiago_de_Compostela",1.0,1.0,.95,.9333,.925,.88,.1765,.2941,.4706,.6471,.7647,.8235,.3,.4545,.6294,.7643,.8372,.8508
204,"Saint-Jacques_Tower",.8,.9,.85,.8333,.8,.74,.2308,.3077,.3077,.3077,.4615,.4615,.3582,.4586,.4518,.4494,.5854,.5685
205,"Calakmul_Campeche_Mexico",1.0,1.0,.9,.9,.9,.88,.2143,.2857,.3571,.5,.6429,.7143,.3529,.4444,.5114,.6429,.75,.7885
206,"Bran_Castle_in_Transylvania",1.0,.9,.8,.8,.825,.84,.1579,.3158,.4211,.4211,.4211,.5263,.2727,.4675,.5517,.5517,.5576,.6471
207,"Mosteiro_da_Batalha",1.0,1.0,1.0,1.0,1.0,1.0,.2632,.2632,.4211,.5789,.6842,.7368,.4167,.4167,.5926,.7333,.8125,.8485
208,"Wartburg_Castle",1.0,1.0,.95,.9333,.9,.92,.15,.3,.5,.6,.65,.75,.2609,.4615,.6552,.7304,.7548,.8263
209,"Fujian_Tulou_Fujian_China",1.0,1.0,1.0,1.0,.975,.96,.1667,.3889,.5556,.6111,.7778,.7778,.2857,.56,.7143,.7586,.8653,.8593
210,"Alabama_State_Capitol",.4,.4,.55,.7,.775,.76,.0952,.1905,.4286,.5714,.8095,.8095,.1538,.2581,.4818,.6292,.7919,.784
211,"Palazzo_dAccursio",1.0,1.0,.9,.9,.875,.9,.1667,.2778,.3333,.3333,.4444,.6111,.2857,.4348,.4865,.4865,.5895,.7279
212,"Casa_Grande_Ruins",.8,.9,.8,.8,.825,.84,.2353,.2941,.3529,.4118,.4706,.4706,.3636,.4433,.4898,.5437,.5993,.6032
213,"Stravinsky_Fountain",1.0,1.0,1.0,1.0,1.0,.96,.2,.2667,.4667,.5333,.6,.6,.3333,.4211,.6364,.6957,.75,.7385
214,"Angel_Falls_Venezuela",.8,.8,.6,.5667,.525,.56,.1765,.3529,.4118,.5882,.5882,.6471,.2892,.4898,.4884,.5772,.5548,.6004
215,"Statue_of_George_IV",1.0,.9,.6,.6,.525,.48,.5,.5,.5,.75,.75,.875,.6667,.6429,.5455,.6667,.6176,.6199
216,"Palacio_Barolo",.8,.7,.8,.8667,.9,.92,.2353,.2941,.4706,.4706,.5882,.5882,.3636,.4142,.5926,.61,.7115,.7176
217,"Bridge_of_Remembrance_Christchurch_New_Zealand",1.0,1.0,.85,.7667,.75,.66,.3333,.5833,.75,.8333,.9167,.9167,.5,.7368,.7969,.7986,.825,.7674
218,"John_A._Roebling_Suspension_Bridge",.0,.3,.35,.4,.375,.42,.0,.2,.3333,.6,.6667,.7333,.0,.24,.3415,.48,.48,.5341
219,"Blue_Dome_Santorini",.8,.9,.95,.8667,.9,.9,.1875,.4375,.625,.6875,.6875,.8125,.3038,.5888,.754,.7668,.7795,.854
220,"Fossar_de_les_Moreres",.6,.5,.7,.6667,.575,.5,.1429,.2143,.4286,.6429,.7143,.7143,.2308,.3,.5316,.6545,.6371,.5882
221,"Luxor_Obelisk_France",1.0,.9,.8,.7667,.725,.68,.1875,.25,.3125,.375,.375,.4375,.3158,.3913,.4494,.5036,.4943,.5324
222,"Valle_de_los_Caidos",1.0,1.0,.85,.9,.9,.88,.25,.4,.45,.6,.65,.65,.4,.5714,.5885,.72,.7548,.7477
--------------------
"--","Avg.",P@5,P@10,P@20,P@30,P@40,P@50,CR@5,CR@10,CR@20,CR@30,CR@40,CR@50,F1@5,F1@10,F1@20,F1@30,F1@40,F1@50
,.,818,.8248,.8038,.7901,.7779,.7693,.1458,.2419,.3716,.4674,.5467,.6052,.2404,.3649,.4958,.573,.6268,.6619
