--------------------
"Run name","output_runCOSINEDtrs"
--------------------
"Average P@20 = ",.7565
"Average CR@20 = ",.4256
"Average F1@20 = ",.5357
--------------------
"Query Id ","Location name",P@5,P@10,P@20,P@30,P@40,P@50,CR@5,CR@10,CR@20,CR@30,CR@40,CR@50,F1@5,F1@10,F1@20,F1@30,F1@40,F1@50
1,"angel_of_the_north",1.0,1.0,1.0,1.0,1.0,1.0,.2,.36,.52,.64,.68,.72,.3333,.5294,.6842,.7805,.8095,.8372
2,"big_ben",1.0,.9,.95,.8333,.85,.82,.2273,.3636,.4545,.5455,.5455,.5909,.3704,.518,.6149,.6593,.6645,.6869
3,"hearst_castle",1.0,.8,.85,.8333,.875,.9,.1667,.2917,.5417,.6667,.7917,.8333,.2857,.4275,.6617,.7407,.8312,.8654
4,"la_madeleine",.2,.4,.3,.3,.275,.24,.0714,.2143,.2857,.3571,.4286,.4286,.1053,.2791,.2927,.3261,.335,.3077
5,"pont_alexandre_iii",1.0,1.0,.95,.9667,.95,.96,.16,.24,.4,.52,.6,.76,.2759,.3871,.563,.6762,.7355,.8484
6,"neues_museum",.8,.5,.75,.8333,.75,.78,.16,.16,.48,.56,.56,.64,.2667,.2424,.5854,.6699,.6412,.7031
7,"montezuma_castle",.6,.6,.65,.6667,.65,.66,.25,.3333,.5,.5,.6667,.6667,.3529,.4286,.5652,.5714,.6582,.6633
8,"cn_tower",.8,.8,.65,.7,.65,.64,.125,.25,.3333,.5,.5417,.625,.2162,.381,.4407,.5833,.5909,.6324
9,"acropolis_athens",.6,.8,.85,.7667,.8,.78,.0952,.1905,.381,.4762,.5714,.619,.1644,.3077,.5261,.5875,.6667,.6903
10,"agra_fort",.8,.9,.9,.9333,.925,.92,.12,.28,.4,.52,.64,.72,.2087,.4271,.5538,.6679,.7565,.8078
11,"albert_memorial",.8,.8,.9,.7667,.7,.76,.1818,.2273,.4091,.5455,.5909,.7273,.2963,.354,.5625,.6374,.6408,.7433
12,"altes_museum",1.0,.7,.75,.8333,.825,.78,.2083,.2917,.375,.5833,.625,.625,.3448,.4118,.5,.6863,.7112,.694
13,"amiens_cathedral",1.0,1.0,.95,.9333,.925,.92,.2,.32,.44,.6,.68,.72,.3333,.4848,.6014,.7304,.7838,.8078
14,"angkor_wat",.8,.8,.8,.8667,.875,.86,.16,.28,.4,.64,.68,.72,.2667,.4148,.5333,.7363,.7653,.7838
15,"ara_pacis",.6,.6,.7,.6,.625,.62,.1364,.2727,.5,.5909,.6364,.6818,.2222,.375,.5833,.5954,.6306,.6494
16,"arc_de_triomphe",1.0,.9,.7,.6333,.7,.68,.1667,.3333,.4583,.4583,.5833,.625,.2857,.4865,.554,.5318,.6364,.6513
17,"aztec_ruins",.4,.2,.3,.3333,.3,.34,.08,.08,.2,.28,.28,.36,.1333,.1143,.24,.3043,.2897,.3497
18,"berlin_cathedral",1.0,1.0,.85,.9,.9,.88,.2,.24,.4,.68,.68,.72,.3333,.3871,.544,.7747,.7747,.792
19,"bok_tower_gardens",.8,.8,.9,.9,.925,.92,.12,.24,.4,.68,.8,.8,.2087,.3692,.5538,.7747,.858,.8558
20,"brandenburg_gate",1.0,1.0,.95,.9,.925,.94,.16,.24,.4,.56,.72,.76,.2759,.3871,.563,.6904,.8097,.8405
21,"cabrillo",.0,.1,.05,.0667,.1,.1,.0,.0769,.0769,.1538,.3077,.3846,.0,.087,.0606,.093,.1509,.1587
22,"casa_batllo",1.0,1.0,1.0,.9667,.975,.98,.16,.28,.52,.68,.8,.8,.2759,.4375,.6842,.7984,.8789,.8809
23,"casa_rosada",1.0,1.0,.85,.8,.85,.88,.16,.24,.44,.52,.6,.76,.2759,.3871,.5798,.6303,.7034,.8156
24,"castillo_de_san_marcos",.6,.7,.7,.7667,.8,.8,.08,.16,.4,.56,.68,.8,.1412,.2605,.5091,.6472,.7351,.8
25,"chartres_cathedral",1.0,1.0,1.0,.9667,.975,.94,.16,.24,.44,.6,.68,.72,.2759,.3871,.6111,.7404,.8012,.8154
26,"chichen_itza",.6,.8,.9,.8667,.85,.88,.12,.28,.52,.64,.76,.8,.2,.4148,.6592,.7363,.8025,.8381
27,"christ_the_redeemer_rio",.2,.4,.35,.4333,.425,.44,.0435,.1739,.2609,.3913,.4783,.5652,.0714,.2424,.2989,.4112,.4501,.4948
28,"civic_center_san_francisco",1.0,.8,.65,.5333,.575,.56,.16,.24,.32,.36,.48,.52,.2759,.3692,.4289,.4299,.5232,.5393
29,"cologne_cathedral",1.0,1.0,1.0,.9667,.975,.98,.16,.32,.44,.56,.68,.72,.2759,.4848,.6111,.7092,.8012,.8301
30,"colosseum",1.0,1.0,.85,.9,.925,.92,.2,.36,.44,.56,.56,.6,.3333,.5294,.5798,.6904,.6976,.7263
31,"doge_s_palace",1.0,.7,.8,.7,.7,.72,.12,.12,.32,.4,.4,.4,.2143,.2049,.4571,.5091,.5091,.5143
32,"eiffel_tower",1.0,1.0,.95,.9,.875,.86,.16,.24,.32,.44,.52,.64,.2759,.3871,.4787,.591,.6523,.7339
33,"golden_gate_bridge",1.0,.9,.8,.8667,.875,.88,.1739,.2609,.3478,.4348,.5217,.5652,.2963,.4045,.4848,.5791,.6537,.6883
34,"grand_palais",.8,.9,.9,.9,.925,.92,.1818,.3182,.4545,.5909,.5909,.6818,.2963,.4701,.604,.7134,.7211,.7832
35,"guggenheim_museum_bilbao",1.0,1.0,.95,.9,.9,.9,.2,.32,.44,.6,.68,.68,.3333,.4848,.6014,.72,.7747,.7747
36,"hagia_sophia_istanbul",.8,.9,.9,.9333,.925,.92,.12,.28,.44,.52,.56,.6,.2087,.4271,.591,.6679,.6976,.7263
37,"hoover_dam",1.0,1.0,.9,.8667,.875,.9,.12,.28,.48,.6,.68,.68,.2143,.4375,.6261,.7091,.7653,.7747
38,"humayun_tomb",.8,.7,.8,.8,.8,.78,.12,.16,.4,.44,.56,.68,.2087,.2605,.5333,.5677,.6588,.7266
39,"iguazu_falls",.8,.8,.8,.8667,.875,.82,.16,.28,.48,.76,.8,.8,.2667,.4148,.6,.8098,.8358,.8099
40,"iolani_palace",.6,.8,.8,.7,.725,.72,.12,.32,.48,.56,.68,.72,.2,.4571,.6,.6222,.7018,.72
41,"la_mezquita",.6,.6,.5,.5,.45,.48,.125,.2083,.3333,.4167,.4583,.625,.2069,.3093,.4,.4545,.4541,.543
42,"la_rambla_barcelona",.8,.8,.9,.9333,.9,.92,.16,.24,.44,.52,.64,.72,.2667,.3692,.591,.6679,.7481,.8078
43,"la_sainte_chapelle",1.0,1.0,.95,.9333,.95,.96,.16,.36,.52,.64,.68,.84,.2759,.5294,.6721,.7593,.7926,.896
44,"liberty_memorial",.8,.8,.75,.8,.8,.78,.08,.24,.36,.48,.6,.6,.1455,.3692,.4865,.6,.6857,.6783
45,"lincoln_home",1.0,1.0,.7,.6667,.675,.64,.2222,.3333,.5,.6111,.6111,.7222,.3636,.5,.5833,.6377,.6415,.6786
46,"machu_picchu",1.0,.9,.9,.9333,.875,.78,.2,.36,.6,.72,.72,.76,.3333,.5143,.72,.8129,.79,.7699
47,"marble_arch_london",.8,.6,.45,.3333,.35,.32,.3333,.3333,.5,.5833,.6667,.6667,.4706,.4286,.4737,.4242,.459,.4324
48,"milan_cathedral",1.0,1.0,1.0,.9333,.925,.92,.16,.32,.48,.52,.64,.68,.2759,.4848,.6486,.6679,.7565,.782
49,"mole_antonelliana",.8,.9,.85,.7667,.775,.7,.12,.28,.4,.48,.48,.52,.2087,.4271,.544,.5904,.5928,.5967
50,"mont_saint_michel",.8,.9,.85,.7667,.8,.84,.08,.2,.4,.52,.6,.68,.1455,.3273,.544,.6197,.6857,.7516
51,"moulin_rouge",.2,.1,.1,.1,.1,.12,.125,.125,.25,.375,.5,.5,.1538,.1111,.1429,.1579,.1667,.1935
52,"nelson_s_column",1.0,.9,.9,.8667,.825,.82,.0833,.25,.4583,.5,.5833,.6667,.1538,.3913,.6074,.6341,.6834,.7354
53,"notre_dame_de_paris",.8,.8,.85,.8667,.875,.86,.16,.32,.4,.48,.64,.72,.2667,.4571,.544,.6178,.7393,.7838
54,"obelisco",.0,.1,.1,.2333,.2,.2,.0,.0909,.1818,.6364,.7273,.8182,.0,.0952,.129,.3415,.3137,.3214
55,"piccadilly_circus",1.0,1.0,.75,.7667,.8,.76,.1739,.3043,.4348,.5652,.7391,.8696,.2963,.4667,.5505,.6507,.7684,.8111
56,"place_de_la_concorde",1.0,1.0,.95,.9333,.95,.94,.16,.28,.44,.52,.64,.64,.2759,.4375,.6014,.6679,.7648,.7615
57,"place_de_la_republique",.0,.2,.3,.3,.275,.28,.0,.25,.5,.75,.875,.875,.0,.2222,.375,.4286,.4185,.4242
58,"place_des_vosges",1.0,1.0,.85,.7333,.75,.7,.16,.24,.4,.48,.64,.64,.2759,.3871,.544,.5802,.6906,.6687
59,"pont_du_gard",.8,.8,.85,.7667,.75,.74,.16,.28,.4,.48,.6,.64,.2667,.4148,.544,.5904,.6667,.6864
60,"pont_neuf",.2,.6,.75,.7,.7,.66,.04,.24,.4,.56,.6,.68,.0667,.3429,.5217,.6222,.6462,.6699
61,"ponte_vecchio",.6,.7,.7,.6333,.625,.66,.125,.25,.4167,.4583,.5833,.6667,.2069,.3684,.5224,.5318,.6034,.6633
62,"puerta_de_alcala",.6,.3,.55,.5667,.575,.58,.1053,.1053,.4211,.5263,.6316,.6842,.1791,.1558,.477,.5457,.602,.6278
63,"puerta_del_sol",.4,.5,.65,.6333,.55,.54,.1,.25,.45,.55,.55,.6,.16,.3333,.5318,.5887,.55,.5684
64,"red_fort",1.0,1.0,1.0,.9667,.975,.98,.2,.36,.56,.72,.72,.76,.3333,.5294,.7179,.8253,.8283,.8561
65,"reims_cathedral",1.0,1.0,1.0,.9333,.925,.94,.16,.24,.48,.56,.64,.64,.2759,.3871,.6486,.7,.7565,.7615
66,"rialto_bridge",.8,.5,.65,.6667,.625,.62,.25,.3125,.5625,.75,.75,.75,.381,.3846,.6031,.7059,.6818,.6788
67,"roman_forum_rome",.2,.5,.7,.7667,.775,.78,.04,.16,.48,.6,.64,.68,.0667,.2424,.5695,.6732,.7011,.7266
68,"sacre_coeur",.8,.7,.5,.5667,.55,.54,.125,.1667,.25,.4583,.5,.5417,.2162,.2692,.3333,.5068,.5238,.5408
69,"sagrada_familia",1.0,1.0,.95,.9333,.9,.9,.2,.32,.44,.64,.68,.68,.3333,.4848,.6014,.7593,.7747,.7747
70,"santa_maria_novella",1.0,.6,.5,.5667,.55,.48,.2,.24,.36,.56,.64,.64,.3333,.3429,.4186,.5633,.5916,.5486
71,"schonbrunn_palace",1.0,1.0,1.0,.9667,.95,.96,.16,.32,.48,.56,.6,.6,.2759,.4848,.6486,.7092,.7355,.7385
72,"seville_cathedral",1.0,.9,.95,.9667,.95,.96,.16,.28,.44,.6,.68,.72,.2759,.4271,.6014,.7404,.7926,.8229
73,"spanish_steps",.8,.6,.5,.6,.625,.64,.1364,.2273,.3182,.5,.7273,.7727,.233,.3297,.3889,.5455,.6723,.7001
74,"st__basil_cathedral",1.0,1.0,1.0,1.0,1.0,.96,.12,.28,.52,.68,.76,.76,.2143,.4375,.6842,.8095,.8636,.8484
75,"statue_of_liberty",.6,.7,.8,.8333,.85,.86,.12,.24,.36,.56,.6,.64,.2,.3574,.4966,.6699,.7034,.7339
76,"stonehenge",.8,.6,.6,.5333,.575,.48,.1579,.2632,.3158,.3684,.5263,.5263,.2637,.3659,.4138,.4358,.5496,.5021
77,"summer_palace_beijing",.6,.8,.8,.8,.825,.86,.08,.24,.4,.56,.64,.68,.1412,.3692,.5333,.6588,.7208,.7595
78,"sydney_opera_house",1.0,1.0,.95,.9667,.95,.94,.16,.32,.52,.64,.68,.76,.2759,.4848,.6721,.7701,.7926,.8405
79,"teotihuacan",1.0,.8,.75,.7667,.775,.78,.2,.28,.44,.48,.6,.6,.3333,.4148,.5546,.5904,.6764,.6783
80,"terracotta_army",.6,.4,.65,.7,.675,.68,.15,.15,.5,.65,.7,.7,.24,.2182,.5652,.6741,.6873,.6899
81,"the_blue_mosque",.8,.9,.95,.9333,.95,.96,.16,.28,.48,.52,.52,.6,.2667,.4271,.6378,.6679,.6721,.7385
82,"the_henry_ford",.8,.5,.6,.6,.55,.58,.12,.16,.4,.52,.56,.68,.2087,.2424,.48,.5571,.555,.626
83,"taj_mahal",.8,.9,.9,.8667,.85,.86,.16,.32,.52,.6,.68,.72,.2667,.4721,.6592,.7091,.7556,.7838
84,"tour_montparnasse",.4,.2,.35,.4,.375,.4,.1,.1,.25,.4,.55,.55,.16,.1333,.2917,.4,.4459,.4632
85,"tower_bridge_london",.6,.7,.55,.6,.575,.6,.12,.2,.28,.48,.52,.56,.2,.3111,.3711,.5333,.5461,.5793
86,"trafalgar_square",.8,.7,.75,.6333,.525,.5,.1818,.2273,.3182,.3636,.3636,.4091,.2963,.3431,.4468,.462,.4297,.45
87,"leaning_tower_of_pisa",.6,.6,.55,.6667,.65,.66,.12,.24,.44,.6,.64,.68,.2,.3429,.4889,.6316,.645,.6699
88,"hermitage_museum_saint_petersburg",1.0,.9,.9,.8333,.85,.84,.2,.32,.48,.64,.72,.76,.3333,.4721,.6261,.724,.7796,.798
89,"jantar_mantar_jaipur",.8,.9,.8,.8,.825,.82,.16,.28,.48,.72,.76,.84,.2667,.4271,.6,.7579,.7912,.8299
90,"lake_titicaca_peru",.8,.8,.8,.6667,.675,.66,.125,.2083,.4583,.5417,.6667,.7083,.2162,.3306,.5828,.5977,.6708,.6833
91,"the_great_wall_of_china",1.0,1.0,.85,.8333,.8,.82,.16,.28,.44,.48,.6,.72,.2759,.4375,.5798,.6091,.6857,.7668
92,"grande_arche_paris",.4,.4,.55,.6,.525,.56,.08,.16,.32,.44,.52,.52,.1333,.2286,.4046,.5077,.5225,.5393
93,"el_angel_mexico",1.0,.6,.4,.5,.525,.42,.1905,.2381,.3333,.5714,.7619,.7619,.32,.3409,.3636,.5333,.6216,.5415
94,"bibliotheque_nationale_de_france",.8,.9,.85,.8333,.825,.8,.16,.32,.52,.6,.6,.64,.2667,.4721,.6453,.6977,.6947,.7111
95,"kronborg_castle",.8,.8,.8,.7667,.825,.84,.1667,.2917,.375,.4583,.5,.625,.2759,.4275,.5106,.5737,.6226,.7167
96,"ajanta_caves",1.0,1.0,.95,.9667,.9,.9,.1818,.3182,.5455,.6818,.7273,.7273,.3077,.4828,.693,.7996,.8045,.8045
97,"atomium",.6,.7,.8,.8,.825,.86,.0952,.1905,.381,.4762,.6667,.6667,.1644,.2995,.5161,.597,.7374,.7511
98,"ellora_caves",1.0,1.0,1.0,1.0,1.0,.98,.2273,.3636,.4545,.5909,.5909,.6364,.3704,.5333,.625,.7429,.7429,.7717
99,"potala_palace",.8,.9,.85,.7667,.825,.82,.2222,.3889,.5556,.6111,.7222,.7222,.3478,.5431,.6719,.6801,.7702,.768
100,"jokhang",.6,.6,.7,.7667,.775,.76,.12,.2,.48,.6,.68,.72,.2,.3,.5695,.6732,.7244,.7395
101,"rila_monastery",.8,.7,.75,.6667,.725,.78,.16,.2,.36,.4,.4,.52,.2667,.3111,.4865,.5,.5156,.624
102,"louvre_pyramid",1.0,.9,.85,.8,.825,.76,.1667,.1667,.3889,.5556,.5556,.6111,.2857,.2812,.5336,.6557,.664,.6775
103,"brooklyn_bridge",.8,.9,.8,.8333,.8,.84,.1905,.381,.4286,.4286,.5238,.619,.3077,.5353,.5581,.566,.6331,.7128
104,"tower_of_london",.8,.7,.55,.6,.65,.64,.1304,.2174,.3043,.4348,.4783,.5217,.2243,.3318,.3919,.5042,.5511,.5749
105,"british_museum_london",1.0,.9,.95,.9333,.95,.9,.2,.25,.4,.45,.6,.6,.3333,.3913,.563,.6072,.7355,.72
106,"buckingham_palace",.4,.4,.45,.4333,.4,.44,.1,.15,.4,.4,.45,.5,.16,.2182,.4235,.416,.4235,.4681
107,"charles_bridge_prague",.6,.4,.4,.5667,.6,.64,.125,.1667,.3333,.4167,.4583,.5833,.2069,.2353,.3636,.4802,.5197,.6104
108,"champs_elysees_paris",.6,.5,.55,.6333,.55,.52,.1333,.2,.2667,.4667,.5333,.5333,.2182,.2857,.3592,.5374,.5415,.5266
109,"chrysler_building",1.0,1.0,1.0,.9667,.95,.92,.3571,.5714,.7143,.7857,.7857,.8571,.5263,.7273,.8333,.8668,.8601,.8875
110,"moma_new_york",.8,.8,.75,.8,.825,.84,.1579,.3158,.3684,.5789,.6316,.6842,.2637,.4528,.4941,.6718,.7154,.7541
111,"grand_central_terminal",1.0,1.0,.95,.9333,.925,.9,.1905,.3333,.5238,.5714,.619,.619,.32,.5,.6753,.7089,.7417,.7335
112,"houses_of_parliament",1.0,1.0,.9,.8333,.85,.86,.1304,.3043,.3913,.4348,.4348,.4348,.2308,.4667,.5455,.5714,.5753,.5776
113,"alexanderplatz_berlin",.6,.6,.65,.6333,.675,.7,.12,.24,.4,.52,.52,.52,.2,.3429,.4952,.5711,.5874,.5967
114,"centre_pompidou",1.0,.7,.8,.7667,.8,.78,.1667,.2222,.4444,.5,.6111,.6667,.2857,.3373,.5714,.6053,.6929,.7189
115,"sydney_harbour_bridge",1.0,1.0,1.0,1.0,.975,.96,.25,.3125,.5,.75,.875,.875,.4,.4762,.6667,.8571,.9223,.9155
116,"pier_39",.8,.8,.8,.8,.85,.82,.1905,.2857,.4762,.5714,.7143,.7619,.3077,.4211,.597,.6667,.7763,.7899
117,"coit_tower",.8,.5,.65,.5333,.55,.56,.2,.2,.4667,.5333,.5333,.6,.32,.2857,.5433,.5333,.5415,.5793
118,"st_paul_s_cathedral_london",.8,.9,.8,.7333,.75,.74,.1765,.4118,.4706,.4706,.5294,.5294,.2892,.565,.5926,.5733,.6207,.6172
119,"cloud_gate",.4,.7,.75,.8,.8,.8,.1667,.3333,.5,.5833,.5833,.75,.2353,.4516,.6,.6747,.6747,.7742
120,"musee_d_orsay",.8,.9,.95,.9667,.975,.96,.1429,.1905,.2857,.4762,.619,.619,.2424,.3144,.4393,.6381,.7573,.7527
121,"pike_place_market",1.0,.9,.85,.8,.825,.82,.1429,.2857,.4286,.5238,.619,.6667,.25,.4337,.5698,.6331,.7073,.7354
122,"royal_palace_madrid",1.0,1.0,.85,.8333,.75,.74,.1818,.3182,.4545,.5909,.5909,.6364,.3077,.4828,.5923,.6915,.661,.6843
123,"sony_center_berlin",1.0,.9,.8,.8333,.85,.88,.1429,.1905,.3333,.4762,.5714,.619,.25,.3144,.4706,.6061,.6834,.7268
124,"red_square_moscow",.8,.8,.8,.8333,.8,.76,.1429,.1905,.381,.619,.619,.619,.2424,.3077,.5161,.7104,.698,.6823
125,"prague_castle",1.0,1.0,.75,.8,.8,.8,.12,.28,.4,.6,.72,.76,.2143,.4375,.5217,.6857,.7579,.7795
126,"musee_du_louvre",1.0,1.0,.95,.9667,.975,.98,.2,.32,.56,.64,.68,.72,.3333,.4848,.7046,.7701,.8012,.8301
127,"millennium_bridge_london",.8,.9,.9,.8667,.825,.86,.16,.28,.4,.56,.6,.6,.2667,.4271,.5538,.6804,.6947,.7068
128,"casa_mila",1.0,1.0,.95,.9667,.975,.96,.16,.36,.4,.64,.72,.76,.2759,.5294,.563,.7701,.8283,.8484
129,"national_gallery_london",.6,.6,.65,.5667,.525,.56,.0909,.2273,.4091,.4091,.5,.5909,.1579,.3297,.5021,.4752,.5122,.575
130,"national_mall",1.0,1.0,.9,.8667,.875,.82,.2,.32,.52,.64,.76,.8,.3333,.4848,.6592,.7363,.8135,.8099
131,"london_city_hall",1.0,.8,.65,.6667,.675,.62,.25,.4,.55,.7,.75,.75,.4,.5333,.5958,.6829,.7105,.6788
132,"holocaust_memorial",.6,.6,.45,.4333,.5,.52,.1875,.3125,.5,.625,.6875,.75,.2857,.411,.4737,.5118,.5789,.6142
133,"columbus_circle",.6,.6,.65,.5,.5,.48,.12,.24,.44,.48,.56,.6,.2,.3429,.5248,.4898,.5283,.5333
134,"siegessaeule",.6,.7,.5,.4667,.5,.5,.04,.2,.24,.36,.48,.52,.075,.3111,.3243,.4065,.4898,.5098
135,"jardin_du_luxembourg",1.0,1.0,.9,.8333,.875,.86,.16,.24,.36,.56,.72,.72,.2759,.3871,.5143,.6699,.79,.7838
136,"merlion_singapore",.2,.3,.45,.5333,.475,.5,.0455,.0909,.3182,.5,.5909,.6818,.0741,.1395,.3728,.5161,.5267,.5769
137,"harrods_london",1.0,.8,.8,.8,.825,.8,.2,.32,.44,.56,.64,.68,.3333,.4571,.5677,.6588,.7208,.7351
138,"metropolitan_museum_of_art_new_york",1.0,1.0,1.0,1.0,1.0,1.0,.16,.32,.48,.56,.6,.64,.2759,.4848,.6486,.7179,.75,.7805
139,"new_york_stock_exchange",.8,.5,.45,.4333,.45,.44,.15,.2,.35,.45,.55,.55,.2526,.2857,.3937,.4415,.495,.4889
140,"stephansdom_vienna",1.0,1.0,1.0,.9667,.975,.96,.16,.24,.48,.68,.8,.8,.2759,.3871,.6486,.7984,.8789,.8727
141,"hms_belfast",1.0,.9,.95,.9333,.9,.92,.12,.28,.36,.48,.56,.64,.2143,.4271,.5221,.634,.6904,.7549
142,"leicester_square",.6,.6,.7,.7333,.8,.76,.08,.16,.36,.48,.56,.56,.1412,.2526,.4755,.5802,.6588,.6448
143,"ciudad_de_las_artes_y_las_ciencias",.8,.9,.9,.9,.925,.92,.16,.36,.56,.6,.72,.8,.2667,.5143,.6904,.72,.8097,.8558
144,"topkapi_palace",1.0,.9,.9,.9333,.95,.94,.2,.24,.48,.68,.76,.76,.3333,.3789,.6261,.7868,.8444,.8405
145,"royal_albert_hall",.6,.6,.65,.6333,.6,.58,.12,.24,.4,.44,.52,.52,.2,.3429,.4952,.5193,.5571,.5484
146,"st_vitus_cathedral",.8,.9,.85,.8333,.85,.86,.16,.28,.4,.48,.56,.6,.2667,.4271,.544,.6091,.6752,.7068
147,"castello_sforzesco",1.0,.9,.9,.9333,.9,.9,.12,.24,.4,.48,.56,.56,.2143,.3789,.5538,.634,.6904,.6904
148,"rijksmuseum_amsterdam",1.0,1.0,1.0,1.0,1.0,1.0,.12,.32,.6,.68,.8,.8,.2143,.4848,.75,.8095,.8889,.8889
149,"dam_square",.6,.5,.65,.7,.65,.62,.12,.16,.36,.44,.52,.52,.2,.2424,.4634,.5404,.5778,.5656
150,"rathaus_vienna",1.0,.8,.7,.6667,.625,.62,.16,.16,.36,.56,.6,.64,.2759,.2667,.4755,.6087,.6122,.6298
151,"bath_abbey",1.0,1.0,1.0,.9667,.975,.96,.16,.28,.52,.64,.76,.8,.2759,.4375,.6842,.7701,.8542,.8727
152,"salisbury_cathedral",1.0,1.0,.9,.9333,.95,.94,.12,.24,.36,.52,.6,.68,.2143,.3871,.5143,.6679,.7355,.7891
153,"templo_de_debod",.2,.2,.4,.3333,.375,.4,.0455,.0909,.3636,.4545,.5455,.5455,.0741,.125,.381,.3846,.4444,.4615
154,"Niagara_Falls",.4,.4,.6,.6667,.65,.68,.0909,.1818,.4091,.5455,.5909,.6364,.1481,.25,.4865,.6,.619,.6575
155,"Golden_Gate_Bridge_in_San_Francisco",.8,.7,.85,.9,.925,.94,.0909,.1364,.3182,.5,.5909,.6364,.1633,.2283,.463,.6429,.7211,.7589
156,"Neuschwanstein_Castle",1.0,1.0,.9,.9,.925,.92,.2,.32,.4,.56,.56,.56,.3333,.4848,.5538,.6904,.6976,.6962
157,"Christ_Church_Cathedral_Missouri",1.0,1.0,.8,.8333,.875,.88,.2,.32,.44,.6,.68,.72,.3333,.4848,.5677,.6977,.7653,.792
158,"Mount_Rushmore_in_South_Dakota",1.0,1.0,1.0,.9333,.9,.92,.16,.24,.48,.52,.64,.72,.2759,.3871,.6486,.6679,.7481,.8078
159,"Puerta_de_Toledo",.0,.0,.05,.0333,.05,.04,.0,.0,.5,.5,1.0,1.0,.0,.0,.0909,.0625,.0952,.0769
160,"Urquhart_Castle",.6,.8,.9,.9333,.9,.84,.125,.3333,.5833,.625,.7083,.7917,.2069,.4706,.7079,.7487,.7927,.8151
161,"Gare_du_Nord_Paris",.8,.8,.85,.8667,.875,.9,.12,.24,.4,.48,.52,.64,.2087,.3692,.544,.6178,.6523,.7481
162,"Newgrange_in_Ireland",.6,.6,.7,.6667,.7,.7,.125,.25,.2917,.3333,.4583,.5,.2069,.3529,.4118,.4444,.554,.5833
163,"Windmills_at_Kinderdijk",1.0,.9,.8,.8667,.875,.88,.16,.28,.36,.56,.68,.76,.2759,.4271,.4966,.6804,.7653,.8156
164,"Conciergerie",1.0,1.0,1.0,1.0,.975,.98,.12,.24,.44,.52,.68,.8,.2143,.3871,.6111,.6842,.8012,.8809
165,"Palazzo_Madama",1.0,1.0,.8,.6667,.65,.66,.1818,.2727,.4091,.5455,.6364,.7727,.3077,.4286,.5414,.6,.6431,.7119
166,"Split_Rock_Lighthouse",.8,.8,.8,.7,.775,.72,.16,.28,.32,.36,.52,.52,.2667,.4148,.4571,.4755,.6224,.6039
167,"The_Little_Mermaid_Denmark",1.0,.9,.65,.4333,.45,.46,.2143,.3571,.5714,.5714,.5714,.6429,.3529,.5114,.6082,.4929,.5035,.5363
168,"Great_Pyramid_of_Giza",.6,.7,.75,.6667,.675,.66,.1333,.3333,.6,.6,.7333,.7333,.2182,.4516,.6667,.6316,.703,.6947
169,"Pitti_Palace",.2,.3,.5,.6,.525,.54,.0455,.1364,.3182,.4091,.4091,.4091,.0741,.1875,.3889,.4865,.4599,.4655
170,"Georgia_State_Capitol",.2,.1,.45,.3667,.4,.36,.0526,.0526,.2632,.2632,.3158,.3158,.0833,.069,.3321,.3064,.3529,.3364
171,"Dome_des_Invalides",1.0,1.0,1.0,.9667,.975,.98,.12,.28,.44,.52,.52,.6,.2143,.4375,.6111,.6762,.6783,.7443
172,"Reggia_di_Caserta",.6,.5,.55,.6333,.675,.62,.12,.2,.36,.6,.68,.68,.2,.2857,.4352,.6162,.6775,.6486
173,"The_Burj_al_Arab_Hotel",.8,.8,.8,.8,.825,.84,.16,.28,.44,.52,.56,.6,.2667,.4148,.5677,.6303,.6671,.7
174,"Elephanta_Caves",.8,.8,.7,.6667,.725,.7,.1667,.2083,.4167,.4583,.625,.7083,.2759,.3306,.5224,.5432,.6713,.7041
175,"Basilica_of_Santa_Croce",.8,.8,.9,.9333,.925,.94,.16,.28,.36,.52,.56,.68,.2667,.4148,.5143,.6679,.6976,.7891
176,"Aachen_Cathedral",1.0,.9,.95,.9667,.925,.94,.16,.24,.4,.56,.64,.68,.2759,.3789,.563,.7092,.7565,.7891
177,"Monument_to_the_Great_Fire_of_London",.6,.4,.6,.5333,.575,.6,.12,.16,.36,.4,.44,.56,.2,.2286,.45,.4571,.4985,.5793
178,"Longmen_Grottoes",.8,.7,.7,.7,.6,.6,.16,.28,.4,.56,.68,.72,.2667,.4,.5091,.6222,.6375,.6545
179,"Louisiana_State_Capitol",.6,.8,.75,.7,.65,.64,.08,.24,.4,.48,.64,.68,.1412,.3692,.5217,.5695,.645,.6594
180,"The_Great_Sphinx_at_Giza",.8,.8,.8,.8333,.85,.84,.16,.32,.56,.64,.72,.72,.2667,.4571,.6588,.724,.7796,.7754
181,"Teatro_Real_Madrid",.8,.8,.75,.8,.825,.78,.1739,.2174,.4348,.6522,.7391,.8696,.2857,.3419,.5505,.7186,.7797,.8224
182,"Palacio_de_la_Magdalena",.8,.7,.65,.6333,.6,.68,.16,.2,.36,.44,.52,.72,.2667,.3111,.4634,.5193,.5571,.6994
183,"Sowjetisches_Ehrenmal",.6,.7,.7,.7,.625,.7,.12,.28,.52,.68,.72,.88,.2,.4,.5967,.6899,.6691,.7797
184,"Cathedral_of_Trier",1.0,1.0,.9,.8333,.825,.8,.2,.36,.56,.72,.8,.8,.3333,.5294,.6904,.7725,.8123,.8
185,"Saint_Mary_of_the_Flower",.0,.0,.1,.1,.1,.12,.0,.0,.08,.12,.16,.24,.0,.0,.0889,.1091,.1231,.16
186,"Skellig_Michael",.8,.7,.7,.7333,.7,.66,.16,.28,.36,.44,.48,.56,.2667,.4,.4755,.55,.5695,.6059
187,"Chicago_Board_of_Trade_Building",.8,.8,.85,.8333,.8,.78,.1818,.3182,.5,.6364,.7273,.8182,.2963,.4553,.6296,.7216,.7619,.7986
188,"Pont_de_Normandie_France",.8,.8,.8,.8,.8,.8,.2105,.3684,.4737,.5789,.6316,.7895,.3333,.5045,.595,.6718,.7059,.7947
189,"Palazzo_Rosso",.0,.1,.1,.1,.125,.12,.0,.0417,.0833,.0833,.1667,.1667,.0,.0588,.0909,.0909,.1429,.1395
190,"Piazza_Vittorio_Veneto",.8,.7,.65,.5667,.5,.54,.1875,.375,.4375,.6875,.75,.8125,.3038,.4884,.523,.6213,.6,.6488
191,"Sforza_Castle",1.0,1.0,1.0,.9667,.975,.98,.16,.24,.36,.48,.56,.64,.2759,.3871,.5294,.6415,.7114,.7743
192,"Torres_KIO",1.0,1.0,1.0,.9667,.95,.96,.16,.28,.48,.56,.64,.72,.2759,.4375,.6486,.7092,.7648,.8229
193,"Torre_Picasso",.8,.9,.95,.9333,.875,.86,.1667,.25,.4583,.5417,.6667,.7083,.2759,.3913,.6183,.6855,.7568,.7768
194,"The_Palace_of_Parliament_in_Bucharest",1.0,1.0,.85,.8667,.875,.88,.16,.36,.4,.44,.56,.6,.2759,.5294,.544,.5837,.6829,.7135
195,"Ernest_Hemingway_House",.6,.7,.8,.7333,.7,.72,.12,.2,.4,.44,.56,.6,.2,.3111,.5333,.55,.6222,.6545
196,"Castel_dellOvo_Napoli",.8,.8,.8,.8333,.825,.84,.16,.28,.48,.64,.68,.76,.2667,.4148,.6,.724,.7455,.798
197,"Villa_Borghese_gardens",1.0,1.0,1.0,.9667,.975,.98,.12,.24,.56,.6,.68,.72,.2143,.3871,.7179,.7404,.8012,.8301
198,"Saint_Marks_Basilica",.8,.8,.8,.8333,.825,.82,.12,.24,.44,.56,.64,.72,.2087,.3692,.5677,.6699,.7208,.7668
199,"Mausoleum_of_the_First_Qin_Emperor",.8,.8,.9,.8667,.825,.84,.16,.28,.56,.72,.72,.8,.2667,.4148,.6904,.7866,.7689,.8195
200,"Mausoleum_of_Hadrian",.6,.7,.5,.5,.525,.5,.1111,.1667,.3333,.3889,.3889,.4444,.1875,.2692,.4,.4375,.4468,.4706
201,"Piazza_de_Ferrari",1.0,.9,.95,.9333,.925,.92,.2105,.3158,.4737,.5263,.5263,.5789,.3478,.4675,.6322,.6731,.6709,.7107
202,"George_Washington_Carver",.4,.5,.4,.4333,.475,.54,.125,.1875,.3125,.375,.4375,.625,.1905,.2727,.3509,.4021,.4555,.5794
203,"Cathedral_of_Santiago_de_Compostela",.8,.8,.8,.8333,.825,.8,.1176,.2353,.4118,.6471,.8235,.8824,.2051,.3636,.5437,.7285,.8243,.8392
204,"Saint-Jacques_Tower",1.0,1.0,.9,.8667,.8,.78,.3077,.4615,.6154,.6923,.6923,.7692,.4706,.6316,.731,.7697,.7423,.7746
205,"Calakmul_Campeche_Mexico",1.0,1.0,.85,.7333,.75,.74,.2857,.5,.5714,.7143,.8571,.9286,.4444,.6667,.6834,.7237,.8,.8236
206,"Bran_Castle_in_Transylvania",.8,.7,.75,.8333,.85,.86,.1579,.2632,.4211,.5263,.5789,.5789,.2637,.3825,.5393,.6452,.6888,.692
207,"Mosteiro_da_Batalha",1.0,1.0,1.0,1.0,1.0,1.0,.1579,.3684,.5789,.6316,.7368,.7368,.2727,.5385,.7333,.7742,.8485,.8485
208,"Wartburg_Castle",1.0,.9,.95,.9,.9,.92,.15,.35,.55,.65,.7,.7,.2609,.504,.6967,.7548,.7875,.7951
209,"Fujian_Tulou_Fujian_China",1.0,1.0,.95,.9,.925,.94,.2222,.3889,.6667,.7222,.8333,.8333,.3636,.56,.7835,.8014,.8768,.8835
210,"Alabama_State_Capitol",.6,.6,.7,.6333,.65,.6,.0952,.2381,.4286,.5714,.5714,.619,.1644,.3409,.5316,.6008,.6082,.6094
211,"Palazzo_dAccursio",.8,.7,.6,.4,.45,.44,.1111,.1667,.3333,.3333,.3889,.4444,.1951,.2692,.4286,.3636,.4172,.4422
212,"Casa_Grande_Ruins",.6,.7,.6,.6333,.725,.7,.1765,.4118,.4706,.5294,.5294,.5294,.2727,.5185,.5275,.5767,.612,.6029
213,"Stravinsky_Fountain",1.0,.8,.75,.8,.8,.82,.3333,.4,.4667,.5333,.5333,.6,.5,.5333,.5753,.64,.64,.693
214,"Angel_Falls_Venezuela",.8,.6,.5,.4667,.475,.46,.1765,.1765,.2941,.4118,.4706,.5294,.2892,.2727,.3704,.4375,.4728,.4923
215,"Statue_of_George_IV",.4,.3,.4,.3667,.4,.34,.25,.375,.75,.75,.75,.75,.3077,.3333,.5217,.4925,.5217,.4679
216,"Palacio_Barolo",1.0,1.0,.95,.9667,.9,.9,.2353,.3529,.6471,.7059,.7647,.8235,.381,.5217,.7698,.8159,.8269,.8601
217,"Bridge_of_Remembrance_Christchurch_New_Zealand",.4,.5,.5,.4333,.475,.46,.1667,.25,.3333,.4167,.5,.5833,.2353,.3333,.4,.4248,.4872,.5144
218,"John_A._Roebling_Suspension_Bridge",.4,.2,.35,.3,.4,.48,.1333,.1333,.3333,.3333,.5333,.7333,.2,.16,.3415,.3158,.4571,.5802
219,"Blue_Dome_Santorini",.6,.8,.9,.9333,.925,.92,.1875,.375,.6875,.8125,.875,.9375,.2857,.5106,.7795,.8687,.8993,.9287
220,"Fossar_de_les_Moreres",.4,.4,.3,.3667,.425,.36,.1429,.2857,.3571,.5714,.6429,.6429,.2105,.3333,.3261,.4467,.5117,.4615
221,"Luxor_Obelisk_France",1.0,.8,.9,.8333,.85,.84,.25,.3125,.4375,.5,.5625,.5625,.4,.4494,.5888,.625,.677,.6738
222,"Valle_de_los_Caidos",1.0,1.0,1.0,1.0,.95,.96,.15,.35,.5,.6,.65,.75,.2609,.5185,.6667,.75,.7719,.8421
--------------------
"--","Avg.",P@5,P@10,P@20,P@30,P@40,P@50,CR@5,CR@10,CR@20,CR@30,CR@40,CR@50,F1@5,F1@10,F1@20,F1@30,F1@40,F1@50
,.,7811,.7622,.7565,.747,.747,.7435,.1501,.2598,.4256,.5386,.6151,.6647,.249,.3823,.5357,.6152,.6615,.6882
