--------------------
"Run name","output_runCOSINEDunnIndex"
--------------------
"Average P@20 = ",.7552
"Average CR@20 = ",.4116
"Average F1@20 = ",.5244
--------------------
"Query Id ","Location name",P@5,P@10,P@20,P@30,P@40,P@50,CR@5,CR@10,CR@20,CR@30,CR@40,CR@50,F1@5,F1@10,F1@20,F1@30,F1@40,F1@50
1,"angel_of_the_north",1.0,1.0,1.0,1.0,1.0,1.0,.16,.24,.36,.44,.56,.56,.2759,.3871,.5294,.6111,.7179,.7179
2,"big_ben",1.0,.9,.85,.9,.85,.86,.2273,.3182,.4091,.4545,.5909,.5909,.3704,.4701,.5523,.604,.6972,.7005
3,"hearst_castle",1.0,.8,.9,.8667,.85,.86,.2083,.3333,.4583,.6667,.7083,.75,.3448,.4706,.6074,.7536,.7727,.8012
4,"la_madeleine",.2,.3,.35,.3,.275,.26,.0714,.2143,.2857,.3571,.3571,.4286,.1053,.25,.3146,.3261,.3107,.3237
5,"pont_alexandre_iii",1.0,1.0,.95,.9667,.975,.96,.16,.28,.48,.6,.72,.84,.2759,.4375,.6378,.7404,.8283,.896
6,"neues_museum",.4,.5,.55,.5,.475,.5,.08,.2,.32,.44,.52,.56,.1333,.2857,.4046,.4681,.4965,.5283
7,"montezuma_castle",.4,.5,.55,.5667,.625,.64,.1667,.3333,.5,.5833,.75,.8333,.2353,.4,.5238,.5749,.6818,.724
8,"cn_tower",1.0,.7,.75,.7333,.725,.76,.1667,.25,.4583,.5417,.6667,.7083,.2857,.3684,.569,.6231,.6946,.7333
9,"acropolis_athens",1.0,.9,.8,.8333,.8,.8,.1905,.2857,.381,.4286,.5714,.619,.32,.4337,.5161,.566,.6667,.698
10,"agra_fort",.8,.9,.9,.8333,.875,.88,.16,.24,.4,.44,.6,.68,.2667,.3789,.5538,.5759,.7119,.7672
11,"albert_memorial",1.0,.8,.6,.6333,.675,.68,.1818,.1818,.2273,.4091,.5,.5,.3077,.2963,.3297,.4971,.5745,.5763
12,"altes_museum",1.0,1.0,.95,.9,.875,.9,.2083,.3333,.4583,.5833,.7083,.7917,.3448,.5,.6183,.7079,.7829,.8424
13,"amiens_cathedral",1.0,1.0,.9,.9333,.925,.94,.2,.32,.48,.56,.64,.68,.3333,.4848,.6261,.7,.7565,.7891
14,"angkor_wat",.8,.9,.8,.8,.8,.82,.16,.28,.44,.56,.64,.68,.2667,.4271,.5677,.6588,.7111,.7435
15,"ara_pacis",.8,.7,.55,.6,.6,.64,.1818,.3182,.4091,.4545,.5455,.6364,.2963,.4375,.4692,.5172,.5714,.6382
16,"arc_de_triomphe",1.0,.9,.65,.7,.6,.62,.1667,.3333,.4583,.5833,.5833,.6667,.2857,.4865,.5376,.6364,.5915,.6425
17,"aztec_ruins",.0,.1,.2,.2667,.3,.32,.0,.04,.12,.28,.4,.44,.0,.0571,.15,.2732,.3429,.3705
18,"berlin_cathedral",1.0,1.0,.85,.8667,.85,.86,.16,.24,.36,.56,.56,.64,.2759,.3871,.5058,.6804,.6752,.7339
19,"bok_tower_gardens",.6,.8,.9,.9333,.95,.96,.08,.24,.44,.64,.68,.76,.1412,.3692,.591,.7593,.7926,.8484
20,"brandenburg_gate",1.0,1.0,1.0,.9667,.925,.9,.2,.24,.32,.52,.56,.64,.3333,.3871,.4848,.6762,.6976,.7481
21,"cabrillo",.0,.0,.1,.1667,.15,.14,.0,.0,.1538,.3846,.4615,.5385,.0,.0,.1212,.2326,.2264,.2222
22,"casa_batllo",1.0,1.0,1.0,1.0,1.0,.98,.2,.36,.48,.64,.76,.84,.3333,.5294,.6486,.7805,.8636,.9046
23,"casa_rosada",1.0,.7,.85,.9,.9,.88,.16,.24,.4,.56,.64,.76,.2759,.3574,.544,.6904,.7481,.8156
24,"castillo_de_san_marcos",.8,.8,.85,.8667,.9,.9,.16,.24,.48,.64,.64,.72,.2667,.3692,.6135,.7363,.7481,.8
25,"chartres_cathedral",1.0,1.0,1.0,.9667,.975,.98,.2,.36,.48,.6,.6,.68,.3333,.5294,.6486,.7404,.7429,.8029
26,"chichen_itza",.8,.8,.8,.8667,.9,.88,.16,.28,.52,.6,.64,.64,.2667,.4148,.6303,.7091,.7481,.7411
27,"christ_the_redeemer_rio",.4,.5,.6,.6667,.675,.64,.087,.2174,.4348,.5652,.6522,.6957,.1429,.303,.5042,.6118,.6634,.6667
28,"civic_center_san_francisco",.8,.5,.6,.6667,.6,.56,.16,.2,.36,.48,.52,.56,.2667,.2857,.45,.5581,.5571,.56
29,"cologne_cathedral",1.0,1.0,.95,.9667,.95,.96,.16,.24,.52,.68,.76,.8,.2759,.3871,.6721,.7984,.8444,.8727
30,"colosseum",.8,.9,.9,.9333,.925,.92,.16,.28,.48,.52,.6,.64,.2667,.4271,.6261,.6679,.7279,.7549
31,"doge_s_palace",.8,.6,.8,.7,.75,.74,.16,.2,.32,.36,.44,.48,.2667,.3,.4571,.4755,.5546,.5823
32,"eiffel_tower",1.0,1.0,.85,.9,.85,.82,.16,.24,.28,.48,.56,.6,.2759,.3871,.4212,.6261,.6752,.693
33,"golden_gate_bridge",.8,.8,.75,.8333,.85,.84,.1304,.2174,.3043,.5217,.5652,.5652,.2243,.3419,.433,.6417,.679,.6757
34,"grand_palais",1.0,1.0,.95,.9333,.925,.92,.2273,.2273,.4091,.5,.5909,.6364,.3704,.3704,.5719,.6512,.7211,.7523
35,"guggenheim_museum_bilbao",1.0,.8,.9,.9333,.925,.94,.16,.2,.36,.48,.56,.6,.2759,.32,.5143,.634,.6976,.7325
36,"hagia_sophia_istanbul",1.0,1.0,1.0,.9667,.95,.96,.16,.32,.44,.56,.6,.64,.2759,.4848,.6111,.7092,.7355,.768
37,"hoover_dam",1.0,1.0,.95,.9333,.95,.94,.2,.32,.48,.56,.64,.68,.3333,.4848,.6378,.7,.7648,.7891
38,"humayun_tomb",1.0,.9,.85,.8667,.85,.82,.16,.24,.44,.56,.64,.72,.2759,.3789,.5798,.6804,.7302,.7668
39,"iguazu_falls",.6,.8,.8,.7,.775,.8,.12,.28,.44,.52,.6,.68,.2,.4148,.5677,.5967,.6764,.7351
40,"iolani_palace",1.0,1.0,.85,.8333,.85,.84,.2,.36,.56,.68,.76,.8,.3333,.5294,.6752,.7489,.8025,.8195
41,"la_mezquita",.8,.7,.5,.5333,.55,.52,.1667,.2083,.2917,.4583,.5,.5833,.2759,.3211,.3684,.493,.5238,.5498
42,"la_rambla_barcelona",1.0,.7,.85,.9,.85,.88,.16,.2,.36,.52,.56,.72,.2759,.3111,.5058,.6592,.6752,.792
43,"la_sainte_chapelle",1.0,1.0,.95,.9333,.95,.94,.2,.32,.6,.64,.72,.8,.3333,.4848,.7355,.7593,.8192,.8644
44,"liberty_memorial",.8,.9,.85,.8333,.825,.82,.16,.28,.4,.56,.64,.72,.2667,.4271,.544,.6699,.7208,.7668
45,"lincoln_home",1.0,.9,.65,.6667,.625,.58,.2222,.3333,.4444,.5556,.7222,.7778,.3636,.4865,.5279,.6061,.6701,.6645
46,"machu_picchu",1.0,1.0,.9,.8,.825,.82,.16,.32,.52,.6,.68,.72,.2759,.4848,.6592,.6857,.7455,.7668
47,"marble_arch_london",.4,.7,.45,.4333,.425,.38,.1667,.4167,.4167,.5,.5833,.6667,.2353,.5224,.4327,.4643,.4917,.4841
48,"milan_cathedral",1.0,1.0,.95,.9667,.95,.88,.2,.32,.48,.56,.64,.68,.3333,.4848,.6378,.7092,.7648,.7672
49,"mole_antonelliana",.8,.9,.8,.7,.7,.7,.12,.32,.4,.48,.48,.6,.2087,.4721,.5333,.5695,.5695,.6462
50,"mont_saint_michel",.8,.8,.85,.8667,.875,.88,.12,.24,.44,.52,.6,.68,.2087,.3692,.5798,.65,.7119,.7672
51,"moulin_rouge",.0,.0,.0,.0,.0,.06,.0,.0,.0,.0,.0,.25,.0,.0,.0,.0,.0,.0968
52,"nelson_s_column",1.0,1.0,.9,.8,.825,.84,.125,.2917,.5,.625,.7083,.75,.2222,.4516,.6429,.7018,.7622,.7925
53,"notre_dame_de_paris",.8,.7,.8,.8667,.85,.88,.16,.28,.44,.52,.6,.76,.2667,.4,.5677,.65,.7034,.8156
54,"obelisco",.0,.0,.15,.2333,.2,.22,.0,.0,.2727,.6364,.6364,.7273,.0,.0,.1935,.3415,.3043,.3378
55,"piccadilly_circus",.8,.9,.75,.8,.775,.8,.1304,.2609,.3913,.5652,.7391,.8261,.2243,.4045,.5143,.6624,.7566,.8128
56,"place_de_la_concorde",1.0,1.0,1.0,1.0,.975,.98,.16,.2,.32,.4,.44,.52,.2759,.3333,.4848,.5714,.6064,.6795
57,"place_de_la_republique",.2,.2,.25,.3,.225,.2,.125,.25,.5,.75,.75,.875,.1538,.2222,.3333,.4286,.3462,.3256
58,"place_des_vosges",.8,.9,.8,.6333,.6,.58,.16,.32,.4,.4,.4,.44,.2667,.4721,.5333,.4903,.48,.5004
59,"pont_du_gard",.6,.6,.6,.7,.725,.74,.12,.2,.32,.44,.52,.6,.2,.3,.4174,.5404,.6056,.6627
60,"pont_neuf",.2,.5,.6,.6333,.625,.62,.04,.2,.36,.44,.6,.6,.0667,.2857,.45,.5193,.6122,.6098
61,"ponte_vecchio",.8,.7,.6,.6667,.725,.74,.125,.25,.375,.5,.625,.7083,.2162,.3684,.4615,.5714,.6713,.7238
62,"puerta_de_alcala",.4,.5,.4,.5333,.525,.5,.1053,.2105,.2632,.4211,.5789,.5789,.1667,.2963,.3175,.4706,.5507,.5366
63,"puerta_del_sol",.4,.3,.55,.5333,.55,.48,.1,.15,.4,.5,.55,.6,.16,.2,.4632,.5161,.55,.5333
64,"red_fort",1.0,.9,.95,.9667,.975,.98,.2,.36,.44,.64,.68,.76,.3333,.5143,.6014,.7701,.8012,.8561
65,"reims_cathedral",1.0,1.0,1.0,.9667,.975,.94,.16,.28,.48,.56,.64,.76,.2759,.4375,.6486,.7092,.7728,.8405
66,"rialto_bridge",.8,.6,.7,.7333,.725,.66,.25,.3125,.5,.625,.6875,.75,.381,.411,.5833,.6748,.7058,.7021
67,"roman_forum_rome",.8,.9,.85,.8333,.85,.84,.16,.32,.44,.56,.6,.68,.2667,.4721,.5798,.6699,.7034,.7516
68,"sacre_coeur",.2,.4,.55,.5333,.6,.58,.0417,.1667,.3333,.4167,.5,.625,.069,.2353,.4151,.4678,.5455,.6017
69,"sagrada_familia",1.0,1.0,.9,.8667,.875,.9,.16,.28,.48,.6,.64,.72,.2759,.4375,.6261,.7091,.7393,.8
70,"santa_maria_novella",.6,.6,.5,.4333,.475,.46,.12,.24,.32,.36,.48,.52,.2,.3429,.3902,.3933,.4775,.4882
71,"schonbrunn_palace",1.0,1.0,.95,.9333,.925,.92,.2,.36,.36,.52,.68,.72,.3333,.5294,.5221,.6679,.7838,.8078
72,"seville_cathedral",1.0,.9,.95,.9333,.95,.94,.2,.32,.44,.6,.64,.8,.3333,.4721,.6014,.7304,.7648,.8644
73,"spanish_steps",.6,.8,.75,.7,.725,.66,.0909,.3182,.4091,.5,.6818,.6818,.1579,.4553,.5294,.5833,.7027,.6707
74,"st__basil_cathedral",1.0,1.0,1.0,.9333,.9,.92,.2,.36,.48,.6,.68,.8,.3333,.5294,.6486,.7304,.7747,.8558
75,"statue_of_liberty",.8,.8,.85,.8333,.825,.78,.12,.28,.44,.52,.64,.68,.2087,.4148,.5798,.6404,.7208,.7266
76,"stonehenge",1.0,.8,.65,.6,.575,.6,.2632,.3158,.3684,.4211,.5263,.6316,.4167,.4528,.4703,.4948,.5496,.6154
77,"summer_palace_beijing",1.0,.9,.8,.8667,.875,.84,.2,.28,.44,.6,.64,.72,.3333,.4271,.5677,.7091,.7393,.7754
78,"sydney_opera_house",1.0,.9,.95,.9333,.9,.9,.2,.32,.4,.48,.64,.64,.3333,.4721,.563,.634,.7481,.7481
79,"teotihuacan",.8,.8,.8,.7333,.725,.76,.16,.28,.4,.56,.6,.68,.2667,.4148,.5333,.6351,.6566,.7178
80,"terracotta_army",.8,.7,.6,.5333,.4,.36,.2,.3,.5,.5,.5,.5,.32,.42,.5455,.5161,.4444,.4186
81,"the_blue_mosque",1.0,.9,.95,.9333,.95,.94,.2,.28,.44,.52,.6,.64,.3333,.4271,.6014,.6679,.7355,.7615
82,"the_henry_ford",.6,.6,.6,.7,.65,.62,.12,.24,.4,.52,.56,.6,.2,.3429,.48,.5967,.6017,.6098
83,"taj_mahal",1.0,.9,.85,.8667,.875,.9,.2,.32,.52,.6,.64,.68,.3333,.4721,.6453,.7091,.7393,.7747
84,"tour_montparnasse",.6,.4,.45,.4333,.45,.46,.15,.15,.3,.45,.55,.6,.24,.2182,.36,.4415,.495,.5208
85,"tower_bridge_london",.2,.5,.6,.5333,.575,.6,.04,.12,.32,.44,.44,.48,.0667,.1935,.4174,.4822,.4985,.5333
86,"trafalgar_square",.6,.6,.7,.7,.575,.52,.1364,.2273,.3182,.3636,.3636,.3636,.2222,.3297,.4375,.4786,.4455,.428
87,"leaning_tower_of_pisa",.6,.7,.55,.6667,.675,.66,.12,.24,.4,.56,.64,.68,.2,.3574,.4632,.6087,.657,.6699
88,"hermitage_museum_saint_petersburg",.8,.8,.85,.9,.9,.92,.16,.32,.48,.64,.72,.8,.2667,.4571,.6135,.7481,.8,.8558
89,"jantar_mantar_jaipur",.8,.9,.95,.9667,.9,.88,.16,.32,.48,.64,.68,.68,.2667,.4721,.6378,.7701,.7747,.7672
90,"lake_titicaca_peru",.8,.7,.75,.6333,.65,.66,.125,.1667,.4583,.5417,.625,.7083,.2162,.2692,.569,.5839,.6373,.6833
91,"the_great_wall_of_china",1.0,.9,.8,.8,.8,.82,.12,.24,.44,.64,.68,.72,.2143,.3789,.5677,.7111,.7351,.7668
92,"grande_arche_paris",.2,.4,.4,.4,.425,.52,.04,.12,.24,.32,.4,.56,.0667,.1846,.3,.3556,.4121,.5393
93,"el_angel_mexico",.8,.6,.45,.5333,.5,.48,.1429,.2381,.3333,.619,.7143,.7143,.2424,.3409,.383,.573,.5882,.5742
94,"bibliotheque_nationale_de_france",.8,.9,.8,.8333,.775,.78,.16,.32,.44,.56,.68,.76,.2667,.4721,.5677,.6699,.7244,.7699
95,"kronborg_castle",.6,.8,.8,.8,.85,.88,.125,.25,.3333,.4167,.5,.625,.2069,.381,.4706,.5479,.6296,.7309
96,"ajanta_caves",1.0,1.0,.9,.9333,.9,.9,.2273,.3182,.5,.5455,.6364,.6818,.3704,.4828,.6429,.6885,.7456,.7759
97,"atomium",1.0,.7,.8,.8,.8,.84,.1429,.1905,.3333,.381,.4762,.5238,.25,.2995,.4706,.5161,.597,.6453
98,"ellora_caves",1.0,1.0,.95,.9667,.95,.96,.1818,.4091,.4545,.5455,.5909,.6364,.3077,.5806,.6149,.6974,.7286,.7654
99,"potala_palace",.8,.8,.8,.7667,.825,.82,.2222,.3333,.5,.5556,.6667,.7222,.3478,.4706,.6154,.6443,.7374,.768
100,"jokhang",.6,.6,.7,.7333,.75,.74,.12,.24,.52,.56,.64,.68,.2,.3429,.5967,.6351,.6906,.7087
101,"rila_monastery",.6,.6,.75,.7667,.825,.84,.12,.2,.28,.32,.36,.4,.2,.3,.4078,.4515,.5013,.5419
102,"louvre_pyramid",1.0,.7,.8,.8,.775,.82,.2222,.2222,.3889,.4444,.5556,.6667,.3636,.3373,.5234,.5714,.6472,.7354
103,"brooklyn_bridge",.8,.8,.75,.7667,.8,.82,.1429,.2857,.381,.4762,.5714,.619,.2424,.4211,.5053,.5875,.6667,.7055
104,"tower_of_london",.8,.7,.7,.7,.625,.64,.1304,.1739,.3913,.5652,.6087,.6957,.2243,.2786,.502,.6254,.6167,.6667
105,"british_museum_london",1.0,.9,.95,.9333,.925,.94,.2,.25,.45,.45,.55,.6,.3333,.3913,.6107,.6072,.6898,.7325
106,"buckingham_palace",.4,.4,.35,.4667,.45,.44,.1,.15,.3,.4,.5,.55,.16,.2182,.3231,.4308,.4737,.4889
107,"charles_bridge_prague",.4,.5,.65,.7,.65,.64,.0833,.2083,.375,.4583,.5,.5833,.1379,.2941,.4756,.554,.5652,.6104
108,"champs_elysees_paris",.4,.4,.5,.5,.5,.46,.0667,.1333,.2667,.3333,.4,.5333,.1143,.2,.3478,.4,.4444,.494
109,"chrysler_building",1.0,1.0,.95,.9,.925,.94,.2857,.4286,.5714,.6429,.7143,.7143,.4444,.6,.7136,.75,.8061,.8117
110,"moma_new_york",.6,.7,.8,.8667,.825,.86,.1579,.3158,.4737,.5263,.6842,.7368,.25,.4352,.595,.6549,.748,.7937
111,"grand_central_terminal",1.0,1.0,.95,.9667,.975,.96,.1905,.381,.5714,.5714,.5714,.619,.32,.5517,.7136,.7183,.7206,.7527
112,"houses_of_parliament",1.0,.9,.9,.9,.9,.9,.2174,.3043,.3913,.4348,.5217,.6087,.3571,.4549,.5455,.5863,.6606,.7262
113,"alexanderplatz_berlin",.4,.5,.45,.4333,.575,.66,.08,.16,.24,.28,.4,.44,.1333,.2424,.313,.3402,.4718,.528
114,"centre_pompidou",.8,.9,.8,.7667,.7,.7,.2222,.3333,.5556,.6111,.6667,.7222,.3478,.4865,.6557,.6801,.6829,.7109
115,"sydney_harbour_bridge",1.0,1.0,1.0,1.0,1.0,.96,.125,.375,.5625,.75,.75,.875,.2222,.5455,.72,.8571,.8571,.9155
116,"pier_39",.8,.8,.9,.8667,.9,.86,.1429,.2857,.5238,.619,.619,.619,.2424,.4211,.6622,.7222,.7335,.7199
117,"coit_tower",.6,.5,.55,.6,.55,.62,.2,.2667,.4,.4667,.4667,.6667,.3,.3478,.4632,.525,.5049,.6425
118,"st_paul_s_cathedral_london",.6,.7,.8,.7667,.725,.72,.1176,.2941,.5294,.5294,.5882,.6471,.1967,.4142,.6372,.6263,.6495,.6816
119,"cloud_gate",.8,.7,.8,.8,.825,.8,.25,.3333,.5,.5,.5,.5,.381,.4516,.6154,.6154,.6226,.6154
120,"musee_d_orsay",1.0,1.0,.95,.9667,.975,.96,.1905,.2381,.381,.5714,.7619,.7619,.32,.3846,.5438,.7183,.8554,.8496
121,"pike_place_market",.8,.9,.9,.8,.825,.82,.1429,.2857,.5714,.6667,.6667,.6667,.2424,.4337,.699,.7273,.7374,.7354
122,"royal_palace_madrid",1.0,.9,.8,.8333,.775,.74,.1818,.3182,.4545,.6364,.6364,.6818,.3077,.4701,.5797,.7216,.6989,.7097
123,"sony_center_berlin",1.0,.9,.75,.8333,.85,.88,.1905,.1905,.4286,.5238,.5714,.5714,.32,.3144,.5455,.6433,.6834,.6929
124,"red_square_moscow",.8,.9,.85,.8,.8,.74,.1429,.1905,.381,.5714,.619,.619,.2424,.3144,.5261,.6667,.698,.6741
125,"prague_castle",.8,.9,.9,.9333,.95,.94,.12,.28,.4,.6,.68,.76,.2087,.4271,.5538,.7304,.7926,.8405
126,"musee_du_louvre",1.0,1.0,.95,.9667,.975,.96,.12,.24,.4,.52,.6,.6,.2143,.3871,.563,.6762,.7429,.7385
127,"millennium_bridge_london",1.0,.9,.85,.8667,.9,.82,.16,.28,.36,.44,.56,.56,.2759,.4271,.5058,.5837,.6904,.6655
128,"casa_mila",1.0,1.0,1.0,1.0,.975,.96,.16,.24,.48,.6,.72,.8,.2759,.3871,.6486,.75,.8283,.8727
129,"national_gallery_london",.6,.8,.65,.6667,.6,.58,.1364,.3182,.4545,.5,.5455,.5455,.2222,.4553,.535,.5714,.5714,.5622
130,"national_mall",1.0,.9,.8,.8667,.825,.8,.2,.24,.44,.6,.64,.76,.3333,.3789,.5677,.7091,.7208,.7795
131,"london_city_hall",.8,.7,.75,.7667,.75,.74,.15,.3,.45,.55,.55,.65,.2526,.42,.5625,.6405,.6346,.6921
132,"holocaust_memorial",.8,.9,.8,.7,.675,.7,.25,.3125,.4375,.5,.5625,.6875,.381,.4639,.5657,.5833,.6136,.6937
133,"columbus_circle",.6,.6,.6,.5667,.525,.52,.12,.2,.4,.44,.48,.52,.2,.3,.48,.4954,.5015,.52
134,"siegessaeule",1.0,.7,.65,.6333,.6,.64,.16,.2,.36,.4,.44,.6,.2759,.3111,.4634,.4903,.5077,.6194
135,"jardin_du_luxembourg",1.0,.7,.85,.8667,.85,.86,.12,.2,.44,.6,.68,.72,.2143,.3111,.5798,.7091,.7556,.7838
136,"merlion_singapore",.4,.4,.35,.4,.45,.48,.0909,.1364,.1818,.3182,.4545,.6364,.1481,.2034,.2393,.3544,.4523,.5472
137,"harrods_london",1.0,.9,.95,.9,.85,.86,.12,.24,.48,.48,.56,.64,.2143,.3789,.6378,.6261,.6752,.7339
138,"metropolitan_museum_of_art_new_york",1.0,1.0,1.0,1.0,1.0,.98,.16,.24,.44,.44,.48,.6,.2759,.3871,.6111,.6111,.6486,.7443
139,"new_york_stock_exchange",.6,.8,.45,.5667,.475,.5,.15,.3,.35,.5,.55,.6,.24,.4364,.3937,.5312,.5098,.5455
140,"stephansdom_vienna",1.0,1.0,.95,.9333,.95,.96,.16,.28,.4,.6,.68,.72,.2759,.4375,.563,.7304,.7926,.8229
141,"hms_belfast",1.0,1.0,.95,.9667,.95,.96,.12,.28,.4,.48,.52,.64,.2143,.4375,.563,.6415,.6721,.768
142,"leicester_square",.6,.7,.75,.7667,.725,.72,.12,.2,.36,.44,.48,.56,.2,.3111,.4865,.5591,.5776,.63
143,"ciudad_de_las_artes_y_las_ciencias",.8,.9,.9,.9,.925,.9,.12,.24,.4,.52,.64,.64,.2087,.3789,.5538,.6592,.7565,.7481
144,"topkapi_palace",.8,.9,.95,.9667,.975,.96,.12,.32,.44,.56,.68,.76,.2087,.4721,.6014,.7092,.8012,.8484
145,"royal_albert_hall",.6,.5,.65,.7,.7,.7,.12,.2,.36,.48,.52,.6,.2,.2857,.4634,.5695,.5967,.6462
146,"st_vitus_cathedral",.8,.9,.9,.9,.9,.92,.16,.32,.44,.6,.68,.68,.2667,.4721,.591,.72,.7747,.782
147,"castello_sforzesco",1.0,1.0,.9,.9,.9,.9,.16,.2,.32,.4,.6,.68,.2759,.3333,.4721,.5538,.72,.7747
148,"rijksmuseum_amsterdam",1.0,1.0,1.0,1.0,.975,.98,.2,.36,.48,.6,.68,.72,.3333,.5294,.6486,.75,.8012,.8301
149,"dam_square",.6,.6,.65,.6,.525,.56,.12,.2,.32,.4,.44,.52,.2,.3,.4289,.48,.4788,.5393
150,"rathaus_vienna",.6,.7,.7,.6333,.65,.64,.12,.2,.28,.32,.52,.52,.2,.3111,.4,.4252,.5778,.5738
151,"bath_abbey",1.0,1.0,1.0,1.0,.975,.96,.2,.36,.52,.56,.72,.8,.3333,.5294,.6842,.7179,.8283,.8727
152,"salisbury_cathedral",1.0,1.0,1.0,1.0,.975,.98,.12,.24,.36,.56,.6,.68,.2143,.3871,.5294,.7179,.7429,.8029
153,"templo_de_debod",.0,.4,.5,.4333,.45,.44,.0,.1364,.3182,.4091,.5455,.5909,.0,.2034,.3889,.4209,.4932,.5044
154,"Niagara_Falls",.2,.4,.55,.5667,.625,.68,.0455,.1818,.4091,.5455,.5909,.7273,.0741,.25,.4692,.5559,.6075,.7028
155,"Golden_Gate_Bridge_in_San_Francisco",1.0,.9,.95,.9333,.925,.94,.0909,.1818,.3636,.6364,.6818,.6818,.1667,.3025,.526,.7568,.785,.7904
156,"Neuschwanstein_Castle",1.0,1.0,.95,.9333,.95,.94,.2,.32,.4,.48,.48,.56,.3333,.4848,.563,.634,.6378,.7019
157,"Christ_Church_Cathedral_Missouri",1.0,.9,.85,.8,.8,.8,.16,.28,.4,.52,.52,.6,.2759,.4271,.544,.6303,.6303,.6857
158,"Mount_Rushmore_in_South_Dakota",1.0,.9,.9,.8333,.825,.82,.2,.24,.44,.48,.52,.64,.3333,.3789,.591,.6091,.6379,.7189
159,"Puerta_de_Toledo",.0,.1,.05,.0667,.075,.06,.0,.5,.5,1.0,1.0,1.0,.0,.1667,.0909,.125,.1395,.1132
160,"Urquhart_Castle",1.0,1.0,.95,.9667,.95,.92,.2083,.3333,.4167,.5417,.75,.7917,.3448,.5,.5793,.6943,.8382,.851
161,"Gare_du_Nord_Paris",1.0,.8,.75,.8,.825,.84,.12,.2,.36,.44,.56,.6,.2143,.32,.4865,.5677,.6671,.7
162,"Newgrange_in_Ireland",.4,.6,.7,.6667,.65,.68,.0833,.125,.25,.3333,.4583,.5,.1379,.2069,.3684,.4444,.5376,.5763
163,"Windmills_at_Kinderdijk",1.0,1.0,1.0,.9,.875,.88,.2,.24,.44,.52,.64,.64,.3333,.3871,.6111,.6592,.7393,.7411
164,"Conciergerie",1.0,1.0,.95,.9,.925,.9,.16,.24,.48,.56,.64,.68,.2759,.3871,.6378,.6904,.7565,.7747
165,"Palazzo_Madama",1.0,.8,.8,.7333,.675,.68,.1818,.2273,.4091,.5455,.6364,.7273,.3077,.354,.5414,.6256,.6551,.7028
166,"Split_Rock_Lighthouse",.6,.6,.75,.7,.675,.7,.12,.24,.36,.36,.36,.52,.2,.3429,.4865,.4755,.4696,.5967
167,"The_Little_Mermaid_Denmark",.8,.8,.7,.6333,.6,.58,.2857,.4286,.5,.5714,.6429,.7143,.4211,.5581,.5833,.6008,.6207,.6402
168,"Great_Pyramid_of_Giza",.8,.6,.7,.7667,.7,.68,.2,.2,.4,.7333,.7333,.7333,.32,.3,.5091,.7496,.7163,.7057
169,"Pitti_Palace",.6,.5,.35,.3,.45,.5,.0909,.1818,.2273,.2727,.3182,.4091,.1579,.2667,.2756,.2857,.3728,.45
170,"Georgia_State_Capitol",.4,.7,.7,.6333,.575,.56,.1053,.2105,.3158,.3158,.3684,.3684,.1667,.3237,.4352,.4214,.4491,.4444
171,"Dome_des_Invalides",1.0,1.0,1.0,1.0,.975,.96,.12,.28,.36,.52,.68,.68,.2143,.4375,.5294,.6842,.8012,.7961
172,"Reggia_di_Caserta",.8,.8,.8,.7333,.7,.68,.16,.24,.44,.48,.56,.6,.2667,.3692,.5677,.5802,.6222,.6375
173,"The_Burj_al_Arab_Hotel",.8,.8,.75,.8,.8,.84,.16,.32,.44,.52,.6,.72,.2667,.4571,.5546,.6303,.6857,.7754
174,"Elephanta_Caves",.8,.6,.7,.7,.725,.68,.125,.2083,.4167,.5417,.5833,.625,.2162,.3093,.5224,.6107,.6465,.6513
175,"Basilica_of_Santa_Croce",1.0,.9,.9,.9333,.95,.94,.2,.32,.48,.48,.56,.64,.3333,.4721,.6261,.634,.7046,.7615
176,"Aachen_Cathedral",1.0,.9,.9,.9333,.875,.86,.16,.24,.44,.52,.6,.72,.2759,.3789,.591,.6679,.7119,.7838
177,"Monument_to_the_Great_Fire_of_London",.4,.6,.6,.6,.6,.64,.08,.2,.44,.52,.64,.76,.1333,.3,.5077,.5571,.6194,.6949
178,"Longmen_Grottoes",.8,.7,.55,.5667,.6,.64,.16,.28,.36,.4,.56,.56,.2667,.4,.4352,.469,.5793,.5973
179,"Louisiana_State_Capitol",.4,.3,.45,.5333,.5,.52,.04,.08,.28,.44,.48,.56,.0727,.1263,.3452,.4822,.4898,.5393
180,"The_Great_Sphinx_at_Giza",1.0,.7,.85,.8,.775,.78,.2,.24,.56,.64,.64,.68,.3333,.3574,.6752,.7111,.7011,.7266
181,"Teatro_Real_Madrid",.8,.6,.7,.7,.725,.72,.1739,.2174,.4348,.5652,.7391,.7826,.2857,.3191,.5364,.6254,.732,.75
182,"Palacio_de_la_Magdalena",.8,.8,.65,.7,.65,.66,.16,.24,.36,.48,.52,.6,.2667,.3692,.4634,.5695,.5778,.6286
183,"Sowjetisches_Ehrenmal",.2,.4,.45,.5,.525,.52,.04,.16,.32,.4,.52,.52,.0667,.2286,.374,.4444,.5225,.52
184,"Cathedral_of_Trier",1.0,1.0,.85,.8667,.85,.88,.2,.32,.44,.64,.72,.8,.3333,.4848,.5798,.7363,.7796,.8381
185,"Saint_Mary_of_the_Flower",.2,.1,.1,.1,.1,.12,.04,.04,.08,.12,.16,.24,.0667,.0571,.0889,.1091,.1231,.16
186,"Skellig_Michael",.4,.7,.65,.6667,.7,.7,.08,.28,.44,.48,.64,.72,.1333,.4,.5248,.5581,.6687,.7099
187,"Chicago_Board_of_Trade_Building",1.0,.6,.75,.8,.75,.72,.2273,.2727,.4545,.5909,.7273,.7727,.3704,.375,.566,.6797,.7385,.7454
188,"Pont_de_Normandie_France",.8,.9,.8,.8,.8,.8,.2105,.4211,.5789,.6316,.6842,.7895,.3333,.5737,.6718,.7059,.7376,.7947
189,"Palazzo_Rosso",.2,.1,.1,.1333,.125,.1,.0417,.0417,.0833,.1667,.1667,.1667,.069,.0588,.0909,.1481,.1429,.125
190,"Piazza_Vittorio_Veneto",.4,.5,.55,.5,.475,.46,.125,.1875,.375,.4375,.625,.75,.1905,.2727,.4459,.4667,.5398,.5702
191,"Sforza_Castle",1.0,1.0,.95,.9333,.925,.92,.16,.24,.32,.52,.6,.6,.2759,.3871,.4787,.6679,.7279,.7263
192,"Torres_KIO",1.0,.8,.85,.9,.875,.86,.2,.24,.36,.6,.6,.68,.3333,.3692,.5058,.72,.7119,.7595
193,"Torre_Picasso",1.0,.8,.9,.9,.9,.86,.2083,.2917,.5,.6667,.75,.75,.3448,.4275,.6429,.766,.8182,.8012
194,"The_Palace_of_Parliament_in_Bucharest",1.0,1.0,.9,.9,.9,.88,.16,.36,.4,.44,.6,.6,.2759,.5294,.5538,.591,.72,.7135
195,"Ernest_Hemingway_House",.8,.8,.75,.8,.75,.74,.12,.28,.4,.52,.56,.6,.2087,.4148,.5217,.6303,.6412,.6627
196,"Castel_dellOvo_Napoli",.8,.7,.8,.8333,.825,.82,.16,.24,.52,.64,.68,.76,.2667,.3574,.6303,.724,.7455,.7889
197,"Villa_Borghese_gardens",1.0,1.0,1.0,.9667,.95,.94,.16,.28,.52,.56,.64,.72,.2759,.4375,.6842,.7092,.7648,.8154
198,"Saint_Marks_Basilica",.8,.9,.85,.8667,.875,.86,.16,.28,.48,.56,.6,.64,.2667,.4271,.6135,.6804,.7119,.7339
199,"Mausoleum_of_the_First_Qin_Emperor",.8,.8,.8,.7667,.775,.78,.16,.28,.44,.56,.56,.56,.2667,.4148,.5677,.6472,.6502,.6519
200,"Mausoleum_of_Hadrian",1.0,1.0,.8,.8333,.8,.72,.1667,.1667,.3333,.5,.5556,.5556,.2857,.2857,.4706,.625,.6557,.6272
201,"Piazza_de_Ferrari",1.0,.9,.95,.9,.875,.86,.2632,.3158,.4211,.5789,.5789,.5789,.4167,.4675,.5835,.7046,.6968,.692
202,"George_Washington_Carver",.2,.6,.75,.7,.725,.7,.0625,.1875,.375,.5,.5625,.625,.0952,.2857,.5,.5833,.6335,.6604
203,"Cathedral_of_Santiago_de_Compostela",1.0,.7,.8,.8,.775,.76,.2353,.2941,.4118,.6471,.7647,.8235,.381,.4142,.5437,.7154,.7698,.7905
204,"Saint-Jacques_Tower",1.0,1.0,1.0,.9333,.825,.82,.1538,.3077,.5385,.6923,.9231,.9231,.2667,.4706,.7,.795,.8713,.8685
205,"Calakmul_Campeche_Mexico",1.0,.8,.8,.7333,.7,.68,.3571,.4286,.5,.5714,.6429,.7857,.5263,.5581,.6154,.6423,.6702,.729
206,"Bran_Castle_in_Transylvania",.8,.8,.75,.8333,.8,.8,.2105,.3158,.5263,.6316,.6842,.6842,.3333,.4528,.6186,.7186,.7376,.7376
207,"Mosteiro_da_Batalha",1.0,1.0,1.0,1.0,1.0,1.0,.2632,.3684,.5263,.6842,.7368,.7368,.4167,.5385,.6897,.8125,.8485,.8485
208,"Wartburg_Castle",1.0,1.0,.85,.9,.9,.86,.2,.4,.55,.65,.65,.7,.3333,.5714,.6679,.7548,.7548,.7718
209,"Fujian_Tulou_Fujian_China",1.0,1.0,1.0,1.0,1.0,1.0,.2778,.3333,.3889,.4444,.6111,.6667,.4348,.5,.56,.6154,.7586,.8
210,"Alabama_State_Capitol",.6,.5,.65,.7,.625,.62,.1429,.1905,.4762,.5714,.6667,.7143,.2308,.2759,.5497,.6292,.6452,.6638
211,"Palazzo_dAccursio",.8,.7,.5,.4667,.475,.46,.1667,.2222,.2778,.2778,.3889,.5,.2759,.3373,.3571,.3483,.4277,.4792
212,"Casa_Grande_Ruins",.8,.8,.75,.7,.7,.76,.2353,.4118,.5294,.5294,.5882,.5882,.3636,.5437,.6207,.6029,.6393,.6632
213,"Stravinsky_Fountain",1.0,.9,.75,.8333,.8,.84,.2667,.3333,.4,.4667,.4667,.5333,.4211,.4865,.5217,.5983,.5895,.6524
214,"Angel_Falls_Venezuela",.6,.5,.6,.5333,.525,.48,.1176,.2353,.4118,.5294,.6471,.6471,.1967,.32,.4884,.5314,.5797,.5511
215,"Statue_of_George_IV",.2,.3,.45,.4333,.35,.28,.125,.25,.625,.75,.875,.875,.1538,.2727,.5233,.5493,.5,.4242
216,"Palacio_Barolo",1.0,.9,.8,.8,.825,.82,.2353,.2941,.5882,.7059,.7059,.8824,.381,.4433,.678,.75,.7608,.85
217,"Bridge_of_Remembrance_Christchurch_New_Zealand",.6,.6,.6,.4667,.35,.38,.25,.4167,.5,.5833,.5833,.75,.3529,.4918,.5455,.5185,.4375,.5044
218,"John_A._Roebling_Suspension_Bridge",.0,.1,.3,.4,.475,.46,.0,.0667,.4,.5333,.6667,.7333,.0,.08,.3429,.4571,.5547,.5654
219,"Blue_Dome_Santorini",.8,.9,.8,.8667,.9,.9,.25,.4375,.6875,.8125,.875,.9375,.381,.5888,.7395,.8387,.8873,.9184
220,"Fossar_de_les_Moreres",.2,.5,.5,.4667,.425,.4,.0714,.2857,.3571,.5714,.6429,.6429,.1053,.3636,.4167,.5138,.5117,.4932
221,"Luxor_Obelisk_France",1.0,1.0,.9,.7667,.75,.74,.25,.25,.375,.375,.375,.5,.4,.4,.5294,.5036,.5,.5968
222,"Valle_de_los_Caidos",1.0,1.0,1.0,.9333,.95,.96,.2,.3,.5,.65,.65,.65,.3333,.4615,.6667,.7663,.7719,.7752
--------------------
"--","Avg.",P@5,P@10,P@20,P@30,P@40,P@50,CR@5,CR@10,CR@20,CR@30,CR@40,CR@50,F1@5,F1@10,F1@20,F1@30,F1@40,F1@50
,.,7748,.7631,.7552,.7557,.7482,.7459,.1541,.2602,.4116,.5207,.5944,.655,.2547,.3819,.5244,.6051,.65,.6833
