--------------------
"Run name","output_runGABORDtrs"
--------------------
"Average P@20 = ",.7745
"Average CR@20 = ",.4049
"Average F1@20 = ",.521
--------------------
"Query Id ","Location name",P@5,P@10,P@20,P@30,P@40,P@50,CR@5,CR@10,CR@20,CR@30,CR@40,CR@50,F1@5,F1@10,F1@20,F1@30,F1@40,F1@50
1,"angel_of_the_north",1.0,1.0,1.0,1.0,1.0,1.0,.16,.36,.52,.64,.68,.72,.2759,.5294,.6842,.7805,.8095,.8372
2,"big_ben",1.0,.9,.85,.8,.8,.82,.1364,.2273,.3182,.4545,.5455,.5455,.24,.3629,.463,.5797,.6486,.6551
3,"hearst_castle",.8,.9,.95,.9333,.95,.92,.1667,.3333,.5833,.7083,.75,.7917,.2759,.4865,.7228,.8054,.8382,.851
4,"la_madeleine",.2,.3,.4,.4333,.425,.38,.0714,.2143,.5,.6429,.7143,.7857,.1053,.25,.4444,.5177,.5329,.5123
5,"pont_alexandre_iii",1.0,1.0,1.0,.9667,.975,.98,.2,.32,.44,.52,.56,.68,.3333,.4848,.6111,.6762,.7114,.8029
6,"neues_museum",.0,.2,.4,.4333,.425,.5,.0,.08,.32,.4,.48,.56,.0,.1143,.3556,.416,.4508,.5283
7,"montezuma_castle",.4,.5,.6,.6333,.6,.6,.0833,.25,.5,.6667,.75,.75,.1379,.3333,.5455,.6496,.6667,.6667
8,"cn_tower",.8,.7,.6,.7,.7,.66,.1667,.25,.3333,.4583,.625,.7083,.2759,.3684,.4286,.554,.6604,.6833
9,"acropolis_athens",1.0,1.0,.85,.9,.85,.86,.2381,.381,.4762,.4762,.5238,.5714,.3846,.5517,.6104,.6228,.6482,.6866
10,"agra_fort",.8,.9,.95,.8667,.9,.9,.16,.28,.48,.6,.68,.76,.2667,.4271,.6378,.7091,.7747,.8241
11,"albert_memorial",.6,.8,.75,.7333,.725,.76,.0455,.1364,.3636,.4091,.4545,.5909,.0845,.233,.4898,.5252,.5588,.6649
12,"altes_museum",.8,.6,.6,.6,.6,.64,.1667,.25,.4167,.5,.625,.6667,.2759,.3529,.4918,.5455,.6122,.6531
13,"amiens_cathedral",.8,.9,.95,.9333,.925,.92,.16,.28,.52,.6,.68,.76,.2667,.4271,.6721,.7304,.7838,.8324
14,"angkor_wat",.8,.8,.75,.8,.825,.82,.12,.24,.4,.52,.52,.64,.2087,.3692,.5217,.6303,.6379,.7189
15,"ara_pacis",.6,.6,.65,.6667,.675,.68,.1364,.2273,.4091,.5,.5909,.6364,.2222,.3297,.5021,.5714,.6302,.6575
16,"arc_de_triomphe",.8,.5,.7,.7333,.675,.7,.125,.125,.3333,.4167,.5833,.6667,.2162,.2,.4516,.5314,.6258,.6829
17,"aztec_ruins",.2,.2,.25,.3333,.325,.26,.04,.08,.16,.28,.32,.32,.0667,.1143,.1951,.3043,.3225,.2869
18,"berlin_cathedral",1.0,.9,.95,.9333,.925,.92,.2,.36,.48,.6,.68,.76,.3333,.5143,.6378,.7304,.7838,.8324
19,"bok_tower_gardens",1.0,1.0,.9,.9,.875,.88,.12,.28,.44,.56,.6,.8,.2143,.4375,.591,.6904,.7119,.8381
20,"brandenburg_gate",1.0,1.0,1.0,.9667,.975,.96,.2,.28,.52,.52,.64,.72,.3333,.4375,.6842,.6762,.7728,.8229
21,"cabrillo",.2,.1,.1,.1,.125,.14,.0769,.0769,.1538,.2308,.3846,.4615,.1111,.087,.1212,.1395,.1887,.2148
22,"casa_batllo",1.0,1.0,1.0,1.0,.975,.98,.08,.24,.4,.52,.68,.8,.1481,.3871,.5714,.6842,.8012,.8809
23,"casa_rosada",1.0,.9,.9,.9,.925,.92,.2,.24,.4,.56,.64,.72,.3333,.3789,.5538,.6904,.7565,.8078
24,"castillo_de_san_marcos",.8,.8,.7,.6333,.675,.7,.12,.24,.4,.48,.56,.6,.2087,.3692,.5091,.5461,.6121,.6462
25,"chartres_cathedral",.8,.8,.9,.9,.925,.94,.12,.2,.36,.52,.6,.68,.2087,.32,.5143,.6592,.7279,.7891
26,"chichen_itza",.6,.8,.8,.8,.825,.84,.08,.2,.36,.52,.64,.72,.1412,.32,.4966,.6303,.7208,.7754
27,"christ_the_redeemer_rio",.8,.9,.6,.5333,.55,.52,.1739,.2174,.3043,.3913,.4348,.5217,.2857,.3502,.4038,.4514,.4857,.5209
28,"civic_center_san_francisco",.4,.6,.7,.7333,.725,.72,.04,.08,.28,.48,.52,.64,.0727,.1412,.4,.5802,.6056,.6776
29,"cologne_cathedral",1.0,1.0,1.0,.9333,.925,.94,.16,.32,.56,.6,.64,.8,.2759,.4848,.7179,.7304,.7565,.8644
30,"colosseum",1.0,1.0,1.0,.9,.925,.94,.16,.36,.52,.56,.64,.68,.2759,.5294,.6842,.6904,.7565,.7891
31,"doge_s_palace",1.0,1.0,.95,.9333,.925,.92,.2,.32,.36,.44,.44,.52,.3333,.4848,.5221,.5981,.5963,.6644
32,"eiffel_tower",1.0,1.0,.95,.9667,.975,.96,.16,.2,.32,.44,.56,.56,.2759,.3333,.4787,.6047,.7114,.7074
33,"golden_gate_bridge",1.0,.9,.9,.8333,.8,.74,.2174,.3478,.4783,.5217,.6087,.6087,.3571,.5017,.6246,.6417,.6914,.668
34,"grand_palais",.8,.9,.95,.9333,.875,.88,.0909,.2273,.4091,.5,.5455,.6818,.1633,.3629,.5719,.6512,.672,.7683
35,"guggenheim_museum_bilbao",1.0,1.0,1.0,.9667,.975,.98,.2,.28,.48,.52,.56,.6,.3333,.4375,.6486,.6762,.7114,.7443
36,"hagia_sophia_istanbul",1.0,.9,.95,.9667,.975,.96,.12,.2,.4,.56,.68,.68,.2143,.3273,.563,.7092,.8012,.7961
37,"hoover_dam",1.0,1.0,1.0,1.0,.975,.92,.12,.16,.32,.48,.6,.68,.2143,.2759,.4848,.6486,.7429,.782
38,"humayun_tomb",.6,.6,.65,.7,.725,.76,.12,.2,.4,.48,.52,.64,.2,.3,.4952,.5695,.6056,.6949
39,"iguazu_falls",.8,.9,.8,.7333,.775,.82,.16,.32,.44,.48,.48,.64,.2667,.4721,.5677,.5802,.5928,.7189
40,"iolani_palace",.8,.6,.7,.7333,.7,.7,.16,.2,.4,.56,.56,.68,.2667,.3,.5091,.6351,.6222,.6899
41,"la_mezquita",.8,.8,.8,.7333,.65,.64,.1667,.3333,.4583,.5417,.5417,.5417,.2759,.4706,.5828,.6231,.5909,.5867
42,"la_rambla_barcelona",1.0,1.0,.95,.9333,.925,.94,.16,.28,.36,.48,.56,.64,.2759,.4375,.5221,.634,.6976,.7615
43,"la_sainte_chapelle",.8,.9,.95,.9667,.975,.98,.16,.28,.4,.52,.64,.76,.2667,.4271,.563,.6762,.7728,.8561
44,"liberty_memorial",.6,.6,.5,.6333,.65,.62,.12,.24,.32,.4,.44,.48,.2,.3429,.3902,.4903,.5248,.5411
45,"lincoln_home",1.0,.9,.85,.8,.75,.74,.2222,.3333,.5,.5556,.6667,.7778,.3636,.4865,.6296,.6557,.7059,.7584
46,"machu_picchu",.6,.7,.75,.7667,.8,.76,.08,.2,.4,.56,.64,.72,.1412,.3111,.5217,.6472,.7111,.7395
47,"marble_arch_london",.8,.6,.4,.4667,.425,.38,.3333,.3333,.4167,.5833,.6667,.75,.4706,.4286,.4082,.5185,.5191,.5044
48,"milan_cathedral",1.0,.9,.9,.8667,.875,.9,.2,.28,.44,.56,.64,.68,.3333,.4271,.591,.6804,.7393,.7747
49,"mole_antonelliana",1.0,.8,.75,.7667,.725,.68,.16,.2,.36,.44,.48,.52,.2759,.32,.4865,.5591,.5776,.5893
50,"mont_saint_michel",1.0,1.0,.95,.9,.925,.92,.12,.28,.44,.56,.6,.68,.2143,.4375,.6014,.6904,.7279,.782
51,"moulin_rouge",.0,.1,.2,.1333,.15,.14,.0,.125,.25,.25,.375,.5,.0,.1111,.2222,.1739,.2143,.2188
52,"nelson_s_column",1.0,1.0,.95,.9333,.95,.94,.1667,.25,.375,.5,.5417,.5833,.2857,.4,.5377,.6512,.6899,.7199
53,"notre_dame_de_paris",.8,.9,.8,.8,.8,.8,.16,.36,.44,.48,.56,.6,.2667,.5143,.5677,.6,.6588,.6857
54,"obelisco",.0,.0,.15,.1333,.175,.18,.0,.0,.1818,.2727,.4545,.5455,.0,.0,.1644,.1791,.2527,.2707
55,"piccadilly_circus",.8,.7,.8,.8333,.8,.72,.1739,.2174,.4348,.5652,.6087,.6522,.2857,.3318,.5634,.6736,.6914,.6844
56,"place_de_la_concorde",1.0,1.0,1.0,1.0,1.0,1.0,.12,.2,.4,.48,.6,.68,.2143,.3333,.5714,.6486,.75,.8095
57,"place_de_la_republique",.0,.1,.15,.2333,.225,.18,.0,.125,.25,.625,.75,.75,.0,.1111,.1875,.3398,.3462,.2903
58,"place_des_vosges",1.0,.9,.8,.8333,.8,.8,.16,.28,.32,.4,.48,.52,.2759,.4271,.4571,.5405,.6,.6303
59,"pont_du_gard",.8,.8,.75,.7667,.775,.82,.12,.28,.36,.52,.52,.56,.2087,.4148,.4865,.6197,.6224,.6655
60,"pont_neuf",1.0,.9,.75,.7333,.625,.62,.2,.28,.4,.52,.52,.68,.3333,.4271,.5217,.6085,.5677,.6486
61,"ponte_vecchio",.8,.9,.75,.7,.75,.78,.125,.2917,.375,.4583,.5,.5417,.2162,.4406,.5,.554,.6,.6393
62,"puerta_de_alcala",.6,.7,.6,.7,.675,.66,.1579,.1579,.3684,.5789,.6316,.7368,.25,.2577,.4565,.6337,.6526,.6963
63,"puerta_del_sol",.6,.5,.5,.4667,.375,.38,.15,.2,.3,.35,.35,.5,.24,.2857,.375,.4,.3621,.4318
64,"red_fort",1.0,1.0,1.0,1.0,1.0,1.0,.16,.28,.52,.68,.72,.8,.2759,.4375,.6842,.8095,.8372,.8889
65,"reims_cathedral",1.0,.9,.95,.9333,.95,.96,.12,.24,.44,.52,.64,.72,.2143,.3789,.6014,.6679,.7648,.8229
66,"rialto_bridge",.6,.5,.65,.7,.575,.56,.1875,.25,.3125,.5,.5,.625,.2857,.3333,.4221,.5833,.5349,.5907
67,"roman_forum_rome",.6,.8,.7,.6667,.675,.7,.12,.24,.4,.48,.6,.72,.2,.3692,.5091,.5581,.6353,.7099
68,"sacre_coeur",.4,.5,.55,.5333,.575,.6,.0833,.2083,.375,.4167,.5,.625,.1379,.2941,.4459,.4678,.5349,.6122
69,"sagrada_familia",1.0,.9,.85,.9,.925,.94,.2,.32,.4,.52,.6,.6,.3333,.4721,.544,.6592,.7279,.7325
70,"santa_maria_novella",.6,.5,.5,.5667,.55,.56,.12,.2,.32,.4,.48,.52,.2,.2857,.3902,.469,.5126,.5393
71,"schonbrunn_palace",1.0,1.0,1.0,1.0,.975,.96,.16,.24,.36,.52,.64,.64,.2759,.3871,.5294,.6842,.7728,.768
72,"seville_cathedral",.6,.7,.85,.8667,.875,.9,.08,.24,.56,.64,.68,.72,.1412,.3574,.6752,.7363,.7653,.8
73,"spanish_steps",.4,.4,.55,.5333,.575,.62,.0909,.1818,.3182,.4545,.5909,.6364,.1481,.25,.4031,.4908,.5828,.6281
74,"st__basil_cathedral",1.0,1.0,.95,.9333,.925,.9,.16,.32,.44,.48,.56,.56,.2759,.4848,.6014,.634,.6976,.6904
75,"statue_of_liberty",.8,.7,.85,.8333,.85,.86,.16,.24,.48,.6,.68,.76,.2667,.3574,.6135,.6977,.7556,.8069
76,"stonehenge",1.0,.5,.55,.5333,.525,.54,.2105,.2105,.4211,.4211,.5263,.5789,.3478,.2963,.477,.4706,.5257,.5588
77,"summer_palace_beijing",1.0,.9,.95,.9333,.875,.9,.16,.32,.4,.48,.52,.76,.2759,.4721,.563,.634,.6523,.8241
78,"sydney_opera_house",1.0,1.0,1.0,.9667,.975,.96,.16,.2,.32,.4,.52,.6,.2759,.3333,.4848,.5659,.6783,.7385
79,"teotihuacan",.8,.8,.65,.6667,.675,.68,.16,.24,.36,.52,.6,.72,.2667,.3692,.4634,.5843,.6353,.6994
80,"terracotta_army",.6,.6,.6,.6333,.575,.6,.15,.3,.4,.5,.65,.7,.24,.4,.48,.5588,.6102,.6462
81,"the_blue_mosque",.8,.9,.9,.9,.9,.92,.16,.28,.48,.6,.6,.64,.2667,.4271,.6261,.72,.72,.7549
82,"the_henry_ford",.6,.7,.8,.8,.75,.66,.12,.28,.4,.56,.6,.64,.2,.4,.5333,.6588,.6667,.6498
83,"taj_mahal",.4,.7,.85,.9,.9,.88,.08,.24,.36,.52,.64,.8,.1333,.3574,.5058,.6592,.7481,.8381
84,"tour_montparnasse",.6,.4,.4,.4667,.425,.42,.1,.15,.3,.35,.45,.55,.1714,.2182,.3429,.4,.4371,.4763
85,"tower_bridge_london",.8,.6,.55,.5333,.525,.54,.16,.2,.28,.36,.48,.52,.2667,.3,.3711,.4299,.5015,.5298
86,"trafalgar_square",.2,.4,.6,.4333,.4,.44,.0455,.1818,.3636,.4091,.4091,.5,.0741,.25,.4528,.4209,.4045,.4681
87,"leaning_tower_of_pisa",.4,.6,.65,.6,.575,.56,.08,.16,.36,.4,.52,.52,.1333,.2526,.4634,.48,.5461,.5393
88,"hermitage_museum_saint_petersburg",.8,.9,.9,.8667,.825,.82,.16,.28,.32,.44,.48,.6,.2667,.4271,.4721,.5837,.6069,.693
89,"jantar_mantar_jaipur",.6,.6,.75,.7667,.775,.76,.12,.24,.44,.64,.8,.84,.2,.3429,.5546,.6976,.7873,.798
90,"lake_titicaca_peru",.6,.7,.5,.5,.525,.58,.0833,.1667,.2917,.375,.4583,.625,.1463,.2692,.3684,.4286,.4894,.6017
91,"the_great_wall_of_china",.8,.9,.85,.8333,.825,.8,.12,.28,.36,.44,.6,.6,.2087,.4271,.5058,.5759,.6947,.6857
92,"grande_arche_paris",.8,.5,.5,.4667,.45,.5,.16,.2,.28,.36,.36,.44,.2667,.2857,.359,.4065,.4,.4681
93,"el_angel_mexico",1.0,.9,.55,.5,.475,.52,.1905,.3333,.381,.5238,.619,.6667,.32,.4865,.4501,.5116,.5375,.5843
94,"bibliotheque_nationale_de_france",.8,.8,.65,.6667,.7,.72,.12,.16,.24,.32,.44,.6,.2087,.2667,.3506,.4324,.5404,.6545
95,"kronborg_castle",1.0,.8,.8,.7,.725,.74,.2083,.25,.4167,.4583,.5417,.5417,.3448,.381,.5479,.554,.6201,.6255
96,"ajanta_caves",1.0,.9,.9,.8667,.9,.92,.2273,.4091,.5455,.6364,.6364,.6818,.3704,.5625,.6792,.7339,.7456,.7832
97,"atomium",1.0,1.0,.95,.8667,.9,.88,.1905,.2857,.381,.5238,.5238,.619,.32,.4444,.5438,.653,.6622,.7268
98,"ellora_caves",1.0,1.0,1.0,1.0,1.0,.98,.1818,.2727,.4091,.5909,.6364,.6364,.3077,.4286,.5806,.7429,.7778,.7717
99,"potala_palace",.8,.9,.8,.8333,.85,.84,.1667,.2778,.4444,.6111,.6111,.7222,.2759,.4245,.5714,.7051,.711,.7767
100,"jokhang",1.0,.9,.9,.8667,.875,.86,.2,.32,.48,.56,.68,.8,.3333,.4721,.6261,.6804,.7653,.8289
101,"rila_monastery",.6,.8,.85,.8333,.875,.86,.08,.16,.32,.44,.52,.52,.1412,.2667,.465,.5759,.6523,.6481
102,"louvre_pyramid",1.0,1.0,.95,.9333,.875,.84,.1667,.3333,.3333,.4444,.4444,.5556,.2857,.5,.4935,.6022,.5895,.6688
103,"brooklyn_bridge",.6,.7,.75,.8,.825,.84,.1429,.2381,.381,.4762,.619,.619,.2308,.3553,.5053,.597,.7073,.7128
104,"tower_of_london",.6,.8,.7,.7333,.725,.72,.087,.2174,.2609,.4348,.5652,.6522,.1519,.3419,.3801,.5459,.6352,.6844
105,"british_museum_london",1.0,1.0,1.0,1.0,1.0,1.0,.15,.15,.45,.6,.65,.65,.2609,.2609,.6207,.75,.7879,.7879
106,"buckingham_palace",.8,.7,.5,.4333,.4,.4,.15,.2,.3,.3,.35,.35,.2526,.3111,.375,.3545,.3733,.3733
107,"charles_bridge_prague",.8,.7,.7,.6333,.675,.66,.1667,.25,.3333,.4167,.4583,.4583,.2759,.3684,.4516,.5026,.546,.541
108,"champs_elysees_paris",.4,.5,.55,.5667,.525,.52,.1333,.2667,.4667,.6,.6,.6667,.2,.3478,.5049,.5829,.56,.5843
109,"chrysler_building",1.0,1.0,1.0,1.0,1.0,.98,.3571,.5714,.7143,.7143,.7857,.8571,.5263,.7273,.8333,.8333,.88,.9145
110,"moma_new_york",1.0,1.0,.85,.8667,.875,.88,.2105,.2632,.3158,.5263,.6316,.7368,.3478,.4167,.4605,.6549,.7336,.8021
111,"grand_central_terminal",1.0,1.0,1.0,.9667,.95,.96,.0952,.1429,.3333,.4286,.619,.619,.1739,.25,.5,.5939,.7496,.7527
112,"houses_of_parliament",1.0,1.0,1.0,.9333,.95,.94,.1739,.2609,.3043,.3478,.4783,.6087,.2963,.4138,.4667,.5068,.6362,.7389
113,"alexanderplatz_berlin",.4,.5,.55,.6333,.625,.64,.08,.16,.36,.52,.56,.56,.1333,.2424,.4352,.5711,.5907,.5973
114,"centre_pompidou",.6,.6,.7,.7,.7,.7,.1111,.2222,.3333,.3889,.5556,.6667,.1875,.3243,.4516,.5,.6195,.6829
115,"sydney_harbour_bridge",1.0,1.0,1.0,1.0,1.0,.98,.25,.375,.5,.6875,.6875,.75,.4,.5455,.6667,.8148,.8148,.8497
116,"pier_39",1.0,1.0,.95,.9667,.95,.92,.1905,.2381,.381,.5238,.5714,.619,.32,.3846,.5438,.6794,.7136,.7401
117,"coit_tower",.4,.5,.65,.6333,.675,.66,.1333,.2,.3333,.5333,.6,.6,.2,.2857,.4407,.579,.6353,.6286
118,"st_paul_s_cathedral_london",.8,.9,.85,.8667,.825,.84,.1176,.2941,.5294,.5882,.6471,.7059,.2051,.4433,.6525,.7008,.7253,.7671
119,"cloud_gate",.6,.7,.65,.6333,.675,.66,.25,.4167,.5833,.5833,.5833,.5833,.3529,.5224,.6149,.6073,.6258,.6193
120,"musee_d_orsay",.8,.9,.9,.9333,.95,.94,.1905,.3333,.4762,.5714,.6667,.7619,.3077,.4865,.6228,.7089,.7835,.8416
121,"pike_place_market",1.0,.9,.85,.8667,.875,.88,.1429,.3333,.381,.4286,.5238,.5238,.25,.4865,.5261,.5735,.6553,.6567
122,"royal_palace_madrid",.8,.9,.85,.8667,.85,.84,.1818,.3636,.4545,.5,.5909,.6364,.2963,.518,.5923,.6341,.6972,.7241
123,"sony_center_berlin",1.0,1.0,1.0,1.0,.975,.98,.2381,.3333,.381,.4762,.5714,.619,.3846,.5,.5517,.6452,.7206,.7588
124,"red_square_moscow",.8,.7,.75,.7333,.75,.7,.1429,.1905,.381,.4762,.619,.619,.2424,.2995,.5053,.5774,.6783,.657
125,"prague_castle",1.0,.9,.85,.8,.775,.82,.16,.32,.44,.48,.56,.68,.2759,.4721,.5798,.6,.6502,.7435
126,"musee_du_louvre",1.0,1.0,1.0,1.0,1.0,1.0,.16,.28,.44,.56,.6,.64,.2759,.4375,.6111,.7179,.75,.7805
127,"millennium_bridge_london",.8,.9,.75,.8,.85,.86,.12,.24,.32,.44,.48,.56,.2087,.3789,.4486,.5677,.6135,.6783
128,"casa_mila",.8,.9,.9,.9333,.95,.96,.16,.24,.36,.48,.52,.64,.2667,.3789,.5143,.634,.6721,.768
129,"national_gallery_london",1.0,.8,.75,.7,.65,.64,.2273,.3182,.4091,.4545,.5455,.5455,.3704,.4553,.5294,.5512,.5932,.589
130,"national_mall",1.0,1.0,1.0,.9,.925,.9,.2,.32,.64,.68,.8,.84,.3333,.4848,.7805,.7747,.858,.869
131,"london_city_hall",1.0,1.0,1.0,.9333,.875,.86,.1,.2,.4,.5,.7,.75,.1818,.3333,.5714,.6512,.7778,.8012
132,"holocaust_memorial",.6,.7,.75,.6333,.625,.62,.125,.25,.375,.4375,.5625,.625,.2069,.3684,.5,.5175,.5921,.6225
133,"columbus_circle",.6,.6,.5,.5667,.575,.54,.12,.2,.32,.48,.56,.56,.2,.3,.3902,.5197,.5674,.5498
134,"siegessaeule",.8,.7,.65,.7333,.725,.7,.12,.16,.24,.48,.56,.72,.2087,.2605,.3506,.5802,.6319,.7099
135,"jardin_du_luxembourg",1.0,.9,.95,.9667,.975,.96,.16,.2,.4,.6,.68,.76,.2759,.3273,.563,.7404,.8012,.8484
136,"merlion_singapore",.0,.1,.25,.4,.35,.36,.0,.0455,.1818,.4545,.5,.5909,.0,.0625,.2105,.4255,.4118,.4474
137,"harrods_london",.8,.9,.95,.9333,.9,.88,.16,.32,.48,.6,.6,.6,.2667,.4721,.6378,.7304,.72,.7135
138,"metropolitan_museum_of_art_new_york",1.0,1.0,1.0,1.0,1.0,.96,.16,.28,.44,.56,.64,.8,.2759,.4375,.6111,.7179,.7805,.8727
139,"new_york_stock_exchange",.8,.8,.75,.7667,.725,.64,.15,.25,.4,.45,.6,.65,.2526,.381,.5217,.5671,.6566,.645
140,"stephansdom_vienna",1.0,1.0,1.0,1.0,1.0,.98,.16,.32,.52,.56,.68,.68,.2759,.4848,.6842,.7179,.8095,.8029
141,"hms_belfast",1.0,1.0,1.0,.9667,.9,.88,.2,.36,.44,.52,.52,.56,.3333,.5294,.6111,.6762,.6592,.6844
142,"leicester_square",.8,.8,.85,.8,.825,.84,.12,.16,.4,.48,.56,.6,.2087,.2667,.544,.6,.6671,.7
143,"ciudad_de_las_artes_y_las_ciencias",1.0,.8,.9,.9,.925,.94,.2,.28,.4,.52,.6,.72,.3333,.4148,.5538,.6592,.7279,.8154
144,"topkapi_palace",1.0,1.0,1.0,1.0,1.0,1.0,.2,.28,.52,.6,.68,.68,.3333,.4375,.6842,.75,.8095,.8095
145,"royal_albert_hall",.6,.7,.7,.6667,.65,.64,.12,.2,.32,.4,.44,.52,.2,.3111,.4392,.5,.5248,.5738
146,"st_vitus_cathedral",1.0,1.0,.9,.9333,.925,.94,.2,.28,.44,.56,.6,.68,.3333,.4375,.591,.7,.7279,.7891
147,"castello_sforzesco",1.0,1.0,1.0,1.0,.925,.9,.12,.12,.28,.52,.64,.72,.2143,.2143,.4375,.6842,.7565,.8
148,"rijksmuseum_amsterdam",1.0,1.0,.95,.9333,.95,.96,.12,.2,.4,.56,.64,.72,.2143,.3333,.563,.7,.7648,.8229
149,"dam_square",.8,.8,.65,.7,.625,.6,.12,.24,.32,.4,.4,.48,.2087,.3692,.4289,.5091,.4878,.5333
150,"rathaus_vienna",1.0,.9,.85,.8333,.8,.82,.12,.16,.28,.36,.44,.52,.2143,.2717,.4212,.5028,.5677,.6364
151,"bath_abbey",1.0,1.0,1.0,1.0,.95,.94,.2,.28,.44,.52,.68,.76,.3333,.4375,.6111,.6842,.7926,.8405
152,"salisbury_cathedral",1.0,.9,.95,.9667,.975,.98,.12,.2,.4,.52,.56,.64,.2143,.3273,.563,.6762,.7114,.7743
153,"templo_de_debod",.6,.5,.5,.4333,.475,.44,.1364,.1818,.2727,.2727,.4091,.4091,.2222,.2667,.3529,.3348,.4396,.424
154,"Niagara_Falls",.8,.7,.7,.6333,.575,.58,.1364,.2273,.4091,.5,.5909,.6364,.233,.3431,.5164,.5588,.5828,.6069
155,"Golden_Gate_Bridge_in_San_Francisco",.8,.9,.95,.9667,.95,.96,.1818,.3182,.4091,.5,.5455,.5909,.2963,.4701,.5719,.6591,.693,.7315
156,"Neuschwanstein_Castle",1.0,1.0,1.0,1.0,1.0,1.0,.16,.32,.44,.6,.72,.72,.2759,.4848,.6111,.75,.8372,.8372
157,"Christ_Church_Cathedral_Missouri",1.0,.9,.9,.9,.875,.9,.2,.28,.36,.48,.56,.6,.3333,.4271,.5143,.6261,.6829,.72
158,"Mount_Rushmore_in_South_Dakota",1.0,1.0,.95,.8667,.9,.92,.16,.24,.4,.52,.64,.72,.2759,.3871,.563,.65,.7481,.8078
159,"Puerta_de_Toledo",.2,.1,.1,.1,.075,.06,.5,.5,1.0,1.0,1.0,1.0,.2857,.1667,.1818,.1818,.1395,.1132
160,"Urquhart_Castle",.8,.9,.8,.7667,.8,.82,.125,.25,.3333,.4583,.625,.625,.2162,.3913,.4706,.5737,.7018,.7093
161,"Gare_du_Nord_Paris",.8,.8,.7,.7,.725,.72,.12,.16,.32,.44,.44,.48,.2087,.2667,.4392,.5404,.5476,.576
162,"Newgrange_in_Ireland",.6,.8,.7,.6667,.65,.7,.125,.2917,.375,.4167,.5,.5,.2069,.4275,.4884,.5128,.5652,.5833
163,"Windmills_at_Kinderdijk",.8,.9,.9,.9333,.925,.9,.16,.32,.48,.6,.64,.72,.2667,.4721,.6261,.7304,.7565,.8
164,"Conciergerie",1.0,1.0,.95,.9667,.975,.98,.16,.24,.4,.6,.68,.72,.2759,.3871,.563,.7404,.8012,.8301
165,"Palazzo_Madama",.8,.9,.8,.7667,.65,.64,.1364,.3636,.5,.5909,.6818,.7273,.233,.518,.6154,.6674,.6655,.6809
166,"Split_Rock_Lighthouse",1.0,1.0,.85,.8333,.825,.8,.16,.24,.36,.36,.48,.48,.2759,.3871,.5058,.5028,.6069,.6
167,"The_Little_Mermaid_Denmark",.8,.7,.75,.7333,.7,.64,.2143,.2857,.6429,.7143,.7143,.7143,.338,.4058,.6923,.7237,.7071,.6751
168,"Great_Pyramid_of_Giza",.8,.8,.65,.5667,.6,.56,.2667,.4,.5333,.5333,.7333,.7333,.4,.5333,.5859,.5495,.66,.6351
169,"Pitti_Palace",.8,.6,.65,.7333,.725,.72,.1818,.2727,.3182,.4545,.5,.5455,.2963,.375,.4272,.5612,.5918,.6207
170,"Georgia_State_Capitol",.4,.4,.4,.4333,.375,.36,.1053,.1579,.2632,.2632,.2632,.2632,.1667,.2264,.3175,.3275,.3093,.3041
171,"Dome_des_Invalides",1.0,1.0,1.0,1.0,1.0,.98,.2,.24,.48,.52,.56,.6,.3333,.3871,.6486,.6842,.7179,.7443
172,"Reggia_di_Caserta",.8,.7,.55,.5,.5,.52,.12,.16,.32,.36,.48,.64,.2087,.2605,.4046,.4186,.4898,.5738
173,"The_Burj_al_Arab_Hotel",.8,.8,.8,.8,.85,.84,.16,.28,.36,.56,.76,.76,.2667,.4148,.4966,.6588,.8025,.798
174,"Elephanta_Caves",1.0,1.0,1.0,.9333,.9,.84,.2083,.375,.5,.625,.7083,.75,.3448,.5455,.6667,.7487,.7927,.7925
175,"Basilica_of_Santa_Croce",1.0,1.0,1.0,1.0,1.0,1.0,.16,.24,.4,.52,.6,.64,.2759,.3871,.5714,.6842,.75,.7805
176,"Aachen_Cathedral",1.0,1.0,.9,.9333,.95,.94,.16,.24,.36,.48,.6,.68,.2759,.3871,.5143,.634,.7355,.7891
177,"Monument_to_the_Great_Fire_of_London",.6,.5,.55,.5667,.6,.62,.12,.2,.36,.4,.56,.6,.2,.2857,.4352,.469,.5793,.6098
178,"Longmen_Grottoes",.8,.7,.55,.5,.525,.6,.16,.24,.36,.4,.56,.76,.2667,.3574,.4352,.4444,.5419,.6706
179,"Louisiana_State_Capitol",.0,.3,.4,.3333,.4,.4,.0,.12,.24,.32,.44,.56,.0,.1714,.3,.3265,.419,.4667
180,"The_Great_Sphinx_at_Giza",.6,.7,.85,.8333,.85,.84,.12,.24,.4,.52,.6,.68,.2,.3574,.544,.6404,.7034,.7516
181,"Teatro_Real_Madrid",.6,.7,.8,.7,.725,.7,.1304,.2174,.4783,.6087,.7391,.8261,.2143,.3318,.5986,.6512,.732,.7578
182,"Palacio_de_la_Magdalena",.8,.7,.85,.8,.8,.78,.12,.2,.44,.56,.68,.72,.2087,.3111,.5798,.6588,.7351,.7488
183,"Sowjetisches_Ehrenmal",.8,.8,.8,.6667,.625,.58,.12,.28,.52,.6,.68,.72,.2087,.4148,.6303,.6316,.6513,.6425
184,"Cathedral_of_Trier",1.0,1.0,.95,.9667,.9,.88,.2,.28,.44,.52,.64,.84,.3333,.4375,.6014,.6762,.7481,.8595
185,"Saint_Mary_of_the_Flower",.0,.1,.2,.1333,.225,.2,.0,.04,.08,.08,.16,.16,.0,.0571,.1143,.1,.187,.1778
186,"Skellig_Michael",.6,.6,.65,.7,.7,.68,.12,.24,.4,.6,.64,.64,.2,.3429,.4952,.6462,.6687,.6594
187,"Chicago_Board_of_Trade_Building",.6,.7,.7,.7,.675,.68,.1364,.3182,.4091,.5455,.5455,.5455,.2222,.4375,.5164,.6131,.6034,.6053
188,"Pont_de_Normandie_France",1.0,1.0,.95,.9667,.925,.88,.2105,.4211,.5789,.6842,.8421,.8947,.3478,.5926,.7194,.8013,.8816,.8873
189,"Palazzo_Rosso",.0,.0,.05,.0667,.1,.1,.0,.0,.0417,.0833,.1667,.2083,.0,.0,.0455,.0741,.125,.1351
190,"Piazza_Vittorio_Veneto",.4,.4,.45,.4667,.45,.44,.125,.25,.4375,.5625,.625,.625,.1905,.3077,.4437,.5101,.5233,.5164
191,"Sforza_Castle",1.0,.9,.95,.9667,.975,.96,.2,.36,.6,.64,.72,.72,.3333,.5143,.7355,.7701,.8283,.8229
192,"Torres_KIO",.8,.9,.95,.8667,.8,.84,.16,.36,.44,.52,.52,.64,.2667,.5143,.6014,.65,.6303,.7265
193,"Torre_Picasso",.8,.8,.75,.7667,.775,.8,.125,.25,.375,.4583,.625,.6667,.2162,.381,.5,.5737,.692,.7273
194,"The_Palace_of_Parliament_in_Bucharest",1.0,.9,.85,.8667,.9,.88,.16,.24,.36,.64,.72,.76,.2759,.3789,.5058,.7363,.8,.8156
195,"Ernest_Hemingway_House",.8,.8,.9,.9,.85,.84,.16,.28,.44,.56,.6,.68,.2667,.4148,.591,.6904,.7034,.7516
196,"Castel_dellOvo_Napoli",.8,.7,.75,.8,.8,.8,.16,.24,.44,.6,.64,.72,.2667,.3574,.5546,.6857,.7111,.7579
197,"Villa_Borghese_gardens",1.0,1.0,1.0,.9333,.95,.96,.16,.32,.52,.64,.8,.84,.2759,.4848,.6842,.7593,.8686,.896
198,"Saint_Marks_Basilica",.8,.9,.95,.9333,.95,.96,.12,.24,.32,.36,.4,.56,.2087,.3789,.4787,.5196,.563,.7074
199,"Mausoleum_of_the_First_Qin_Emperor",.8,.8,.75,.8,.8,.84,.16,.28,.4,.56,.64,.76,.2667,.4148,.5217,.6588,.7111,.798
200,"Mausoleum_of_Hadrian",.6,.7,.75,.7,.65,.66,.1667,.3333,.5,.5556,.6111,.6111,.2609,.4516,.6,.6195,.63,.6346
201,"Piazza_de_Ferrari",1.0,.9,.9,.9,.9,.9,.2632,.3684,.4211,.4737,.5263,.5263,.4167,.5228,.5737,.6207,.6642,.6642
202,"George_Washington_Carver",.6,.8,.75,.7,.65,.68,.125,.3125,.5,.625,.6875,.6875,.2069,.4494,.6,.6604,.6682,.6837
203,"Cathedral_of_Santiago_de_Compostela",.8,.9,.8,.8667,.85,.8,.2353,.4118,.5294,.7059,.8235,.8235,.3636,.565,.6372,.7781,.8366,.8116
204,"Saint-Jacques_Tower",.4,.6,.65,.7,.725,.72,.1538,.3077,.4615,.6923,.8462,.8462,.2222,.4068,.5398,.6961,.7809,.778
205,"Calakmul_Campeche_Mexico",1.0,1.0,.85,.8,.75,.78,.2857,.3571,.4286,.6429,.6429,.7857,.4444,.5263,.5698,.7129,.6923,.7828
206,"Bran_Castle_in_Transylvania",.8,.9,.9,.9333,.875,.86,.2105,.3684,.4737,.5789,.6316,.6842,.3333,.5228,.6207,.7146,.7336,.7621
207,"Mosteiro_da_Batalha",1.0,1.0,1.0,1.0,1.0,1.0,.2632,.3684,.4737,.5789,.6316,.6842,.4167,.5385,.6429,.7333,.7742,.8125
208,"Wartburg_Castle",1.0,.9,.9,.9333,.925,.9,.25,.4,.65,.75,.85,.9,.4,.5538,.7548,.8317,.8859,.9
209,"Fujian_Tulou_Fujian_China",1.0,1.0,.95,.9667,.975,.96,.2778,.3333,.4444,.5556,.6667,.6667,.4348,.5,.6056,.7056,.7919,.7869
210,"Alabama_State_Capitol",.6,.7,.8,.8,.8,.82,.0952,.2857,.5238,.7143,.8095,.8571,.1644,.4058,.6331,.7547,.8047,.8382
211,"Palazzo_dAccursio",.6,.8,.65,.7,.65,.6,.1667,.2778,.3889,.4444,.5556,.5556,.2609,.4124,.4866,.5437,.5991,.5769
212,"Casa_Grande_Ruins",.8,.8,.85,.8667,.825,.86,.2353,.3529,.4118,.4706,.4706,.4706,.3636,.4898,.5548,.61,.5993,.6083
213,"Stravinsky_Fountain",1.0,.9,.95,.9,.9,.9,.2667,.2667,.4,.4,.4,.4,.4211,.4114,.563,.5538,.5538,.5538
214,"Angel_Falls_Venezuela",.4,.4,.5,.5333,.525,.52,.1176,.2353,.4118,.4706,.5882,.7059,.1818,.2963,.4516,.5,.5548,.5988
215,"Statue_of_George_IV",.6,.6,.5,.5333,.475,.46,.375,.375,.75,.875,.875,1.0,.4615,.4615,.6,.6627,.6157,.6301
216,"Palacio_Barolo",.8,.9,.85,.9,.9,.92,.1765,.3529,.4118,.5294,.6471,.7059,.2892,.507,.5548,.6667,.7529,.7988
217,"Bridge_of_Remembrance_Christchurch_New_Zealand",.8,.9,.85,.8333,.775,.7,.1667,.5,.6667,.75,.8333,.9167,.2759,.6429,.7473,.7895,.8031,.7938
218,"John_A._Roebling_Suspension_Bridge",.4,.4,.4,.4667,.475,.5,.1333,.2667,.3333,.5333,.7333,.7333,.2,.32,.3636,.4978,.5766,.5946
219,"Blue_Dome_Santorini",.8,.9,.85,.8667,.9,.9,.1875,.5,.5,.625,.6875,.75,.3038,.6429,.6296,.7263,.7795,.8182
220,"Fossar_de_les_Moreres",.4,.6,.55,.5333,.5,.44,.1429,.2143,.3571,.4286,.5,.6429,.2105,.3158,.4331,.4752,.5,.5224
221,"Luxor_Obelisk_France",.8,.9,.8,.8667,.8,.84,.1875,.25,.25,.375,.4375,.4375,.3038,.3913,.381,.5235,.5657,.5753
222,"Valle_de_los_Caidos",1.0,.9,.9,.8667,.875,.86,.25,.35,.5,.6,.65,.7,.4,.504,.6429,.7091,.7459,.7718
--------------------
"--","Avg.",P@5,P@10,P@20,P@30,P@40,P@50,CR@5,CR@10,CR@20,CR@30,CR@40,CR@50,F1@5,F1@10,F1@20,F1@30,F1@40,F1@50
,.,7766,.7815,.7745,.7703,.7634,.76,.1535,.2591,.4049,.5095,.5878,.6497,.2515,.3816,.521,.602,.6511,.6861
