--------------------
"Run name","output_runPHOGDunnIndex"
--------------------
"Average P@20 = ",.7779
"Average CR@20 = ",.4062
"Average F1@20 = ",.525
--------------------
"Query Id ","Location name",P@5,P@10,P@20,P@30,P@40,P@50,CR@5,CR@10,CR@20,CR@30,CR@40,CR@50,F1@5,F1@10,F1@20,F1@30,F1@40,F1@50
1,"angel_of_the_north",1.0,1.0,1.0,1.0,1.0,1.0,.2,.24,.4,.6,.68,.72,.3333,.3871,.5714,.75,.8095,.8372
2,"big_ben",1.0,.9,.9,.8667,.825,.78,.2273,.3182,.4091,.5,.5455,.5455,.3704,.4701,.5625,.6341,.6567,.642
3,"hearst_castle",1.0,.9,.9,.9,.925,.92,.1667,.3333,.5417,.5833,.8333,.9167,.2857,.4865,.6763,.7079,.8768,.9183
4,"la_madeleine",.4,.3,.4,.4,.375,.4,.1429,.2143,.4286,.5714,.5714,.7857,.2105,.25,.4138,.4706,.4528,.5301
5,"pont_alexandre_iii",1.0,1.0,1.0,.9667,.975,.98,.16,.32,.44,.56,.64,.76,.2759,.4848,.6111,.7092,.7728,.8561
6,"neues_museum",.6,.4,.3,.4,.45,.54,.12,.16,.2,.44,.48,.56,.2,.2286,.24,.419,.4645,.5498
7,"montezuma_castle",.8,.6,.5,.5667,.575,.56,.25,.3333,.3333,.5,.75,.75,.381,.4286,.4,.5312,.6509,.6412
8,"cn_tower",.6,.6,.75,.7333,.725,.72,.125,.2083,.4167,.5417,.5833,.625,.2069,.3093,.5357,.6231,.6465,.6691
9,"acropolis_athens",1.0,.9,.9,.8,.85,.8,.1905,.2857,.4286,.4762,.5238,.619,.32,.4337,.5806,.597,.6482,.698
10,"agra_fort",.8,.8,.8,.8667,.85,.88,.16,.24,.44,.52,.6,.68,.2667,.3692,.5677,.65,.7034,.7672
11,"albert_memorial",1.0,1.0,.85,.8,.775,.78,.1818,.2273,.2727,.3182,.5,.5909,.3077,.3704,.413,.4553,.6078,.6724
12,"altes_museum",.4,.3,.5,.6,.625,.64,.0833,.125,.3333,.4167,.5,.5833,.1379,.1765,.4,.4918,.5556,.6104
13,"amiens_cathedral",1.0,1.0,.9,.9333,.95,.96,.16,.28,.52,.72,.8,.84,.2759,.4375,.6592,.8129,.8686,.896
14,"angkor_wat",1.0,.9,.75,.7667,.725,.76,.2,.24,.36,.52,.6,.72,.3333,.3789,.4865,.6197,.6566,.7395
15,"ara_pacis",.8,.8,.75,.7667,.8,.78,.1364,.2727,.5,.5455,.5909,.7727,.233,.4068,.6,.6374,.6797,.7763
16,"arc_de_triomphe",.8,.8,.75,.7,.7,.74,.1667,.2917,.4583,.6667,.7083,.8333,.2759,.4275,.569,.6829,.7041,.7839
17,"aztec_ruins",.2,.2,.25,.2,.25,.32,.04,.08,.2,.24,.32,.44,.0667,.1143,.2222,.2182,.2807,.3705
18,"berlin_cathedral",1.0,.9,.9,.9,.925,.88,.2,.28,.56,.6,.64,.64,.3333,.4271,.6904,.72,.7565,.7411
19,"bok_tower_gardens",.8,.8,.85,.8667,.9,.92,.16,.28,.48,.56,.68,.72,.2667,.4148,.6135,.6804,.7747,.8078
20,"brandenburg_gate",1.0,1.0,1.0,.9667,.975,.96,.16,.28,.4,.4,.56,.56,.2759,.4375,.5714,.5659,.7114,.7074
21,"cabrillo",.0,.1,.1,.1333,.125,.14,.0,.0769,.1538,.3077,.3846,.3846,.0,.087,.1212,.186,.1887,.2053
22,"casa_batllo",1.0,1.0,.95,.9333,.925,.92,.2,.28,.4,.6,.72,.76,.3333,.4375,.563,.7304,.8097,.8324
23,"casa_rosada",1.0,.9,.9,.9,.925,.94,.2,.24,.44,.56,.72,.8,.3333,.3789,.591,.6904,.8097,.8644
24,"castillo_de_san_marcos",.8,.6,.75,.6667,.7,.72,.12,.2,.44,.48,.56,.64,.2087,.3,.5546,.5581,.6222,.6776
25,"chartres_cathedral",1.0,1.0,.95,.9,.925,.92,.16,.24,.56,.6,.68,.8,.2759,.3871,.7046,.72,.7838,.8558
26,"chichen_itza",1.0,.8,.9,.9333,.925,.88,.2,.28,.48,.6,.72,.76,.3333,.4148,.6261,.7304,.8097,.8156
27,"christ_the_redeemer_rio",.2,.4,.55,.5333,.475,.54,.0435,.087,.3043,.4783,.5217,.6087,.0714,.1429,.3919,.5043,.4973,.5723
28,"civic_center_san_francisco",.6,.7,.75,.6667,.7,.62,.12,.28,.4,.44,.56,.64,.2,.4,.5217,.5301,.6222,.6298
29,"cologne_cathedral",.8,.9,.95,.9667,.975,.94,.16,.28,.48,.6,.6,.68,.2667,.4271,.6378,.7404,.7429,.7891
30,"colosseum",1.0,1.0,1.0,.9333,.925,.9,.2,.36,.44,.52,.6,.64,.3333,.5294,.6111,.6679,.7279,.7481
31,"doge_s_palace",1.0,.9,.95,.9333,.85,.84,.16,.28,.44,.48,.52,.56,.2759,.4271,.6014,.634,.6453,.672
32,"eiffel_tower",1.0,1.0,.9,.8667,.875,.8,.16,.24,.36,.44,.48,.52,.2759,.3871,.5143,.5837,.6199,.6303
33,"golden_gate_bridge",1.0,1.0,.9,.8667,.825,.8,.1739,.3043,.4348,.5652,.6522,.6957,.2963,.4667,.5863,.6842,.7285,.7442
34,"grand_palais",1.0,.9,.9,.8667,.875,.9,.2273,.3182,.5,.5909,.7273,.7273,.3704,.4701,.6429,.7027,.7943,.8045
35,"guggenheim_museum_bilbao",1.0,1.0,1.0,.9667,.975,.98,.16,.32,.48,.56,.64,.68,.2759,.4848,.6486,.7092,.7728,.8029
36,"hagia_sophia_istanbul",1.0,1.0,.95,.9333,.95,.96,.12,.28,.32,.44,.56,.64,.2143,.4375,.4787,.5981,.7046,.768
37,"hoover_dam",1.0,.9,.95,.9667,.95,.92,.12,.24,.4,.56,.64,.68,.2143,.3789,.563,.7092,.7648,.782
38,"humayun_tomb",.8,.9,.75,.8,.8,.78,.16,.32,.48,.64,.68,.76,.2667,.4721,.5854,.7111,.7351,.7699
39,"iguazu_falls",.8,.6,.7,.7,.7,.7,.16,.2,.36,.48,.6,.68,.2667,.3,.4755,.5695,.6462,.6899
40,"iolani_palace",.8,.8,.7,.8,.75,.76,.16,.28,.44,.56,.64,.72,.2667,.4148,.5404,.6588,.6906,.7395
41,"la_mezquita",.8,.9,.8,.7333,.775,.7,.1667,.3333,.4583,.5833,.5833,.625,.2759,.4865,.5828,.6498,.6656,.6604
42,"la_rambla_barcelona",1.0,1.0,.9,.9333,.875,.88,.12,.2,.32,.44,.48,.52,.2143,.3333,.4721,.5981,.6199,.6537
43,"la_sainte_chapelle",1.0,1.0,1.0,.9667,.925,.94,.2,.36,.52,.72,.76,.76,.3333,.5294,.6842,.8253,.8344,.8405
44,"liberty_memorial",.6,.5,.65,.7,.7,.72,.08,.12,.28,.44,.56,.68,.1412,.1935,.3914,.5404,.6222,.6994
45,"lincoln_home",1.0,1.0,.85,.8,.75,.78,.2222,.3889,.5,.5,.5556,.7222,.3636,.56,.6296,.6154,.6383,.75
46,"machu_picchu",.8,.8,.8,.8,.8,.82,.16,.28,.44,.68,.72,.72,.2667,.4148,.5677,.7351,.7579,.7668
47,"marble_arch_london",.6,.7,.4,.4,.375,.32,.25,.3333,.3333,.5833,.6667,.75,.3529,.4516,.3636,.4746,.48,.4486
48,"milan_cathedral",.8,.8,.85,.9,.9,.9,.16,.32,.44,.52,.56,.68,.2667,.4571,.5798,.6592,.6904,.7747
49,"mole_antonelliana",1.0,.8,.8,.7,.675,.68,.16,.2,.28,.36,.4,.44,.2759,.32,.4148,.4755,.5023,.5343
50,"mont_saint_michel",1.0,1.0,1.0,1.0,.9,.92,.2,.32,.52,.6,.6,.68,.3333,.4848,.6842,.75,.72,.782
51,"moulin_rouge",.0,.0,.0,.1,.15,.16,.0,.0,.0,.375,.5,.5,.0,.0,.0,.1579,.2308,.2424
52,"nelson_s_column",1.0,.9,.95,.9333,.95,.94,.125,.1667,.375,.5833,.5833,.625,.2222,.2812,.5377,.7179,.7228,.7508
53,"notre_dame_de_paris",.8,.9,.9,.9,.925,.88,.16,.24,.36,.52,.6,.64,.2667,.3789,.5143,.6592,.7279,.7411
54,"obelisco",.2,.2,.2,.2667,.225,.24,.0909,.1818,.2727,.6364,.6364,.7273,.125,.1905,.2308,.3758,.3325,.3609
55,"piccadilly_circus",.8,.9,.85,.8667,.775,.78,.1739,.2609,.4348,.5652,.6087,.6957,.2857,.4045,.5753,.6842,.6819,.7354
56,"place_de_la_concorde",1.0,1.0,.95,.9667,.95,.96,.12,.24,.4,.52,.56,.6,.2143,.3871,.563,.6762,.7046,.7385
57,"place_de_la_republique",.4,.2,.2,.2333,.2,.2,.25,.25,.5,.625,.625,.75,.3077,.2222,.2857,.3398,.303,.3158
58,"place_des_vosges",.8,.9,.85,.7333,.75,.72,.08,.28,.48,.56,.6,.6,.1455,.4271,.6135,.6351,.6667,.6545
59,"pont_du_gard",.8,.9,.9,.8667,.8,.82,.12,.24,.32,.4,.44,.56,.2087,.3789,.4721,.5474,.5677,.6655
60,"pont_neuf",.8,.9,.75,.7,.65,.62,.16,.2,.28,.44,.52,.6,.2667,.3273,.4078,.5404,.5778,.6098
61,"ponte_vecchio",1.0,.8,.8,.7667,.775,.78,.2083,.25,.4583,.5417,.5833,.5833,.3448,.381,.5828,.6348,.6656,.6675
62,"puerta_de_alcala",.4,.3,.45,.4333,.475,.5,.1053,.1579,.3684,.3684,.4211,.6316,.1667,.2069,.4051,.3982,.4464,.5581
63,"puerta_del_sol",.2,.2,.2,.3667,.425,.36,.05,.1,.2,.4,.5,.5,.08,.1333,.2,.3826,.4595,.4186
64,"red_fort",1.0,1.0,1.0,1.0,1.0,1.0,.2,.32,.48,.56,.64,.68,.3333,.4848,.6486,.7179,.7805,.8095
65,"reims_cathedral",1.0,1.0,1.0,.9667,.95,.94,.2,.2,.44,.52,.6,.68,.3333,.3333,.6111,.6762,.7355,.7891
66,"rialto_bridge",.8,.8,.75,.6667,.6,.52,.1875,.375,.5625,.625,.625,.625,.3038,.5106,.6429,.6452,.6122,.5677
67,"roman_forum_rome",.4,.7,.75,.8,.8,.8,.08,.28,.44,.6,.68,.68,.1333,.4,.5546,.6857,.7351,.7351
68,"sacre_coeur",.4,.4,.55,.5,.575,.56,.0833,.125,.3333,.375,.375,.5,.1379,.1905,.4151,.4286,.4539,.5283
69,"sagrada_familia",.8,.9,.95,.9667,.95,.94,.16,.32,.44,.48,.52,.68,.2667,.4721,.6014,.6415,.6721,.7891
70,"santa_maria_novella",1.0,.7,.7,.6667,.625,.6,.12,.2,.32,.52,.52,.64,.2143,.3111,.4392,.5843,.5677,.6194
71,"schonbrunn_palace",1.0,1.0,1.0,.9667,.975,.94,.2,.36,.56,.6,.68,.76,.3333,.5294,.7179,.7404,.8012,.8405
72,"seville_cathedral",1.0,.9,.95,.9,.875,.9,.12,.24,.4,.48,.64,.64,.2143,.3789,.563,.6261,.7393,.7481
73,"spanish_steps",.8,.7,.75,.7333,.675,.66,.1818,.1818,.3182,.5,.6364,.7273,.2963,.2887,.4468,.5946,.6551,.692
74,"st__basil_cathedral",.8,.9,.85,.9,.875,.9,.16,.32,.48,.6,.6,.64,.2667,.4721,.6135,.72,.7119,.7481
75,"statue_of_liberty",.8,.8,.75,.8333,.825,.82,.16,.32,.48,.56,.6,.68,.2667,.4571,.5854,.6699,.6947,.7435
76,"stonehenge",1.0,.9,.7,.6667,.625,.62,.1579,.2632,.4211,.4737,.5789,.6842,.2727,.4072,.5258,.5538,.6011,.6505
77,"summer_palace_beijing",1.0,1.0,1.0,.9667,.95,.92,.12,.2,.36,.44,.56,.64,.2143,.3333,.5294,.6047,.7046,.7549
78,"sydney_opera_house",1.0,1.0,.9,.9333,.925,.94,.2,.36,.48,.56,.6,.68,.3333,.5294,.6261,.7,.7279,.7891
79,"teotihuacan",.8,.7,.65,.6667,.625,.62,.16,.28,.4,.56,.6,.6,.2667,.4,.4952,.6087,.6122,.6098
80,"terracotta_army",.6,.6,.5,.5333,.575,.58,.15,.2,.35,.6,.7,.7,.24,.3,.4118,.5647,.6314,.6344
81,"the_blue_mosque",1.0,.9,.95,.9,.9,.92,.12,.24,.48,.56,.6,.68,.2143,.3789,.6378,.6904,.72,.782
82,"the_henry_ford",1.0,.9,.9,.8667,.85,.82,.16,.24,.4,.48,.6,.68,.2759,.3789,.5538,.6178,.7034,.7435
83,"taj_mahal",.8,.9,.95,.9,.925,.92,.08,.24,.44,.48,.68,.72,.1455,.3789,.6014,.6261,.7838,.8078
84,"tour_montparnasse",1.0,.8,.65,.6,.525,.44,.25,.3,.45,.45,.5,.5,.4,.4364,.5318,.5143,.5122,.4681
85,"tower_bridge_london",1.0,.9,.7,.5667,.575,.58,.2,.24,.4,.52,.56,.6,.3333,.3789,.5091,.5423,.5674,.5898
86,"trafalgar_square",.2,.5,.35,.4333,.425,.44,.0455,.2273,.2727,.3636,.3636,.4091,.0741,.3125,.3066,.3954,.3919,.424
87,"leaning_tower_of_pisa",.4,.6,.65,.6333,.65,.7,.08,.2,.36,.52,.6,.68,.1333,.3,.4634,.5711,.624,.6899
88,"hermitage_museum_saint_petersburg",1.0,1.0,.95,.9,.85,.88,.16,.28,.36,.44,.6,.64,.2759,.4375,.5221,.591,.7034,.7411
89,"jantar_mantar_jaipur",.8,.8,.75,.7667,.8,.78,.16,.24,.44,.64,.76,.84,.2667,.3692,.5546,.6976,.7795,.8089
90,"lake_titicaca_peru",.4,.5,.45,.4667,.5,.56,.0833,.2083,.3333,.4167,.5,.5833,.1379,.2941,.383,.4403,.5,.5714
91,"the_great_wall_of_china",.6,.8,.75,.7667,.825,.76,.12,.32,.4,.44,.6,.6,.2,.4571,.5217,.5591,.6947,.6706
92,"grande_arche_paris",1.0,.6,.55,.5667,.575,.58,.12,.16,.28,.4,.44,.48,.2143,.2526,.3711,.469,.4985,.5253
93,"el_angel_mexico",1.0,.8,.7,.6667,.65,.62,.1429,.2381,.381,.619,.7143,.7143,.25,.367,.4934,.642,.6806,.6638
94,"bibliotheque_nationale_de_france",.6,.6,.7,.7333,.7,.72,.12,.16,.36,.52,.56,.6,.2,.2526,.4755,.6085,.6222,.6545
95,"kronborg_castle",.6,.7,.7,.7333,.8,.8,.125,.2917,.4583,.5,.5417,.5833,.2069,.4118,.554,.5946,.646,.6747
96,"ajanta_caves",.6,.7,.85,.8667,.875,.86,.1364,.2273,.3636,.5909,.6364,.6364,.2222,.3431,.5094,.7027,.7368,.7315
97,"atomium",.8,.9,.9,.9333,.925,.92,.1905,.381,.381,.4762,.5238,.5238,.3077,.5353,.5353,.6306,.6689,.6675
98,"ellora_caves",1.0,1.0,1.0,.9667,.95,.94,.1818,.2727,.3636,.5455,.5455,.5455,.3077,.4286,.5333,.6974,.693,.6903
99,"potala_palace",1.0,.9,.85,.8,.8,.84,.1667,.2778,.4444,.5,.6111,.6667,.2857,.4245,.5837,.6154,.6929,.7434
100,"jokhang",.8,.8,.8,.8333,.825,.78,.16,.32,.52,.56,.68,.68,.2667,.4571,.6303,.6699,.7455,.7266
101,"rila_monastery",1.0,1.0,.85,.9,.85,.86,.2,.28,.36,.48,.56,.56,.3333,.4375,.5058,.6261,.6752,.6783
102,"louvre_pyramid",1.0,1.0,.95,.9,.9,.88,.1667,.2778,.3333,.5,.6667,.6667,.2857,.4348,.4935,.6429,.766,.7586
103,"brooklyn_bridge",.8,.8,.85,.7667,.725,.78,.1905,.2857,.381,.4286,.4762,.5238,.3077,.4211,.5261,.5498,.5748,.6267
104,"tower_of_london",.8,.9,.9,.9,.875,.74,.1304,.2609,.3478,.4783,.5217,.5217,.2243,.4045,.5017,.6246,.6537,.612
105,"british_museum_london",1.0,1.0,1.0,1.0,1.0,1.0,.15,.25,.4,.45,.55,.6,.2609,.4,.5714,.6207,.7097,.75
106,"buckingham_palace",.2,.2,.3,.3333,.3,.36,.05,.1,.25,.35,.35,.45,.08,.1333,.2727,.3415,.3231,.4
107,"charles_bridge_prague",1.0,1.0,.85,.7667,.75,.74,.1667,.3333,.375,.4583,.5,.5833,.2857,.5,.5204,.5737,.6,.6524
108,"champs_elysees_paris",.4,.6,.6,.5,.55,.52,.1333,.2,.4,.4667,.5333,.5333,.2,.3,.48,.4828,.5415,.5266
109,"chrysler_building",1.0,1.0,.95,.9667,.975,.98,.1429,.3571,.6429,.6429,.7143,.8571,.25,.5263,.7668,.7722,.8245,.9145
110,"moma_new_york",.4,.7,.75,.8333,.825,.86,.1053,.2632,.4211,.5263,.5789,.5789,.1667,.3825,.5393,.6452,.6804,.692
111,"grand_central_terminal",1.0,1.0,1.0,.9667,.95,.92,.1429,.1905,.4762,.5238,.619,.619,.25,.32,.6452,.6794,.7496,.7401
112,"houses_of_parliament",1.0,1.0,1.0,1.0,.975,.94,.2174,.3043,.4348,.5652,.5652,.5652,.3571,.4667,.6061,.7222,.7156,.706
113,"alexanderplatz_berlin",.6,.4,.55,.5667,.6,.64,.12,.16,.36,.44,.56,.6,.2,.2286,.4352,.4954,.5793,.6194
114,"centre_pompidou",1.0,.9,.7,.6667,.65,.68,.2222,.2778,.3889,.5,.5556,.6111,.3636,.4245,.5,.5714,.5991,.6437
115,"sydney_harbour_bridge",1.0,1.0,1.0,1.0,1.0,1.0,.1875,.1875,.4375,.6875,.6875,.75,.3158,.3158,.6087,.8148,.8148,.8571
116,"pier_39",1.0,1.0,.95,.9667,.975,.96,.1905,.2857,.4762,.5714,.6667,.7619,.32,.4444,.6344,.7183,.7919,.8496
117,"coit_tower",1.0,.8,.8,.7333,.775,.74,.2,.2667,.4,.5333,.5333,.6,.3333,.4,.5333,.6175,.6318,.6627
118,"st_paul_s_cathedral_london",1.0,1.0,.95,.8667,.825,.82,.2941,.4118,.5294,.6471,.7059,.7647,.4545,.5833,.6799,.7409,.7608,.7914
119,"cloud_gate",.8,.9,.7,.6667,.7,.68,.25,.3333,.4167,.5,.5,.5,.381,.4865,.5224,.5714,.5833,.5763
120,"musee_d_orsay",1.0,.9,.95,.9333,.925,.94,.1429,.2857,.3333,.381,.4762,.5238,.25,.4337,.4935,.5411,.6287,.6727
121,"pike_place_market",.8,.8,.85,.8,.8,.84,.1429,.2381,.2857,.4286,.4762,.5238,.2424,.367,.4277,.5581,.597,.6453
122,"royal_palace_madrid",.8,.7,.8,.8,.85,.82,.1818,.3182,.5,.5455,.7273,.7727,.2963,.4375,.6154,.6486,.7839,.7957
123,"sony_center_berlin",.8,.9,.9,.9,.9,.9,.1905,.3333,.381,.381,.381,.4286,.3077,.4865,.5353,.5353,.5353,.5806
124,"red_square_moscow",.6,.7,.7,.6,.6,.58,.0476,.1905,.2857,.381,.4286,.4762,.0882,.2995,.4058,.466,.5,.523
125,"prague_castle",1.0,.9,.9,.9,.85,.88,.12,.28,.48,.52,.52,.68,.2143,.4271,.6261,.6592,.6453,.7672
126,"musee_du_louvre",1.0,1.0,.95,.9667,.975,.98,.2,.32,.44,.6,.68,.72,.3333,.4848,.6014,.7404,.8012,.8301
127,"millennium_bridge_london",.8,.9,.95,.9,.85,.84,.16,.24,.48,.48,.48,.56,.2667,.3789,.6378,.6261,.6135,.672
128,"casa_mila",1.0,.9,.9,.9333,.95,.96,.16,.28,.32,.56,.6,.68,.2759,.4271,.4721,.7,.7355,.7961
129,"national_gallery_london",1.0,1.0,.9,.8667,.8,.74,.2273,.3636,.4545,.5455,.5455,.5909,.3704,.5333,.604,.6695,.6486,.6571
130,"national_mall",1.0,1.0,1.0,.9333,.925,.8,.2,.28,.52,.68,.72,.72,.3333,.4375,.6842,.7868,.8097,.7579
131,"london_city_hall",1.0,1.0,.95,.9,.8,.82,.15,.3,.35,.45,.6,.65,.2609,.4615,.5115,.6,.6857,.7252
132,"holocaust_memorial",1.0,1.0,.65,.6,.6,.6,.25,.3125,.4375,.5,.6875,.6875,.4,.4762,.523,.5455,.6408,.6408
133,"columbus_circle",.8,.8,.65,.6333,.6,.58,.16,.28,.4,.56,.64,.68,.2667,.4148,.4952,.5944,.6194,.626
134,"siegessaeule",1.0,.7,.55,.5333,.6,.62,.12,.2,.36,.44,.6,.72,.2143,.3111,.4352,.4822,.6,.6663
135,"jardin_du_luxembourg",.8,.9,.95,.9667,.925,.92,.12,.28,.52,.6,.64,.68,.2087,.4271,.6721,.7404,.7565,.782
136,"merlion_singapore",.2,.2,.3,.4,.35,.4,.0455,.0909,.2727,.4091,.4545,.6364,.0741,.125,.2857,.4045,.3955,.4912
137,"harrods_london",.8,.8,.85,.8333,.8,.82,.16,.24,.44,.6,.6,.72,.2667,.3692,.5798,.6977,.6857,.7668
138,"metropolitan_museum_of_art_new_york",1.0,.9,.95,.9333,.95,.96,.16,.28,.44,.52,.6,.64,.2759,.4271,.6014,.6679,.7355,.768
139,"new_york_stock_exchange",.6,.7,.65,.6333,.65,.64,.15,.3,.55,.6,.65,.7,.24,.42,.5958,.6162,.65,.6687
140,"stephansdom_vienna",1.0,1.0,1.0,1.0,1.0,1.0,.16,.28,.44,.56,.64,.68,.2759,.4375,.6111,.7179,.7805,.8095
141,"hms_belfast",1.0,1.0,1.0,1.0,1.0,1.0,.08,.28,.4,.52,.6,.68,.1481,.4375,.5714,.6842,.75,.8095
142,"leicester_square",.6,.8,.75,.7667,.725,.7,.08,.24,.36,.48,.48,.52,.1412,.3692,.4865,.5904,.5776,.5967
143,"ciudad_de_las_artes_y_las_ciencias",1.0,.9,.95,.9333,.95,.94,.16,.28,.44,.6,.64,.68,.2759,.4271,.6014,.7304,.7648,.7891
144,"topkapi_palace",1.0,1.0,1.0,1.0,1.0,1.0,.16,.24,.48,.6,.64,.72,.2759,.3871,.6486,.75,.7805,.8372
145,"royal_albert_hall",.8,.8,.55,.6333,.575,.58,.12,.24,.28,.44,.48,.52,.2087,.3692,.3711,.5193,.5232,.5484
146,"st_vitus_cathedral",.8,.9,.95,.9333,.95,.96,.12,.24,.44,.48,.6,.76,.2087,.3789,.6014,.634,.7355,.8484
147,"castello_sforzesco",1.0,1.0,.95,.9333,.9,.9,.16,.24,.24,.32,.52,.6,.2759,.3871,.3832,.4766,.6592,.72
148,"rijksmuseum_amsterdam",1.0,1.0,.95,.9667,.975,.98,.08,.16,.32,.56,.56,.68,.1481,.2759,.4787,.7092,.7114,.8029
149,"dam_square",1.0,.9,.8,.7667,.625,.64,.2,.28,.36,.44,.52,.52,.3333,.4271,.4966,.5591,.5677,.5738
150,"rathaus_vienna",.8,.8,.65,.7,.725,.7,.12,.24,.32,.4,.48,.52,.2087,.3692,.4289,.5091,.5776,.5967
151,"bath_abbey",1.0,1.0,.95,.9667,.975,.94,.2,.36,.44,.52,.6,.72,.3333,.5294,.6014,.6762,.7429,.8154
152,"salisbury_cathedral",1.0,1.0,.95,.9333,.95,.96,.2,.28,.32,.44,.48,.56,.3333,.4375,.4787,.5981,.6378,.7074
153,"templo_de_debod",.2,.4,.6,.4667,.475,.56,.0455,.1364,.2727,.3636,.4545,.4545,.0741,.2034,.375,.4088,.4645,.5018
154,"Niagara_Falls",.6,.6,.6,.6,.65,.6,.1364,.2727,.3182,.4091,.5,.5909,.2222,.375,.4158,.4865,.5652,.5954
155,"Golden_Gate_Bridge_in_San_Francisco",.8,.8,.9,.9333,.95,.96,.0909,.1818,.5,.5909,.7273,.7273,.1633,.2963,.6429,.7237,.8238,.8276
156,"Neuschwanstein_Castle",1.0,.9,.95,.9667,.925,.92,.12,.28,.4,.64,.64,.68,.2143,.4271,.563,.7701,.7565,.782
157,"Christ_Church_Cathedral_Missouri",1.0,1.0,1.0,.9,.875,.84,.16,.28,.44,.56,.68,.72,.2759,.4375,.6111,.6904,.7653,.7754
158,"Mount_Rushmore_in_South_Dakota",1.0,1.0,1.0,.9667,.975,.96,.16,.28,.48,.56,.6,.68,.2759,.4375,.6486,.7092,.7429,.7961
159,"Puerta_de_Toledo",.0,.0,.0,.0667,.05,.04,.0,.0,.0,1.0,1.0,1.0,.0,.0,.0,.125,.0952,.0769
160,"Urquhart_Castle",1.0,1.0,.85,.8,.825,.84,.1667,.2917,.4167,.625,.7917,.8333,.2857,.4516,.5592,.7018,.808,.8367
161,"Gare_du_Nord_Paris",.8,.8,.9,.8667,.85,.82,.08,.16,.36,.4,.48,.52,.1455,.2667,.5143,.5474,.6135,.6364
162,"Newgrange_in_Ireland",.8,.6,.7,.7667,.725,.72,.125,.1667,.3333,.4583,.5417,.5833,.2162,.2609,.4516,.5737,.6201,.6445
163,"Windmills_at_Kinderdijk",.8,.9,.9,.9,.925,.9,.12,.24,.4,.48,.56,.6,.2087,.3789,.5538,.6261,.6976,.72
164,"Conciergerie",.8,.9,.95,.9333,.95,.96,.16,.24,.48,.52,.56,.64,.2667,.3789,.6378,.6679,.7046,.768
165,"Palazzo_Madama",.8,.5,.65,.6,.6,.54,.1364,.1818,.4545,.6364,.6364,.6364,.233,.2667,.535,.6176,.6176,.5842
166,"Split_Rock_Lighthouse",1.0,1.0,.85,.7667,.8,.8,.16,.28,.36,.4,.48,.52,.2759,.4375,.5058,.5257,.6,.6303
167,"The_Little_Mermaid_Denmark",.6,.7,.55,.5667,.6,.54,.2143,.4286,.4286,.5714,.6429,.6429,.3158,.5316,.4818,.569,.6207,.587
168,"Great_Pyramid_of_Giza",.8,.6,.65,.6,.625,.6,.2,.2667,.4667,.6,.6667,.7333,.32,.3692,.5433,.6,.6452,.66
169,"Pitti_Palace",.8,.7,.7,.6667,.65,.62,.1364,.2727,.4545,.5455,.5455,.5909,.233,.3925,.5512,.6,.5932,.6051
170,"Georgia_State_Capitol",.8,.6,.65,.7,.575,.46,.1579,.2105,.2632,.2632,.2632,.2632,.2637,.3117,.3746,.3825,.3611,.3348
171,"Dome_des_Invalides",.8,.9,.9,.9,.925,.92,.16,.2,.4,.52,.6,.64,.2667,.3273,.5538,.6592,.7279,.7549
172,"Reggia_di_Caserta",.4,.4,.55,.5333,.575,.62,.08,.16,.36,.44,.56,.6,.1333,.2286,.4352,.4822,.5674,.6098
173,"The_Burj_al_Arab_Hotel",.8,.9,.75,.7333,.75,.74,.16,.28,.44,.6,.6,.72,.2667,.4271,.5546,.66,.6667,.7299
174,"Elephanta_Caves",.8,.9,.9,.9,.9,.88,.125,.2917,.4167,.5,.5417,.6667,.2162,.4406,.5696,.6429,.6763,.7586
175,"Basilica_of_Santa_Croce",1.0,1.0,1.0,1.0,1.0,1.0,.16,.2,.36,.52,.64,.68,.2759,.3333,.5294,.6842,.7805,.8095
176,"Aachen_Cathedral",.8,.9,.9,.9,.9,.88,.16,.24,.4,.56,.56,.72,.2667,.3789,.5538,.6904,.6904,.792
177,"Monument_to_the_Great_Fire_of_London",.4,.4,.45,.5667,.575,.58,.08,.16,.28,.48,.56,.6,.1333,.2286,.3452,.5197,.5674,.5898
178,"Longmen_Grottoes",.8,.9,.7,.6333,.575,.6,.16,.28,.32,.48,.64,.72,.2667,.4271,.4392,.5461,.6058,.6545
179,"Louisiana_State_Capitol",.2,.1,.3,.3667,.375,.34,.04,.04,.2,.36,.4,.44,.0667,.0571,.24,.3633,.3871,.3836
180,"The_Great_Sphinx_at_Giza",1.0,.9,.9,.9333,.875,.8,.2,.28,.52,.64,.72,.76,.3333,.4271,.6592,.7593,.79,.7795
181,"Teatro_Real_Madrid",.6,.7,.7,.5333,.575,.56,.1304,.2609,.4348,.5217,.6522,.6957,.2143,.3801,.5364,.5275,.6112,.6205
182,"Palacio_de_la_Magdalena",.6,.7,.8,.8,.775,.78,.12,.24,.44,.52,.6,.64,.2,.3574,.5677,.6303,.6764,.7031
183,"Sowjetisches_Ehrenmal",.4,.5,.65,.7333,.725,.76,.08,.2,.44,.6,.72,.76,.1333,.2857,.5248,.66,.7225,.76
184,"Cathedral_of_Trier",1.0,1.0,.95,.9667,.9,.88,.16,.28,.44,.72,.76,.8,.2759,.4375,.6014,.8253,.8241,.8381
185,"Saint_Mary_of_the_Flower",.4,.2,.35,.3667,.45,.42,.08,.08,.24,.36,.44,.44,.1333,.1143,.2847,.3633,.4449,.4298
186,"Skellig_Michael",1.0,.9,.65,.7,.7,.64,.2,.32,.36,.52,.6,.64,.3333,.4721,.4634,.5967,.6462,.64
187,"Chicago_Board_of_Trade_Building",.8,.8,.75,.6667,.675,.62,.1364,.2273,.3182,.4091,.5909,.6364,.233,.354,.4468,.507,.6302,.6281
188,"Pont_de_Normandie_France",1.0,1.0,.95,.9667,.9,.82,.2632,.4211,.7368,.8421,.8421,.8947,.4167,.5926,.83,.9001,.8701,.8557
189,"Palazzo_Rosso",.0,.2,.15,.2,.15,.12,.0,.0833,.125,.1667,.1667,.1667,.0,.1176,.1364,.1818,.1579,.1395
190,"Piazza_Vittorio_Veneto",.2,.5,.45,.6,.525,.46,.0625,.25,.375,.625,.625,.75,.0952,.3333,.4091,.6122,.5707,.5702
191,"Sforza_Castle",1.0,1.0,.95,.9667,.9,.92,.16,.24,.44,.52,.64,.68,.2759,.3871,.6014,.6762,.7481,.782
192,"Torres_KIO",.8,.9,.9,.8667,.825,.8,.16,.28,.48,.56,.6,.68,.2667,.4271,.6261,.6804,.6947,.7351
193,"Torre_Picasso",.8,.8,.7,.7,.725,.74,.1667,.2917,.375,.5,.5833,.7917,.2759,.4275,.4884,.5833,.6465,.765
194,"The_Palace_of_Parliament_in_Bucharest",.8,.8,.85,.9,.9,.88,.12,.16,.28,.32,.52,.6,.2087,.2667,.4212,.4721,.6592,.7135
195,"Ernest_Hemingway_House",.6,.7,.7,.7667,.8,.82,.12,.2,.32,.44,.64,.64,.2,.3111,.4392,.5591,.7111,.7189
196,"Castel_dellOvo_Napoli",1.0,1.0,.85,.7667,.75,.76,.2,.32,.52,.56,.64,.68,.3333,.4848,.6453,.6472,.6906,.7178
197,"Villa_Borghese_gardens",1.0,1.0,1.0,.9667,.975,.98,.08,.24,.44,.64,.72,.8,.1481,.3871,.6111,.7701,.8283,.8809
198,"Saint_Marks_Basilica",1.0,1.0,1.0,.9667,.975,.96,.12,.16,.32,.4,.44,.52,.2143,.2759,.4848,.5659,.6064,.6746
199,"Mausoleum_of_the_First_Qin_Emperor",.8,.9,.95,.9333,.875,.86,.12,.24,.4,.52,.56,.6,.2087,.3789,.563,.6679,.6829,.7068
200,"Mausoleum_of_Hadrian",.8,.8,.8,.7,.7,.68,.1111,.2222,.3889,.3889,.6667,.7222,.1951,.3478,.5234,.5,.6829,.7005
201,"Piazza_de_Ferrari",1.0,1.0,1.0,.9667,.95,.92,.1579,.3158,.4737,.4737,.5263,.5789,.2727,.48,.6429,.6358,.6774,.7107
202,"George_Washington_Carver",.4,.6,.5,.6,.6,.62,.125,.25,.4375,.4375,.5,.625,.1905,.3529,.4667,.506,.5455,.6225
203,"Cathedral_of_Santiago_de_Compostela",.6,.8,.8,.8667,.9,.84,.1176,.2941,.5882,.7647,.8824,.8824,.1967,.4301,.678,.8125,.8911,.8607
204,"Saint-Jacques_Tower",1.0,.9,.9,.8,.8,.84,.2308,.3846,.5385,.5385,.5385,.7692,.375,.5389,.6738,.6437,.6437,.8031
205,"Calakmul_Campeche_Mexico",1.0,1.0,.95,.8667,.85,.84,.2143,.4286,.6429,.7143,.7857,.8571,.3529,.6,.7668,.7831,.8166,.8485
206,"Bran_Castle_in_Transylvania",.8,.9,.9,.9333,.9,.9,.1053,.3158,.5263,.5789,.6842,.7368,.186,.4675,.6642,.7146,.7774,.8103
207,"Mosteiro_da_Batalha",1.0,1.0,1.0,1.0,1.0,1.0,.2632,.4737,.5263,.5789,.6316,.6842,.4167,.6429,.6897,.7333,.7742,.8125
208,"Wartburg_Castle",.8,.9,.95,.9,.925,.92,.15,.3,.5,.65,.7,.8,.2526,.45,.6552,.7548,.7969,.8558
209,"Fujian_Tulou_Fujian_China",1.0,1.0,.95,.9667,.975,.96,.2778,.3333,.5,.5556,.6667,.7222,.4348,.5,.6552,.7056,.7919,.8243
210,"Alabama_State_Capitol",.6,.7,.6,.6667,.65,.64,.1429,.3333,.4762,.5714,.6667,.7619,.2308,.4516,.531,.6154,.6582,.6957
211,"Palazzo_dAccursio",.6,.7,.8,.6667,.675,.6,.1111,.2222,.3889,.4444,.4444,.4444,.1875,.3373,.5234,.5333,.536,.5106
212,"Casa_Grande_Ruins",1.0,.8,.85,.8333,.85,.84,.2941,.3529,.3529,.4706,.5294,.5294,.4545,.4898,.4988,.6015,.6525,.6495
213,"Stravinsky_Fountain",1.0,.8,.9,.9,.85,.86,.2667,.3333,.3333,.4,.4,.4667,.4211,.4706,.4865,.5538,.544,.605
214,"Angel_Falls_Venezuela",.4,.6,.5,.5667,.575,.56,.0588,.1765,.2941,.5294,.6471,.7059,.1026,.2727,.3704,.5474,.6089,.6245
215,"Statue_of_George_IV",.4,.4,.4,.4667,.375,.3,.25,.5,.75,.875,.875,.875,.3077,.4444,.5217,.6087,.525,.4468
216,"Palacio_Barolo",.6,.8,.9,.9,.875,.9,.1176,.2941,.4706,.6471,.6471,.7059,.1967,.4301,.618,.7529,.744,.7912
217,"Bridge_of_Remembrance_Christchurch_New_Zealand",1.0,.9,.75,.7,.65,.58,.3333,.5,.75,.8333,.9167,.9167,.5,.6429,.75,.7609,.7606,.7105
218,"John_A._Roebling_Suspension_Bridge",.0,.2,.35,.3667,.5,.52,.0,.1333,.3333,.5333,.8,.8,.0,.16,.3415,.4346,.6154,.6303
219,"Blue_Dome_Santorini",.8,.9,.9,.9,.9,.84,.1875,.375,.5625,.75,.8125,.875,.3038,.5294,.6923,.8182,.854,.8571
220,"Fossar_de_les_Moreres",.6,.6,.55,.5333,.55,.5,.1429,.2857,.5,.5714,.7143,.7143,.2308,.3871,.5238,.5517,.6215,.5882
221,"Luxor_Obelisk_France",1.0,.9,.75,.7667,.775,.78,.1875,.25,.375,.4375,.4375,.5,.3158,.3913,.5,.5571,.5593,.6094
222,"Valle_de_los_Caidos",.8,.9,.9,.9333,.925,.92,.2,.25,.4,.6,.7,.85,.32,.3913,.5538,.7304,.7969,.8836
--------------------
"--","Avg.",P@5,P@10,P@20,P@30,P@40,P@50,CR@5,CR@10,CR@20,CR@30,CR@40,CR@50,F1@5,F1@10,F1@20,F1@30,F1@40,F1@50
,.,7937,.7914,.7779,.7721,.7657,.7578,.1507,.2571,.4062,.5222,.5939,.6519,.2504,.3829,.525,.6089,.6546,.686
