--------------------
"Run name","output_runLUMDunnIndex"
--------------------
"Average P@20 = ",.7595
"Average CR@20 = ",.4102
"Average F1@20 = ",.5246
--------------------
"Query Id ","Location name",P@5,P@10,P@20,P@30,P@40,P@50,CR@5,CR@10,CR@20,CR@30,CR@40,CR@50,F1@5,F1@10,F1@20,F1@30,F1@40,F1@50
1,"angel_of_the_north",1.0,1.0,1.0,1.0,1.0,1.0,.16,.32,.48,.56,.64,.68,.2759,.4848,.6486,.7179,.7805,.8095
2,"big_ben",1.0,.8,.8,.7,.7,.72,.2273,.2727,.3182,.3636,.4091,.5,.3704,.4068,.4553,.4786,.5164,.5902
3,"hearst_castle",1.0,.8,.85,.8667,.875,.9,.2083,.3333,.5833,.6667,.75,.875,.3448,.4706,.6919,.7536,.8077,.8873
4,"la_madeleine",.2,.3,.3,.3,.3,.34,.0714,.2143,.4286,.5714,.6429,.7143,.1053,.25,.3529,.3934,.4091,.4607
5,"pont_alexandre_iii",1.0,1.0,.95,.9333,.825,.84,.2,.36,.48,.56,.64,.76,.3333,.5294,.6378,.7,.7208,.798
6,"neues_museum",.4,.4,.7,.7333,.75,.76,.08,.16,.44,.6,.68,.76,.1333,.2286,.5404,.66,.7133,.76
7,"montezuma_castle",.4,.6,.65,.6,.6,.62,.1667,.3333,.3333,.5833,.6667,.75,.2353,.4286,.4407,.5915,.6316,.6788
8,"cn_tower",.4,.5,.65,.5667,.6,.6,.0833,.2083,.3333,.375,.4167,.5417,.1379,.2941,.4407,.4513,.4918,.5693
9,"acropolis_athens",.8,.9,.75,.7667,.8,.82,.1905,.381,.4286,.5238,.619,.619,.3077,.5353,.5455,.6224,.698,.7055
10,"agra_fort",.8,.9,.9,.9,.9,.9,.12,.2,.4,.48,.56,.6,.2087,.3273,.5538,.6261,.6904,.72
11,"albert_memorial",.8,.9,.9,.8333,.825,.8,.1364,.3182,.5,.5909,.6364,.7273,.233,.4701,.6429,.6915,.7185,.7619
12,"altes_museum",.6,.7,.7,.7333,.725,.72,.0833,.1667,.375,.5417,.625,.6667,.1463,.2692,.4884,.6231,.6713,.6923
13,"amiens_cathedral",1.0,1.0,.95,.9667,.975,.98,.2,.28,.52,.68,.76,.88,.3333,.4375,.6721,.7984,.8542,.9273
14,"angkor_wat",.4,.6,.65,.6333,.675,.7,.08,.2,.36,.44,.6,.68,.1333,.3,.4634,.5193,.6353,.6899
15,"ara_pacis",1.0,.9,.7,.7,.725,.76,.1818,.2727,.4091,.5,.6364,.6818,.3077,.4186,.5164,.5833,.6778,.7188
16,"arc_de_triomphe",1.0,.9,.7,.7,.775,.78,.1667,.2917,.3333,.5,.6667,.7083,.2857,.4406,.4516,.5833,.7168,.7424
17,"aztec_ruins",.0,.0,.1,.2,.3,.32,.0,.0,.08,.24,.4,.48,.0,.0,.0889,.2182,.3429,.384
18,"berlin_cathedral",1.0,.9,.95,.9,.9,.92,.2,.32,.56,.68,.68,.68,.3333,.4721,.7046,.7747,.7747,.782
19,"bok_tower_gardens",.6,.8,.8,.8667,.85,.88,.12,.28,.52,.68,.72,.76,.2,.4148,.6303,.7621,.7796,.8156
20,"brandenburg_gate",1.0,1.0,1.0,.9667,.95,.94,.12,.2,.36,.52,.64,.68,.2143,.3333,.5294,.6762,.7648,.7891
21,"cabrillo",.6,.3,.25,.2,.15,.12,.2308,.2308,.3077,.3846,.3846,.3846,.3333,.2609,.2759,.2632,.2158,.1829
22,"casa_batllo",1.0,1.0,.95,.9667,.975,.98,.2,.32,.48,.56,.64,.76,.3333,.4848,.6378,.7092,.7728,.8561
23,"casa_rosada",1.0,1.0,1.0,.9333,.875,.9,.16,.28,.48,.56,.64,.72,.2759,.4375,.6486,.7,.7393,.8
24,"castillo_de_san_marcos",.8,.7,.6,.7333,.775,.76,.12,.24,.32,.48,.64,.64,.2087,.3574,.4174,.5802,.7011,.6949
25,"chartres_cathedral",1.0,1.0,1.0,1.0,.975,.98,.16,.28,.44,.56,.64,.72,.2759,.4375,.6111,.7179,.7728,.8301
26,"chichen_itza",.8,.8,.9,.9333,.95,.92,.16,.24,.44,.64,.76,.76,.2667,.3692,.591,.7593,.8444,.8324
27,"christ_the_redeemer_rio",.6,.6,.55,.6333,.625,.58,.1304,.2609,.4348,.5217,.6957,.7826,.2143,.3636,.4857,.5721,.6584,.6662
28,"civic_center_san_francisco",.6,.6,.55,.5,.475,.46,.12,.2,.4,.48,.52,.52,.2,.3,.4632,.4898,.4965,.4882
29,"cologne_cathedral",1.0,1.0,.95,.9667,.975,.98,.16,.32,.48,.68,.68,.76,.2759,.4848,.6378,.7984,.8012,.8561
30,"colosseum",1.0,.9,.9,.8333,.875,.84,.2,.32,.6,.64,.68,.72,.3333,.4721,.72,.724,.7653,.7754
31,"doge_s_palace",.8,.9,.95,.9667,.95,.94,.16,.24,.44,.56,.6,.6,.2667,.3789,.6014,.7092,.7355,.7325
32,"eiffel_tower",1.0,1.0,.95,.8667,.85,.88,.2,.24,.36,.4,.52,.56,.3333,.3871,.5221,.5474,.6453,.6844
33,"golden_gate_bridge",.8,.8,.75,.7667,.75,.74,.1739,.1739,.3478,.4348,.5217,.5652,.2857,.2857,.4752,.5549,.6154,.6409
34,"grand_palais",.8,.8,.85,.8667,.9,.92,.1818,.2273,.3636,.4091,.6364,.8182,.2963,.354,.5094,.5558,.7456,.8661
35,"guggenheim_museum_bilbao",1.0,.9,.95,.9333,.925,.88,.2,.28,.4,.52,.6,.64,.3333,.4271,.563,.6679,.7279,.7411
36,"hagia_sophia_istanbul",1.0,1.0,1.0,1.0,1.0,.98,.16,.24,.44,.52,.6,.6,.2759,.3871,.6111,.6842,.75,.7443
37,"hoover_dam",1.0,1.0,.9,.9333,.925,.9,.12,.28,.48,.6,.68,.72,.2143,.4375,.6261,.7304,.7838,.8
38,"humayun_tomb",.8,.8,.8,.7667,.775,.82,.12,.16,.44,.56,.6,.72,.2087,.2667,.5677,.6472,.6764,.7668
39,"iguazu_falls",.6,.7,.65,.7333,.775,.78,.04,.16,.24,.48,.52,.64,.075,.2605,.3506,.5802,.6224,.7031
40,"iolani_palace",.8,.9,.7,.7333,.7,.74,.16,.24,.4,.48,.56,.64,.2667,.3789,.5091,.5802,.6222,.6864
41,"la_mezquita",.6,.8,.6,.6,.575,.56,.125,.2917,.375,.5,.625,.6667,.2069,.4275,.4615,.5455,.599,.6087
42,"la_rambla_barcelona",1.0,1.0,.9,.8667,.875,.88,.12,.28,.44,.48,.56,.6,.2143,.4375,.591,.6178,.6829,.7135
43,"la_sainte_chapelle",1.0,1.0,.95,.9,.9,.9,.2,.36,.52,.64,.76,.8,.3333,.5294,.6721,.7481,.8241,.8471
44,"liberty_memorial",.8,.8,.8,.8667,.825,.82,.12,.2,.4,.52,.56,.64,.2087,.32,.5333,.65,.6671,.7189
45,"lincoln_home",.8,.6,.7,.7333,.625,.58,.2222,.2778,.4444,.7222,.7222,.7778,.3478,.3797,.5437,.7277,.6701,.6645
46,"machu_picchu",1.0,.9,.8,.8,.825,.82,.2,.36,.44,.6,.72,.8,.3333,.5143,.5677,.6857,.7689,.8099
47,"marble_arch_london",.8,.5,.4,.3,.35,.28,.1667,.1667,.3333,.4167,.6667,.6667,.2759,.25,.3636,.3488,.459,.3944
48,"milan_cathedral",1.0,.8,.85,.8667,.9,.92,.2,.24,.48,.56,.68,.76,.3333,.3692,.6135,.6804,.7747,.8324
49,"mole_antonelliana",1.0,1.0,.85,.7333,.75,.72,.2,.28,.32,.36,.48,.56,.3333,.4375,.465,.4829,.5854,.63
50,"mont_saint_michel",1.0,.9,.95,.9667,.925,.94,.16,.24,.36,.48,.6,.72,.2759,.3789,.5221,.6415,.7279,.8154
51,"moulin_rouge",.0,.0,.0,.0333,.05,.06,.0,.0,.0,.125,.25,.375,.0,.0,.0,.0526,.0833,.1034
52,"nelson_s_column",1.0,.9,.95,.9667,.975,.98,.1667,.1667,.4167,.5417,.6667,.75,.2857,.2812,.5793,.6943,.7919,.8497
53,"notre_dame_de_paris",.6,.8,.85,.8667,.9,.86,.12,.28,.48,.56,.56,.56,.2,.4148,.6135,.6804,.6904,.6783
54,"obelisco",.2,.1,.15,.1667,.15,.16,.0909,.0909,.1818,.2727,.2727,.3636,.125,.0952,.1644,.2069,.1935,.2222
55,"piccadilly_circus",.8,.7,.8,.7333,.675,.7,.1739,.3043,.4783,.5652,.6957,.7826,.2857,.4242,.5986,.6384,.6852,.739
56,"place_de_la_concorde",1.0,1.0,1.0,1.0,1.0,.98,.16,.28,.52,.68,.72,.76,.2759,.4375,.6842,.8095,.8372,.8561
57,"place_de_la_republique",.4,.2,.15,.1333,.125,.12,.25,.25,.375,.5,.625,.625,.3077,.2222,.2143,.2105,.2083,.2013
58,"place_des_vosges",1.0,.7,.6,.6667,.6,.64,.16,.16,.28,.48,.48,.64,.2759,.2605,.3818,.5581,.5333,.64
59,"pont_du_gard",1.0,1.0,.75,.7,.65,.66,.16,.28,.32,.36,.4,.44,.2759,.4375,.4486,.4755,.4952,.528
60,"pont_neuf",1.0,.8,.75,.7333,.65,.64,.2,.24,.48,.56,.68,.72,.3333,.3692,.5854,.6351,.6647,.6776
61,"ponte_vecchio",.6,.7,.65,.6333,.675,.64,.125,.25,.375,.4583,.5,.5417,.2069,.3684,.4756,.5318,.5745,.5867
62,"puerta_de_alcala",.2,.4,.45,.5,.575,.58,.0526,.1579,.2632,.4737,.5789,.7368,.0833,.2264,.3321,.4865,.577,.6491
63,"puerta_del_sol",.4,.4,.3,.4333,.4,.42,.1,.15,.2,.45,.6,.65,.16,.2182,.24,.4415,.48,.5103
64,"red_fort",1.0,1.0,1.0,1.0,1.0,1.0,.16,.32,.52,.56,.72,.72,.2759,.4848,.6842,.7179,.8372,.8372
65,"reims_cathedral",1.0,1.0,.95,.8667,.85,.84,.16,.32,.48,.6,.64,.72,.2759,.4848,.6378,.7091,.7302,.7754
66,"rialto_bridge",.8,.5,.5,.5333,.5,.5,.125,.125,.3125,.5,.625,.75,.2162,.2,.3846,.5161,.5556,.6
67,"roman_forum_rome",.8,.7,.7,.7,.775,.76,.08,.2,.32,.52,.64,.68,.1455,.3111,.4392,.5967,.7011,.7178
68,"sacre_coeur",.6,.5,.55,.5333,.575,.54,.125,.2083,.2917,.4167,.625,.6667,.2069,.2941,.3812,.4678,.599,.5967
69,"sagrada_familia",1.0,1.0,1.0,.9667,.925,.94,.16,.32,.52,.6,.72,.76,.2759,.4848,.6842,.7404,.8097,.8405
70,"santa_maria_novella",.6,.6,.45,.5,.45,.44,.12,.12,.24,.4,.48,.52,.2,.2,.313,.4444,.4645,.4767
71,"schonbrunn_palace",.8,.9,.95,.9333,.95,.94,.16,.2,.44,.6,.68,.76,.2667,.3273,.6014,.7304,.7926,.8405
72,"seville_cathedral",.8,.9,.9,.8667,.9,.9,.16,.32,.48,.56,.6,.64,.2667,.4721,.6261,.6804,.72,.7481
73,"spanish_steps",.6,.6,.6,.5667,.575,.6,.0455,.1818,.2727,.3636,.5455,.6364,.0845,.2791,.375,.443,.5598,.6176
74,"st__basil_cathedral",.8,.9,.9,.8667,.9,.88,.12,.32,.48,.6,.76,.84,.2087,.4721,.6261,.7091,.8241,.8595
75,"statue_of_liberty",1.0,.9,.9,.9333,.875,.86,.16,.24,.44,.6,.64,.64,.2759,.3789,.591,.7304,.7393,.7339
76,"stonehenge",.6,.5,.45,.5333,.5,.5,.1579,.2105,.3158,.4211,.4211,.5263,.25,.2963,.3711,.4706,.4571,.5128
77,"summer_palace_beijing",1.0,1.0,1.0,.9667,.95,.88,.16,.32,.48,.68,.8,.8,.2759,.4848,.6486,.7984,.8686,.8381
78,"sydney_opera_house",1.0,1.0,1.0,.9333,.925,.94,.2,.28,.48,.6,.64,.64,.3333,.4375,.6486,.7304,.7565,.7615
79,"teotihuacan",.8,.7,.6,.7333,.75,.74,.16,.2,.32,.48,.52,.56,.2667,.3111,.4174,.5802,.6142,.6375
80,"terracotta_army",.8,.6,.7,.7333,.725,.58,.2,.3,.55,.65,.7,.7,.32,.4,.616,.6892,.7123,.6344
81,"the_blue_mosque",.6,.8,.85,.8667,.9,.92,.08,.24,.36,.56,.6,.64,.1412,.3692,.5058,.6804,.72,.7549
82,"the_henry_ford",.6,.8,.6,.6333,.625,.62,.12,.24,.32,.52,.68,.76,.2,.3692,.4174,.5711,.6513,.6829
83,"taj_mahal",1.0,.9,.9,.8667,.875,.84,.16,.24,.48,.56,.72,.76,.2759,.3789,.6261,.6804,.79,.798
84,"tour_montparnasse",.4,.5,.55,.4,.375,.38,.1,.25,.4,.45,.5,.55,.16,.3333,.4632,.4235,.4286,.4495
85,"tower_bridge_london",.8,.5,.5,.5333,.55,.58,.12,.16,.28,.4,.52,.56,.2087,.2424,.359,.4571,.5346,.5698
86,"trafalgar_square",1.0,.7,.6,.7,.65,.62,.1364,.2273,.3182,.5,.5455,.5909,.24,.3431,.4158,.5833,.5932,.6051
87,"leaning_tower_of_pisa",.4,.6,.6,.6333,.65,.66,.08,.24,.36,.48,.52,.6,.1333,.3429,.45,.5461,.5778,.6286
88,"hermitage_museum_saint_petersburg",.8,.9,.95,.9333,.9,.88,.16,.2,.44,.52,.6,.6,.2667,.3273,.6014,.6679,.72,.7135
89,"jantar_mantar_jaipur",.8,.9,.8,.8333,.875,.86,.16,.32,.44,.56,.76,.88,.2667,.4721,.5677,.6699,.8135,.8699
90,"lake_titicaca_peru",.4,.5,.7,.7,.675,.62,.0833,.2083,.4167,.5417,.5833,.625,.1379,.2941,.5224,.6107,.6258,.6225
91,"the_great_wall_of_china",.8,.9,.9,.9,.875,.88,.16,.28,.32,.44,.56,.6,.2667,.4271,.4721,.591,.6829,.7135
92,"grande_arche_paris",.6,.7,.65,.6667,.7,.68,.12,.24,.36,.44,.52,.56,.2,.3574,.4634,.5301,.5967,.6142
93,"el_angel_mexico",.8,.7,.7,.7,.65,.66,.1905,.3333,.5238,.619,.6667,.8571,.3077,.4516,.5992,.657,.6582,.7458
94,"bibliotheque_nationale_de_france",.4,.6,.65,.7,.75,.76,.08,.2,.32,.52,.64,.68,.1333,.3,.4289,.5967,.6906,.7178
95,"kronborg_castle",.8,.8,.75,.8333,.8,.78,.1667,.3333,.5,.5833,.625,.625,.2759,.4706,.6,.6863,.7018,.694
96,"ajanta_caves",1.0,.9,.95,.9667,.95,.94,.2273,.3182,.5455,.5909,.6818,.7273,.3704,.4701,.693,.7335,.7939,.8201
97,"atomium",.6,.8,.85,.8333,.825,.82,.1429,.3333,.4762,.5714,.619,.619,.2308,.4706,.6104,.678,.7073,.7055
98,"ellora_caves",1.0,.9,.95,.9333,.95,.94,.1364,.2727,.4545,.5909,.7273,.7273,.24,.4186,.6149,.7237,.8238,.8201
99,"potala_palace",1.0,.9,.85,.8667,.85,.78,.1667,.2778,.5,.6111,.6111,.7222,.2857,.4245,.6296,.7168,.711,.75
100,"jokhang",.6,.6,.65,.6667,.7,.68,.08,.16,.28,.48,.6,.72,.1412,.2526,.3914,.5581,.6462,.6994
101,"rila_monastery",.6,.8,.85,.8333,.85,.86,.12,.24,.36,.44,.48,.52,.2,.3692,.5058,.5759,.6135,.6481
102,"louvre_pyramid",1.0,1.0,1.0,1.0,.85,.84,.2778,.3333,.3333,.5,.5556,.5556,.4348,.5,.5,.6667,.6719,.6688
103,"brooklyn_bridge",1.0,1.0,.95,.9,.85,.84,.1429,.2381,.381,.5238,.5238,.6667,.25,.3846,.5438,.6622,.6482,.7434
104,"tower_of_london",.6,.7,.75,.7333,.725,.7,.087,.1739,.3478,.4783,.4783,.5217,.1519,.2786,.4752,.5789,.5763,.5979
105,"british_museum_london",1.0,1.0,.95,.9333,.95,.94,.1,.3,.5,.65,.7,.75,.1818,.4615,.6552,.7663,.8061,.8343
106,"buckingham_palace",.4,.5,.55,.4333,.425,.44,.1,.15,.3,.3,.35,.35,.16,.2308,.3882,.3545,.3839,.3899
107,"charles_bridge_prague",.8,.8,.75,.7333,.65,.64,.125,.25,.375,.4583,.4583,.5833,.2162,.381,.5,.5641,.5376,.6104
108,"champs_elysees_paris",.4,.4,.5,.4667,.475,.48,.1333,.2,.3333,.4667,.4667,.5333,.2,.2667,.4,.4667,.4708,.5053
109,"chrysler_building",1.0,1.0,1.0,.9667,.95,.94,.2857,.4286,.4286,.6429,.7143,.7857,.4444,.6,.6,.7722,.8155,.856
110,"moma_new_york",.8,.9,.9,.8667,.875,.86,.2105,.3684,.4211,.6316,.6842,.6842,.3333,.5228,.5737,.7307,.7679,.7621
111,"grand_central_terminal",1.0,1.0,1.0,1.0,.975,.98,.0952,.2381,.4762,.5714,.5714,.5714,.1739,.3846,.6452,.7273,.7206,.7219
112,"houses_of_parliament",1.0,.9,.9,.9333,.95,.96,.1739,.2609,.3043,.3913,.5217,.6087,.2963,.4045,.4549,.5514,.6736,.745
113,"alexanderplatz_berlin",.4,.4,.55,.5667,.575,.54,.08,.16,.32,.4,.52,.56,.1333,.2286,.4046,.469,.5461,.5498
114,"centre_pompidou",1.0,.9,.8,.8,.8,.8,.2778,.4444,.5556,.7778,.7778,.7778,.4348,.595,.6557,.7887,.7887,.7887
115,"sydney_harbour_bridge",1.0,1.0,1.0,1.0,.975,.98,.1875,.3125,.5,.5625,.8125,.8125,.3158,.4762,.6667,.72,.8864,.8884
116,"pier_39",1.0,1.0,.95,.8667,.825,.8,.1905,.2381,.4762,.5714,.619,.6667,.32,.3846,.6344,.6887,.7073,.7273
117,"coit_tower",.8,.8,.75,.6667,.625,.58,.2,.3333,.4667,.6,.7333,.7333,.32,.4706,.5753,.6316,.6748,.6477
118,"st_paul_s_cathedral_london",.8,.9,.8,.7333,.75,.72,.1765,.3529,.4118,.5882,.7059,.7647,.2892,.507,.5437,.6528,.7273,.7417
119,"cloud_gate",.4,.7,.6,.5667,.575,.66,.1667,.3333,.3333,.4167,.5,.6667,.2353,.4516,.4286,.4802,.5349,.6633
120,"musee_d_orsay",1.0,.9,.9,.9333,.925,.9,.0952,.1905,.3333,.4762,.5238,.619,.1739,.3144,.4865,.6306,.6689,.7335
121,"pike_place_market",1.0,1.0,.85,.7667,.775,.74,.1905,.2381,.381,.4286,.4762,.5238,.32,.3846,.5261,.5498,.5899,.6134
122,"royal_palace_madrid",.8,.9,.85,.8667,.825,.82,.1818,.3182,.5,.5455,.6364,.6818,.2963,.4701,.6296,.6695,.7185,.7446
123,"sony_center_berlin",.8,.9,.75,.7667,.825,.86,.1905,.2857,.381,.4286,.5714,.619,.3077,.4337,.5053,.5498,.6752,.7199
124,"red_square_moscow",.6,.7,.75,.6667,.65,.62,.1429,.2381,.381,.4762,.5238,.5714,.2308,.3553,.5053,.5556,.5801,.5947
125,"prague_castle",1.0,1.0,.9,.9,.9,.84,.16,.32,.4,.6,.72,.72,.2759,.4848,.5538,.72,.8,.7754
126,"musee_du_louvre",1.0,1.0,1.0,1.0,1.0,1.0,.12,.24,.48,.52,.56,.64,.2143,.3871,.6486,.6842,.7179,.7805
127,"millennium_bridge_london",.6,.7,.7,.7667,.75,.78,.12,.2,.4,.52,.56,.72,.2,.3111,.5091,.6197,.6412,.7488
128,"casa_mila",1.0,1.0,1.0,.9,.925,.94,.16,.32,.44,.48,.64,.72,.2759,.4848,.6111,.6261,.7565,.8154
129,"national_gallery_london",.6,.8,.75,.6667,.575,.58,.1364,.2727,.5,.5909,.5909,.6818,.2222,.4068,.6,.6265,.5828,.6268
130,"national_mall",1.0,.9,.8,.8667,.7,.7,.2,.32,.44,.56,.6,.72,.3333,.4721,.5677,.6804,.6462,.7099
131,"london_city_hall",.8,.8,.9,.7667,.675,.68,.2,.3,.55,.6,.6,.65,.32,.4364,.6828,.6732,.6353,.6647
132,"holocaust_memorial",.6,.8,.6,.6,.575,.54,.1875,.25,.4375,.5,.625,.75,.2857,.381,.506,.5455,.599,.6279
133,"columbus_circle",.4,.4,.45,.4,.4,.46,.08,.16,.36,.4,.52,.6,.1333,.2286,.4,.4,.4522,.5208
134,"siegessaeule",1.0,1.0,.65,.7333,.675,.64,.2,.28,.28,.36,.44,.52,.3333,.4375,.3914,.4829,.5327,.5738
135,"jardin_du_luxembourg",1.0,1.0,.95,.9333,.9,.9,.16,.32,.52,.64,.68,.8,.2759,.4848,.6721,.7593,.7747,.8471
136,"merlion_singapore",.2,.4,.4,.4667,.475,.52,.0455,.0909,.2727,.4545,.5455,.5909,.0741,.1481,.3243,.4605,.5078,.5532
137,"harrods_london",.8,.8,.8,.8,.8,.8,.16,.28,.48,.6,.68,.76,.2667,.4148,.6,.6857,.7351,.7795
138,"metropolitan_museum_of_art_new_york",1.0,.9,.85,.9,.925,.92,.2,.28,.44,.6,.64,.64,.3333,.4271,.5798,.72,.7565,.7549
139,"new_york_stock_exchange",1.0,.8,.75,.7333,.575,.52,.2,.35,.45,.55,.55,.6,.3333,.487,.5625,.6286,.5622,.5571
140,"stephansdom_vienna",1.0,.9,.95,.9333,.925,.94,.2,.28,.48,.52,.64,.76,.3333,.4271,.6378,.6679,.7565,.8405
141,"hms_belfast",1.0,1.0,.9,.8667,.9,.9,.12,.32,.44,.44,.64,.68,.2143,.4848,.591,.5837,.7481,.7747
142,"leicester_square",1.0,.7,.8,.8,.8,.8,.2,.28,.4,.6,.64,.68,.3333,.4,.5333,.6857,.7111,.7351
143,"ciudad_de_las_artes_y_las_ciencias",1.0,1.0,.9,.9,.925,.94,.12,.32,.4,.52,.6,.68,.2143,.4848,.5538,.6592,.7279,.7891
144,"topkapi_palace",1.0,1.0,1.0,1.0,1.0,1.0,.2,.32,.52,.6,.64,.8,.3333,.4848,.6842,.75,.7805,.8889
145,"royal_albert_hall",1.0,.9,.75,.6,.65,.64,.16,.32,.4,.52,.68,.68,.2759,.4721,.5217,.5571,.6647,.6594
146,"st_vitus_cathedral",1.0,1.0,.95,.9,.925,.94,.2,.24,.36,.48,.56,.6,.3333,.3871,.5221,.6261,.6976,.7325
147,"castello_sforzesco",.8,.7,.85,.8667,.9,.92,.12,.16,.4,.44,.52,.6,.2087,.2605,.544,.5837,.6592,.7263
148,"rijksmuseum_amsterdam",.8,.9,.95,.9667,.975,.98,.16,.32,.48,.6,.72,.8,.2667,.4721,.6378,.7404,.8283,.8809
149,"dam_square",1.0,.9,.8,.7,.65,.66,.16,.24,.44,.52,.6,.6,.2759,.3789,.5677,.5967,.624,.6286
150,"rathaus_vienna",1.0,.8,.8,.6333,.6,.62,.16,.16,.2,.2,.32,.36,.2759,.2667,.32,.304,.4174,.4555
151,"bath_abbey",.8,.9,.95,.9333,.95,.94,.16,.28,.44,.56,.68,.76,.2667,.4271,.6014,.7,.7926,.8405
152,"salisbury_cathedral",1.0,1.0,1.0,.9667,.975,.96,.12,.24,.44,.52,.68,.72,.2143,.3871,.6111,.6762,.8012,.8229
153,"templo_de_debod",.2,.4,.35,.4,.425,.4,.0455,.1364,.1818,.3636,.5,.5909,.0741,.2034,.2393,.381,.4595,.4771
154,"Niagara_Falls",.6,.5,.55,.5667,.55,.56,.0909,.1818,.4091,.4545,.5455,.6364,.1579,.2667,.4692,.5045,.5477,.5957
155,"Golden_Gate_Bridge_in_San_Francisco",.8,.9,.9,.9,.925,.92,.0909,.2273,.3636,.6364,.6818,.7727,.1633,.3629,.518,.7456,.785,.84
156,"Neuschwanstein_Castle",1.0,1.0,1.0,.9667,.975,.98,.16,.36,.52,.56,.56,.6,.2759,.5294,.6842,.7092,.7114,.7443
157,"Christ_Church_Cathedral_Missouri",1.0,1.0,.9,.9333,.925,.94,.12,.28,.44,.48,.52,.6,.2143,.4375,.591,.634,.6657,.7325
158,"Mount_Rushmore_in_South_Dakota",1.0,1.0,1.0,.9667,.925,.94,.2,.32,.48,.52,.68,.68,.3333,.4848,.6486,.6762,.7838,.7891
159,"Puerta_de_Toledo",.2,.1,.1,.0667,.075,.06,.5,.5,.5,.5,1.0,1.0,.2857,.1667,.1667,.1176,.1395,.1132
160,"Urquhart_Castle",1.0,.8,.75,.7667,.75,.8,.1667,.2083,.3333,.5,.5833,.6667,.2857,.3306,.4615,.6053,.6562,.7273
161,"Gare_du_Nord_Paris",.8,.7,.7,.7,.75,.76,.16,.2,.36,.48,.6,.68,.2667,.3111,.4755,.5695,.6667,.7178
162,"Newgrange_in_Ireland",.6,.6,.6,.6333,.625,.7,.125,.25,.2917,.5,.5417,.625,.2069,.3529,.3925,.5588,.5804,.6604
163,"Windmills_at_Kinderdijk",1.0,1.0,.95,.9333,.9,.88,.12,.2,.36,.44,.48,.56,.2143,.3333,.5221,.5981,.6261,.6844
164,"Conciergerie",1.0,1.0,1.0,.9667,.925,.94,.16,.28,.52,.52,.56,.6,.2759,.4375,.6842,.6762,.6976,.7325
165,"Palazzo_Madama",1.0,.8,.8,.7,.65,.64,.1818,.2727,.4545,.5909,.6818,.7727,.3077,.4068,.5797,.6408,.6655,.7001
166,"Split_Rock_Lighthouse",.8,.9,.8,.6667,.75,.72,.16,.24,.32,.4,.48,.48,.2667,.3789,.4571,.5,.5854,.576
167,"The_Little_Mermaid_Denmark",1.0,.9,.8,.6667,.625,.6,.2857,.2857,.4286,.5,.6429,.7143,.4444,.4337,.5581,.5714,.6338,.6522
168,"Great_Pyramid_of_Giza",.4,.5,.45,.5667,.625,.62,.1333,.3333,.4,.6667,.7333,.8,.2,.4,.4235,.6126,.6748,.6986
169,"Pitti_Palace",.6,.8,.75,.7667,.75,.66,.1364,.3182,.4091,.5,.5,.5,.2222,.4553,.5294,.6053,.6,.569
170,"Georgia_State_Capitol",.8,.6,.5,.3667,.35,.34,.1579,.2632,.2632,.2632,.2632,.3158,.2637,.3659,.3448,.3064,.3004,.3274
171,"Dome_des_Invalides",1.0,1.0,1.0,1.0,1.0,1.0,.12,.28,.44,.52,.56,.56,.2143,.4375,.6111,.6842,.7179,.7179
172,"Reggia_di_Caserta",.8,.7,.7,.7,.65,.66,.16,.28,.4,.56,.64,.68,.2667,.4,.5091,.6222,.645,.6699
173,"The_Burj_al_Arab_Hotel",1.0,.9,.9,.8,.825,.78,.16,.2,.44,.56,.56,.56,.2759,.3273,.591,.6588,.6671,.6519
174,"Elephanta_Caves",1.0,1.0,.95,.9333,.75,.66,.1667,.3333,.5417,.6667,.6667,.7083,.2857,.5,.6899,.7778,.7059,.6833
175,"Basilica_of_Santa_Croce",1.0,1.0,1.0,1.0,1.0,.98,.2,.36,.52,.64,.68,.8,.3333,.5294,.6842,.7805,.8095,.8809
176,"Aachen_Cathedral",1.0,.9,.95,.9,.9,.9,.16,.28,.48,.64,.72,.76,.2759,.4271,.6378,.7481,.8,.8241
177,"Monument_to_the_Great_Fire_of_London",.8,.5,.5,.6,.6,.6,.16,.2,.28,.56,.6,.76,.2667,.2857,.359,.5793,.6,.6706
178,"Longmen_Grottoes",1.0,.5,.65,.6,.55,.62,.2,.2,.4,.52,.64,.68,.3333,.2857,.4952,.5571,.5916,.6486
179,"Louisiana_State_Capitol",.4,.4,.3,.3,.3,.3,.08,.12,.2,.32,.4,.48,.1333,.1846,.24,.3097,.3429,.3692
180,"The_Great_Sphinx_at_Giza",.8,.8,.9,.8333,.825,.82,.16,.28,.4,.44,.44,.6,.2667,.4148,.5538,.5759,.5739,.693
181,"Teatro_Real_Madrid",.8,.8,.7,.7,.7,.66,.1739,.2609,.3913,.4783,.6957,.6957,.2857,.3934,.502,.5683,.6978,.6774
182,"Palacio_de_la_Magdalena",.8,.9,.8,.7333,.75,.74,.16,.28,.44,.6,.64,.72,.2667,.4271,.5677,.66,.6906,.7299
183,"Sowjetisches_Ehrenmal",.4,.5,.55,.6,.65,.68,.08,.2,.36,.52,.64,.72,.1333,.2857,.4352,.5571,.645,.6994
184,"Cathedral_of_Trier",.8,.9,.95,.8667,.825,.84,.16,.28,.44,.6,.72,.8,.2667,.4271,.6014,.7091,.7689,.8195
185,"Saint_Mary_of_the_Flower",.4,.3,.25,.3667,.35,.32,.08,.12,.16,.24,.24,.24,.1333,.1714,.1951,.2901,.2847,.2743
186,"Skellig_Michael",.8,.9,.75,.7,.7,.72,.16,.36,.52,.6,.64,.64,.2667,.5143,.6142,.6462,.6687,.6776
187,"Chicago_Board_of_Trade_Building",1.0,.7,.65,.6667,.65,.62,.1818,.2273,.3182,.4545,.5,.5909,.3077,.3431,.4272,.5405,.5652,.6051
188,"Pont_de_Normandie_France",1.0,.9,.85,.8333,.8,.78,.1579,.3684,.5789,.7895,.8947,1.0,.2727,.5228,.6888,.8108,.8447,.8764
189,"Palazzo_Rosso",.0,.0,.05,.0333,.05,.04,.0,.0,.0417,.0417,.0833,.0833,.0,.0,.0455,.037,.0625,.0541
190,"Piazza_Vittorio_Veneto",.6,.4,.45,.4,.475,.4,.1875,.25,.375,.4375,.625,.6875,.2857,.3077,.4091,.4179,.5398,.5057
191,"Sforza_Castle",1.0,1.0,.95,.9667,.95,.94,.2,.36,.52,.64,.68,.68,.3333,.5294,.6721,.7701,.7926,.7891
192,"Torres_KIO",1.0,.9,.9,.9,.85,.82,.2,.28,.4,.56,.64,.64,.3333,.4271,.5538,.6904,.7302,.7189
193,"Torre_Picasso",.8,.8,.85,.8,.85,.86,.125,.25,.5,.5833,.625,.7083,.2162,.381,.6296,.6747,.7203,.7768
194,"The_Palace_of_Parliament_in_Bucharest",1.0,.8,.85,.8,.8,.82,.2,.28,.36,.52,.64,.72,.3333,.4148,.5058,.6303,.7111,.7668
195,"Ernest_Hemingway_House",.6,.8,.9,.8,.825,.76,.12,.24,.48,.52,.56,.68,.2,.3692,.6261,.6303,.6671,.7178
196,"Castel_dellOvo_Napoli",.6,.8,.85,.8333,.85,.88,.12,.28,.48,.56,.68,.72,.2,.4148,.6135,.6699,.7556,.792
197,"Villa_Borghese_gardens",1.0,1.0,1.0,.9667,.975,.98,.2,.36,.52,.64,.72,.8,.3333,.5294,.6842,.7701,.8283,.8809
198,"Saint_Marks_Basilica",1.0,1.0,1.0,.9333,.925,.94,.2,.32,.44,.48,.52,.52,.3333,.4848,.6111,.634,.6657,.6696
199,"Mausoleum_of_the_First_Qin_Emperor",.2,.5,.65,.7667,.8,.8,.04,.2,.36,.6,.64,.72,.0667,.2857,.4634,.6732,.7111,.7579
200,"Mausoleum_of_Hadrian",.8,.6,.6,.6333,.65,.66,.1667,.2222,.2778,.4444,.5,.6111,.2759,.3243,.3797,.5223,.5652,.6346
201,"Piazza_de_Ferrari",1.0,1.0,1.0,.9667,.975,.98,.1579,.3158,.3684,.5263,.5263,.5789,.2727,.48,.5385,.6816,.6836,.7279
202,"George_Washington_Carver",.6,.3,.5,.4667,.45,.48,.1875,.1875,.375,.5,.5625,.625,.2857,.2308,.4286,.4828,.5,.543
203,"Cathedral_of_Santiago_de_Compostela",1.0,.8,.85,.8333,.825,.8,.2353,.4118,.5882,.7647,.7647,.7647,.381,.5437,.6953,.7975,.7937,.782
204,"Saint-Jacques_Tower",.6,.7,.75,.7667,.75,.78,.2308,.3846,.4615,.6154,.6154,.7692,.3333,.4965,.5714,.6827,.6761,.7746
205,"Calakmul_Campeche_Mexico",.8,.9,.75,.7333,.75,.76,.2143,.4286,.5,.7143,.8571,.9286,.338,.5806,.6,.7237,.8,.8359
206,"Bran_Castle_in_Transylvania",.6,.8,.9,.9,.925,.9,.1579,.3158,.4211,.5263,.6316,.6316,.25,.4528,.5737,.6642,.7506,.7423
207,"Mosteiro_da_Batalha",1.0,1.0,1.0,1.0,1.0,1.0,.2105,.3684,.6316,.6316,.6316,.6842,.3478,.5385,.7742,.7742,.7742,.8125
208,"Wartburg_Castle",1.0,1.0,.95,.8667,.9,.9,.25,.45,.55,.75,.8,.85,.4,.6207,.6967,.8041,.8471,.8743
209,"Fujian_Tulou_Fujian_China",1.0,1.0,1.0,.9667,.925,.88,.2778,.3333,.4444,.5,.6111,.7222,.4348,.5,.6154,.6591,.736,.7933
210,"Alabama_State_Capitol",.6,.7,.8,.8667,.7,.62,.1429,.2381,.4286,.5714,.5714,.6667,.2308,.3553,.5581,.6887,.6292,.6425
211,"Palazzo_dAccursio",.4,.5,.7,.5333,.55,.54,.1111,.1667,.4444,.5,.6111,.7222,.1739,.25,.5437,.5161,.5789,.618
212,"Casa_Grande_Ruins",.8,.8,.7,.7667,.8,.82,.1176,.2353,.2941,.5294,.5882,.5882,.2051,.3636,.4142,.6263,.678,.685
213,"Stravinsky_Fountain",1.0,1.0,.95,.9333,.9,.86,.2667,.3333,.4667,.4667,.6,.6,.4211,.5,.6259,.6222,.72,.7068
214,"Angel_Falls_Venezuela",.6,.7,.5,.5,.525,.5,.1765,.2941,.4118,.4706,.5882,.6471,.2727,.4142,.4516,.4848,.5548,.5641
215,"Statue_of_George_IV",.6,.5,.4,.3667,.35,.32,.375,.5,.5,.5,.5,.5,.4615,.5,.4444,.4231,.4118,.3902
216,"Palacio_Barolo",.6,.7,.75,.7667,.8,.82,.1176,.3529,.5882,.7059,.7647,.7647,.1967,.4693,.6593,.735,.782,.7914
217,"Bridge_of_Remembrance_Christchurch_New_Zealand",.8,.6,.55,.5,.425,.44,.3333,.4167,.5833,.75,.8333,.9167,.4706,.4918,.5662,.6,.5629,.5946
218,"John_A._Roebling_Suspension_Bridge",.2,.2,.4,.4333,.425,.48,.0667,.1333,.5333,.6667,.7333,.7333,.1,.16,.4571,.5253,.5381,.5802
219,"Blue_Dome_Santorini",1.0,1.0,.75,.7333,.725,.7,.3125,.5625,.6875,.6875,.75,.75,.4762,.72,.7174,.7097,.7373,.7241
220,"Fossar_de_les_Moreres",.2,.2,.3,.3667,.375,.4,.0714,.0714,.3571,.5714,.6429,.7857,.1053,.1053,.3261,.4467,.4737,.5301
221,"Luxor_Obelisk_France",.8,.8,.65,.7333,.725,.74,.25,.3125,.3125,.375,.4375,.5625,.381,.4494,.4221,.4962,.5457,.6392
222,"Valle_de_los_Caidos",.8,.9,.95,.9,.925,.94,.2,.35,.5,.65,.85,.85,.32,.504,.6552,.7548,.8859,.8927
--------------------
"--","Avg.",P@5,P@10,P@20,P@30,P@40,P@50,CR@5,CR@10,CR@20,CR@30,CR@40,CR@50,F1@5,F1@10,F1@20,F1@30,F1@40,F1@50
,.,7829,.7734,.7595,.7503,.7441,.7399,.1569,.263,.4102,.5249,.606,.6652,.2562,.3855,.5246,.6073,.6548,.6862
