--------------------
"Run name","output_runACCSilhouette"
--------------------
"Average P@20 = ",.7856
"Average CR@20 = ",.397
"Average F1@20 = ",.5167
--------------------
"Query Id ","Location name",P@5,P@10,P@20,P@30,P@40,P@50,CR@5,CR@10,CR@20,CR@30,CR@40,CR@50,F1@5,F1@10,F1@20,F1@30,F1@40,F1@50
1,"angel_of_the_north",1.0,1.0,1.0,1.0,.95,.96,.16,.2,.4,.52,.6,.64,.2759,.3333,.5714,.6842,.7355,.768
2,"big_ben",.8,.9,.9,.8667,.9,.8,.1818,.2273,.4091,.4545,.5,.5909,.2963,.3629,.5625,.5963,.6429,.6797
3,"hearst_castle",1.0,.9,.95,.9333,.925,.94,.2083,.3333,.5833,.7083,.8333,.875,.3448,.4865,.7228,.8054,.8768,.9063
4,"la_madeleine",.0,.2,.45,.4,.35,.32,.0,.1429,.4286,.5714,.6429,.6429,.0,.1667,.439,.4706,.4532,.4273
5,"pont_alexandre_iii",1.0,.9,.95,.9667,.95,.92,.2,.28,.4,.56,.64,.76,.3333,.4271,.563,.7092,.7648,.8324
6,"neues_museum",.2,.1,.2,.4667,.6,.68,.04,.04,.12,.32,.48,.6,.0667,.0571,.15,.3797,.5333,.6375
7,"montezuma_castle",.8,.8,.5,.6333,.625,.66,.25,.3333,.4167,.5,.5833,.75,.381,.4706,.4545,.5588,.6034,.7021
8,"cn_tower",.6,.5,.75,.7667,.725,.64,.0833,.1667,.4167,.5833,.625,.7083,.1463,.25,.5357,.6626,.6713,.6724
9,"acropolis_athens",.8,.9,.95,.9,.9,.84,.1429,.2857,.4762,.4762,.5238,.5238,.2424,.4337,.6344,.6228,.6622,.6453
10,"agra_fort",.8,.9,.9,.9,.9,.88,.16,.28,.48,.56,.76,.76,.2667,.4271,.6261,.6904,.8241,.8156
11,"albert_memorial",.8,.9,.7,.7667,.8,.84,.1364,.1818,.3182,.4091,.4091,.6364,.233,.3025,.4375,.5335,.5414,.7241
12,"altes_museum",1.0,.9,.6,.5333,.625,.68,.1667,.25,.375,.4167,.5417,.625,.2857,.3913,.4615,.4678,.5804,.6513
13,"amiens_cathedral",1.0,.9,.95,.9333,.875,.9,.12,.24,.48,.56,.64,.72,.2143,.3789,.6378,.7,.7393,.8
14,"angkor_wat",1.0,.8,.7,.8,.85,.84,.16,.28,.4,.52,.64,.64,.2759,.4148,.5091,.6303,.7302,.7265
15,"ara_pacis",1.0,.9,.65,.7,.6,.66,.2273,.3636,.4545,.6818,.7273,.7273,.3704,.518,.535,.6908,.6575,.692
16,"arc_de_triomphe",1.0,1.0,.8,.8,.725,.7,.125,.25,.375,.5,.5417,.625,.2222,.4,.5106,.6154,.6201,.6604
17,"aztec_ruins",.0,.0,.3,.2,.275,.38,.0,.0,.2,.2,.36,.52,.0,.0,.24,.2,.3118,.4391
18,"berlin_cathedral",1.0,.9,.95,.9667,.925,.88,.16,.24,.4,.52,.6,.72,.2759,.3789,.563,.6762,.7279,.792
19,"bok_tower_gardens",.6,.5,.75,.8,.85,.88,.12,.2,.4,.48,.6,.64,.2,.2857,.5217,.6,.7034,.7411
20,"brandenburg_gate",1.0,1.0,.95,.9667,.975,.92,.16,.2,.28,.44,.56,.64,.2759,.3333,.4325,.6047,.7114,.7549
21,"cabrillo",.4,.4,.25,.1667,.15,.14,.1538,.3077,.3846,.3846,.4615,.4615,.2222,.3478,.303,.2326,.2264,.2148
22,"casa_batllo",1.0,1.0,1.0,1.0,.975,.98,.2,.28,.4,.56,.64,.8,.3333,.4375,.5714,.7179,.7728,.8809
23,"casa_rosada",.8,.9,.95,.9333,.95,.92,.12,.16,.44,.52,.6,.68,.2087,.2717,.6014,.6679,.7355,.782
24,"castillo_de_san_marcos",.6,.5,.65,.6667,.7,.76,.08,.12,.28,.48,.6,.76,.1412,.1935,.3914,.5581,.6462,.76
25,"chartres_cathedral",1.0,1.0,.95,.9,.925,.92,.2,.24,.48,.64,.72,.76,.3333,.3871,.6378,.7481,.8097,.8324
26,"chichen_itza",1.0,.9,.85,.9,.925,.92,.2,.28,.44,.56,.64,.72,.3333,.4271,.5798,.6904,.7565,.8078
27,"christ_the_redeemer_rio",.4,.6,.35,.4333,.45,.48,.0435,.1304,.1739,.3043,.4348,.5652,.0784,.2143,.2324,.3576,.4423,.5191
28,"civic_center_san_francisco",.8,.8,.85,.8333,.725,.58,.16,.24,.36,.44,.48,.48,.2667,.3692,.5058,.5759,.5776,.5253
29,"cologne_cathedral",1.0,1.0,.95,.9333,.95,.92,.12,.24,.48,.64,.76,.84,.2143,.3871,.6378,.7593,.8444,.8782
30,"colosseum",1.0,1.0,1.0,1.0,.875,.9,.2,.28,.52,.52,.56,.68,.3333,.4375,.6842,.6842,.6829,.7747
31,"doge_s_palace",1.0,1.0,.75,.8333,.875,.88,.16,.28,.4,.48,.48,.48,.2759,.4375,.5217,.6091,.6199,.6212
32,"eiffel_tower",1.0,1.0,1.0,.9667,.925,.86,.12,.24,.4,.44,.52,.64,.2143,.3871,.5714,.6047,.6657,.7339
33,"golden_gate_bridge",.8,.8,.8,.8,.65,.7,.1739,.3043,.4348,.4783,.4783,.5217,.2857,.4409,.5634,.5986,.5511,.5979
34,"grand_palais",1.0,.9,.9,.9,.9,.92,.1364,.2273,.3182,.4091,.5,.5455,.24,.3629,.4701,.5625,.6429,.6849
35,"guggenheim_museum_bilbao",1.0,1.0,1.0,.9667,.975,.98,.12,.24,.48,.52,.56,.68,.2143,.3871,.6486,.6762,.7114,.8029
36,"hagia_sophia_istanbul",1.0,1.0,1.0,.9667,.975,.98,.16,.28,.48,.6,.6,.72,.2759,.4375,.6486,.7404,.7429,.8301
37,"hoover_dam",.8,.8,.9,.9333,.925,.88,.12,.28,.44,.6,.64,.72,.2087,.4148,.591,.7304,.7565,.792
38,"humayun_tomb",1.0,.8,.75,.8333,.85,.86,.16,.24,.52,.64,.72,.8,.2759,.3692,.6142,.724,.7796,.8289
39,"iguazu_falls",.6,.8,.85,.7667,.8,.82,.08,.24,.52,.56,.68,.76,.1412,.3692,.6453,.6472,.7351,.7889
40,"iolani_palace",1.0,1.0,.75,.6667,.7,.68,.2,.28,.4,.48,.56,.64,.3333,.4375,.5217,.5581,.6222,.6594
41,"la_mezquita",.8,.8,.8,.7333,.625,.58,.1667,.3333,.4167,.4583,.5833,.6667,.2759,.4706,.5479,.5641,.6034,.6203
42,"la_rambla_barcelona",.8,.9,.9,.9333,.925,.9,.16,.24,.28,.32,.36,.44,.2667,.3789,.4271,.4766,.5183,.591
43,"la_sainte_chapelle",1.0,.9,.95,.9667,.95,.96,.2,.32,.56,.64,.72,.84,.3333,.4721,.7046,.7701,.8192,.896
44,"liberty_memorial",.8,.4,.7,.7333,.65,.68,.08,.08,.32,.48,.52,.6,.1455,.1333,.4392,.5802,.5778,.6375
45,"lincoln_home",.6,.8,.85,.9,.85,.68,.1667,.2778,.6667,.7222,.7222,.7222,.2609,.4124,.7473,.8014,.7809,.7005
46,"machu_picchu",1.0,.7,.65,.7,.775,.78,.2,.28,.4,.56,.68,.72,.3333,.4,.4952,.6222,.7244,.7488
47,"marble_arch_london",.6,.6,.45,.3333,.3,.28,.25,.3333,.4167,.4167,.5,.5833,.3529,.4286,.4327,.3704,.375,.3784
48,"milan_cathedral",1.0,1.0,.9,.9333,.95,.96,.16,.24,.4,.56,.64,.68,.2759,.3871,.5538,.7,.7648,.7961
49,"mole_antonelliana",.8,.8,.75,.7,.75,.7,.12,.16,.32,.4,.52,.6,.2087,.2667,.4486,.5091,.6142,.6462
50,"mont_saint_michel",1.0,1.0,1.0,1.0,.95,.94,.16,.32,.44,.6,.76,.76,.2759,.4848,.6111,.75,.8444,.8405
51,"moulin_rouge",.2,.1,.05,.2333,.2,.18,.125,.125,.125,.625,.625,.75,.1538,.1111,.0714,.3398,.303,.2903
52,"nelson_s_column",1.0,1.0,1.0,1.0,1.0,1.0,.0833,.25,.4167,.4583,.6667,.7917,.1538,.4,.5882,.6286,.8,.8837
53,"notre_dame_de_paris",1.0,1.0,1.0,.9667,.875,.84,.12,.2,.4,.56,.6,.68,.2143,.3333,.5714,.7092,.7119,.7516
54,"obelisco",.2,.1,.05,.0333,.1,.24,.0909,.0909,.0909,.0909,.2727,.6364,.125,.0952,.0645,.0488,.1463,.3485
55,"piccadilly_circus",1.0,.9,.8,.7667,.8,.74,.1739,.3043,.3913,.4783,.5652,.6522,.2963,.4549,.5255,.5891,.6624,.6933
56,"place_de_la_concorde",1.0,1.0,1.0,1.0,.975,.98,.08,.2,.36,.52,.56,.72,.1481,.3333,.5294,.6842,.7114,.8301
57,"place_de_la_republique",.2,.3,.25,.2,.175,.14,.125,.375,.5,.625,.625,.625,.1538,.3333,.3333,.303,.2734,.2288
58,"place_des_vosges",.8,.7,.85,.8,.7,.7,.12,.12,.4,.52,.64,.72,.2087,.2049,.544,.6303,.6687,.7099
59,"pont_du_gard",.8,.9,.95,.7667,.7,.74,.12,.28,.44,.48,.6,.64,.2087,.4271,.6014,.5904,.6462,.6864
60,"pont_neuf",1.0,.9,.95,.7333,.75,.7,.12,.24,.48,.52,.6,.64,.2143,.3789,.6378,.6085,.6667,.6687
61,"ponte_vecchio",.6,.7,.8,.7667,.7,.66,.125,.25,.5,.5417,.625,.7083,.2069,.3684,.6154,.6348,.6604,.6833
62,"puerta_de_alcala",.2,.2,.55,.6333,.65,.64,.0526,.1053,.3158,.5263,.6316,.7368,.0833,.1379,.4012,.5749,.6407,.685
63,"puerta_del_sol",.6,.5,.45,.3,.25,.2,.15,.2,.25,.25,.25,.25,.24,.2857,.3214,.2727,.25,.2222
64,"red_fort",1.0,1.0,1.0,.9667,.975,.98,.2,.32,.56,.6,.68,.72,.3333,.4848,.7179,.7404,.8012,.8301
65,"reims_cathedral",1.0,1.0,1.0,1.0,1.0,.92,.16,.28,.36,.48,.56,.64,.2759,.4375,.5294,.6486,.7179,.7549
66,"rialto_bridge",1.0,1.0,.85,.7667,.65,.52,.1875,.3125,.5625,.625,.6875,.6875,.3158,.4762,.677,.6886,.6682,.5921
67,"roman_forum_rome",.8,.8,.7,.7,.7,.76,.16,.28,.4,.52,.72,.88,.2667,.4148,.5091,.5967,.7099,.8156
68,"sacre_coeur",.2,.5,.6,.6333,.6,.58,.0417,.1667,.2917,.5,.5417,.625,.069,.25,.3925,.5588,.5693,.6017
69,"sagrada_familia",.8,.9,.95,.9667,.95,.96,.12,.24,.4,.48,.56,.64,.2087,.3789,.563,.6415,.7046,.768
70,"santa_maria_novella",.8,.4,.65,.6,.575,.62,.16,.16,.36,.48,.52,.64,.2667,.2286,.4634,.5333,.5461,.6298
71,"schonbrunn_palace",1.0,1.0,1.0,1.0,1.0,1.0,.2,.36,.48,.6,.72,.72,.3333,.5294,.6486,.75,.8372,.8372
72,"seville_cathedral",.6,.7,.8,.8667,.9,.92,.08,.24,.36,.48,.6,.64,.1412,.3574,.4966,.6178,.72,.7549
73,"spanish_steps",.8,.7,.6,.5667,.525,.54,.1364,.1818,.3636,.4545,.5455,.6364,.233,.2887,.4528,.5045,.535,.5842
74,"st__basil_cathedral",1.0,1.0,.85,.8667,.8,.84,.2,.32,.4,.56,.56,.64,.3333,.4848,.544,.6804,.6588,.7265
75,"statue_of_liberty",1.0,1.0,.8,.8,.85,.8,.16,.28,.4,.48,.56,.6,.2759,.4375,.5333,.6,.6752,.6857
76,"stonehenge",.8,.6,.6,.4667,.525,.52,.2105,.2632,.4737,.5263,.6316,.6842,.3333,.3659,.5294,.4947,.5734,.5909
77,"summer_palace_beijing",.8,.9,.95,.9,.85,.78,.12,.24,.44,.56,.6,.68,.2087,.3789,.6014,.6904,.7034,.7266
78,"sydney_opera_house",1.0,.9,.95,.8,.85,.86,.16,.28,.32,.48,.52,.52,.2759,.4271,.4787,.6,.6453,.6481
79,"teotihuacan",1.0,.8,.7,.7667,.775,.8,.2,.28,.4,.6,.68,.68,.3333,.4148,.5091,.6732,.7244,.7351
80,"terracotta_army",.8,.9,.45,.5,.6,.64,.15,.3,.3,.4,.75,.8,.2526,.45,.36,.4444,.6667,.7111
81,"the_blue_mosque",.8,.9,.95,.9333,.95,.96,.16,.24,.32,.56,.56,.68,.2667,.3789,.4787,.7,.7046,.7961
82,"the_henry_ford",1.0,.9,.65,.6333,.65,.68,.16,.24,.32,.4,.52,.68,.2759,.3789,.4289,.4903,.5778,.68
83,"taj_mahal",1.0,.8,.9,.9,.9,.9,.16,.28,.32,.52,.6,.68,.2759,.4148,.4721,.6592,.72,.7747
84,"tour_montparnasse",.8,.9,.65,.4333,.4,.36,.15,.3,.4,.4,.45,.5,.2526,.45,.4952,.416,.4235,.4186
85,"tower_bridge_london",1.0,.9,.75,.6333,.6,.58,.12,.24,.44,.48,.52,.56,.2143,.3789,.5546,.5461,.5571,.5698
86,"trafalgar_square",.6,.5,.5,.4333,.45,.5,.1364,.2273,.3182,.3636,.4091,.5,.2222,.3125,.3889,.3954,.4286,.5
87,"leaning_tower_of_pisa",.6,.5,.45,.5,.575,.66,.12,.16,.32,.48,.56,.68,.2,.2424,.374,.4898,.5674,.6699
88,"hermitage_museum_saint_petersburg",1.0,1.0,.8,.8667,.9,.9,.12,.16,.28,.48,.64,.68,.2143,.2759,.4148,.6178,.7481,.7747
89,"jantar_mantar_jaipur",.6,.5,.75,.7333,.75,.76,.12,.2,.4,.56,.64,.76,.2,.2857,.5217,.6351,.6906,.76
90,"lake_titicaca_peru",.6,.6,.35,.4333,.475,.46,.0833,.1667,.2083,.2917,.4167,.5417,.1463,.2609,.2612,.3487,.4439,.4975
91,"the_great_wall_of_china",1.0,.9,.85,.9,.75,.78,.2,.28,.44,.56,.6,.68,.3333,.4271,.5798,.6904,.6667,.7266
92,"grande_arche_paris",.6,.7,.55,.7,.65,.68,.12,.24,.28,.4,.48,.6,.2,.3574,.3711,.5091,.5522,.6375
93,"el_angel_mexico",.8,.9,.65,.6333,.6,.5,.1429,.2381,.3333,.5714,.619,.6667,.2424,.3766,.4407,.6008,.6094,.5714
94,"bibliotheque_nationale_de_france",.8,.9,.85,.8,.85,.82,.12,.16,.32,.48,.64,.68,.2087,.2717,.465,.6,.7302,.7435
95,"kronborg_castle",.4,.6,.65,.7,.775,.82,.0833,.1667,.3333,.4583,.5417,.625,.1379,.2609,.4407,.554,.6377,.7093
96,"ajanta_caves",1.0,.9,.95,.9667,.975,.94,.1818,.2727,.5455,.6364,.7273,.7273,.3077,.4186,.693,.7675,.8331,.8201
97,"atomium",.6,.8,.9,.9,.9,.9,.1429,.2857,.381,.4286,.5238,.619,.2308,.4211,.5353,.5806,.6622,.7335
98,"ellora_caves",1.0,1.0,.95,.9333,.925,.94,.1818,.2727,.4545,.5,.5455,.6364,.3077,.4286,.6149,.6512,.6862,.7589
99,"potala_palace",.8,.9,.9,.8,.7,.7,.1111,.1667,.2778,.3333,.4444,.5,.1951,.2812,.4245,.4706,.5437,.5833
100,"jokhang",.8,.8,.8,.8667,.825,.78,.16,.24,.44,.64,.72,.76,.2667,.3692,.5677,.7363,.7689,.7699
101,"rila_monastery",.6,.7,.85,.9,.925,.88,.12,.24,.4,.4,.44,.48,.2,.3574,.544,.5538,.5963,.6212
102,"louvre_pyramid",.8,.9,.85,.8667,.9,.86,.0556,.3333,.4444,.5,.5,.5556,.1039,.4865,.5837,.6341,.6429,.675
103,"brooklyn_bridge",1.0,1.0,.85,.9,.925,.92,.0952,.2381,.2857,.4762,.4762,.619,.1739,.3846,.4277,.6228,.6287,.7401
104,"tower_of_london",.6,.8,.7,.7,.7,.74,.087,.2609,.2609,.3913,.4348,.5652,.1519,.3934,.3801,.502,.5364,.6409
105,"british_museum_london",1.0,1.0,1.0,.9333,.95,.96,.15,.25,.4,.55,.6,.7,.2609,.4,.5714,.6921,.7355,.8096
106,"buckingham_palace",.6,.6,.35,.3667,.35,.34,.15,.15,.15,.25,.3,.35,.24,.24,.21,.2973,.3231,.3449
107,"charles_bridge_prague",1.0,1.0,.85,.7,.575,.58,.1667,.2083,.2917,.3333,.375,.5,.2857,.3448,.4343,.4516,.4539,.537
108,"champs_elysees_paris",.4,.3,.55,.6,.55,.48,.1333,.2,.4,.4667,.6,.6,.2,.24,.4632,.525,.5739,.5333
109,"chrysler_building",1.0,1.0,1.0,1.0,.975,.98,.2143,.4286,.5714,.8571,1.0,1.0,.3529,.6,.7273,.9231,.9873,.9899
110,"moma_new_york",.8,.9,.95,.9,.85,.86,.1579,.2105,.4737,.4737,.5263,.6842,.2637,.3412,.6322,.6207,.6501,.7621
111,"grand_central_terminal",1.0,1.0,1.0,.9667,.975,.94,.1429,.1429,.2857,.4762,.5714,.619,.25,.25,.4444,.6381,.7206,.7465
112,"houses_of_parliament",1.0,1.0,1.0,1.0,.925,.9,.1739,.2609,.3478,.4783,.5217,.6087,.2963,.4138,.5161,.6471,.6672,.7262
113,"alexanderplatz_berlin",.2,.3,.6,.6333,.675,.64,.04,.08,.36,.44,.48,.52,.0667,.1263,.45,.5193,.561,.5738
114,"centre_pompidou",1.0,.8,.75,.7,.775,.76,.2778,.2778,.3889,.4444,.7778,.8333,.4348,.4124,.5122,.5437,.7764,.795
115,"sydney_harbour_bridge",1.0,1.0,1.0,1.0,1.0,1.0,.25,.4375,.5,.625,.6875,.75,.4,.6087,.6667,.7692,.8148,.8571
116,"pier_39",1.0,1.0,1.0,.8667,.875,.9,.2381,.2857,.4762,.5714,.619,.7143,.3846,.4444,.6452,.6887,.7251,.7965
117,"coit_tower",.8,.8,.5,.6,.6,.66,.2,.2,.2,.3333,.4667,.5333,.32,.32,.2857,.4286,.525,.5899
118,"st_paul_s_cathedral_london",1.0,1.0,.9,.8667,.85,.78,.2941,.3529,.5882,.7647,.7647,.8235,.4545,.5217,.7115,.8125,.8051,.8012
119,"cloud_gate",.6,.8,.55,.6667,.675,.7,.1667,.25,.3333,.5,.5,.6667,.2609,.381,.4151,.5714,.5745,.6829
120,"musee_d_orsay",.8,.8,.9,.9,.9,.9,.1429,.1429,.4286,.5238,.619,.7143,.2424,.2424,.5806,.6622,.7335,.7965
121,"pike_place_market",1.0,.9,.85,.8,.8,.84,.2381,.3333,.4286,.4762,.5238,.619,.3846,.4865,.5698,.597,.6331,.7128
122,"royal_palace_madrid",.8,.9,.85,.8333,.875,.88,.1818,.2727,.3182,.5455,.7273,.7727,.2963,.4186,.463,.6593,.7943,.8229
123,"sony_center_berlin",.8,.9,.95,.8667,.9,.86,.1429,.1905,.2857,.3333,.4286,.5238,.2424,.3144,.4393,.4815,.5806,.6511
124,"red_square_moscow",.8,.7,.65,.7333,.7,.68,.1429,.1905,.2857,.4286,.5714,.619,.2424,.2995,.3969,.541,.6292,.6481
125,"prague_castle",1.0,.9,.9,.8333,.8,.8,.16,.32,.48,.56,.68,.76,.2759,.4721,.6261,.6699,.7351,.7795
126,"musee_du_louvre",1.0,1.0,1.0,1.0,1.0,1.0,.2,.24,.4,.64,.72,.72,.3333,.3871,.5714,.7805,.8372,.8372
127,"millennium_bridge_london",1.0,.8,.8,.8,.85,.78,.2,.24,.4,.44,.6,.6,.3333,.3692,.5333,.5677,.7034,.6783
128,"casa_mila",1.0,1.0,1.0,.9333,.925,.94,.2,.24,.48,.48,.52,.6,.3333,.3871,.6486,.634,.6657,.7325
129,"national_gallery_london",1.0,1.0,.65,.7333,.775,.68,.1818,.3182,.3636,.5,.5909,.5909,.3077,.4828,.4664,.5946,.6705,.6323
130,"national_mall",1.0,1.0,.9,.8,.8,.76,.2,.36,.4,.52,.64,.68,.3333,.5294,.5538,.6303,.7111,.7178
131,"london_city_hall",1.0,1.0,.95,.9333,.85,.74,.2,.35,.45,.55,.6,.65,.3333,.5185,.6107,.6921,.7034,.6921
132,"holocaust_memorial",.6,.8,.7,.6,.55,.44,.125,.3125,.5,.5625,.75,.75,.2069,.4494,.5833,.5806,.6346,.5546
133,"columbus_circle",.6,.8,.7,.6,.55,.5,.12,.28,.48,.48,.52,.6,.2,.4148,.5695,.5333,.5346,.5455
134,"siegessaeule",.8,.9,.8,.6667,.525,.48,.16,.24,.44,.52,.52,.52,.2667,.3789,.5677,.5843,.5225,.4992
135,"jardin_du_luxembourg",1.0,1.0,1.0,1.0,.925,.88,.2,.28,.44,.56,.68,.76,.3333,.4375,.6111,.7179,.7838,.8156
136,"merlion_singapore",.0,.1,.25,.3667,.45,.5,.0,.0455,.2273,.3636,.5,.6364,.0,.0625,.2381,.3651,.4737,.56
137,"harrods_london",1.0,1.0,.85,.8667,.9,.92,.16,.32,.44,.52,.64,.72,.2759,.4848,.5798,.65,.7481,.8078
138,"metropolitan_museum_of_art_new_york",1.0,1.0,.95,.9667,.975,.98,.16,.28,.44,.56,.64,.64,.2759,.4375,.6014,.7092,.7728,.7743
139,"new_york_stock_exchange",.8,.9,.8,.7,.625,.62,.15,.25,.25,.4,.45,.6,.2526,.3913,.381,.5091,.5233,.6098
140,"stephansdom_vienna",1.0,1.0,1.0,.9667,.975,.96,.12,.2,.36,.52,.6,.64,.2143,.3333,.5294,.6762,.7429,.768
141,"hms_belfast",1.0,1.0,1.0,.9667,.975,.98,.16,.24,.4,.48,.6,.76,.2759,.3871,.5714,.6415,.7429,.8561
142,"leicester_square",1.0,1.0,.8,.7667,.75,.72,.12,.16,.28,.4,.48,.56,.2143,.2759,.4148,.5257,.5854,.63
143,"ciudad_de_las_artes_y_las_ciencias",1.0,.9,.95,.9667,.975,.98,.16,.28,.48,.52,.64,.68,.2759,.4271,.6378,.6762,.7728,.8029
144,"topkapi_palace",1.0,.9,.95,.9,.925,.94,.2,.28,.48,.52,.6,.76,.3333,.4271,.6378,.6592,.7279,.8405
145,"royal_albert_hall",1.0,1.0,.8,.7333,.6,.6,.12,.28,.36,.44,.52,.56,.2143,.4375,.4966,.55,.5571,.5793
146,"st_vitus_cathedral",1.0,1.0,1.0,1.0,.95,.96,.16,.32,.44,.52,.6,.64,.2759,.4848,.6111,.6842,.7355,.768
147,"castello_sforzesco",1.0,1.0,.9,.9333,.9,.92,.16,.28,.36,.48,.52,.52,.2759,.4375,.5143,.634,.6592,.6644
148,"rijksmuseum_amsterdam",1.0,1.0,1.0,1.0,.95,.96,.16,.16,.28,.48,.48,.76,.2759,.2759,.4375,.6486,.6378,.8484
149,"dam_square",1.0,.9,.8,.7,.6,.64,.12,.28,.32,.44,.48,.6,.2143,.4271,.4571,.5404,.5333,.6194
150,"rathaus_vienna",.8,.9,.85,.7,.625,.62,.12,.16,.2,.28,.4,.52,.2087,.2717,.3238,.4,.4878,.5656
151,"bath_abbey",1.0,1.0,1.0,1.0,.975,.92,.2,.24,.44,.56,.56,.64,.3333,.3871,.6111,.7179,.7114,.7549
152,"salisbury_cathedral",1.0,1.0,1.0,1.0,.95,.92,.12,.2,.4,.52,.56,.6,.2143,.3333,.5714,.6842,.7046,.7263
153,"templo_de_debod",.2,.3,.25,.4667,.45,.5,.0455,.0909,.1364,.2727,.3182,.4091,.0741,.1395,.1765,.3443,.3728,.45
154,"Niagara_Falls",.8,.6,.7,.6,.675,.68,.1364,.2273,.3636,.4091,.5909,.6818,.233,.3297,.4786,.4865,.6302,.6809
155,"Golden_Gate_Bridge_in_San_Francisco",1.0,.9,.95,.9667,.975,.98,.1364,.1818,.4091,.5455,.6818,.6818,.24,.3025,.5719,.6974,.8025,.8042
156,"Neuschwanstein_Castle",.8,.9,.95,.9333,.95,.96,.16,.24,.44,.6,.68,.76,.2667,.3789,.6014,.7304,.7926,.8484
157,"Christ_Church_Cathedral_Missouri",1.0,1.0,1.0,1.0,.925,.78,.16,.32,.48,.56,.56,.56,.2759,.4848,.6486,.7179,.6976,.6519
158,"Mount_Rushmore_in_South_Dakota",.8,.9,.95,.9667,.95,.9,.16,.2,.36,.56,.64,.72,.2667,.3273,.5221,.7092,.7648,.8
159,"Puerta_de_Toledo",.2,.1,.05,.0333,.025,.02,.5,.5,.5,.5,.5,.5,.2857,.1667,.0909,.0625,.0476,.0385
160,"Urquhart_Castle",1.0,.8,.75,.8333,.8,.82,.1667,.2917,.5833,.6667,.7083,.75,.2857,.4275,.6562,.7407,.7514,.7834
161,"Gare_du_Nord_Paris",.6,.7,.8,.8333,.775,.72,.08,.2,.28,.32,.44,.48,.1412,.3111,.4148,.4624,.5613,.576
162,"Newgrange_in_Ireland",.4,.6,.65,.6333,.65,.7,.0833,.2083,.2917,.4167,.5,.5,.1379,.3093,.4027,.5026,.5652,.5833
163,"Windmills_at_Kinderdijk",1.0,.9,.85,.8667,.875,.9,.16,.32,.36,.44,.56,.64,.2759,.4721,.5058,.5837,.6829,.7481
164,"Conciergerie",1.0,1.0,1.0,1.0,.975,.94,.16,.24,.48,.64,.76,.76,.2759,.3871,.6486,.7805,.8542,.8405
165,"Palazzo_Madama",1.0,.8,.75,.7333,.625,.6,.2273,.2727,.4091,.5,.5,.6818,.3704,.4068,.5294,.5946,.5556,.6383
166,"Split_Rock_Lighthouse",1.0,1.0,.85,.8,.825,.82,.16,.2,.32,.4,.52,.56,.2759,.3333,.465,.5333,.6379,.6655
167,"The_Little_Mermaid_Denmark",.8,.9,.95,.8,.725,.58,.2143,.3571,.6429,.7143,.7143,.7143,.338,.5114,.7668,.7547,.7196,.6402
168,"Great_Pyramid_of_Giza",.6,.6,.65,.6,.625,.66,.2,.4,.4667,.6667,.7333,.7333,.3,.48,.5433,.6316,.6748,.6947
169,"Pitti_Palace",.8,.8,.9,.8,.675,.58,.1818,.3636,.4091,.4545,.4545,.5,.2963,.5,.5625,.5797,.5433,.537
170,"Georgia_State_Capitol",.8,.9,.5,.3333,.25,.2,.1579,.2632,.2632,.2632,.2632,.2632,.2637,.4072,.3448,.2941,.2564,.2273
171,"Dome_des_Invalides",1.0,1.0,.95,.9667,.975,.96,.2,.32,.4,.44,.56,.64,.3333,.4848,.563,.6047,.7114,.768
172,"Reggia_di_Caserta",1.0,.6,.5,.5333,.525,.58,.2,.24,.32,.48,.56,.64,.3333,.3429,.3902,.5053,.5419,.6085
173,"The_Burj_al_Arab_Hotel",.8,.7,.85,.8,.775,.82,.16,.24,.32,.48,.52,.6,.2667,.3574,.465,.6,.6224,.693
174,"Elephanta_Caves",1.0,1.0,1.0,.9333,.9,.82,.1667,.2917,.4583,.5833,.6667,.7083,.2857,.4516,.6286,.7179,.766,.7601
175,"Basilica_of_Santa_Croce",1.0,1.0,1.0,1.0,1.0,1.0,.12,.16,.4,.4,.4,.52,.2143,.2759,.5714,.5714,.5714,.6842
176,"Aachen_Cathedral",1.0,.9,.95,.9667,.975,.96,.16,.2,.44,.48,.64,.68,.2759,.3273,.6014,.6415,.7728,.7961
177,"Monument_to_the_Great_Fire_of_London",1.0,.7,.45,.5667,.625,.62,.2,.28,.32,.48,.52,.64,.3333,.4,.374,.5197,.5677,.6298
178,"Longmen_Grottoes",.8,.9,.55,.6333,.625,.64,.16,.36,.4,.56,.64,.72,.2667,.5143,.4632,.5944,.6324,.6776
179,"Louisiana_State_Capitol",.4,.4,.3,.2667,.375,.42,.08,.12,.2,.24,.52,.64,.1333,.1846,.24,.2526,.4358,.5072
180,"The_Great_Sphinx_at_Giza",1.0,.9,.85,.8667,.9,.92,.2,.24,.44,.56,.64,.72,.3333,.3789,.5798,.6804,.7481,.8078
181,"Teatro_Real_Madrid",1.0,1.0,.85,.6,.6,.62,.2174,.3913,.5217,.5217,.6087,.6957,.3571,.5625,.6466,.5581,.6043,.6557
182,"Palacio_de_la_Magdalena",.8,.9,.9,.7667,.75,.68,.16,.24,.36,.52,.6,.64,.2667,.3789,.5143,.6197,.6667,.6594
183,"Sowjetisches_Ehrenmal",.4,.6,.65,.7,.725,.7,.08,.2,.4,.6,.76,.84,.1333,.3,.4952,.6462,.7421,.7636
184,"Cathedral_of_Trier",1.0,1.0,1.0,.8,.825,.8,.2,.32,.64,.76,.84,.92,.3333,.4848,.7805,.7795,.8324,.8558
185,"Saint_Mary_of_the_Flower",.0,.0,.05,.1,.25,.34,.0,.0,.04,.12,.32,.36,.0,.0,.0444,.1091,.2807,.3497
186,"Skellig_Michael",1.0,.8,.8,.6667,.675,.66,.2,.28,.44,.52,.6,.64,.3333,.4148,.5677,.5843,.6353,.6498
187,"Chicago_Board_of_Trade_Building",.8,.9,.9,.7333,.55,.58,.1818,.3182,.4091,.5,.5,.6364,.2963,.4701,.5625,.5946,.5238,.6069
188,"Pont_de_Normandie_France",.8,.9,.9,.9333,.8,.72,.2105,.4211,.5789,.6842,.6842,.7368,.3333,.5737,.7046,.7896,.7376,.7283
189,"Palazzo_Rosso",.0,.0,.05,.1667,.15,.12,.0,.0,.0417,.1667,.2083,.2083,.0,.0,.0455,.1667,.1744,.1523
190,"Piazza_Vittorio_Veneto",.8,.7,.35,.3667,.4,.36,.1875,.375,.375,.375,.625,.75,.3038,.4884,.3621,.3708,.4878,.4865
191,"Sforza_Castle",1.0,.9,.95,.9667,.975,.94,.2,.28,.44,.6,.64,.64,.3333,.4271,.6014,.7404,.7728,.7615
192,"Torres_KIO",1.0,.9,.95,.9333,.825,.8,.16,.28,.4,.52,.6,.68,.2759,.4271,.563,.6679,.6947,.7351
193,"Torre_Picasso",1.0,1.0,.9,.7333,.75,.78,.1667,.3333,.4583,.5417,.5833,.6667,.2857,.5,.6074,.6231,.6562,.7189
194,"The_Palace_of_Parliament_in_Bucharest",.8,.9,.95,.9667,.975,.86,.12,.16,.24,.44,.64,.64,.2087,.2717,.3832,.6047,.7728,.7339
195,"Ernest_Hemingway_House",1.0,1.0,.95,.8333,.8,.8,.16,.24,.36,.48,.56,.68,.2759,.3871,.5221,.6091,.6588,.7351
196,"Castel_dellOvo_Napoli",.8,.9,.95,.9,.875,.86,.16,.32,.52,.68,.8,.8,.2667,.4721,.6721,.7747,.8358,.8289
197,"Villa_Borghese_gardens",1.0,1.0,1.0,1.0,.975,.98,.2,.32,.56,.68,.76,.8,.3333,.4848,.7179,.8095,.8542,.8809
198,"Saint_Marks_Basilica",1.0,1.0,1.0,1.0,1.0,.9,.16,.24,.24,.32,.4,.44,.2759,.3871,.3871,.4848,.5714,.591
199,"Mausoleum_of_the_First_Qin_Emperor",.8,.9,.7,.7667,.775,.76,.16,.28,.36,.44,.48,.56,.2667,.4271,.4755,.5591,.5928,.6448
200,"Mausoleum_of_Hadrian",1.0,.8,.85,.7667,.65,.52,.2222,.3333,.5,.6111,.6111,.6111,.3636,.4706,.6296,.6801,.63,.5619
201,"Piazza_de_Ferrari",1.0,1.0,.95,.9333,.85,.86,.1579,.2632,.3158,.4737,.5263,.5789,.2727,.4167,.474,.6284,.6501,.692
202,"George_Washington_Carver",.4,.7,.65,.5667,.55,.56,.125,.1875,.4375,.5,.5625,.625,.1905,.2958,.523,.5312,.5562,.5907
203,"Cathedral_of_Santiago_de_Compostela",.8,.9,.85,.8333,.8,.66,.1176,.1765,.5294,.6471,.7059,.7059,.2051,.2951,.6525,.7285,.75,.6822
204,"Saint-Jacques_Tower",1.0,.9,.85,.7667,.725,.72,.1538,.2308,.3077,.3846,.5385,.6923,.2667,.3673,.4518,.5122,.618,.7059
205,"Calakmul_Campeche_Mexico",1.0,1.0,.95,.9,.8,.78,.2857,.4286,.6429,.7857,.8571,.9286,.4444,.6,.7668,.839,.8276,.8478
206,"Bran_Castle_in_Transylvania",1.0,1.0,.9,.9,.8,.78,.2632,.3158,.3684,.4737,.6316,.7368,.4167,.48,.5228,.6207,.7059,.7578
207,"Mosteiro_da_Batalha",1.0,1.0,1.0,1.0,1.0,1.0,.2105,.3158,.4737,.5263,.6316,.6842,.3478,.48,.6429,.6897,.7742,.8125
208,"Wartburg_Castle",1.0,.9,.9,.9333,.95,.88,.15,.3,.5,.7,.75,.75,.2609,.45,.6429,.8,.8382,.8098
209,"Fujian_Tulou_Fujian_China",1.0,1.0,1.0,1.0,1.0,.96,.2222,.2778,.5,.6111,.6111,.8333,.3636,.4348,.6667,.7586,.7586,.8922
210,"Alabama_State_Capitol",.6,.6,.8,.8333,.85,.8,.1429,.2381,.5714,.7619,.8571,.8571,.2308,.3409,.6667,.796,.8536,.8276
211,"Palazzo_dAccursio",.8,.9,.8,.7667,.7,.62,.2222,.2778,.2778,.4444,.5556,.6111,.3478,.4245,.4124,.5627,.6195,.6155
212,"Casa_Grande_Ruins",.8,.8,.8,.8,.8,.76,.1765,.2941,.3529,.4706,.5294,.5294,.2892,.4301,.4898,.5926,.6372,.6241
213,"Stravinsky_Fountain",1.0,1.0,1.0,.9667,.875,.88,.2,.3333,.4667,.5333,.5333,.5333,.3333,.5,.6364,.6874,.6627,.6642
214,"Angel_Falls_Venezuela",.6,.6,.5,.5333,.575,.52,.1765,.1765,.3529,.5882,.6471,.7059,.2727,.2727,.4138,.5594,.6089,.5988
215,"Statue_of_George_IV",.8,.6,.5,.4667,.35,.28,.5,.5,.625,.75,.75,.75,.6154,.5455,.5556,.5753,.4773,.4078
216,"Palacio_Barolo",1.0,.8,.9,.9333,.95,.94,.2353,.3529,.4706,.5294,.7647,.8235,.381,.4898,.618,.6756,.8473,.8779
217,"Bridge_of_Remembrance_Christchurch_New_Zealand",.8,.9,.9,.7,.6,.48,.25,.4167,.8333,.8333,.8333,.8333,.381,.5696,.8654,.7609,.6977,.6091
218,"John_A._Roebling_Suspension_Bridge",.2,.3,.4,.5,.5,.52,.0667,.1333,.4,.5333,.6667,.8,.1,.1846,.4,.5161,.5714,.6303
219,"Blue_Dome_Santorini",1.0,.9,.95,.9667,.925,.94,.3125,.4375,.5625,.6875,.6875,.8125,.4762,.5888,.7066,.8035,.7888,.8716
220,"Fossar_de_les_Moreres",.6,.8,.6,.4333,.325,.26,.2143,.3571,.5,.5,.5,.5,.3158,.4938,.5455,.4643,.3939,.3421
221,"Luxor_Obelisk_France",1.0,.7,.7,.6667,.725,.74,.1875,.25,.3125,.375,.375,.4375,.3158,.3684,.4321,.48,.4943,.5499
222,"Valle_de_los_Caidos",1.0,.8,.9,.9,.875,.9,.25,.35,.6,.7,.7,.8,.4,.487,.72,.7875,.7778,.8471
--------------------
"--","Avg.",P@5,P@10,P@20,P@30,P@40,P@50,CR@5,CR@10,CR@20,CR@30,CR@40,CR@50,F1@5,F1@10,F1@20,F1@30,F1@40,F1@50
,.,8207,.8117,.7856,.771,.7568,.744,.158,.2528,.397,.5042,.5844,.6544,.2598,.3775,.5167,.5977,.6459,.6821
