--------------------
"Run name","output_runCOSINEXBIndex"
--------------------
"Average P@20 = ",.7597
"Average CR@20 = ",.4148
"Average F1@20 = ",.5268
--------------------
"Query Id ","Location name",P@5,P@10,P@20,P@30,P@40,P@50,CR@5,CR@10,CR@20,CR@30,CR@40,CR@50,F1@5,F1@10,F1@20,F1@30,F1@40,F1@50
1,"angel_of_the_north",1.0,1.0,1.0,1.0,1.0,1.0,.16,.2,.36,.52,.52,.64,.2759,.3333,.5294,.6842,.6842,.7805
2,"big_ben",1.0,.9,.85,.8333,.775,.76,.1818,.2727,.4091,.5455,.5455,.6364,.3077,.4186,.5523,.6593,.6403,.6927
3,"hearst_castle",.8,.8,.9,.8333,.85,.88,.1667,.2917,.4167,.5417,.6667,.7917,.2759,.4275,.5696,.6566,.7473,.8335
4,"la_madeleine",.2,.4,.35,.3,.275,.3,.0714,.2143,.2857,.3571,.3571,.5,.1053,.2791,.3146,.3261,.3107,.375
5,"pont_alexandre_iii",1.0,1.0,.95,.9667,.975,.96,.16,.28,.48,.56,.64,.8,.2759,.4375,.6378,.7092,.7728,.8727
6,"neues_museum",.2,.5,.5,.4333,.425,.48,.04,.2,.36,.44,.52,.56,.0667,.2857,.4186,.4366,.4677,.5169
7,"montezuma_castle",.4,.6,.6,.6333,.65,.68,.1667,.3333,.4167,.5833,.6667,.6667,.2353,.4286,.4918,.6073,.6582,.6733
8,"cn_tower",.8,.7,.7,.7,.725,.76,.125,.25,.4167,.5,.625,.7083,.2162,.3684,.5224,.5833,.6713,.7333
9,"acropolis_athens",.8,.9,.8,.8,.8,.8,.1905,.3333,.381,.4762,.5714,.619,.3077,.4865,.5161,.597,.6667,.698
10,"agra_fort",1.0,.9,.8,.8333,.85,.82,.2,.24,.4,.48,.64,.68,.3333,.3789,.5333,.6091,.7302,.7435
11,"albert_memorial",1.0,.7,.55,.6333,.65,.64,.1818,.2273,.3182,.4545,.5,.6364,.3077,.3431,.4031,.5292,.5652,.6382
12,"altes_museum",1.0,1.0,1.0,1.0,.975,.98,.2083,.2917,.4583,.5417,.6667,.75,.3448,.4516,.6286,.7027,.7919,.8497
13,"amiens_cathedral",1.0,1.0,.9,.9333,.925,.94,.2,.32,.48,.56,.64,.68,.3333,.4848,.6261,.7,.7565,.7891
14,"angkor_wat",.8,.8,.8,.7667,.8,.84,.16,.28,.44,.6,.68,.68,.2667,.4148,.5677,.6732,.7351,.7516
15,"ara_pacis",.8,.7,.55,.6667,.675,.64,.1818,.3182,.4091,.5455,.5909,.6818,.2963,.4375,.4692,.6,.6302,.6602
16,"arc_de_triomphe",1.0,1.0,.7,.7333,.625,.68,.2083,.375,.4583,.5833,.625,.6667,.3448,.5455,.554,.6498,.625,.6733
17,"aztec_ruins",.0,.1,.2,.2333,.275,.3,.0,.04,.12,.24,.4,.44,.0,.0571,.15,.2366,.3259,.3568
18,"berlin_cathedral",1.0,.8,.85,.8333,.825,.84,.16,.24,.44,.48,.6,.64,.2759,.3692,.5798,.6091,.6947,.7265
19,"bok_tower_gardens",.8,.9,.95,.9667,.975,.96,.16,.32,.48,.56,.64,.64,.2667,.4721,.6378,.7092,.7728,.768
20,"brandenburg_gate",1.0,.9,.95,.9333,.9,.88,.2,.2,.32,.48,.52,.68,.3333,.3273,.4787,.634,.6592,.7672
21,"cabrillo",.0,.0,.1,.2,.15,.14,.0,.0,.1538,.4615,.4615,.5385,.0,.0,.1212,.2791,.2264,.2222
22,"casa_batllo",1.0,1.0,1.0,1.0,.975,.94,.2,.32,.48,.6,.76,.84,.3333,.4848,.6486,.75,.8542,.8872
23,"casa_rosada",1.0,.7,.75,.8333,.85,.86,.2,.24,.36,.56,.68,.72,.3333,.3574,.4865,.6699,.7556,.7838
24,"castillo_de_san_marcos",.8,.8,.85,.8667,.875,.86,.12,.2,.44,.52,.6,.72,.2087,.32,.5798,.65,.7119,.7838
25,"chartres_cathedral",1.0,1.0,1.0,.9667,.975,.96,.2,.36,.44,.56,.64,.68,.3333,.5294,.6111,.7092,.7728,.7961
26,"chichen_itza",.6,.8,.8,.8667,.9,.9,.08,.28,.48,.64,.72,.72,.1412,.4148,.6,.7363,.8,.8
27,"christ_the_redeemer_rio",.4,.6,.6,.6333,.625,.6,.087,.2609,.4348,.6087,.6522,.7391,.1429,.3636,.5042,.6208,.6383,.6623
28,"civic_center_san_francisco",.8,.6,.65,.6667,.6,.6,.12,.2,.36,.48,.52,.56,.2087,.3,.4634,.5581,.5571,.5793
29,"cologne_cathedral",1.0,1.0,.95,.9333,.95,.96,.2,.24,.48,.6,.68,.76,.3333,.3871,.6378,.7304,.7926,.8484
30,"colosseum",.8,.9,.9,.9,.9,.9,.16,.32,.44,.56,.64,.64,.2667,.4721,.591,.6904,.7481,.7481
31,"doge_s_palace",.8,.6,.8,.7,.725,.74,.12,.16,.32,.4,.4,.44,.2087,.2526,.4571,.5091,.5156,.5519
32,"eiffel_tower",1.0,1.0,.9,.9333,.875,.84,.16,.24,.28,.48,.56,.6,.2759,.3871,.4271,.634,.6829,.7
33,"golden_gate_bridge",.8,.8,.75,.8333,.85,.82,.1739,.1739,.3043,.4783,.5217,.5652,.2857,.2857,.433,.6077,.6466,.6692
34,"grand_palais",.8,.9,.95,.9,.925,.92,.1818,.3182,.5,.5455,.6364,.6818,.2963,.4701,.6552,.6792,.754,.7832
35,"guggenheim_museum_bilbao",1.0,.9,.95,.9667,.95,.96,.16,.24,.4,.52,.6,.6,.2759,.3789,.563,.6762,.7355,.7385
36,"hagia_sophia_istanbul",1.0,1.0,1.0,.9333,.95,.96,.16,.32,.48,.56,.68,.68,.2759,.4848,.6486,.7,.7926,.7961
37,"hoover_dam",1.0,1.0,.95,.9333,.95,.94,.2,.32,.48,.56,.64,.68,.3333,.4848,.6378,.7,.7648,.7891
38,"humayun_tomb",.8,.8,.85,.8667,.85,.82,.16,.24,.48,.56,.68,.76,.2667,.3692,.6135,.6804,.7556,.7889
39,"iguazu_falls",.6,.7,.75,.7333,.75,.78,.12,.24,.44,.52,.64,.72,.2,.3574,.5546,.6085,.6906,.7488
40,"iolani_palace",1.0,.9,.85,.8,.8,.8,.2,.36,.52,.6,.68,.76,.3333,.5143,.6453,.6857,.7351,.7795
41,"la_mezquita",.8,.7,.5,.5333,.55,.52,.1667,.2083,.2917,.4583,.5,.5833,.2759,.3211,.3684,.493,.5238,.5498
42,"la_rambla_barcelona",.8,.8,.9,.9333,.9,.92,.16,.24,.44,.52,.64,.72,.2667,.3692,.591,.6679,.7481,.8078
43,"la_sainte_chapelle",1.0,1.0,.95,.9667,.95,.96,.2,.32,.56,.68,.72,.8,.3333,.4848,.7046,.7984,.8192,.8727
44,"liberty_memorial",.8,.9,.85,.8667,.85,.84,.12,.24,.4,.48,.6,.72,.2087,.3789,.544,.6178,.7034,.7754
45,"lincoln_home",1.0,1.0,.7,.7,.675,.66,.2222,.3333,.5,.6111,.6667,.8333,.3636,.5,.5833,.6525,.6708,.7366
46,"machu_picchu",1.0,1.0,.85,.8,.825,.82,.16,.32,.48,.6,.64,.68,.2759,.4848,.6135,.6857,.7208,.7435
47,"marble_arch_london",.4,.7,.45,.4333,.425,.38,.1667,.4167,.4167,.5,.5833,.6667,.2353,.5224,.4327,.4643,.4917,.4841
48,"milan_cathedral",1.0,1.0,1.0,.9333,.925,.88,.2,.28,.4,.52,.56,.56,.3333,.4375,.5714,.6679,.6976,.6844
49,"mole_antonelliana",.8,.8,.8,.7333,.725,.74,.12,.28,.4,.44,.48,.64,.2087,.4148,.5333,.55,.5776,.6864
50,"mont_saint_michel",1.0,.8,.85,.8667,.85,.88,.16,.2,.44,.52,.56,.68,.2759,.32,.5798,.65,.6752,.7672
51,"moulin_rouge",.0,.1,.05,.0667,.075,.1,.0,.125,.125,.125,.25,.5,.0,.1111,.0714,.087,.1154,.1667
52,"nelson_s_column",1.0,.9,.85,.8,.8,.84,.125,.2917,.5,.625,.7083,.7917,.2222,.4406,.6296,.7018,.7514,.8151
53,"notre_dame_de_paris",.8,.7,.8,.8333,.85,.84,.16,.28,.48,.56,.64,.72,.2667,.4,.6,.6699,.7302,.7754
54,"obelisco",.2,.1,.2,.2,.2,.16,.0909,.0909,.3636,.5455,.6364,.6364,.125,.0952,.2581,.2927,.3043,.2557
55,"piccadilly_circus",1.0,1.0,.75,.7667,.8,.76,.1739,.2609,.3913,.5652,.7391,.7826,.2963,.4138,.5143,.6507,.7684,.7711
56,"place_de_la_concorde",1.0,1.0,.95,.9667,.95,.96,.16,.28,.56,.56,.68,.72,.2759,.4375,.7046,.7092,.7926,.8229
57,"place_de_la_republique",.2,.1,.25,.3,.225,.2,.125,.125,.5,.75,.75,.875,.1538,.1111,.3333,.4286,.3462,.3256
58,"place_des_vosges",1.0,.8,.8,.7,.625,.68,.2,.28,.36,.36,.4,.52,.3333,.4148,.4966,.4755,.4878,.5893
59,"pont_du_gard",.6,.7,.65,.6667,.7,.7,.12,.24,.32,.44,.48,.52,.2,.3574,.4289,.5301,.5695,.5967
60,"pont_neuf",.6,.8,.55,.6333,.625,.64,.12,.24,.32,.48,.56,.64,.2,.3692,.4046,.5461,.5907,.64
61,"ponte_vecchio",.8,.6,.6,.6667,.7,.72,.125,.2083,.375,.5,.625,.6667,.2162,.3093,.4615,.5714,.6604,.6923
62,"puerta_de_alcala",.4,.4,.45,.5667,.5,.52,.1053,.1579,.2105,.4211,.5263,.6316,.1667,.2264,.2869,.4831,.5128,.5704
63,"puerta_del_sol",.4,.3,.55,.5667,.55,.54,.1,.15,.45,.5,.5,.65,.16,.2,.495,.5312,.5238,.5899
64,"red_fort",1.0,.9,.95,.9667,.975,.98,.2,.36,.48,.6,.68,.8,.3333,.5143,.6378,.7404,.8012,.8809
65,"reims_cathedral",1.0,1.0,1.0,.9667,.925,.94,.2,.28,.48,.52,.56,.68,.3333,.4375,.6486,.6762,.6976,.7891
66,"rialto_bridge",.8,.7,.7,.6667,.7,.64,.25,.4375,.5625,.75,.75,.8125,.381,.5385,.6238,.7059,.7241,.716
67,"roman_forum_rome",.8,.9,.85,.8333,.85,.84,.16,.32,.44,.56,.6,.68,.2667,.4721,.5798,.6699,.7034,.7516
68,"sacre_coeur",.4,.5,.5,.5667,.575,.6,.0833,.125,.2917,.5,.5,.625,.1379,.2,.3684,.5312,.5349,.6122
69,"sagrada_familia",1.0,1.0,.85,.8667,.875,.88,.16,.28,.48,.64,.64,.64,.2759,.4375,.6135,.7363,.7393,.7411
70,"santa_maria_novella",.8,.6,.55,.4667,.525,.5,.16,.24,.32,.4,.48,.52,.2667,.3429,.4046,.4308,.5015,.5098
71,"schonbrunn_palace",1.0,1.0,.95,.9333,.9,.92,.2,.36,.4,.6,.64,.76,.3333,.5294,.563,.7304,.7481,.8324
72,"seville_cathedral",1.0,.9,.95,.9667,.95,.96,.2,.28,.52,.64,.64,.72,.3333,.4271,.6721,.7701,.7648,.8229
73,"spanish_steps",.8,.9,.85,.7667,.75,.7,.1364,.3182,.4545,.5455,.6818,.7273,.233,.4701,.5923,.6374,.7143,.7134
74,"st__basil_cathedral",1.0,1.0,1.0,.9667,.925,.92,.16,.32,.44,.64,.72,.76,.2759,.4848,.6111,.7701,.8097,.8324
75,"statue_of_liberty",.8,.8,.85,.8333,.825,.78,.12,.28,.44,.52,.64,.68,.2087,.4148,.5798,.6404,.7208,.7266
76,"stonehenge",1.0,.8,.7,.6667,.675,.6,.2105,.3158,.3684,.4737,.5789,.6316,.3478,.4528,.4828,.5538,.6233,.6154
77,"summer_palace_beijing",1.0,.8,.8,.8667,.85,.88,.12,.24,.44,.6,.6,.64,.2143,.3692,.5677,.7091,.7034,.7411
78,"sydney_opera_house",1.0,1.0,.95,.9,.925,.94,.2,.28,.52,.56,.68,.76,.3333,.4375,.6721,.6904,.7838,.8405
79,"teotihuacan",1.0,.8,.8,.7333,.75,.8,.2,.28,.4,.56,.64,.68,.3333,.4148,.5333,.6351,.6906,.7351
80,"terracotta_army",.8,.8,.75,.6667,.625,.62,.2,.35,.55,.65,.7,.75,.32,.487,.6346,.6582,.6604,.6788
81,"the_blue_mosque",.8,.9,.9,.9333,.95,.94,.16,.24,.36,.52,.56,.56,.2667,.3789,.5143,.6679,.7046,.7019
82,"the_henry_ford",.6,.5,.6,.6667,.625,.6,.12,.2,.4,.52,.52,.56,.2,.2857,.48,.5843,.5677,.5793
83,"taj_mahal",.8,.9,.85,.8667,.875,.84,.16,.28,.44,.6,.64,.76,.2667,.4271,.5798,.7091,.7393,.798
84,"tour_montparnasse",.4,.4,.5,.5333,.5,.48,.1,.15,.3,.5,.55,.6,.16,.2182,.375,.5161,.5238,.5333
85,"tower_bridge_london",.6,.7,.6,.5667,.575,.62,.12,.16,.24,.4,.56,.64,.2,.2605,.3429,.469,.5674,.6298
86,"trafalgar_square",.8,.6,.75,.7,.575,.56,.1818,.2273,.3182,.3636,.3636,.4091,.2963,.3297,.4468,.4786,.4455,.4728
87,"leaning_tower_of_pisa",.4,.4,.55,.6667,.7,.7,.08,.12,.32,.52,.68,.76,.1333,.1846,.4046,.5843,.6899,.7288
88,"hermitage_museum_saint_petersburg",.8,.8,.85,.8667,.9,.92,.16,.32,.48,.56,.72,.84,.2667,.4571,.6135,.6804,.8,.8782
89,"jantar_mantar_jaipur",.8,.9,.95,.9667,.9,.88,.16,.32,.48,.64,.68,.68,.2667,.4721,.6378,.7701,.7747,.7672
90,"lake_titicaca_peru",.8,.8,.8,.6667,.675,.66,.125,.2083,.4583,.5417,.6667,.7083,.2162,.3306,.5828,.5977,.6708,.6833
91,"the_great_wall_of_china",1.0,1.0,.85,.8333,.825,.82,.12,.28,.48,.64,.72,.72,.2143,.4375,.6135,.724,.7689,.7668
92,"grande_arche_paris",.4,.4,.4,.4,.4,.46,.08,.12,.24,.32,.36,.52,.1333,.1846,.3,.3556,.3789,.4882
93,"el_angel_mexico",.8,.6,.5,.6,.475,.5,.1905,.2381,.381,.6667,.6667,.7619,.3077,.3409,.4324,.6316,.5547,.6038
94,"bibliotheque_nationale_de_france",.8,.9,.8,.8333,.775,.74,.16,.32,.48,.6,.68,.68,.2667,.4721,.6,.6977,.7244,.7087
95,"kronborg_castle",.8,.8,.85,.7667,.775,.82,.1667,.25,.375,.4583,.5,.5417,.2759,.381,.5204,.5737,.6078,.6524
96,"ajanta_caves",1.0,1.0,.9,.9333,.925,.92,.1818,.3182,.5,.5455,.6364,.6364,.3077,.4828,.6429,.6885,.754,.7523
97,"atomium",.8,.7,.8,.7667,.8,.82,.0952,.1905,.3333,.4286,.5238,.5714,.1702,.2995,.4706,.5498,.6331,.6735
98,"ellora_caves",1.0,1.0,.95,.9333,.925,.94,.1818,.3636,.4545,.4545,.5,.5455,.3077,.5333,.6149,.6114,.6491,.6903
99,"potala_palace",.8,.9,.8,.8,.825,.82,.1667,.3333,.4444,.6667,.7222,.7222,.2759,.4865,.5714,.7273,.7702,.768
100,"jokhang",.6,.6,.7,.7333,.75,.74,.12,.24,.52,.56,.64,.68,.2,.3429,.5967,.6351,.6906,.7087
101,"rila_monastery",1.0,.6,.65,.7667,.775,.82,.2,.2,.28,.4,.4,.44,.3333,.3,.3914,.5257,.5277,.5727
102,"louvre_pyramid",1.0,.8,.85,.8333,.85,.86,.1667,.2778,.4444,.5,.6667,.7778,.2857,.4124,.5837,.625,.7473,.8168
103,"brooklyn_bridge",1.0,.8,.8,.8,.825,.82,.1905,.2857,.381,.4762,.5238,.619,.32,.4211,.5161,.597,.6408,.7055
104,"tower_of_london",.8,.7,.7,.7333,.65,.64,.1304,.1739,.3913,.5652,.6087,.6957,.2243,.2786,.502,.6384,.6287,.6667
105,"british_museum_london",1.0,1.0,.95,.9667,.95,.94,.2,.35,.45,.55,.6,.75,.3333,.5185,.6107,.7011,.7355,.8343
106,"buckingham_palace",.2,.3,.35,.4333,.4,.42,.05,.15,.3,.4,.45,.55,.08,.2,.3231,.416,.4235,.4763
107,"charles_bridge_prague",.4,.6,.7,.6667,.675,.66,.0833,.2083,.375,.4167,.5,.5417,.1379,.3093,.4884,.5128,.5745,.595
108,"champs_elysees_paris",.6,.4,.55,.5667,.55,.46,.1333,.2,.2667,.4,.5333,.5333,.2182,.2667,.3592,.469,.5415,.494
109,"chrysler_building",1.0,1.0,.95,.9667,.925,.94,.2857,.3571,.5714,.7143,.7143,.8571,.4444,.5263,.7136,.8215,.8061,.8967
110,"moma_new_york",.6,.7,.8,.8333,.825,.86,.1579,.3158,.4211,.5263,.6842,.7368,.25,.4352,.5517,.6452,.748,.7937
111,"grand_central_terminal",1.0,1.0,.95,.9667,.975,.96,.2381,.4286,.5714,.5714,.619,.619,.3846,.6,.7136,.7183,.7573,.7527
112,"houses_of_parliament",1.0,.9,.85,.8667,.875,.88,.1739,.3043,.3913,.4348,.5217,.5652,.2963,.4549,.5359,.5791,.6537,.6883
113,"alexanderplatz_berlin",.6,.5,.7,.7333,.725,.74,.12,.2,.36,.44,.52,.56,.2,.2857,.4755,.55,.6056,.6375
114,"centre_pompidou",.8,.7,.6,.5333,.55,.58,.2222,.3333,.3889,.4444,.5,.6111,.3478,.4516,.4719,.4848,.5238,.5951
115,"sydney_harbour_bridge",1.0,1.0,1.0,1.0,1.0,1.0,.25,.375,.5,.625,.75,.75,.4,.5455,.6667,.7692,.8571,.8571
116,"pier_39",.8,.8,.85,.8667,.85,.84,.1429,.2857,.5238,.5714,.5714,.6667,.2424,.4211,.6482,.6887,.6834,.7434
117,"coit_tower",.6,.7,.6,.7,.775,.72,.2,.2667,.3333,.4,.5333,.6,.3,.3862,.4286,.5091,.6318,.6545
118,"st_paul_s_cathedral_london",.8,.7,.8,.7667,.725,.7,.1765,.2941,.5882,.6471,.7059,.7059,.2892,.4142,.678,.7018,.7153,.7029
119,"cloud_gate",.8,.7,.75,.8,.8,.78,.25,.3333,.5,.5,.5,.5833,.381,.4516,.6,.6154,.6154,.6675
120,"musee_d_orsay",1.0,1.0,.95,.9667,.95,.96,.1905,.2381,.4762,.6667,.7143,.7143,.32,.3846,.6344,.7891,.8155,.8191
121,"pike_place_market",.8,.8,.85,.8333,.8,.8,.0952,.2857,.4762,.619,.619,.619,.1702,.4211,.6104,.7104,.698,.698
122,"royal_palace_madrid",1.0,1.0,.85,.8333,.75,.74,.1818,.3182,.4545,.5909,.5909,.6364,.3077,.4828,.5923,.6915,.661,.6843
123,"sony_center_berlin",1.0,.8,.8,.8333,.875,.9,.1905,.1905,.4286,.4762,.5238,.5714,.32,.3077,.5581,.6061,.6553,.699
124,"red_square_moscow",.8,.9,.8,.8,.8,.76,.1429,.1905,.381,.619,.619,.619,.2424,.3144,.5161,.698,.698,.6823
125,"prague_castle",.8,.9,.9,.9333,.925,.92,.16,.28,.4,.6,.64,.68,.2667,.4271,.5538,.7304,.7565,.782
126,"musee_du_louvre",1.0,1.0,1.0,.9667,.975,.98,.2,.36,.56,.64,.68,.68,.3333,.5294,.7179,.7701,.8012,.8029
127,"millennium_bridge_london",.8,.9,.9,.8667,.875,.88,.16,.24,.44,.48,.52,.6,.2667,.3789,.591,.6178,.6523,.7135
128,"casa_mila",1.0,1.0,1.0,1.0,1.0,1.0,.2,.28,.44,.56,.72,.72,.3333,.4375,.6111,.7179,.8372,.8372
129,"national_gallery_london",.6,.8,.65,.6667,.6,.58,.1364,.3182,.4545,.5,.5455,.5455,.2222,.4553,.535,.5714,.5714,.5622
130,"national_mall",1.0,1.0,.85,.8,.775,.82,.16,.32,.44,.6,.64,.72,.2759,.4848,.5798,.6857,.7011,.7668
131,"london_city_hall",1.0,.7,.7,.6667,.675,.66,.25,.3,.5,.65,.75,.75,.4,.42,.5833,.6582,.7105,.7021
132,"holocaust_memorial",.6,.6,.55,.4667,.475,.5,.1875,.3125,.4375,.5,.5,.5625,.2857,.411,.4873,.4828,.4872,.5294
133,"columbus_circle",.8,.7,.65,.6,.575,.52,.12,.2,.4,.48,.48,.52,.2087,.3111,.4952,.5333,.5232,.52
134,"siegessaeule",1.0,.7,.6,.6,.575,.58,.16,.2,.36,.4,.4,.56,.2759,.3111,.45,.48,.4718,.5698
135,"jardin_du_luxembourg",.8,.9,.95,.9333,.925,.92,.12,.32,.52,.68,.72,.8,.2087,.4721,.6721,.7868,.8097,.8558
136,"merlion_singapore",.4,.4,.35,.4,.45,.48,.0909,.1364,.1818,.3182,.4545,.6364,.1481,.2034,.2393,.3544,.4523,.5472
137,"harrods_london",1.0,.9,.95,.9333,.925,.9,.12,.24,.48,.6,.6,.64,.2143,.3789,.6378,.7304,.7279,.7481
138,"metropolitan_museum_of_art_new_york",1.0,1.0,1.0,1.0,1.0,.98,.16,.28,.48,.52,.56,.56,.2759,.4375,.6486,.6842,.7179,.7127
139,"new_york_stock_exchange",.8,.6,.55,.5,.475,.48,.15,.2,.35,.5,.55,.6,.2526,.3,.4278,.5,.5098,.5333
140,"stephansdom_vienna",1.0,1.0,.95,.9333,.95,.96,.16,.32,.48,.6,.64,.68,.2759,.4848,.6378,.7304,.7648,.7961
141,"hms_belfast",1.0,1.0,.95,.9333,.95,.94,.12,.24,.4,.48,.6,.64,.2143,.3871,.563,.634,.7355,.7615
142,"leicester_square",.8,.7,.8,.8,.725,.7,.08,.2,.32,.4,.44,.44,.1455,.3111,.4571,.5333,.5476,.5404
143,"ciudad_de_las_artes_y_las_ciencias",.8,.9,.9,.9,.925,.9,.12,.24,.4,.52,.64,.64,.2087,.3789,.5538,.6592,.7565,.7481
144,"topkapi_palace",1.0,1.0,.95,.9667,.95,.96,.16,.28,.48,.64,.76,.8,.2759,.4375,.6378,.7701,.8444,.8727
145,"royal_albert_hall",.6,.7,.7,.7333,.75,.72,.12,.2,.4,.52,.6,.6,.2,.3111,.5091,.6085,.6667,.6545
146,"st_vitus_cathedral",.8,.9,.9,.9,.9,.92,.16,.32,.44,.6,.68,.68,.2667,.4721,.591,.72,.7747,.782
147,"castello_sforzesco",1.0,1.0,.9,.9,.9,.9,.16,.24,.32,.4,.68,.76,.2759,.3871,.4721,.5538,.7747,.8241
148,"rijksmuseum_amsterdam",1.0,1.0,1.0,1.0,1.0,1.0,.2,.28,.48,.52,.56,.64,.3333,.4375,.6486,.6842,.7179,.7805
149,"dam_square",.6,.6,.65,.6,.525,.56,.12,.2,.32,.4,.44,.52,.2,.3,.4289,.48,.4788,.5393
150,"rathaus_vienna",.4,.6,.7,.6333,.6,.58,.08,.16,.24,.4,.44,.48,.1333,.2526,.3574,.4903,.5077,.5253
151,"bath_abbey",1.0,1.0,1.0,.9667,.95,.94,.2,.36,.48,.52,.68,.76,.3333,.5294,.6486,.6762,.7926,.8405
152,"salisbury_cathedral",1.0,1.0,1.0,1.0,.975,.98,.12,.24,.36,.56,.6,.68,.2143,.3871,.5294,.7179,.7429,.8029
153,"templo_de_debod",.0,.3,.5,.4,.4,.42,.0,.1364,.3636,.4545,.5455,.5909,.0,.1875,.4211,.4255,.4615,.491
154,"Niagara_Falls",.2,.4,.6,.5667,.65,.68,.0455,.1818,.3636,.4545,.5909,.7273,.0741,.25,.4528,.5045,.619,.7028
155,"Golden_Gate_Bridge_in_San_Francisco",1.0,1.0,.95,.9333,.925,.94,.1364,.2273,.3636,.5909,.6364,.6364,.24,.3704,.526,.7237,.754,.7589
156,"Neuschwanstein_Castle",1.0,1.0,.95,.9333,.925,.92,.2,.28,.36,.44,.48,.56,.3333,.4375,.5221,.5981,.632,.6962
157,"Christ_Church_Cathedral_Missouri",1.0,1.0,.95,.8667,.9,.88,.12,.28,.4,.48,.56,.68,.2143,.4375,.563,.6178,.6904,.7672
158,"Mount_Rushmore_in_South_Dakota",1.0,.9,.9,.8333,.875,.9,.16,.2,.32,.4,.48,.64,.2759,.3273,.4721,.5405,.6199,.7481
159,"Puerta_de_Toledo",.2,.1,.1,.1,.075,.06,.5,.5,1.0,1.0,1.0,1.0,.2857,.1667,.1818,.1818,.1395,.1132
160,"Urquhart_Castle",1.0,1.0,.95,.9333,.95,.94,.2083,.375,.4583,.5833,.75,.8333,.3448,.5455,.6183,.7179,.8382,.8835
161,"Gare_du_Nord_Paris",1.0,.8,.8,.8333,.85,.84,.12,.2,.36,.44,.6,.6,.2143,.32,.4966,.5759,.7034,.7
162,"Newgrange_in_Ireland",.4,.6,.65,.6667,.725,.74,.0833,.1667,.2917,.4167,.5,.5833,.1379,.2609,.4027,.5128,.5918,.6524
163,"Windmills_at_Kinderdijk",1.0,1.0,.95,.9333,.925,.92,.16,.24,.36,.52,.56,.6,.2759,.3871,.5221,.6679,.6976,.7263
164,"Conciergerie",1.0,1.0,.9,.9,.9,.9,.2,.28,.48,.6,.64,.72,.3333,.4375,.6261,.72,.7481,.8
165,"Palazzo_Madama",1.0,.9,.8,.6667,.625,.68,.1818,.2273,.4091,.5455,.5909,.7727,.3077,.3629,.5414,.6,.6075,.7234
166,"Split_Rock_Lighthouse",.6,.8,.75,.7333,.75,.74,.12,.24,.28,.32,.44,.44,.2,.3692,.4078,.4456,.5546,.5519
167,"The_Little_Mermaid_Denmark",.8,.8,.7,.6333,.6,.58,.2857,.4286,.5,.5714,.6429,.7143,.4211,.5581,.5833,.6008,.6207,.6402
168,"Great_Pyramid_of_Giza",.6,.7,.75,.7667,.75,.74,.1333,.2,.5333,.7333,.7333,.7333,.2182,.3111,.6234,.7496,.7416,.7367
169,"Pitti_Palace",.6,.5,.3,.3333,.4,.52,.1364,.1818,.2273,.2727,.4545,.4545,.2222,.2667,.2586,.3,.4255,.4851
170,"Georgia_State_Capitol",.6,.8,.75,.7,.675,.56,.1579,.2105,.3158,.3158,.3684,.3684,.25,.3333,.4444,.4352,.4767,.4444
171,"Dome_des_Invalides",1.0,1.0,1.0,1.0,.975,.96,.16,.28,.36,.52,.68,.68,.2759,.4375,.5294,.6842,.8012,.7961
172,"Reggia_di_Caserta",1.0,1.0,.85,.8,.675,.7,.16,.28,.44,.52,.56,.6,.2759,.4375,.5798,.6303,.6121,.6462
173,"The_Burj_al_Arab_Hotel",.8,.8,.7,.7,.75,.76,.16,.32,.44,.44,.6,.68,.2667,.4571,.5404,.5404,.6667,.7178
174,"Elephanta_Caves",1.0,.8,.85,.8,.775,.74,.2083,.2917,.4583,.5833,.5833,.625,.3448,.4275,.5955,.6747,.6656,.6777
175,"Basilica_of_Santa_Croce",1.0,.9,.9,.9333,.95,.94,.2,.32,.44,.48,.56,.64,.3333,.4721,.591,.634,.7046,.7615
176,"Aachen_Cathedral",1.0,.9,.9,.9333,.875,.86,.16,.24,.48,.56,.6,.72,.2759,.3789,.6261,.7,.7119,.7838
177,"Monument_to_the_Great_Fire_of_London",.4,.6,.6,.6333,.575,.62,.08,.2,.44,.56,.6,.68,.1333,.3,.5077,.5944,.5872,.6486
178,"Longmen_Grottoes",.6,.5,.5,.5667,.675,.68,.12,.16,.32,.48,.6,.68,.2,.2424,.3902,.5197,.6353,.68
179,"Louisiana_State_Capitol",.2,.3,.6,.5667,.55,.54,.04,.08,.36,.48,.52,.64,.0667,.1263,.45,.5197,.5346,.5858
180,"The_Great_Sphinx_at_Giza",1.0,.7,.85,.8,.775,.78,.2,.24,.56,.64,.64,.68,.3333,.3574,.6752,.7111,.7011,.7266
181,"Teatro_Real_Madrid",.6,.8,.75,.7333,.775,.72,.1304,.2174,.4348,.6522,.7391,.8261,.2143,.3419,.5505,.6904,.7566,.7694
182,"Palacio_de_la_Magdalena",.8,.8,.75,.7,.7,.68,.16,.24,.44,.48,.52,.6,.2667,.3692,.5546,.5695,.5967,.6375
183,"Sowjetisches_Ehrenmal",.0,.2,.45,.4667,.475,.5,.0,.08,.32,.36,.44,.52,.0,.1143,.374,.4065,.4568,.5098
184,"Cathedral_of_Trier",1.0,1.0,.85,.8667,.85,.88,.2,.32,.44,.68,.72,.8,.3333,.4848,.5798,.7621,.7796,.8381
185,"Saint_Mary_of_the_Flower",.2,.1,.1,.1333,.1,.12,.04,.04,.08,.16,.16,.24,.0667,.0571,.0889,.1455,.1231,.16
186,"Skellig_Michael",.6,.7,.7,.7667,.7,.72,.12,.24,.4,.56,.6,.6,.2,.3574,.5091,.6472,.6462,.6545
187,"Chicago_Board_of_Trade_Building",1.0,.6,.75,.8,.75,.72,.2273,.2727,.4545,.5909,.7273,.7727,.3704,.375,.566,.6797,.7385,.7454
188,"Pont_de_Normandie_France",.8,.9,.8,.8333,.825,.8,.2105,.4737,.6842,.7368,.7895,.7895,.3333,.6207,.7376,.7821,.8068,.7947
189,"Palazzo_Rosso",.2,.1,.1,.1333,.125,.1,.0417,.0417,.0833,.1667,.1667,.1667,.069,.0588,.0909,.1481,.1429,.125
190,"Piazza_Vittorio_Veneto",.4,.5,.55,.4667,.45,.44,.125,.25,.375,.375,.5625,.6875,.1905,.3333,.4459,.4158,.5,.5366
191,"Sforza_Castle",1.0,1.0,.95,.9333,.925,.92,.16,.24,.32,.52,.6,.6,.2759,.3871,.4787,.6679,.7279,.7263
192,"Torres_KIO",1.0,.9,.8,.8667,.85,.86,.2,.28,.32,.56,.6,.68,.3333,.4271,.4571,.6804,.7034,.7595
193,"Torre_Picasso",.8,.8,.9,.9,.9,.86,.1667,.2917,.4583,.6667,.7083,.7083,.2759,.4275,.6074,.766,.7927,.7768
194,"The_Palace_of_Parliament_in_Bucharest",1.0,.9,.9,.9,.875,.86,.16,.24,.36,.4,.48,.52,.2759,.3789,.5143,.5538,.6199,.6481
195,"Ernest_Hemingway_House",.8,.9,.7,.7333,.775,.74,.16,.28,.36,.56,.64,.64,.2667,.4271,.4755,.6351,.7011,.6864
196,"Castel_dellOvo_Napoli",.4,.7,.85,.8,.825,.8,.08,.24,.52,.56,.72,.76,.1333,.3574,.6453,.6588,.7689,.7795
197,"Villa_Borghese_gardens",1.0,1.0,1.0,.9333,.925,.92,.2,.24,.48,.52,.56,.68,.3333,.3871,.6486,.6679,.6976,.782
198,"Saint_Marks_Basilica",1.0,.8,.85,.8333,.825,.84,.16,.24,.44,.56,.64,.64,.2759,.3692,.5798,.6699,.7208,.7265
199,"Mausoleum_of_the_First_Qin_Emperor",.8,.8,.75,.8,.775,.78,.16,.32,.4,.52,.56,.6,.2667,.4571,.5217,.6303,.6502,.6783
200,"Mausoleum_of_Hadrian",.8,.9,.85,.7667,.625,.52,.1111,.2778,.4444,.4444,.5,.5,.1951,.4245,.5837,.5627,.5556,.5098
201,"Piazza_de_Ferrari",1.0,.9,.95,.9,.85,.86,.2632,.3158,.4211,.5263,.5789,.5789,.4167,.4675,.5835,.6642,.6888,.692
202,"George_Washington_Carver",.6,.4,.35,.3667,.4,.44,.125,.1875,.1875,.3125,.4375,.5625,.2069,.2553,.2442,.3374,.4179,.4938
203,"Cathedral_of_Santiago_de_Compostela",1.0,.6,.8,.8,.775,.74,.2353,.2941,.4706,.6471,.7647,.8235,.381,.3947,.5926,.7154,.7698,.7795
204,"Saint-Jacques_Tower",1.0,1.0,1.0,.9333,.825,.82,.1538,.3077,.5385,.7692,.9231,.9231,.2667,.4706,.7,.8434,.8713,.8685
205,"Calakmul_Campeche_Mexico",.8,.8,.75,.6667,.65,.66,.2857,.3571,.5,.6429,.7143,.8571,.4211,.4938,.6,.6545,.6806,.7458
206,"Bran_Castle_in_Transylvania",1.0,.8,.85,.9,.9,.9,.2105,.2632,.4211,.5789,.6842,.6842,.3478,.396,.5631,.7046,.7774,.7774
207,"Mosteiro_da_Batalha",1.0,1.0,1.0,1.0,1.0,1.0,.2105,.3684,.5263,.6842,.7368,.7368,.3478,.5385,.6897,.8125,.8485,.8485
208,"Wartburg_Castle",1.0,.9,.85,.9,.85,.86,.25,.35,.5,.65,.65,.7,.4,.504,.6296,.7548,.7367,.7718
209,"Fujian_Tulou_Fujian_China",1.0,1.0,1.0,1.0,.975,.96,.2222,.3333,.3889,.5556,.6667,.7778,.3636,.5,.56,.7143,.7919,.8593
210,"Alabama_State_Capitol",.6,.5,.65,.7,.625,.62,.1429,.1905,.4762,.5714,.6667,.7143,.2308,.2759,.5497,.6292,.6452,.6638
211,"Palazzo_dAccursio",1.0,.7,.55,.5,.5,.46,.2222,.2222,.3333,.3333,.4444,.5556,.3636,.3373,.4151,.4,.4706,.5033
212,"Casa_Grande_Ruins",.8,.8,.8,.7,.775,.76,.2353,.3529,.4706,.5294,.6471,.6471,.3636,.4898,.5926,.6029,.7053,.699
213,"Stravinsky_Fountain",1.0,.8,.75,.8,.8,.84,.2667,.3333,.4,.4667,.4667,.5333,.4211,.4706,.5217,.5895,.5895,.6524
214,"Angel_Falls_Venezuela",.8,.6,.55,.5667,.525,.52,.1765,.2353,.3529,.5294,.5882,.7059,.2892,.338,.43,.5474,.5548,.5988
215,"Statue_of_George_IV",.2,.4,.45,.4333,.35,.28,.125,.375,.625,.75,.875,.875,.1538,.3871,.5233,.5493,.5,.4242
216,"Palacio_Barolo",1.0,1.0,.75,.8,.8,.82,.2353,.3529,.4706,.6471,.7059,.7059,.381,.5217,.5783,.7154,.75,.7587
217,"Bridge_of_Remembrance_Christchurch_New_Zealand",.8,.5,.55,.4333,.35,.36,.3333,.3333,.4167,.5,.5,.5833,.4706,.4,.4741,.4643,.4118,.4452
218,"John_A._Roebling_Suspension_Bridge",.0,.1,.35,.4,.45,.46,.0,.0667,.4,.6,.7333,.7333,.0,.08,.3733,.48,.5577,.5654
219,"Blue_Dome_Santorini",.6,.7,.85,.9,.9,.88,.1875,.375,.625,.8125,.875,.9375,.2857,.4884,.7203,.854,.8873,.9078
220,"Fossar_de_les_Moreres",.2,.4,.5,.4333,.4,.38,.0714,.2857,.3571,.5714,.6429,.6429,.1053,.3333,.4167,.4929,.4932,.4777
221,"Luxor_Obelisk_France",1.0,.8,.9,.8333,.85,.84,.25,.3125,.4375,.5,.5625,.5625,.4,.4494,.5888,.625,.677,.6738
222,"Valle_de_los_Caidos",1.0,1.0,1.0,.9333,.95,.96,.2,.3,.45,.65,.65,.7,.3333,.4615,.6207,.7663,.7719,.8096
--------------------
"--","Avg.",P@5,P@10,P@20,P@30,P@40,P@50,CR@5,CR@10,CR@20,CR@30,CR@40,CR@50,F1@5,F1@10,F1@20,F1@30,F1@40,F1@50
,.,7847,.7662,.7597,.7571,.7488,.7467,.1585,.2608,.4148,.5285,.5992,.6584,.2596,.383,.5268,.6111,.653,.6851
