--------------------
"Run name","output_runJACKARDSumSquaredError"
--------------------
"Average P@20 = ",.7709
"Average CR@20 = ",.3678
"Average F1@20 = ",.4852
--------------------
"Query Id ","Location name",P@5,P@10,P@20,P@30,P@40,P@50,CR@5,CR@10,CR@20,CR@30,CR@40,CR@50,F1@5,F1@10,F1@20,F1@30,F1@40,F1@50
1,"angel_of_the_north",1.0,1.0,1.0,1.0,1.0,1.0,.08,.24,.44,.48,.6,.64,.1481,.3871,.6111,.6486,.75,.7805
2,"big_ben",1.0,1.0,1.0,.9333,.925,.9,.2273,.3182,.3182,.4545,.5,.5455,.3704,.4828,.4828,.6114,.6491,.6792
3,"hearst_castle",1.0,1.0,.95,.9333,.95,.94,.2083,.3333,.5833,.6667,.7083,.75,.3448,.5,.7228,.7778,.8116,.8343
4,"la_madeleine",.0,.0,.0,.1,.275,.34,.0,.0,.0,.1429,.4286,.5714,.0,.0,.0,.1176,.335,.4263
5,"pont_alexandre_iii",1.0,1.0,.95,.9667,.975,.98,.2,.32,.32,.36,.48,.68,.3333,.4848,.4787,.5246,.6433,.8029
6,"neues_museum",.0,.0,.0,.1667,.25,.4,.0,.0,.0,.08,.2,.48,.0,.0,.0,.1081,.2222,.4364
7,"montezuma_castle",.6,.7,.7,.7667,.775,.74,.25,.5,.75,.8333,.8333,.9167,.3529,.5833,.7241,.7986,.8031,.8189
8,"cn_tower",1.0,.8,.8,.7,.6,.62,.2083,.25,.375,.5,.5417,.5833,.3448,.381,.5106,.5833,.5693,.6011
9,"acropolis_athens",.8,.8,.8,.8333,.85,.82,.1905,.2381,.3333,.4762,.5714,.5714,.3077,.367,.4706,.6061,.6834,.6735
10,"agra_fort",.8,.8,.85,.8333,.85,.88,.16,.28,.4,.56,.64,.68,.2667,.4148,.544,.6699,.7302,.7672
11,"albert_memorial",.4,.5,.6,.6,.625,.64,.0909,.1364,.2273,.2727,.2727,.3182,.1481,.2143,.3297,.375,.3797,.425
12,"altes_museum",1.0,.9,.9,.9333,.95,.88,.125,.1667,.375,.4583,.625,.6667,.2222,.2812,.5294,.6148,.754,.7586
13,"amiens_cathedral",1.0,.9,.95,.9333,.925,.94,.16,.28,.44,.6,.68,.76,.2759,.4271,.6014,.7304,.7838,.8405
14,"angkor_wat",1.0,1.0,1.0,.9667,.9,.82,.12,.16,.4,.56,.68,.68,.2143,.2759,.5714,.7092,.7747,.7435
15,"ara_pacis",1.0,1.0,.75,.6,.65,.68,.2273,.3636,.4545,.5,.6364,.7273,.3704,.5333,.566,.5455,.6431,.7028
16,"arc_de_triomphe",.6,.5,.45,.4,.425,.48,.125,.1667,.25,.25,.375,.5,.2069,.25,.3214,.3077,.3984,.4898
17,"aztec_ruins",.4,.5,.5,.4667,.45,.46,.04,.16,.32,.36,.52,.52,.0727,.2424,.3902,.4065,.4825,.4882
18,"berlin_cathedral",1.0,1.0,.9,.9333,.95,.96,.16,.32,.48,.56,.68,.76,.2759,.4848,.6261,.7,.7926,.8484
19,"bok_tower_gardens",1.0,.9,.75,.8,.85,.86,.2,.32,.48,.64,.68,.72,.3333,.4721,.5854,.7111,.7556,.7838
20,"brandenburg_gate",1.0,1.0,1.0,1.0,1.0,.96,.12,.2,.32,.44,.52,.52,.2143,.3333,.4848,.6111,.6842,.6746
21,"cabrillo",.0,.3,.25,.1667,.15,.14,.0,.2308,.3077,.3077,.3846,.4615,.0,.2609,.2759,.2162,.2158,.2148
22,"casa_batllo",1.0,1.0,1.0,1.0,1.0,1.0,.2,.4,.52,.6,.68,.76,.3333,.5714,.6842,.75,.8095,.8636
23,"casa_rosada",1.0,.8,.85,.9,.9,.92,.2,.24,.32,.48,.48,.68,.3333,.3692,.465,.6261,.6261,.782
24,"castillo_de_san_marcos",1.0,.9,.55,.5667,.65,.6,.16,.24,.28,.36,.48,.56,.2759,.3789,.3711,.4403,.5522,.5793
25,"chartres_cathedral",.8,.9,.95,.9667,.95,.94,.12,.24,.36,.6,.68,.76,.2087,.3789,.5221,.7404,.7926,.8405
26,"chichen_itza",.6,.6,.7,.7667,.8,.84,.12,.2,.36,.52,.6,.64,.2,.3,.4755,.6197,.6857,.7265
27,"christ_the_redeemer_rio",.4,.6,.7,.5667,.525,.52,.0435,.1739,.2609,.3043,.3913,.5217,.0784,.2697,.3801,.396,.4484,.5209
28,"civic_center_san_francisco",.8,.7,.6,.6333,.55,.54,.16,.24,.36,.52,.52,.56,.2667,.3574,.45,.5711,.5346,.5498
29,"cologne_cathedral",1.0,1.0,1.0,.9667,.975,.96,.12,.28,.36,.44,.48,.64,.2143,.4375,.5294,.6047,.6433,.768
30,"colosseum",1.0,1.0,1.0,1.0,1.0,.98,.12,.16,.4,.48,.6,.6,.2143,.2759,.5714,.6486,.75,.7443
31,"doge_s_palace",.6,.6,.55,.6667,.725,.74,.08,.16,.24,.36,.4,.48,.1412,.2526,.3342,.4675,.5156,.5823
32,"eiffel_tower",.8,.8,.85,.8667,.875,.9,.16,.24,.32,.44,.48,.52,.2667,.3692,.465,.5837,.6199,.6592
33,"golden_gate_bridge",.8,.8,.8,.6667,.625,.6,.1739,.2609,.4783,.5217,.5652,.5652,.2857,.3934,.5986,.5854,.5936,.5821
34,"grand_palais",1.0,1.0,.95,.9,.9,.92,.0909,.1818,.5,.5455,.6364,.6364,.1667,.3077,.6552,.6792,.7456,.7523
35,"guggenheim_museum_bilbao",1.0,1.0,1.0,1.0,1.0,.96,.16,.28,.36,.4,.56,.64,.2759,.4375,.5294,.5714,.7179,.768
36,"hagia_sophia_istanbul",1.0,1.0,.95,.9667,.975,.98,.16,.28,.4,.44,.48,.6,.2759,.4375,.563,.6047,.6433,.7443
37,"hoover_dam",1.0,.9,.9,.8667,.9,.88,.12,.2,.36,.4,.48,.6,.2143,.3273,.5143,.5474,.6261,.7135
38,"humayun_tomb",1.0,.8,.7,.6667,.725,.72,.12,.16,.32,.4,.68,.68,.2143,.2667,.4392,.5,.7018,.6994
39,"iguazu_falls",.6,.7,.85,.8667,.85,.82,.12,.28,.44,.52,.56,.68,.2,.4,.5798,.65,.6752,.7435
40,"iolani_palace",.8,.7,.6,.6,.6,.62,.16,.28,.32,.32,.4,.44,.2667,.4,.4174,.4174,.48,.5147
41,"la_mezquita",.4,.3,.45,.4667,.45,.5,.0833,.125,.3333,.4167,.4583,.5,.1379,.1765,.383,.4403,.4541,.5
42,"la_rambla_barcelona",.8,.9,.95,.9667,.9,.92,.12,.24,.36,.44,.52,.56,.2087,.3789,.5221,.6047,.6592,.6962
43,"la_sainte_chapelle",1.0,.9,.95,.9667,.95,.9,.16,.28,.52,.56,.68,.72,.2759,.4271,.6721,.7092,.7926,.8
44,"liberty_memorial",.6,.5,.3,.3,.35,.42,.04,.08,.12,.24,.36,.36,.075,.1379,.1714,.2667,.3549,.3877
45,"lincoln_home",.6,.5,.5,.5,.5,.5,.1667,.2778,.3333,.3333,.5,.6667,.2609,.3571,.4,.4,.5,.5714
46,"machu_picchu",1.0,1.0,1.0,1.0,.95,.92,.2,.32,.56,.68,.72,.76,.3333,.4848,.7179,.8095,.8192,.8324
47,"marble_arch_london",.8,.9,.7,.6333,.475,.4,.3333,.5,.5833,.75,.75,.75,.4706,.6429,.6364,.6867,.5816,.5217
48,"milan_cathedral",1.0,1.0,.95,.9667,.95,.92,.2,.32,.52,.6,.68,.72,.3333,.4848,.6721,.7404,.7926,.8078
49,"mole_antonelliana",1.0,1.0,.85,.9,.75,.7,.12,.2,.2,.36,.4,.48,.2143,.3333,.3238,.5143,.5217,.5695
50,"mont_saint_michel",1.0,1.0,1.0,1.0,.975,.98,.12,.2,.4,.44,.48,.6,.2143,.3333,.5714,.6111,.6433,.7443
51,"moulin_rouge",.2,.3,.4,.3667,.35,.28,.125,.375,.5,.75,.875,.875,.1538,.3333,.4444,.4925,.5,.4242
52,"nelson_s_column",.8,.9,.95,.9667,.975,.98,.0417,.1667,.2917,.4583,.5417,.5833,.0792,.2812,.4463,.6218,.6964,.7313
53,"notre_dame_de_paris",.8,.9,.9,.9333,.95,.92,.16,.24,.28,.48,.6,.68,.2667,.3789,.4271,.634,.7355,.782
54,"obelisco",.2,.2,.1,.0667,.075,.08,.0909,.0909,.0909,.0909,.1818,.1818,.125,.125,.0952,.0769,.1062,.1111
55,"piccadilly_circus",1.0,.8,.75,.8,.825,.78,.1739,.2174,.2609,.5217,.6957,.7391,.2963,.3419,.3871,.6316,.7548,.759
56,"place_de_la_concorde",1.0,1.0,1.0,1.0,.975,.98,.12,.16,.28,.44,.56,.64,.2143,.2759,.4375,.6111,.7114,.7743
57,"place_de_la_republique",.2,.1,.2,.1667,.175,.18,.125,.125,.375,.375,.625,.75,.1538,.1111,.2609,.2308,.2734,.2903
58,"place_des_vosges",1.0,.7,.75,.8333,.875,.9,.08,.12,.24,.4,.52,.68,.1481,.2049,.3636,.5405,.6523,.7747
59,"pont_du_gard",.4,.5,.45,.4667,.575,.66,.08,.16,.24,.36,.44,.52,.1333,.2424,.313,.4065,.4985,.5817
60,"pont_neuf",1.0,.8,.75,.6667,.675,.68,.16,.24,.4,.48,.56,.68,.2759,.3692,.5217,.5581,.6121,.68
61,"ponte_vecchio",1.0,.9,.95,.9,.925,.86,.125,.1667,.3333,.4583,.5417,.5833,.2222,.2812,.4935,.6074,.6832,.6952
62,"puerta_de_alcala",.6,.5,.4,.3667,.375,.38,.1053,.1579,.2632,.3158,.4211,.4737,.1791,.24,.3175,.3393,.3967,.4217
63,"puerta_del_sol",1.0,.8,.55,.5,.475,.38,.2,.25,.35,.4,.5,.5,.3333,.381,.4278,.4444,.4872,.4318
64,"red_fort",.8,.9,.95,.9667,.975,.98,.12,.24,.52,.56,.64,.76,.2087,.3789,.6721,.7092,.7728,.8561
65,"reims_cathedral",1.0,1.0,1.0,1.0,1.0,1.0,.16,.2,.4,.48,.52,.56,.2759,.3333,.5714,.6486,.6842,.7179
66,"rialto_bridge",.8,.6,.5,.5333,.5,.5,.25,.375,.4375,.5,.5,.5625,.381,.4615,.4667,.5161,.5,.5294
67,"roman_forum_rome",.4,.7,.7,.6333,.7,.72,.08,.24,.32,.48,.52,.68,.1333,.3574,.4392,.5461,.5967,.6994
68,"sacre_coeur",.2,.1,.35,.4667,.5,.56,.0417,.0417,.125,.25,.3333,.375,.069,.0588,.1842,.3256,.4,.4492
69,"sagrada_familia",.8,.9,.95,.9333,.95,.94,.12,.24,.4,.48,.56,.6,.2087,.3789,.563,.634,.7046,.7325
70,"santa_maria_novella",.8,.5,.3,.5333,.625,.62,.12,.16,.2,.36,.44,.48,.2087,.2424,.24,.4299,.5164,.5411
71,"schonbrunn_palace",1.0,1.0,1.0,.9667,.975,.98,.12,.24,.48,.48,.52,.56,.2143,.3871,.6486,.6415,.6783,.7127
72,"seville_cathedral",.8,.9,.9,.8667,.875,.9,.16,.28,.44,.48,.56,.64,.2667,.4271,.591,.6178,.6829,.7481
73,"spanish_steps",1.0,.8,.8,.7,.7,.66,.1364,.1818,.3182,.5,.6818,.7273,.24,.2963,.4553,.5833,.6908,.692
74,"st__basil_cathedral",1.0,1.0,1.0,.8667,.875,.86,.16,.32,.48,.52,.52,.52,.2759,.4848,.6486,.65,.6523,.6481
75,"statue_of_liberty",.6,.6,.65,.6333,.725,.76,.08,.12,.2,.2,.32,.48,.1412,.2,.3059,.304,.444,.5884
76,"stonehenge",.8,.9,.75,.7333,.75,.78,.1053,.2105,.2632,.4211,.5263,.5789,.186,.3412,.3896,.535,.6186,.6646
77,"summer_palace_beijing",.8,.9,.95,.9333,.95,.94,.08,.24,.4,.52,.56,.64,.1455,.3789,.563,.6679,.7046,.7615
78,"sydney_opera_house",1.0,1.0,.95,.9667,.975,.9,.16,.28,.4,.44,.48,.56,.2759,.4375,.563,.6047,.6433,.6904
79,"teotihuacan",1.0,.9,.85,.7667,.65,.66,.16,.28,.48,.56,.6,.6,.2759,.4271,.6135,.6472,.624,.6286
80,"terracotta_army",.8,.9,.8,.5333,.4,.38,.2,.4,.5,.5,.5,.5,.32,.5538,.6154,.5161,.4444,.4318
81,"the_blue_mosque",.6,.8,.85,.8667,.9,.9,.08,.16,.28,.4,.44,.6,.1412,.2667,.4212,.5474,.591,.72
82,"the_henry_ford",1.0,.9,.85,.7333,.675,.6,.16,.24,.4,.44,.48,.48,.2759,.3789,.544,.55,.561,.5333
83,"taj_mahal",.8,.9,.9,.8667,.875,.9,.16,.28,.48,.6,.6,.64,.2667,.4271,.6261,.7091,.7119,.7481
84,"tour_montparnasse",.4,.5,.45,.5,.525,.46,.1,.2,.25,.4,.5,.5,.16,.2857,.3214,.4444,.5122,.4792
85,"tower_bridge_london",.6,.6,.65,.5667,.5,.4,.08,.16,.2,.32,.4,.4,.1412,.2526,.3059,.409,.4444,.4
86,"trafalgar_square",.6,.4,.5,.4333,.45,.44,.1364,.1818,.2727,.3182,.4545,.5,.2222,.25,.3529,.3669,.4523,.4681
87,"leaning_tower_of_pisa",.8,.5,.55,.6333,.7,.7,.12,.16,.28,.36,.4,.48,.2087,.2424,.3711,.4591,.5091,.5695
88,"hermitage_museum_saint_petersburg",1.0,1.0,1.0,.9667,.975,.94,.16,.24,.36,.44,.52,.68,.2759,.3871,.5294,.6047,.6783,.7891
89,"jantar_mantar_jaipur",.6,.8,.75,.8333,.875,.88,.08,.28,.48,.56,.64,.76,.1412,.4148,.5854,.6699,.7393,.8156
90,"lake_titicaca_peru",.8,.7,.5,.5,.475,.44,.1667,.25,.2917,.4583,.5417,.625,.2759,.3684,.3684,.4783,.5061,.5164
91,"the_great_wall_of_china",.8,.9,.75,.8333,.85,.88,.12,.2,.36,.44,.52,.6,.2087,.3273,.4865,.5759,.6453,.7135
92,"grande_arche_paris",.8,.7,.65,.6,.6,.68,.12,.2,.28,.32,.32,.4,.2087,.3111,.3914,.4174,.4174,.5037
93,"el_angel_mexico",1.0,1.0,.8,.7667,.625,.62,.1905,.2381,.381,.5714,.619,.6667,.32,.3846,.5161,.6548,.622,.6425
94,"bibliotheque_nationale_de_france",.4,.6,.75,.7667,.725,.7,.08,.12,.2,.32,.4,.48,.1333,.2,.3158,.4515,.5156,.5695
95,"kronborg_castle",1.0,.8,.75,.8333,.825,.84,.1667,.25,.3333,.4583,.4583,.5833,.2857,.381,.4615,.5914,.5893,.6885
96,"ajanta_caves",.8,.7,.8,.8667,.9,.92,.1364,.2273,.4091,.5,.5909,.6364,.233,.3431,.5414,.6341,.7134,.7523
97,"atomium",.8,.9,.95,.9667,.975,.94,.1429,.2381,.4286,.4286,.4762,.4762,.2424,.3766,.5907,.5939,.6399,.6321
98,"ellora_caves",1.0,1.0,1.0,.9667,.95,.94,.1818,.2273,.3182,.4091,.5455,.5909,.3077,.3704,.4828,.5749,.693,.7257
99,"potala_palace",1.0,.9,.95,.9333,.925,.88,.1667,.2222,.3889,.5,.5556,.5556,.2857,.3564,.5519,.6512,.6942,.6811
100,"jokhang",.8,.8,.75,.8,.725,.68,.16,.2,.28,.4,.48,.64,.2667,.32,.4078,.5333,.5776,.6594
101,"rila_monastery",.6,.6,.8,.8,.8,.84,.08,.12,.24,.32,.36,.4,.1412,.2,.3692,.4571,.4966,.5419
102,"louvre_pyramid",1.0,1.0,1.0,.9333,.95,.92,.1667,.2778,.3889,.5,.6111,.6667,.2857,.4348,.56,.6512,.7438,.7731
103,"brooklyn_bridge",1.0,.9,.9,.9333,.925,.84,.1429,.1905,.3333,.4762,.4762,.5238,.25,.3144,.4865,.6306,.6287,.6453
104,"tower_of_london",.6,.6,.75,.7667,.75,.74,.087,.087,.3043,.3478,.3478,.5217,.1519,.1519,.433,.4785,.4752,.612
105,"british_museum_london",1.0,1.0,1.0,1.0,1.0,.96,.25,.3,.3,.4,.45,.5,.4,.4615,.4615,.5714,.6207,.6575
106,"buckingham_palace",.6,.8,.55,.5,.45,.44,.15,.2,.2,.25,.3,.35,.24,.32,.2933,.3333,.36,.3899
107,"charles_bridge_prague",1.0,1.0,.8,.7,.7,.68,.1667,.1667,.25,.2917,.375,.4167,.2857,.2857,.381,.4118,.4884,.5167
108,"champs_elysees_paris",.4,.4,.4,.4,.475,.5,.1333,.2,.2667,.3333,.4,.4667,.2,.2667,.32,.3636,.4343,.4828
109,"chrysler_building",1.0,1.0,.95,.9,.9,.88,.2857,.3571,.5,.5714,.7143,.7857,.4444,.5263,.6552,.699,.7965,.8302
110,"moma_new_york",.6,.8,.85,.9,.9,.9,.1053,.2105,.3158,.4211,.5263,.5789,.1791,.3333,.4605,.5737,.6642,.7046
111,"grand_central_terminal",1.0,.8,.9,.9,.925,.94,.1905,.2381,.381,.5238,.5714,.6667,.32,.367,.5353,.6622,.7064,.7801
112,"houses_of_parliament",.6,.5,.6,.6333,.725,.78,.087,.1304,.3043,.3913,.5217,.5652,.1519,.2069,.4038,.4837,.6068,.6555
113,"alexanderplatz_berlin",.2,.4,.25,.4667,.6,.58,.04,.16,.2,.4,.52,.56,.0667,.2286,.2222,.4308,.5571,.5698
114,"centre_pompidou",.4,.4,.45,.5,.55,.62,.1111,.2222,.2778,.3889,.4444,.7222,.1739,.2857,.3435,.4375,.4916,.6672
115,"sydney_harbour_bridge",1.0,1.0,1.0,1.0,1.0,1.0,.25,.25,.4375,.5625,.5625,.5625,.4,.4,.6087,.72,.72,.72
116,"pier_39",.6,.6,.7,.7333,.8,.82,.1429,.2857,.4762,.619,.7619,.8095,.2308,.3871,.5668,.6714,.7805,.8147
117,"coit_tower",.8,.8,.8,.7,.7,.68,.2,.2667,.4,.4667,.5333,.6,.32,.4,.5333,.56,.6054,.6375
118,"st_paul_s_cathedral_london",1.0,1.0,1.0,1.0,.9,.86,.2353,.2941,.4706,.6471,.6471,.8235,.381,.4545,.64,.7857,.7529,.8414
119,"cloud_gate",.4,.7,.85,.6,.475,.58,.1667,.25,.3333,.3333,.3333,.5,.2353,.3684,.4789,.4286,.3918,.537
120,"musee_d_orsay",1.0,.9,.9,.9,.925,.92,.1905,.2857,.3333,.4762,.5238,.619,.32,.4337,.4865,.6228,.6689,.7401
121,"pike_place_market",1.0,1.0,.95,.9,.875,.9,.1905,.2381,.3333,.5238,.5238,.5238,.32,.3846,.4935,.6622,.6553,.6622
122,"royal_palace_madrid",.2,.3,.65,.7,.75,.68,.0455,.1364,.3182,.4091,.4545,.5,.0741,.1875,.4272,.5164,.566,.5763
123,"sony_center_berlin",.6,.8,.85,.8,.825,.78,.0952,.1905,.2857,.3333,.5238,.5714,.1644,.3077,.4277,.4706,.6408,.6596
124,"red_square_moscow",.8,.7,.75,.7333,.7,.7,.1429,.1429,.2857,.4286,.5238,.619,.2424,.2373,.4138,.541,.5992,.657
125,"prague_castle",.8,.9,.85,.8667,.875,.88,.16,.32,.4,.44,.52,.72,.2667,.4721,.544,.5837,.6523,.792
126,"musee_du_louvre",1.0,.9,.95,.9667,.975,.98,.12,.24,.32,.48,.56,.68,.2143,.3789,.4787,.6415,.7114,.8029
127,"millennium_bridge_london",1.0,1.0,.85,.8,.8,.8,.2,.24,.4,.44,.48,.6,.3333,.3871,.544,.5677,.6,.6857
128,"casa_mila",1.0,.8,.9,.9333,.95,.96,.2,.32,.52,.6,.64,.68,.3333,.4571,.6592,.7304,.7648,.7961
129,"national_gallery_london",.6,.5,.5,.5,.425,.34,.1364,.1818,.2727,.3636,.4091,.4091,.2222,.2667,.3529,.4211,.4169,.3714
130,"national_mall",1.0,1.0,1.0,1.0,.925,.92,.2,.28,.44,.6,.6,.68,.3333,.4375,.6111,.75,.7279,.782
131,"london_city_hall",1.0,1.0,1.0,.9667,.925,.92,.2,.4,.5,.5,.55,.6,.3333,.5714,.6667,.6591,.6898,.7263
132,"holocaust_memorial",.4,.4,.4,.4333,.4,.34,.125,.125,.25,.4375,.4375,.4375,.1905,.1905,.3077,.4354,.4179,.3826
133,"columbus_circle",.4,.7,.8,.7667,.675,.6,.08,.2,.44,.6,.68,.68,.1333,.3111,.5677,.6732,.6775,.6375
134,"siegessaeule",1.0,1.0,.95,.9,.825,.76,.2,.32,.48,.64,.72,.72,.3333,.4848,.6378,.7481,.7689,.7395
135,"jardin_du_luxembourg",1.0,1.0,1.0,1.0,1.0,1.0,.12,.28,.44,.6,.64,.8,.2143,.4375,.6111,.75,.7805,.8889
136,"merlion_singapore",.4,.5,.5,.5,.525,.5,.0909,.2273,.3182,.4091,.5455,.5455,.1481,.3125,.3889,.45,.535,.5217
137,"harrods_london",.8,.9,.95,.9667,.975,.9,.16,.24,.4,.52,.6,.64,.2667,.3789,.563,.6762,.7429,.7481
138,"metropolitan_museum_of_art_new_york",.8,.8,.9,.9333,.95,.94,.16,.28,.4,.52,.6,.64,.2667,.4148,.5538,.6679,.7355,.7615
139,"new_york_stock_exchange",.8,.9,.9,.9333,.775,.66,.2,.25,.4,.4,.45,.5,.32,.3913,.5538,.56,.5694,.569
140,"stephansdom_vienna",1.0,.9,.9,.9,.85,.86,.2,.24,.36,.44,.48,.6,.3333,.3789,.5143,.591,.6135,.7068
141,"hms_belfast",1.0,1.0,1.0,.9333,.95,.9,.12,.2,.24,.44,.52,.56,.2143,.3333,.3871,.5981,.6721,.6904
142,"leicester_square",.8,.8,.7,.6333,.7,.76,.12,.24,.28,.32,.36,.4,.2087,.3692,.4,.4252,.4755,.5241
143,"ciudad_de_las_artes_y_las_ciencias",1.0,1.0,.9,.9333,.925,.88,.16,.32,.48,.56,.6,.6,.2759,.4848,.6261,.7,.7279,.7135
144,"topkapi_palace",1.0,1.0,.95,.9667,.975,.96,.2,.28,.44,.48,.56,.64,.3333,.4375,.6014,.6415,.7114,.768
145,"royal_albert_hall",1.0,.9,.9,.9333,.925,.86,.2,.32,.32,.44,.52,.56,.3333,.4721,.4721,.5981,.6657,.6783
146,"st_vitus_cathedral",.8,.9,.95,.9667,.975,.96,.16,.28,.36,.52,.52,.6,.2667,.4271,.5221,.6762,.6783,.7385
147,"castello_sforzesco",1.0,.8,.9,.9,.9,.9,.2,.24,.36,.4,.44,.52,.3333,.3692,.5143,.5538,.591,.6592
148,"rijksmuseum_amsterdam",1.0,1.0,1.0,1.0,1.0,1.0,.12,.12,.16,.36,.44,.6,.2143,.2143,.2759,.5294,.6111,.75
149,"dam_square",.8,.8,.8,.8333,.75,.7,.12,.2,.28,.36,.36,.44,.2087,.32,.4148,.5028,.4865,.5404
150,"rathaus_vienna",1.0,1.0,1.0,.9,.85,.7,.16,.16,.16,.2,.32,.36,.2759,.2759,.2759,.3273,.465,.4755
151,"bath_abbey",1.0,1.0,1.0,.9667,.975,.98,.16,.32,.44,.52,.6,.68,.2759,.4848,.6111,.6762,.7429,.8029
152,"salisbury_cathedral",1.0,1.0,1.0,.9667,.975,.98,.2,.28,.44,.56,.6,.64,.3333,.4375,.6111,.7092,.7429,.7743
153,"templo_de_debod",.0,.2,.2,.3,.3,.38,.0,.0909,.1364,.3182,.4091,.4545,.0,.125,.1622,.3088,.3462,.4139
154,"Niagara_Falls",.6,.4,.4,.5,.5,.46,.0909,.1364,.2727,.5,.5455,.5455,.1579,.2034,.3243,.5,.5217,.4991
155,"Golden_Gate_Bridge_in_San_Francisco",1.0,1.0,1.0,.9667,.95,.96,.2273,.3182,.5,.6364,.7273,.8182,.3704,.4828,.6667,.7675,.8238,.8834
156,"Neuschwanstein_Castle",1.0,1.0,1.0,1.0,.975,.98,.12,.24,.44,.6,.68,.68,.2143,.3871,.6111,.75,.8012,.8029
157,"Christ_Church_Cathedral_Missouri",1.0,1.0,1.0,1.0,1.0,1.0,.12,.32,.52,.6,.6,.64,.2143,.4848,.6842,.75,.75,.7805
158,"Mount_Rushmore_in_South_Dakota",1.0,.9,.9,.9333,.9,.92,.12,.2,.32,.4,.52,.72,.2143,.3273,.4721,.56,.6592,.8078
159,"Puerta_de_Toledo",.6,.3,.15,.1,.075,.06,1.0,1.0,1.0,1.0,1.0,1.0,.75,.4615,.2609,.1818,.1395,.1132
160,"Urquhart_Castle",.8,.9,.9,.8667,.85,.84,.125,.2917,.4167,.5417,.5833,.6667,.2162,.4406,.5696,.6667,.6919,.7434
161,"Gare_du_Nord_Paris",1.0,.8,.75,.7667,.8,.84,.2,.24,.28,.28,.32,.4,.3333,.3692,.4078,.4102,.4571,.5419
162,"Newgrange_in_Ireland",.6,.6,.65,.7,.7,.64,.0833,.2083,.3333,.4583,.5833,.5833,.1463,.3093,.4407,.554,.6364,.6104
163,"Windmills_at_Kinderdijk",1.0,1.0,.95,.8333,.85,.84,.16,.24,.36,.4,.52,.56,.2759,.3871,.5221,.5405,.6453,.672
164,"Conciergerie",.8,.9,.95,.9667,.975,.98,.08,.24,.44,.56,.64,.72,.1455,.3789,.6014,.7092,.7728,.8301
165,"Palazzo_Madama",1.0,.9,.75,.6,.6,.6,.2273,.2727,.4091,.5,.5909,.6818,.3704,.4186,.5294,.5455,.5954,.6383
166,"Split_Rock_Lighthouse",1.0,1.0,1.0,.9667,.9,.88,.12,.2,.2,.24,.36,.4,.2143,.3333,.3333,.3845,.5143,.55
167,"The_Little_Mermaid_Denmark",.6,.6,.55,.5333,.55,.54,.2143,.3571,.3571,.4286,.5714,.6429,.3158,.4478,.4331,.4752,.5605,.587
168,"Great_Pyramid_of_Giza",.6,.6,.65,.5667,.65,.66,.2,.2667,.5333,.6,.7333,.7333,.3,.3692,.5859,.5829,.6892,.6947
169,"Pitti_Palace",.6,.7,.75,.8,.8,.76,.1364,.2273,.3636,.4545,.5,.5,.2222,.3431,.4898,.5797,.6154,.6032
170,"Georgia_State_Capitol",.8,.9,.9,.6333,.5,.4,.1579,.2105,.2632,.2632,.2632,.2632,.2637,.3412,.4072,.3718,.3448,.3175
171,"Dome_des_Invalides",1.0,1.0,1.0,1.0,1.0,.98,.16,.28,.4,.56,.64,.64,.2759,.4375,.5714,.7179,.7805,.7743
172,"Reggia_di_Caserta",1.0,1.0,.8,.6333,.65,.66,.2,.32,.48,.48,.6,.68,.3333,.4848,.6,.5461,.624,.6699
173,"The_Burj_al_Arab_Hotel",.8,.7,.75,.8333,.875,.82,.12,.2,.4,.44,.48,.48,.2087,.3111,.5217,.5759,.6199,.6055
174,"Elephanta_Caves",1.0,1.0,1.0,1.0,.975,.98,.1667,.25,.4167,.4583,.625,.7083,.2857,.4,.5882,.6286,.7617,.8223
175,"Basilica_of_Santa_Croce",1.0,1.0,.9,.9333,.925,.94,.16,.2,.32,.48,.56,.68,.2759,.3333,.4721,.634,.6976,.7891
176,"Aachen_Cathedral",.8,.8,.85,.9,.925,.9,.16,.24,.44,.52,.56,.6,.2667,.3692,.5798,.6592,.6976,.72
177,"Monument_to_the_Great_Fire_of_London",1.0,.8,.75,.6667,.675,.62,.2,.28,.32,.4,.56,.6,.3333,.4148,.4486,.5,.6121,.6098
178,"Longmen_Grottoes",.6,.6,.6,.6333,.625,.62,.12,.2,.36,.56,.6,.68,.2,.3,.45,.5944,.6122,.6486
179,"Louisiana_State_Capitol",.6,.6,.55,.4667,.45,.46,.12,.24,.4,.48,.56,.6,.2,.3429,.4632,.4732,.499,.5208
180,"The_Great_Sphinx_at_Giza",1.0,1.0,.85,.8667,.85,.88,.12,.2,.28,.36,.56,.64,.2143,.3333,.4212,.5087,.6752,.7411
181,"Teatro_Real_Madrid",1.0,1.0,.95,.9333,.95,.94,.1739,.3043,.4783,.5217,.6957,.7826,.2963,.4667,.6362,.6693,.8032,.8541
182,"Palacio_de_la_Magdalena",.6,.7,.45,.5333,.475,.54,.12,.24,.32,.48,.52,.64,.2,.3574,.374,.5053,.4965,.5858
183,"Sowjetisches_Ehrenmal",.4,.3,.15,.2,.275,.36,.08,.12,.12,.16,.32,.44,.1333,.1714,.1333,.1778,.2958,.396
184,"Cathedral_of_Trier",1.0,1.0,1.0,1.0,.975,.92,.2,.28,.44,.6,.72,.76,.3333,.4375,.6111,.75,.8283,.8324
185,"Saint_Mary_of_the_Flower",.2,.1,.15,.2667,.325,.38,.04,.04,.12,.28,.4,.44,.0667,.0571,.1333,.2732,.3586,.4078
186,"Skellig_Michael",.6,.6,.8,.8,.75,.78,.12,.24,.4,.48,.52,.64,.2,.3429,.5333,.6,.6142,.7031
187,"Chicago_Board_of_Trade_Building",1.0,1.0,.95,.9667,.975,.94,.2273,.3182,.4545,.6364,.6818,.7273,.3704,.4828,.6149,.7675,.8025,.8201
188,"Pont_de_Normandie_France",.8,.8,.7,.6333,.65,.72,.1053,.3158,.3684,.4737,.6842,.7368,.186,.4528,.4828,.542,.6667,.7283
189,"Palazzo_Rosso",.0,.0,.0,.0,.075,.08,.0,.0,.0,.0,.0833,.125,.0,.0,.0,.0,.0789,.0976
190,"Piazza_Vittorio_Veneto",.4,.5,.45,.4333,.425,.42,.0625,.25,.375,.5,.5,.6875,.1081,.3333,.4091,.4643,.4595,.5214
191,"Sforza_Castle",1.0,.9,.9,.9333,.925,.92,.16,.2,.36,.48,.6,.64,.2759,.3273,.5143,.634,.7279,.7549
192,"Torres_KIO",1.0,1.0,1.0,.9333,.95,.94,.12,.2,.4,.48,.52,.6,.2143,.3333,.5714,.634,.6721,.7325
193,"Torre_Picasso",1.0,.9,.9,.9333,.95,.94,.1667,.25,.4583,.5417,.5417,.625,.2857,.3913,.6074,.6855,.6899,.7508
194,"The_Palace_of_Parliament_in_Bucharest",1.0,.9,.95,.9667,.95,.96,.2,.2,.24,.24,.44,.68,.3333,.3273,.3832,.3845,.6014,.7961
195,"Ernest_Hemingway_House",.8,.9,.85,.9,.825,.76,.16,.28,.44,.56,.6,.64,.2667,.4271,.5798,.6904,.6947,.6949
196,"Castel_dellOvo_Napoli",.6,.8,.9,.9,.8,.8,.12,.28,.48,.6,.68,.72,.2,.4148,.6261,.72,.7351,.7579
197,"Villa_Borghese_gardens",.6,.8,.9,.9333,.95,.96,.12,.24,.44,.64,.72,.8,.2,.3692,.591,.7593,.8192,.8727
198,"Saint_Marks_Basilica",.8,.7,.7,.7333,.8,.82,.16,.16,.4,.52,.52,.56,.2667,.2605,.5091,.6085,.6303,.6655
199,"Mausoleum_of_the_First_Qin_Emperor",.8,.9,.95,.9333,.95,.94,.16,.28,.48,.56,.6,.6,.2667,.4271,.6378,.7,.7355,.7325
200,"Mausoleum_of_Hadrian",.6,.5,.5,.4667,.425,.46,.1667,.2222,.2778,.4444,.4444,.4444,.2609,.3077,.3571,.4553,.4345,.4521
201,"Piazza_de_Ferrari",1.0,1.0,1.0,1.0,.975,.94,.1053,.2632,.4211,.4211,.5263,.5263,.1905,.4167,.5926,.5926,.6836,.6748
202,"George_Washington_Carver",.0,.2,.45,.4333,.525,.62,.0,.125,.1875,.3125,.4375,.625,.0,.1538,.2647,.3631,.4773,.6225
203,"Cathedral_of_Santiago_de_Compostela",1.0,.9,.95,.9333,.9,.86,.1765,.3529,.6471,.7059,.7647,.8824,.3,.507,.7698,.8038,.8269,.871
204,"Saint-Jacques_Tower",.8,.7,.75,.7667,.775,.78,.2308,.3846,.6154,.6923,.7692,.8462,.3582,.4965,.6761,.7276,.7721,.8117
205,"Calakmul_Campeche_Mexico",.8,.9,.85,.8333,.8,.74,.2143,.2857,.4286,.4286,.5,.5,.338,.4337,.5698,.566,.6154,.5968
206,"Bran_Castle_in_Transylvania",1.0,1.0,.85,.9,.9,.9,.1579,.3158,.3684,.3684,.4737,.6316,.2727,.48,.514,.5228,.6207,.7423
207,"Mosteiro_da_Batalha",1.0,1.0,1.0,1.0,1.0,1.0,.2105,.4211,.5263,.5263,.6842,.7368,.3478,.5926,.6897,.6897,.8125,.8485
208,"Wartburg_Castle",1.0,1.0,.95,.8667,.875,.88,.15,.3,.45,.5,.6,.7,.2609,.4615,.6107,.6341,.7119,.7797
209,"Fujian_Tulou_Fujian_China",1.0,1.0,1.0,1.0,1.0,.98,.1111,.3333,.3889,.6111,.6667,.7222,.2,.5,.56,.7586,.8,.8316
210,"Alabama_State_Capitol",.6,.4,.6,.7,.775,.76,.1429,.1905,.4286,.5714,.7619,.8095,.2308,.2581,.5,.6292,.7684,.784
211,"Palazzo_dAccursio",.6,.6,.65,.6667,.65,.68,.1111,.2222,.2778,.3889,.4444,.5556,.1875,.3243,.3892,.4912,.5279,.6115
212,"Casa_Grande_Ruins",.8,.9,.8,.8,.825,.84,.2353,.2941,.3529,.4118,.4706,.4706,.3636,.4433,.4898,.5437,.5993,.6032
213,"Stravinsky_Fountain",1.0,1.0,1.0,1.0,1.0,.96,.2,.2667,.4667,.5333,.6,.6,.3333,.4211,.6364,.6957,.75,.7385
214,"Angel_Falls_Venezuela",.4,.4,.45,.5667,.5,.4,.1176,.1765,.3529,.5882,.6471,.6471,.1818,.2449,.3956,.5772,.5641,.4944
215,"Statue_of_George_IV",1.0,.9,.6,.6,.525,.48,.5,.5,.5,.75,.75,.875,.6667,.6429,.5455,.6667,.6176,.6199
216,"Palacio_Barolo",1.0,.9,.85,.8667,.9,.92,.1765,.2941,.3529,.5294,.5882,.5882,.3,.4433,.4988,.6573,.7115,.7176
217,"Bridge_of_Remembrance_Christchurch_New_Zealand",1.0,1.0,1.0,1.0,.925,.8,.3333,.3333,.75,.9167,1.0,1.0,.5,.5,.8571,.9565,.961,.8889
218,"John_A._Roebling_Suspension_Bridge",.0,.1,.3,.3333,.375,.46,.0,.0667,.4,.4667,.6,.7333,.0,.08,.3429,.3889,.4615,.5654
219,"Blue_Dome_Santorini",.8,.8,.8,.8667,.9,.92,.25,.5,.625,.6875,.6875,.75,.381,.6154,.7018,.7668,.7795,.8263
220,"Fossar_de_les_Moreres",.8,.9,.85,.7333,.575,.5,.2143,.4286,.6429,.7143,.7143,.7143,.338,.5806,.7321,.7237,.6371,.5882
221,"Luxor_Obelisk_France",1.0,.9,.8,.7667,.725,.68,.1875,.25,.3125,.375,.375,.4375,.3158,.3913,.4494,.5036,.4943,.5324
222,"Valle_de_los_Caidos",1.0,.9,.95,.9,.875,.88,.25,.3,.5,.6,.65,.65,.4,.45,.6552,.72,.7459,.7477
--------------------
"--","Avg.",P@5,P@10,P@20,P@30,P@40,P@50,CR@5,CR@10,CR@20,CR@30,CR@40,CR@50,F1@5,F1@10,F1@20,F1@30,F1@40,F1@50
,.,7874,.7797,.7709,.7661,.763,.755,.1502,.2415,.3678,.4651,.5414,.6069,.2455,.3591,.4852,.5646,.6175,.657
