--------------------
"Run name","output_runCN3X3XBIndex"
--------------------
"Average P@20 = ",.7795
"Average CR@20 = ",.3893
"Average F1@20 = ",.508
--------------------
"Query Id ","Location name",P@5,P@10,P@20,P@30,P@40,P@50,CR@5,CR@10,CR@20,CR@30,CR@40,CR@50,F1@5,F1@10,F1@20,F1@30,F1@40,F1@50
1,"angel_of_the_north",1.0,1.0,1.0,1.0,1.0,.98,.2,.36,.48,.52,.68,.72,.3333,.5294,.6486,.6842,.8095,.8301
2,"big_ben",1.0,1.0,1.0,.9333,.9,.88,.0909,.1818,.3636,.4091,.4091,.5909,.1667,.3077,.5333,.5688,.5625,.707
3,"hearst_castle",1.0,1.0,.95,.9,.925,.94,.2083,.4167,.625,.7083,.7083,.7917,.3448,.5882,.754,.7927,.8023,.8595
4,"la_madeleine",.0,.0,.1,.3333,.4,.48,.0,.0,.0714,.3571,.5714,.8571,.0,.0,.0833,.3448,.4706,.6154
5,"pont_alexandre_iii",1.0,1.0,1.0,1.0,1.0,.96,.16,.32,.48,.6,.68,.72,.2759,.4848,.6486,.75,.8095,.8229
6,"neues_museum",.0,.0,.0,.1,.25,.4,.0,.0,.0,.04,.2,.44,.0,.0,.0,.0571,.2222,.419
7,"montezuma_castle",1.0,.9,.7,.6333,.6,.6,.3333,.5,.5,.5833,.5833,.6667,.5,.6429,.5833,.6073,.5915,.6316
8,"cn_tower",.6,.6,.6,.6,.625,.62,.125,.1667,.2917,.4167,.5417,.5833,.2069,.2609,.3925,.4918,.5804,.6011
9,"acropolis_athens",.6,.8,.75,.7667,.775,.82,.0952,.2381,.381,.4762,.4762,.5238,.1644,.367,.5053,.5875,.5899,.6393
10,"agra_fort",.8,.9,.75,.8,.85,.88,.16,.32,.36,.44,.56,.68,.2667,.4721,.4865,.5677,.6752,.7672
11,"albert_memorial",.4,.4,.65,.7667,.825,.76,.0909,.1364,.2727,.3636,.5909,.6818,.1481,.2034,.3842,.4933,.6886,.7188
12,"altes_museum",.8,.8,.75,.6333,.5,.48,.1667,.25,.4583,.5,.5,.5833,.2759,.381,.569,.5588,.5,.5266
13,"amiens_cathedral",1.0,.9,.9,.9333,.95,.96,.16,.28,.48,.64,.72,.84,.2759,.4271,.6261,.7593,.8192,.896
14,"angkor_wat",.8,.9,.75,.7333,.775,.78,.12,.24,.44,.48,.64,.68,.2087,.3789,.5546,.5802,.7011,.7266
15,"ara_pacis",.8,.6,.5,.5667,.525,.52,.1364,.2273,.4091,.5909,.6818,.7273,.233,.3297,.45,.5785,.5932,.6064
16,"arc_de_triomphe",.8,.7,.65,.7,.775,.72,.1667,.2083,.25,.4583,.5417,.625,.2759,.3211,.3611,.554,.6377,.6691
17,"aztec_ruins",.0,.1,.05,.0667,.1,.16,.0,.04,.04,.08,.12,.28,.0,.0571,.0444,.0727,.1091,.2036
18,"berlin_cathedral",1.0,1.0,1.0,.9667,.975,.98,.16,.24,.48,.6,.68,.68,.2759,.3871,.6486,.7404,.8012,.8029
19,"bok_tower_gardens",1.0,1.0,.95,.9333,.9,.86,.2,.4,.52,.72,.76,.8,.3333,.5714,.6721,.8129,.8241,.8289
20,"brandenburg_gate",1.0,1.0,1.0,1.0,.975,.96,.16,.28,.4,.48,.48,.52,.2759,.4375,.5714,.6486,.6433,.6746
21,"cabrillo",.0,.0,.1,.1333,.125,.12,.0,.0,.1538,.3077,.3846,.3846,.0,.0,.1212,.186,.1887,.1829
22,"casa_batllo",1.0,1.0,1.0,1.0,1.0,1.0,.2,.24,.4,.52,.72,.8,.3333,.3871,.5714,.6842,.8372,.8889
23,"casa_rosada",1.0,.9,.85,.9,.925,.94,.16,.2,.28,.48,.64,.68,.2759,.3273,.4212,.6261,.7565,.7891
24,"castillo_de_san_marcos",.6,.5,.65,.5667,.6,.6,.12,.2,.44,.48,.56,.6,.2,.2857,.5248,.5197,.5793,.6
25,"chartres_cathedral",1.0,1.0,.95,.9667,.975,.92,.16,.24,.36,.52,.68,.76,.2759,.3871,.5221,.6762,.8012,.8324
26,"chichen_itza",.8,.8,.75,.8,.8,.82,.16,.2,.32,.36,.44,.56,.2667,.32,.4486,.4966,.5677,.6655
27,"christ_the_redeemer_rio",.4,.6,.75,.5667,.525,.48,.087,.2174,.2609,.3043,.3913,.4783,.1429,.3191,.3871,.396,.4484,.4791
28,"civic_center_san_francisco",.8,.9,.9,.8,.775,.72,.16,.28,.56,.6,.64,.68,.2667,.4271,.6904,.6857,.7011,.6994
29,"cologne_cathedral",1.0,1.0,1.0,1.0,1.0,.98,.2,.28,.48,.48,.56,.64,.3333,.4375,.6486,.6486,.7179,.7743
30,"colosseum",1.0,1.0,1.0,1.0,.975,.98,.12,.24,.4,.48,.6,.6,.2143,.3871,.5714,.6486,.7429,.7443
31,"doge_s_palace",1.0,1.0,.95,.8667,.85,.8,.12,.2,.36,.44,.48,.52,.2143,.3333,.5221,.5837,.6135,.6303
32,"eiffel_tower",1.0,1.0,1.0,1.0,.975,.96,.16,.2,.36,.4,.44,.6,.2759,.3333,.5294,.5714,.6064,.7385
33,"golden_gate_bridge",1.0,.9,.85,.8,.85,.88,.1739,.2174,.3913,.4348,.5217,.5652,.2963,.3502,.5359,.5634,.6466,.6883
34,"grand_palais",1.0,1.0,.95,.9333,.875,.9,.0909,.0909,.1818,.3636,.4091,.5455,.1667,.1667,.3052,.5234,.5575,.6792
35,"guggenheim_museum_bilbao",1.0,1.0,1.0,1.0,1.0,1.0,.16,.24,.36,.44,.56,.68,.2759,.3871,.5294,.6111,.7179,.8095
36,"hagia_sophia_istanbul",1.0,1.0,.95,.9667,.975,.96,.2,.36,.48,.56,.68,.72,.3333,.5294,.6378,.7092,.8012,.8229
37,"hoover_dam",1.0,.9,.95,.9667,.975,.94,.12,.2,.36,.48,.6,.68,.2143,.3273,.5221,.6415,.7429,.7891
38,"humayun_tomb",.6,.6,.6,.6667,.675,.68,.12,.16,.36,.56,.64,.68,.2,.2526,.45,.6087,.657,.68
39,"iguazu_falls",.8,.8,.65,.6667,.725,.76,.12,.28,.28,.4,.52,.68,.2087,.4148,.3914,.5,.6056,.7178
40,"iolani_palace",1.0,1.0,1.0,1.0,1.0,.92,.12,.32,.4,.52,.68,.72,.2143,.4848,.5714,.6842,.8095,.8078
41,"la_mezquita",.8,.8,.9,.9333,.825,.8,.1667,.25,.4583,.5,.5417,.5833,.2759,.381,.6074,.6512,.654,.6747
42,"la_rambla_barcelona",.6,.8,.7,.8,.85,.86,.12,.2,.32,.48,.56,.6,.2,.32,.4392,.6,.6752,.7068
43,"la_sainte_chapelle",1.0,1.0,1.0,.9667,.925,.92,.2,.4,.56,.64,.68,.76,.3333,.5714,.7179,.7701,.7838,.8324
44,"liberty_memorial",.6,.7,.55,.5,.575,.64,.04,.16,.24,.32,.44,.48,.075,.2605,.3342,.3902,.4985,.5486
45,"lincoln_home",.6,.6,.8,.8,.85,.84,.1667,.2778,.3889,.6667,.7222,.7778,.2609,.3797,.5234,.7273,.7809,.8077
46,"machu_picchu",.8,.9,.95,.9,.775,.68,.16,.28,.52,.64,.68,.68,.2667,.4271,.6721,.7481,.7244,.68
47,"marble_arch_london",.8,.7,.6,.5667,.575,.5,.3333,.5833,.6667,.75,.9167,.9167,.4706,.6364,.6316,.6456,.7067,.6471
48,"milan_cathedral",1.0,.9,.9,.9333,.875,.88,.12,.2,.28,.48,.64,.68,.2143,.3273,.4271,.634,.7393,.7672
49,"mole_antonelliana",1.0,1.0,.9,.8,.725,.7,.12,.24,.32,.4,.44,.44,.2143,.3871,.4721,.5333,.5476,.5404
50,"mont_saint_michel",1.0,1.0,1.0,1.0,.975,.92,.12,.28,.36,.44,.44,.48,.2143,.4375,.5294,.6111,.6064,.6309
51,"moulin_rouge",.0,.0,.05,.0333,.025,.04,.0,.0,.125,.125,.125,.25,.0,.0,.0714,.0526,.0417,.069
52,"nelson_s_column",.8,.9,.9,.9333,.95,.96,.1667,.25,.5,.5,.5,.6667,.2759,.3913,.6429,.6512,.6552,.7869
53,"notre_dame_de_paris",.8,.9,.95,.9,.925,.92,.16,.28,.44,.48,.6,.68,.2667,.4271,.6014,.6261,.7279,.782
54,"obelisco",.2,.1,.15,.1333,.1,.1,.0909,.0909,.1818,.1818,.1818,.2727,.125,.0952,.1644,.1538,.129,.1463
55,"piccadilly_circus",.8,.7,.65,.7,.625,.68,.1739,.2174,.3478,.5217,.5652,.6957,.2857,.3318,.4532,.5979,.5936,.6877
56,"place_de_la_concorde",1.0,1.0,1.0,1.0,1.0,1.0,.2,.28,.48,.6,.64,.64,.3333,.4375,.6486,.75,.7805,.7805
57,"place_de_la_republique",.4,.3,.25,.2333,.25,.22,.25,.25,.375,.625,.75,.75,.3077,.2727,.3,.3398,.375,.3402
58,"place_des_vosges",.4,.6,.65,.7,.75,.7,.08,.16,.32,.36,.56,.68,.1333,.2526,.4289,.4755,.6412,.6899
59,"pont_du_gard",.8,.8,.75,.7667,.75,.7,.12,.24,.4,.52,.56,.56,.2087,.3692,.5217,.6197,.6412,.6222
60,"pont_neuf",1.0,.8,.7,.6333,.6,.58,.16,.2,.32,.4,.48,.6,.2759,.32,.4392,.4903,.5333,.5898
61,"ponte_vecchio",1.0,1.0,.95,.9667,.95,.88,.125,.2083,.375,.5417,.625,.625,.2222,.3448,.5377,.6943,.754,.7309
62,"puerta_de_alcala",.6,.5,.35,.5333,.55,.6,.1579,.1579,.2632,.3684,.4211,.5789,.25,.24,.3004,.4358,.477,.5893
63,"puerta_del_sol",.8,.9,.7,.5,.425,.42,.15,.25,.35,.35,.4,.45,.2526,.3913,.4667,.4118,.4121,.4345
64,"red_fort",1.0,1.0,1.0,1.0,1.0,1.0,.2,.32,.56,.64,.68,.76,.3333,.4848,.7179,.7805,.8095,.8636
65,"reims_cathedral",1.0,1.0,1.0,.9333,.9,.92,.16,.24,.32,.44,.48,.6,.2759,.3871,.4848,.5981,.6261,.7263
66,"rialto_bridge",.8,.8,.85,.7667,.725,.68,.25,.25,.4375,.4375,.625,.75,.381,.381,.5777,.5571,.6713,.7133
67,"roman_forum_rome",.6,.7,.7,.6,.65,.68,.12,.24,.36,.4,.48,.6,.2,.3574,.4755,.48,.5522,.6375
68,"sacre_coeur",.4,.4,.45,.5,.55,.5,.0833,.125,.2083,.3333,.4583,.5,.1379,.1905,.2848,.4,.5,.5
69,"sagrada_familia",1.0,.9,.8,.8667,.875,.9,.2,.24,.32,.52,.56,.56,.3333,.3789,.4571,.65,.6829,.6904
70,"santa_maria_novella",1.0,.5,.45,.5333,.625,.7,.16,.16,.24,.4,.48,.52,.2759,.2424,.313,.4571,.543,.5967
71,"schonbrunn_palace",1.0,1.0,1.0,.9667,.975,.96,.16,.32,.56,.68,.72,.72,.2759,.4848,.7179,.7984,.8283,.8229
72,"seville_cathedral",.8,.8,.85,.8667,.9,.92,.16,.24,.36,.56,.56,.6,.2667,.3692,.5058,.6804,.6904,.7263
73,"spanish_steps",.8,.7,.65,.7333,.725,.68,.1364,.2273,.3636,.6818,.7273,.7727,.233,.3431,.4664,.7066,.7261,.7234
74,"st__basil_cathedral",1.0,1.0,.95,.8333,.85,.84,.2,.32,.52,.56,.6,.6,.3333,.4848,.6721,.6699,.7034,.7
75,"statue_of_liberty",1.0,1.0,1.0,.9667,.95,.94,.16,.2,.36,.4,.48,.52,.2759,.3333,.5294,.5659,.6378,.6696
76,"stonehenge",.8,.7,.65,.5333,.525,.52,.2105,.2632,.3158,.3684,.5789,.6316,.3333,.3825,.4251,.4358,.5507,.5704
77,"summer_palace_beijing",1.0,.9,.9,.9,.925,.92,.2,.28,.36,.48,.48,.56,.3333,.4271,.5143,.6261,.632,.6962
78,"sydney_opera_house",1.0,1.0,1.0,.8667,.9,.88,.16,.28,.4,.44,.56,.6,.2759,.4375,.5714,.5837,.6904,.7135
79,"teotihuacan",.6,.7,.65,.5333,.575,.58,.12,.24,.36,.4,.48,.6,.2,.3574,.4634,.4571,.5232,.5898
80,"terracotta_army",.2,.2,.2,.2,.25,.34,.05,.1,.2,.25,.35,.45,.08,.1333,.2,.2222,.2917,.3873
81,"the_blue_mosque",.8,.7,.75,.8333,.875,.9,.16,.2,.32,.44,.52,.56,.2667,.3111,.4486,.5759,.6523,.6904
82,"the_henry_ford",1.0,1.0,.75,.7333,.625,.6,.16,.28,.32,.44,.44,.56,.2759,.4375,.4486,.55,.5164,.5793
83,"taj_mahal",1.0,1.0,.8,.8333,.85,.88,.16,.32,.36,.52,.64,.68,.2759,.4848,.4966,.6404,.7302,.7672
84,"tour_montparnasse",.6,.6,.55,.6,.575,.52,.15,.25,.3,.4,.45,.5,.24,.3529,.3882,.48,.5049,.5098
85,"tower_bridge_london",1.0,1.0,.8,.6333,.675,.64,.16,.24,.4,.48,.56,.56,.2759,.3871,.5333,.5461,.6121,.5973
86,"trafalgar_square",.4,.4,.5,.5,.5,.48,.0909,.1364,.2727,.3182,.3182,.3182,.1481,.2034,.3529,.3889,.3889,.3827
87,"leaning_tower_of_pisa",.4,.6,.7,.6333,.625,.58,.08,.2,.4,.44,.52,.6,.1333,.3,.5091,.5193,.5677,.5898
88,"hermitage_museum_saint_petersburg",.8,.8,.85,.8,.85,.82,.12,.2,.4,.48,.56,.6,.2087,.32,.544,.6,.6752,.693
89,"jantar_mantar_jaipur",1.0,1.0,.85,.8333,.8,.8,.2,.36,.48,.6,.64,.8,.3333,.5294,.6135,.6977,.7111,.8
90,"lake_titicaca_peru",.8,.8,.65,.5667,.575,.52,.1667,.2917,.4167,.5,.5833,.625,.2759,.4275,.5078,.5312,.5791,.5677
91,"the_great_wall_of_china",.4,.7,.75,.8333,.875,.86,.08,.2,.36,.44,.48,.52,.1333,.3111,.4865,.5759,.6199,.6481
92,"grande_arche_paris",.6,.8,.75,.7333,.75,.74,.12,.32,.36,.48,.56,.6,.2,.4571,.4865,.5802,.6412,.6627
93,"el_angel_mexico",1.0,.8,.75,.7333,.7,.68,.2381,.2381,.381,.5714,.6667,.7619,.3846,.367,.5053,.6423,.6829,.7186
94,"bibliotheque_nationale_de_france",.8,.6,.7,.7667,.775,.8,.12,.16,.24,.28,.36,.52,.2087,.2526,.3574,.4102,.4916,.6303
95,"kronborg_castle",1.0,.7,.75,.7667,.775,.68,.1667,.1667,.3333,.4167,.5417,.5833,.2857,.2692,.4615,.5399,.6377,.628
96,"ajanta_caves",.8,.8,.9,.8667,.9,.92,.1364,.2727,.4091,.5455,.5909,.5909,.233,.4068,.5625,.6695,.7134,.7196
97,"atomium",.8,.9,.95,.9333,.95,.96,.1905,.2857,.381,.4762,.5238,.5714,.3077,.4337,.5438,.6306,.6753,.7164
98,"ellora_caves",1.0,1.0,1.0,1.0,1.0,1.0,.1364,.2273,.3182,.5,.5909,.5909,.24,.3704,.4828,.6667,.7429,.7429
99,"potala_palace",.6,.8,.9,.8667,.9,.86,.1667,.2222,.2778,.3889,.4444,.5556,.2609,.3478,.4245,.5369,.595,.675
100,"jokhang",.6,.6,.7,.7667,.75,.8,.12,.2,.36,.52,.64,.72,.2,.3,.4755,.6197,.6906,.7579
101,"rila_monastery",.6,.6,.65,.6333,.725,.78,.08,.2,.28,.36,.44,.52,.1412,.3,.3914,.4591,.5476,.624
102,"louvre_pyramid",1.0,.9,.95,.9,.925,.94,.2222,.2778,.4444,.5556,.6111,.6667,.3636,.4245,.6056,.687,.736,.7801
103,"brooklyn_bridge",1.0,.9,.95,.9333,.875,.84,.1905,.2381,.381,.5238,.5714,.5714,.32,.3766,.5438,.671,.6914,.6802
104,"tower_of_london",.6,.7,.8,.7667,.775,.72,.087,.087,.2609,.3478,.3913,.4783,.1519,.1547,.3934,.4785,.52,.5747
105,"british_museum_london",1.0,1.0,1.0,1.0,1.0,.98,.15,.15,.35,.5,.5,.5,.2609,.2609,.5185,.6667,.6667,.6622
106,"buckingham_palace",.6,.7,.65,.6333,.525,.46,.15,.25,.25,.3,.3,.3,.24,.3684,.3611,.4071,.3818,.3632
107,"charles_bridge_prague",.8,.8,.75,.7,.65,.64,.125,.25,.3333,.3333,.4167,.4583,.2162,.381,.4615,.4516,.5078,.5341
108,"champs_elysees_paris",.4,.5,.65,.6,.6,.54,.1333,.2,.3333,.4667,.5333,.5333,.2,.2857,.4407,.525,.5647,.5366
109,"chrysler_building",1.0,1.0,1.0,1.0,.875,.88,.2143,.3571,.5714,.6429,.6429,.6429,.3529,.5263,.7273,.7826,.7412,.743
110,"moma_new_york",.6,.7,.75,.8,.825,.86,.1053,.2632,.3158,.3684,.3684,.5263,.1791,.3825,.4444,.5045,.5094,.653
111,"grand_central_terminal",1.0,1.0,1.0,1.0,1.0,1.0,.1905,.2857,.4286,.4762,.5714,.5714,.32,.4444,.6,.6452,.7273,.7273
112,"houses_of_parliament",1.0,1.0,.9,.9,.925,.94,.1304,.2174,.3043,.3478,.4348,.4783,.2308,.3571,.4549,.5017,.5915,.634
113,"alexanderplatz_berlin",.2,.4,.4,.4667,.6,.68,.04,.12,.2,.32,.48,.52,.0667,.1846,.2667,.3797,.5333,.5893
114,"centre_pompidou",.6,.7,.75,.6,.65,.7,.1667,.2778,.3889,.4444,.5556,.7778,.2609,.3977,.5122,.5106,.5991,.7368
115,"sydney_harbour_bridge",1.0,1.0,.95,.9667,.95,.96,.25,.375,.5,.6875,.75,.75,.4,.5455,.6552,.8035,.8382,.8421
116,"pier_39",.6,.8,.9,.9,.9,.9,.1429,.2857,.4286,.5238,.6667,.6667,.2308,.4211,.5806,.6622,.766,.766
117,"coit_tower",.8,.7,.7,.6,.55,.6,.2,.2667,.4,.4667,.4667,.5333,.32,.3862,.5091,.525,.5049,.5647
118,"st_paul_s_cathedral_london",1.0,1.0,1.0,1.0,.875,.82,.2353,.3529,.5294,.6471,.7059,.7647,.381,.5217,.6923,.7857,.7814,.7914
119,"cloud_gate",.8,.8,.7,.6,.6,.62,.25,.25,.3333,.4167,.4167,.5,.381,.381,.4516,.4918,.4918,.5536
120,"musee_d_orsay",.8,.8,.85,.8667,.875,.9,.0476,.1429,.3333,.4762,.5714,.619,.0899,.2424,.4789,.6147,.6914,.7335
121,"pike_place_market",1.0,1.0,.9,.8667,.9,.88,.1905,.2857,.4762,.5238,.5238,.5238,.32,.4444,.6228,.653,.6622,.6567
122,"royal_palace_madrid",.6,.7,.75,.8333,.85,.84,.1364,.2727,.4091,.5909,.7273,.8182,.2222,.3925,.5294,.6915,.7839,.8289
123,"sony_center_berlin",.6,.8,.9,.9333,.95,.92,.0952,.2381,.2857,.5238,.5714,.5714,.1644,.367,.4337,.671,.7136,.705
124,"red_square_moscow",.6,.7,.65,.7,.725,.76,.1429,.2381,.3333,.4286,.5714,.619,.2308,.3553,.4407,.5316,.6391,.6823
125,"prague_castle",.8,.9,.95,.9,.9,.86,.12,.32,.48,.56,.64,.68,.2087,.4721,.6378,.6904,.7481,.7595
126,"musee_du_louvre",1.0,.9,.9,.9,.9,.92,.2,.2,.32,.44,.56,.64,.3333,.3273,.4721,.591,.6904,.7549
127,"millennium_bridge_london",.6,.8,.8,.8333,.8,.82,.12,.28,.32,.44,.48,.6,.2,.4148,.4571,.5759,.6,.693
128,"casa_mila",1.0,1.0,1.0,1.0,1.0,.94,.16,.28,.4,.44,.56,.64,.2759,.4375,.5714,.6111,.7179,.7615
129,"national_gallery_london",1.0,.9,.85,.7667,.725,.7,.1818,.2727,.3636,.4091,.5,.5909,.3077,.4186,.5094,.5335,.5918,.6408
130,"national_mall",.8,.9,.85,.9,.85,.8,.12,.28,.52,.68,.76,.8,.2087,.4271,.6453,.7747,.8025,.8
131,"london_city_hall",1.0,1.0,.95,.9667,.95,.9,.25,.35,.5,.6,.6,.65,.4,.5185,.6552,.7404,.7355,.7548
132,"holocaust_memorial",.6,.7,.75,.6,.6,.6,.1875,.3125,.4375,.5,.5,.5625,.2857,.4321,.5526,.5455,.5455,.5806
133,"columbus_circle",.6,.7,.75,.7333,.7,.68,.08,.24,.4,.56,.6,.68,.1412,.3574,.5217,.6351,.6462,.68
134,"siegessaeule",.8,.9,.75,.7333,.675,.64,.16,.32,.36,.52,.64,.68,.2667,.4721,.4865,.6085,.657,.6594
135,"jardin_du_luxembourg",1.0,1.0,1.0,.9333,.95,.96,.16,.36,.52,.68,.8,.88,.2759,.5294,.6842,.7868,.8686,.9183
136,"merlion_singapore",.0,.1,.15,.1667,.15,.2,.0,.0455,.1364,.2273,.2273,.3636,.0,.0625,.1429,.1923,.1807,.2581
137,"harrods_london",1.0,1.0,.95,.8667,.775,.8,.16,.28,.44,.56,.56,.6,.2759,.4375,.6014,.6804,.6502,.6857
138,"metropolitan_museum_of_art_new_york",1.0,1.0,.9,.9333,.925,.94,.16,.28,.36,.44,.52,.6,.2759,.4375,.5143,.5981,.6657,.7325
139,"new_york_stock_exchange",.6,.7,.65,.5667,.55,.58,.15,.35,.35,.35,.45,.5,.24,.4667,.455,.4327,.495,.537
140,"stephansdom_vienna",1.0,1.0,.95,.9,.925,.9,.16,.32,.44,.6,.64,.68,.2759,.4848,.6014,.72,.7565,.7747
141,"hms_belfast",1.0,1.0,1.0,1.0,.975,.96,.16,.24,.36,.48,.52,.52,.2759,.3871,.5294,.6486,.6783,.6746
142,"leicester_square",1.0,.8,.85,.8,.7,.62,.2,.2,.32,.36,.44,.44,.3333,.32,.465,.4966,.5404,.5147
143,"ciudad_de_las_artes_y_las_ciencias",1.0,.9,.9,.9333,.925,.92,.2,.28,.44,.52,.6,.64,.3333,.4271,.591,.6679,.7279,.7549
144,"topkapi_palace",1.0,1.0,.9,.9333,.95,.96,.2,.28,.44,.52,.64,.76,.3333,.4375,.591,.6679,.7648,.8484
145,"royal_albert_hall",1.0,.9,.7,.7333,.775,.8,.16,.2,.24,.44,.44,.52,.2759,.3273,.3574,.55,.5613,.6303
146,"st_vitus_cathedral",.8,.9,.95,.9667,.95,.94,.12,.32,.48,.56,.56,.64,.2087,.4721,.6378,.7092,.7046,.7615
147,"castello_sforzesco",1.0,1.0,1.0,.9333,.9,.92,.12,.24,.4,.44,.6,.64,.2143,.3871,.5714,.5981,.72,.7549
148,"rijksmuseum_amsterdam",1.0,1.0,1.0,1.0,1.0,1.0,.12,.16,.16,.4,.48,.64,.2143,.2759,.2759,.5714,.6486,.7805
149,"dam_square",.8,.6,.75,.8333,.8,.8,.12,.16,.32,.48,.56,.6,.2087,.2526,.4486,.6091,.6588,.6857
150,"rathaus_vienna",1.0,.8,.75,.6667,.65,.64,.08,.2,.32,.36,.4,.48,.1481,.32,.4486,.4675,.4952,.5486
151,"bath_abbey",1.0,1.0,.95,.9667,.975,.98,.16,.28,.48,.64,.72,.76,.2759,.4375,.6378,.7701,.8283,.8561
152,"salisbury_cathedral",1.0,1.0,1.0,1.0,1.0,1.0,.16,.32,.48,.64,.64,.64,.2759,.4848,.6486,.7805,.7805,.7805
153,"templo_de_debod",.2,.2,.4,.3333,.425,.36,.0455,.0909,.2727,.3182,.4545,.5,.0741,.125,.3243,.3256,.4393,.4186
154,"Niagara_Falls",.6,.7,.7,.6333,.7,.66,.1364,.2727,.3182,.3636,.4545,.5,.2222,.3925,.4375,.462,.5512,.569
155,"Golden_Gate_Bridge_in_San_Francisco",1.0,1.0,.9,.9333,.925,.94,.0909,.1818,.3636,.5,.5455,.6818,.1667,.3077,.518,.6512,.6862,.7904
156,"Neuschwanstein_Castle",1.0,1.0,1.0,1.0,.975,.98,.12,.24,.32,.48,.6,.72,.2143,.3871,.4848,.6486,.7429,.8301
157,"Christ_Church_Cathedral_Missouri",1.0,1.0,1.0,.9333,.85,.76,.16,.28,.44,.52,.6,.64,.2759,.4375,.6111,.6679,.7034,.6949
158,"Mount_Rushmore_in_South_Dakota",1.0,.8,.9,.9333,.9,.9,.2,.24,.36,.44,.52,.72,.3333,.3692,.5143,.5981,.6592,.8
159,"Puerta_de_Toledo",.6,.3,.15,.1,.075,.06,1.0,1.0,1.0,1.0,1.0,1.0,.75,.4615,.2609,.1818,.1395,.1132
160,"Urquhart_Castle",1.0,.9,.95,.9333,.875,.84,.2083,.2917,.4583,.5833,.625,.6667,.3448,.4406,.6183,.7179,.7292,.7434
161,"Gare_du_Nord_Paris",.6,.8,.8,.7667,.825,.8,.12,.24,.28,.28,.36,.36,.2,.3692,.4148,.4102,.5013,.4966
162,"Newgrange_in_Ireland",.8,.6,.5,.5333,.6,.6,.125,.1667,.2917,.375,.4583,.5,.2162,.2609,.3684,.4404,.5197,.5455
163,"Windmills_at_Kinderdijk",.8,.8,.85,.8,.85,.86,.16,.24,.48,.56,.56,.68,.2667,.3692,.6135,.6588,.6752,.7595
164,"Conciergerie",1.0,.9,.95,.9667,.975,.96,.2,.28,.44,.6,.72,.76,.3333,.4271,.6014,.7404,.8283,.8484
165,"Palazzo_Madama",1.0,.9,.85,.7,.725,.66,.2273,.4091,.5,.5455,.6364,.6364,.3704,.5625,.6296,.6131,.6778,.648
166,"Split_Rock_Lighthouse",1.0,.9,.8,.8333,.85,.88,.16,.32,.36,.36,.44,.52,.2759,.4721,.4966,.5028,.5798,.6537
167,"The_Little_Mermaid_Denmark",.8,.9,.8,.8,.75,.74,.2857,.4286,.5,.7143,.7857,.7857,.4211,.5806,.6154,.7547,.7674,.7622
168,"Great_Pyramid_of_Giza",.4,.4,.55,.6667,.7,.68,.1333,.2,.6,.6667,.7333,.8,.2,.2667,.5739,.6667,.7163,.7351
169,"Pitti_Palace",.4,.5,.7,.7,.675,.72,.0909,.1818,.3636,.4545,.5,.5909,.1481,.2667,.4786,.5512,.5745,.6491
170,"Georgia_State_Capitol",.8,.7,.65,.6667,.65,.54,.1053,.2105,.2632,.3158,.3684,.3684,.186,.3237,.3746,.4286,.4703,.438
171,"Dome_des_Invalides",1.0,1.0,1.0,1.0,.975,.98,.2,.36,.4,.48,.52,.6,.3333,.5294,.5714,.6486,.6783,.7443
172,"Reggia_di_Caserta",.6,.8,.65,.5667,.6,.62,.12,.28,.4,.44,.52,.56,.2,.4148,.4952,.4954,.5571,.5885
173,"The_Burj_al_Arab_Hotel",.6,.7,.75,.8333,.875,.9,.12,.24,.4,.44,.52,.56,.2,.3574,.5217,.5759,.6523,.6904
174,"Elephanta_Caves",1.0,1.0,1.0,1.0,1.0,.96,.1667,.25,.4167,.5,.5417,.625,.2857,.4,.5882,.6667,.7027,.7571
175,"Basilica_of_Santa_Croce",1.0,1.0,.95,.9333,.95,.96,.2,.28,.36,.52,.64,.64,.3333,.4375,.5221,.6679,.7648,.768
176,"Aachen_Cathedral",1.0,1.0,.9,.9,.85,.84,.2,.28,.36,.44,.52,.68,.3333,.4375,.5143,.591,.6453,.7516
177,"Monument_to_the_Great_Fire_of_London",1.0,.8,.5,.5667,.5,.5,.16,.24,.32,.4,.48,.52,.2759,.3692,.3902,.469,.4898,.5098
178,"Longmen_Grottoes",.8,.6,.5,.5,.525,.56,.16,.2,.32,.44,.56,.68,.2667,.3,.3902,.4681,.5419,.6142
179,"Louisiana_State_Capitol",.2,.3,.35,.4,.425,.4,.04,.12,.2,.32,.36,.48,.0667,.1714,.2545,.3556,.3898,.4364
180,"The_Great_Sphinx_at_Giza",.8,.7,.65,.6667,.7,.66,.16,.28,.52,.6,.72,.76,.2667,.4,.5778,.6316,.7099,.7065
181,"Teatro_Real_Madrid",1.0,1.0,.9,.7333,.65,.64,.1739,.3913,.6087,.6957,.7391,.7826,.2963,.5625,.7262,.714,.6917,.7042
182,"Palacio_de_la_Magdalena",.6,.7,.85,.7333,.7,.74,.12,.24,.44,.48,.56,.56,.2,.3574,.5798,.5802,.6222,.6375
183,"Sowjetisches_Ehrenmal",.4,.4,.25,.4333,.525,.58,.08,.12,.16,.4,.6,.64,.1333,.1846,.1951,.416,.56,.6085
184,"Cathedral_of_Trier",1.0,1.0,1.0,.9333,.9,.88,.2,.36,.56,.6,.68,.72,.3333,.5294,.7179,.7304,.7747,.792
185,"Saint_Mary_of_the_Flower",.2,.1,.1,.1333,.125,.1,.04,.04,.08,.12,.16,.16,.0667,.0571,.0889,.1263,.1404,.1231
186,"Skellig_Michael",.6,.7,.7,.7333,.75,.74,.12,.24,.4,.6,.64,.68,.2,.3574,.5091,.66,.6906,.7087
187,"Chicago_Board_of_Trade_Building",1.0,1.0,1.0,1.0,.975,.88,.2273,.3182,.4545,.6818,.6818,.7273,.3704,.4828,.625,.8108,.8025,.7964
188,"Pont_de_Normandie_France",1.0,1.0,.85,.8,.775,.8,.2105,.4737,.5789,.6842,.8947,.8947,.3478,.6429,.6888,.7376,.8306,.8447
189,"Palazzo_Rosso",.0,.1,.1,.1333,.125,.1,.0,.0417,.0833,.1667,.1667,.1667,.0,.0588,.0909,.1481,.1429,.125
190,"Piazza_Vittorio_Veneto",1.0,.8,.7,.5333,.425,.34,.1875,.3125,.4375,.5,.5,.5,.3158,.4494,.5385,.5161,.4595,.4048
191,"Sforza_Castle",1.0,1.0,.95,.9333,.95,.96,.2,.36,.56,.56,.64,.68,.3333,.5294,.7046,.7,.7648,.7961
192,"Torres_KIO",1.0,.9,.8,.7667,.725,.7,.2,.32,.48,.56,.6,.64,.3333,.4721,.6,.6472,.6566,.6687
193,"Torre_Picasso",1.0,1.0,1.0,.8667,.825,.76,.1667,.2917,.5,.625,.7083,.75,.2857,.4516,.6667,.7263,.7622,.755
194,"The_Palace_of_Parliament_in_Bucharest",1.0,.9,.85,.7667,.8,.82,.12,.24,.4,.52,.56,.68,.2143,.3789,.544,.6197,.6588,.7435
195,"Ernest_Hemingway_House",.8,.8,.85,.8333,.875,.82,.16,.28,.48,.56,.64,.68,.2667,.4148,.6135,.6699,.7393,.7435
196,"Castel_dellOvo_Napoli",.8,.8,.85,.8667,.9,.9,.12,.2,.44,.64,.72,.8,.2087,.32,.5798,.7363,.8,.8471
197,"Villa_Borghese_gardens",1.0,1.0,1.0,1.0,1.0,1.0,.2,.32,.44,.6,.8,.88,.3333,.4848,.6111,.75,.8889,.9362
198,"Saint_Marks_Basilica",1.0,1.0,1.0,1.0,1.0,1.0,.16,.24,.4,.4,.44,.44,.2759,.3871,.5714,.5714,.6111,.6111
199,"Mausoleum_of_the_First_Qin_Emperor",.8,.9,.75,.7333,.75,.74,.16,.28,.36,.48,.56,.56,.2667,.4271,.4865,.5802,.6412,.6375
200,"Mausoleum_of_Hadrian",1.0,.8,.85,.8333,.8,.76,.2778,.3889,.4444,.5556,.6111,.6667,.4348,.5234,.5837,.6667,.6929,.7103
201,"Piazza_de_Ferrari",1.0,1.0,1.0,.9667,.975,.98,.1579,.2632,.3684,.4211,.5263,.5263,.2727,.4167,.5385,.5866,.6836,.6848
202,"George_Washington_Carver",.4,.4,.7,.8,.65,.64,.0625,.1875,.3125,.4375,.5,.5625,.1081,.2553,.4321,.5657,.5652,.5988
203,"Cathedral_of_Santiago_de_Compostela",1.0,1.0,.9,.8,.775,.74,.2353,.4118,.5294,.6471,.7059,.7647,.381,.5833,.6667,.7154,.7388,.7522
204,"Saint-Jacques_Tower",.8,.9,.9,.8667,.85,.86,.2308,.4615,.8462,.8462,.9231,1.0,.3582,.6102,.8722,.8563,.885,.9247
205,"Calakmul_Campeche_Mexico",.8,.8,.85,.8667,.85,.86,.2143,.4286,.5714,.5714,.6429,.7143,.338,.5581,.6834,.6887,.7321,.7804
206,"Bran_Castle_in_Transylvania",.6,.8,.9,.8667,.85,.86,.1053,.2105,.3684,.4211,.5263,.5263,.1791,.3333,.5228,.5668,.6501,.653
207,"Mosteiro_da_Batalha",1.0,1.0,1.0,1.0,1.0,1.0,.2632,.4737,.5263,.5263,.6316,.6842,.4167,.6429,.6897,.6897,.7742,.8125
208,"Wartburg_Castle",1.0,1.0,.9,.9333,.9,.9,.25,.3,.6,.65,.7,.8,.4,.4615,.72,.7663,.7875,.8471
209,"Fujian_Tulou_Fujian_China",1.0,1.0,1.0,1.0,1.0,1.0,.1667,.2778,.4444,.5556,.5556,.7778,.2857,.4348,.6154,.7143,.7143,.875
210,"Alabama_State_Capitol",.8,.8,.7,.7,.65,.68,.1905,.381,.5714,.619,.7619,.8095,.3077,.5161,.6292,.657,.7015,.7391
211,"Palazzo_dAccursio",1.0,.8,.8,.7667,.725,.68,.2222,.3333,.5,.5556,.6111,.6111,.3636,.4706,.6154,.6443,.6632,.6437
212,"Casa_Grande_Ruins",1.0,.8,.8,.8333,.75,.78,.2941,.3529,.4118,.4706,.4706,.5882,.4545,.4898,.5437,.6015,.5783,.6707
213,"Stravinsky_Fountain",1.0,1.0,.85,.8,.8,.84,.2,.2667,.3333,.3333,.5333,.6,.3333,.4211,.4789,.4706,.64,.7
214,"Angel_Falls_Venezuela",.6,.5,.45,.5667,.6,.54,.1765,.2941,.3529,.4706,.5294,.5882,.2727,.3704,.3956,.5142,.5625,.5631
215,"Statue_of_George_IV",.8,.7,.55,.4333,.475,.5,.375,.5,.5,.625,.625,.75,.5106,.5833,.5238,.5118,.5398,.6
216,"Palacio_Barolo",.8,.9,.9,.9,.9,.9,.1765,.2941,.4118,.4706,.6471,.6471,.2892,.4433,.565,.618,.7529,.7529
217,"Bridge_of_Remembrance_Christchurch_New_Zealand",1.0,.9,.8,.6333,.575,.54,.3333,.6667,.75,.75,.8333,.8333,.5,.766,.7742,.6867,.6805,.6553
218,"John_A._Roebling_Suspension_Bridge",.4,.2,.4,.4,.475,.44,.1333,.1333,.5333,.6,.6667,.6667,.2,.16,.4571,.48,.5547,.5301
219,"Blue_Dome_Santorini",1.0,.9,.9,.9,.9,.92,.3125,.4375,.4375,.625,.6875,.75,.4762,.5888,.5888,.7377,.7795,.8263
220,"Fossar_de_les_Moreres",1.0,.8,.8,.7333,.55,.52,.2143,.3571,.5,.7143,.7143,.7143,.3529,.4938,.6154,.7237,.6215,.6019
221,"Luxor_Obelisk_France",.8,.8,.85,.8333,.85,.84,.125,.25,.375,.375,.4375,.5,.2162,.381,.5204,.5172,.5777,.6269
222,"Valle_de_los_Caidos",1.0,1.0,.95,.8667,.9,.92,.25,.35,.5,.5,.65,.7,.4,.5185,.6552,.6341,.7548,.7951
--------------------
"--","Avg.",P@5,P@10,P@20,P@30,P@40,P@50,CR@5,CR@10,CR@20,CR@30,CR@40,CR@50,F1@5,F1@10,F1@20,F1@30,F1@40,F1@50
,.,7991,.7928,.7795,.7682,.7644,.7572,.1589,.2594,.3893,.4869,.5613,.6224,.2589,.3819,.508,.5833,.6338,.6689
