--------------------
"Run name","output_runSCHSumSquaredError"
--------------------
"Average P@20 = ",.7743
"Average CR@20 = ",.4021
"Average F1@20 = ",.5186
--------------------
"Query Id ","Location name",P@5,P@10,P@20,P@30,P@40,P@50,CR@5,CR@10,CR@20,CR@30,CR@40,CR@50,F1@5,F1@10,F1@20,F1@30,F1@40,F1@50
1,"angel_of_the_north",1.0,1.0,1.0,1.0,.975,.98,.16,.28,.48,.6,.64,.72,.2759,.4375,.6486,.75,.7728,.8301
2,"big_ben",.8,.9,.75,.7333,.75,.76,.1364,.2273,.3636,.4545,.5455,.5909,.233,.3629,.4898,.5612,.6316,.6649
3,"hearst_castle",1.0,1.0,.95,.9,.925,.94,.2083,.3333,.5417,.625,.7083,.75,.3448,.5,.6899,.7377,.8023,.8343
4,"la_madeleine",.4,.3,.2,.2667,.25,.24,.1429,.2143,.2857,.4286,.5714,.5714,.2105,.25,.2353,.3288,.3478,.338
5,"pont_alexandre_iii",1.0,.9,.95,.9333,.95,.96,.2,.28,.48,.56,.6,.68,.3333,.4271,.6378,.7,.7355,.7961
6,"neues_museum",.2,.3,.35,.5333,.625,.66,.04,.12,.24,.44,.64,.64,.0667,.1714,.2847,.4822,.6324,.6498
7,"montezuma_castle",.8,.8,.6,.6,.65,.64,.25,.4167,.5833,.5833,.75,.75,.381,.5479,.5915,.5915,.6964,.6906
8,"cn_tower",.6,.5,.75,.7333,.7,.68,.125,.2083,.4583,.625,.6667,.75,.2069,.2941,.569,.6748,.6829,.7133
9,"acropolis_athens",1.0,1.0,.95,.9333,.85,.84,.2381,.3333,.4762,.5238,.5238,.6667,.3846,.5,.6344,.671,.6482,.7434
10,"agra_fort",1.0,.9,.85,.8667,.85,.88,.16,.28,.44,.56,.72,.8,.2759,.4271,.5798,.6804,.7796,.8381
11,"albert_memorial",1.0,.7,.75,.8,.8,.82,.1364,.1818,.2727,.5455,.6364,.7273,.24,.2887,.4,.6486,.7089,.7709
12,"altes_museum",.8,.7,.75,.7667,.75,.74,.1667,.2917,.375,.5417,.7083,.75,.2759,.4118,.5,.6348,.7286,.745
13,"amiens_cathedral",1.0,1.0,1.0,1.0,.975,.98,.2,.32,.6,.68,.72,.8,.3333,.4848,.75,.8095,.8283,.8809
14,"angkor_wat",.8,.9,.9,.8333,.85,.86,.08,.28,.44,.64,.72,.8,.1455,.4271,.591,.724,.7796,.8289
15,"ara_pacis",1.0,.9,.8,.8,.7,.7,.2273,.2727,.5,.5909,.6364,.7727,.3704,.4186,.6154,.6797,.6667,.7346
16,"arc_de_triomphe",1.0,.9,.95,.8,.75,.78,.2083,.2917,.5,.5417,.625,.7083,.3448,.4406,.6552,.646,.6818,.7424
17,"aztec_ruins",.0,.1,.05,.0333,.125,.26,.0,.04,.04,.04,.16,.32,.0,.0571,.0444,.0364,.1404,.2869
18,"berlin_cathedral",1.0,.9,.95,.9667,.9,.9,.16,.24,.44,.56,.6,.64,.2759,.3789,.6014,.7092,.72,.7481
19,"bok_tower_gardens",1.0,.7,.85,.8333,.875,.9,.2,.24,.4,.48,.6,.6,.3333,.3574,.544,.6091,.7119,.72
20,"brandenburg_gate",1.0,1.0,1.0,1.0,1.0,.92,.2,.28,.4,.48,.6,.64,.3333,.4375,.5714,.6486,.75,.7549
21,"cabrillo",.2,.1,.05,.1,.1,.12,.0769,.0769,.0769,.2308,.3077,.3846,.1111,.087,.0606,.1395,.1509,.1829
22,"casa_batllo",1.0,1.0,1.0,1.0,1.0,1.0,.16,.36,.56,.68,.76,.84,.2759,.5294,.7179,.8095,.8636,.913
23,"casa_rosada",.8,.9,.95,.9333,.95,.92,.16,.2,.4,.52,.6,.68,.2667,.3273,.563,.6679,.7355,.782
24,"castillo_de_san_marcos",.8,.8,.85,.8667,.85,.72,.16,.28,.44,.52,.6,.6,.2667,.4148,.5798,.65,.7034,.6545
25,"chartres_cathedral",1.0,1.0,.95,.9,.925,.9,.16,.24,.52,.64,.68,.8,.2759,.3871,.6721,.7481,.7838,.8471
26,"chichen_itza",.8,.8,.8,.7667,.775,.8,.08,.2,.4,.44,.64,.72,.1455,.32,.5333,.5591,.7011,.7579
27,"christ_the_redeemer_rio",.6,.8,.65,.6333,.675,.68,.1304,.2609,.3913,.4348,.5652,.6522,.2143,.3934,.4885,.5156,.6152,.6658
28,"civic_center_san_francisco",1.0,.8,.75,.6,.55,.5,.16,.24,.32,.32,.4,.48,.2759,.3692,.4486,.4174,.4632,.4898
29,"cologne_cathedral",1.0,1.0,.95,.9333,.95,.94,.08,.24,.44,.6,.68,.8,.1481,.3871,.6014,.7304,.7926,.8644
30,"colosseum",1.0,.9,.8,.8667,.875,.84,.2,.28,.44,.56,.56,.64,.3333,.4271,.5677,.6804,.6829,.7265
31,"doge_s_palace",1.0,.9,.9,.9,.9,.9,.2,.32,.4,.52,.56,.6,.3333,.4721,.5538,.6592,.6904,.72
32,"eiffel_tower",.8,.9,.95,.9333,.925,.88,.12,.28,.4,.44,.44,.6,.2087,.4271,.563,.5981,.5963,.7135
33,"golden_gate_bridge",1.0,.9,.95,.7667,.825,.82,.2174,.3043,.4783,.5652,.6087,.6522,.3571,.4549,.6362,.6507,.7005,.7265
34,"grand_palais",.8,.9,.95,.9333,.925,.9,.1818,.3182,.4545,.5455,.6364,.6818,.2963,.4701,.6149,.6885,.754,.7759
35,"guggenheim_museum_bilbao",1.0,1.0,.95,.9667,.95,.96,.08,.2,.36,.52,.64,.72,.1481,.3333,.5221,.6762,.7648,.8229
36,"hagia_sophia_istanbul",1.0,1.0,1.0,.9333,.925,.92,.2,.32,.44,.48,.6,.64,.3333,.4848,.6111,.634,.7279,.7549
37,"hoover_dam",1.0,1.0,1.0,.9,.9,.92,.16,.28,.52,.56,.64,.72,.2759,.4375,.6842,.6904,.7481,.8078
38,"humayun_tomb",1.0,.8,.75,.8333,.85,.86,.16,.24,.48,.6,.72,.84,.2759,.3692,.5854,.6977,.7796,.8499
39,"iguazu_falls",.8,.8,.7,.7667,.75,.8,.12,.24,.36,.48,.56,.76,.2087,.3692,.4755,.5904,.6412,.7795
40,"iolani_palace",1.0,.9,.95,.9,.9,.86,.16,.28,.44,.56,.72,.76,.2759,.4271,.6014,.6904,.8,.8069
41,"la_mezquita",.8,.8,.8,.7333,.6,.58,.1667,.3333,.4167,.4583,.5417,.6667,.2759,.4706,.5479,.5641,.5693,.6203
42,"la_rambla_barcelona",.8,.9,.95,.9667,.9,.92,.16,.24,.36,.44,.52,.56,.2667,.3789,.5221,.6047,.6592,.6962
43,"la_sainte_chapelle",1.0,1.0,.95,.9667,.95,.96,.2,.36,.56,.64,.76,.92,.3333,.5294,.7046,.7701,.8444,.9396
44,"liberty_memorial",.6,.4,.55,.5667,.5,.58,.08,.12,.32,.44,.44,.6,.1412,.1846,.4046,.4954,.4681,.5898
45,"lincoln_home",1.0,1.0,.85,.8333,.875,.86,.2778,.2778,.3333,.6111,.7222,.7778,.4348,.4348,.4789,.7051,.7913,.8168
46,"machu_picchu",.8,.8,.75,.7667,.825,.84,.16,.28,.44,.68,.8,.84,.2667,.4148,.5546,.7207,.8123,.84
47,"marble_arch_london",.8,.4,.4,.3333,.325,.3,.25,.25,.5,.5,.5833,.75,.381,.3077,.4444,.4,.4174,.4286
48,"milan_cathedral",1.0,1.0,.9,.9333,.95,.94,.16,.28,.4,.64,.64,.68,.2759,.4375,.5538,.7593,.7648,.7891
49,"mole_antonelliana",.8,.9,.75,.7333,.775,.7,.16,.24,.32,.4,.6,.64,.2667,.3789,.4486,.5176,.6764,.6687
50,"mont_saint_michel",1.0,1.0,1.0,1.0,.975,.94,.16,.28,.52,.76,.76,.8,.2759,.4375,.6842,.8636,.8542,.8644
51,"moulin_rouge",.6,.3,.15,.2,.225,.18,.25,.25,.25,.5,.75,.75,.3529,.2727,.1875,.2857,.3462,.2903
52,"nelson_s_column",1.0,1.0,.85,.8667,.9,.88,.1667,.25,.4583,.5417,.6667,.7917,.2857,.4,.5955,.6667,.766,.8335
53,"notre_dame_de_paris",.6,.8,.85,.9,.875,.88,.12,.24,.4,.48,.6,.64,.2,.3692,.544,.6261,.7119,.7411
54,"obelisco",.2,.2,.1,.0667,.125,.26,.0909,.0909,.0909,.0909,.2727,.6364,.125,.125,.0952,.0769,.1714,.3692
55,"piccadilly_circus",.8,.9,.85,.9,.775,.76,.1304,.3043,.4783,.6087,.6087,.6087,.2243,.4549,.6121,.7262,.6819,.676
56,"place_de_la_concorde",1.0,1.0,.95,.9667,.975,.98,.12,.2,.4,.56,.64,.68,.2143,.3333,.563,.7092,.7728,.8029
57,"place_de_la_republique",.2,.2,.15,.1333,.125,.1,.125,.125,.25,.375,.375,.375,.1538,.1538,.1875,.1967,.1875,.1579
58,"place_des_vosges",1.0,.9,.95,.8667,.725,.72,.16,.28,.48,.6,.6,.6,.2759,.4271,.6378,.7091,.6566,.6545
59,"pont_du_gard",.6,.7,.85,.7333,.725,.76,.12,.24,.36,.48,.56,.64,.2,.3574,.5058,.5802,.6319,.6949
60,"pont_neuf",1.0,.9,.8,.8,.775,.7,.16,.28,.4,.52,.64,.68,.2759,.4271,.5333,.6303,.7011,.6899
61,"ponte_vecchio",.8,.8,.85,.7667,.7,.68,.1667,.2083,.4583,.4583,.5417,.625,.2759,.3306,.5955,.5737,.6107,.6513
62,"puerta_de_alcala",.8,.4,.55,.6667,.7,.68,.1579,.1579,.2105,.4737,.5789,.6316,.2637,.2264,.3045,.5538,.6337,.6549
63,"puerta_del_sol",1.0,.7,.55,.6,.55,.54,.15,.25,.35,.5,.55,.6,.2609,.3684,.4278,.5455,.55,.5684
64,"red_fort",1.0,1.0,1.0,.9667,.975,.98,.2,.28,.52,.68,.76,.84,.3333,.4375,.6842,.7984,.8542,.9046
65,"reims_cathedral",1.0,1.0,.9,.8667,.9,.9,.16,.32,.48,.56,.56,.56,.2759,.4848,.6261,.6804,.6904,.6904
66,"rialto_bridge",.8,.8,.7,.6,.5,.42,.125,.3125,.375,.5,.5625,.625,.2162,.4494,.4884,.5455,.5294,.5024
67,"roman_forum_rome",.6,.5,.7,.7667,.775,.76,.12,.16,.4,.56,.72,.76,.2,.2424,.5091,.6472,.7465,.76
68,"sacre_coeur",.4,.6,.5,.5333,.55,.64,.0833,.2083,.2917,.375,.4583,.5417,.1379,.3093,.3684,.4404,.5,.5867
69,"sagrada_familia",1.0,1.0,.95,.9333,.925,.94,.2,.32,.48,.56,.6,.64,.3333,.4848,.6378,.7,.7279,.7615
70,"santa_maria_novella",1.0,.6,.65,.6,.575,.6,.16,.2,.32,.36,.4,.56,.2759,.3,.4289,.45,.4718,.5793
71,"schonbrunn_palace",.8,.9,.95,.9667,.9,.86,.16,.24,.4,.64,.68,.76,.2667,.3789,.563,.7701,.7747,.8069
72,"seville_cathedral",.6,.7,.85,.9,.925,.94,.08,.24,.32,.44,.56,.6,.1412,.3574,.465,.591,.6976,.7325
73,"spanish_steps",.6,.7,.75,.6333,.65,.66,.0909,.1364,.3182,.4091,.5909,.7727,.1579,.2283,.4468,.4971,.619,.7119
74,"st__basil_cathedral",.8,.8,.8,.8,.8,.8,.12,.2,.32,.48,.56,.6,.2087,.32,.4571,.6,.6588,.6857
75,"statue_of_liberty",1.0,1.0,.85,.8,.85,.8,.2,.24,.4,.44,.52,.6,.3333,.3871,.544,.5677,.6453,.6857
76,"stonehenge",.6,.6,.55,.4667,.525,.58,.1053,.2105,.3684,.3684,.5789,.6316,.1791,.3117,.4413,.4118,.5507,.6047
77,"summer_palace_beijing",.8,.9,.95,.9333,.95,.96,.16,.24,.44,.44,.56,.6,.2667,.3789,.6014,.5981,.7046,.7385
78,"sydney_opera_house",1.0,.9,.95,.8,.85,.86,.12,.24,.32,.44,.52,.52,.2143,.3789,.4787,.5677,.6453,.6481
79,"teotihuacan",1.0,.9,.7,.6333,.675,.68,.12,.28,.44,.56,.68,.72,.2143,.4271,.5404,.5944,.6775,.6994
80,"terracotta_army",.6,.8,.5,.5,.575,.64,.15,.3,.35,.4,.65,.7,.24,.4364,.4118,.4444,.6102,.6687
81,"the_blue_mosque",.6,.8,.85,.9,.925,.92,.12,.2,.36,.44,.48,.52,.2,.32,.5058,.591,.632,.6644
82,"the_henry_ford",.8,.7,.55,.5667,.575,.58,.12,.2,.28,.44,.56,.6,.2087,.3111,.3711,.4954,.5674,.5898
83,"taj_mahal",.8,.9,.85,.9,.875,.9,.16,.32,.4,.56,.72,.76,.2667,.4721,.544,.6904,.79,.8241
84,"tour_montparnasse",.8,.8,.7,.4667,.4,.36,.15,.3,.4,.4,.45,.45,.2526,.4364,.5091,.4308,.4235,.4
85,"tower_bridge_london",.8,.8,.7,.6,.575,.56,.08,.24,.44,.48,.52,.56,.1455,.3692,.5404,.5333,.5461,.56
86,"trafalgar_square",.6,.5,.55,.5333,.55,.52,.0909,.1364,.2727,.3182,.4545,.4545,.1579,.2143,.3646,.3986,.4977,.4851
87,"leaning_tower_of_pisa",.2,.4,.5,.6333,.575,.64,.04,.16,.32,.52,.56,.64,.0667,.2286,.3902,.5711,.5674,.64
88,"hermitage_museum_saint_petersburg",1.0,1.0,.9,.7667,.775,.78,.2,.28,.36,.4,.56,.68,.3333,.4375,.5143,.5257,.6502,.7266
89,"jantar_mantar_jaipur",.8,.9,.95,.7667,.675,.68,.16,.32,.52,.6,.68,.72,.2667,.4721,.6721,.6732,.6775,.6994
90,"lake_titicaca_peru",.4,.6,.55,.5333,.5,.5,.0833,.2083,.2917,.4167,.5,.625,.1379,.3093,.3812,.4678,.5,.5556
91,"the_great_wall_of_china",1.0,.7,.8,.7,.725,.76,.2,.24,.44,.52,.56,.64,.3333,.3574,.5677,.5967,.6319,.6949
92,"grande_arche_paris",.6,.7,.8,.7,.7,.62,.12,.24,.28,.32,.32,.4,.2,.3574,.4148,.4392,.4392,.4863
93,"el_angel_mexico",.6,.8,.65,.6333,.6,.48,.1429,.2857,.4286,.5714,.619,.619,.2308,.4211,.5166,.6008,.6094,.5407
94,"bibliotheque_nationale_de_france",.4,.5,.65,.6333,.725,.72,.08,.08,.24,.32,.56,.64,.1333,.1379,.3506,.4252,.6319,.6776
95,"kronborg_castle",.8,.6,.65,.7667,.8,.8,.1667,.2083,.375,.4583,.5417,.625,.2759,.3093,.4756,.5737,.646,.7018
96,"ajanta_caves",.6,.6,.75,.8333,.875,.86,.1364,.2727,.4091,.5909,.6364,.6364,.2222,.375,.5294,.6915,.7368,.7315
97,"atomium",.8,.9,.95,.9,.925,.88,.1905,.2381,.4286,.5238,.5714,.619,.3077,.3766,.5907,.6622,.7064,.7268
98,"ellora_caves",1.0,1.0,.95,.9667,.975,.98,.1364,.2727,.4091,.5,.5455,.5455,.24,.4286,.5719,.6591,.6996,.7008
99,"potala_palace",.8,.9,.9,.8667,.875,.88,.1667,.2222,.4444,.5556,.6111,.6111,.2759,.3564,.595,.6771,.7196,.7213
100,"jokhang",.8,.8,.8,.8,.775,.8,.12,.28,.4,.52,.6,.72,.2087,.4148,.5333,.6303,.6764,.7579
101,"rila_monastery",.6,.7,.85,.7667,.8,.8,.08,.16,.28,.36,.36,.4,.1412,.2605,.4212,.4899,.4966,.5333
102,"louvre_pyramid",.8,.9,.9,.8333,.775,.74,.1667,.2222,.3889,.5556,.6667,.6667,.2759,.3564,.5431,.6667,.7168,.7014
103,"brooklyn_bridge",1.0,1.0,.9,.7667,.8,.78,.1905,.3333,.381,.381,.5714,.619,.32,.5,.5353,.509,.6667,.6903
104,"tower_of_london",.8,.8,.8,.8,.75,.78,.087,.2174,.2609,.5217,.5217,.6087,.1569,.3419,.3934,.6316,.6154,.6838
105,"british_museum_london",1.0,1.0,1.0,1.0,.975,.96,.15,.25,.45,.5,.65,.75,.2609,.4,.6207,.6667,.78,.8421
106,"buckingham_palace",.4,.5,.55,.5667,.5,.52,.1,.2,.25,.3,.35,.45,.16,.2857,.3438,.3923,.4118,.4825
107,"charles_bridge_prague",.6,.8,.6,.5667,.475,.5,.125,.2083,.2917,.375,.375,.5,.2069,.3306,.3925,.4513,.4191,.5
108,"champs_elysees_paris",.6,.5,.5,.5667,.525,.46,.2,.2667,.3333,.4667,.6,.6,.3,.3478,.4,.5118,.56,.5208
109,"chrysler_building",1.0,1.0,1.0,.9667,.95,.96,.1429,.3571,.5714,.7143,.9286,1.0,.25,.5263,.7273,.8215,.9392,.9796
110,"moma_new_york",.6,.8,.85,.8667,.875,.9,.1053,.1579,.4211,.5263,.6316,.7368,.1791,.2637,.5631,.6549,.7336,.8103
111,"grand_central_terminal",.8,.9,.95,.9333,.95,.94,.1429,.2381,.2857,.3333,.4286,.5238,.2424,.3766,.4393,.4912,.5907,.6727
112,"houses_of_parliament",1.0,1.0,1.0,1.0,.925,.88,.2174,.3043,.3478,.4348,.4783,.5217,.3571,.4667,.5161,.6061,.6305,.6551
113,"alexanderplatz_berlin",.2,.3,.6,.6,.675,.62,.04,.08,.32,.4,.44,.48,.0667,.1263,.4174,.48,.5327,.5411
114,"centre_pompidou",.6,.7,.7,.6333,.7,.7,.1667,.3333,.5,.6111,.6667,.7222,.2609,.4516,.5833,.622,.6829,.7109
115,"sydney_harbour_bridge",1.0,1.0,1.0,1.0,1.0,1.0,.3125,.4375,.5,.5,.625,.6875,.4762,.6087,.6667,.6667,.7692,.8148
116,"pier_39",.8,.7,.8,.8,.85,.84,.1905,.2857,.4286,.619,.7143,.7619,.3077,.4058,.5581,.698,.7763,.799
117,"coit_tower",.8,.7,.7,.7333,.7,.66,.2,.2667,.4,.5333,.6,.6,.32,.3862,.5091,.6175,.6462,.6286
118,"st_paul_s_cathedral_london",1.0,.9,.8,.8667,.8,.76,.2353,.3529,.4706,.5882,.6471,.6471,.381,.507,.5926,.7008,.7154,.699
119,"cloud_gate",.6,.8,.45,.5667,.6,.66,.25,.3333,.3333,.5833,.5833,.5833,.3529,.4706,.383,.5749,.5915,.6193
120,"musee_d_orsay",1.0,1.0,.95,.9333,.875,.9,.0952,.1429,.3333,.4762,.5714,.619,.1739,.25,.4935,.6306,.6914,.7335
121,"pike_place_market",.8,.8,.75,.8,.8,.84,.1905,.2857,.2857,.4762,.5714,.619,.3077,.4211,.4138,.597,.6667,.7128
122,"royal_palace_madrid",.6,.8,.85,.8333,.8,.78,.0909,.2727,.3636,.4545,.4545,.5909,.1579,.4068,.5094,.5882,.5797,.6724
123,"sony_center_berlin",1.0,1.0,.95,.8667,.825,.86,.1905,.2381,.381,.4286,.4286,.5238,.32,.3846,.5438,.5735,.5641,.6511
124,"red_square_moscow",.6,.6,.55,.6333,.65,.62,.0952,.1429,.2857,.4286,.5238,.6667,.1644,.2308,.3761,.5112,.5801,.6425
125,"prague_castle",1.0,1.0,.95,.8667,.85,.82,.2,.24,.44,.56,.64,.64,.3333,.3871,.6014,.6804,.7302,.7189
126,"musee_du_louvre",1.0,.9,.95,.9667,.975,.96,.16,.28,.52,.52,.6,.68,.2759,.4271,.6721,.6762,.7429,.7961
127,"millennium_bridge_london",1.0,.6,.7,.7667,.825,.76,.2,.24,.36,.52,.6,.6,.3333,.3429,.4755,.6197,.6947,.6706
128,"casa_mila",1.0,1.0,1.0,.9667,.925,.94,.2,.36,.48,.6,.6,.6,.3333,.5294,.6486,.7404,.7279,.7325
129,"national_gallery_london",1.0,1.0,.65,.7333,.7,.62,.1364,.2727,.3182,.5,.6364,.6364,.24,.4286,.4272,.5946,.6667,.6281
130,"national_mall",1.0,1.0,.95,.9667,.95,.86,.2,.32,.44,.68,.84,.88,.3333,.4848,.6014,.7984,.8916,.8699
131,"london_city_hall",1.0,.7,.65,.7,.675,.7,.25,.35,.45,.65,.65,.65,.4,.4667,.5318,.6741,.6623,.6741
132,"holocaust_memorial",.4,.7,.65,.6333,.575,.46,.0625,.25,.5,.5625,.6875,.6875,.1081,.3684,.5652,.5958,.6262,.5512
133,"columbus_circle",.6,.5,.4,.5,.5,.46,.12,.2,.28,.4,.48,.52,.2,.2857,.3294,.4444,.4898,.4882
134,"siegessaeule",.8,.9,.85,.6667,.55,.5,.16,.24,.48,.56,.56,.56,.2667,.3789,.6135,.6087,.555,.5283
135,"jardin_du_luxembourg",1.0,1.0,1.0,1.0,1.0,1.0,.12,.24,.4,.52,.64,.8,.2143,.3871,.5714,.6842,.7805,.8889
136,"merlion_singapore",.0,.1,.15,.2333,.325,.44,.0,.0455,.1364,.2727,.4545,.5455,.0,.0625,.1429,.2515,.379,.4871
137,"harrods_london",.8,.9,.75,.8333,.825,.86,.12,.28,.44,.56,.64,.72,.2087,.4271,.5546,.6699,.7208,.7838
138,"metropolitan_museum_of_art_new_york",1.0,1.0,.95,.9667,.975,.96,.16,.28,.44,.56,.68,.72,.2759,.4375,.6014,.7092,.8012,.8229
139,"new_york_stock_exchange",.8,.6,.65,.6667,.6,.64,.15,.15,.3,.4,.5,.6,.2526,.24,.4105,.5,.5455,.6194
140,"stephansdom_vienna",1.0,1.0,1.0,1.0,.975,.96,.16,.24,.44,.48,.64,.68,.2759,.3871,.6111,.6486,.7728,.7961
141,"hms_belfast",1.0,1.0,1.0,.9333,.9,.92,.12,.32,.48,.6,.64,.68,.2143,.4848,.6486,.7304,.7481,.782
142,"leicester_square",.8,.9,.75,.7,.7,.7,.08,.16,.28,.4,.48,.56,.1455,.2717,.4078,.5091,.5695,.6222
143,"ciudad_de_las_artes_y_las_ciencias",1.0,1.0,.95,.9333,.95,.96,.2,.28,.44,.52,.6,.64,.3333,.4375,.6014,.6679,.7355,.768
144,"topkapi_palace",1.0,1.0,1.0,.9667,.975,.94,.2,.32,.48,.64,.68,.68,.3333,.4848,.6486,.7701,.8012,.7891
145,"royal_albert_hall",1.0,1.0,.95,.7,.775,.78,.16,.16,.4,.44,.48,.52,.2759,.2759,.563,.5404,.5928,.624
146,"st_vitus_cathedral",1.0,1.0,1.0,.9667,.9,.92,.2,.36,.48,.52,.6,.68,.3333,.5294,.6486,.6762,.72,.782
147,"castello_sforzesco",1.0,1.0,.9,.9333,.9,.92,.2,.28,.44,.52,.6,.64,.3333,.4375,.591,.6679,.72,.7549
148,"rijksmuseum_amsterdam",1.0,1.0,1.0,1.0,1.0,.98,.12,.28,.48,.52,.6,.68,.2143,.4375,.6486,.6842,.75,.8029
149,"dam_square",.8,.6,.65,.6667,.675,.62,.12,.2,.32,.44,.48,.52,.2087,.3,.4289,.5301,.561,.5656
150,"rathaus_vienna",.8,.6,.65,.7333,.75,.72,.16,.16,.24,.24,.28,.36,.2667,.2526,.3506,.3616,.4078,.48
151,"bath_abbey",1.0,.9,.85,.9,.9,.9,.2,.32,.52,.6,.72,.72,.3333,.4721,.6453,.72,.8,.8
152,"salisbury_cathedral",1.0,1.0,1.0,.9667,.925,.9,.12,.28,.4,.52,.6,.6,.2143,.4375,.5714,.6762,.7279,.72
153,"templo_de_debod",.4,.4,.3,.4333,.45,.5,.0909,.1364,.1818,.2273,.3182,.3636,.1481,.2034,.2264,.2982,.3728,.4211
154,"Niagara_Falls",.8,.8,.7,.6333,.65,.64,.1364,.2727,.2727,.4091,.5909,.5909,.233,.4068,.3925,.4971,.619,.6145
155,"Golden_Gate_Bridge_in_San_Francisco",.8,.9,.9,.9,.9,.92,.0909,.2273,.3636,.6364,.6818,.8182,.1633,.3629,.518,.7456,.7759,.8661
156,"Neuschwanstein_Castle",1.0,1.0,.95,.9667,.95,.96,.16,.32,.4,.64,.72,.76,.2759,.4848,.563,.7701,.8192,.8484
157,"Christ_Church_Cathedral_Missouri",1.0,.9,.75,.8333,.75,.74,.12,.2,.4,.52,.52,.52,.2143,.3273,.5217,.6404,.6142,.6108
158,"Mount_Rushmore_in_South_Dakota",.8,.9,.95,.9667,.925,.88,.16,.2,.36,.56,.64,.68,.2667,.3273,.5221,.7092,.7565,.7672
159,"Puerta_de_Toledo",.2,.2,.15,.1,.075,.06,.5,1.0,1.0,1.0,1.0,1.0,.2857,.3333,.2609,.1818,.1395,.1132
160,"Urquhart_Castle",1.0,.9,.85,.8333,.875,.88,.1667,.25,.4583,.5833,.5833,.7083,.2857,.3913,.5955,.6863,.7,.7849
161,"Gare_du_Nord_Paris",1.0,1.0,.8,.8,.8,.78,.2,.28,.36,.4,.4,.44,.3333,.4375,.4966,.5333,.5333,.5626
162,"Newgrange_in_Ireland",.8,.8,.7,.7667,.725,.72,.1667,.2917,.4167,.4583,.5,.5417,.2759,.4275,.5224,.5737,.5918,.6182
163,"Windmills_at_Kinderdijk",.8,.9,.85,.9,.9,.9,.16,.24,.36,.48,.56,.6,.2667,.3789,.5058,.6261,.6904,.72
164,"Conciergerie",1.0,1.0,.95,.9667,.975,.98,.2,.32,.52,.64,.64,.68,.3333,.4848,.6721,.7701,.7728,.8029
165,"Palazzo_Madama",.8,.7,.6,.5667,.55,.56,.1818,.3182,.5,.5455,.6364,.7273,.2963,.4375,.5455,.5559,.59,.6328
166,"Split_Rock_Lighthouse",.6,.6,.75,.8,.8,.82,.08,.16,.32,.44,.52,.52,.1412,.2526,.4486,.5677,.6303,.6364
167,"The_Little_Mermaid_Denmark",.8,.6,.6,.7333,.775,.82,.2143,.3571,.3571,.5714,.7143,.8571,.338,.4478,.4478,.6423,.7434,.8382
168,"Great_Pyramid_of_Giza",.4,.7,.65,.6333,.575,.58,.1333,.4,.4667,.6,.6667,.6667,.2,.5091,.5433,.6162,.6174,.6203
169,"Pitti_Palace",1.0,.8,.85,.7333,.625,.6,.2273,.3182,.5,.5,.5,.5455,.3704,.4553,.6296,.5946,.5556,.5714
170,"Georgia_State_Capitol",.4,.3,.25,.2667,.25,.22,.1053,.1053,.2105,.2632,.2632,.2632,.1667,.1558,.2286,.2649,.2564,.2397
171,"Dome_des_Invalides",1.0,1.0,1.0,1.0,1.0,1.0,.16,.24,.44,.52,.64,.68,.2759,.3871,.6111,.6842,.7805,.8095
172,"Reggia_di_Caserta",.4,.6,.6,.6333,.65,.62,.08,.2,.36,.44,.6,.68,.1333,.3,.45,.5193,.624,.6486
173,"The_Burj_al_Arab_Hotel",.8,.8,.9,.8333,.8,.84,.16,.28,.32,.4,.48,.56,.2667,.4148,.4721,.5405,.6,.672
174,"Elephanta_Caves",1.0,1.0,1.0,1.0,.975,.86,.2083,.3333,.4167,.5833,.7083,.75,.3448,.5,.5882,.7368,.8205,.8012
175,"Basilica_of_Santa_Croce",1.0,1.0,1.0,1.0,1.0,1.0,.08,.12,.48,.56,.6,.68,.1481,.2143,.6486,.7179,.75,.8095
176,"Aachen_Cathedral",1.0,.8,.9,.9,.925,.88,.16,.24,.4,.52,.56,.68,.2759,.3692,.5538,.6592,.6976,.7672
177,"Monument_to_the_Great_Fire_of_London",.8,.7,.65,.5667,.575,.64,.12,.24,.36,.44,.52,.6,.2087,.3574,.4634,.4954,.5461,.6194
178,"Longmen_Grottoes",.6,.7,.6,.5333,.475,.5,.12,.24,.44,.48,.56,.64,.2,.3574,.5077,.5053,.514,.5614
179,"Louisiana_State_Capitol",.2,.2,.35,.2667,.325,.26,.04,.08,.24,.28,.4,.4,.0667,.1143,.2847,.2732,.3586,.3152
180,"The_Great_Sphinx_at_Giza",1.0,1.0,.9,.9,.875,.88,.16,.28,.48,.56,.6,.68,.2759,.4375,.6261,.6904,.7119,.7672
181,"Teatro_Real_Madrid",1.0,1.0,.8,.7333,.675,.64,.1739,.3043,.4348,.5652,.6087,.6522,.2963,.4667,.5634,.6384,.6401,.646
182,"Palacio_de_la_Magdalena",.6,.8,.85,.8,.775,.72,.12,.24,.4,.44,.56,.68,.2,.3692,.544,.5677,.6502,.6994
183,"Sowjetisches_Ehrenmal",.4,.4,.45,.4667,.425,.46,.08,.16,.24,.36,.44,.48,.1333,.2286,.313,.4065,.4324,.4698
184,"Cathedral_of_Trier",1.0,1.0,1.0,.9333,.95,.9,.2,.32,.6,.72,.8,.88,.3333,.4848,.75,.8129,.8686,.8899
185,"Saint_Mary_of_the_Flower",.4,.5,.4,.4333,.4,.38,.08,.16,.24,.24,.28,.32,.1333,.2424,.3,.3089,.3294,.3474
186,"Skellig_Michael",.8,.7,.65,.7333,.675,.68,.16,.28,.44,.56,.56,.6,.2667,.4,.5248,.6351,.6121,.6375
187,"Chicago_Board_of_Trade_Building",1.0,.9,.85,.6333,.625,.58,.1818,.3636,.5,.5909,.5909,.6364,.3077,.518,.6296,.6114,.6075,.6069
188,"Pont_de_Normandie_France",1.0,.9,.8,.8333,.825,.82,.2632,.4211,.5263,.6842,.8421,.9474,.4167,.5737,.6349,.7514,.8335,.8791
189,"Palazzo_Rosso",.0,.0,.05,.0333,.05,.04,.0,.0,.0417,.0417,.0833,.0833,.0,.0,.0455,.037,.0625,.0541
190,"Piazza_Vittorio_Veneto",.8,.7,.45,.4667,.425,.4,.25,.375,.5,.5,.6875,.6875,.381,.4884,.4737,.4828,.5253,.5057
191,"Sforza_Castle",1.0,.9,.95,.9667,.975,.94,.2,.32,.44,.56,.64,.64,.3333,.4721,.6014,.7092,.7728,.7615
192,"Torres_KIO",1.0,1.0,.95,.9667,.85,.74,.2,.2,.32,.48,.52,.56,.3333,.3333,.4787,.6415,.6453,.6375
193,"Torre_Picasso",1.0,1.0,.95,.7667,.775,.8,.1667,.2917,.4583,.5417,.5833,.6667,.2857,.4516,.6183,.6348,.6656,.7273
194,"The_Palace_of_Parliament_in_Bucharest",1.0,.8,.9,.9,.925,.86,.2,.24,.28,.52,.64,.72,.3333,.3692,.4271,.6592,.7565,.7838
195,"Ernest_Hemingway_House",.8,.9,.95,.8333,.775,.8,.16,.2,.36,.44,.52,.68,.2667,.3273,.5221,.5759,.6224,.7351
196,"Castel_dellOvo_Napoli",.8,.9,.95,.9333,.875,.84,.16,.28,.48,.68,.72,.76,.2667,.4271,.6378,.7868,.79,.798
197,"Villa_Borghese_gardens",1.0,1.0,1.0,1.0,.975,.98,.2,.32,.56,.72,.76,.8,.3333,.4848,.7179,.8372,.8542,.8809
198,"Saint_Marks_Basilica",1.0,1.0,1.0,1.0,1.0,.9,.16,.24,.24,.28,.4,.48,.2759,.3871,.3871,.4375,.5714,.6261
199,"Mausoleum_of_the_First_Qin_Emperor",.8,.8,.85,.8,.775,.74,.16,.32,.44,.56,.72,.76,.2667,.4571,.5798,.6588,.7465,.7499
200,"Mausoleum_of_Hadrian",1.0,1.0,.9,.7667,.625,.54,.1667,.2778,.2778,.3889,.4444,.4444,.2857,.4348,.4245,.516,.5195,.4876
201,"Piazza_de_Ferrari",1.0,1.0,1.0,1.0,1.0,.96,.2105,.3158,.4737,.4737,.5789,.6316,.3478,.48,.6429,.6429,.7333,.7619
202,"George_Washington_Carver",.4,.7,.65,.5667,.55,.58,.125,.1875,.4375,.5,.5625,.6875,.1905,.2958,.523,.5312,.5562,.6292
203,"Cathedral_of_Santiago_de_Compostela",1.0,.9,.8,.8,.825,.82,.2353,.2941,.4118,.6471,.8235,.8824,.381,.4433,.5437,.7154,.8243,.85
204,"Saint-Jacques_Tower",1.0,.8,.7,.8,.775,.8,.2308,.2308,.3077,.5385,.5385,.6923,.375,.3582,.4275,.6437,.6354,.7423
205,"Calakmul_Campeche_Mexico",.8,.9,.85,.8667,.875,.88,.2143,.4286,.5,.5714,.7143,.7857,.338,.5806,.6296,.6887,.7865,.8302
206,"Bran_Castle_in_Transylvania",1.0,.9,.8,.8,.825,.84,.2105,.3158,.4211,.5789,.6842,.7895,.3478,.4675,.5517,.6718,.748,.814
207,"Mosteiro_da_Batalha",1.0,1.0,1.0,1.0,1.0,1.0,.2105,.2632,.4737,.5263,.6316,.6842,.3478,.4167,.6429,.6897,.7742,.8125
208,"Wartburg_Castle",1.0,1.0,1.0,.9667,.925,.92,.2,.3,.55,.7,.8,.8,.3333,.4615,.7097,.812,.858,.8558
209,"Fujian_Tulou_Fujian_China",1.0,1.0,.85,.9,.9,.9,.2778,.3889,.4444,.6111,.6667,.6667,.4348,.56,.5837,.7279,.766,.766
210,"Alabama_State_Capitol",.4,.7,.8,.6667,.7,.68,.0952,.2857,.6667,.7619,.8095,.9048,.1538,.4058,.7273,.7111,.7508,.7764
211,"Palazzo_dAccursio",.8,.9,.7,.7,.6,.6,.1667,.2222,.3333,.3889,.4444,.6111,.2759,.3564,.4516,.5,.5106,.6055
212,"Casa_Grande_Ruins",1.0,.9,.85,.8,.775,.8,.2353,.2941,.4118,.4706,.4706,.5294,.381,.4433,.5548,.5926,.5856,.6372
213,"Stravinsky_Fountain",1.0,1.0,.9,.9333,.95,.96,.1333,.2667,.4,.5333,.5333,.6667,.2353,.4211,.5538,.6788,.6831,.7869
214,"Angel_Falls_Venezuela",1.0,.8,.7,.6,.55,.56,.1765,.3529,.5294,.5882,.6471,.7647,.3,.4898,.6029,.5941,.5946,.6465
215,"Statue_of_George_IV",.4,.5,.4,.4667,.4,.4,.25,.625,.625,.625,.625,.75,.3077,.5556,.4878,.5344,.4878,.5217
216,"Palacio_Barolo",.8,.8,.9,.9333,.95,.94,.1765,.2353,.4118,.4706,.7059,.7647,.2892,.3636,.565,.6257,.8099,.8433
217,"Bridge_of_Remembrance_Christchurch_New_Zealand",1.0,.6,.6,.5667,.5,.52,.25,.3333,.5833,.75,.75,.9167,.4,.4286,.5915,.6456,.6,.6636
218,"John_A._Roebling_Suspension_Bridge",.2,.2,.3,.3667,.425,.44,.0667,.0667,.3333,.4667,.6667,.6667,.1,.1,.3158,.4107,.5191,.5301
219,"Blue_Dome_Santorini",1.0,.9,.9,.8667,.9,.9,.3125,.5,.625,.6875,.875,.875,.4762,.6429,.7377,.7668,.8873,.8873
220,"Fossar_de_les_Moreres",.0,.3,.55,.4333,.35,.3,.0,.2143,.5714,.5714,.5714,.5714,.0,.25,.5605,.4929,.4341,.3934
221,"Luxor_Obelisk_France",1.0,.9,.85,.9,.825,.8,.25,.3125,.3125,.4375,.4375,.4375,.4,.4639,.457,.5888,.5718,.5657
222,"Valle_de_los_Caidos",1.0,.9,.9,.8667,.875,.9,.25,.4,.6,.65,.75,.8,.4,.5538,.72,.7429,.8077,.8471
--------------------
"--","Avg.",P@5,P@10,P@20,P@30,P@40,P@50,CR@5,CR@10,CR@20,CR@30,CR@40,CR@50,F1@5,F1@10,F1@20,F1@30,F1@40,F1@50
,.,8045,.7941,.7743,.7625,.7525,.746,.1572,.2597,.4021,.5076,.5894,.6509,.2582,.3822,.5186,.5979,.6476,.6812
