--------------------
"Run name","output_runTAMURASilhouette"
--------------------
"Average P@20 = ",.7827
"Average CR@20 = ",.3975
"Average F1@20 = ",.517
--------------------
"Query Id ","Location name",P@5,P@10,P@20,P@30,P@40,P@50,CR@5,CR@10,CR@20,CR@30,CR@40,CR@50,F1@5,F1@10,F1@20,F1@30,F1@40,F1@50
1,"angel_of_the_north",1.0,1.0,1.0,1.0,.95,.96,.12,.2,.36,.52,.64,.68,.2143,.3333,.5294,.6842,.7648,.7961
2,"big_ben",1.0,1.0,.9,.8667,.875,.82,.2273,.2727,.3636,.4091,.4545,.5909,.3704,.4286,.518,.5558,.5983,.6869
3,"hearst_castle",1.0,.9,.95,.9333,.925,.92,.2083,.3333,.5417,.7083,.8333,.8333,.3448,.4865,.6899,.8054,.8768,.8745
4,"la_madeleine",.0,.2,.45,.4,.35,.32,.0,.1429,.4286,.5714,.6429,.6429,.0,.1667,.439,.4706,.4532,.4273
5,"pont_alexandre_iii",1.0,.9,.95,.9667,.975,.98,.2,.28,.4,.6,.68,.76,.3333,.4271,.563,.7404,.8012,.8561
6,"neues_museum",.2,.1,.2,.4667,.6,.68,.04,.04,.12,.44,.6,.76,.0667,.0571,.15,.4529,.6,.7178
7,"montezuma_castle",.8,.8,.5,.6333,.675,.7,.3333,.3333,.4167,.5,.6667,.75,.4706,.4706,.4545,.5588,.6708,.7241
8,"cn_tower",.4,.5,.75,.7333,.7,.62,.0833,.2083,.4583,.5833,.625,.7083,.1379,.2941,.569,.6498,.6604,.6612
9,"acropolis_athens",.8,.9,.9,.9,.9,.84,.1429,.2857,.4286,.5238,.5714,.5714,.2424,.4337,.5806,.6622,.699,.6802
10,"agra_fort",.8,.9,.9,.9,.9,.92,.16,.32,.52,.6,.72,.8,.2667,.4721,.6592,.72,.8,.8558
11,"albert_memorial",.8,.9,.7,.7667,.825,.86,.1364,.1818,.3182,.4091,.4545,.6364,.233,.3025,.4375,.5335,.5861,.7315
12,"altes_museum",.8,.8,.55,.6,.675,.72,.1667,.25,.375,.5833,.7083,.7917,.2759,.381,.4459,.5915,.6913,.7541
13,"amiens_cathedral",1.0,1.0,1.0,1.0,.975,.98,.16,.32,.52,.64,.76,.84,.2759,.4848,.6842,.7805,.8542,.9046
14,"angkor_wat",1.0,.8,.7,.8,.85,.88,.16,.28,.4,.6,.72,.76,.2759,.4148,.5091,.6857,.7796,.8156
15,"ara_pacis",.8,.8,.6,.6667,.6,.64,.1818,.3182,.4091,.6364,.6818,.6818,.2963,.4553,.4865,.6512,.6383,.6602
16,"arc_de_triomphe",1.0,1.0,.8,.8,.675,.66,.1667,.2917,.4167,.5417,.5417,.6667,.2857,.4516,.5479,.646,.601,.6633
17,"aztec_ruins",.2,.1,.3,.2333,.275,.38,.04,.04,.2,.2,.36,.48,.0667,.0571,.24,.2154,.3118,.4242
18,"berlin_cathedral",1.0,.9,.95,.9667,.9,.9,.16,.24,.4,.52,.56,.64,.2759,.3789,.563,.6762,.6904,.7481
19,"bok_tower_gardens",1.0,.7,.85,.8667,.9,.92,.2,.24,.44,.6,.6,.68,.3333,.3574,.5798,.7091,.72,.782
20,"brandenburg_gate",1.0,1.0,.95,.9667,.975,.9,.16,.2,.28,.48,.6,.64,.2759,.3333,.4325,.6415,.7429,.7481
21,"cabrillo",.2,.3,.2,.2,.175,.16,.0769,.2308,.3077,.4615,.5385,.5385,.1111,.2609,.2424,.2791,.2642,.2467
22,"casa_batllo",1.0,1.0,1.0,1.0,.95,.96,.16,.2,.36,.56,.68,.88,.2759,.3333,.5294,.7179,.7926,.9183
23,"casa_rosada",.8,.9,.95,.9667,.975,.94,.12,.16,.44,.52,.6,.68,.2087,.2717,.6014,.6762,.7429,.7891
24,"castillo_de_san_marcos",.8,.6,.65,.7,.7,.76,.16,.2,.36,.56,.64,.76,.2667,.3,.4634,.6222,.6687,.76
25,"chartres_cathedral",1.0,1.0,.95,.9,.925,.92,.2,.24,.48,.64,.72,.76,.3333,.3871,.6378,.7481,.8097,.8324
26,"chichen_itza",.8,.9,.85,.9,.925,.92,.16,.28,.36,.52,.64,.76,.2667,.4271,.5058,.6592,.7565,.8324
27,"christ_the_redeemer_rio",.6,.7,.45,.3667,.4,.44,.087,.1739,.2174,.3043,.4348,.5652,.1519,.2786,.2932,.3326,.4167,.4948
28,"civic_center_san_francisco",1.0,.9,.9,.8333,.7,.56,.2,.28,.36,.48,.48,.48,.3333,.4271,.5143,.6091,.5695,.5169
29,"cologne_cathedral",1.0,1.0,1.0,1.0,1.0,.96,.08,.24,.32,.44,.52,.68,.1481,.3871,.4848,.6111,.6842,.7961
30,"colosseum",1.0,1.0,1.0,.9667,.825,.86,.16,.28,.48,.6,.6,.76,.2759,.4375,.6486,.7404,.6947,.8069
31,"doge_s_palace",1.0,1.0,.75,.8,.825,.86,.16,.28,.36,.48,.52,.52,.2759,.4375,.4865,.6,.6379,.6481
32,"eiffel_tower",1.0,1.0,1.0,1.0,1.0,.9,.16,.28,.4,.52,.56,.56,.2759,.4375,.5714,.6842,.7179,.6904
33,"golden_gate_bridge",.6,.7,.75,.7667,.625,.68,.1304,.2609,.3913,.5217,.5217,.5652,.2143,.3801,.5143,.6209,.5687,.6173
34,"grand_palais",1.0,.9,.9,.9,.9,.92,.1364,.2273,.3182,.4091,.5,.5455,.24,.3629,.4701,.5625,.6429,.6849
35,"guggenheim_museum_bilbao",1.0,1.0,1.0,.9333,.95,.96,.12,.2,.52,.64,.68,.72,.2143,.3333,.6842,.7593,.7926,.8229
36,"hagia_sophia_istanbul",1.0,1.0,1.0,.9,.925,.92,.2,.28,.48,.64,.68,.76,.3333,.4375,.6486,.7481,.7838,.8324
37,"hoover_dam",1.0,.9,.85,.9,.9,.92,.16,.28,.44,.6,.76,.8,.2759,.4271,.5798,.72,.8241,.8558
38,"humayun_tomb",1.0,.7,.75,.8,.825,.84,.16,.2,.4,.52,.68,.76,.2759,.3111,.5217,.6303,.7455,.798
39,"iguazu_falls",.6,.7,.8,.7333,.775,.78,.08,.12,.4,.44,.6,.68,.1412,.2049,.5333,.55,.6764,.7266
40,"iolani_palace",.8,.9,.7,.6333,.675,.64,.16,.24,.4,.52,.64,.72,.2667,.3789,.5091,.5711,.657,.6776
41,"la_mezquita",.8,.9,.85,.7667,.675,.62,.125,.3333,.375,.4167,.5417,.625,.2162,.4865,.5204,.5399,.601,.6225
42,"la_rambla_barcelona",1.0,1.0,.95,.9667,.975,.96,.2,.24,.32,.32,.44,.52,.3333,.3871,.4787,.4808,.6064,.6746
43,"la_sainte_chapelle",1.0,.9,.95,.9667,.95,.96,.2,.36,.6,.68,.72,.84,.3333,.5143,.7355,.7984,.8192,.896
44,"liberty_memorial",.8,.4,.7,.7333,.65,.68,.08,.08,.28,.44,.44,.56,.1455,.1333,.4,.55,.5248,.6142
45,"lincoln_home",1.0,.9,.95,.9667,.875,.7,.2778,.3333,.5556,.6111,.6111,.6111,.4348,.4865,.7011,.7488,.7196,.6525
46,"machu_picchu",1.0,.7,.65,.7,.775,.8,.16,.24,.4,.56,.68,.72,.2759,.3574,.4952,.6222,.7244,.7579
47,"marble_arch_london",.6,.5,.4,.3,.3,.28,.25,.25,.3333,.3333,.5,.5833,.3529,.3333,.3636,.3158,.375,.3784
48,"milan_cathedral",1.0,.9,.75,.8333,.875,.9,.2,.28,.48,.6,.68,.72,.3333,.4271,.5854,.6977,.7653,.8
49,"mole_antonelliana",1.0,.9,.75,.7333,.775,.7,.16,.16,.32,.44,.52,.6,.2759,.2717,.4486,.55,.6224,.6462
50,"mont_saint_michel",.8,.9,.95,.9,.9,.9,.12,.32,.44,.48,.72,.72,.2087,.4721,.6014,.6261,.8,.8
51,"moulin_rouge",.0,.0,.0,.2333,.225,.2,.0,.0,.0,.5,.625,.75,.0,.0,.0,.3182,.3309,.3158
52,"nelson_s_column",.8,.9,.95,.9667,.975,.98,.125,.25,.4583,.5833,.7083,.8333,.2162,.3913,.6183,.7276,.8205,.9007
53,"notre_dame_de_paris",1.0,1.0,1.0,.9667,.875,.82,.2,.24,.44,.56,.6,.64,.3333,.3871,.6111,.7092,.7119,.7189
54,"obelisco",.4,.2,.1,.0667,.15,.28,.0909,.0909,.0909,.0909,.3636,.7273,.1481,.125,.0952,.0769,.2124,.4043
55,"piccadilly_circus",.8,.8,.75,.7667,.8,.74,.1739,.3043,.4348,.5217,.6087,.6957,.2857,.4409,.5505,.6209,.6914,.7171
56,"place_de_la_concorde",1.0,1.0,.95,.9667,.975,.98,.12,.24,.44,.6,.68,.72,.2143,.3871,.6014,.7404,.8012,.8301
57,"place_de_la_republique",.2,.3,.25,.2,.175,.14,.125,.375,.5,.625,.625,.625,.1538,.3333,.3333,.303,.2734,.2288
58,"place_des_vosges",.6,.6,.8,.7667,.725,.74,.08,.12,.36,.52,.64,.68,.1412,.2,.4966,.6197,.6799,.7087
59,"pont_du_gard",.8,.8,.85,.7,.65,.7,.12,.24,.48,.52,.6,.64,.2087,.3692,.6135,.5967,.624,.6687
60,"pont_neuf",1.0,.9,.95,.7,.75,.66,.08,.2,.48,.48,.56,.6,.1481,.3273,.6378,.5695,.6412,.6286
61,"ponte_vecchio",.8,.9,.9,.7333,.65,.64,.125,.25,.4583,.5,.5417,.5833,.2162,.3913,.6074,.5946,.5909,.6104
62,"puerta_de_alcala",.2,.2,.55,.6333,.65,.64,.0526,.1053,.3158,.5263,.6316,.7368,.0833,.1379,.4012,.5749,.6407,.685
63,"puerta_del_sol",.6,.5,.4,.3,.25,.2,.15,.2,.3,.3,.3,.3,.24,.2857,.3429,.3,.2727,.24
64,"red_fort",1.0,1.0,1.0,.9667,.975,.98,.2,.32,.56,.6,.68,.72,.3333,.4848,.7179,.7404,.8012,.8301
65,"reims_cathedral",1.0,1.0,1.0,1.0,1.0,.94,.16,.24,.32,.44,.52,.64,.2759,.3871,.4848,.6111,.6842,.7615
66,"rialto_bridge",.8,.9,.8,.7,.55,.46,.1875,.1875,.5,.5625,.5625,.5625,.3038,.3103,.6154,.6238,.5562,.5061
67,"roman_forum_rome",.8,.8,.7,.6667,.575,.64,.12,.28,.36,.48,.48,.6,.2087,.4148,.4755,.5581,.5232,.6194
68,"sacre_coeur",.4,.6,.65,.6333,.6,.56,.0833,.1667,.3333,.5,.5833,.5833,.1379,.2609,.4407,.5588,.5915,.5714
69,"sagrada_familia",.8,.9,.95,.9667,.95,.96,.16,.24,.44,.52,.56,.64,.2667,.3789,.6014,.6762,.7046,.768
70,"santa_maria_novella",.6,.3,.6,.5667,.575,.6,.12,.12,.28,.36,.4,.56,.2,.1714,.3818,.4403,.4718,.5793
71,"schonbrunn_palace",1.0,1.0,1.0,1.0,1.0,1.0,.16,.36,.48,.6,.64,.64,.2759,.5294,.6486,.75,.7805,.7805
72,"seville_cathedral",.6,.7,.8,.8667,.9,.92,.12,.28,.36,.48,.6,.68,.2,.4,.4966,.6178,.72,.782
73,"spanish_steps",1.0,.8,.75,.7667,.725,.7,.1818,.2273,.4091,.5455,.5909,.5909,.3077,.354,.5294,.6374,.6511,.6408
74,"st__basil_cathedral",1.0,1.0,.85,.8667,.85,.88,.16,.28,.4,.56,.64,.68,.2759,.4375,.544,.6804,.7302,.7672
75,"statue_of_liberty",1.0,1.0,.8,.8,.85,.8,.16,.28,.4,.48,.56,.64,.2759,.4375,.5333,.6,.6752,.7111
76,"stonehenge",.8,.6,.6,.4667,.55,.54,.2105,.2632,.4737,.5263,.6316,.6842,.3333,.3659,.5294,.4947,.588,.6036
77,"summer_palace_beijing",1.0,1.0,.95,.9667,.925,.82,.16,.32,.4,.52,.68,.72,.2759,.4848,.563,.6762,.7838,.7668
78,"sydney_opera_house",1.0,.9,.95,.8,.85,.86,.16,.28,.36,.48,.56,.56,.2759,.4271,.5221,.6,.6752,.6783
79,"teotihuacan",1.0,.8,.7,.7667,.75,.78,.16,.24,.44,.64,.68,.68,.2759,.3692,.5404,.6976,.7133,.7266
80,"terracotta_army",.8,.9,.45,.4667,.575,.62,.15,.3,.3,.35,.65,.75,.2526,.45,.36,.4,.6102,.6788
81,"the_blue_mosque",.8,.9,.95,.9333,.95,.96,.16,.24,.32,.56,.56,.68,.2667,.3789,.4787,.7,.7046,.7961
82,"the_henry_ford",1.0,.9,.65,.7,.7,.74,.16,.24,.32,.44,.6,.68,.2759,.3789,.4289,.5404,.6462,.7087
83,"taj_mahal",.8,.7,.85,.8667,.875,.88,.16,.24,.32,.48,.6,.68,.2667,.3574,.465,.6178,.7119,.7672
84,"tour_montparnasse",.8,.9,.65,.4333,.4,.36,.15,.3,.4,.4,.45,.5,.2526,.45,.4952,.416,.4235,.4186
85,"tower_bridge_london",.8,.8,.7,.6,.575,.56,.08,.24,.44,.48,.52,.56,.1455,.3692,.5404,.5333,.5461,.56
86,"trafalgar_square",.8,.6,.55,.5667,.525,.52,.1818,.2273,.3636,.4545,.5,.5455,.2963,.3297,.4378,.5045,.5122,.5324
87,"leaning_tower_of_pisa",.6,.5,.45,.5,.575,.66,.12,.16,.32,.48,.56,.68,.2,.2424,.374,.4898,.5674,.6699
88,"hermitage_museum_saint_petersburg",1.0,.9,.75,.8333,.825,.84,.16,.24,.44,.6,.6,.64,.2759,.3789,.5546,.6977,.6947,.7265
89,"jantar_mantar_jaipur",.6,.5,.75,.7333,.725,.72,.12,.2,.4,.56,.72,.76,.2,.2857,.5217,.6351,.7225,.7395
90,"lake_titicaca_peru",.6,.6,.35,.4,.5,.5,.0833,.1667,.2083,.2917,.5,.625,.1463,.2609,.2612,.3373,.5,.5556
91,"the_great_wall_of_china",.8,.8,.85,.8667,.75,.76,.16,.24,.44,.52,.56,.64,.2667,.3692,.5798,.65,.6412,.6949
92,"grande_arche_paris",.6,.7,.55,.7,.65,.68,.12,.2,.24,.36,.44,.56,.2,.3111,.3342,.4755,.5248,.6142
93,"el_angel_mexico",1.0,.9,.65,.6667,.625,.52,.2381,.2857,.4286,.619,.6667,.7143,.3846,.4337,.5166,.642,.6452,.6019
94,"bibliotheque_nationale_de_france",.6,.8,.8,.7333,.775,.78,.08,.12,.32,.4,.52,.6,.1412,.2087,.4571,.5176,.6224,.6783
95,"kronborg_castle",.4,.6,.55,.6,.7,.7,.0833,.2083,.375,.5833,.625,.625,.1379,.3093,.4459,.5915,.6604,.6604
96,"ajanta_caves",1.0,.9,.95,.9667,.975,.94,.1818,.2727,.5455,.5455,.6364,.6364,.3077,.4186,.693,.6974,.7701,.7589
97,"atomium",.8,.9,.95,.9333,.95,.9,.1429,.2857,.381,.4286,.5238,.5714,.2424,.4337,.5438,.5874,.6753,.699
98,"ellora_caves",1.0,1.0,.95,.9667,.975,.98,.1364,.2727,.4091,.5,.5455,.5455,.24,.4286,.5719,.6591,.6996,.7008
99,"potala_palace",.8,.9,.9,.8667,.775,.78,.1667,.2222,.2778,.5556,.7222,.7778,.2759,.3564,.4245,.6771,.7477,.7789
100,"jokhang",.8,.8,.8,.8333,.8,.76,.16,.32,.48,.6,.68,.72,.2667,.4571,.6,.6977,.7351,.7395
101,"rila_monastery",.6,.7,.85,.9,.925,.88,.12,.24,.36,.4,.4,.48,.2,.3574,.5058,.5538,.5585,.6212
102,"louvre_pyramid",.8,.9,.9,.9,.925,.88,.1111,.3333,.4444,.5556,.6111,.6667,.1951,.4865,.595,.687,.736,.7586
103,"brooklyn_bridge",.8,.9,.8,.8667,.875,.88,.0952,.2381,.2857,.4762,.5714,.6667,.1702,.3766,.4211,.6147,.6914,.7586
104,"tower_of_london",.8,.8,.8,.8,.725,.76,.087,.2174,.2609,.4783,.5652,.6522,.1569,.3419,.3934,.5986,.6352,.702
105,"british_museum_london",1.0,1.0,1.0,.9667,.975,.94,.1,.2,.4,.5,.55,.65,.1818,.3333,.5714,.6591,.7033,.7686
106,"buckingham_palace",.6,.6,.4,.4,.375,.4,.15,.15,.2,.25,.3,.4,.24,.24,.2667,.3077,.3333,.4
107,"charles_bridge_prague",.8,.9,.6,.5667,.55,.54,.125,.2083,.25,.375,.4583,.5417,.2162,.3383,.3529,.4513,.5,.5408
108,"champs_elysees_paris",.6,.4,.6,.6333,.575,.5,.2,.2667,.4667,.5333,.6667,.6667,.3,.32,.525,.579,.6174,.5714
109,"chrysler_building",1.0,1.0,1.0,1.0,.975,.98,.1429,.3571,.5714,.7857,.7857,.8571,.25,.5263,.7273,.88,.8702,.9145
110,"moma_new_york",.8,.9,.95,.9,.85,.86,.1579,.2105,.4211,.4211,.5263,.5789,.2637,.3412,.5835,.5737,.6501,.692
111,"grand_central_terminal",1.0,1.0,1.0,.9667,.975,.94,.0952,.1429,.2381,.3333,.4286,.4762,.1739,.25,.3846,.4957,.5954,.6321
112,"houses_of_parliament",1.0,1.0,1.0,1.0,.925,.9,.2174,.2609,.3478,.4348,.4783,.5652,.3571,.4138,.5161,.6061,.6305,.6944
113,"alexanderplatz_berlin",.2,.3,.6,.6333,.725,.74,.04,.08,.32,.48,.56,.6,.0667,.1263,.4174,.5461,.6319,.6627
114,"centre_pompidou",1.0,.8,.75,.7,.775,.76,.2778,.2778,.3889,.3889,.7222,.7778,.4348,.4124,.5122,.5,.7477,.7688
115,"sydney_harbour_bridge",1.0,1.0,1.0,1.0,1.0,1.0,.25,.375,.5,.625,.6875,.6875,.4,.5455,.6667,.7692,.8148,.8148
116,"pier_39",1.0,1.0,1.0,.8667,.875,.9,.1905,.2381,.4762,.5714,.619,.7143,.32,.3846,.6452,.6887,.7251,.7965
117,"coit_tower",.8,.8,.55,.7,.65,.72,.2,.2667,.3333,.4667,.5333,.6,.32,.4,.4151,.56,.5859,.6545
118,"st_paul_s_cathedral_london",1.0,1.0,.9,.7667,.775,.74,.2353,.3529,.5294,.5882,.5882,.7647,.381,.5217,.6667,.6657,.6688,.7522
119,"cloud_gate",.6,.8,.45,.5667,.55,.62,.1667,.25,.25,.5833,.5833,.5833,.2609,.381,.3214,.5749,.5662,.6011
120,"musee_d_orsay",1.0,.9,.85,.9,.925,.92,.1429,.1905,.3333,.381,.5238,.5238,.25,.3144,.4789,.5353,.6689,.6675
121,"pike_place_market",1.0,.9,.85,.8,.775,.82,.1905,.3333,.5238,.5238,.5714,.5714,.32,.4865,.6482,.6331,.6578,.6735
122,"royal_palace_madrid",.8,.9,.8,.8333,.875,.88,.1818,.2727,.2727,.5909,.7273,.7727,.2963,.4186,.4068,.6915,.7943,.8229
123,"sony_center_berlin",.8,.9,.95,.9333,.95,.9,.1429,.2381,.381,.4286,.4762,.5238,.2424,.3766,.5438,.5874,.6344,.6622
124,"red_square_moscow",.8,.7,.65,.7,.675,.66,.1429,.1905,.2857,.4286,.5714,.619,.2424,.2995,.3969,.5316,.6189,.6389
125,"prague_castle",1.0,.9,.9,.8667,.85,.82,.16,.32,.48,.48,.64,.72,.2759,.4721,.6261,.6178,.7302,.7668
126,"musee_du_louvre",1.0,1.0,1.0,1.0,1.0,1.0,.2,.28,.48,.68,.72,.76,.3333,.4375,.6486,.8095,.8372,.8636
127,"millennium_bridge_london",.8,.7,.75,.7667,.8,.8,.16,.24,.4,.4,.44,.56,.2667,.3574,.5217,.5257,.5677,.6588
128,"casa_mila",1.0,1.0,.95,.9,.925,.94,.2,.24,.48,.56,.68,.72,.3333,.3871,.6378,.6904,.7838,.8154
129,"national_gallery_london",1.0,1.0,.65,.7333,.725,.64,.1818,.3182,.3636,.5455,.6364,.6364,.3077,.4828,.4664,.6256,.6778,.6382
130,"national_mall",1.0,1.0,1.0,1.0,.975,.86,.2,.28,.48,.68,.84,.92,.3333,.4375,.6486,.8095,.9025,.889
131,"london_city_hall",.8,.9,.95,.9,.825,.72,.2,.35,.45,.6,.7,.75,.32,.504,.6107,.72,.7574,.7347
132,"holocaust_memorial",.8,.9,.75,.6333,.575,.46,.125,.3125,.5,.5625,.75,.75,.2162,.4639,.6,.5958,.6509,.5702
133,"columbus_circle",.6,.7,.7,.5667,.525,.54,.12,.24,.48,.52,.52,.56,.2,.3574,.5695,.5423,.5225,.5498
134,"siegessaeule",1.0,1.0,.8,.7,.525,.48,.16,.24,.44,.52,.52,.52,.2759,.3871,.5677,.5967,.5225,.4992
135,"jardin_du_luxembourg",1.0,1.0,1.0,1.0,.925,.88,.2,.36,.52,.68,.76,.84,.3333,.5294,.6842,.8095,.8344,.8595
136,"merlion_singapore",.0,.1,.15,.3,.4,.46,.0,.0455,.1364,.3182,.4545,.6364,.0,.0625,.1429,.3088,.4255,.534
137,"harrods_london",1.0,1.0,.85,.8667,.9,.92,.16,.32,.44,.56,.64,.72,.2759,.4848,.5798,.6804,.7481,.8078
138,"metropolitan_museum_of_art_new_york",1.0,1.0,.95,.9667,.975,.98,.16,.32,.44,.52,.64,.68,.2759,.4848,.6014,.6762,.7728,.8029
139,"new_york_stock_exchange",.8,.9,.8,.6667,.6,.6,.15,.25,.25,.35,.45,.6,.2526,.3913,.381,.459,.5143,.6
140,"stephansdom_vienna",1.0,1.0,1.0,.9667,.975,.96,.16,.28,.4,.52,.6,.6,.2759,.4375,.5714,.6762,.7429,.7385
141,"hms_belfast",1.0,1.0,1.0,.9,.925,.94,.08,.28,.48,.56,.68,.8,.1481,.4375,.6486,.6904,.7838,.8644
142,"leicester_square",.8,.9,.75,.7333,.725,.72,.08,.16,.28,.4,.44,.52,.1455,.2717,.4078,.5176,.5476,.6039
143,"ciudad_de_las_artes_y_las_ciencias",1.0,.9,.95,.9667,.975,.98,.16,.28,.44,.48,.6,.68,.2759,.4271,.6014,.6415,.7429,.8029
144,"topkapi_palace",.8,.8,.9,.9,.925,.92,.16,.24,.44,.52,.68,.76,.2667,.3692,.591,.6592,.7838,.8324
145,"royal_albert_hall",1.0,.9,.75,.7333,.6,.62,.16,.28,.36,.4,.44,.56,.2759,.4271,.4865,.5176,.5077,.5885
146,"st_vitus_cathedral",1.0,1.0,1.0,1.0,.95,.96,.2,.28,.48,.52,.6,.64,.3333,.4375,.6486,.6842,.7355,.768
147,"castello_sforzesco",1.0,.9,.9,.9333,.9,.92,.12,.24,.44,.56,.68,.68,.2143,.3789,.591,.7,.7747,.782
148,"rijksmuseum_amsterdam",1.0,1.0,1.0,1.0,.95,.96,.12,.12,.32,.48,.48,.76,.2143,.2143,.4848,.6486,.6378,.8484
149,"dam_square",.8,.8,.8,.6667,.575,.62,.08,.24,.32,.44,.44,.6,.1455,.3692,.4571,.5301,.4985,.6098
150,"rathaus_vienna",1.0,1.0,.9,.7,.625,.64,.16,.16,.24,.28,.4,.52,.2759,.2759,.3789,.4,.4878,.5738
151,"bath_abbey",1.0,1.0,.95,.9667,.95,.9,.16,.28,.4,.52,.52,.64,.2759,.4375,.563,.6762,.6721,.7481
152,"salisbury_cathedral",1.0,1.0,1.0,1.0,.95,.92,.16,.2,.4,.52,.56,.6,.2759,.3333,.5714,.6842,.7046,.7263
153,"templo_de_debod",.2,.4,.35,.5,.525,.56,.0455,.1364,.2273,.2273,.4091,.5,.0741,.2034,.2756,.3125,.4599,.5283
154,"Niagara_Falls",.8,.6,.7,.6,.675,.68,.1364,.2273,.3636,.4091,.5909,.6818,.233,.3297,.4786,.4865,.6302,.6809
155,"Golden_Gate_Bridge_in_San_Francisco",1.0,.9,.95,.9667,.975,.96,.1364,.1818,.4545,.5909,.6818,.7273,.24,.3025,.6149,.7335,.8025,.8276
156,"Neuschwanstein_Castle",1.0,1.0,1.0,.9667,.975,.98,.2,.24,.44,.6,.68,.76,.3333,.3871,.6111,.7404,.8012,.8561
157,"Christ_Church_Cathedral_Missouri",1.0,1.0,1.0,.9667,.875,.74,.12,.28,.44,.48,.52,.56,.2143,.4375,.6111,.6415,.6523,.6375
158,"Mount_Rushmore_in_South_Dakota",.8,.9,.95,.9667,.95,.9,.16,.2,.36,.56,.64,.72,.2667,.3273,.5221,.7092,.7648,.8
159,"Puerta_de_Toledo",.2,.1,.05,.0333,.025,.02,.5,.5,.5,.5,.5,.5,.2857,.1667,.0909,.0625,.0476,.0385
160,"Urquhart_Castle",1.0,1.0,.85,.8667,.825,.84,.1667,.3333,.5,.5833,.7083,.8333,.2857,.5,.6296,.6973,.7622,.8367
161,"Gare_du_Nord_Paris",.6,.5,.75,.7667,.7,.64,.08,.16,.2,.28,.36,.48,.1412,.2424,.3158,.4102,.4755,.5486
162,"Newgrange_in_Ireland",.4,.6,.65,.6333,.65,.7,.0833,.2083,.2917,.4167,.5,.5,.1379,.3093,.4027,.5026,.5652,.5833
163,"Windmills_at_Kinderdijk",1.0,1.0,.9,.8667,.825,.86,.16,.24,.4,.48,.56,.64,.2759,.3871,.5538,.6178,.6671,.7339
164,"Conciergerie",1.0,1.0,1.0,1.0,.975,.94,.16,.24,.48,.64,.76,.76,.2759,.3871,.6486,.7805,.8542,.8405
165,"Palazzo_Madama",.8,.7,.7,.7,.625,.66,.1818,.2273,.3636,.4545,.4545,.6364,.2963,.3431,.4786,.5512,.5263,.648
166,"Split_Rock_Lighthouse",1.0,1.0,.9,.8667,.875,.84,.12,.2,.36,.48,.6,.64,.2143,.3333,.5143,.6178,.7119,.7265
167,"The_Little_Mermaid_Denmark",1.0,.9,.9,.7667,.675,.54,.2143,.2857,.7143,.7857,.7857,.7857,.3529,.4337,.7965,.7761,.7262,.6401
168,"Great_Pyramid_of_Giza",.4,.5,.55,.5333,.525,.56,.1333,.3333,.4667,.5333,.5333,.6,.2,.4,.5049,.5333,.5291,.5793
169,"Pitti_Palace",.8,.8,.9,.7333,.675,.58,.1818,.3636,.4545,.5,.5455,.5909,.2963,.5,.604,.5946,.6034,.5854
170,"Georgia_State_Capitol",.8,.9,.5,.3333,.25,.2,.1579,.2632,.2632,.2632,.2632,.2632,.2637,.4072,.3448,.2941,.2564,.2273
171,"Dome_des_Invalides",1.0,1.0,1.0,1.0,1.0,.98,.16,.28,.44,.48,.68,.72,.2759,.4375,.6111,.6486,.8095,.8301
172,"Reggia_di_Caserta",.8,.7,.55,.6667,.575,.64,.16,.28,.36,.48,.56,.64,.2667,.4,.4352,.5581,.5674,.64
173,"The_Burj_al_Arab_Hotel",.8,.7,.85,.8,.825,.86,.16,.24,.32,.44,.52,.64,.2667,.3574,.465,.5677,.6379,.7339
174,"Elephanta_Caves",1.0,1.0,1.0,.9333,.9,.82,.1667,.2917,.5,.5833,.6667,.7083,.2857,.4516,.6667,.7179,.766,.7601
175,"Basilica_of_Santa_Croce",1.0,1.0,1.0,1.0,1.0,1.0,.12,.16,.36,.4,.48,.56,.2143,.2759,.5294,.5714,.6486,.7179
176,"Aachen_Cathedral",1.0,.9,.85,.9,.9,.92,.12,.16,.28,.36,.44,.52,.2143,.2717,.4212,.5143,.591,.6644
177,"Monument_to_the_Great_Fire_of_London",1.0,.7,.45,.5667,.65,.62,.2,.28,.32,.48,.56,.68,.3333,.4,.374,.5197,.6017,.6486
178,"Longmen_Grottoes",.8,.9,.55,.6333,.625,.64,.16,.36,.4,.56,.68,.72,.2667,.5143,.4632,.5944,.6513,.6776
179,"Louisiana_State_Capitol",.4,.4,.3,.2667,.375,.42,.08,.12,.2,.24,.52,.64,.1333,.1846,.24,.2526,.4358,.5072
180,"The_Great_Sphinx_at_Giza",1.0,.9,.85,.8667,.9,.92,.2,.24,.44,.56,.64,.72,.3333,.3789,.5798,.6804,.7481,.8078
181,"Teatro_Real_Madrid",1.0,1.0,.85,.6,.6,.62,.2174,.3478,.5217,.5652,.6957,.7391,.3571,.5161,.6466,.5821,.6443,.6743
182,"Palacio_de_la_Magdalena",.8,.9,.9,.7667,.725,.72,.16,.32,.4,.52,.6,.68,.2667,.4721,.5538,.6197,.6566,.6994
183,"Sowjetisches_Ehrenmal",.6,.5,.65,.7667,.75,.72,.12,.2,.4,.48,.56,.64,.2,.2857,.4952,.5904,.6412,.6776
184,"Cathedral_of_Trier",1.0,1.0,1.0,.9333,.95,.92,.2,.32,.6,.72,.88,.92,.3333,.4848,.75,.8129,.9137,.92
185,"Saint_Mary_of_the_Flower",.0,.0,.05,.1,.275,.36,.0,.0,.04,.12,.32,.36,.0,.0,.0444,.1091,.2958,.36
186,"Skellig_Michael",1.0,.8,.7,.6,.625,.62,.2,.32,.44,.56,.6,.64,.3333,.4571,.5404,.5793,.6122,.6298
187,"Chicago_Board_of_Trade_Building",.8,.9,.9,.7333,.55,.56,.1818,.3182,.4091,.5,.5,.6364,.2963,.4701,.5625,.5946,.5238,.5957
188,"Pont_de_Normandie_France",1.0,1.0,.95,.9667,.825,.74,.2632,.4737,.6316,.7368,.7368,.7895,.4167,.6429,.7587,.8363,.7784,.7639
189,"Palazzo_Rosso",.0,.0,.1,.1,.125,.1,.0,.0,.0833,.125,.2083,.2083,.0,.0,.0909,.1111,.1562,.1351
190,"Piazza_Vittorio_Veneto",1.0,.8,.55,.4333,.525,.48,.1875,.3125,.4375,.5,.75,.8125,.3158,.4494,.4873,.4643,.6176,.6035
191,"Sforza_Castle",1.0,.9,.95,.9667,.975,.94,.2,.32,.44,.6,.64,.64,.3333,.4721,.6014,.7404,.7728,.7615
192,"Torres_KIO",1.0,.9,.9,.9,.8,.78,.16,.28,.4,.52,.64,.72,.2759,.4271,.5538,.6592,.7111,.7488
193,"Torre_Picasso",1.0,1.0,.9,.7333,.75,.78,.1667,.3333,.4583,.5417,.5833,.6667,.2857,.5,.6074,.6231,.6562,.7189
194,"The_Palace_of_Parliament_in_Bucharest",1.0,1.0,1.0,1.0,.975,.92,.16,.2,.28,.44,.64,.68,.2759,.3333,.4375,.6111,.7728,.782
195,"Ernest_Hemingway_House",.8,.9,.9,.8,.775,.78,.12,.2,.32,.44,.52,.64,.2087,.3273,.4721,.5677,.6224,.7031
196,"Castel_dellOvo_Napoli",.6,.8,.9,.8667,.85,.84,.12,.28,.48,.68,.8,.8,.2,.4148,.6261,.7621,.8242,.8195
197,"Villa_Borghese_gardens",1.0,1.0,1.0,1.0,.975,.98,.2,.28,.48,.64,.68,.8,.3333,.4375,.6486,.7805,.8012,.8809
198,"Saint_Marks_Basilica",1.0,1.0,1.0,1.0,1.0,.94,.12,.24,.24,.32,.4,.44,.2143,.3871,.3871,.4848,.5714,.5994
199,"Mausoleum_of_the_First_Qin_Emperor",.8,.9,.7,.7667,.775,.8,.16,.28,.32,.4,.48,.6,.2667,.4271,.4392,.5257,.5928,.6857
200,"Mausoleum_of_Hadrian",1.0,.8,.8,.7333,.625,.5,.1667,.2778,.4444,.5556,.5556,.5556,.2857,.4124,.5714,.6322,.5882,.5263
201,"Piazza_de_Ferrari",1.0,1.0,1.0,.9667,.875,.88,.2105,.2632,.4737,.4737,.5263,.5789,.3478,.4167,.6429,.6358,.6573,.6984
202,"George_Washington_Carver",.6,.7,.65,.5667,.55,.56,.125,.3125,.375,.375,.5,.5625,.2069,.4321,.4756,.4513,.5238,.5612
203,"Cathedral_of_Santiago_de_Compostela",1.0,1.0,.9,.8,.825,.68,.1765,.2353,.5294,.5882,.8235,.8235,.3,.381,.6667,.678,.8243,.7449
204,"Saint-Jacques_Tower",1.0,1.0,.85,.8,.725,.72,.2308,.3077,.3846,.4615,.6154,.6923,.375,.4706,.5296,.5854,.6657,.7059
205,"Calakmul_Campeche_Mexico",1.0,1.0,.95,.9,.8,.78,.2857,.4286,.5714,.5714,.6429,.8571,.4444,.6,.7136,.699,.7129,.8168
206,"Bran_Castle_in_Transylvania",1.0,1.0,.9,.9,.8,.78,.2632,.3158,.3684,.4737,.6316,.7368,.4167,.48,.5228,.6207,.7059,.7578
207,"Mosteiro_da_Batalha",1.0,1.0,1.0,1.0,1.0,1.0,.2105,.3158,.5263,.6842,.7368,.7368,.3478,.48,.6897,.8125,.8485,.8485
208,"Wartburg_Castle",1.0,1.0,.9,.9333,.9,.86,.2,.35,.55,.75,.85,.9,.3333,.5185,.6828,.8317,.8743,.8795
209,"Fujian_Tulou_Fujian_China",1.0,1.0,1.0,1.0,1.0,.96,.1667,.2222,.5,.6111,.6667,.8889,.2857,.3636,.6667,.7586,.8,.9231
210,"Alabama_State_Capitol",.6,.6,.75,.7333,.75,.76,.1429,.2857,.5714,.7143,.7619,.7619,.2308,.3871,.6486,.7237,.7559,.761
211,"Palazzo_dAccursio",.8,.9,.8,.7333,.65,.58,.1667,.2222,.2778,.4444,.5556,.6111,.2759,.3564,.4124,.5535,.5991,.5951
212,"Casa_Grande_Ruins",.8,.8,.8,.8,.775,.76,.1176,.2353,.2941,.4118,.4706,.5294,.2051,.3636,.4301,.5437,.5856,.6241
213,"Stravinsky_Fountain",1.0,1.0,1.0,.9667,.875,.86,.2667,.4,.4667,.4667,.4667,.4667,.4211,.5714,.6364,.6295,.6087,.605
214,"Angel_Falls_Venezuela",.4,.5,.45,.4,.45,.42,.1176,.1176,.2941,.4118,.5294,.5882,.1818,.1905,.3557,.4058,.4865,.4901
215,"Statue_of_George_IV",.6,.5,.55,.5333,.4,.32,.375,.5,.75,.875,.875,.875,.4615,.5,.6346,.6627,.549,.4686
216,"Palacio_Barolo",.8,.8,.9,.9333,.95,.94,.2353,.2941,.4118,.4706,.7647,.8235,.3636,.4301,.565,.6257,.8473,.8779
217,"Bridge_of_Remembrance_Christchurch_New_Zealand",1.0,1.0,1.0,.8,.675,.54,.25,.4167,.8333,.8333,.8333,.8333,.4,.5882,.9091,.8163,.7459,.6553
218,"John_A._Roebling_Suspension_Bridge",.2,.3,.4,.5,.5,.52,.0667,.1333,.4,.5333,.6667,.8,.1,.1846,.4,.5161,.5714,.6303
219,"Blue_Dome_Santorini",1.0,.9,.95,.9667,.875,.86,.3125,.5,.625,.75,.8125,.8125,.4762,.6429,.754,.8447,.8426,.8356
220,"Fossar_de_les_Moreres",.6,.7,.55,.4,.3,.24,.2143,.4286,.5714,.5714,.5714,.5714,.3158,.5316,.5605,.4706,.3934,.338
221,"Luxor_Obelisk_France",1.0,.7,.7,.6667,.725,.74,.1875,.25,.3125,.375,.375,.4375,.3158,.3684,.4321,.48,.4943,.5499
222,"Valle_de_los_Caidos",1.0,.8,.85,.8667,.875,.9,.25,.35,.55,.65,.7,.8,.4,.487,.6679,.7429,.7778,.8471
--------------------
"--","Avg.",P@5,P@10,P@20,P@30,P@40,P@50,CR@5,CR@10,CR@20,CR@30,CR@40,CR@50,F1@5,F1@10,F1@20,F1@30,F1@40,F1@50
,.,8225,.8104,.7827,.7692,.7555,.745,.1563,.2521,.3975,.5061,.5915,.6584,.2578,.3768,.517,.5983,.6498,.6846
