--------------------
"Run name","output_runCN3X3Silhouette"
--------------------
"Average P@20 = ",.7822
"Average CR@20 = ",.398
"Average F1@20 = ",.5175
--------------------
"Query Id ","Location name",P@5,P@10,P@20,P@30,P@40,P@50,CR@5,CR@10,CR@20,CR@30,CR@40,CR@50,F1@5,F1@10,F1@20,F1@30,F1@40,F1@50
1,"angel_of_the_north",1.0,1.0,1.0,1.0,.95,.96,.16,.24,.4,.56,.64,.64,.2759,.3871,.5714,.7179,.7648,.768
2,"big_ben",1.0,1.0,.95,.9,.925,.8,.2273,.2727,.4545,.5,.5455,.5909,.3704,.4286,.6149,.6429,.6862,.6797
3,"hearst_castle",.8,.8,.9,.9,.925,.92,.1667,.2917,.5417,.7083,.8333,.8333,.2759,.4275,.6763,.7927,.8768,.8745
4,"la_madeleine",.0,.1,.4,.4,.35,.32,.0,.0714,.4286,.5714,.6429,.6429,.0,.0833,.4138,.4706,.4532,.4273
5,"pont_alexandre_iii",1.0,.9,.95,.9667,.95,.92,.16,.24,.36,.56,.64,.72,.2759,.3789,.5221,.7092,.7648,.8078
6,"neues_museum",.0,.0,.2,.4667,.6,.68,.0,.0,.12,.36,.56,.68,.0,.0,.15,.4065,.5793,.68
7,"montezuma_castle",.8,.8,.5,.6333,.625,.62,.25,.3333,.4167,.5,.5833,.6667,.381,.4706,.4545,.5588,.6034,.6425
8,"cn_tower",.6,.5,.75,.7333,.7,.62,.125,.2083,.4583,.5833,.625,.7083,.2069,.2941,.569,.6498,.6604,.6612
9,"acropolis_athens",.6,.8,.85,.8667,.875,.84,.0952,.2381,.381,.5238,.5714,.5714,.1644,.367,.5261,.653,.6914,.6802
10,"agra_fort",.8,.9,.9,.9,.9,.88,.16,.32,.52,.6,.76,.76,.2667,.4721,.6592,.72,.8241,.8156
11,"albert_memorial",.8,.9,.7,.7667,.8,.84,.1364,.2273,.3636,.4545,.4545,.6818,.233,.3629,.4786,.5707,.5797,.7527
12,"altes_museum",1.0,.9,.6,.5667,.65,.7,.1667,.25,.375,.5417,.6667,.75,.2857,.3913,.4615,.5539,.6582,.7241
13,"amiens_cathedral",1.0,1.0,1.0,1.0,.975,.98,.16,.36,.56,.68,.72,.84,.2759,.5294,.7179,.8095,.8283,.9046
14,"angkor_wat",.8,.7,.7,.8,.85,.86,.12,.24,.4,.6,.72,.76,.2087,.3574,.5091,.6857,.7796,.8069
15,"ara_pacis",1.0,.9,.65,.7,.6,.64,.2273,.3636,.4545,.6818,.6818,.6818,.3704,.518,.535,.6908,.6383,.6602
16,"arc_de_triomphe",1.0,1.0,.8,.8,.7,.7,.1667,.25,.375,.5417,.5833,.6667,.2857,.4,.5106,.646,.6364,.6829
17,"aztec_ruins",.0,.0,.25,.2,.25,.36,.0,.0,.2,.2,.36,.48,.0,.0,.2222,.2,.2951,.4114
18,"berlin_cathedral",1.0,.9,.95,.9667,.9,.9,.16,.24,.36,.48,.56,.64,.2759,.3789,.5221,.6415,.6904,.7481
19,"bok_tower_gardens",1.0,.7,.85,.8667,.9,.9,.16,.2,.4,.56,.56,.64,.2759,.3111,.544,.6804,.6904,.7481
20,"brandenburg_gate",1.0,1.0,.95,.9667,.975,.9,.16,.16,.28,.44,.56,.64,.2759,.2759,.4325,.6047,.7114,.7481
21,"cabrillo",.4,.3,.2,.2333,.175,.16,.1538,.2308,.3077,.5385,.5385,.6154,.2222,.2609,.2424,.3256,.2642,.254
22,"casa_batllo",1.0,1.0,1.0,1.0,.95,.96,.16,.2,.4,.56,.64,.84,.2759,.3333,.5714,.7179,.7648,.896
23,"casa_rosada",.8,.9,.95,.9333,.95,.92,.16,.2,.48,.56,.64,.68,.2667,.3273,.6378,.7,.7648,.782
24,"castillo_de_san_marcos",.8,.6,.65,.7,.7,.76,.12,.16,.28,.48,.6,.72,.2087,.2526,.3914,.5695,.6462,.7395
25,"chartres_cathedral",1.0,1.0,1.0,.9667,.975,.94,.2,.28,.44,.6,.64,.64,.3333,.4375,.6111,.7404,.7728,.7615
26,"chichen_itza",.8,.9,.85,.9,.925,.92,.16,.28,.4,.52,.64,.72,.2667,.4271,.544,.6592,.7565,.8078
27,"christ_the_redeemer_rio",.6,.8,.45,.4,.425,.44,.0435,.1739,.2174,.3043,.4348,.4783,.0811,.2857,.2932,.3457,.4298,.4583
28,"civic_center_san_francisco",1.0,.9,.9,.8667,.7,.56,.2,.24,.36,.4,.4,.4,.3333,.3789,.5143,.5474,.5091,.4667
29,"cologne_cathedral",1.0,1.0,1.0,1.0,1.0,.96,.12,.28,.36,.48,.56,.68,.2143,.4375,.5294,.6486,.7179,.7961
30,"colosseum",.8,.9,.95,.9667,.875,.9,.12,.24,.48,.6,.64,.72,.2087,.3789,.6378,.7404,.7393,.8
31,"doge_s_palace",1.0,1.0,.75,.8333,.85,.88,.16,.24,.4,.48,.48,.48,.2759,.3871,.5217,.6091,.6135,.6212
32,"eiffel_tower",1.0,1.0,1.0,.9667,.925,.86,.16,.24,.36,.48,.6,.64,.2759,.3871,.5294,.6415,.7279,.7339
33,"golden_gate_bridge",.8,.8,.8,.8667,.75,.78,.1739,.2609,.3913,.5217,.5652,.6522,.2857,.3934,.5255,.6514,.6446,.7104
34,"grand_palais",1.0,.9,.9,.9,.9,.92,.1364,.2273,.3182,.4091,.5,.5909,.24,.3629,.4701,.5625,.6429,.7196
35,"guggenheim_museum_bilbao",1.0,1.0,1.0,.9667,.95,.96,.12,.24,.48,.52,.52,.72,.2143,.3871,.6486,.6762,.6721,.8229
36,"hagia_sophia_istanbul",1.0,1.0,1.0,.9667,.975,.98,.2,.32,.52,.6,.6,.72,.3333,.4848,.6842,.7404,.7429,.8301
37,"hoover_dam",1.0,.9,.95,.9333,.925,.9,.16,.32,.44,.52,.64,.72,.2759,.4721,.6014,.6679,.7565,.8
38,"humayun_tomb",1.0,.8,.75,.8333,.85,.82,.16,.24,.52,.6,.76,.8,.2759,.3692,.6142,.6977,.8025,.8099
39,"iguazu_falls",.6,.8,.85,.7667,.8,.8,.08,.24,.52,.52,.64,.76,.1412,.3692,.6453,.6197,.7111,.7795
40,"iolani_palace",1.0,1.0,.75,.6333,.675,.66,.2,.28,.4,.48,.56,.68,.3333,.4375,.5217,.5461,.6121,.6699
41,"la_mezquita",.8,.8,.8,.7333,.65,.6,.1667,.3333,.4167,.4583,.5833,.7083,.2759,.4706,.5479,.5641,.6149,.6497
42,"la_rambla_barcelona",1.0,1.0,.9,.9333,.925,.9,.16,.24,.32,.48,.52,.56,.2759,.3871,.4721,.634,.6657,.6904
43,"la_sainte_chapelle",1.0,.8,.9,.9333,.925,.94,.2,.28,.48,.6,.72,.8,.3333,.4148,.6261,.7304,.8097,.8644
44,"liberty_memorial",.8,.4,.7,.7333,.625,.66,.08,.08,.32,.48,.48,.56,.1455,.1333,.4392,.5802,.543,.6059
45,"lincoln_home",.8,.8,.85,.8667,.85,.68,.2222,.2778,.5556,.6667,.7222,.7222,.3478,.4124,.6719,.7536,.7809,.7005
46,"machu_picchu",.8,.6,.65,.7,.75,.78,.16,.24,.44,.56,.68,.72,.2667,.3429,.5248,.6222,.7133,.7488
47,"marble_arch_london",.6,.6,.4,.3,.3,.28,.25,.25,.3333,.3333,.5,.5833,.3529,.3529,.3636,.3158,.375,.3784
48,"milan_cathedral",1.0,1.0,.75,.8333,.875,.88,.2,.32,.48,.68,.8,.8,.3333,.4848,.5854,.7489,.8358,.8381
49,"mole_antonelliana",1.0,.9,.75,.7333,.775,.7,.16,.16,.32,.44,.52,.6,.2759,.2717,.4486,.55,.6224,.6462
50,"mont_saint_michel",1.0,1.0,.95,.9333,.95,.92,.16,.36,.44,.48,.68,.72,.2759,.5294,.6014,.634,.7926,.8078
51,"moulin_rouge",.0,.0,.0,.2333,.225,.2,.0,.0,.0,.5,.625,.75,.0,.0,.0,.3182,.3309,.3158
52,"nelson_s_column",.8,.9,.95,.9667,.95,.94,.125,.25,.4583,.5833,.7083,.8333,.2162,.3913,.6183,.7276,.8116,.8835
53,"notre_dame_de_paris",1.0,1.0,1.0,.9667,.875,.82,.2,.24,.44,.56,.6,.64,.3333,.3871,.6111,.7092,.7119,.7189
54,"obelisco",.4,.2,.1,.0667,.1,.26,.0909,.0909,.0909,.0909,.1818,.6364,.1481,.125,.0952,.0769,.129,.3692
55,"piccadilly_circus",1.0,.9,.75,.7667,.775,.72,.2174,.3478,.3913,.4783,.6087,.6957,.3571,.5017,.5143,.5891,.6819,.7076
56,"place_de_la_concorde",1.0,1.0,.95,.9667,.975,.98,.12,.24,.4,.56,.68,.72,.2143,.3871,.563,.7092,.8012,.8301
57,"place_de_la_republique",.2,.3,.25,.2,.175,.14,.125,.375,.5,.625,.625,.625,.1538,.3333,.3333,.303,.2734,.2288
58,"place_des_vosges",.6,.7,.85,.7667,.725,.74,.08,.12,.4,.52,.68,.72,.1412,.2049,.544,.6197,.7018,.7299
59,"pont_du_gard",.6,.8,.85,.7333,.75,.76,.12,.24,.48,.52,.56,.6,.2,.3692,.6135,.6085,.6412,.6706
60,"pont_neuf",1.0,.9,.95,.7,.75,.66,.16,.28,.52,.52,.6,.64,.2759,.4271,.6721,.5967,.6667,.6498
61,"ponte_vecchio",.8,.9,.9,.8,.725,.68,.1667,.2917,.5417,.5417,.625,.7083,.2759,.4406,.6763,.646,.6713,.6939
62,"puerta_de_alcala",.2,.2,.45,.5667,.625,.64,.0526,.1053,.2632,.4737,.5789,.7895,.0833,.1379,.3321,.516,.6011,.7069
63,"puerta_del_sol",.8,.6,.45,.3667,.3,.28,.2,.25,.35,.4,.45,.5,.32,.3529,.3937,.3826,.36,.359
64,"red_fort",1.0,1.0,1.0,.9667,.975,.98,.2,.32,.56,.6,.68,.72,.3333,.4848,.7179,.7404,.8012,.8301
65,"reims_cathedral",1.0,1.0,1.0,1.0,1.0,.94,.16,.24,.36,.44,.52,.64,.2759,.3871,.5294,.6111,.6842,.7615
66,"rialto_bridge",.8,.9,.8,.7667,.65,.52,.1875,.3125,.5,.625,.6875,.6875,.3038,.4639,.6154,.6886,.6682,.5921
67,"roman_forum_rome",.8,.8,.75,.7333,.7,.76,.12,.24,.36,.52,.72,.88,.2087,.3692,.4865,.6085,.7099,.8156
68,"sacre_coeur",.2,.5,.6,.6333,.6,.56,.0417,.1667,.2917,.5,.5833,.5833,.069,.25,.3925,.5588,.5915,.5714
69,"sagrada_familia",.8,.9,.95,.9667,.95,.96,.16,.24,.4,.48,.56,.64,.2667,.3789,.563,.6415,.7046,.768
70,"santa_maria_novella",.8,.4,.65,.5667,.575,.62,.16,.16,.36,.44,.48,.68,.2667,.2286,.4634,.4954,.5232,.6486
71,"schonbrunn_palace",1.0,1.0,1.0,1.0,1.0,1.0,.2,.4,.48,.56,.72,.72,.3333,.5714,.6486,.7179,.8372,.8372
72,"seville_cathedral",.6,.7,.8,.8667,.9,.92,.12,.24,.36,.52,.64,.68,.2,.3574,.4966,.65,.7481,.782
73,"spanish_steps",1.0,.8,.65,.6333,.575,.56,.1818,.2273,.3636,.4545,.5455,.6364,.3077,.354,.4664,.5292,.5598,.5957
74,"st__basil_cathedral",1.0,1.0,.85,.8667,.85,.88,.2,.32,.44,.56,.64,.64,.3333,.4848,.5798,.6804,.7302,.7411
75,"statue_of_liberty",1.0,1.0,.8,.8,.85,.8,.16,.28,.4,.48,.56,.6,.2759,.4375,.5333,.6,.6752,.6857
76,"stonehenge",1.0,.7,.65,.5,.55,.54,.2105,.2632,.4737,.5263,.6316,.6842,.3478,.3825,.548,.5128,.588,.6036
77,"summer_palace_beijing",.8,.9,.9,.9333,.9,.88,.08,.28,.36,.48,.6,.68,.1455,.4271,.5143,.634,.72,.7672
78,"sydney_opera_house",1.0,.9,.95,.8,.85,.88,.16,.28,.36,.48,.56,.6,.2759,.4271,.5221,.6,.6752,.7135
79,"teotihuacan",1.0,.8,.7,.7667,.75,.78,.16,.24,.4,.6,.64,.64,.2759,.3692,.5091,.6732,.6906,.7031
80,"terracotta_army",.8,.9,.45,.5,.55,.6,.15,.3,.3,.35,.6,.7,.2526,.45,.36,.4118,.5739,.6462
81,"the_blue_mosque",.8,.9,.95,.9333,.95,.96,.16,.24,.36,.6,.64,.64,.2667,.3789,.5221,.7304,.7648,.768
82,"the_henry_ford",.8,.8,.6,.6667,.675,.7,.12,.2,.28,.44,.6,.68,.2087,.32,.3818,.5301,.6353,.6899
83,"taj_mahal",1.0,.8,.9,.9,.9,.9,.16,.28,.32,.52,.56,.68,.2759,.4148,.4721,.6592,.6904,.7747
84,"tour_montparnasse",.6,.8,.65,.4333,.4,.36,.15,.3,.35,.35,.4,.45,.24,.4364,.455,.3872,.4,.4
85,"tower_bridge_london",.6,.7,.65,.6,.55,.56,.08,.2,.4,.48,.52,.56,.1412,.3111,.4952,.5333,.5346,.56
86,"trafalgar_square",.8,.6,.45,.4,.45,.44,.1818,.2727,.3182,.3182,.3636,.4091,.2963,.375,.3728,.3544,.4022,.424
87,"leaning_tower_of_pisa",.8,.6,.5,.5333,.6,.68,.16,.2,.28,.48,.52,.64,.2667,.3,.359,.5053,.5571,.6594
88,"hermitage_museum_saint_petersburg",1.0,.9,.8,.8667,.875,.88,.2,.2,.32,.56,.64,.64,.3333,.3273,.4571,.6804,.7393,.7411
89,"jantar_mantar_jaipur",.8,.6,.8,.7667,.75,.74,.16,.24,.44,.56,.72,.76,.2667,.3429,.5677,.6472,.7347,.7499
90,"lake_titicaca_peru",.8,.7,.4,.5,.5,.5,.125,.2083,.25,.4167,.5,.625,.2162,.3211,.3077,.4545,.5,.5556
91,"the_great_wall_of_china",1.0,.9,.9,.9333,.775,.8,.2,.28,.44,.52,.56,.6,.3333,.4271,.591,.6679,.6502,.6857
92,"grande_arche_paris",.4,.6,.55,.7,.65,.68,.08,.2,.24,.36,.52,.6,.1333,.3,.3342,.4755,.5778,.6375
93,"el_angel_mexico",.8,.8,.6,.6,.575,.48,.1905,.2381,.3333,.5714,.619,.6667,.3077,.367,.4286,.5854,.5962,.5581
94,"bibliotheque_nationale_de_france",.6,.7,.7,.7,.775,.76,.08,.12,.24,.36,.56,.64,.1412,.2049,.3574,.4755,.6502,.6949
95,"kronborg_castle",.6,.7,.7,.7,.775,.78,.125,.25,.375,.5,.5833,.625,.2069,.3684,.4884,.5833,.6656,.694
96,"ajanta_caves",1.0,.9,.95,.9667,.975,.94,.1818,.2273,.5,.5909,.6818,.6818,.3077,.3629,.6552,.7335,.8025,.7904
97,"atomium",.8,.9,.95,.9333,.925,.88,.1429,.2857,.3333,.381,.5238,.619,.2424,.4337,.4935,.5411,.6689,.7268
98,"ellora_caves",1.0,1.0,.95,.9333,.95,.96,.1364,.2273,.4545,.5909,.5909,.6364,.24,.3704,.6149,.7237,.7286,.7654
99,"potala_palace",.8,.9,.9,.8333,.7,.72,.2222,.2778,.3889,.4444,.4444,.5556,.3478,.4245,.5431,.5797,.5437,.6272
100,"jokhang",.8,.8,.85,.8333,.8,.76,.16,.32,.56,.76,.76,.8,.2667,.4571,.6752,.795,.7795,.7795
101,"rila_monastery",.6,.7,.85,.9,.925,.94,.12,.2,.36,.4,.44,.48,.2,.3111,.5058,.5538,.5963,.6355
102,"louvre_pyramid",.8,.9,.85,.8667,.9,.84,.0556,.3333,.4444,.5,.5,.5556,.1039,.4865,.5837,.6341,.6429,.6688
103,"brooklyn_bridge",1.0,1.0,.85,.9,.9,.9,.1429,.2857,.3333,.5238,.619,.6667,.25,.4444,.4789,.6622,.7335,.766
104,"tower_of_london",.8,.8,.7,.7,.625,.66,.087,.2174,.2174,.3478,.4348,.5652,.1569,.3419,.3318,.4647,.5128,.6089
105,"british_museum_london",1.0,1.0,1.0,.9667,.975,.96,.15,.25,.5,.6,.6,.7,.2609,.4,.6667,.7404,.7429,.8096
106,"buckingham_palace",.8,.7,.4,.3667,.3,.32,.2,.2,.2,.3,.35,.4,.32,.3111,.2667,.33,.3231,.3556
107,"charles_bridge_prague",1.0,1.0,.65,.5667,.475,.5,.125,.2083,.2917,.3333,.375,.5,.2222,.3448,.4027,.4198,.4191,.5
108,"champs_elysees_paris",.6,.4,.6,.6,.55,.48,.1333,.2,.4667,.4667,.6,.6,.2182,.2667,.525,.525,.5739,.5333
109,"chrysler_building",1.0,1.0,1.0,1.0,.975,.98,.2143,.4286,.5714,.7857,.9286,.9286,.3529,.6,.7273,.88,.9512,.9536
110,"moma_new_york",.8,.9,.95,.9333,.85,.88,.1579,.2632,.4211,.4211,.4211,.5789,.2637,.4072,.5835,.5803,.5631,.6984
111,"grand_central_terminal",1.0,1.0,1.0,.9667,.975,.94,.1429,.1905,.3333,.5238,.5714,.619,.25,.32,.5,.6794,.7206,.7465
112,"houses_of_parliament",1.0,1.0,1.0,1.0,.925,.88,.2174,.3043,.3478,.4348,.4783,.5217,.3571,.4667,.5161,.6061,.6305,.6551
113,"alexanderplatz_berlin",.2,.3,.6,.6333,.7,.66,.04,.08,.32,.4,.48,.52,.0667,.1263,.4174,.4903,.5695,.5817
114,"centre_pompidou",.8,.7,.7,.6667,.75,.74,.2222,.2222,.3333,.3889,.7222,.7778,.3478,.3373,.4516,.4912,.7358,.7584
115,"sydney_harbour_bridge",1.0,1.0,1.0,1.0,1.0,1.0,.25,.4375,.5,.625,.6875,.75,.4,.6087,.6667,.7692,.8148,.8571
116,"pier_39",1.0,1.0,1.0,.8667,.875,.9,.1905,.2381,.4762,.5714,.619,.7143,.32,.3846,.6452,.6887,.7251,.7965
117,"coit_tower",.8,.7,.55,.6667,.65,.7,.1333,.2,.3333,.4,.4667,.5333,.2286,.3111,.4151,.5,.5433,.6054
118,"st_paul_s_cathedral_london",.8,.9,.85,.8,.8,.76,.1765,.2941,.5882,.7647,.7647,.8235,.2892,.4433,.6953,.782,.782,.7905
119,"cloud_gate",.4,.7,.5,.6667,.675,.72,.1667,.25,.3333,.5,.5,.5,.2353,.3684,.4,.5714,.5745,.5902
120,"musee_d_orsay",1.0,.9,.95,.9333,.925,.92,.1429,.2857,.4762,.5714,.6667,.7619,.25,.4337,.6344,.7089,.7749,.8335
121,"pike_place_market",1.0,.9,.85,.8,.775,.82,.1905,.3333,.4762,.5238,.5714,.619,.32,.4865,.6104,.6331,.6578,.7055
122,"royal_palace_madrid",.8,.9,.85,.8333,.875,.88,.1364,.2273,.2727,.5455,.7273,.7727,.233,.3629,.413,.6593,.7943,.8229
123,"sony_center_berlin",.8,.9,.95,.9333,.95,.9,.1905,.2381,.381,.4762,.5238,.5714,.3077,.3766,.5438,.6306,.6753,.699
124,"red_square_moscow",.8,.7,.65,.7667,.725,.7,.1429,.1905,.2857,.4286,.5714,.619,.2424,.2995,.3969,.5498,.6391,.657
125,"prague_castle",1.0,.9,.9,.8667,.825,.82,.16,.32,.48,.52,.64,.72,.2759,.4721,.6261,.65,.7208,.7668
126,"musee_du_louvre",1.0,1.0,1.0,1.0,1.0,1.0,.2,.28,.44,.64,.68,.72,.3333,.4375,.6111,.7805,.8095,.8372
127,"millennium_bridge_london",.8,.7,.8,.8,.825,.76,.16,.24,.36,.4,.52,.52,.2667,.3574,.4966,.5333,.6379,.6175
128,"casa_mila",1.0,1.0,1.0,.9333,.925,.94,.2,.28,.48,.48,.56,.6,.3333,.4375,.6486,.634,.6976,.7325
129,"national_gallery_london",1.0,1.0,.65,.7333,.7,.62,.1818,.3182,.3636,.5455,.6364,.6364,.3077,.4828,.4664,.6256,.6667,.6281
130,"national_mall",1.0,1.0,.9,.8,.8,.72,.2,.36,.44,.56,.64,.72,.3333,.5294,.591,.6588,.7111,.72
131,"london_city_hall",1.0,1.0,.95,.9,.85,.68,.2,.35,.45,.6,.7,.7,.3333,.5185,.6107,.72,.7677,.6899
132,"holocaust_memorial",.8,.7,.6,.5333,.5,.4,.1875,.25,.4375,.5,.625,.625,.3038,.3684,.506,.5161,.5556,.4878
133,"columbus_circle",.4,.7,.65,.5667,.55,.5,.08,.24,.44,.44,.52,.6,.1333,.3574,.5248,.4954,.5346,.5455
134,"siegessaeule",1.0,1.0,.85,.7,.55,.5,.16,.24,.48,.56,.56,.56,.2759,.3871,.6135,.6222,.555,.5283
135,"jardin_du_luxembourg",1.0,1.0,1.0,1.0,.975,.92,.16,.32,.48,.64,.72,.8,.2759,.4848,.6486,.7805,.8283,.8558
136,"merlion_singapore",.2,.2,.3,.3667,.45,.5,.0455,.0455,.2273,.3182,.5,.6364,.0741,.0741,.2586,.3407,.4737,.56
137,"harrods_london",1.0,1.0,.85,.8667,.9,.92,.12,.28,.4,.52,.64,.76,.2143,.4375,.544,.65,.7481,.8324
138,"metropolitan_museum_of_art_new_york",1.0,1.0,.95,.9667,.975,.98,.16,.32,.48,.56,.68,.76,.2759,.4848,.6378,.7092,.8012,.8561
139,"new_york_stock_exchange",1.0,1.0,.85,.7,.575,.58,.2,.3,.3,.4,.45,.55,.3333,.4615,.4435,.5091,.5049,.5646
140,"stephansdom_vienna",1.0,1.0,1.0,.9667,.975,.96,.12,.24,.36,.52,.6,.64,.2143,.3871,.5294,.6762,.7429,.768
141,"hms_belfast",1.0,1.0,1.0,.9,.925,.92,.12,.32,.52,.6,.72,.84,.2143,.4848,.6842,.72,.8097,.8782
142,"leicester_square",.8,.9,.75,.7333,.725,.7,.08,.16,.28,.4,.48,.56,.1455,.2717,.4078,.5176,.5776,.6222
143,"ciudad_de_las_artes_y_las_ciencias",1.0,.9,.95,.9667,.975,.98,.16,.28,.48,.52,.64,.68,.2759,.4271,.6378,.6762,.7728,.8029
144,"topkapi_palace",1.0,.9,.95,.9,.925,.94,.16,.24,.44,.48,.64,.76,.2759,.3789,.6014,.6261,.7565,.8405
145,"royal_albert_hall",.8,.8,.7,.7,.575,.6,.12,.24,.32,.36,.4,.56,.2087,.3692,.4392,.4755,.4718,.5793
146,"st_vitus_cathedral",1.0,1.0,1.0,1.0,.95,.96,.2,.28,.48,.52,.6,.64,.3333,.4375,.6486,.6842,.7355,.768
147,"castello_sforzesco",1.0,.9,.9,.9333,.9,.92,.12,.2,.36,.48,.6,.6,.2143,.3273,.5143,.634,.72,.7263
148,"rijksmuseum_amsterdam",1.0,1.0,1.0,1.0,.95,.96,.16,.16,.32,.48,.48,.76,.2759,.2759,.4848,.6486,.6378,.8484
149,"dam_square",.8,.8,.8,.6667,.575,.62,.08,.24,.32,.44,.48,.6,.1455,.3692,.4571,.5301,.5232,.6098
150,"rathaus_vienna",.8,.9,.85,.6667,.6,.58,.12,.12,.2,.28,.4,.44,.2087,.2118,.3238,.3944,.48,.5004
151,"bath_abbey",.8,.9,.9,.9333,.925,.9,.16,.28,.4,.52,.52,.64,.2667,.4271,.5538,.6679,.6657,.7481
152,"salisbury_cathedral",1.0,1.0,1.0,1.0,1.0,.96,.16,.24,.4,.48,.48,.52,.2759,.3871,.5714,.6486,.6486,.6746
153,"templo_de_debod",.2,.3,.25,.5,.45,.5,.0455,.0909,.1364,.2727,.3182,.4091,.0741,.1395,.1765,.3529,.3728,.45
154,"Niagara_Falls",.6,.5,.65,.6667,.7,.64,.0909,.1818,.3182,.5,.5909,.6364,.1579,.2667,.4272,.5714,.6408,.6382
155,"Golden_Gate_Bridge_in_San_Francisco",1.0,.9,.95,.9667,.975,.96,.0909,.1364,.4091,.5455,.6364,.6818,.1667,.2368,.5719,.6974,.7701,.7973
156,"Neuschwanstein_Castle",1.0,1.0,1.0,.9667,.975,.98,.16,.24,.44,.6,.68,.76,.2759,.3871,.6111,.7404,.8012,.8561
157,"Christ_Church_Cathedral_Missouri",.8,.9,.95,.9667,.9,.76,.12,.28,.44,.52,.52,.52,.2087,.4271,.6014,.6762,.6592,.6175
158,"Mount_Rushmore_in_South_Dakota",.8,.9,.95,.9667,.975,.9,.16,.24,.36,.56,.64,.68,.2667,.3789,.5221,.7092,.7728,.7747
159,"Puerta_de_Toledo",.2,.1,.05,.0333,.025,.02,.5,.5,.5,.5,.5,.5,.2857,.1667,.0909,.0625,.0476,.0385
160,"Urquhart_Castle",1.0,.8,.75,.8333,.85,.86,.1667,.2917,.5417,.6667,.7083,.7917,.2857,.4275,.629,.7407,.7727,.8244
161,"Gare_du_Nord_Paris",.6,.7,.8,.8333,.775,.72,.08,.2,.28,.32,.44,.48,.1412,.3111,.4148,.4624,.5613,.576
162,"Newgrange_in_Ireland",.6,.7,.7,.6,.625,.7,.125,.25,.3333,.4167,.4583,.5417,.2069,.3684,.4516,.4918,.5288,.6107
163,"Windmills_at_Kinderdijk",1.0,.9,.85,.8667,.875,.9,.16,.32,.4,.44,.56,.64,.2759,.4721,.544,.5837,.6829,.7481
164,"Conciergerie",1.0,1.0,1.0,1.0,.975,.94,.12,.24,.48,.64,.76,.76,.2143,.3871,.6486,.7805,.8542,.8405
165,"Palazzo_Madama",1.0,.8,.8,.8,.65,.64,.2273,.2727,.4091,.5,.5,.7273,.3704,.4068,.5414,.6154,.5652,.6809
166,"Split_Rock_Lighthouse",1.0,1.0,.95,.9333,.9,.86,.12,.2,.28,.44,.56,.6,.2143,.3333,.4325,.5981,.6904,.7068
167,"The_Little_Mermaid_Denmark",.8,.9,.95,.8333,.725,.58,.2143,.2857,.6429,.7143,.7143,.7143,.338,.4337,.7668,.7692,.7196,.6402
168,"Great_Pyramid_of_Giza",.4,.5,.5,.5,.5,.56,.1333,.3333,.4667,.6667,.6667,.6667,.2,.4,.4828,.5714,.5714,.6087
169,"Pitti_Palace",.8,.8,.9,.7333,.675,.58,.1818,.3636,.4545,.5,.5455,.5909,.2963,.5,.604,.5946,.6034,.5854
170,"Georgia_State_Capitol",.8,.9,.5,.3333,.25,.2,.1579,.2632,.2632,.2632,.2632,.2632,.2637,.4072,.3448,.2941,.2564,.2273
171,"Dome_des_Invalides",1.0,1.0,1.0,1.0,1.0,.96,.16,.24,.4,.48,.64,.68,.2759,.3871,.5714,.6486,.7805,.7961
172,"Reggia_di_Caserta",.8,.7,.6,.6667,.6,.66,.16,.28,.44,.48,.56,.64,.2667,.4,.5077,.5581,.5793,.6498
173,"The_Burj_al_Arab_Hotel",.8,.7,.8,.7667,.75,.8,.16,.24,.36,.48,.56,.6,.2667,.3574,.4966,.5904,.6412,.6857
174,"Elephanta_Caves",1.0,1.0,1.0,.9333,.9,.82,.1667,.3333,.5,.5833,.6667,.7083,.2857,.5,.6667,.7179,.766,.7601
175,"Basilica_of_Santa_Croce",1.0,1.0,1.0,1.0,1.0,1.0,.12,.16,.36,.4,.56,.64,.2143,.2759,.5294,.5714,.7179,.7805
176,"Aachen_Cathedral",1.0,.9,.95,.9667,.975,.96,.16,.2,.44,.48,.64,.68,.2759,.3273,.6014,.6415,.7728,.7961
177,"Monument_to_the_Great_Fire_of_London",1.0,.7,.45,.5667,.65,.62,.2,.28,.32,.48,.56,.68,.3333,.4,.374,.5197,.6017,.6486
178,"Longmen_Grottoes",.8,.9,.55,.6333,.625,.62,.16,.32,.36,.52,.6,.68,.2667,.4721,.4352,.5711,.6122,.6486
179,"Louisiana_State_Capitol",.4,.2,.3,.2333,.375,.36,.08,.08,.2,.24,.56,.56,.1333,.1143,.24,.2366,.4492,.4383
180,"The_Great_Sphinx_at_Giza",1.0,.8,.85,.8667,.9,.92,.16,.2,.48,.6,.68,.72,.2759,.32,.6135,.7091,.7747,.8078
181,"Teatro_Real_Madrid",.8,.9,.85,.5667,.575,.6,.1739,.3478,.5652,.5652,.6522,.7391,.2857,.5017,.679,.5659,.6112,.6623
182,"Palacio_de_la_Magdalena",.8,.9,.85,.8333,.775,.74,.16,.32,.4,.52,.6,.68,.2667,.4721,.544,.6404,.6764,.7087
183,"Sowjetisches_Ehrenmal",.6,.5,.65,.7667,.75,.74,.12,.2,.4,.52,.6,.72,.2,.2857,.4952,.6197,.6667,.7299
184,"Cathedral_of_Trier",1.0,1.0,1.0,.9333,.95,.92,.2,.32,.6,.72,.84,.88,.3333,.4848,.75,.8129,.8916,.8996
185,"Saint_Mary_of_the_Flower",.2,.1,.1,.1333,.3,.38,.04,.04,.04,.12,.32,.36,.0667,.0571,.0571,.1263,.3097,.3697
186,"Skellig_Michael",1.0,.8,.8,.7333,.675,.66,.2,.28,.48,.52,.6,.6,.3333,.4148,.6,.6085,.6353,.6286
187,"Chicago_Board_of_Trade_Building",.8,.9,.9,.7333,.55,.56,.1818,.3182,.4091,.5,.5,.6364,.2963,.4701,.5625,.5946,.5238,.5957
188,"Pont_de_Normandie_France",1.0,1.0,.95,.9333,.875,.78,.2105,.4211,.5789,.6842,.8947,.8947,.3478,.5926,.7194,.7896,.8848,.8334
189,"Palazzo_Rosso",.0,.0,.05,.1667,.15,.12,.0,.0,.0417,.1667,.2083,.2083,.0,.0,.0455,.1667,.1744,.1523
190,"Piazza_Vittorio_Veneto",1.0,.7,.35,.3667,.4,.36,.25,.375,.375,.375,.625,.75,.4,.4884,.3621,.3708,.4878,.4865
191,"Sforza_Castle",.8,.9,.9,.9333,.925,.92,.16,.24,.32,.44,.56,.6,.2667,.3789,.4721,.5981,.6976,.7263
192,"Torres_KIO",1.0,.9,.9,.9,.8,.78,.16,.28,.4,.56,.64,.72,.2759,.4271,.5538,.6904,.7111,.7488
193,"Torre_Picasso",1.0,1.0,.95,.7667,.775,.8,.1667,.2917,.4583,.5417,.5833,.6667,.2857,.4516,.6183,.6348,.6656,.7273
194,"The_Palace_of_Parliament_in_Bucharest",1.0,1.0,1.0,1.0,.975,.92,.12,.16,.28,.44,.64,.68,.2143,.2759,.4375,.6111,.7728,.782
195,"Ernest_Hemingway_House",1.0,1.0,.95,.8333,.8,.8,.16,.24,.36,.48,.56,.68,.2759,.3871,.5221,.6091,.6588,.7351
196,"Castel_dellOvo_Napoli",.6,.8,.9,.8667,.85,.84,.12,.28,.48,.68,.8,.8,.2,.4148,.6261,.7621,.8242,.8195
197,"Villa_Borghese_gardens",1.0,1.0,1.0,1.0,.975,.98,.16,.28,.48,.56,.6,.68,.2759,.4375,.6486,.7179,.7429,.8029
198,"Saint_Marks_Basilica",1.0,1.0,1.0,1.0,1.0,.9,.16,.24,.24,.28,.4,.48,.2759,.3871,.3871,.4375,.5714,.6261
199,"Mausoleum_of_the_First_Qin_Emperor",.8,.9,.7,.7667,.775,.78,.16,.28,.32,.4,.48,.6,.2667,.4271,.4392,.5257,.5928,.6783
200,"Mausoleum_of_Hadrian",.8,.7,.85,.7667,.6,.48,.1111,.2222,.4444,.5556,.5556,.5556,.1951,.3373,.5837,.6443,.5769,.515
201,"Piazza_de_Ferrari",1.0,1.0,1.0,.9667,.925,.92,.2105,.2632,.4737,.4737,.5789,.6842,.3478,.4167,.6429,.6358,.7122,.7848
202,"George_Washington_Carver",.4,.7,.7,.7,.6,.64,.125,.25,.5,.625,.625,.75,.1905,.3684,.5833,.6604,.6122,.6906
203,"Cathedral_of_Santiago_de_Compostela",.8,.9,.85,.7667,.8,.7,.1176,.1765,.4706,.5294,.8235,.8235,.2051,.2951,.6058,.6263,.8116,.7568
204,"Saint-Jacques_Tower",1.0,.9,.85,.7667,.725,.72,.1538,.2308,.3077,.4615,.5385,.6923,.2667,.3673,.4518,.5762,.618,.7059
205,"Calakmul_Campeche_Mexico",.8,.9,.9,.8667,.775,.76,.2143,.3571,.5,.5714,.6429,.8571,.338,.5114,.6429,.6887,.7028,.8057
206,"Bran_Castle_in_Transylvania",1.0,1.0,.9,.9,.8,.78,.2632,.3158,.4211,.5263,.6316,.7368,.4167,.48,.5737,.6642,.7059,.7578
207,"Mosteiro_da_Batalha",1.0,1.0,1.0,1.0,1.0,1.0,.2105,.3158,.4737,.5263,.5789,.6316,.3478,.48,.6429,.6897,.7333,.7742
208,"Wartburg_Castle",1.0,.9,.9,.9333,.95,.88,.2,.35,.5,.7,.75,.75,.3333,.504,.6429,.8,.8382,.8098
209,"Fujian_Tulou_Fujian_China",1.0,1.0,1.0,1.0,1.0,.96,.2222,.2778,.5556,.6111,.6667,.8889,.3636,.4348,.7143,.7586,.8,.9231
210,"Alabama_State_Capitol",.4,.6,.75,.7333,.75,.76,.0952,.2857,.5238,.619,.6667,.6667,.1538,.3871,.6168,.6714,.7059,.7103
211,"Palazzo_dAccursio",.8,.9,.8,.7333,.65,.58,.1667,.2222,.2778,.4444,.5556,.6111,.2759,.3564,.4124,.5535,.5991,.5951
212,"Casa_Grande_Ruins",.8,.8,.8,.8333,.8,.78,.1765,.2941,.3529,.4118,.4706,.5294,.2892,.4301,.4898,.5512,.5926,.6307
213,"Stravinsky_Fountain",1.0,1.0,1.0,.9333,.775,.74,.2,.3333,.4667,.5333,.5333,.5333,.3333,.5,.6364,.6788,.6318,.6199
214,"Angel_Falls_Venezuela",.6,.6,.5,.5667,.575,.54,.1765,.1765,.3529,.6471,.7059,.7059,.2727,.2727,.4138,.6042,.6338,.6119
215,"Statue_of_George_IV",.8,.6,.5,.5,.375,.3,.5,.5,.625,.75,.75,.75,.6154,.5455,.5556,.6,.5,.4286
216,"Palacio_Barolo",.8,.8,.9,.9333,.95,.94,.1765,.2353,.4118,.5294,.7059,.8235,.2892,.3636,.565,.6756,.8099,.8779
217,"Bridge_of_Remembrance_Christchurch_New_Zealand",1.0,1.0,.95,.7333,.625,.5,.3333,.5,.8333,.8333,.8333,.8333,.5,.6667,.8879,.7801,.7143,.625
218,"John_A._Roebling_Suspension_Bridge",.2,.3,.4,.5,.5,.52,.0667,.1333,.4,.5333,.6667,.8,.1,.1846,.4,.5161,.5714,.6303
219,"Blue_Dome_Santorini",1.0,.9,.95,.9667,.9,.92,.25,.4375,.5625,.75,.8125,.875,.4,.5888,.7066,.8447,.854,.8969
220,"Fossar_de_les_Moreres",.6,.7,.5,.3667,.275,.22,.2143,.4286,.5714,.5714,.5714,.5714,.3158,.5316,.5333,.4467,.3713,.3177
221,"Luxor_Obelisk_France",1.0,.7,.7,.6667,.725,.74,.1875,.25,.3125,.375,.375,.4375,.3158,.3684,.4321,.48,.4943,.5499
222,"Valle_de_los_Caidos",1.0,.8,.9,.9,.875,.9,.25,.35,.55,.65,.65,.8,.4,.487,.6828,.7548,.7459,.8471
--------------------
"--","Avg.",P@5,P@10,P@20,P@30,P@40,P@50,CR@5,CR@10,CR@20,CR@30,CR@40,CR@50,F1@5,F1@10,F1@20,F1@30,F1@40,F1@50
,.,8198,.8068,.7822,.7727,.7563,.743,.1562,.2528,.398,.5067,.5895,.657,.2575,.3777,.5175,.6004,.6495,.6831
