--------------------
"Run name","output_runACCXBIndex"
--------------------
"Average P@20 = ",.7748
"Average CR@20 = ",.4186
"Average F1@20 = ",.5331
--------------------
"Query Id ","Location name",P@5,P@10,P@20,P@30,P@40,P@50,CR@5,CR@10,CR@20,CR@30,CR@40,CR@50,F1@5,F1@10,F1@20,F1@30,F1@40,F1@50
1,"angel_of_the_north",1.0,1.0,1.0,1.0,1.0,.98,.16,.32,.44,.52,.56,.64,.2759,.4848,.6111,.6842,.7179,.7743
2,"big_ben",.8,.8,.75,.7667,.825,.76,.1818,.3182,.4545,.5,.5455,.5455,.2963,.4553,.566,.6053,.6567,.6351
3,"hearst_castle",1.0,.9,.9,.9,.925,.94,.2083,.2917,.5833,.6667,.875,.9167,.3448,.4406,.7079,.766,.8993,.9282
4,"la_madeleine",.2,.4,.35,.3667,.375,.34,.0714,.2857,.4286,.5714,.7143,.7857,.1053,.3333,.3853,.4467,.4918,.4746
5,"pont_alexandre_iii",1.0,1.0,1.0,1.0,.975,.96,.2,.32,.4,.68,.72,.76,.3333,.4848,.5714,.8095,.8283,.8484
6,"neues_museum",.2,.3,.5,.4667,.5,.56,.04,.12,.28,.36,.52,.6,.0667,.1714,.359,.4065,.5098,.5793
7,"montezuma_castle",.4,.6,.7,.7,.7,.68,.1667,.3333,.4167,.5,.8333,.8333,.2353,.4286,.5224,.5833,.7609,.7489
8,"cn_tower",.8,.9,.75,.8,.775,.72,.125,.25,.375,.625,.7083,.7083,.2162,.3913,.5,.7018,.7402,.7141
9,"acropolis_athens",.8,.9,.8,.8667,.775,.76,.1905,.381,.4286,.4286,.5238,.5238,.3077,.5353,.5581,.5735,.6251,.6202
10,"agra_fort",1.0,.8,.9,.8667,.875,.88,.16,.24,.56,.68,.8,.92,.2759,.3692,.6904,.7621,.8358,.8996
11,"albert_memorial",.6,.6,.7,.7,.75,.78,.0455,.1364,.2727,.4545,.5,.6364,.0845,.2222,.3925,.5512,.6,.7009
12,"altes_museum",.4,.7,.75,.7667,.675,.68,.0833,.2083,.4583,.6667,.75,.7917,.1379,.3211,.569,.7132,.7105,.7316
13,"amiens_cathedral",1.0,1.0,.95,.9667,.975,.98,.12,.24,.44,.56,.68,.76,.2143,.3871,.6014,.7092,.8012,.8561
14,"angkor_wat",1.0,.8,.85,.8333,.8,.8,.16,.2,.48,.6,.72,.76,.2759,.32,.6135,.6977,.7579,.7795
15,"ara_pacis",.4,.6,.7,.6667,.75,.74,.0909,.2273,.5,.6364,.6818,.7273,.1481,.3297,.5833,.6512,.7143,.7336
16,"arc_de_triomphe",.8,.9,.95,.8,.75,.8,.125,.2917,.4583,.5,.625,.6667,.2162,.4406,.6183,.6154,.6818,.7273
17,"aztec_ruins",.0,.0,.15,.1333,.175,.2,.0,.0,.12,.16,.24,.28,.0,.0,.1333,.1455,.2024,.2333
18,"berlin_cathedral",1.0,1.0,1.0,1.0,1.0,.94,.2,.36,.48,.6,.72,.72,.3333,.5294,.6486,.75,.8372,.8154
19,"bok_tower_gardens",1.0,.9,.9,.8,.825,.86,.16,.28,.48,.6,.76,.8,.2759,.4271,.6261,.6857,.7912,.8289
20,"brandenburg_gate",1.0,1.0,.9,.9333,.925,.92,.12,.28,.48,.56,.68,.68,.2143,.4375,.6261,.7,.7838,.782
21,"cabrillo",.2,.2,.15,.1333,.125,.12,.0769,.1538,.2308,.3077,.3077,.3846,.1111,.1739,.1818,.186,.1778,.1829
22,"casa_batllo",1.0,1.0,1.0,1.0,.975,.98,.12,.28,.44,.56,.64,.72,.2143,.4375,.6111,.7179,.7728,.8301
23,"casa_rosada",1.0,1.0,.9,.9,.875,.86,.2,.28,.44,.68,.76,.8,.3333,.4375,.591,.7747,.8135,.8289
24,"castillo_de_san_marcos",.8,.7,.75,.7333,.725,.76,.16,.28,.44,.52,.56,.64,.2667,.4,.5546,.6085,.6319,.6949
25,"chartres_cathedral",1.0,1.0,1.0,.9667,.95,.92,.16,.24,.48,.6,.68,.76,.2759,.3871,.6486,.7404,.7926,.8324
26,"chichen_itza",.6,.8,.8,.8,.775,.8,.12,.24,.36,.56,.64,.72,.2,.3692,.4966,.6588,.7011,.7579
27,"christ_the_redeemer_rio",.8,.7,.6,.6667,.6,.64,.1304,.1739,.2609,.3478,.3913,.4783,.2243,.2786,.3636,.4571,.4737,.5474
28,"civic_center_san_francisco",.8,.8,.7,.6667,.525,.5,.16,.24,.36,.4,.44,.52,.2667,.3692,.4755,.5,.4788,.5098
29,"cologne_cathedral",1.0,1.0,1.0,.9333,.95,.94,.16,.36,.52,.6,.72,.76,.2759,.5294,.6842,.7304,.8192,.8405
30,"colosseum",1.0,1.0,1.0,.9333,.95,.94,.2,.32,.48,.56,.6,.6,.3333,.4848,.6486,.7,.7355,.7325
31,"doge_s_palace",.6,.6,.65,.7333,.775,.78,.12,.2,.28,.32,.44,.48,.2,.3,.3914,.4456,.5613,.5943
32,"eiffel_tower",1.0,1.0,1.0,1.0,.975,.94,.2,.2,.4,.52,.52,.56,.3333,.3333,.5714,.6842,.6783,.7019
33,"golden_gate_bridge",.8,.8,.75,.7667,.725,.72,.1304,.2609,.3913,.4348,.4348,.4783,.2243,.3934,.5143,.5549,.5436,.5747
34,"grand_palais",1.0,1.0,.95,.9667,.95,.96,.1818,.2727,.4545,.5,.6818,.7727,.3077,.4286,.6149,.6591,.7939,.8562
35,"guggenheim_museum_bilbao",1.0,1.0,1.0,.9667,.95,.94,.2,.32,.4,.44,.56,.6,.3333,.4848,.5714,.6047,.7046,.7325
36,"hagia_sophia_istanbul",1.0,1.0,1.0,1.0,1.0,1.0,.2,.36,.52,.64,.68,.76,.3333,.5294,.6842,.7805,.8095,.8636
37,"hoover_dam",1.0,1.0,.95,.9333,.875,.9,.16,.24,.4,.56,.6,.68,.2759,.3871,.563,.7,.7119,.7747
38,"humayun_tomb",.6,.7,.7,.7333,.775,.82,.12,.24,.36,.36,.56,.76,.2,.3574,.4755,.4829,.6502,.7889
39,"iguazu_falls",.6,.6,.7,.7,.75,.74,.08,.16,.32,.48,.68,.68,.1412,.2526,.4392,.5695,.7133,.7087
40,"iolani_palace",1.0,.9,.85,.7333,.725,.78,.16,.24,.4,.56,.64,.8,.2759,.3789,.544,.6351,.6799,.7899
41,"la_mezquita",.8,.7,.65,.6,.55,.46,.1667,.25,.4167,.5417,.5833,.5833,.2759,.3684,.5078,.5693,.5662,.5144
42,"la_rambla_barcelona",1.0,1.0,1.0,.9667,.925,.94,.16,.2,.44,.48,.48,.52,.2759,.3333,.6111,.6415,.632,.6696
43,"la_sainte_chapelle",1.0,1.0,1.0,.9333,.95,.96,.2,.4,.56,.6,.72,.76,.3333,.5714,.7179,.7304,.8192,.8484
44,"liberty_memorial",.6,.8,.8,.7333,.725,.72,.08,.12,.36,.52,.56,.6,.1412,.2087,.4966,.6085,.6319,.6545
45,"lincoln_home",1.0,.9,.8,.7333,.675,.64,.2222,.3333,.4444,.6111,.6667,.7222,.3636,.4865,.5714,.6667,.6708,.6786
46,"machu_picchu",1.0,.9,.85,.8667,.8,.82,.2,.36,.48,.6,.64,.76,.3333,.5143,.6135,.7091,.7111,.7889
47,"marble_arch_london",.8,.7,.6,.4667,.475,.4,.1667,.3333,.5833,.6667,.75,.75,.2759,.4516,.5915,.549,.5816,.5217
48,"milan_cathedral",1.0,1.0,1.0,1.0,.975,.96,.2,.28,.48,.56,.68,.76,.3333,.4375,.6486,.7179,.8012,.8484
49,"mole_antonelliana",.6,.7,.75,.8,.725,.74,.12,.24,.36,.44,.52,.64,.2,.3574,.4865,.5677,.6056,.6864
50,"mont_saint_michel",1.0,.9,.95,.9333,.925,.9,.2,.32,.44,.52,.64,.68,.3333,.4721,.6014,.6679,.7565,.7747
51,"moulin_rouge",.2,.1,.05,.0333,.05,.08,.125,.125,.125,.125,.25,.5,.1538,.1111,.0714,.0526,.0833,.1379
52,"nelson_s_column",.8,.9,.95,.9,.875,.84,.1667,.25,.4583,.5833,.7083,.7917,.2759,.3913,.6183,.7079,.7829,.8151
53,"notre_dame_de_paris",1.0,.9,.85,.8667,.875,.9,.16,.24,.44,.48,.56,.64,.2759,.3789,.5798,.6178,.6829,.7481
54,"obelisco",.2,.1,.15,.1333,.1,.1,.0909,.0909,.1818,.2727,.2727,.3636,.125,.0952,.1644,.1791,.1463,.1569
55,"piccadilly_circus",.8,.8,.85,.8,.8,.78,.1739,.2609,.3478,.6087,.6087,.6522,.2857,.3934,.4936,.6914,.6914,.7104
56,"place_de_la_concorde",.8,.9,.95,.9333,.95,.96,.16,.2,.36,.52,.64,.64,.2667,.3273,.5221,.6679,.7648,.768
57,"place_de_la_republique",.2,.3,.35,.3,.25,.22,.125,.375,.75,.875,.875,.875,.1538,.3333,.4773,.4468,.3889,.3516
58,"place_des_vosges",.8,.8,.7,.5667,.55,.52,.12,.16,.32,.4,.48,.56,.2087,.2667,.4392,.469,.5126,.5393
59,"pont_du_gard",.6,.6,.7,.7,.675,.7,.12,.2,.36,.52,.56,.6,.2,.3,.4755,.5967,.6121,.6462
60,"pont_neuf",.8,.8,.75,.7667,.725,.7,.12,.24,.32,.52,.6,.72,.2087,.3692,.4486,.6197,.6566,.7099
61,"ponte_vecchio",.6,.8,.85,.8667,.825,.8,.0833,.2083,.3333,.5833,.6667,.6667,.1463,.3306,.4789,.6973,.7374,.7273
62,"puerta_de_alcala",.2,.3,.55,.5333,.55,.56,.0526,.1579,.3684,.4211,.5789,.6316,.0833,.2069,.4413,.4706,.5641,.5936
63,"puerta_del_sol",.8,.5,.5,.4667,.45,.42,.15,.2,.3,.5,.55,.65,.2526,.2857,.375,.4828,.495,.5103
64,"red_fort",1.0,1.0,1.0,1.0,1.0,1.0,.16,.28,.48,.64,.68,.68,.2759,.4375,.6486,.7805,.8095,.8095
65,"reims_cathedral",1.0,1.0,.95,.9,.9,.9,.2,.36,.52,.56,.68,.68,.3333,.5294,.6721,.6904,.7747,.7747
66,"rialto_bridge",.8,.8,.7,.6333,.6,.56,.25,.3125,.4375,.5625,.6875,.6875,.381,.4494,.5385,.5958,.6408,.6172
67,"roman_forum_rome",.4,.7,.8,.8,.75,.74,.08,.2,.44,.48,.56,.6,.1333,.3111,.5677,.6,.6412,.6627
68,"sacre_coeur",.4,.4,.55,.5667,.6,.68,.0833,.1667,.375,.4583,.5,.5833,.1379,.2353,.4459,.5068,.5455,.628
69,"sagrada_familia",1.0,.9,.95,.9333,.9,.92,.16,.28,.44,.48,.6,.6,.2759,.4271,.6014,.634,.72,.7263
70,"santa_maria_novella",.4,.6,.45,.4667,.425,.5,.08,.2,.32,.36,.44,.48,.1333,.3,.374,.4065,.4324,.4898
71,"schonbrunn_palace",.8,.9,.95,.9667,.975,.96,.16,.24,.44,.56,.68,.68,.2667,.3789,.6014,.7092,.8012,.7961
72,"seville_cathedral",.6,.8,.85,.8667,.9,.92,.12,.32,.44,.48,.56,.64,.2,.4571,.5798,.6178,.6904,.7549
73,"spanish_steps",.8,.6,.65,.7,.7,.68,.1818,.2273,.2727,.4545,.5,.5909,.2963,.3297,.3842,.5512,.5833,.6323
74,"st__basil_cathedral",.8,.9,.95,.9667,.9,.9,.16,.28,.44,.6,.68,.72,.2667,.4271,.6014,.7404,.7747,.8
75,"statue_of_liberty",.8,.9,.95,.8333,.8,.82,.16,.28,.4,.48,.56,.6,.2667,.4271,.563,.6091,.6588,.693
76,"stonehenge",.6,.5,.5,.4667,.425,.48,.1053,.1053,.2105,.3158,.4211,.5263,.1791,.1739,.2963,.3767,.423,.5021
77,"summer_palace_beijing",1.0,1.0,.95,.9333,.875,.86,.12,.28,.48,.56,.6,.68,.2143,.4375,.6378,.7,.7119,.7595
78,"sydney_opera_house",1.0,1.0,.95,.9333,.9,.9,.2,.32,.44,.52,.64,.68,.3333,.4848,.6014,.6679,.7481,.7747
79,"teotihuacan",1.0,.8,.85,.7667,.775,.74,.2,.28,.36,.48,.6,.64,.3333,.4148,.5058,.5904,.6764,.6864
80,"terracotta_army",.6,.5,.5,.4333,.45,.5,.15,.2,.35,.4,.5,.65,.24,.2857,.4118,.416,.4737,.5652
81,"the_blue_mosque",.8,.8,.9,.9333,.925,.94,.16,.28,.44,.56,.6,.72,.2667,.4148,.591,.7,.7279,.8154
82,"the_henry_ford",1.0,.8,.75,.8,.775,.78,.2,.28,.44,.56,.6,.64,.3333,.4148,.5546,.6588,.6764,.7031
83,"taj_mahal",.8,.9,.9,.9,.9,.92,.16,.28,.36,.52,.64,.68,.2667,.4271,.5143,.6592,.7481,.782
84,"tour_montparnasse",.4,.5,.35,.3667,.4,.4,.1,.25,.3,.45,.55,.6,.16,.3333,.3231,.4041,.4632,.48
85,"tower_bridge_london",.4,.5,.55,.6,.5,.5,.08,.16,.32,.48,.48,.56,.1333,.2424,.4046,.5333,.4898,.5283
86,"trafalgar_square",.6,.5,.5,.4667,.45,.44,.1364,.2273,.3182,.3636,.3636,.4545,.2222,.3125,.3889,.4088,.4022,.4472
87,"leaning_tower_of_pisa",.4,.3,.45,.6333,.65,.68,.08,.12,.32,.56,.6,.76,.1333,.1714,.374,.5944,.624,.7178
88,"hermitage_museum_saint_petersburg",.8,.7,.75,.8333,.8,.78,.12,.24,.36,.44,.56,.64,.2087,.3574,.4865,.5759,.6588,.7031
89,"jantar_mantar_jaipur",.6,.7,.75,.8,.8,.82,.12,.28,.44,.6,.72,.72,.2,.4,.5546,.6857,.7579,.7668
90,"lake_titicaca_peru",.6,.5,.55,.5333,.525,.54,.125,.2083,.4167,.5,.6667,.6667,.2069,.2941,.4741,.5161,.5874,.5967
91,"the_great_wall_of_china",1.0,.9,.8,.8333,.8,.8,.2,.32,.48,.56,.56,.56,.3333,.4721,.6,.6699,.6588,.6588
92,"grande_arche_paris",.4,.6,.6,.7,.675,.7,.08,.16,.28,.4,.44,.52,.1333,.2526,.3818,.5091,.5327,.5967
93,"el_angel_mexico",1.0,.8,.5,.5,.45,.46,.1905,.3333,.381,.5238,.6667,.6667,.32,.4706,.4324,.5116,.5373,.5444
94,"bibliotheque_nationale_de_france",.6,.6,.6,.7,.75,.76,.12,.24,.32,.4,.48,.48,.2,.3429,.4174,.5091,.5854,.5884
95,"kronborg_castle",.2,.4,.6,.7,.725,.76,.0417,.125,.375,.5,.5,.625,.069,.1905,.4615,.5833,.5918,.6859
96,"ajanta_caves",.8,.9,.9,.9,.9,.9,.1818,.3636,.4545,.5,.5455,.6364,.2963,.518,.604,.6429,.6792,.7456
97,"atomium",1.0,1.0,.9,.9333,.9,.92,.2381,.2857,.381,.4762,.5238,.5238,.3846,.4444,.5353,.6306,.6622,.6675
98,"ellora_caves",1.0,1.0,1.0,.9667,.925,.94,.1818,.2727,.4545,.5,.5909,.6364,.3077,.4286,.625,.6591,.7211,.7589
99,"potala_palace",1.0,1.0,.9,.8667,.85,.86,.2222,.3889,.4444,.5,.7222,.7778,.3636,.56,.595,.6341,.7809,.8168
100,"jokhang",.8,.8,.75,.7667,.825,.82,.12,.16,.32,.44,.56,.68,.2087,.2667,.4486,.5591,.6671,.7435
101,"rila_monastery",.8,.9,.85,.9,.85,.84,.12,.24,.32,.44,.48,.52,.2087,.3789,.465,.591,.6135,.6424
102,"louvre_pyramid",1.0,1.0,.95,.9667,.95,.94,.2778,.3889,.5,.5556,.6111,.6667,.4348,.56,.6552,.7056,.7438,.7801
103,"brooklyn_bridge",.6,.7,.85,.8333,.85,.88,.0952,.2381,.381,.4762,.5714,.6667,.1644,.3553,.5261,.6061,.6834,.7586
104,"tower_of_london",1.0,.9,.75,.7333,.675,.68,.1304,.2174,.3043,.5217,.6087,.6087,.2308,.3502,.433,.6097,.6401,.6424
105,"british_museum_london",1.0,1.0,1.0,.9667,.975,.94,.15,.25,.4,.45,.55,.55,.2609,.4,.5714,.6141,.7033,.694
106,"buckingham_palace",.8,.6,.35,.4,.375,.34,.15,.15,.2,.3,.35,.35,.2526,.24,.2545,.3429,.3621,.3449
107,"charles_bridge_prague",.8,.7,.7,.7333,.725,.7,.125,.1667,.375,.4583,.5,.5,.2162,.2692,.4884,.5641,.5918,.5833
108,"champs_elysees_paris",.6,.4,.45,.5667,.575,.56,.1333,.1333,.3333,.4,.4667,.5333,.2182,.2,.383,.469,.5152,.5463
109,"chrysler_building",1.0,1.0,1.0,1.0,.975,.98,.2857,.4286,.7143,.7143,.8571,.8571,.4444,.6,.8333,.8333,.9123,.9145
110,"moma_new_york",.8,.7,.7,.7,.775,.8,.2105,.2632,.4211,.5263,.6842,.6842,.3333,.3825,.5258,.6009,.7268,.7376
111,"grand_central_terminal",1.0,1.0,1.0,.9667,.975,.98,.1905,.2857,.4286,.4286,.5238,.7143,.32,.4444,.6,.5939,.6815,.8263
112,"houses_of_parliament",1.0,.9,.95,.9667,.925,.94,.2174,.2609,.4783,.5652,.5652,.5652,.3571,.4045,.6362,.7133,.7017,.706
113,"alexanderplatz_berlin",.6,.5,.6,.5667,.625,.62,.12,.2,.36,.44,.48,.56,.2,.2857,.45,.4954,.543,.5885
114,"centre_pompidou",.4,.5,.55,.5333,.625,.6,.1111,.2222,.4444,.5556,.7778,.7778,.1739,.3077,.4916,.5442,.6931,.6774
115,"sydney_harbour_bridge",1.0,1.0,1.0,1.0,1.0,1.0,.1875,.375,.625,.75,.75,.75,.3158,.5455,.7692,.8571,.8571,.8571
116,"pier_39",1.0,1.0,.95,.9333,.85,.86,.1905,.2381,.5238,.5714,.5714,.619,.32,.3846,.6753,.7089,.6834,.7199
117,"coit_tower",1.0,.8,.75,.7667,.7,.68,.2,.2667,.4,.4667,.5333,.6,.3333,.4,.5217,.5802,.6054,.6375
118,"st_paul_s_cathedral_london",1.0,.9,.85,.7667,.725,.72,.2941,.4118,.5882,.6471,.7059,.7647,.4545,.565,.6953,.7018,.7153,.7417
119,"cloud_gate",.8,.9,.75,.7,.7,.7,.25,.3333,.5833,.5833,.5833,.5833,.381,.4865,.6562,.6364,.6364,.6364
120,"musee_d_orsay",1.0,1.0,.95,.9333,.925,.94,.0952,.2857,.4762,.619,.6667,.7143,.1739,.4444,.6344,.7444,.7749,.8117
121,"pike_place_market",.8,.8,.8,.7667,.75,.78,.1905,.2381,.3333,.381,.4762,.5714,.3077,.367,.4706,.509,.5825,.6596
122,"royal_palace_madrid",1.0,.9,.9,.8667,.8,.82,.1818,.2727,.4091,.5909,.7273,.7273,.3077,.4186,.5625,.7027,.7619,.7709
123,"sony_center_berlin",.8,.9,.9,.8667,.875,.88,.0952,.2857,.381,.4762,.4762,.5238,.1702,.4337,.5353,.6147,.6167,.6567
124,"red_square_moscow",.8,.9,.85,.9,.875,.78,.1429,.2857,.4762,.6667,.7143,.7619,.2424,.4337,.6104,.766,.7865,.7708
125,"prague_castle",1.0,.8,.85,.8667,.875,.86,.16,.24,.56,.6,.64,.72,.2759,.3692,.6752,.7091,.7393,.7838
126,"musee_du_louvre",1.0,1.0,1.0,1.0,.95,.96,.16,.36,.48,.64,.68,.72,.2759,.5294,.6486,.7805,.7926,.8229
127,"millennium_bridge_london",.8,.9,.85,.7667,.8,.84,.16,.24,.36,.36,.52,.56,.2667,.3789,.5058,.4899,.6303,.672
128,"casa_mila",1.0,.8,.85,.8667,.9,.92,.2,.32,.48,.6,.64,.68,.3333,.4571,.6135,.7091,.7481,.782
129,"national_gallery_london",1.0,.8,.75,.7667,.75,.68,.1818,.2273,.4091,.5455,.5455,.5909,.3077,.354,.5294,.6374,.6316,.6323
130,"national_mall",1.0,.7,.7,.7667,.75,.68,.16,.24,.4,.6,.72,.76,.2759,.3574,.5091,.6732,.7347,.7178
131,"london_city_hall",.8,.9,.95,.9333,.9,.8,.2,.35,.45,.65,.65,.65,.32,.504,.6107,.7663,.7548,.7172
132,"holocaust_memorial",.8,.8,.65,.5667,.55,.58,.1875,.375,.375,.5625,.625,.625,.3038,.5106,.4756,.5646,.5851,.6017
133,"columbus_circle",.4,.6,.6,.5667,.6,.6,.08,.24,.4,.48,.52,.6,.1333,.3429,.48,.5197,.5571,.6
134,"siegessaeule",1.0,.8,.6,.6667,.575,.58,.12,.2,.36,.52,.52,.56,.2143,.32,.45,.5843,.5461,.5698
135,"jardin_du_luxembourg",.8,.9,.95,.9333,.95,.96,.12,.28,.48,.6,.72,.72,.2087,.4271,.6378,.7304,.8192,.8229
136,"merlion_singapore",.2,.2,.35,.4,.475,.48,.0455,.0909,.2727,.4091,.5909,.6818,.0741,.125,.3066,.4045,.5267,.5634
137,"harrods_london",.8,.9,.85,.8333,.825,.82,.16,.28,.52,.6,.6,.6,.2667,.4271,.6453,.6977,.6947,.693
138,"metropolitan_museum_of_art_new_york",1.0,1.0,1.0,1.0,.975,.98,.16,.28,.4,.52,.56,.6,.2759,.4375,.5714,.6842,.7114,.7443
139,"new_york_stock_exchange",.2,.5,.55,.5667,.575,.6,.05,.2,.35,.4,.55,.65,.08,.2857,.4278,.469,.5622,.624
140,"stephansdom_vienna",1.0,.9,.95,.9333,.95,.94,.12,.2,.44,.56,.68,.68,.2143,.3273,.6014,.7,.7926,.7891
141,"hms_belfast",1.0,1.0,1.0,.9667,.95,.94,.2,.28,.52,.56,.64,.68,.3333,.4375,.6842,.7092,.7648,.7891
142,"leicester_square",1.0,1.0,.9,.8667,.8,.8,.16,.28,.36,.52,.6,.6,.2759,.4375,.5143,.65,.6857,.6857
143,"ciudad_de_las_artes_y_las_ciencias",1.0,1.0,1.0,.9333,.925,.94,.2,.36,.56,.64,.72,.72,.3333,.5294,.7179,.7593,.8097,.8154
144,"topkapi_palace",1.0,1.0,1.0,1.0,1.0,1.0,.2,.36,.4,.56,.64,.72,.3333,.5294,.5714,.7179,.7805,.8372
145,"royal_albert_hall",.6,.6,.6,.6333,.55,.52,.12,.24,.36,.44,.48,.52,.2,.3429,.45,.5193,.5126,.52
146,"st_vitus_cathedral",1.0,.9,.95,.9667,.95,.94,.2,.32,.4,.4,.52,.56,.3333,.4721,.563,.5659,.6721,.7019
147,"castello_sforzesco",.8,.9,.95,.9333,.95,.94,.08,.24,.48,.52,.56,.64,.1455,.3789,.6378,.6679,.7046,.7615
148,"rijksmuseum_amsterdam",1.0,1.0,1.0,1.0,1.0,1.0,.16,.24,.36,.48,.64,.64,.2759,.3871,.5294,.6486,.7805,.7805
149,"dam_square",1.0,.5,.6,.5667,.55,.56,.16,.16,.32,.48,.56,.6,.2759,.2424,.4174,.5197,.555,.5793
150,"rathaus_vienna",.8,.7,.7,.6333,.625,.7,.12,.12,.28,.28,.36,.56,.2087,.2049,.4,.3883,.4569,.6222
151,"bath_abbey",1.0,1.0,.95,.9667,.975,.98,.16,.28,.48,.68,.72,.76,.2759,.4375,.6378,.7984,.8283,.8561
152,"salisbury_cathedral",1.0,1.0,1.0,1.0,1.0,.98,.16,.24,.44,.48,.56,.6,.2759,.3871,.6111,.6486,.7179,.7443
153,"templo_de_debod",.2,.4,.55,.4333,.4,.44,.0455,.1364,.3636,.3636,.4091,.5,.0741,.2034,.4378,.3954,.4045,.4681
154,"Niagara_Falls",.4,.4,.5,.5333,.425,.48,.0909,.1818,.2727,.4091,.4545,.5,.1481,.25,.3529,.463,.4393,.4898
155,"Golden_Gate_Bridge_in_San_Francisco",1.0,1.0,1.0,.9333,.95,.96,.0909,.1364,.2727,.4545,.5909,.6818,.1667,.24,.4286,.6114,.7286,.7973
156,"Neuschwanstein_Castle",1.0,1.0,.95,.9667,.975,.98,.16,.28,.48,.6,.68,.68,.2759,.4375,.6378,.7404,.8012,.8029
157,"Christ_Church_Cathedral_Missouri",1.0,.9,.95,.9,.875,.9,.16,.28,.52,.56,.64,.64,.2759,.4271,.6721,.6904,.7393,.7481
158,"Mount_Rushmore_in_South_Dakota",1.0,1.0,.95,.9333,.95,.96,.2,.32,.44,.52,.6,.64,.3333,.4848,.6014,.6679,.7355,.768
159,"Puerta_de_Toledo",.2,.2,.1,.0667,.05,.04,.5,1.0,1.0,1.0,1.0,1.0,.2857,.3333,.1818,.125,.0952,.0769
160,"Urquhart_Castle",1.0,.9,.8,.7667,.8,.8,.2083,.25,.5,.625,.6667,.7917,.3448,.3913,.6154,.6886,.7273,.7958
161,"Gare_du_Nord_Paris",.8,.7,.7,.8,.8,.8,.12,.24,.32,.44,.56,.6,.2087,.3574,.4392,.5677,.6588,.6857
162,"Newgrange_in_Ireland",.6,.8,.65,.6667,.65,.64,.125,.2083,.3333,.4167,.4583,.5,.2069,.3306,.4407,.5128,.5376,.5614
163,"Windmills_at_Kinderdijk",1.0,1.0,1.0,.9667,.975,.96,.16,.32,.44,.6,.68,.72,.2759,.4848,.6111,.7404,.8012,.8229
164,"Conciergerie",1.0,.9,.95,.9667,.975,.98,.2,.32,.52,.64,.68,.72,.3333,.4721,.6721,.7701,.8012,.8301
165,"Palazzo_Madama",.8,.8,.65,.6667,.525,.58,.1818,.3636,.4091,.5,.5,.6364,.2963,.5,.5021,.5714,.5122,.6069
166,"Split_Rock_Lighthouse",.8,.9,.9,.9333,.925,.88,.16,.24,.32,.44,.56,.56,.2667,.3789,.4721,.5981,.6976,.6844
167,"The_Little_Mermaid_Denmark",.8,.8,.75,.6667,.625,.6,.2857,.5714,.6429,.7143,.7857,.8571,.4211,.6667,.6923,.6897,.6962,.7059
168,"Great_Pyramid_of_Giza",.8,.7,.65,.6333,.625,.58,.2667,.3333,.4667,.5333,.6,.6667,.4,.4516,.5433,.579,.6122,.6203
169,"Pitti_Palace",.4,.6,.6,.6,.625,.6,.0455,.1818,.4545,.5,.5909,.5909,.0816,.2791,.5172,.5455,.6075,.5954
170,"Georgia_State_Capitol",.4,.4,.5,.4333,.425,.36,.1053,.1579,.2632,.3158,.3158,.3158,.1667,.2264,.3448,.3653,.3623,.3364
171,"Dome_des_Invalides",1.0,1.0,1.0,.9667,.95,.96,.12,.28,.36,.48,.52,.6,.2143,.4375,.5294,.6415,.6721,.7385
172,"Reggia_di_Caserta",.4,.5,.65,.6333,.6,.58,.08,.2,.4,.56,.56,.6,.1333,.2857,.4952,.5944,.5793,.5898
173,"The_Burj_al_Arab_Hotel",1.0,.9,.75,.7667,.8,.8,.16,.24,.32,.52,.56,.68,.2759,.3789,.4486,.6197,.6588,.7351
174,"Elephanta_Caves",1.0,1.0,.95,.9333,.9,.86,.1667,.25,.4583,.625,.625,.625,.2857,.4,.6183,.7487,.7377,.7239
175,"Basilica_of_Santa_Croce",1.0,1.0,1.0,1.0,1.0,1.0,.2,.28,.4,.48,.6,.72,.3333,.4375,.5714,.6486,.75,.8372
176,"Aachen_Cathedral",1.0,1.0,1.0,.9667,.9,.92,.16,.28,.4,.52,.6,.76,.2759,.4375,.5714,.6762,.72,.8324
177,"Monument_to_the_Great_Fire_of_London",.8,.9,.7,.6333,.7,.64,.12,.28,.4,.52,.68,.76,.2087,.4271,.5091,.5711,.6899,.6949
178,"Longmen_Grottoes",.8,.6,.65,.5667,.525,.54,.08,.16,.36,.4,.52,.64,.1455,.2526,.4634,.469,.5225,.5858
179,"Louisiana_State_Capitol",.6,.4,.35,.2667,.325,.28,.12,.16,.2,.24,.32,.36,.2,.2286,.2545,.2526,.3225,.315
180,"The_Great_Sphinx_at_Giza",1.0,.9,.8,.8333,.8,.78,.2,.32,.48,.56,.6,.64,.3333,.4721,.6,.6699,.6857,.7031
181,"Teatro_Real_Madrid",1.0,.8,.8,.8333,.8,.78,.1739,.2609,.4348,.6087,.7391,.7826,.2963,.3934,.5634,.7035,.7684,.7813
182,"Palacio_de_la_Magdalena",.6,.6,.65,.6333,.65,.64,.08,.16,.36,.48,.56,.6,.1412,.2526,.4634,.5461,.6017,.6194
183,"Sowjetisches_Ehrenmal",.8,.7,.65,.6333,.575,.54,.16,.2,.4,.48,.56,.56,.2667,.3111,.4952,.5461,.5674,.5498
184,"Cathedral_of_Trier",1.0,1.0,.9,.9333,.925,.84,.16,.28,.52,.68,.76,.76,.2759,.4375,.6592,.7868,.8344,.798
185,"Saint_Mary_of_the_Flower",.2,.6,.5,.5,.475,.48,.04,.24,.28,.36,.36,.44,.0667,.3429,.359,.4186,.4096,.4591
186,"Skellig_Michael",1.0,.8,.85,.7667,.775,.78,.2,.32,.48,.52,.64,.68,.3333,.4571,.6135,.6197,.7011,.7266
187,"Chicago_Board_of_Trade_Building",1.0,1.0,.85,.8333,.775,.82,.1818,.4091,.5,.5909,.6364,.7273,.3077,.5806,.6296,.6915,.6989,.7709
188,"Pont_de_Normandie_France",1.0,1.0,.8,.7667,.75,.74,.2105,.3684,.5789,.6842,.6842,.7368,.3478,.5385,.6718,.7231,.7156,.7384
189,"Palazzo_Rosso",.0,.0,.0,.0667,.05,.06,.0,.0,.0,.0417,.0417,.0833,.0,.0,.0,.0513,.0455,.0698
190,"Piazza_Vittorio_Veneto",.8,.5,.35,.3667,.325,.28,.125,.1875,.25,.3125,.375,.375,.2162,.2727,.2917,.3374,.3482,.3206
191,"Sforza_Castle",1.0,1.0,.95,.9,.875,.86,.2,.4,.52,.52,.64,.68,.3333,.5714,.6721,.6592,.7393,.7595
192,"Torres_KIO",.8,.9,.9,.9,.9,.86,.12,.28,.48,.6,.72,.72,.2087,.4271,.6261,.72,.8,.7838
193,"Torre_Picasso",1.0,1.0,.85,.8667,.85,.84,.1667,.2917,.375,.4167,.4583,.5417,.2857,.4516,.5204,.5628,.5955,.6586
194,"The_Palace_of_Parliament_in_Bucharest",1.0,1.0,.95,.9667,.95,.9,.2,.32,.56,.68,.72,.8,.3333,.4848,.7046,.7984,.8192,.8471
195,"Ernest_Hemingway_House",.8,.7,.8,.8,.725,.7,.12,.2,.4,.48,.52,.56,.2087,.3111,.5333,.6,.6056,.6222
196,"Castel_dellOvo_Napoli",.8,.8,.9,.8333,.875,.88,.16,.24,.52,.6,.64,.76,.2667,.3692,.6592,.6977,.7393,.8156
197,"Villa_Borghese_gardens",1.0,1.0,.95,.9667,.975,.96,.2,.32,.52,.72,.84,.84,.3333,.4848,.6721,.8253,.9025,.896
198,"Saint_Marks_Basilica",1.0,1.0,.95,.9333,.925,.94,.2,.36,.4,.44,.44,.6,.3333,.5294,.563,.5981,.5963,.7325
199,"Mausoleum_of_the_First_Qin_Emperor",.8,.9,.9,.9333,.925,.94,.12,.2,.36,.48,.64,.64,.2087,.3273,.5143,.634,.7565,.7615
200,"Mausoleum_of_Hadrian",1.0,1.0,.85,.8,.725,.76,.2222,.2778,.5,.6111,.6111,.7222,.3636,.4348,.6296,.6929,.6632,.7406
201,"Piazza_de_Ferrari",1.0,1.0,.95,.9,.9,.9,.2105,.3158,.4211,.4737,.5789,.5789,.3478,.48,.5835,.6207,.7046,.7046
202,"George_Washington_Carver",.6,.7,.55,.5667,.575,.64,.125,.3125,.375,.4375,.5625,.625,.2069,.4321,.4459,.4938,.5687,.6324
203,"Cathedral_of_Santiago_de_Compostela",1.0,1.0,.9,.8667,.825,.82,.1765,.3529,.4706,.7059,.7059,.7647,.3,.5217,.618,.7781,.7608,.7914
204,"Saint-Jacques_Tower",.6,.6,.75,.7333,.725,.72,.0769,.2308,.3846,.4615,.4615,.4615,.1364,.3333,.5085,.5665,.564,.5625
205,"Calakmul_Campeche_Mexico",1.0,1.0,.85,.8667,.875,.88,.2143,.4286,.5714,.5714,.7143,.7143,.3529,.6,.6834,.6887,.7865,.7885
206,"Bran_Castle_in_Transylvania",1.0,1.0,.9,.8667,.875,.86,.1579,.3158,.4737,.5789,.6316,.7368,.2727,.48,.6207,.6942,.7336,.7937
207,"Mosteiro_da_Batalha",1.0,1.0,1.0,1.0,1.0,1.0,.2632,.4737,.5789,.6316,.6842,.6842,.4167,.6429,.7333,.7742,.8125,.8125
208,"Wartburg_Castle",1.0,1.0,.95,.9333,.95,.94,.15,.25,.45,.55,.7,.75,.2609,.4,.6107,.6921,.8061,.8343
209,"Fujian_Tulou_Fujian_China",1.0,1.0,1.0,.9667,.975,.96,.2222,.3889,.5,.6667,.8333,.8333,.3636,.56,.6667,.7891,.8986,.8922
210,"Alabama_State_Capitol",.8,.9,.55,.5667,.625,.64,.1905,.4286,.5238,.6667,.7619,.7619,.3077,.5806,.5366,.6126,.6867,.6957
211,"Palazzo_dAccursio",.8,.8,.75,.7,.7,.62,.1667,.2778,.5,.5556,.6111,.6111,.2759,.4124,.6,.6195,.6525,.6155
212,"Casa_Grande_Ruins",.8,.9,.8,.7667,.75,.72,.2353,.2941,.4118,.5294,.5294,.5882,.3636,.4433,.5437,.6263,.6207,.6475
213,"Stravinsky_Fountain",1.0,1.0,.9,.9,.825,.84,.2,.2,.3333,.4,.4667,.5333,.3333,.3333,.4865,.5538,.5961,.6524
214,"Angel_Falls_Venezuela",.8,.5,.6,.6667,.575,.56,.1765,.1765,.4118,.5882,.5882,.7059,.2892,.2609,.4884,.625,.5815,.6245
215,"Statue_of_George_IV",.8,.6,.7,.5333,.425,.38,.5,.5,.625,.625,.625,.625,.6154,.5455,.6604,.5755,.506,.4726
216,"Palacio_Barolo",.8,.9,.8,.8333,.85,.88,.1765,.2941,.3529,.4118,.5882,.6471,.2892,.4433,.4898,.5512,.6953,.7458
217,"Bridge_of_Remembrance_Christchurch_New_Zealand",.8,.8,.75,.7,.65,.62,.3333,.5,.75,.8333,.8333,.9167,.4706,.6154,.75,.7609,.7303,.7397
218,"John_A._Roebling_Suspension_Bridge",.2,.3,.35,.3667,.425,.48,.0667,.2,.4,.6,.7333,.8,.1,.24,.3733,.4552,.5381,.6
219,"Blue_Dome_Santorini",1.0,1.0,.85,.9,.875,.86,.25,.3125,.5,.625,.625,.6875,.4,.4762,.6296,.7377,.7292,.7641
220,"Fossar_de_les_Moreres",.4,.6,.45,.5333,.525,.48,.1429,.3571,.4286,.6429,.7857,.7857,.2105,.4478,.439,.583,.6294,.5959
221,"Luxor_Obelisk_France",1.0,1.0,.85,.7,.725,.72,.25,.3125,.375,.375,.375,.4375,.4,.4762,.5204,.4884,.4943,.5443
222,"Valle_de_los_Caidos",.8,.9,.9,.9,.9,.9,.2,.4,.55,.6,.65,.8,.32,.5538,.6828,.72,.7548,.8471
--------------------
"--","Avg.",P@5,P@10,P@20,P@30,P@40,P@50,CR@5,CR@10,CR@20,CR@30,CR@40,CR@50,F1@5,F1@10,F1@20,F1@30,F1@40,F1@50
,.,7937,.7892,.7748,.7661,.7536,.7508,.1568,.2671,.4186,.5209,.5969,.6493,.257,.3899,.5331,.6079,.6533,.6823
