--------------------
"Run name","output_runCEDDDtrs"
--------------------
"Average P@20 = ",.7836
"Average CR@20 = ",.3892
"Average F1@20 = ",.5061
--------------------
"Query Id ","Location name",P@5,P@10,P@20,P@30,P@40,P@50,CR@5,CR@10,CR@20,CR@30,CR@40,CR@50,F1@5,F1@10,F1@20,F1@30,F1@40,F1@50
1,"angel_of_the_north",1.0,1.0,1.0,1.0,1.0,1.0,.12,.28,.44,.48,.6,.72,.2143,.4375,.6111,.6486,.75,.8372
2,"big_ben",1.0,1.0,.85,.9,.875,.9,.0909,.0909,.3182,.4545,.5,.5455,.1667,.1667,.463,.604,.6364,.6792
3,"hearst_castle",1.0,.9,.85,.9,.925,.94,.1667,.2917,.4583,.6667,.7917,.8333,.2857,.4406,.5955,.766,.8532,.8835
4,"la_madeleine",.8,.6,.4,.3333,.25,.34,.2143,.2143,.3571,.4286,.4286,.6429,.338,.3158,.3774,.375,.3158,.4448
5,"pont_alexandre_iii",1.0,1.0,1.0,.9667,.975,.98,.16,.16,.36,.48,.6,.76,.2759,.2759,.5294,.6415,.7429,.8561
6,"neues_museum",.2,.2,.1,.2333,.425,.54,.04,.08,.08,.2,.36,.56,.0667,.1143,.0889,.2154,.3898,.5498
7,"montezuma_castle",.2,.6,.55,.4333,.5,.58,.0833,.3333,.5,.5,.6667,.6667,.1176,.4286,.5238,.4643,.5714,.6203
8,"cn_tower",.2,.3,.6,.7,.675,.64,.0417,.125,.2917,.5417,.5833,.6667,.069,.1765,.3925,.6107,.6258,.6531
9,"acropolis_athens",.8,.9,.9,.9,.9,.86,.1429,.2857,.381,.4286,.5238,.5238,.2424,.4337,.5353,.5806,.6622,.6511
10,"agra_fort",1.0,1.0,.95,.9333,.925,.9,.2,.36,.56,.64,.68,.72,.3333,.5294,.7046,.7593,.7838,.8
11,"albert_memorial",.4,.5,.7,.6333,.7,.72,.0455,.0909,.2727,.2727,.4545,.4545,.0816,.1538,.3925,.3813,.5512,.5573
12,"altes_museum",.4,.4,.3,.5333,.55,.52,.0833,.125,.2083,.5,.625,.6667,.1379,.1905,.2459,.5161,.5851,.5843
13,"amiens_cathedral",.8,.9,.95,.9667,.975,.98,.16,.28,.48,.6,.72,.8,.2667,.4271,.6378,.7404,.8283,.8809
14,"angkor_wat",.6,.7,.75,.8333,.825,.76,.12,.2,.4,.52,.72,.76,.2,.3111,.5217,.6404,.7689,.76
15,"ara_pacis",1.0,.8,.65,.7333,.65,.66,.2273,.3636,.4091,.5455,.5909,.6818,.3704,.5,.5021,.6256,.619,.6707
16,"arc_de_triomphe",.8,.9,.95,.8333,.825,.8,.125,.2083,.3333,.4583,.5417,.625,.2162,.3383,.4935,.5914,.654,.7018
17,"aztec_ruins",.0,.1,.25,.2333,.3,.3,.0,.04,.16,.2,.32,.4,.0,.0571,.1951,.2154,.3097,.3429
18,"berlin_cathedral",1.0,1.0,1.0,.9333,.9,.88,.16,.32,.44,.6,.64,.68,.2759,.4848,.6111,.7304,.7481,.7672
19,"bok_tower_gardens",1.0,.9,.9,.9333,.85,.88,.12,.24,.52,.68,.68,.68,.2143,.3789,.6592,.7868,.7556,.7672
20,"brandenburg_gate",1.0,1.0,1.0,.9667,.95,.94,.16,.24,.24,.36,.48,.56,.2759,.3871,.3871,.5246,.6378,.7019
21,"cabrillo",.2,.3,.35,.2333,.175,.18,.0769,.2308,.5385,.5385,.5385,.6154,.1111,.2609,.4242,.3256,.2642,.2785
22,"casa_batllo",1.0,1.0,1.0,1.0,1.0,1.0,.16,.2,.32,.56,.64,.76,.2759,.3333,.4848,.7179,.7805,.8636
23,"casa_rosada",1.0,1.0,.85,.9,.9,.92,.16,.28,.32,.56,.76,.8,.2759,.4375,.465,.6904,.8241,.8558
24,"castillo_de_san_marcos",.8,.6,.65,.7667,.65,.68,.12,.2,.4,.56,.56,.64,.2087,.3,.4952,.6472,.6017,.6594
25,"chartres_cathedral",1.0,1.0,1.0,.9667,.9,.92,.2,.36,.48,.52,.64,.72,.3333,.5294,.6486,.6762,.7481,.8078
26,"chichen_itza",.8,.7,.7,.7667,.8,.84,.12,.2,.28,.44,.52,.6,.2087,.3111,.4,.5591,.6303,.7
27,"christ_the_redeemer_rio",.4,.6,.75,.6,.525,.46,.087,.1304,.3043,.4348,.4783,.5217,.1429,.2143,.433,.5042,.5005,.4889
28,"civic_center_san_francisco",1.0,1.0,.75,.7667,.775,.7,.2,.24,.36,.44,.52,.56,.3333,.3871,.4865,.5591,.6224,.6222
29,"cologne_cathedral",1.0,1.0,.95,.9667,.95,.94,.16,.24,.4,.48,.64,.68,.2759,.3871,.563,.6415,.7648,.7891
30,"colosseum",1.0,1.0,.95,.9333,.875,.9,.16,.32,.44,.52,.52,.6,.2759,.4848,.6014,.6679,.6523,.72
31,"doge_s_palace",1.0,.9,.8,.8667,.875,.86,.12,.2,.28,.44,.44,.44,.2143,.3273,.4148,.5837,.5856,.5822
32,"eiffel_tower",1.0,1.0,1.0,.9667,.95,.96,.12,.24,.36,.44,.48,.48,.2143,.3871,.5294,.6047,.6378,.64
33,"golden_gate_bridge",.8,.7,.6,.6333,.675,.68,.1304,.2174,.3043,.4783,.5217,.6087,.2243,.3318,.4038,.545,.5886,.6424
34,"grand_palais",1.0,1.0,.95,.9333,.9,.92,.1818,.2273,.4091,.5455,.5455,.5909,.3077,.3704,.5719,.6885,.6792,.7196
35,"guggenheim_museum_bilbao",1.0,1.0,1.0,1.0,1.0,1.0,.08,.24,.44,.52,.52,.64,.1481,.3871,.6111,.6842,.6842,.7805
36,"hagia_sophia_istanbul",1.0,1.0,.95,.9333,.95,.96,.12,.2,.48,.56,.64,.64,.2143,.3333,.6378,.7,.7648,.768
37,"hoover_dam",1.0,1.0,1.0,.9333,.95,.94,.16,.28,.44,.56,.64,.72,.2759,.4375,.6111,.7,.7648,.8154
38,"humayun_tomb",.4,.5,.7,.7667,.75,.76,.08,.2,.44,.56,.6,.64,.1333,.2857,.5404,.6472,.6667,.6949
39,"iguazu_falls",.2,.6,.65,.7,.75,.74,.04,.24,.32,.44,.56,.6,.0667,.3429,.4289,.5404,.6412,.6627
40,"iolani_palace",.8,.9,.65,.7,.75,.66,.08,.28,.36,.48,.6,.64,.1455,.4271,.4634,.5695,.6667,.6498
41,"la_mezquita",.8,.9,.75,.8,.775,.76,.125,.2917,.4167,.5417,.625,.6667,.2162,.4406,.5357,.646,.692,.7103
42,"la_rambla_barcelona",.8,.9,.9,.9333,.95,.92,.16,.32,.44,.52,.56,.64,.2667,.4721,.591,.6679,.7046,.7549
43,"la_sainte_chapelle",1.0,1.0,.95,.9333,.95,.96,.2,.28,.52,.56,.68,.84,.3333,.4375,.6721,.7,.7926,.896
44,"liberty_memorial",.4,.5,.45,.4333,.525,.58,.08,.2,.24,.32,.4,.48,.1333,.2857,.313,.3681,.4541,.5253
45,"lincoln_home",.8,.9,.9,.9,.925,.94,.1111,.2778,.5,.6111,.7222,.8333,.1951,.4245,.6429,.7279,.8111,.8835
46,"machu_picchu",.6,.7,.8,.7333,.775,.78,.08,.24,.36,.44,.56,.64,.1412,.3574,.4966,.55,.6502,.7031
47,"marble_arch_london",.4,.5,.55,.5,.5,.42,.1667,.3333,.5,.6667,.75,.75,.2353,.4,.5238,.5714,.6,.5385
48,"milan_cathedral",.8,.8,.85,.8667,.875,.9,.16,.28,.4,.44,.68,.76,.2667,.4148,.544,.5837,.7653,.8241
49,"mole_antonelliana",.6,.7,.7,.8,.775,.76,.08,.16,.28,.32,.44,.56,.1412,.2605,.4,.4571,.5613,.6448
50,"mont_saint_michel",.8,.9,.95,.9333,.95,.96,.12,.28,.36,.44,.48,.56,.2087,.4271,.5221,.5981,.6378,.7074
51,"moulin_rouge",.0,.0,.0,.0667,.125,.1,.0,.0,.0,.25,.375,.375,.0,.0,.0,.1053,.1875,.1579
52,"nelson_s_column",1.0,1.0,1.0,.9,.925,.9,.125,.2083,.3333,.375,.5,.5833,.2222,.3448,.5,.5294,.6491,.7079
53,"notre_dame_de_paris",1.0,.9,.95,.9333,.9,.92,.12,.16,.36,.48,.56,.64,.2143,.2717,.5221,.634,.6904,.7549
54,"obelisco",.0,.0,.15,.1333,.15,.16,.0,.0,.2727,.3636,.4545,.5455,.0,.0,.1935,.1951,.2256,.2474
55,"piccadilly_circus",.8,.9,.8,.7667,.775,.74,.1739,.3043,.4348,.5217,.5652,.6522,.2857,.4549,.5634,.6209,.6537,.6933
56,"place_de_la_concorde",1.0,1.0,1.0,.9667,.95,.96,.16,.36,.44,.52,.6,.68,.2759,.5294,.6111,.6762,.7355,.7961
57,"place_de_la_republique",.6,.4,.4,.3,.275,.24,.375,.5,.75,.75,.75,.75,.4615,.4444,.5217,.4286,.4024,.3636
58,"place_des_vosges",1.0,.7,.5,.5667,.65,.7,.2,.28,.32,.36,.52,.52,.3333,.4,.3902,.4403,.5778,.5967
59,"pont_du_gard",1.0,1.0,.9,.9,.9,.9,.16,.24,.36,.48,.6,.64,.2759,.3871,.5143,.6261,.72,.7481
60,"pont_neuf",.8,.9,.8,.6333,.675,.7,.12,.24,.32,.36,.56,.64,.2087,.3789,.4571,.4591,.6121,.6687
61,"ponte_vecchio",1.0,1.0,.95,.8333,.85,.8,.2083,.3333,.4583,.4583,.5417,.5833,.3448,.5,.6183,.5914,.6617,.6747
62,"puerta_de_alcala",.2,.3,.45,.5667,.575,.62,.0526,.1579,.3158,.4211,.4737,.5789,.0833,.2069,.3711,.4831,.5194,.5988
63,"puerta_del_sol",.4,.6,.7,.5333,.475,.4,.1,.25,.3,.35,.4,.4,.16,.3529,.42,.4226,.4343,.4
64,"red_fort",1.0,1.0,1.0,1.0,1.0,.98,.2,.24,.44,.56,.64,.64,.3333,.3871,.6111,.7179,.7805,.7743
65,"reims_cathedral",1.0,1.0,1.0,1.0,1.0,.98,.16,.24,.4,.52,.56,.64,.2759,.3871,.5714,.6842,.7179,.7743
66,"rialto_bridge",1.0,.6,.7,.5667,.5,.56,.125,.1875,.375,.4375,.4375,.5625,.2222,.2857,.4884,.4938,.4667,.5612
67,"roman_forum_rome",.6,.6,.65,.7333,.725,.68,.08,.2,.36,.44,.56,.56,.1412,.3,.4634,.55,.6319,.6142
68,"sacre_coeur",.2,.4,.6,.5667,.55,.64,.0417,.0833,.2083,.3333,.4167,.5,.069,.1379,.3093,.4198,.4741,.5614
69,"sagrada_familia",1.0,1.0,1.0,.9667,.925,.94,.04,.16,.36,.44,.6,.64,.0769,.2759,.5294,.6047,.7279,.7615
70,"santa_maria_novella",.0,.2,.35,.4667,.525,.56,.0,.08,.24,.36,.48,.6,.0,.1143,.2847,.4065,.5015,.5793
71,"schonbrunn_palace",1.0,.9,.95,.9667,.975,.98,.16,.32,.36,.44,.48,.52,.2759,.4721,.5221,.6047,.6433,.6795
72,"seville_cathedral",.8,.8,.85,.8667,.9,.92,.08,.2,.36,.52,.64,.76,.1455,.32,.5058,.65,.7481,.8324
73,"spanish_steps",.4,.6,.75,.7667,.75,.7,.0909,.2273,.4545,.5455,.5909,.6818,.1481,.3297,.566,.6374,.661,.6908
74,"st__basil_cathedral",1.0,1.0,1.0,.9333,.9,.9,.2,.28,.52,.56,.6,.64,.3333,.4375,.6842,.7,.72,.7481
75,"statue_of_liberty",1.0,1.0,.95,.9333,.925,.88,.16,.24,.36,.48,.6,.6,.2759,.3871,.5221,.634,.7279,.7135
76,"stonehenge",.8,.6,.65,.6667,.65,.6,.1579,.1579,.3158,.5789,.5789,.5789,.2637,.25,.4251,.6197,.6124,.5893
77,"summer_palace_beijing",1.0,1.0,1.0,.9,.9,.9,.16,.32,.4,.48,.64,.68,.2759,.4848,.5714,.6261,.7481,.7747
78,"sydney_opera_house",1.0,1.0,1.0,.9667,.925,.92,.2,.24,.4,.52,.56,.64,.3333,.3871,.5714,.6762,.6976,.7549
79,"teotihuacan",.8,.8,.7,.6667,.675,.62,.16,.28,.4,.52,.56,.6,.2667,.4148,.5091,.5843,.6121,.6098
80,"terracotta_army",.4,.3,.65,.5667,.575,.5,.1,.1,.5,.5,.6,.7,.16,.15,.5652,.5312,.5872,.5833
81,"the_blue_mosque",1.0,.8,.9,.9,.925,.92,.16,.24,.36,.44,.56,.6,.2759,.3692,.5143,.591,.6976,.7263
82,"the_henry_ford",1.0,.9,.85,.8333,.75,.62,.16,.2,.32,.44,.52,.52,.2759,.3273,.465,.5759,.6142,.5656
83,"taj_mahal",1.0,.9,.9,.9,.925,.9,.2,.28,.4,.44,.56,.6,.3333,.4271,.5538,.591,.6976,.72
84,"tour_montparnasse",.6,.7,.6,.5333,.525,.46,.15,.2,.45,.5,.6,.6,.24,.3111,.5143,.5161,.56,.5208
85,"tower_bridge_london",.4,.7,.7,.5667,.55,.58,.08,.24,.32,.4,.48,.52,.1333,.3574,.4392,.469,.5126,.5484
86,"trafalgar_square",.4,.4,.5,.5333,.425,.48,.0909,.1818,.3182,.4091,.4091,.4545,.1481,.25,.3889,.463,.4169,.4669
87,"leaning_tower_of_pisa",.6,.5,.6,.6333,.6,.54,.12,.16,.36,.48,.52,.56,.2,.2424,.45,.5461,.5571,.5498
88,"hermitage_museum_saint_petersburg",1.0,1.0,.95,.8667,.875,.82,.16,.2,.32,.36,.48,.52,.2759,.3333,.4787,.5087,.6199,.6364
89,"jantar_mantar_jaipur",1.0,1.0,.8,.8,.825,.86,.16,.32,.4,.48,.6,.72,.2759,.4848,.5333,.6,.6947,.7838
90,"lake_titicaca_peru",.2,.3,.45,.5333,.475,.5,.0417,.0833,.2917,.3333,.375,.5,.069,.1304,.3539,.4103,.4191,.5
91,"the_great_wall_of_china",1.0,.9,.9,.8,.85,.86,.2,.24,.4,.48,.64,.64,.3333,.3789,.5538,.6,.7302,.7339
92,"grande_arche_paris",.6,.7,.65,.7,.675,.62,.08,.16,.24,.32,.32,.36,.1412,.2605,.3506,.4392,.4342,.4555
93,"el_angel_mexico",1.0,1.0,.85,.7333,.6,.62,.1905,.381,.4762,.5714,.619,.6667,.32,.5517,.6104,.6423,.6094,.6425
94,"bibliotheque_nationale_de_france",.6,.6,.7,.8,.775,.78,.08,.16,.28,.44,.56,.64,.1412,.2526,.4,.5677,.6502,.7031
95,"kronborg_castle",.8,.7,.75,.6667,.7,.66,.125,.25,.4583,.4583,.5,.5417,.2162,.3684,.569,.5432,.5833,.595
96,"ajanta_caves",.6,.8,.9,.9,.925,.92,.1364,.2727,.5,.5455,.6364,.6818,.2222,.4068,.6429,.6792,.754,.7832
97,"atomium",.8,.9,.9,.9333,.95,.94,.0952,.1905,.4286,.4762,.4762,.4762,.1702,.3144,.5806,.6306,.6344,.6321
98,"ellora_caves",1.0,1.0,1.0,.9,.9,.92,.2273,.2727,.4091,.5,.5909,.6364,.3704,.4286,.5806,.6429,.7134,.7523
99,"potala_palace",.8,.9,.85,.8333,.825,.84,.1667,.2222,.3333,.3889,.5,.6111,.2759,.3564,.4789,.5303,.6226,.7075
100,"jokhang",1.0,.9,.75,.7667,.775,.8,.16,.28,.36,.52,.56,.68,.2759,.4271,.4865,.6197,.6502,.7351
101,"rila_monastery",1.0,.7,.85,.8667,.875,.9,.2,.2,.32,.4,.44,.52,.3333,.3111,.465,.5474,.5856,.6592
102,"louvre_pyramid",.8,.7,.85,.9,.9,.92,.1667,.2222,.4444,.5556,.5556,.6667,.2759,.3373,.5837,.687,.687,.7731
103,"brooklyn_bridge",.4,.7,.75,.8333,.85,.82,.0952,.2857,.381,.4762,.5714,.5714,.1538,.4058,.5053,.6061,.6834,.6735
104,"tower_of_london",.8,.7,.8,.8,.775,.72,.1304,.1739,.2609,.3478,.5652,.6522,.2243,.2786,.3934,.4848,.6537,.6844
105,"british_museum_london",1.0,1.0,1.0,.9667,.95,.96,.15,.25,.35,.35,.4,.5,.2609,.4,.5185,.5139,.563,.6575
106,"buckingham_palace",.6,.6,.55,.5,.45,.42,.1,.15,.2,.25,.25,.3,.1714,.24,.2933,.3333,.3214,.35
107,"charles_bridge_prague",1.0,.9,.7,.5667,.525,.56,.125,.1667,.1667,.25,.3333,.4583,.2222,.2812,.2692,.3469,.4078,.5041
108,"champs_elysees_paris",1.0,1.0,.75,.7667,.7,.66,.2667,.2667,.3333,.4667,.5333,.6667,.4211,.4211,.4615,.5802,.6054,.6633
109,"chrysler_building",1.0,1.0,1.0,1.0,1.0,1.0,.2857,.4286,.5714,.7143,.7143,.8571,.4444,.6,.7273,.8333,.8333,.9231
110,"moma_new_york",1.0,.8,.85,.9,.9,.9,.1579,.2632,.3684,.4211,.5263,.5789,.2727,.396,.514,.5737,.6642,.7046
111,"grand_central_terminal",1.0,1.0,1.0,1.0,.975,.98,.1429,.1429,.2381,.3333,.4286,.5238,.25,.25,.3846,.5,.5954,.6827
112,"houses_of_parliament",1.0,1.0,1.0,1.0,1.0,1.0,.1739,.2174,.3043,.3043,.4348,.5217,.2963,.3571,.4667,.4667,.6061,.6857
113,"alexanderplatz_berlin",.0,.1,.45,.6,.65,.68,.0,.04,.32,.4,.52,.52,.0,.0571,.374,.48,.5778,.5893
114,"centre_pompidou",.4,.7,.65,.6333,.65,.72,.1111,.3333,.4444,.5556,.6667,.6667,.1739,.4516,.5279,.5919,.6582,.6923
115,"sydney_harbour_bridge",1.0,1.0,.95,.9667,.975,.98,.1875,.375,.5,.625,.6875,.75,.3158,.5455,.6552,.7592,.8064,.8497
116,"pier_39",1.0,1.0,.95,.9667,.95,.92,.1429,.3333,.5714,.5714,.619,.6667,.25,.5,.7136,.7183,.7496,.7731
117,"coit_tower",.8,.6,.45,.4333,.5,.58,.1333,.2,.2667,.4,.4,.4667,.2286,.3,.3349,.416,.4444,.5172
118,"st_paul_s_cathedral_london",1.0,1.0,.9,.9333,.9,.86,.1765,.2941,.4706,.6471,.7059,.7647,.3,.4545,.618,.7643,.7912,.8096
119,"cloud_gate",.6,.8,.45,.5667,.575,.64,.25,.25,.3333,.4167,.4167,.5,.3529,.381,.383,.4802,.4832,.5614
120,"musee_d_orsay",1.0,.9,.9,.9,.9,.92,.1905,.2857,.4286,.5238,.619,.7143,.32,.4337,.5806,.6622,.7335,.8042
121,"pike_place_market",1.0,.9,.9,.8667,.875,.84,.1429,.2381,.3333,.4286,.5238,.5238,.25,.3766,.4865,.5735,.6553,.6453
122,"royal_palace_madrid",.6,.8,.75,.8333,.825,.84,.1364,.2273,.3636,.4545,.5,.7273,.2222,.354,.4898,.5882,.6226,.7796
123,"sony_center_berlin",.8,.9,.9,.9333,.925,.94,.0952,.1905,.3333,.4286,.4762,.4762,.1702,.3144,.4865,.5874,.6287,.6321
124,"red_square_moscow",.6,.8,.8,.6667,.65,.68,.0952,.1429,.2381,.3333,.4762,.6667,.1644,.2424,.367,.4444,.5497,.6733
125,"prague_castle",.8,.9,.9,.8667,.875,.84,.16,.28,.4,.6,.6,.68,.2667,.4271,.5538,.7091,.7119,.7516
126,"musee_du_louvre",1.0,1.0,.95,.9667,.975,.98,.16,.24,.36,.44,.6,.68,.2759,.3871,.5221,.6047,.7429,.8029
127,"millennium_bridge_london",.8,.7,.75,.7333,.8,.8,.16,.24,.32,.4,.4,.52,.2667,.3574,.4486,.5176,.5333,.6303
128,"casa_mila",1.0,.9,.9,.9333,.95,.96,.16,.32,.52,.6,.6,.64,.2759,.4721,.6592,.7304,.7355,.768
129,"national_gallery_london",.6,.4,.6,.7,.725,.74,.1364,.1818,.4091,.5455,.5455,.5909,.2222,.25,.4865,.6131,.6225,.6571
130,"national_mall",1.0,.9,.8,.8667,.825,.82,.2,.28,.44,.6,.72,.76,.3333,.4271,.5677,.7091,.7689,.7889
131,"london_city_hall",.8,.9,.95,.8667,.9,.86,.15,.25,.4,.55,.65,.7,.2526,.3913,.563,.6729,.7548,.7718
132,"holocaust_memorial",1.0,1.0,.85,.6667,.625,.64,.3125,.4375,.5,.5625,.5625,.625,.4762,.6087,.6296,.6102,.5921,.6324
133,"columbus_circle",.6,.7,.8,.6667,.65,.58,.12,.24,.48,.56,.6,.64,.2,.3574,.6,.6087,.624,.6085
134,"siegessaeule",1.0,1.0,1.0,.9,.75,.68,.16,.24,.44,.64,.68,.72,.2759,.3871,.6111,.7481,.7133,.6994
135,"jardin_du_luxembourg",1.0,1.0,1.0,.9,.925,.9,.2,.32,.56,.6,.72,.76,.3333,.4848,.7179,.72,.8097,.8241
136,"merlion_singapore",.2,.2,.15,.3,.25,.34,.0455,.0455,.0909,.1818,.2273,.4545,.0741,.0741,.1132,.2264,.2381,.389
137,"harrods_london",1.0,.9,.9,.8667,.85,.88,.2,.24,.48,.56,.72,.72,.3333,.3789,.6261,.6804,.7796,.792
138,"metropolitan_museum_of_art_new_york",.8,.9,.95,.9667,.925,.94,.16,.32,.48,.52,.56,.6,.2667,.4721,.6378,.6762,.6976,.7325
139,"new_york_stock_exchange",1.0,1.0,.75,.6,.675,.6,.25,.3,.35,.4,.4,.45,.4,.4615,.4773,.48,.5023,.5143
140,"stephansdom_vienna",1.0,1.0,.95,.9667,.975,.98,.12,.32,.44,.6,.64,.64,.2143,.4848,.6014,.7404,.7728,.7743
141,"hms_belfast",1.0,1.0,1.0,1.0,1.0,.94,.16,.24,.4,.44,.56,.64,.2759,.3871,.5714,.6111,.7179,.7615
142,"leicester_square",.8,.8,.8,.6,.65,.64,.16,.16,.24,.32,.44,.48,.2667,.2667,.3692,.4174,.5248,.5486
143,"ciudad_de_las_artes_y_las_ciencias",.8,.8,.9,.9333,.95,.94,.16,.28,.44,.52,.56,.68,.2667,.4148,.591,.6679,.7046,.7891
144,"topkapi_palace",1.0,1.0,.95,.9333,.95,.96,.2,.28,.48,.48,.64,.8,.3333,.4375,.6378,.634,.7648,.8727
145,"royal_albert_hall",1.0,.9,.8,.8,.75,.68,.2,.24,.32,.44,.44,.44,.3333,.3789,.4571,.5677,.5546,.5343
146,"st_vitus_cathedral",1.0,1.0,.95,.9667,.925,.94,.16,.28,.44,.48,.64,.68,.2759,.4375,.6014,.6415,.7565,.7891
147,"castello_sforzesco",1.0,1.0,.95,.9,.925,.9,.2,.24,.28,.44,.48,.48,.3333,.3871,.4325,.591,.632,.6261
148,"rijksmuseum_amsterdam",1.0,1.0,1.0,1.0,1.0,1.0,.08,.2,.24,.36,.56,.6,.1481,.3333,.3871,.5294,.7179,.75
149,"dam_square",.8,.7,.75,.8,.725,.68,.12,.16,.36,.4,.4,.52,.2087,.2605,.4865,.5333,.5156,.5893
150,"rathaus_vienna",1.0,1.0,.95,.8333,.825,.76,.08,.12,.32,.32,.36,.44,.1481,.2143,.4787,.4624,.5013,.5573
151,"bath_abbey",1.0,1.0,1.0,.9667,.95,.96,.2,.32,.44,.52,.56,.64,.3333,.4848,.6111,.6762,.7046,.768
152,"salisbury_cathedral",1.0,1.0,1.0,.9667,.975,.98,.12,.2,.24,.36,.48,.52,.2143,.3333,.3871,.5246,.6433,.6795
153,"templo_de_debod",.4,.2,.35,.3,.375,.4,.0909,.0909,.1818,.2273,.2273,.3636,.1481,.125,.2393,.2586,.283,.381
154,"Niagara_Falls",.4,.5,.45,.5333,.575,.56,.0909,.1818,.2727,.4545,.5,.5,.1481,.2667,.3396,.4908,.5349,.5283
155,"Golden_Gate_Bridge_in_San_Francisco",1.0,.9,.9,.9,.925,.94,.1364,.2273,.3636,.4545,.5909,.6364,.24,.3629,.518,.604,.7211,.7589
156,"Neuschwanstein_Castle",1.0,1.0,.95,.9667,.975,.98,.12,.24,.4,.6,.64,.72,.2143,.3871,.563,.7404,.7728,.8301
157,"Christ_Church_Cathedral_Missouri",1.0,1.0,1.0,1.0,1.0,.96,.2,.36,.44,.56,.64,.68,.3333,.5294,.6111,.7179,.7805,.7961
158,"Mount_Rushmore_in_South_Dakota",.8,.9,.9,.9333,.95,.94,.16,.24,.36,.48,.64,.68,.2667,.3789,.5143,.634,.7648,.7891
159,"Puerta_de_Toledo",.2,.3,.15,.1,.075,.06,.5,1.0,1.0,1.0,1.0,1.0,.2857,.4615,.2609,.1818,.1395,.1132
160,"Urquhart_Castle",1.0,.9,.75,.7667,.8,.84,.2083,.3333,.4167,.5417,.6667,.75,.3448,.4865,.5357,.6348,.7273,.7925
161,"Gare_du_Nord_Paris",.6,.3,.65,.7667,.75,.78,.12,.12,.24,.4,.4,.44,.2,.1714,.3506,.5257,.5217,.5626
162,"Newgrange_in_Ireland",.8,.8,.7,.7,.7,.66,.1667,.3333,.375,.4583,.5417,.5417,.2759,.4706,.4884,.554,.6107,.595
163,"Windmills_at_Kinderdijk",.8,.8,.8,.8667,.85,.82,.16,.24,.36,.44,.44,.52,.2667,.3692,.4966,.5837,.5798,.6364
164,"Conciergerie",.8,.9,.95,.9667,.975,.98,.12,.2,.44,.56,.64,.68,.2087,.3273,.6014,.7092,.7728,.8029
165,"Palazzo_Madama",.6,.6,.75,.8333,.8,.76,.1364,.2273,.4091,.5455,.6818,.7273,.2222,.3297,.5294,.6593,.7362,.7433
166,"Split_Rock_Lighthouse",.8,.9,.95,.9667,.9,.88,.16,.24,.32,.4,.44,.44,.2667,.3789,.4787,.5659,.591,.5867
167,"The_Little_Mermaid_Denmark",1.0,1.0,1.0,1.0,.975,.88,.3571,.4286,.7143,.8571,.9286,.9286,.5263,.6,.8333,.9231,.9512,.9036
168,"Great_Pyramid_of_Giza",.2,.4,.5,.6333,.675,.64,.0667,.2,.4667,.7333,.7333,.8,.1,.2667,.4828,.6797,.703,.7111
169,"Pitti_Palace",.8,.9,.9,.9,.825,.72,.1818,.2273,.4091,.5,.5,.5,.2963,.3629,.5625,.6429,.6226,.5902
170,"Georgia_State_Capitol",.8,.8,.6,.4,.425,.36,.2105,.2632,.2632,.2632,.2632,.2632,.3333,.396,.3659,.3175,.325,.3041
171,"Dome_des_Invalides",1.0,1.0,1.0,1.0,.975,.98,.16,.24,.28,.4,.44,.6,.2759,.3871,.4375,.5714,.6064,.7443
172,"Reggia_di_Caserta",.2,.3,.4,.4,.525,.52,.04,.12,.28,.4,.48,.52,.0667,.1714,.3294,.4,.5015,.52
173,"The_Burj_al_Arab_Hotel",.8,.8,.85,.8333,.825,.8,.16,.24,.36,.44,.48,.52,.2667,.3692,.5058,.5759,.6069,.6303
174,"Elephanta_Caves",1.0,1.0,.95,.9667,.975,.96,.125,.25,.4167,.5417,.6667,.6667,.2222,.4,.5793,.6943,.7919,.7869
175,"Basilica_of_Santa_Croce",1.0,1.0,1.0,1.0,1.0,1.0,.2,.24,.36,.48,.52,.68,.3333,.3871,.5294,.6486,.6842,.8095
176,"Aachen_Cathedral",1.0,1.0,.95,.9,.9,.92,.12,.24,.44,.48,.52,.64,.2143,.3871,.6014,.6261,.6592,.7549
177,"Monument_to_the_Great_Fire_of_London",.8,.5,.6,.5333,.625,.6,.16,.2,.36,.44,.56,.56,.2667,.2857,.45,.4822,.5907,.5793
178,"Longmen_Grottoes",.4,.7,.5,.5,.525,.52,.08,.24,.32,.48,.64,.72,.1333,.3574,.3902,.4898,.5768,.6039
179,"Louisiana_State_Capitol",.4,.3,.3,.2667,.25,.26,.08,.12,.24,.32,.36,.4,.1333,.1714,.2667,.2909,.2951,.3152
180,"The_Great_Sphinx_at_Giza",.6,.8,.9,.8667,.8,.8,.08,.2,.32,.4,.44,.6,.1412,.32,.4721,.5474,.5677,.6857
181,"Teatro_Real_Madrid",1.0,1.0,.7,.5667,.675,.6,.2174,.3913,.4783,.5217,.6957,.6957,.3571,.5625,.5683,.5433,.6852,.6443
182,"Palacio_de_la_Magdalena",.6,.5,.7,.7333,.75,.7,.12,.12,.32,.48,.56,.64,.2,.1935,.4392,.5802,.6412,.6687
183,"Sowjetisches_Ehrenmal",.8,.8,.8,.6333,.675,.66,.16,.28,.4,.52,.64,.72,.2667,.4148,.5333,.5711,.657,.6887
184,"Cathedral_of_Trier",.8,.9,.9,.9,.925,.94,.16,.28,.48,.64,.72,.76,.2667,.4271,.6261,.7481,.8097,.8405
185,"Saint_Mary_of_the_Flower",.4,.4,.2,.1333,.1,.14,.08,.12,.12,.12,.12,.24,.1333,.1846,.15,.1263,.1091,.1768
186,"Skellig_Michael",.4,.6,.65,.7,.725,.72,.08,.16,.32,.52,.6,.64,.1333,.2526,.4289,.5967,.6566,.6776
187,"Chicago_Board_of_Trade_Building",1.0,.9,.85,.7667,.775,.78,.1818,.3182,.5,.6364,.6818,.7273,.3077,.4701,.6296,.6955,.7254,.7527
188,"Pont_de_Normandie_France",1.0,1.0,.85,.8333,.85,.84,.2632,.4211,.6316,.6842,.7368,.7368,.4167,.5926,.7247,.7514,.7894,.785
189,"Palazzo_Rosso",.0,.0,.0,.0,.075,.1,.0,.0,.0,.0,.0833,.1667,.0,.0,.0,.0,.0789,.125
190,"Piazza_Vittorio_Veneto",.4,.7,.55,.6,.575,.54,.125,.4375,.5625,.6875,.75,.875,.1905,.5385,.5562,.6408,.6509,.6678
191,"Sforza_Castle",1.0,1.0,.95,.9333,.875,.88,.2,.32,.44,.52,.56,.64,.3333,.4848,.6014,.6679,.6829,.7411
192,"Torres_KIO",.8,.8,.85,.9,.9,.86,.16,.2,.4,.44,.6,.6,.2667,.32,.544,.591,.72,.7068
193,"Torre_Picasso",1.0,1.0,.95,.9,.825,.84,.2083,.3333,.5417,.5833,.625,.625,.3448,.5,.6899,.7079,.7112,.7167
194,"The_Palace_of_Parliament_in_Bucharest",.8,.9,.95,.8667,.9,.88,.16,.16,.2,.28,.44,.56,.2667,.2717,.3304,.4233,.591,.6844
195,"Ernest_Hemingway_House",.8,.9,.8,.7667,.725,.74,.12,.2,.32,.52,.68,.72,.2087,.3273,.4571,.6197,.7018,.7299
196,"Castel_dellOvo_Napoli",1.0,1.0,.9,.9333,.925,.94,.2,.32,.52,.72,.72,.76,.3333,.4848,.6592,.8129,.8097,.8405
197,"Villa_Borghese_gardens",1.0,1.0,1.0,1.0,.95,.96,.2,.32,.48,.64,.68,.76,.3333,.4848,.6486,.7805,.7926,.8484
198,"Saint_Marks_Basilica",1.0,1.0,1.0,1.0,1.0,1.0,.2,.28,.32,.36,.44,.48,.3333,.4375,.4848,.5294,.6111,.6486
199,"Mausoleum_of_the_First_Qin_Emperor",.8,.8,.8,.8333,.85,.82,.16,.28,.44,.52,.52,.6,.2667,.4148,.5677,.6404,.6453,.693
200,"Mausoleum_of_Hadrian",1.0,.9,.85,.6667,.725,.7,.1111,.2222,.3333,.3889,.5,.5556,.2,.3564,.4789,.4912,.5918,.6195
201,"Piazza_de_Ferrari",1.0,1.0,.95,.8667,.9,.92,.2105,.3684,.4211,.4211,.5263,.5263,.3478,.5385,.5835,.5668,.6642,.6696
202,"George_Washington_Carver",.6,.8,.8,.6,.625,.58,.125,.25,.4375,.4375,.625,.6875,.2069,.381,.5657,.506,.625,.6292
203,"Cathedral_of_Santiago_de_Compostela",.8,.9,.8,.8667,.875,.88,.2353,.3529,.4706,.6471,.8235,.8824,.3636,.507,.5926,.7409,.8485,.8812
204,"Saint-Jacques_Tower",1.0,.9,.8,.7667,.8,.82,.3077,.3077,.3846,.5385,.6154,.7692,.4706,.4586,.5195,.6326,.6957,.7938
205,"Calakmul_Campeche_Mexico",1.0,1.0,.95,.9,.875,.82,.2143,.3571,.4286,.5,.6429,.7143,.3529,.5263,.5907,.6429,.7412,.7635
206,"Bran_Castle_in_Transylvania",1.0,.9,.85,.9,.8,.84,.2632,.2632,.3684,.3684,.3684,.5789,.4167,.4072,.514,.5228,.5045,.6855
207,"Mosteiro_da_Batalha",1.0,1.0,1.0,1.0,1.0,1.0,.2632,.3684,.6316,.7368,.7895,.7895,.4167,.5385,.7742,.8485,.8824,.8824
208,"Wartburg_Castle",.8,.9,.9,.9333,.925,.94,.2,.4,.6,.75,.8,.8,.32,.5538,.72,.8317,.858,.8644
209,"Fujian_Tulou_Fujian_China",1.0,1.0,1.0,1.0,.975,.96,.2222,.3889,.6111,.6667,.7222,.7778,.3636,.56,.7586,.8,.8298,.8593
210,"Alabama_State_Capitol",.4,.4,.7,.7,.725,.7,.0952,.1905,.619,.7143,.7619,.7619,.1538,.2581,.657,.7071,.743,.7296
211,"Palazzo_dAccursio",1.0,.8,.9,.7333,.775,.74,.1111,.2222,.3333,.3889,.5,.6111,.2,.3478,.4865,.5083,.6078,.6694
212,"Casa_Grande_Ruins",.8,.9,.9,.9,.85,.88,.1765,.2941,.3529,.4706,.4706,.5294,.2892,.4433,.507,.618,.6058,.6611
213,"Stravinsky_Fountain",1.0,1.0,.95,.9,.9,.88,.1333,.3333,.3333,.4,.4667,.5333,.2353,.5,.4935,.5538,.6146,.6642
214,"Angel_Falls_Venezuela",.4,.5,.6,.6,.575,.58,.1176,.2941,.4706,.5294,.6471,.8824,.1818,.3704,.5275,.5625,.6089,.6999
215,"Statue_of_George_IV",.8,.8,.6,.5,.475,.46,.375,.5,.75,.75,1.0,1.0,.5106,.6154,.6667,.6,.6441,.6301
216,"Palacio_Barolo",1.0,1.0,.95,.9333,.9,.9,.1765,.4118,.5294,.5882,.5882,.6471,.3,.5833,.6799,.7216,.7115,.7529
217,"Bridge_of_Remembrance_Christchurch_New_Zealand",1.0,1.0,.9,.9,.8,.76,.25,.5,.8333,.9167,.9167,1.0,.4,.6667,.8654,.9083,.8544,.8636
218,"John_A._Roebling_Suspension_Bridge",.6,.3,.4,.4,.4,.4,.2,.2,.4667,.5333,.6667,.7333,.3,.24,.4308,.4571,.5,.5176
219,"Blue_Dome_Santorini",1.0,1.0,.85,.8,.85,.84,.25,.5,.625,.625,.75,.75,.4,.6667,.7203,.7018,.7969,.7925
220,"Fossar_de_les_Moreres",.6,.6,.55,.4667,.475,.46,.2143,.3571,.5,.5714,.7143,.7143,.3158,.4478,.5238,.5138,.5706,.5596
221,"Luxor_Obelisk_France",.8,.8,.8,.8,.675,.7,.25,.25,.3125,.3125,.375,.375,.381,.381,.4494,.4494,.4821,.4884
222,"Valle_de_los_Caidos",1.0,1.0,.85,.8333,.875,.88,.2,.3,.45,.6,.6,.7,.3333,.4615,.5885,.6977,.7119,.7797
--------------------
"--","Avg.",P@5,P@10,P@20,P@30,P@40,P@50,CR@5,CR@10,CR@20,CR@30,CR@40,CR@50,F1@5,F1@10,F1@20,F1@30,F1@40,F1@50
,.,782,.7914,.7836,.7724,.7699,.7641,.1499,.2491,.3892,.4847,.5618,.624,.2462,.3696,.5061,.5805,.6345,.6714
