--------------------
"Run name","output_runJCDDtrs"
--------------------
"Average P@20 = ",.786
"Average CR@20 = ",.3852
"Average F1@20 = ",.5039
--------------------
"Query Id ","Location name",P@5,P@10,P@20,P@30,P@40,P@50,CR@5,CR@10,CR@20,CR@30,CR@40,CR@50,F1@5,F1@10,F1@20,F1@30,F1@40,F1@50
1,"angel_of_the_north",1.0,1.0,1.0,1.0,1.0,1.0,.12,.28,.36,.52,.64,.72,.2143,.4375,.5294,.6842,.7805,.8372
2,"big_ben",1.0,1.0,.85,.8333,.85,.88,.0909,.0909,.3182,.5,.5455,.6364,.1667,.1667,.463,.625,.6645,.7386
3,"hearst_castle",1.0,.9,.9,.9333,.95,.96,.1667,.3333,.4583,.6667,.7917,.875,.2857,.4865,.6074,.7778,.8636,.9155
4,"la_madeleine",.6,.6,.35,.3,.275,.34,.1429,.2143,.2857,.3571,.4286,.5714,.2308,.3158,.3146,.3261,.335,.4263
5,"pont_alexandre_iii",1.0,1.0,1.0,.9667,.975,.98,.12,.16,.36,.48,.56,.68,.2143,.2759,.5294,.6415,.7114,.8029
6,"neues_museum",.2,.2,.1,.2,.4,.52,.04,.08,.08,.16,.36,.52,.0667,.1143,.0889,.1778,.3789,.52
7,"montezuma_castle",.2,.6,.55,.4333,.525,.6,.0833,.3333,.5,.5,.6667,.6667,.1176,.4286,.5238,.4643,.5874,.6316
8,"cn_tower",.4,.5,.75,.7667,.65,.58,.0833,.2083,.375,.5,.5,.5833,.1379,.2941,.5,.6053,.5652,.5817
9,"acropolis_athens",.8,.9,.9,.9,.9,.86,.1429,.2857,.381,.4762,.5238,.5238,.2424,.4337,.5353,.6228,.6622,.6511
10,"agra_fort",1.0,.9,.95,.9333,.925,.9,.2,.28,.56,.64,.68,.72,.3333,.4271,.7046,.7593,.7838,.8
11,"albert_memorial",.8,.8,.85,.7333,.775,.76,.0455,.1364,.2727,.3182,.4091,.4545,.086,.233,.413,.4438,.5355,.5689
12,"altes_museum",.6,.4,.25,.5,.525,.54,.125,.125,.1667,.4583,.5833,.6667,.2069,.1905,.2,.4783,.5526,.5967
13,"amiens_cathedral",1.0,1.0,1.0,.9667,.975,.98,.2,.32,.48,.64,.72,.84,.3333,.4848,.6486,.7701,.8283,.9046
14,"angkor_wat",.8,.8,.8,.8667,.85,.78,.12,.24,.44,.56,.72,.76,.2087,.3692,.5677,.6804,.7796,.7699
15,"ara_pacis",1.0,.7,.65,.7333,.675,.7,.2273,.2727,.4091,.5455,.5909,.6364,.3704,.3925,.5021,.6256,.6302,.6667
16,"arc_de_triomphe",.8,.9,.85,.7667,.775,.74,.125,.2083,.3333,.4167,.5,.5833,.2162,.3383,.4789,.5399,.6078,.6524
17,"aztec_ruins",.0,.0,.2,.2333,.325,.34,.0,.0,.16,.16,.32,.44,.0,.0,.1778,.1898,.3225,.3836
18,"berlin_cathedral",1.0,.9,.95,.9333,.925,.9,.2,.32,.48,.68,.68,.72,.3333,.4721,.6378,.7868,.7838,.8
19,"bok_tower_gardens",1.0,.9,.95,.9667,.875,.9,.12,.24,.6,.68,.68,.68,.2143,.3789,.7355,.7984,.7653,.7747
20,"brandenburg_gate",.8,.9,.95,.9667,.975,.98,.12,.2,.24,.4,.56,.64,.2087,.3273,.3832,.5659,.7114,.7743
21,"cabrillo",.0,.4,.4,.2667,.2,.18,.0,.2308,.5385,.5385,.5385,.6154,.0,.2927,.459,.3567,.2917,.2785
22,"casa_batllo",1.0,1.0,1.0,1.0,1.0,1.0,.16,.24,.36,.56,.68,.76,.2759,.3871,.5294,.7179,.8095,.8636
23,"casa_rosada",1.0,.9,.85,.9,.875,.9,.16,.24,.32,.48,.56,.64,.2759,.3789,.465,.6261,.6829,.7481
24,"castillo_de_san_marcos",.8,.6,.65,.7667,.65,.68,.12,.2,.4,.52,.56,.68,.2087,.3,.4952,.6197,.6017,.68
25,"chartres_cathedral",1.0,1.0,.95,.9667,.95,.94,.16,.28,.44,.56,.68,.72,.2759,.4375,.6014,.7092,.7926,.8154
26,"chichen_itza",.8,.6,.7,.7667,.8,.84,.16,.16,.24,.4,.48,.64,.2667,.2526,.3574,.5257,.6,.7265
27,"christ_the_redeemer_rio",.4,.6,.75,.6,.525,.46,.087,.1304,.3043,.4348,.4783,.5652,.1429,.2143,.433,.5042,.5005,.5072
28,"civic_center_san_francisco",1.0,1.0,.85,.8333,.825,.72,.16,.2,.4,.48,.6,.64,.2759,.3333,.544,.6091,.6947,.6776
29,"cologne_cathedral",1.0,1.0,.9,.9333,.925,.94,.16,.28,.44,.52,.64,.68,.2759,.4375,.591,.6679,.7565,.7891
30,"colosseum",1.0,1.0,.95,.9,.9,.92,.12,.28,.4,.48,.52,.6,.2143,.4375,.563,.6261,.6592,.7263
31,"doge_s_palace",1.0,1.0,.8,.8667,.85,.86,.16,.32,.36,.44,.44,.48,.2759,.4848,.4966,.5837,.5798,.6161
32,"eiffel_tower",1.0,1.0,1.0,.9667,.925,.94,.12,.24,.36,.48,.52,.52,.2143,.3871,.5294,.6415,.6657,.6696
33,"golden_gate_bridge",.8,.9,.75,.8,.825,.78,.1304,.2609,.3913,.4348,.5217,.5652,.2243,.4045,.5143,.5634,.6392,.6555
34,"grand_palais",1.0,1.0,.9,.9333,.925,.92,.2273,.3182,.4091,.5455,.5455,.5909,.3704,.4828,.5625,.6885,.6862,.7196
35,"guggenheim_museum_bilbao",1.0,1.0,1.0,1.0,1.0,.98,.08,.2,.36,.48,.48,.6,.1481,.3333,.5294,.6486,.6486,.7443
36,"hagia_sophia_istanbul",1.0,1.0,.95,.9333,.95,.96,.12,.16,.44,.6,.64,.72,.2143,.2759,.6014,.7304,.7648,.8229
37,"hoover_dam",1.0,1.0,1.0,.9667,.975,.96,.2,.32,.44,.48,.52,.68,.3333,.4848,.6111,.6415,.6783,.7961
38,"humayun_tomb",.6,.6,.7,.7667,.75,.78,.12,.2,.36,.52,.56,.6,.2,.3,.4755,.6197,.6412,.6783
39,"iguazu_falls",.4,.6,.6,.7,.725,.74,.08,.24,.28,.48,.56,.64,.1333,.3429,.3818,.5695,.6319,.6864
40,"iolani_palace",1.0,.9,.7,.7333,.775,.68,.12,.28,.36,.52,.6,.68,.2143,.4271,.4755,.6085,.6764,.68
41,"la_mezquita",.8,.8,.7,.7667,.8,.8,.125,.25,.375,.5417,.6667,.7083,.2162,.381,.4884,.6348,.7273,.7514
42,"la_rambla_barcelona",1.0,1.0,.95,.9333,.95,.92,.2,.32,.36,.52,.56,.68,.3333,.4848,.5221,.6679,.7046,.782
43,"la_sainte_chapelle",1.0,1.0,.95,.9333,.95,.96,.16,.32,.52,.64,.68,.8,.2759,.4848,.6721,.7593,.7926,.8727
44,"liberty_memorial",.4,.4,.4,.4,.5,.56,.08,.12,.2,.24,.36,.44,.1333,.1846,.2667,.3,.4186,.4928
45,"lincoln_home",.8,.8,.9,.9,.925,.94,.1111,.2778,.5,.6111,.7222,.8333,.1951,.4124,.6429,.7279,.8111,.8835
46,"machu_picchu",.8,.9,.8,.7333,.775,.8,.12,.24,.32,.44,.48,.64,.2087,.3789,.4571,.55,.5928,.7111
47,"marble_arch_london",.6,.5,.55,.4667,.45,.4,.1667,.3333,.4167,.5,.75,.8333,.2609,.4,.4741,.4828,.5625,.5405
48,"milan_cathedral",.8,.7,.85,.9,.9,.92,.16,.28,.36,.48,.6,.72,.2667,.4,.5058,.6261,.72,.8078
49,"mole_antonelliana",.6,.8,.7,.8,.75,.76,.12,.24,.32,.36,.48,.52,.2,.3692,.4392,.4966,.5854,.6175
50,"mont_saint_michel",1.0,.9,.95,.9667,.975,.96,.2,.32,.36,.48,.52,.64,.3333,.4721,.5221,.6415,.6783,.768
51,"moulin_rouge",.0,.0,.05,.1333,.15,.12,.0,.0,.125,.375,.375,.375,.0,.0,.0714,.1967,.2143,.1818
52,"nelson_s_column",.8,.9,.95,.9,.925,.9,.0833,.25,.4167,.4583,.5833,.6667,.1509,.3913,.5793,.6074,.7155,.766
53,"notre_dame_de_paris",1.0,.9,.95,.9,.9,.92,.12,.16,.36,.44,.52,.6,.2143,.2717,.5221,.591,.6592,.7263
54,"obelisco",.2,.2,.1,.0667,.1,.1,.0909,.1818,.1818,.1818,.1818,.2727,.125,.1905,.129,.0976,.129,.1463
55,"piccadilly_circus",1.0,1.0,.95,.9333,.875,.82,.1739,.3478,.4783,.6087,.6522,.6957,.2963,.5161,.6362,.7368,.7473,.7527
56,"place_de_la_concorde",.8,.9,.95,.9667,.95,.96,.16,.32,.4,.56,.64,.72,.2667,.4721,.563,.7092,.7648,.8229
57,"place_de_la_republique",.4,.2,.35,.3,.275,.26,.25,.25,.75,.75,.75,.875,.3077,.2222,.4773,.4286,.4024,.4009
58,"place_des_vosges",1.0,.7,.5,.5667,.625,.66,.2,.28,.36,.4,.52,.52,.3333,.4,.4186,.469,.5677,.5817
59,"pont_du_gard",.8,.9,.9,.8667,.85,.86,.12,.28,.36,.44,.6,.64,.2087,.4271,.5143,.5837,.7034,.7339
60,"pont_neuf",1.0,1.0,.7,.7,.725,.7,.16,.28,.36,.44,.6,.68,.2759,.4375,.4755,.5404,.6566,.6899
61,"ponte_vecchio",.8,.8,.85,.7667,.725,.76,.1667,.25,.4583,.4583,.5417,.5833,.2759,.381,.5955,.5737,.6201,.66
62,"puerta_de_alcala",.2,.5,.5,.6333,.65,.66,.0526,.2105,.4211,.5263,.6316,.6842,.0833,.2963,.4571,.5749,.6407,.6719
63,"puerta_del_sol",.4,.6,.7,.5667,.45,.4,.1,.2,.3,.4,.4,.45,.16,.3,.42,.469,.4235,.4235
64,"red_fort",1.0,1.0,1.0,1.0,1.0,1.0,.2,.32,.44,.64,.68,.72,.3333,.4848,.6111,.7805,.8095,.8372
65,"reims_cathedral",1.0,1.0,1.0,1.0,1.0,.96,.12,.24,.4,.52,.56,.68,.2143,.3871,.5714,.6842,.7179,.7961
66,"rialto_bridge",1.0,.6,.75,.6,.525,.56,.125,.1875,.375,.4375,.4375,.625,.2222,.2857,.5,.506,.4773,.5907
67,"roman_forum_rome",.6,.5,.7,.7667,.75,.68,.08,.16,.32,.48,.56,.6,.1412,.2424,.4392,.5904,.6412,.6375
68,"sacre_coeur",.4,.5,.55,.6,.6,.62,.0833,.125,.25,.375,.4167,.4583,.1379,.2,.3438,.4615,.4918,.527
69,"sagrada_familia",1.0,1.0,1.0,.9667,.925,.92,.04,.16,.32,.44,.6,.64,.0769,.2759,.4848,.6047,.7279,.7549
70,"santa_maria_novella",.4,.5,.5,.6,.55,.56,.08,.2,.32,.44,.48,.64,.1333,.2857,.3902,.5077,.5126,.5973
71,"schonbrunn_palace",1.0,.9,.95,.9667,.975,.98,.16,.28,.36,.48,.52,.56,.2759,.4271,.5221,.6415,.6783,.7127
72,"seville_cathedral",.8,.9,.85,.8667,.9,.92,.08,.24,.32,.44,.56,.72,.1455,.3789,.465,.5837,.6904,.8078
73,"spanish_steps",.2,.6,.7,.7,.725,.7,.0455,.1818,.4091,.4091,.5455,.6364,.0741,.2791,.5164,.5164,.6225,.6667
74,"st__basil_cathedral",1.0,.9,.95,.8667,.85,.88,.16,.28,.56,.6,.64,.72,.2759,.4271,.7046,.7091,.7302,.792
75,"statue_of_liberty",1.0,1.0,.9,.9,.85,.86,.16,.24,.28,.4,.48,.56,.2759,.3871,.4271,.5538,.6135,.6783
76,"stonehenge",.6,.6,.7,.6333,.65,.62,.1053,.1053,.3158,.5263,.5789,.5789,.1791,.1791,.4352,.5749,.6124,.5988
77,"summer_palace_beijing",1.0,1.0,1.0,.9333,.9,.9,.16,.2,.36,.44,.6,.68,.2759,.3333,.5294,.5981,.72,.7747
78,"sydney_opera_house",1.0,1.0,1.0,.9667,.95,.96,.2,.32,.48,.56,.56,.64,.3333,.4848,.6486,.7092,.7046,.768
79,"teotihuacan",.6,.7,.65,.6333,.65,.66,.08,.2,.36,.48,.56,.64,.1412,.3111,.4634,.5461,.6017,.6498
80,"terracotta_army",.4,.5,.75,.6333,.55,.48,.1,.15,.5,.5,.65,.7,.16,.2308,.6,.5588,.5958,.5695
81,"the_blue_mosque",1.0,.8,.9,.9333,.9,.92,.16,.24,.36,.48,.52,.6,.2759,.3692,.5143,.634,.6592,.7263
82,"the_henry_ford",1.0,.9,.8,.8333,.775,.66,.2,.24,.36,.48,.56,.56,.3333,.3789,.4966,.6091,.6502,.6059
83,"taj_mahal",1.0,.8,.9,.8667,.9,.9,.2,.28,.44,.48,.56,.64,.3333,.4148,.591,.6178,.6904,.7481
84,"tour_montparnasse",.6,.7,.55,.4667,.475,.52,.15,.2,.35,.4,.5,.65,.24,.3111,.4278,.4308,.4872,.5778
85,"tower_bridge_london",.6,.6,.6,.5333,.55,.58,.12,.16,.24,.36,.48,.52,.2,.2526,.3429,.4299,.5126,.5484
86,"trafalgar_square",.2,.4,.5,.5333,.5,.48,.0455,.1364,.2727,.3182,.4545,.5455,.0741,.2034,.3529,.3986,.4762,.5106
87,"leaning_tower_of_pisa",.6,.5,.45,.5,.525,.48,.12,.16,.28,.36,.4,.48,.2,.2424,.3452,.4186,.4541,.48
88,"hermitage_museum_saint_petersburg",1.0,1.0,.95,.8667,.875,.82,.12,.16,.28,.32,.44,.48,.2143,.2759,.4325,.4674,.5856,.6055
89,"jantar_mantar_jaipur",1.0,1.0,.8,.8,.825,.86,.2,.32,.48,.56,.64,.8,.3333,.4848,.6,.6588,.7208,.8289
90,"lake_titicaca_peru",.2,.3,.45,.5,.45,.5,.0417,.0833,.2917,.3333,.375,.5417,.069,.1304,.3539,.4,.4091,.52
91,"the_great_wall_of_china",1.0,.9,.9,.8,.825,.84,.2,.24,.36,.48,.64,.64,.3333,.3789,.5143,.6,.7208,.7265
92,"grande_arche_paris",.4,.7,.65,.6667,.675,.64,.08,.16,.28,.32,.32,.36,.1333,.2605,.3914,.4324,.4342,.4608
93,"el_angel_mexico",.8,.9,.8,.7,.6,.62,.1429,.3333,.4286,.5714,.6667,.7143,.2424,.4865,.5581,.6292,.6316,.6638
94,"bibliotheque_nationale_de_france",.6,.6,.65,.7667,.8,.8,.08,.2,.32,.4,.48,.64,.1412,.3,.4289,.5257,.6,.7111
95,"kronborg_castle",.6,.6,.65,.6333,.675,.7,.125,.25,.4583,.5,.5,.5417,.2069,.3529,.5376,.5588,.5745,.6107
96,"ajanta_caves",.6,.8,.9,.9,.925,.94,.1364,.2273,.4545,.5455,.6364,.6818,.2222,.354,.604,.6792,.754,.7904
97,"atomium",.8,.9,.95,.9667,.975,.96,.0952,.1905,.4286,.4762,.4762,.5238,.1702,.3144,.5907,.6381,.6399,.6778
98,"ellora_caves",1.0,1.0,1.0,.9667,.95,.94,.1818,.2273,.3182,.5,.5909,.6364,.3077,.3704,.4828,.6591,.7286,.7589
99,"potala_palace",.8,.9,.85,.8,.775,.82,.1667,.2778,.3889,.4444,.5,.5,.2759,.4245,.5336,.5714,.6078,.6212
100,"jokhang",1.0,.8,.7,.7667,.8,.82,.16,.24,.32,.48,.56,.72,.2759,.3692,.4392,.5904,.6588,.7668
101,"rila_monastery",1.0,.8,.9,.8667,.875,.9,.2,.2,.32,.36,.4,.44,.3333,.32,.4721,.5087,.549,.591
102,"louvre_pyramid",.8,.8,.9,.9333,.925,.94,.1111,.1667,.3889,.4444,.5556,.6111,.1951,.2759,.5431,.6022,.6942,.7407
103,"brooklyn_bridge",.6,.8,.85,.9,.85,.86,.0952,.1905,.2857,.5238,.5714,.619,.1644,.3077,.4277,.6622,.6834,.7199
104,"tower_of_london",.6,.7,.7,.7333,.725,.72,.1304,.1739,.3478,.4348,.5652,.6087,.2143,.2786,.4647,.5459,.6352,.6597
105,"british_museum_london",1.0,1.0,1.0,.9667,.95,.96,.15,.2,.3,.4,.5,.6,.2609,.3333,.4615,.5659,.6552,.7385
106,"buckingham_palace",.6,.8,.6,.5,.45,.4,.1,.2,.2,.25,.25,.3,.1714,.32,.3,.3333,.3214,.3429
107,"charles_bridge_prague",.8,.9,.7,.5667,.55,.58,.125,.1667,.2083,.25,.375,.4583,.2162,.2812,.3211,.3469,.4459,.512
108,"champs_elysees_paris",.6,.7,.7,.6667,.7,.62,.1333,.1333,.2667,.4,.4667,.6,.2182,.224,.3862,.5,.56,.6098
109,"chrysler_building",1.0,1.0,1.0,1.0,1.0,1.0,.2143,.3571,.5,.5714,.6429,.7857,.3529,.5263,.6667,.7273,.7826,.88
110,"moma_new_york",.6,.8,.85,.9,.9,.88,.1579,.2105,.3158,.3158,.4737,.5263,.25,.3333,.4605,.4675,.6207,.6587
111,"grand_central_terminal",1.0,1.0,1.0,.9667,.975,.98,.0952,.0952,.2381,.381,.4762,.4762,.1739,.1739,.3846,.5465,.6399,.6409
112,"houses_of_parliament",1.0,1.0,1.0,1.0,1.0,1.0,.2174,.2609,.3913,.3913,.4783,.5217,.3571,.4138,.5625,.5625,.6471,.6857
113,"alexanderplatz_berlin",.0,.0,.4,.5333,.6,.68,.0,.0,.2,.4,.44,.56,.0,.0,.2667,.4571,.5077,.6142
114,"centre_pompidou",.6,.8,.65,.6333,.625,.7,.1667,.2778,.4444,.5556,.6667,.6667,.2609,.4124,.5279,.5919,.6452,.6829
115,"sydney_harbour_bridge",1.0,1.0,.95,.9667,.975,.98,.25,.375,.4375,.5,.6875,.8125,.4,.5455,.5991,.6591,.8064,.8884
116,"pier_39",1.0,1.0,.95,.9667,.9,.88,.2381,.3333,.5714,.5714,.5714,.6667,.3846,.5,.7136,.7183,.699,.7586
117,"coit_tower",.8,.6,.45,.3667,.425,.52,.1333,.2,.2667,.2667,.4,.5333,.2286,.3,.3349,.3088,.4121,.5266
118,"st_paul_s_cathedral_london",1.0,1.0,.9,.9,.9,.86,.1765,.2941,.4118,.6471,.7059,.7647,.3,.4545,.565,.7529,.7912,.8096
119,"cloud_gate",.8,.7,.45,.6333,.625,.64,.25,.25,.3333,.4167,.4167,.5,.381,.3684,.383,.5026,.5,.5614
120,"musee_d_orsay",1.0,.8,.9,.9,.925,.92,.1905,.2857,.381,.4762,.5714,.7143,.32,.4211,.5353,.6228,.7064,.8042
121,"pike_place_market",.6,.7,.8,.8333,.775,.8,.0952,.1905,.381,.4762,.4762,.5238,.1644,.2995,.5161,.6061,.5899,.6331
122,"royal_palace_madrid",.6,.8,.8,.8667,.85,.86,.1364,.3182,.4091,.4545,.4545,.7273,.2222,.4553,.5414,.5963,.5923,.7881
123,"sony_center_berlin",1.0,1.0,1.0,1.0,.95,.92,.1429,.2381,.3333,.381,.4286,.5238,.25,.3846,.5,.5517,.5907,.6675
124,"red_square_moscow",.6,.8,.8,.6,.6,.64,.1429,.2381,.4286,.4286,.5238,.619,.2308,.367,.5581,.5,.5593,.6293
125,"prague_castle",1.0,.9,.95,.8667,.9,.88,.16,.28,.48,.6,.68,.72,.2759,.4271,.6378,.7091,.7747,.792
126,"musee_du_louvre",1.0,1.0,.95,.9667,.975,.98,.2,.36,.44,.56,.6,.6,.3333,.5294,.6014,.7092,.7429,.7443
127,"millennium_bridge_london",1.0,.8,.8,.8,.825,.8,.12,.2,.36,.48,.52,.56,.2143,.32,.4966,.6,.6379,.6588
128,"casa_mila",1.0,1.0,1.0,.9333,.95,.92,.16,.32,.44,.52,.64,.68,.2759,.4848,.6111,.6679,.7648,.782
129,"national_gallery_london",.2,.4,.7,.7333,.775,.74,.0455,.1364,.3636,.4545,.5455,.6818,.0741,.2034,.4786,.5612,.6403,.7097
130,"national_mall",.8,.9,.85,.9,.825,.82,.12,.28,.44,.68,.72,.72,.2087,.4271,.5798,.7747,.7689,.7668
131,"london_city_hall",.8,.8,.9,.8667,.875,.88,.1,.25,.4,.6,.7,.7,.1778,.381,.5538,.7091,.7778,.7797
132,"holocaust_memorial",1.0,.9,.75,.6333,.675,.68,.25,.375,.375,.5625,.5625,.625,.4,.5294,.5,.5958,.6136,.6513
133,"columbus_circle",.6,.6,.8,.6,.6,.56,.12,.2,.48,.56,.64,.64,.2,.3,.6,.5793,.6194,.5973
134,"siegessaeule",1.0,1.0,1.0,.9,.75,.68,.16,.24,.44,.64,.68,.72,.2759,.3871,.6111,.7481,.7133,.6994
135,"jardin_du_luxembourg",1.0,1.0,1.0,.9,.925,.92,.16,.28,.56,.6,.72,.8,.2759,.4375,.7179,.72,.8097,.8558
136,"merlion_singapore",.4,.3,.15,.2667,.225,.34,.0909,.0909,.0909,.2273,.2727,.4545,.1481,.1395,.1132,.2454,.2466,.389
137,"harrods_london",1.0,.8,.8,.8,.85,.86,.2,.32,.48,.6,.68,.72,.3333,.4571,.6,.6857,.7556,.7838
138,"metropolitan_museum_of_art_new_york",.8,.9,.95,.9667,.925,.94,.12,.24,.44,.52,.56,.6,.2087,.3789,.6014,.6762,.6976,.7325
139,"new_york_stock_exchange",.8,.9,.75,.6,.675,.62,.2,.3,.35,.4,.4,.5,.32,.45,.4773,.48,.5023,.5536
140,"stephansdom_vienna",1.0,1.0,1.0,.9667,.975,.98,.12,.28,.48,.6,.64,.64,.2143,.4375,.6486,.7404,.7728,.7743
141,"hms_belfast",1.0,1.0,1.0,1.0,1.0,.96,.16,.24,.36,.48,.6,.68,.2759,.3871,.5294,.6486,.75,.7961
142,"leicester_square",1.0,1.0,.85,.5667,.65,.68,.16,.24,.28,.28,.32,.44,.2759,.3871,.4212,.3748,.4289,.5343
143,"ciudad_de_las_artes_y_las_ciencias",.8,.8,.85,.9,.925,.94,.16,.32,.44,.48,.52,.68,.2667,.4571,.5798,.6261,.6657,.7891
144,"topkapi_palace",1.0,1.0,.95,.9333,.95,.96,.2,.24,.4,.44,.64,.72,.3333,.3871,.563,.5981,.7648,.8229
145,"royal_albert_hall",1.0,.9,.8,.8,.75,.7,.2,.24,.28,.36,.36,.44,.3333,.3789,.4148,.4966,.4865,.5404
146,"st_vitus_cathedral",1.0,1.0,.95,.9667,.95,.94,.16,.28,.48,.52,.64,.64,.2759,.4375,.6378,.6762,.7648,.7615
147,"castello_sforzesco",1.0,1.0,.95,.9667,.95,.9,.16,.2,.28,.4,.52,.52,.2759,.3333,.4325,.5659,.6721,.6592
148,"rijksmuseum_amsterdam",1.0,1.0,1.0,1.0,1.0,1.0,.12,.24,.24,.44,.52,.64,.2143,.3871,.3871,.6111,.6842,.7805
149,"dam_square",.8,.8,.7,.6667,.625,.58,.16,.24,.32,.32,.32,.36,.2667,.3692,.4392,.4324,.4233,.4443
150,"rathaus_vienna",1.0,1.0,.9,.8333,.825,.76,.08,.08,.28,.32,.36,.4,.1481,.1481,.4271,.4624,.5013,.5241
151,"bath_abbey",1.0,1.0,1.0,.9667,.975,.98,.16,.24,.44,.52,.56,.64,.2759,.3871,.6111,.6762,.7114,.7743
152,"salisbury_cathedral",1.0,1.0,1.0,1.0,1.0,1.0,.16,.24,.24,.48,.52,.6,.2759,.3871,.3871,.6486,.6842,.75
153,"templo_de_debod",.4,.2,.35,.3,.35,.38,.0455,.0455,.1818,.2273,.2727,.3636,.0816,.0741,.2393,.2586,.3066,.3716
154,"Niagara_Falls",.4,.5,.6,.6333,.7,.64,.0909,.1818,.3636,.5,.5909,.5909,.1481,.2667,.4528,.5588,.6408,.6145
155,"Golden_Gate_Bridge_in_San_Francisco",.6,.8,.9,.9333,.95,.96,.0909,.2273,.4091,.5,.6364,.6818,.1579,.354,.5625,.6512,.7622,.7973
156,"Neuschwanstein_Castle",1.0,1.0,.95,.9667,.925,.94,.12,.28,.4,.56,.64,.76,.2143,.4375,.563,.7092,.7565,.8405
157,"Christ_Church_Cathedral_Missouri",1.0,1.0,1.0,1.0,1.0,.98,.16,.28,.4,.48,.56,.6,.2759,.4375,.5714,.6486,.7179,.7443
158,"Mount_Rushmore_in_South_Dakota",.8,.9,.9,.9333,.95,.94,.16,.28,.4,.48,.6,.64,.2667,.4271,.5538,.634,.7355,.7615
159,"Puerta_de_Toledo",.2,.3,.15,.1,.075,.06,.5,1.0,1.0,1.0,1.0,1.0,.2857,.4615,.2609,.1818,.1395,.1132
160,"Urquhart_Castle",1.0,1.0,.8,.8,.825,.86,.2083,.375,.4167,.5,.625,.7083,.3448,.5455,.5479,.6154,.7112,.7768
161,"Gare_du_Nord_Paris",.4,.3,.65,.7667,.75,.78,.08,.12,.24,.32,.4,.44,.1333,.1714,.3506,.4515,.5217,.5626
162,"Newgrange_in_Ireland",.8,.8,.7,.7,.675,.66,.125,.2917,.3333,.4583,.5417,.5417,.2162,.4275,.4516,.554,.601,.595
163,"Windmills_at_Kinderdijk",1.0,1.0,.9,.9333,.875,.82,.2,.32,.4,.48,.48,.6,.3333,.4848,.5538,.634,.6199,.693
164,"Conciergerie",.8,.9,.95,.9667,.975,.98,.16,.24,.44,.48,.6,.64,.2667,.3789,.6014,.6415,.7429,.7743
165,"Palazzo_Madama",1.0,.8,.85,.8667,.775,.76,.2273,.3636,.4545,.5455,.6364,.6818,.3704,.5,.5923,.6695,.6989,.7188
166,"Split_Rock_Lighthouse",.6,.8,.9,.9333,.9,.88,.12,.2,.32,.36,.4,.48,.2,.32,.4721,.5196,.5538,.6212
167,"The_Little_Mermaid_Denmark",.8,.9,.95,.9667,.95,.84,.2857,.3571,.6429,.7857,.8571,.8571,.4211,.5114,.7668,.8668,.9012,.8485
168,"Great_Pyramid_of_Giza",.2,.5,.55,.6667,.7,.64,.0667,.2667,.4667,.7333,.7333,.7333,.1,.3478,.5049,.6984,.7163,.6835
169,"Pitti_Palace",1.0,.9,.9,.9,.8,.74,.1364,.2273,.4545,.5,.5,.5,.24,.3629,.604,.6429,.6154,.5968
170,"Georgia_State_Capitol",.8,.8,.6,.4,.45,.38,.2105,.2105,.2632,.2632,.2632,.2632,.3333,.3333,.3659,.3175,.3321,.311
171,"Dome_des_Invalides",1.0,1.0,1.0,1.0,.975,.98,.16,.24,.36,.4,.48,.48,.2759,.3871,.5294,.5714,.6433,.6444
172,"Reggia_di_Caserta",.2,.4,.45,.4667,.525,.54,.04,.16,.32,.4,.48,.56,.0667,.2286,.374,.4308,.5015,.5498
173,"The_Burj_al_Arab_Hotel",1.0,.9,.9,.8667,.825,.8,.2,.28,.4,.48,.48,.56,.3333,.4271,.5538,.6178,.6069,.6588
174,"Elephanta_Caves",1.0,1.0,.95,.9667,.975,.96,.125,.25,.4167,.5417,.6667,.6667,.2222,.4,.5793,.6943,.7919,.7869
175,"Basilica_of_Santa_Croce",1.0,1.0,1.0,1.0,1.0,1.0,.2,.24,.32,.48,.52,.68,.3333,.3871,.4848,.6486,.6842,.8095
176,"Aachen_Cathedral",1.0,.9,.95,.9667,.95,.94,.16,.24,.4,.56,.6,.68,.2759,.3789,.563,.7092,.7355,.7891
177,"Monument_to_the_Great_Fire_of_London",.8,.6,.65,.5667,.6,.6,.16,.2,.44,.48,.56,.6,.2667,.3,.5248,.5197,.5793,.6
178,"Longmen_Grottoes",.8,.8,.55,.5667,.575,.56,.12,.28,.32,.48,.64,.72,.2087,.4148,.4046,.5197,.6058,.63
179,"Louisiana_State_Capitol",.4,.4,.35,.3333,.275,.26,.08,.16,.2,.32,.32,.36,.1333,.2286,.2545,.3265,.2958,.3019
180,"The_Great_Sphinx_at_Giza",.6,.8,.9,.8667,.8,.8,.08,.2,.32,.4,.44,.56,.1412,.32,.4721,.5474,.5677,.6588
181,"Teatro_Real_Madrid",1.0,1.0,.7,.5667,.675,.64,.1304,.3043,.3913,.4348,.6087,.6522,.2308,.4667,.502,.492,.6401,.646
182,"Palacio_de_la_Magdalena",.6,.6,.75,.7,.725,.7,.08,.16,.4,.52,.56,.68,.1412,.2526,.5217,.5967,.6319,.6899
183,"Sowjetisches_Ehrenmal",.8,.9,.85,.6,.65,.68,.16,.28,.52,.52,.64,.72,.2667,.4271,.6453,.5571,.645,.6994
184,"Cathedral_of_Trier",1.0,1.0,.95,.9333,.925,.92,.16,.28,.44,.56,.68,.8,.2759,.4375,.6014,.7,.7838,.8558
185,"Saint_Mary_of_the_Flower",.4,.4,.2,.1333,.1,.14,.08,.12,.12,.12,.12,.24,.1333,.1846,.15,.1263,.1091,.1768
186,"Skellig_Michael",.4,.6,.65,.7,.725,.7,.08,.2,.36,.56,.6,.64,.1333,.3,.4634,.6222,.6566,.6687
187,"Chicago_Board_of_Trade_Building",.8,.9,.75,.7667,.75,.72,.1818,.2727,.3636,.4545,.5455,.6364,.2963,.4186,.4898,.5707,.6316,.6756
188,"Pont_de_Normandie_France",1.0,1.0,.9,.8667,.9,.88,.2105,.4211,.6316,.8421,.8947,.8947,.3478,.5926,.7423,.8542,.8974,.8873
189,"Palazzo_Rosso",.0,.0,.0,.0,.05,.08,.0,.0,.0,.0,.0417,.125,.0,.0,.0,.0,.0455,.0976
190,"Piazza_Vittorio_Veneto",.6,.8,.65,.6333,.575,.52,.1875,.5,.5625,.625,.75,.8125,.2857,.6154,.6031,.6291,.6509,.6341
191,"Sforza_Castle",1.0,1.0,.9,.9,.875,.9,.2,.32,.44,.52,.56,.68,.3333,.4848,.591,.6592,.6829,.7747
192,"Torres_KIO",1.0,.9,.9,.9333,.925,.88,.2,.28,.4,.48,.6,.6,.3333,.4271,.5538,.634,.7279,.7135
193,"Torre_Picasso",1.0,.8,.85,.8333,.775,.76,.2083,.25,.375,.4583,.5417,.625,.3448,.381,.5204,.5914,.6377,.6859
194,"The_Palace_of_Parliament_in_Bucharest",.8,.9,.95,.8667,.9,.86,.12,.16,.24,.28,.44,.48,.2087,.2717,.3832,.4233,.591,.6161
195,"Ernest_Hemingway_House",.8,.9,.9,.8,.725,.74,.16,.28,.44,.64,.68,.72,.2667,.4271,.591,.7111,.7018,.7299
196,"Castel_dellOvo_Napoli",.8,.9,.85,.8667,.875,.88,.16,.24,.44,.64,.64,.68,.2667,.3789,.5798,.7363,.7393,.7672
197,"Villa_Borghese_gardens",1.0,1.0,1.0,1.0,.95,.96,.2,.28,.48,.64,.68,.76,.3333,.4375,.6486,.7805,.7926,.8484
198,"Saint_Marks_Basilica",1.0,1.0,1.0,1.0,1.0,1.0,.16,.24,.36,.4,.44,.48,.2759,.3871,.5294,.5714,.6111,.6486
199,"Mausoleum_of_the_First_Qin_Emperor",1.0,.9,.8,.8,.8,.76,.2,.28,.4,.44,.52,.56,.3333,.4271,.5333,.5677,.6303,.6448
200,"Mausoleum_of_Hadrian",1.0,.8,.8,.6667,.725,.7,.1111,.1667,.3889,.3889,.5,.5556,.2,.2759,.5234,.4912,.5918,.6195
201,"Piazza_de_Ferrari",1.0,1.0,1.0,.9667,.975,.96,.2105,.3684,.5263,.5263,.5263,.6316,.3478,.5385,.6897,.6816,.6836,.7619
202,"George_Washington_Carver",.6,.8,.75,.5667,.6,.62,.1875,.3125,.4375,.4375,.625,.625,.2857,.4494,.5526,.4938,.6122,.6225
203,"Cathedral_of_Santiago_de_Compostela",1.0,1.0,.8,.8667,.875,.86,.1765,.4118,.5294,.7059,.7647,.8235,.3,.5833,.6372,.7781,.8161,.8414
204,"Saint-Jacques_Tower",.8,.8,.75,.7667,.8,.82,.3077,.3077,.3846,.6154,.6154,.7692,.4444,.4444,.5085,.6827,.6957,.7938
205,"Calakmul_Campeche_Mexico",1.0,1.0,.95,.9,.9,.84,.2143,.3571,.4286,.5,.7143,.7857,.3529,.5263,.5907,.6429,.7965,.812
206,"Bran_Castle_in_Transylvania",1.0,.9,.85,.9,.85,.88,.2105,.3158,.3684,.3684,.3684,.5263,.3478,.4675,.514,.5228,.514,.6587
207,"Mosteiro_da_Batalha",1.0,1.0,1.0,1.0,1.0,1.0,.2105,.2105,.5789,.6842,.7895,.7895,.3478,.3478,.7333,.8125,.8824,.8824
208,"Wartburg_Castle",.6,.8,.8,.8667,.9,.92,.15,.35,.5,.6,.75,.85,.24,.487,.6154,.7091,.8182,.8836
209,"Fujian_Tulou_Fujian_China",1.0,1.0,1.0,1.0,1.0,1.0,.1667,.3333,.5,.6111,.6667,.7222,.2857,.5,.6667,.7586,.8,.8387
210,"Alabama_State_Capitol",.2,.5,.75,.7333,.7,.72,.0476,.2381,.5238,.619,.7619,.8095,.0769,.3226,.6168,.6714,.7296,.7621
211,"Palazzo_dAccursio",1.0,.8,.9,.7333,.775,.72,.1111,.2222,.3333,.3889,.5,.6111,.2,.3478,.4865,.5083,.6078,.6611
212,"Casa_Grande_Ruins",.6,.7,.85,.8667,.875,.9,.1765,.2353,.2941,.4706,.5294,.5882,.2727,.3522,.437,.61,.6597,.7115
213,"Stravinsky_Fountain",1.0,.9,.95,.9333,.925,.9,.1333,.4,.4,.4667,.6,.6,.2353,.5538,.563,.6222,.7279,.72
214,"Angel_Falls_Venezuela",.4,.5,.6,.6333,.575,.58,.1176,.1765,.3529,.7059,.7059,.8235,.1818,.2609,.4444,.6676,.6338,.6806
215,"Statue_of_George_IV",.4,.6,.6,.5333,.525,.44,.125,.625,.75,.875,.875,.875,.1905,.6122,.6667,.6627,.6563,.5856
216,"Palacio_Barolo",1.0,1.0,.95,.9333,.9,.92,.1765,.2941,.4118,.5294,.5294,.5882,.3,.4545,.5745,.6756,.6667,.7176
217,"Bridge_of_Remembrance_Christchurch_New_Zealand",1.0,1.0,.9,.9,.8,.76,.25,.5833,.9167,1.0,1.0,1.0,.4,.7368,.9083,.9474,.8889,.8636
218,"John_A._Roebling_Suspension_Bridge",.6,.4,.45,.4333,.45,.44,.2,.2667,.4667,.6667,.7333,.8,.3,.32,.4582,.5253,.5577,.5677
219,"Blue_Dome_Santorini",1.0,1.0,.95,.8,.8,.78,.25,.4375,.6875,.6875,.8125,.8125,.4,.6087,.7977,.7395,.8062,.7959
220,"Fossar_de_les_Moreres",.6,.7,.6,.5333,.5,.46,.2143,.3571,.5,.5,.6429,.6429,.3158,.473,.5455,.5161,.5625,.5363
221,"Luxor_Obelisk_France",.8,.7,.7,.7333,.775,.76,.125,.1875,.3125,.4375,.4375,.5,.2162,.2958,.4321,.548,.5593,.6032
222,"Valle_de_los_Caidos",1.0,1.0,.9,.8667,.875,.86,.25,.3,.4,.55,.6,.7,.4,.4615,.5538,.6729,.7119,.7718
--------------------
"--","Avg.",P@5,P@10,P@20,P@30,P@40,P@50,CR@5,CR@10,CR@20,CR@30,CR@40,CR@50,F1@5,F1@10,F1@20,F1@30,F1@40,F1@50
,.,782,.795,.786,.7746,.7715,.7662,.1447,.2472,.3852,.4845,.5576,.6267,.2393,.3675,.5039,.5821,.6329,.6746
