--------------------
"Run name","output_runCOSINEDaviesBouldin"
--------------------
"Average P@20 = ",.7993
"Average CR@20 = ",.372
"Average F1@20 = ",.4961
--------------------
"Query Id ","Location name",P@5,P@10,P@20,P@30,P@40,P@50,CR@5,CR@10,CR@20,CR@30,CR@40,CR@50,F1@5,F1@10,F1@20,F1@30,F1@40,F1@50
1,"angel_of_the_north",1.0,1.0,1.0,1.0,1.0,1.0,.2,.32,.4,.52,.56,.68,.3333,.4848,.5714,.6842,.7179,.8095
2,"big_ben",1.0,1.0,1.0,.8667,.825,.82,.1818,.2727,.4545,.4545,.4545,.5909,.3077,.4286,.625,.5963,.5861,.6869
3,"hearst_castle",1.0,.9,.95,.9333,.9,.9,.2083,.2917,.5417,.7083,.75,.7917,.3448,.4406,.6899,.8054,.8182,.8424
4,"la_madeleine",.0,.0,.05,.0333,.225,.32,.0,.0,.0714,.0714,.3571,.5714,.0,.0,.0588,.0455,.2761,.4103
5,"pont_alexandre_iii",1.0,1.0,.95,.9667,.95,.96,.2,.28,.32,.48,.48,.6,.3333,.4375,.4787,.6415,.6378,.7385
6,"neues_museum",.0,.0,.0,.1333,.25,.4,.0,.0,.0,.08,.2,.44,.0,.0,.0,.1,.2222,.419
7,"montezuma_castle",.8,.6,.7,.5667,.425,.48,.25,.3333,.5,.5,.5,.5833,.381,.4286,.5833,.5312,.4595,.5266
8,"cn_tower",.8,.7,.7,.6333,.7,.68,.1667,.2083,.375,.375,.5833,.625,.2759,.3211,.4884,.4711,.6364,.6513
9,"acropolis_athens",.8,.7,.75,.6667,.725,.76,.0952,.1905,.4762,.5238,.5238,.5238,.1702,.2995,.5825,.5867,.6082,.6202
10,"agra_fort",.8,.8,.7,.8,.85,.88,.16,.24,.32,.52,.64,.68,.2667,.3692,.4392,.6303,.7302,.7672
11,"albert_memorial",.6,.8,.9,.8333,.725,.66,.0909,.2273,.3636,.3636,.4091,.4545,.1579,.354,.518,.5063,.523,.5383
12,"altes_museum",1.0,1.0,.8,.6333,.575,.6,.1667,.2917,.4167,.4583,.5833,.625,.2857,.4516,.5479,.5318,.5791,.6122
13,"amiens_cathedral",1.0,1.0,.95,.9667,.975,.96,.16,.24,.48,.68,.72,.72,.2759,.3871,.6378,.7984,.8283,.8229
14,"angkor_wat",.8,.6,.55,.5667,.65,.72,.12,.16,.24,.4,.52,.68,.2087,.2526,.3342,.469,.5778,.6994
15,"ara_pacis",1.0,.9,.8,.7333,.625,.68,.2273,.3636,.5,.6364,.6364,.6818,.3704,.518,.6154,.6814,.6306,.6809
16,"arc_de_triomphe",.8,.6,.6,.6333,.7,.68,.1667,.1667,.25,.375,.5,.5417,.2759,.2609,.3529,.4711,.5833,.603
17,"aztec_ruins",.0,.0,.0,.1,.25,.4,.0,.0,.0,.08,.32,.48,.0,.0,.0,.0889,.2807,.4364
18,"berlin_cathedral",.8,.9,.9,.9,.925,.94,.16,.36,.48,.56,.6,.64,.2667,.5143,.6261,.6904,.7279,.7615
19,"bok_tower_gardens",1.0,1.0,.95,.8333,.875,.88,.2,.4,.52,.6,.72,.76,.3333,.5714,.6721,.6977,.79,.8156
20,"brandenburg_gate",1.0,.9,.95,.9,.9,.92,.12,.24,.4,.44,.52,.6,.2143,.3789,.563,.591,.6592,.7263
21,"cabrillo",.0,.0,.15,.1333,.125,.1,.0,.0,.2308,.3077,.3077,.3077,.0,.0,.1818,.186,.1778,.1509
22,"casa_batllo",1.0,1.0,1.0,1.0,1.0,1.0,.2,.28,.56,.64,.72,.72,.3333,.4375,.7179,.7805,.8372,.8372
23,"casa_rosada",.8,.7,.8,.8667,.9,.9,.08,.2,.24,.4,.56,.72,.1455,.3111,.3692,.5474,.6904,.8
24,"castillo_de_san_marcos",1.0,.9,.85,.6,.575,.62,.16,.24,.4,.44,.48,.56,.2759,.3789,.544,.5077,.5232,.5885
25,"chartres_cathedral",1.0,1.0,1.0,1.0,.975,.98,.16,.2,.24,.36,.6,.72,.2759,.3333,.3871,.5294,.7429,.8301
26,"chichen_itza",1.0,.9,.65,.7,.725,.74,.16,.24,.28,.4,.44,.52,.2759,.3789,.3914,.5091,.5476,.6108
27,"christ_the_redeemer_rio",.4,.6,.75,.7,.65,.56,.087,.1739,.3043,.4783,.4783,.5652,.1429,.2697,.433,.5683,.5511,.5626
28,"civic_center_san_francisco",.8,.8,.8,.7667,.7,.68,.16,.28,.44,.56,.64,.64,.2667,.4148,.5677,.6472,.6687,.6594
29,"cologne_cathedral",1.0,1.0,1.0,1.0,.975,.98,.12,.24,.4,.48,.52,.56,.2143,.3871,.5714,.6486,.6783,.7127
30,"colosseum",1.0,1.0,1.0,1.0,1.0,1.0,.16,.2,.32,.48,.52,.6,.2759,.3333,.4848,.6486,.6842,.75
31,"doge_s_palace",1.0,.8,.65,.6667,.725,.78,.12,.2,.28,.36,.44,.48,.2143,.32,.3914,.4675,.5476,.5943
32,"eiffel_tower",1.0,1.0,1.0,1.0,1.0,.98,.16,.2,.28,.32,.44,.44,.2759,.3333,.4375,.4848,.6111,.6073
33,"golden_gate_bridge",1.0,.8,.9,.9,.875,.8,.1304,.2609,.3913,.4783,.5652,.5652,.2308,.3934,.5455,.6246,.6868,.6624
34,"grand_palais",1.0,.9,.85,.8667,.875,.9,.1364,.1818,.2727,.4091,.5909,.6364,.24,.3025,.413,.5558,.7054,.7456
35,"guggenheim_museum_bilbao",1.0,1.0,1.0,1.0,1.0,1.0,.2,.28,.28,.36,.44,.52,.3333,.4375,.4375,.5294,.6111,.6842
36,"hagia_sophia_istanbul",1.0,1.0,1.0,1.0,1.0,.98,.16,.24,.32,.44,.56,.64,.2759,.3871,.4848,.6111,.7179,.7743
37,"hoover_dam",1.0,1.0,.95,.9667,.95,.92,.12,.2,.32,.44,.52,.6,.2143,.3333,.4787,.6047,.6721,.7263
38,"humayun_tomb",1.0,.7,.7,.7,.675,.72,.12,.12,.24,.52,.6,.64,.2143,.2049,.3574,.5967,.6353,.6776
39,"iguazu_falls",.4,.6,.7,.7333,.775,.82,.08,.2,.4,.52,.64,.76,.1333,.3,.5091,.6085,.7011,.7889
40,"iolani_palace",.8,.8,.85,.8,.8,.78,.12,.2,.2,.24,.52,.64,.2087,.32,.3238,.3692,.6303,.7031
41,"la_mezquita",.8,.8,.9,.9,.775,.66,.125,.25,.4583,.5,.5417,.625,.2162,.381,.6074,.6429,.6377,.642
42,"la_rambla_barcelona",.8,.9,.95,.9667,.9,.92,.08,.16,.32,.44,.52,.56,.1455,.2717,.4787,.6047,.6592,.6962
43,"la_sainte_chapelle",1.0,1.0,1.0,.9333,.95,.96,.2,.36,.44,.56,.68,.72,.3333,.5294,.6111,.7,.7926,.8229
44,"liberty_memorial",.6,.5,.4,.6,.675,.74,.04,.08,.12,.28,.48,.56,.075,.1379,.1846,.3818,.561,.6375
45,"lincoln_home",.8,.8,.9,.9333,.9,.84,.2222,.3333,.5,.5,.7222,.7778,.3478,.4706,.6429,.6512,.8014,.8077
46,"machu_picchu",.8,.8,.7,.7,.7,.74,.16,.28,.36,.44,.52,.6,.2667,.4148,.4755,.5404,.5967,.6627
47,"marble_arch_london",1.0,.8,.8,.6,.475,.4,.3333,.4167,.6667,.75,.75,.75,.5,.5479,.7273,.6667,.5816,.5217
48,"milan_cathedral",1.0,1.0,1.0,1.0,.9,.82,.16,.32,.48,.52,.56,.64,.2759,.4848,.6486,.6842,.6904,.7189
49,"mole_antonelliana",.6,.8,.9,.7667,.725,.72,.12,.16,.32,.32,.4,.48,.2,.2667,.4721,.4515,.5156,.576
50,"mont_saint_michel",1.0,1.0,1.0,1.0,.975,.94,.2,.28,.4,.48,.48,.52,.3333,.4375,.5714,.6486,.6433,.6696
51,"moulin_rouge",.0,.0,.0,.0,.0,.06,.0,.0,.0,.0,.0,.25,.0,.0,.0,.0,.0,.0968
52,"nelson_s_column",1.0,.8,.9,.9333,.95,.94,.0833,.1667,.375,.5417,.625,.6667,.1538,.2759,.5294,.6855,.754,.7801
53,"notre_dame_de_paris",.8,.9,.95,.9667,.875,.84,.12,.28,.44,.56,.56,.68,.2087,.4271,.6014,.7092,.6829,.7516
54,"obelisco",.2,.1,.1,.1,.1,.08,.0909,.0909,.0909,.1818,.1818,.1818,.125,.0952,.0952,.129,.129,.1111
55,"piccadilly_circus",1.0,.9,.8,.8,.775,.78,.1739,.2174,.3913,.4783,.6087,.6522,.2963,.3502,.5255,.5986,.6819,.7104
56,"place_de_la_concorde",1.0,1.0,1.0,1.0,.975,.98,.16,.2,.32,.4,.44,.52,.2759,.3333,.4848,.5714,.6064,.6795
57,"place_de_la_republique",.2,.4,.25,.2333,.2,.2,.125,.375,.5,.5,.625,.75,.1538,.3871,.3333,.3182,.303,.3158
58,"place_des_vosges",1.0,1.0,.85,.8333,.825,.76,.12,.2,.32,.4,.48,.56,.2143,.3333,.465,.5405,.6069,.6448
59,"pont_du_gard",.8,.9,.9,.7667,.775,.82,.12,.28,.36,.44,.52,.68,.2087,.4271,.5143,.5591,.6224,.7435
60,"pont_neuf",1.0,1.0,.9,.8333,.85,.84,.12,.24,.4,.56,.6,.72,.2143,.3871,.5538,.6699,.7034,.7754
61,"ponte_vecchio",1.0,1.0,.95,.8667,.8,.74,.125,.2083,.3333,.5,.5833,.5833,.2222,.3448,.4935,.6341,.6747,.6524
62,"puerta_de_alcala",.6,.4,.35,.5333,.575,.6,.1579,.2105,.3684,.4211,.5263,.6316,.25,.2759,.359,.4706,.5496,.6154
63,"puerta_del_sol",.8,.5,.65,.5,.525,.44,.15,.15,.4,.4,.5,.5,.2526,.2308,.4952,.4444,.5122,.4681
64,"red_fort",1.0,.9,.95,.9667,.975,.98,.2,.28,.4,.56,.68,.76,.3333,.4271,.563,.7092,.8012,.8561
65,"reims_cathedral",1.0,1.0,1.0,1.0,1.0,1.0,.16,.24,.32,.48,.56,.6,.2759,.3871,.4848,.6486,.7179,.75
66,"rialto_bridge",1.0,1.0,.95,.8333,.775,.68,.125,.25,.375,.5625,.6875,.75,.2222,.4,.5377,.6716,.7286,.7133
67,"roman_forum_rome",.6,.8,.85,.8667,.85,.82,.08,.16,.2,.32,.44,.48,.1412,.2667,.3238,.4674,.5798,.6055
68,"sacre_coeur",.4,.3,.55,.5667,.6,.6,.0833,.125,.2083,.3333,.375,.4167,.1379,.1765,.3022,.4198,.4615,.4918
69,"sagrada_familia",.8,.9,.9,.9333,.95,.94,.12,.24,.36,.52,.6,.64,.2087,.3789,.5143,.6679,.7355,.7615
70,"santa_maria_novella",.8,.6,.4,.3667,.5,.56,.16,.2,.2,.28,.4,.52,.2667,.3,.2667,.3175,.4444,.5393
71,"schonbrunn_palace",1.0,1.0,1.0,1.0,1.0,.98,.12,.28,.44,.56,.6,.64,.2143,.4375,.6111,.7179,.75,.7743
72,"seville_cathedral",.8,.8,.8,.8667,.875,.9,.16,.28,.44,.52,.6,.64,.2667,.4148,.5677,.65,.7119,.7481
73,"spanish_steps",.6,.8,.9,.7333,.675,.66,.0909,.2273,.5,.5455,.6364,.6364,.1579,.354,.6429,.6256,.6551,.648
74,"st__basil_cathedral",1.0,1.0,1.0,1.0,1.0,.94,.16,.28,.4,.52,.64,.64,.2759,.4375,.5714,.6842,.7805,.7615
75,"statue_of_liberty",.8,.9,.9,.9,.875,.84,.12,.24,.28,.44,.56,.56,.2087,.3789,.4271,.591,.6829,.672
76,"stonehenge",.8,.7,.65,.4333,.4,.38,.1053,.1579,.3684,.3684,.4211,.4737,.186,.2577,.4703,.3982,.4103,.4217
77,"summer_palace_beijing",1.0,1.0,.95,.9667,.975,.94,.16,.28,.36,.48,.6,.64,.2759,.4375,.5221,.6415,.7429,.7615
78,"sydney_opera_house",1.0,1.0,1.0,.9333,.9,.88,.12,.24,.36,.52,.52,.56,.2143,.3871,.5294,.6679,.6592,.6844
79,"teotihuacan",.8,.8,.8,.7333,.625,.64,.16,.24,.32,.44,.48,.52,.2667,.3692,.4571,.55,.543,.5738
80,"terracotta_army",.8,.7,.6,.5333,.4,.36,.2,.3,.5,.5,.5,.5,.32,.42,.5455,.5161,.4444,.4186
81,"the_blue_mosque",.6,.8,.9,.9,.9,.88,.08,.12,.28,.32,.44,.48,.1412,.2087,.4271,.4721,.591,.6212
82,"the_henry_ford",.8,.8,.75,.7333,.675,.56,.12,.24,.36,.4,.44,.48,.2087,.3692,.4865,.5176,.5327,.5169
83,"taj_mahal",.8,.7,.85,.8333,.85,.84,.16,.24,.48,.56,.6,.6,.2667,.3574,.6135,.6699,.7034,.7
84,"tour_montparnasse",.6,.6,.6,.6667,.575,.48,.1,.2,.35,.45,.55,.55,.1714,.3,.4421,.5373,.5622,.5126
85,"tower_bridge_london",1.0,1.0,.85,.7,.525,.48,.12,.24,.36,.48,.48,.48,.2143,.3871,.5058,.5695,.5015,.48
86,"trafalgar_square",.6,.4,.55,.5667,.525,.5,.1364,.1818,.3182,.3636,.3636,.4091,.2222,.25,.4031,.443,.4297,.45
87,"leaning_tower_of_pisa",.6,.7,.6,.5667,.575,.58,.12,.24,.32,.36,.44,.48,.2,.3574,.4174,.4403,.4985,.5253
88,"hermitage_museum_saint_petersburg",.6,.8,.7,.7,.75,.8,.08,.24,.32,.36,.48,.56,.1412,.3692,.4392,.4755,.5854,.6588
89,"jantar_mantar_jaipur",1.0,.8,.8,.7,.75,.8,.16,.24,.4,.6,.68,.72,.2759,.3692,.5333,.6462,.7133,.7579
90,"lake_titicaca_peru",.6,.5,.6,.6,.5,.48,.0833,.1667,.3333,.375,.4167,.5417,.1463,.25,.4286,.4615,.4545,.509
91,"the_great_wall_of_china",.8,.9,.95,.8,.7,.72,.16,.2,.32,.4,.44,.52,.2667,.3273,.4787,.5333,.5404,.6039
92,"grande_arche_paris",.6,.7,.55,.5,.6,.64,.08,.2,.24,.28,.36,.4,.1412,.3111,.3342,.359,.45,.4923
93,"el_angel_mexico",1.0,1.0,.9,.7667,.8,.7,.1429,.2857,.4762,.5714,.619,.7143,.25,.4444,.6228,.6548,.698,.7071
94,"bibliotheque_nationale_de_france",.4,.7,.55,.6333,.7,.74,.08,.16,.16,.28,.44,.44,.1333,.2605,.2479,.3883,.5404,.5519
95,"kronborg_castle",.8,.8,.75,.8333,.825,.8,.1667,.2917,.4167,.5417,.5833,.625,.2759,.4275,.5357,.6566,.6834,.7018
96,"ajanta_caves",.8,.9,.85,.8667,.9,.92,.1818,.2273,.3636,.4545,.5,.7273,.2963,.3629,.5094,.5963,.6429,.8124
97,"atomium",.8,.9,.8,.8,.85,.88,.1429,.3333,.4762,.5238,.5714,.5714,.2424,.4865,.597,.6331,.6834,.6929
98,"ellora_caves",1.0,1.0,1.0,1.0,.95,.96,.1818,.2273,.3182,.4545,.5,.6364,.3077,.3704,.4828,.625,.6552,.7654
99,"potala_palace",1.0,.9,.9,.9,.825,.8,.1111,.2222,.2778,.4444,.5,.5,.2,.3564,.4245,.595,.6226,.6154
100,"jokhang",1.0,.7,.75,.8333,.8,.8,.16,.16,.36,.52,.6,.64,.2759,.2605,.4865,.6404,.6857,.7111
101,"rila_monastery",.4,.5,.75,.7667,.825,.86,.04,.16,.24,.28,.4,.48,.0727,.2424,.3636,.4102,.5388,.6161
102,"louvre_pyramid",1.0,1.0,.95,.9667,.925,.94,.1111,.1667,.2778,.3889,.5,.6111,.2,.2857,.4299,.5546,.6491,.7407
103,"brooklyn_bridge",1.0,1.0,.85,.8667,.875,.82,.0952,.1905,.381,.4762,.5238,.5714,.1739,.32,.5261,.6147,.6553,.6735
104,"tower_of_london",.4,.7,.75,.6667,.725,.68,.087,.1739,.3478,.4348,.5652,.6957,.1429,.2786,.4752,.5263,.6352,.6877
105,"british_museum_london",1.0,1.0,1.0,1.0,1.0,.94,.15,.2,.3,.5,.5,.55,.2609,.3333,.4615,.6667,.6667,.694
106,"buckingham_palace",.6,.6,.55,.5333,.45,.38,.15,.2,.2,.2,.25,.3,.24,.3,.2933,.2909,.3214,.3353
107,"charles_bridge_prague",1.0,.8,.75,.7333,.725,.64,.0833,.125,.25,.3333,.375,.4167,.1538,.2162,.375,.4583,.4943,.5047
108,"champs_elysees_paris",.6,.5,.6,.6,.65,.64,.1333,.1333,.2667,.4667,.5333,.5333,.2182,.2105,.3692,.525,.5859,.5818
109,"chrysler_building",1.0,1.0,.9,.9,.925,.94,.2143,.3571,.4286,.5,.5,.5714,.3529,.5263,.5806,.6429,.6491,.7108
110,"moma_new_york",.6,.8,.85,.9,.9,.9,.1053,.2632,.3158,.4737,.5263,.6316,.1791,.396,.4605,.6207,.6642,.7423
111,"grand_central_terminal",1.0,1.0,1.0,1.0,1.0,1.0,.0952,.1429,.3333,.3333,.4286,.4762,.1739,.25,.5,.5,.6,.6452
112,"houses_of_parliament",1.0,1.0,.95,.9333,.95,.96,.1304,.2174,.3043,.3478,.3913,.4348,.2308,.3571,.461,.5068,.5543,.5985
113,"alexanderplatz_berlin",.4,.5,.45,.4333,.575,.66,.08,.16,.24,.28,.4,.44,.1333,.2424,.313,.3402,.4718,.528
114,"centre_pompidou",1.0,.9,.85,.7667,.625,.68,.2222,.2778,.4444,.6111,.6667,.6667,.3636,.4245,.5837,.6801,.6452,.6733
115,"sydney_harbour_bridge",1.0,.9,.95,.9667,.975,.98,.25,.375,.4375,.5,.6875,.75,.4,.5294,.5991,.6591,.8064,.8497
116,"pier_39",1.0,1.0,1.0,.9667,.95,.88,.1429,.2381,.4286,.5238,.619,.6667,.25,.3846,.6,.6794,.7496,.7586
117,"coit_tower",.6,.6,.8,.7667,.775,.7,.2,.2667,.4,.5333,.5333,.5333,.3,.3692,.5333,.6291,.6318,.6054
118,"st_paul_s_cathedral_london",1.0,1.0,.95,.8667,.85,.82,.2941,.3529,.4706,.6471,.7059,.7647,.4545,.5217,.6294,.7409,.7713,.7914
119,"cloud_gate",.8,.7,.8,.7667,.825,.76,.25,.4167,.4167,.4167,.5,.5,.381,.5224,.5479,.5399,.6226,.6032
120,"musee_d_orsay",1.0,1.0,1.0,.9667,.925,.9,.1905,.2857,.381,.4286,.5238,.619,.32,.4444,.5517,.5939,.6689,.7335
121,"pike_place_market",1.0,1.0,.85,.9,.875,.82,.1905,.2857,.381,.5238,.5238,.5238,.32,.4444,.5261,.6622,.6553,.6393
122,"royal_palace_madrid",.6,.7,.85,.9,.875,.9,.0909,.2273,.4545,.5909,.6364,.6364,.1579,.3431,.5923,.7134,.7368,.7456
123,"sony_center_berlin",.8,.9,.95,.9667,.95,.9,.1905,.2857,.381,.4286,.5238,.619,.3077,.4337,.5438,.5939,.6753,.7335
124,"red_square_moscow",.8,.9,.9,.7667,.7,.74,.1429,.2381,.2857,.4286,.4762,.5238,.2424,.3766,.4337,.5498,.5668,.6134
125,"prague_castle",1.0,1.0,.9,.9333,.925,.88,.16,.28,.4,.56,.6,.64,.2759,.4375,.5538,.7,.7279,.7411
126,"musee_du_louvre",1.0,1.0,.95,.9667,.975,.96,.12,.24,.4,.52,.6,.6,.2143,.3871,.563,.6762,.7429,.7385
127,"millennium_bridge_london",.8,.7,.6,.6667,.675,.68,.16,.24,.36,.44,.48,.52,.2667,.3574,.45,.5301,.561,.5893
128,"casa_mila",1.0,1.0,1.0,1.0,1.0,.96,.2,.36,.48,.52,.6,.68,.3333,.5294,.6486,.6842,.75,.7961
129,"national_gallery_london",1.0,1.0,.95,.9667,.775,.62,.1818,.2727,.4091,.5,.5455,.5455,.3077,.4286,.5719,.6591,.6403,.5803
130,"national_mall",1.0,1.0,1.0,1.0,.925,.92,.2,.28,.52,.52,.6,.68,.3333,.4375,.6842,.6842,.7279,.782
131,"london_city_hall",1.0,1.0,.85,.9,.925,.94,.2,.3,.5,.5,.65,.8,.3333,.4615,.6296,.6429,.7635,.8644
132,"holocaust_memorial",.8,.9,.8,.7,.675,.7,.25,.3125,.4375,.5,.5625,.6875,.381,.4639,.5657,.5833,.6136,.6937
133,"columbus_circle",.4,.7,.8,.7,.6,.54,.08,.24,.48,.6,.6,.68,.1333,.3574,.6,.6462,.6,.602
134,"siegessaeule",1.0,1.0,.95,.8,.775,.76,.2,.36,.44,.56,.64,.76,.3333,.5294,.6014,.6588,.7011,.76
135,"jardin_du_luxembourg",1.0,1.0,1.0,1.0,1.0,1.0,.16,.28,.48,.56,.68,.8,.2759,.4375,.6486,.7179,.8095,.8889
136,"merlion_singapore",.4,.2,.15,.1333,.125,.16,.0909,.0909,.1364,.1818,.2273,.3182,.1481,.125,.1429,.1538,.1613,.2129
137,"harrods_london",1.0,1.0,1.0,.9,.825,.82,.16,.24,.48,.6,.6,.6,.2759,.3871,.6486,.72,.6947,.693
138,"metropolitan_museum_of_art_new_york",1.0,1.0,1.0,1.0,1.0,.9,.16,.24,.44,.6,.68,.72,.2759,.3871,.6111,.75,.8095,.8
139,"new_york_stock_exchange",.8,.8,.9,.9333,.725,.72,.2,.3,.35,.4,.4,.5,.32,.4364,.504,.56,.5156,.5902
140,"stephansdom_vienna",1.0,1.0,1.0,1.0,.975,.98,.12,.24,.48,.56,.6,.68,.2143,.3871,.6486,.7179,.7429,.8029
141,"hms_belfast",1.0,1.0,1.0,.9667,.975,.98,.12,.16,.36,.4,.56,.6,.2143,.2759,.5294,.5659,.7114,.7443
142,"leicester_square",.8,.9,.85,.8333,.775,.76,.16,.16,.24,.28,.4,.52,.2667,.2717,.3743,.4192,.5277,.6175
143,"ciudad_de_las_artes_y_las_ciencias",1.0,.9,.9,.9,.9,.88,.2,.28,.44,.48,.56,.64,.3333,.4271,.591,.6261,.6904,.7411
144,"topkapi_palace",1.0,1.0,.95,.9,.9,.92,.16,.24,.44,.52,.6,.68,.2759,.3871,.6014,.6592,.72,.782
145,"royal_albert_hall",.8,.9,.9,.9,.75,.78,.16,.2,.32,.44,.48,.52,.2667,.3273,.4721,.591,.5854,.624
146,"st_vitus_cathedral",.6,.7,.85,.9,.925,.94,.12,.2,.4,.44,.6,.6,.2,.3111,.544,.591,.7279,.7325
147,"castello_sforzesco",.8,.8,.85,.8667,.9,.92,.12,.2,.32,.4,.44,.52,.2087,.32,.465,.5474,.591,.6644
148,"rijksmuseum_amsterdam",1.0,1.0,1.0,1.0,1.0,1.0,.12,.2,.24,.24,.36,.48,.2143,.3333,.3871,.3871,.5294,.6486
149,"dam_square",.6,.5,.55,.5333,.55,.56,.12,.16,.28,.32,.4,.44,.2,.2424,.3711,.4,.4632,.4928
150,"rathaus_vienna",1.0,1.0,.9,.9333,.875,.8,.16,.16,.16,.24,.36,.36,.2759,.2759,.2717,.3818,.5101,.4966
151,"bath_abbey",1.0,1.0,1.0,.9667,.975,.98,.16,.32,.44,.52,.6,.68,.2759,.4848,.6111,.6762,.7429,.8029
152,"salisbury_cathedral",1.0,.9,.95,.9667,.975,.98,.2,.28,.48,.56,.56,.64,.3333,.4271,.6378,.7092,.7114,.7743
153,"templo_de_debod",.0,.1,.2,.3667,.4,.46,.0,.0455,.0909,.2273,.2273,.2727,.0,.0625,.125,.2806,.2899,.3424
154,"Niagara_Falls",.6,.7,.7,.7,.675,.7,.0909,.2273,.3636,.4091,.4545,.4545,.1579,.3431,.4786,.5164,.5433,.5512
155,"Golden_Gate_Bridge_in_San_Francisco",1.0,1.0,.95,.9333,.95,.94,.0909,.1818,.3182,.5455,.5455,.6364,.1667,.3077,.4767,.6885,.693,.7589
156,"Neuschwanstein_Castle",1.0,1.0,1.0,.9667,.975,.96,.12,.24,.32,.52,.64,.68,.2143,.3871,.4848,.6762,.7728,.7961
157,"Christ_Church_Cathedral_Missouri",1.0,1.0,.95,.9333,.95,.96,.16,.28,.52,.68,.72,.72,.2759,.4375,.6721,.7868,.8192,.8229
158,"Mount_Rushmore_in_South_Dakota",.8,.8,.9,.9333,.95,.96,.12,.16,.36,.44,.52,.56,.2087,.2667,.5143,.5981,.6721,.7074
159,"Puerta_de_Toledo",.6,.3,.15,.1,.075,.06,1.0,1.0,1.0,1.0,1.0,1.0,.75,.4615,.2609,.1818,.1395,.1132
160,"Urquhart_Castle",.8,.9,.85,.7667,.8,.8,.1667,.25,.375,.5,.5833,.5833,.2759,.3913,.5204,.6053,.6747,.6747
161,"Gare_du_Nord_Paris",.8,.9,.85,.7333,.775,.82,.12,.24,.32,.36,.36,.4,.2087,.3789,.465,.4829,.4916,.5377
162,"Newgrange_in_Ireland",.6,.5,.65,.7,.675,.64,.0833,.1667,.2917,.4167,.5417,.5417,.1463,.25,.4027,.5224,.601,.5867
163,"Windmills_at_Kinderdijk",1.0,.8,.85,.8667,.825,.84,.16,.16,.32,.44,.52,.52,.2759,.2667,.465,.5837,.6379,.6424
164,"Conciergerie",.8,.9,.95,.9333,.925,.92,.16,.2,.44,.52,.6,.6,.2667,.3273,.6014,.6679,.7279,.7263
165,"Palazzo_Madama",1.0,.9,.85,.8333,.8,.7,.2273,.3636,.5455,.5909,.6364,.6364,.3704,.518,.6645,.6915,.7089,.6667
166,"Split_Rock_Lighthouse",1.0,.9,.8,.8333,.875,.86,.12,.2,.32,.32,.4,.48,.2143,.3273,.4571,.4624,.549,.6161
167,"The_Little_Mermaid_Denmark",1.0,1.0,1.0,.8333,.725,.72,.2143,.4286,.5714,.7143,.8571,.8571,.3529,.6,.7273,.7692,.7856,.7826
168,"Great_Pyramid_of_Giza",.6,.6,.7,.7667,.725,.7,.2,.4,.6,.6667,.7333,.8,.3,.48,.6462,.7132,.7291,.7467
169,"Pitti_Palace",.8,.8,.8,.7333,.75,.74,.1364,.2273,.4091,.4545,.5455,.6364,.233,.354,.5414,.5612,.6316,.6843
170,"Georgia_State_Capitol",1.0,1.0,.9,.6,.475,.38,.2105,.2632,.2632,.2632,.2632,.2632,.3478,.4167,.4072,.3659,.3387,.311
171,"Dome_des_Invalides",1.0,1.0,1.0,.9667,.95,.96,.08,.24,.36,.48,.56,.56,.1481,.3871,.5294,.6415,.7046,.7074
172,"Reggia_di_Caserta",1.0,1.0,.75,.5667,.525,.54,.2,.32,.44,.48,.6,.68,.3333,.4848,.5546,.5197,.56,.602
173,"The_Burj_al_Arab_Hotel",.8,.8,.8,.8333,.85,.84,.16,.24,.36,.44,.44,.48,.2667,.3692,.4966,.5759,.5798,.6109
174,"Elephanta_Caves",1.0,1.0,1.0,1.0,.975,.96,.0833,.2083,.375,.5417,.5833,.625,.1538,.3448,.5455,.7027,.7299,.7571
175,"Basilica_of_Santa_Croce",1.0,1.0,.95,.9667,.95,.96,.2,.24,.36,.44,.52,.72,.3333,.3871,.5221,.6047,.6721,.8229
176,"Aachen_Cathedral",.8,.9,.95,.8667,.875,.9,.12,.28,.36,.44,.56,.68,.2087,.4271,.5221,.5837,.6829,.7747
177,"Monument_to_the_Great_Fire_of_London",1.0,.7,.55,.5333,.475,.44,.16,.2,.28,.4,.48,.48,.2759,.3111,.3711,.4571,.4775,.4591
178,"Longmen_Grottoes",.4,.7,.75,.5667,.525,.52,.08,.24,.48,.52,.56,.64,.1333,.3574,.5854,.5423,.5419,.5738
179,"Louisiana_State_Capitol",.6,.5,.3,.3333,.275,.3,.12,.16,.2,.28,.32,.4,.2,.2424,.24,.3043,.2958,.3429
180,"The_Great_Sphinx_at_Giza",.8,.9,.95,.9333,.9,.88,.16,.24,.4,.52,.64,.76,.2667,.3789,.563,.6679,.7481,.8156
181,"Teatro_Real_Madrid",1.0,1.0,1.0,.9667,.875,.76,.2174,.3478,.5652,.8261,.8261,.8261,.3571,.5161,.7222,.8909,.8498,.7917
182,"Palacio_de_la_Magdalena",.6,.6,.55,.6,.65,.68,.12,.2,.36,.48,.52,.56,.2,.3,.4352,.5333,.5778,.6142
183,"Sowjetisches_Ehrenmal",.4,.4,.45,.6,.7,.7,.08,.16,.28,.48,.6,.72,.1333,.2286,.3452,.5333,.6462,.7099
184,"Cathedral_of_Trier",1.0,1.0,1.0,.9333,.9,.84,.2,.32,.36,.52,.64,.68,.3333,.4848,.5294,.6679,.7481,.7516
185,"Saint_Mary_of_the_Flower",.2,.2,.3,.3,.375,.42,.04,.08,.2,.28,.36,.44,.0667,.1143,.24,.2897,.3673,.4298
186,"Skellig_Michael",.6,.6,.8,.8,.75,.78,.12,.24,.4,.48,.52,.64,.2,.3429,.5333,.6,.6142,.7031
187,"Chicago_Board_of_Trade_Building",1.0,1.0,1.0,1.0,.95,.9,.1818,.3182,.5,.5909,.6364,.7273,.3077,.4828,.6667,.7429,.7622,.8045
188,"Pont_de_Normandie_France",1.0,1.0,1.0,.9667,.975,.98,.2105,.3684,.4737,.6842,.7895,.8421,.3478,.5385,.6429,.8013,.8725,.9058
189,"Palazzo_Rosso",.0,.0,.0,.0,.025,.1,.0,.0,.0,.0,.0417,.1667,.0,.0,.0,.0,.0312,.125
190,"Piazza_Vittorio_Veneto",1.0,.7,.75,.7333,.7,.62,.1875,.25,.4375,.625,.875,.875,.3158,.3684,.5526,.6748,.7778,.7258
191,"Sforza_Castle",1.0,1.0,1.0,.9667,.95,.9,.16,.28,.52,.64,.64,.72,.2759,.4375,.6842,.7701,.7648,.8
192,"Torres_KIO",1.0,1.0,.9,.9333,.95,.9,.2,.36,.4,.44,.52,.6,.3333,.5294,.5538,.5981,.6721,.72
193,"Torre_Picasso",1.0,.8,.9,.9333,.85,.7,.1667,.2083,.5,.625,.7083,.75,.2857,.3306,.6429,.7487,.7727,.7241
194,"The_Palace_of_Parliament_in_Bucharest",1.0,.9,.95,.9667,.975,.98,.12,.2,.32,.52,.64,.68,.2143,.3273,.4787,.6762,.7728,.8029
195,"Ernest_Hemingway_House",.4,.5,.75,.7333,.75,.8,.08,.2,.36,.52,.68,.76,.1333,.2857,.4865,.6085,.7133,.7795
196,"Castel_dellOvo_Napoli",.8,.8,.8,.8667,.9,.88,.16,.24,.44,.56,.72,.76,.2667,.3692,.5677,.6804,.8,.8156
197,"Villa_Borghese_gardens",1.0,1.0,1.0,1.0,1.0,.98,.16,.28,.48,.6,.68,.72,.2759,.4375,.6486,.75,.8095,.8301
198,"Saint_Marks_Basilica",1.0,1.0,1.0,1.0,.925,.84,.12,.24,.52,.52,.52,.52,.2143,.3871,.6842,.6842,.6657,.6424
199,"Mausoleum_of_the_First_Qin_Emperor",.8,.9,.85,.9,.9,.8,.16,.24,.48,.48,.48,.52,.2667,.3789,.6135,.6261,.6261,.6303
200,"Mausoleum_of_Hadrian",1.0,1.0,.9,.7667,.8,.82,.1111,.1667,.3333,.4444,.5,.6111,.2,.2857,.4865,.5627,.6154,.7003
201,"Piazza_de_Ferrari",1.0,1.0,1.0,.9667,.975,.94,.2632,.3158,.3684,.4737,.5263,.5789,.4167,.48,.5385,.6358,.6836,.7166
202,"George_Washington_Carver",.2,.6,.75,.7,.725,.7,.0625,.1875,.375,.5,.5625,.625,.0952,.2857,.5,.5833,.6335,.6604
203,"Cathedral_of_Santiago_de_Compostela",1.0,1.0,1.0,.9667,.925,.88,.1765,.4118,.4706,.6471,.7059,.8824,.3,.5833,.64,.7752,.8007,.8812
204,"Saint-Jacques_Tower",.8,.9,.85,.8,.825,.74,.2308,.3077,.3077,.3846,.6154,.6154,.3582,.4586,.4518,.5195,.7049,.672
205,"Calakmul_Campeche_Mexico",1.0,1.0,.85,.9,.825,.84,.2143,.2857,.3571,.5714,.6429,.8571,.3529,.4444,.503,.699,.7226,.8485
206,"Bran_Castle_in_Transylvania",1.0,1.0,.9,.9,.9,.9,.2105,.3684,.4211,.4737,.5789,.6316,.3478,.5385,.5737,.6207,.7046,.7423
207,"Mosteiro_da_Batalha",1.0,1.0,1.0,1.0,1.0,1.0,.2105,.2632,.4211,.5263,.6842,.7368,.3478,.4167,.5926,.6897,.8125,.8485
208,"Wartburg_Castle",1.0,.7,.8,.8333,.875,.88,.1,.15,.4,.65,.7,.75,.1818,.2471,.5333,.7303,.7778,.8098
209,"Fujian_Tulou_Fujian_China",1.0,1.0,.9,.9,.8,.76,.1667,.3889,.6111,.6667,.7222,.7222,.2857,.56,.7279,.766,.7591,.7406
210,"Alabama_State_Capitol",.6,.4,.45,.5667,.625,.64,.1429,.1905,.3333,.5238,.5714,.619,.2308,.2581,.383,.5444,.597,.6293
211,"Palazzo_dAccursio",.8,.9,.95,.9,.75,.7,.1111,.2778,.4444,.4444,.5,.5,.1951,.4245,.6056,.595,.6,.5833
212,"Casa_Grande_Ruins",1.0,.9,.75,.8,.75,.76,.2353,.2941,.4118,.4118,.4118,.5294,.381,.4433,.5316,.5437,.5316,.6241
213,"Stravinsky_Fountain",1.0,1.0,1.0,.9667,.925,.9,.2,.2667,.4667,.6,.6,.6,.3333,.4211,.6364,.7404,.7279,.72
214,"Angel_Falls_Venezuela",.8,.9,.85,.7333,.675,.66,.1765,.3529,.5882,.5882,.7059,.7059,.2892,.507,.6953,.6528,.6901,.6822
215,"Statue_of_George_IV",.6,.5,.6,.4667,.45,.42,.25,.5,.625,.625,.625,.75,.3529,.5,.6122,.5344,.5233,.5385
216,"Palacio_Barolo",1.0,.6,.7,.8,.85,.88,.2941,.3529,.4706,.5294,.6471,.6471,.4545,.4444,.5628,.6372,.7348,.7458
217,"Bridge_of_Remembrance_Christchurch_New_Zealand",.6,.5,.5,.5,.5,.5,.1667,.3333,.3333,.5833,.75,.9167,.2609,.4,.4,.5385,.6,.6471
218,"John_A._Roebling_Suspension_Bridge",.0,.3,.35,.4333,.375,.42,.0,.2,.3333,.6,.6667,.7333,.0,.24,.3415,.5032,.48,.5341
219,"Blue_Dome_Santorini",.8,.9,.9,.9333,.95,.94,.1875,.4375,.5625,.625,.625,.8125,.3038,.5888,.6923,.7487,.754,.8716
220,"Fossar_de_les_Moreres",.4,.4,.45,.5333,.525,.46,.0714,.1429,.2857,.6429,.7143,.7143,.1212,.2105,.3495,.583,.6052,.5596
221,"Luxor_Obelisk_France",1.0,.9,.8,.7667,.8,.8,.1875,.3125,.3125,.4375,.4375,.5625,.3158,.4639,.4494,.5571,.5657,.6606
222,"Valle_de_los_Caidos",1.0,1.0,1.0,.9333,.9,.92,.25,.4,.6,.7,.7,.75,.4,.5714,.75,.8,.7875,.8263
--------------------
"--","Avg.",P@5,P@10,P@20,P@30,P@40,P@50,CR@5,CR@10,CR@20,CR@30,CR@40,CR@50,F1@5,F1@10,F1@20,F1@30,F1@40,F1@50
,.,8126,.8032,.7993,.7835,.7712,.7618,.1492,.2425,.372,.4687,.5434,.6045,.246,.3632,.4961,.5736,.6242,.6597
