--------------------
"Run name","output_runTAMURADunnIndex"
--------------------
"Average P@20 = ",.784
"Average CR@20 = ",.3878
"Average F1@20 = ",.5091
--------------------
"Query Id ","Location name",P@5,P@10,P@20,P@30,P@40,P@50,CR@5,CR@10,CR@20,CR@30,CR@40,CR@50,F1@5,F1@10,F1@20,F1@30,F1@40,F1@50
1,"angel_of_the_north",1.0,1.0,1.0,1.0,1.0,1.0,.2,.28,.44,.56,.68,.72,.3333,.4375,.6111,.7179,.8095,.8372
2,"big_ben",1.0,.9,.95,.9333,.9,.92,.2273,.2727,.5,.5455,.6364,.6818,.3704,.4186,.6552,.6885,.7456,.7832
3,"hearst_castle",.8,.9,.9,.9,.925,.94,.1667,.3333,.5417,.625,.7083,.75,.2759,.4865,.6763,.7377,.8023,.8343
4,"la_madeleine",.2,.1,.05,.3,.375,.48,.0714,.0714,.0714,.3571,.5714,.8571,.1053,.0833,.0588,.3261,.4528,.6154
5,"pont_alexandre_iii",1.0,1.0,.95,.9333,.95,.96,.2,.32,.52,.52,.6,.64,.3333,.4848,.6721,.6679,.7355,.768
6,"neues_museum",.0,.3,.4,.3667,.325,.36,.0,.12,.2,.32,.36,.4,.0,.1714,.2667,.3417,.3416,.3789
7,"montezuma_castle",1.0,.8,.75,.7,.525,.54,.25,.4167,.5,.5833,.5833,.6667,.4,.5479,.6,.6364,.5526,.5967
8,"cn_tower",.4,.6,.5,.5667,.625,.68,.0833,.25,.2917,.375,.5,.6667,.1379,.3529,.3684,.4513,.5556,.6733
9,"acropolis_athens",.8,.7,.85,.8667,.9,.88,.0952,.2381,.4286,.5238,.5238,.5714,.1702,.3553,.5698,.653,.6622,.6929
10,"agra_fort",.8,.8,.85,.8667,.85,.86,.12,.28,.52,.6,.64,.68,.2087,.4148,.6453,.7091,.7302,.7595
11,"albert_memorial",.6,.8,.85,.9,.8,.74,.1364,.1364,.2727,.4545,.5455,.5909,.2222,.233,.413,.604,.6486,.6571
12,"altes_museum",.8,.7,.75,.8,.75,.74,.125,.25,.375,.4583,.5417,.625,.2162,.3684,.5,.5828,.629,.6777
13,"amiens_cathedral",1.0,1.0,.95,.9667,.975,.96,.12,.28,.48,.64,.72,.72,.2143,.4375,.6378,.7701,.8283,.8229
14,"angkor_wat",1.0,.8,.9,.7667,.7,.72,.16,.2,.48,.52,.56,.6,.2759,.32,.6261,.6197,.6222,.6545
15,"ara_pacis",.6,.6,.75,.7,.65,.68,.1364,.2727,.4545,.5909,.5909,.7727,.2222,.375,.566,.6408,.619,.7234
16,"arc_de_triomphe",.8,.9,.9,.9333,.775,.76,.1667,.2083,.375,.4583,.5833,.625,.2759,.3383,.5294,.6148,.6656,.6859
17,"aztec_ruins",.0,.0,.0,.0667,.3,.26,.0,.0,.0,.04,.32,.32,.0,.0,.0,.05,.3097,.2869
18,"berlin_cathedral",1.0,1.0,1.0,.9333,.95,.96,.2,.32,.44,.56,.56,.64,.3333,.4848,.6111,.7,.7046,.768
19,"bok_tower_gardens",1.0,.9,.7,.7667,.825,.84,.2,.32,.44,.6,.72,.76,.3333,.4721,.5404,.6732,.7689,.798
20,"brandenburg_gate",1.0,1.0,.9,.9333,.925,.94,.16,.28,.44,.44,.52,.56,.2759,.4375,.591,.5981,.6657,.7019
21,"cabrillo",.0,.1,.25,.2333,.175,.16,.0,.0769,.3077,.3846,.3846,.4615,.0,.087,.2759,.2905,.2405,.2376
22,"casa_batllo",1.0,1.0,1.0,1.0,1.0,1.0,.16,.32,.48,.48,.64,.72,.2759,.4848,.6486,.6486,.7805,.8372
23,"casa_rosada",.6,.7,.85,.9,.925,.94,.08,.16,.4,.52,.6,.64,.1412,.2605,.544,.6592,.7279,.7615
24,"castillo_de_san_marcos",1.0,.9,.55,.5667,.65,.6,.16,.24,.28,.36,.48,.56,.2759,.3789,.3711,.4403,.5522,.5793
25,"chartres_cathedral",1.0,1.0,1.0,1.0,.975,.98,.2,.32,.4,.64,.8,.84,.3333,.4848,.5714,.7805,.8789,.9046
26,"chichen_itza",.8,.8,.75,.8,.8,.82,.16,.24,.36,.4,.48,.6,.2667,.3692,.4865,.5333,.6,.693
27,"christ_the_redeemer_rio",.2,.3,.6,.5333,.525,.5,.0435,.087,.2174,.2609,.3913,.4783,.0714,.1348,.3191,.3504,.4484,.4889
28,"civic_center_san_francisco",.6,.6,.65,.7333,.775,.8,.08,.16,.32,.56,.64,.64,.1412,.2526,.4289,.6351,.7011,.7111
29,"cologne_cathedral",.8,.9,.9,.9333,.95,.94,.12,.24,.4,.6,.72,.76,.2087,.3789,.5538,.7304,.8192,.8405
30,"colosseum",1.0,1.0,1.0,.9667,.975,.98,.12,.2,.36,.6,.68,.72,.2143,.3333,.5294,.7404,.8012,.8301
31,"doge_s_palace",.8,.8,.9,.8667,.7,.76,.08,.2,.32,.48,.52,.52,.1455,.32,.4721,.6178,.5967,.6175
32,"eiffel_tower",1.0,1.0,1.0,.9667,.9,.92,.16,.2,.28,.4,.44,.52,.2759,.3333,.4375,.5659,.591,.6644
33,"golden_gate_bridge",1.0,1.0,.8,.8333,.875,.86,.1739,.2609,.3478,.5217,.6087,.6087,.2963,.4138,.4848,.6417,.7179,.7128
34,"grand_palais",1.0,.8,.85,.8333,.875,.9,.1364,.1818,.4091,.4545,.5,.5455,.24,.2963,.5523,.5882,.6364,.6792
35,"guggenheim_museum_bilbao",1.0,1.0,1.0,1.0,1.0,1.0,.12,.16,.36,.44,.52,.6,.2143,.2759,.5294,.6111,.6842,.75
36,"hagia_sophia_istanbul",1.0,1.0,1.0,1.0,1.0,1.0,.16,.24,.44,.48,.52,.6,.2759,.3871,.6111,.6486,.6842,.75
37,"hoover_dam",1.0,1.0,.95,.9333,.95,.92,.16,.28,.4,.52,.64,.68,.2759,.4375,.563,.6679,.7648,.782
38,"humayun_tomb",1.0,.8,.8,.7,.7,.74,.12,.2,.44,.48,.52,.72,.2143,.32,.5677,.5695,.5967,.7299
39,"iguazu_falls",.4,.6,.65,.7,.725,.78,.08,.2,.32,.44,.52,.6,.1333,.3,.4289,.5404,.6056,.6783
40,"iolani_palace",1.0,.9,.8,.8333,.85,.68,.12,.28,.36,.44,.64,.64,.2143,.4271,.4966,.5759,.7302,.6594
41,"la_mezquita",.6,.6,.75,.8333,.75,.64,.125,.2083,.4167,.5,.5,.5833,.2069,.3093,.5357,.625,.6,.6104
42,"la_rambla_barcelona",.8,.9,.95,.9333,.9,.88,.12,.24,.32,.44,.48,.6,.2087,.3789,.4787,.5981,.6261,.7135
43,"la_sainte_chapelle",1.0,.9,.85,.9,.925,.94,.2,.32,.52,.64,.68,.68,.3333,.4721,.6453,.7481,.7838,.7891
44,"liberty_memorial",.6,.7,.55,.4667,.55,.64,.04,.12,.24,.28,.44,.52,.075,.2049,.3342,.35,.4889,.5738
45,"lincoln_home",1.0,1.0,1.0,.8667,.8,.76,.2778,.3889,.4444,.5556,.7778,.7778,.4348,.56,.6154,.6771,.7887,.7688
46,"machu_picchu",.8,.9,.9,.8333,.775,.78,.16,.28,.48,.64,.76,.84,.2667,.4271,.6261,.724,.7674,.8089
47,"marble_arch_london",.8,.8,.75,.5333,.525,.44,.25,.4167,.6667,.6667,.75,.8333,.381,.5479,.7059,.5926,.6176,.5759
48,"milan_cathedral",1.0,1.0,1.0,.9,.875,.88,.16,.32,.44,.52,.64,.68,.2759,.4848,.6111,.6592,.7393,.7672
49,"mole_antonelliana",1.0,1.0,.85,.8333,.725,.72,.16,.24,.32,.4,.44,.48,.2759,.3871,.465,.5405,.5476,.576
50,"mont_saint_michel",1.0,1.0,.95,.9333,.95,.96,.2,.28,.36,.48,.52,.52,.3333,.4375,.5221,.634,.6721,.6746
51,"moulin_rouge",.2,.3,.3,.2,.15,.12,.125,.25,.375,.375,.375,.375,.1538,.2727,.3333,.2609,.2143,.1818
52,"nelson_s_column",1.0,.9,.95,.9667,.975,.98,.0833,.1667,.3333,.5,.5417,.5833,.1538,.2812,.4935,.6591,.6964,.7313
53,"notre_dame_de_paris",.8,.7,.75,.8,.85,.88,.16,.28,.4,.48,.56,.68,.2667,.4,.5217,.6,.6752,.7672
54,"obelisco",.4,.2,.2,.1333,.1,.1,.0909,.0909,.1818,.1818,.1818,.2727,.1481,.125,.1905,.1538,.129,.1463
55,"piccadilly_circus",.8,.8,.8,.7333,.8,.76,.1304,.2174,.3478,.4348,.5217,.6087,.2243,.3419,.4848,.5459,.6316,.676
56,"place_de_la_concorde",1.0,.9,.95,.9667,.975,.98,.16,.24,.36,.44,.56,.64,.2759,.3789,.5221,.6047,.7114,.7743
57,"place_de_la_republique",.4,.3,.3,.2667,.275,.22,.25,.375,.625,.75,.75,.75,.3077,.3333,.4054,.3934,.4024,.3402
58,"place_des_vosges",.8,.7,.65,.7667,.825,.86,.08,.12,.2,.4,.52,.68,.1455,.2049,.3059,.5257,.6379,.7595
59,"pont_du_gard",.8,.6,.75,.8333,.85,.88,.12,.16,.28,.4,.48,.6,.2087,.2526,.4078,.5405,.6135,.7135
60,"pont_neuf",1.0,.8,.65,.6667,.7,.74,.12,.2,.32,.44,.6,.64,.2143,.32,.4289,.5301,.6462,.6864
61,"ponte_vecchio",1.0,.9,.75,.7667,.8,.82,.125,.1667,.2917,.4583,.5833,.625,.2222,.2812,.42,.5737,.6747,.7093
62,"puerta_de_alcala",.6,.5,.45,.4,.5,.54,.1579,.2105,.3684,.4737,.5789,.5789,.25,.2963,.4051,.4337,.5366,.5588
63,"puerta_del_sol",.6,.6,.6,.6333,.475,.4,.1,.2,.3,.4,.4,.4,.1714,.3,.4,.4903,.4343,.4
64,"red_fort",1.0,1.0,1.0,1.0,1.0,1.0,.16,.32,.52,.6,.64,.76,.2759,.4848,.6842,.75,.7805,.8636
65,"reims_cathedral",1.0,1.0,1.0,.9667,.925,.94,.16,.24,.36,.6,.68,.76,.2759,.3871,.5294,.7404,.7838,.8405
66,"rialto_bridge",1.0,1.0,1.0,.7667,.75,.72,.1875,.3125,.5,.5,.75,.75,.3158,.4762,.6667,.6053,.75,.7347
67,"roman_forum_rome",.6,.7,.6,.6333,.65,.66,.12,.2,.36,.48,.6,.68,.2,.3111,.45,.5461,.624,.6699
68,"sacre_coeur",.4,.2,.5,.5333,.575,.58,.0833,.0833,.1667,.2917,.375,.4167,.1379,.1176,.25,.3771,.4539,.4849
69,"sagrada_familia",.8,.9,.95,.9333,.95,.94,.12,.24,.36,.44,.56,.6,.2087,.3789,.5221,.5981,.7046,.7325
70,"santa_maria_novella",1.0,.6,.3,.5333,.65,.62,.16,.2,.2,.36,.44,.48,.2759,.3,.24,.4299,.5248,.5411
71,"schonbrunn_palace",1.0,1.0,1.0,.9667,.975,.98,.16,.28,.48,.48,.52,.56,.2759,.4375,.6486,.6415,.6783,.7127
72,"seville_cathedral",.8,.8,.85,.8667,.9,.9,.12,.24,.36,.48,.56,.68,.2087,.3692,.5058,.6178,.6904,.7747
73,"spanish_steps",1.0,.9,.8,.7,.725,.7,.1818,.2273,.3182,.4091,.6364,.6818,.3077,.3629,.4553,.5164,.6778,.6908
74,"st__basil_cathedral",1.0,1.0,1.0,.9667,.95,.88,.2,.32,.56,.64,.72,.72,.3333,.4848,.7179,.7701,.8192,.792
75,"statue_of_liberty",.8,.7,.8,.8,.775,.74,.12,.16,.24,.36,.44,.52,.2087,.2605,.3692,.4966,.5613,.6108
76,"stonehenge",1.0,.8,.55,.6333,.625,.54,.1579,.2105,.3158,.4737,.5789,.6316,.2727,.3333,.4012,.542,.6011,.5822
77,"summer_palace_beijing",1.0,1.0,1.0,.9667,.975,.98,.16,.28,.4,.44,.56,.64,.2759,.4375,.5714,.6047,.7114,.7743
78,"sydney_opera_house",1.0,.9,.9,.9,.875,.9,.12,.2,.32,.48,.52,.56,.2143,.3273,.4721,.6261,.6523,.6904
79,"teotihuacan",.8,.8,.7,.5333,.6,.6,.12,.28,.36,.4,.48,.6,.2087,.4148,.4755,.4571,.5333,.6
80,"terracotta_army",.4,.5,.7,.6333,.475,.42,.1,.25,.5,.55,.55,.55,.16,.3333,.5833,.5887,.5098,.4763
81,"the_blue_mosque",.6,.7,.85,.8667,.9,.92,.08,.2,.4,.52,.56,.6,.1412,.3111,.544,.65,.6904,.7263
82,"the_henry_ford",1.0,1.0,.85,.8333,.775,.66,.12,.24,.36,.48,.56,.56,.2143,.3871,.5058,.6091,.6502,.6059
83,"taj_mahal",1.0,.9,.85,.7667,.825,.86,.16,.24,.36,.56,.6,.6,.2759,.3789,.5058,.6472,.6947,.7068
84,"tour_montparnasse",.8,.6,.5,.4667,.45,.5,.15,.15,.25,.3,.35,.55,.2526,.24,.3333,.3652,.3937,.5238
85,"tower_bridge_london",.6,.5,.55,.5667,.55,.5,.08,.16,.24,.36,.44,.56,.1412,.2424,.3342,.4403,.4889,.5283
86,"trafalgar_square",.4,.4,.35,.4333,.4,.4,.0909,.1818,.2273,.2727,.3182,.4545,.1481,.25,.2756,.3348,.3544,.4255
87,"leaning_tower_of_pisa",.6,.5,.45,.4667,.425,.44,.08,.16,.2,.36,.4,.44,.1412,.2424,.2769,.4065,.4121,.44
88,"hermitage_museum_saint_petersburg",1.0,1.0,.9,.7333,.775,.82,.12,.24,.32,.36,.48,.6,.2143,.3871,.4721,.4829,.5928,.693
89,"jantar_mantar_jaipur",1.0,.8,.75,.8333,.875,.88,.16,.28,.52,.6,.72,.84,.2759,.4148,.6142,.6977,.79,.8595
90,"lake_titicaca_peru",.6,.5,.55,.5333,.6,.54,.0833,.125,.3333,.5,.5833,.625,.1463,.2,.4151,.5161,.5915,.5794
91,"the_great_wall_of_china",.8,.9,.85,.8333,.875,.88,.12,.2,.4,.48,.56,.68,.2087,.3273,.544,.6091,.6829,.7672
92,"grande_arche_paris",.6,.6,.6,.5667,.575,.66,.08,.16,.24,.32,.32,.4,.1412,.2526,.3429,.409,.4112,.4981
93,"el_angel_mexico",.8,.7,.65,.6,.6,.56,.1429,.2857,.3333,.4286,.619,.6667,.2424,.4058,.4407,.5,.6094,.6087
94,"bibliotheque_nationale_de_france",.4,.7,.75,.8,.8,.78,.08,.2,.32,.36,.48,.56,.1333,.3111,.4486,.4966,.6,.6519
95,"kronborg_castle",1.0,.8,.75,.7333,.725,.66,.2083,.2083,.375,.4583,.5417,.5417,.3448,.3306,.5,.5641,.6201,.595
96,"ajanta_caves",.8,.9,.8,.8,.825,.86,.1364,.2727,.4091,.5,.6364,.6818,.233,.4186,.5414,.6154,.7185,.7606
97,"atomium",.8,.8,.9,.9333,.95,.94,.0952,.2857,.4286,.4286,.4762,.4762,.1702,.4211,.5806,.5874,.6344,.6321
98,"ellora_caves",1.0,1.0,1.0,1.0,1.0,.96,.1818,.2727,.4545,.5455,.5455,.5909,.3077,.4286,.625,.7059,.7059,.7315
99,"potala_palace",.8,.8,.9,.9,.9,.86,.1667,.3333,.3333,.3889,.5,.5556,.2759,.4706,.4865,.5431,.6429,.675
100,"jokhang",1.0,.8,.8,.8,.85,.82,.12,.2,.4,.56,.6,.72,.2143,.32,.5333,.6588,.7034,.7668
101,"rila_monastery",.8,.7,.75,.8333,.875,.9,.16,.24,.28,.36,.44,.48,.2667,.3574,.4078,.5028,.5856,.6261
102,"louvre_pyramid",1.0,1.0,1.0,.9333,.925,.94,.1667,.2222,.4444,.4444,.5556,.6111,.2857,.3636,.6154,.6022,.6942,.7407
103,"brooklyn_bridge",1.0,1.0,.85,.9,.9,.86,.0952,.1905,.381,.381,.4286,.5714,.1739,.32,.5261,.5353,.5806,.6866
104,"tower_of_london",.6,.7,.8,.8,.8,.78,.087,.1739,.3043,.4783,.6087,.6087,.1519,.2786,.4409,.5986,.6914,.6838
105,"british_museum_london",1.0,1.0,1.0,1.0,1.0,.96,.15,.2,.3,.45,.55,.55,.2609,.3333,.4615,.6207,.7097,.6993
106,"buckingham_palace",.2,.4,.65,.4333,.425,.4,.05,.2,.25,.25,.25,.3,.08,.2667,.3611,.3171,.3148,.3429
107,"charles_bridge_prague",1.0,.9,.7,.7,.65,.58,.1667,.2083,.2083,.2917,.375,.375,.2857,.3383,.3211,.4118,.4756,.4555
108,"champs_elysees_paris",.6,.7,.45,.5333,.525,.52,.2,.2667,.2667,.3333,.4667,.6,.3,.3862,.3349,.4103,.4941,.5571
109,"chrysler_building",1.0,1.0,1.0,1.0,1.0,1.0,.1429,.2143,.5,.5714,.6429,.7857,.25,.3529,.6667,.7273,.7826,.88
110,"moma_new_york",.4,.7,.8,.8667,.9,.9,.1053,.2632,.2632,.4737,.5789,.5789,.1667,.3825,.396,.6126,.7046,.7046
111,"grand_central_terminal",1.0,1.0,.9,.8667,.825,.84,.0952,.1905,.3333,.381,.4286,.4286,.1739,.32,.4865,.5293,.5641,.5676
112,"houses_of_parliament",1.0,1.0,.9,.9,.925,.94,.1739,.3043,.3478,.3478,.4348,.4348,.2963,.4667,.5017,.5017,.5915,.5946
113,"alexanderplatz_berlin",.2,.2,.35,.4667,.6,.66,.04,.08,.2,.32,.44,.52,.0667,.1143,.2545,.3797,.5077,.5817
114,"centre_pompidou",.8,.7,.6,.7,.65,.6,.2222,.3333,.3889,.5,.5,.5,.3478,.4516,.4719,.5833,.5652,.5455
115,"sydney_harbour_bridge",1.0,1.0,1.0,1.0,1.0,1.0,.25,.3125,.5,.5,.625,.6875,.4,.4762,.6667,.6667,.7692,.8148
116,"pier_39",1.0,1.0,.95,.9667,.975,.9,.2381,.2857,.381,.5238,.619,.6667,.3846,.4444,.5438,.6794,.7573,.766
117,"coit_tower",.8,.6,.65,.5,.5,.54,.2,.2667,.3333,.3333,.4,.4667,.32,.3692,.4407,.4,.4444,.5007
118,"st_paul_s_cathedral_london",1.0,.9,.9,.9,.875,.86,.2353,.3529,.4118,.5294,.6471,.7647,.381,.507,.565,.6667,.744,.8096
119,"cloud_gate",.8,.7,.85,.7,.55,.58,.25,.3333,.3333,.3333,.3333,.4167,.381,.4516,.4789,.4516,.4151,.4849
120,"musee_d_orsay",1.0,1.0,.9,.8667,.9,.92,.1429,.2381,.4286,.5714,.7143,.8095,.25,.3846,.5806,.6887,.7965,.8612
121,"pike_place_market",1.0,.9,.9,.9,.875,.9,.1905,.2857,.4762,.5238,.5238,.5238,.32,.4337,.6228,.6622,.6553,.6622
122,"royal_palace_madrid",.4,.5,.75,.7667,.775,.78,.0909,.2273,.4091,.4545,.5455,.5455,.1481,.3125,.5294,.5707,.6403,.642
123,"sony_center_berlin",.8,.9,.95,.9667,.925,.94,.1905,.2381,.4286,.4762,.4762,.5238,.3077,.3766,.5907,.6381,.6287,.6727
124,"red_square_moscow",.8,.8,.75,.6333,.625,.64,.0952,.2381,.3333,.4286,.5238,.5238,.1702,.367,.4615,.5112,.5699,.5761
125,"prague_castle",1.0,1.0,.85,.9,.925,.9,.12,.28,.44,.56,.68,.76,.2143,.4375,.5798,.6904,.7838,.8241
126,"musee_du_louvre",1.0,1.0,.95,.9667,.975,.98,.12,.24,.4,.48,.6,.68,.2143,.3871,.563,.6415,.7429,.8029
127,"millennium_bridge_london",1.0,1.0,.8,.8,.775,.82,.2,.36,.48,.48,.52,.56,.3333,.5294,.6,.6,.6224,.6655
128,"casa_mila",1.0,1.0,1.0,.9667,.975,.94,.2,.28,.44,.44,.56,.64,.3333,.4375,.6111,.6047,.7114,.7615
129,"national_gallery_london",1.0,1.0,1.0,.6667,.625,.68,.2273,.3182,.5,.5,.5909,.6364,.3704,.4828,.6667,.5714,.6075,.6575
130,"national_mall",1.0,1.0,.9,.9333,.95,.9,.2,.32,.4,.52,.6,.64,.3333,.4848,.5538,.6679,.7355,.7481
131,"london_city_hall",1.0,1.0,1.0,1.0,.95,.92,.2,.35,.5,.5,.55,.55,.3333,.5185,.6667,.6667,.6967,.6884
132,"holocaust_memorial",.6,.5,.55,.6,.525,.58,.1875,.1875,.375,.5,.5625,.625,.2857,.2727,.4459,.5455,.5431,.6017
133,"columbus_circle",.4,.3,.55,.6333,.675,.56,.08,.12,.32,.52,.64,.68,.1333,.1714,.4046,.5711,.657,.6142
134,"siegessaeule",1.0,.9,.7,.6333,.725,.7,.2,.28,.32,.48,.6,.76,.3333,.4271,.4392,.5461,.6566,.7288
135,"jardin_du_luxembourg",1.0,1.0,.9,.9333,.95,.96,.12,.28,.44,.56,.68,.68,.2143,.4375,.591,.7,.7926,.7961
136,"merlion_singapore",.0,.0,.2,.2,.25,.3,.0,.0,.1818,.2727,.4545,.5,.0,.0,.1905,.2308,.3226,.375
137,"harrods_london",.8,.9,.95,.9333,.775,.78,.12,.24,.36,.56,.6,.64,.2087,.3789,.5221,.7,.6764,.7031
138,"metropolitan_museum_of_art_new_york",1.0,1.0,1.0,.9667,.925,.94,.2,.32,.48,.56,.56,.6,.3333,.4848,.6486,.7092,.6976,.7325
139,"new_york_stock_exchange",1.0,.6,.7,.7667,.725,.62,.25,.25,.35,.4,.4,.45,.4,.3529,.4667,.5257,.5156,.5215
140,"stephansdom_vienna",1.0,1.0,.95,.9667,.975,.98,.12,.32,.52,.56,.64,.68,.2143,.4848,.6721,.7092,.7728,.8029
141,"hms_belfast",.8,.9,.95,.9667,.975,.94,.12,.16,.32,.4,.52,.56,.2087,.2717,.4787,.5659,.6783,.7019
142,"leicester_square",.8,.7,.8,.7333,.775,.74,.16,.2,.32,.36,.52,.6,.2667,.3111,.4571,.4829,.6224,.6627
143,"ciudad_de_las_artes_y_las_ciencias",1.0,1.0,.95,.9333,.95,.94,.2,.32,.4,.52,.64,.64,.3333,.4848,.563,.6679,.7648,.7615
144,"topkapi_palace",1.0,1.0,1.0,.9667,.975,.98,.12,.24,.4,.52,.52,.64,.2143,.3871,.5714,.6762,.6783,.7743
145,"royal_albert_hall",1.0,.7,.65,.7333,.625,.7,.2,.2,.28,.44,.48,.48,.3333,.3111,.3914,.55,.543,.5695
146,"st_vitus_cathedral",.8,.9,.95,.9667,.975,.98,.12,.28,.48,.56,.64,.64,.2087,.4271,.6378,.7092,.7728,.7743
147,"castello_sforzesco",.8,.9,.95,.8667,.9,.9,.12,.24,.4,.4,.48,.52,.2087,.3789,.563,.5474,.6261,.6592
148,"rijksmuseum_amsterdam",1.0,1.0,1.0,1.0,1.0,1.0,.12,.2,.36,.44,.64,.68,.2143,.3333,.5294,.6111,.7805,.8095
149,"dam_square",.8,.7,.8,.8333,.825,.7,.16,.2,.36,.44,.44,.44,.2667,.3111,.4966,.5759,.5739,.5404
150,"rathaus_vienna",1.0,.8,.9,.9333,.825,.74,.16,.24,.36,.52,.52,.52,.2759,.3692,.5143,.6679,.6379,.6108
151,"bath_abbey",1.0,1.0,1.0,1.0,.975,.98,.16,.36,.52,.56,.64,.64,.2759,.5294,.6842,.7179,.7728,.7743
152,"salisbury_cathedral",1.0,1.0,1.0,1.0,1.0,1.0,.16,.24,.4,.44,.44,.48,.2759,.3871,.5714,.6111,.6111,.6486
153,"templo_de_debod",.2,.3,.5,.5,.375,.42,.0455,.0909,.3636,.4545,.4545,.5,.0741,.1395,.4211,.4762,.411,.4565
154,"Niagara_Falls",.2,.6,.65,.6333,.625,.66,.0455,.2273,.4091,.4545,.5455,.5455,.0741,.3297,.5021,.5292,.5825,.5973
155,"Golden_Gate_Bridge_in_San_Francisco",1.0,1.0,.9,.9333,.925,.94,.0909,.2727,.4545,.5455,.5455,.6364,.1667,.4286,.604,.6885,.6862,.7589
156,"Neuschwanstein_Castle",1.0,.9,.9,.9333,.95,.94,.16,.24,.4,.56,.72,.76,.2759,.3789,.5538,.7,.8192,.8405
157,"Christ_Church_Cathedral_Missouri",.8,.9,.95,.9667,.975,.98,.12,.28,.44,.56,.56,.6,.2087,.4271,.6014,.7092,.7114,.7443
158,"Mount_Rushmore_in_South_Dakota",.8,.7,.75,.8333,.875,.9,.08,.16,.32,.4,.48,.6,.1455,.2605,.4486,.5405,.6199,.72
159,"Puerta_de_Toledo",.4,.3,.15,.1,.075,.06,1.0,1.0,1.0,1.0,1.0,1.0,.5714,.4615,.2609,.1818,.1395,.1132
160,"Urquhart_Castle",1.0,.9,.9,.7667,.8,.82,.2083,.2917,.4167,.4583,.625,.7083,.3448,.4406,.5696,.5737,.7018,.7601
161,"Gare_du_Nord_Paris",.8,.7,.6,.6667,.75,.8,.12,.24,.32,.36,.36,.36,.2087,.3574,.4174,.4675,.4865,.4966
162,"Newgrange_in_Ireland",.8,.8,.75,.6667,.7,.66,.125,.25,.375,.4167,.4583,.5,.2162,.381,.5,.5128,.554,.569
163,"Windmills_at_Kinderdijk",.8,.9,.95,.9333,.875,.84,.12,.24,.4,.48,.56,.64,.2087,.3789,.563,.634,.6829,.7265
164,"Conciergerie",.8,.9,.95,.9667,.975,.98,.16,.28,.36,.56,.64,.68,.2667,.4271,.5221,.7092,.7728,.8029
165,"Palazzo_Madama",1.0,.9,.85,.8333,.8,.74,.2273,.4091,.5909,.6818,.6818,.7273,.3704,.5625,.6972,.75,.7362,.7336
166,"Split_Rock_Lighthouse",.6,.7,.8,.8667,.875,.82,.08,.2,.28,.28,.36,.44,.1412,.3111,.4148,.4233,.5101,.5727
167,"The_Little_Mermaid_Denmark",1.0,.7,.8,.8667,.875,.9,.2857,.4286,.5,.7143,.9286,.9286,.4444,.5316,.6154,.7831,.901,.9141
168,"Great_Pyramid_of_Giza",.8,.6,.7,.6667,.6,.66,.2,.3333,.4,.6,.6667,.8,.32,.4286,.5091,.6316,.6316,.7233
169,"Pitti_Palace",.8,.9,.95,.9,.875,.78,.1364,.2727,.4545,.5,.5455,.5909,.233,.4186,.6149,.6429,.672,.6724
170,"Georgia_State_Capitol",1.0,.9,.65,.6,.5,.42,.1579,.2105,.2632,.2632,.3158,.3158,.2727,.3412,.3746,.3659,.3871,.3605
171,"Dome_des_Invalides",.8,.9,.95,.9333,.95,.96,.08,.28,.44,.48,.52,.52,.1455,.4271,.6014,.634,.6721,.6746
172,"Reggia_di_Caserta",.6,.7,.55,.6,.575,.5,.12,.24,.4,.52,.56,.6,.2,.3574,.4632,.5571,.5674,.5455
173,"The_Burj_al_Arab_Hotel",.8,.9,.85,.8,.85,.88,.16,.28,.48,.6,.6,.64,.2667,.4271,.6135,.6857,.7034,.7411
174,"Elephanta_Caves",1.0,.9,.9,.9333,.925,.94,.1667,.2917,.4583,.5417,.5417,.7083,.2857,.4406,.6074,.6855,.6832,.8079
175,"Basilica_of_Santa_Croce",1.0,1.0,1.0,1.0,1.0,1.0,.16,.28,.32,.48,.68,.68,.2759,.4375,.4848,.6486,.8095,.8095
176,"Aachen_Cathedral",1.0,1.0,1.0,.9667,.95,.92,.2,.28,.44,.52,.56,.68,.3333,.4375,.6111,.6762,.7046,.782
177,"Monument_to_the_Great_Fire_of_London",.8,.8,.55,.5333,.4,.48,.12,.2,.28,.36,.36,.52,.2087,.32,.3711,.4299,.3789,.4992
178,"Longmen_Grottoes",.6,.7,.55,.5333,.5,.5,.12,.24,.32,.48,.52,.64,.2,.3574,.4046,.5053,.5098,.5614
179,"Louisiana_State_Capitol",.2,.2,.2,.3333,.25,.26,.04,.08,.12,.28,.28,.32,.0667,.1143,.15,.3043,.2642,.2869
180,"The_Great_Sphinx_at_Giza",.8,.9,.85,.8667,.825,.86,.12,.24,.32,.4,.56,.64,.2087,.3789,.465,.5474,.6671,.7339
181,"Teatro_Real_Madrid",1.0,1.0,.95,.9667,.975,.78,.2174,.3478,.6087,.7826,.913,.913,.3571,.5161,.742,.865,.943,.8413
182,"Palacio_de_la_Magdalena",.6,.7,.75,.8,.775,.8,.12,.28,.44,.64,.64,.68,.2,.4,.5546,.7111,.7011,.7351
183,"Sowjetisches_Ehrenmal",.6,.4,.35,.5,.55,.64,.08,.12,.16,.4,.52,.6,.1412,.1846,.2196,.4444,.5346,.6194
184,"Cathedral_of_Trier",1.0,1.0,1.0,1.0,1.0,.94,.2,.36,.48,.6,.72,.8,.3333,.5294,.6486,.75,.8372,.8644
185,"Saint_Mary_of_the_Flower",.2,.2,.2,.2,.175,.14,.04,.08,.16,.2,.24,.24,.0667,.1143,.1778,.2,.2024,.1768
186,"Skellig_Michael",1.0,.9,.8,.7,.725,.66,.2,.32,.48,.6,.6,.6,.3333,.4721,.6,.6462,.6566,.6286
187,"Chicago_Board_of_Trade_Building",1.0,.9,.95,.9667,.925,.9,.1818,.3182,.4545,.6364,.6818,.7727,.3077,.4701,.6149,.7675,.785,.8315
188,"Pont_de_Normandie_France",1.0,1.0,.95,.9667,.95,.96,.2105,.3684,.6316,.7368,.7895,.8421,.3478,.5385,.7587,.8363,.8623,.8972
189,"Palazzo_Rosso",.0,.1,.1,.1,.1,.1,.0,.0417,.0833,.125,.1667,.1667,.0,.0588,.0909,.1111,.125,.125
190,"Piazza_Vittorio_Veneto",1.0,1.0,.8,.6333,.475,.4,.1875,.3125,.5,.5625,.5625,.5625,.3158,.4762,.6154,.5958,.5151,.4675
191,"Sforza_Castle",1.0,.9,.9,.9,.9,.92,.16,.24,.52,.6,.64,.72,.2759,.3789,.6592,.72,.7481,.8078
192,"Torres_KIO",1.0,1.0,.9,.8667,.9,.9,.16,.32,.48,.52,.56,.64,.2759,.4848,.6261,.65,.6904,.7481
193,"Torre_Picasso",1.0,.8,.9,.9,.925,.88,.2083,.2917,.5417,.6667,.6667,.75,.3448,.4275,.6763,.766,.7749,.8098
194,"The_Palace_of_Parliament_in_Bucharest",1.0,1.0,.85,.9,.925,.92,.2,.36,.44,.44,.44,.6,.3333,.5294,.5798,.591,.5963,.7263
195,"Ernest_Hemingway_House",.8,.9,.9,.9,.9,.8,.16,.32,.44,.56,.6,.68,.2667,.4721,.591,.6904,.72,.7351
196,"Castel_dellOvo_Napoli",.8,.8,.85,.8667,.875,.9,.16,.28,.4,.52,.6,.72,.2667,.4148,.544,.65,.7119,.8
197,"Villa_Borghese_gardens",1.0,1.0,1.0,1.0,1.0,1.0,.2,.28,.48,.64,.72,.84,.3333,.4375,.6486,.7805,.8372,.913
198,"Saint_Marks_Basilica",1.0,1.0,1.0,1.0,1.0,1.0,.2,.28,.48,.48,.48,.48,.3333,.4375,.6486,.6486,.6486,.6486
199,"Mausoleum_of_the_First_Qin_Emperor",.8,.9,.95,.9667,.9,.8,.16,.32,.52,.6,.6,.68,.2667,.4721,.6721,.7404,.72,.7351
200,"Mausoleum_of_Hadrian",1.0,1.0,.8,.7667,.8,.82,.1111,.2222,.4444,.4444,.5,.6111,.2,.3636,.5714,.5627,.6154,.7003
201,"Piazza_de_Ferrari",1.0,1.0,.95,.9667,.95,.94,.2105,.2632,.3684,.4211,.4737,.5789,.3478,.4167,.5309,.5866,.6322,.7166
202,"George_Washington_Carver",.2,.5,.75,.8,.775,.74,.0625,.25,.4375,.5625,.625,.6875,.0952,.3333,.5526,.6606,.692,.7128
203,"Cathedral_of_Santiago_de_Compostela",.8,.8,.9,.9,.85,.84,.1176,.2941,.4706,.6471,.8235,.8235,.2051,.4301,.618,.7529,.8366,.8317
204,"Saint-Jacques_Tower",.8,.9,.85,.8333,.8,.74,.3077,.3846,.3846,.3846,.4615,.5385,.4444,.5389,.5296,.5263,.5854,.6233
205,"Calakmul_Campeche_Mexico",1.0,.8,.85,.8667,.85,.86,.2143,.2857,.3571,.5,.7143,.7143,.3529,.4211,.503,.6341,.7763,.7804
206,"Bran_Castle_in_Transylvania",1.0,1.0,.95,.9333,.925,.92,.2105,.3684,.4737,.5263,.5789,.6842,.3478,.5385,.6322,.6731,.7122,.7848
207,"Mosteiro_da_Batalha",1.0,1.0,1.0,1.0,1.0,1.0,.2632,.3684,.5263,.5789,.6842,.7368,.4167,.5385,.6897,.7333,.8125,.8485
208,"Wartburg_Castle",1.0,1.0,.9,.9333,.95,.96,.2,.25,.5,.7,.7,.75,.3333,.4,.6429,.8,.8061,.8421
209,"Fujian_Tulou_Fujian_China",.8,.9,.95,.9667,.975,.96,.1111,.3333,.3889,.6111,.6667,.7778,.1951,.4865,.5519,.7488,.7919,.8593
210,"Alabama_State_Capitol",.4,.6,.6,.7,.775,.76,.0952,.2381,.381,.5714,.7143,.8095,.1538,.3409,.466,.6292,.7434,.784
211,"Palazzo_dAccursio",1.0,.7,.6,.7,.725,.76,.2222,.2222,.2778,.3333,.3333,.5556,.3636,.3373,.3797,.4516,.4567,.6419
212,"Casa_Grande_Ruins",1.0,.7,.8,.8,.8,.82,.2353,.2941,.4706,.5882,.6471,.6471,.381,.4142,.5926,.678,.7154,.7233
213,"Stravinsky_Fountain",1.0,1.0,1.0,.9667,.925,.92,.2,.3333,.4,.5333,.6667,.6667,.3333,.5,.5714,.6874,.7749,.7731
214,"Angel_Falls_Venezuela",.8,.7,.7,.6333,.6,.54,.2353,.3529,.5294,.5882,.6471,.6471,.3636,.4693,.6029,.61,.6226,.5887
215,"Statue_of_George_IV",.8,.8,.6,.5667,.5,.48,.375,.5,.5,.75,.75,.875,.5106,.6154,.5455,.6456,.6,.6199
216,"Palacio_Barolo",1.0,.8,.8,.8667,.9,.92,.2353,.2941,.4706,.5294,.6471,.6471,.381,.4301,.5926,.6573,.7529,.7598
217,"Bridge_of_Remembrance_Christchurch_New_Zealand",.8,.6,.8,.8667,.9,.76,.25,.3333,.5833,.9167,1.0,1.0,.381,.4286,.6747,.891,.9474,.8636
218,"John_A._Roebling_Suspension_Bridge",.2,.3,.45,.5,.475,.5,.0667,.1333,.4667,.6667,.6667,.8,.1,.1846,.4582,.5714,.5547,.6154
219,"Blue_Dome_Santorini",1.0,1.0,.9,.9333,.95,.96,.1875,.3125,.4375,.5625,.625,.6875,.3158,.4762,.5888,.7019,.754,.8012
220,"Fossar_de_les_Moreres",.4,.4,.6,.6,.525,.46,.0714,.1429,.4286,.6429,.7143,.7143,.1212,.2105,.5,.6207,.6052,.5596
221,"Luxor_Obelisk_France",1.0,.9,.8,.7667,.675,.7,.1875,.1875,.3125,.375,.375,.375,.3158,.3103,.4494,.5036,.4821,.4884
222,"Valle_de_los_Caidos",1.0,.9,.9,.8667,.9,.86,.25,.3,.45,.55,.65,.65,.4,.45,.6,.6729,.7548,.7404
--------------------
"--","Avg.",P@5,P@10,P@20,P@30,P@40,P@50,CR@5,CR@10,CR@20,CR@30,CR@40,CR@50,F1@5,F1@10,F1@20,F1@30,F1@40,F1@50
,.,8081,.7892,.784,.7812,.7752,.7676,.1519,.2507,.3878,.4858,.5609,.6184,.2488,.3723,.5091,.587,.6377,.6703
