--------------------
"Run name","output_runSCHSilhouette"
--------------------
"Average P@20 = ",.784
"Average CR@20 = ",.3998
"Average F1@20 = ",.5199
--------------------
"Query Id ","Location name",P@5,P@10,P@20,P@30,P@40,P@50,CR@5,CR@10,CR@20,CR@30,CR@40,CR@50,F1@5,F1@10,F1@20,F1@30,F1@40,F1@50
1,"angel_of_the_north",1.0,1.0,1.0,1.0,.95,.96,.16,.24,.36,.56,.64,.64,.2759,.3871,.5294,.7179,.7648,.768
2,"big_ben",.8,.9,.9,.8667,.9,.8,.1818,.2273,.4091,.4545,.5,.5909,.2963,.3629,.5625,.5963,.6429,.6797
3,"hearst_castle",1.0,.9,.95,.9333,.925,.92,.2083,.3333,.5833,.75,.875,.875,.3448,.4865,.7228,.8317,.8993,.8969
4,"la_madeleine",.0,.2,.45,.4,.35,.32,.0,.1429,.4286,.5714,.6429,.6429,.0,.1667,.439,.4706,.4532,.4273
5,"pont_alexandre_iii",1.0,.9,.95,.9667,.95,.92,.2,.28,.4,.56,.64,.76,.3333,.4271,.563,.7092,.7648,.8324
6,"neues_museum",.0,.0,.25,.5,.625,.7,.0,.0,.12,.36,.52,.6,.0,.0,.1622,.4186,.5677,.6462
7,"montezuma_castle",.8,.8,.5,.6333,.625,.66,.25,.3333,.4167,.5,.5833,.75,.381,.4706,.4545,.5588,.6034,.7021
8,"cn_tower",.6,.5,.75,.7333,.7,.68,.125,.2083,.4583,.625,.6667,.75,.2069,.2941,.569,.6748,.6829,.7133
9,"acropolis_athens",.8,.9,.95,.9,.9,.84,.1429,.2381,.4762,.4762,.5238,.5238,.2424,.3766,.6344,.6228,.6622,.6453
10,"agra_fort",.8,.9,.9,.9,.9,.88,.16,.32,.44,.52,.72,.76,.2667,.4721,.591,.6592,.8,.8156
11,"albert_memorial",.8,.9,.65,.7667,.8,.84,.0909,.1364,.2727,.4091,.4545,.6818,.1633,.2368,.3842,.5335,.5797,.7527
12,"altes_museum",.8,.8,.5,.5,.6,.66,.1667,.25,.3333,.4167,.5,.5833,.2759,.381,.4,.4545,.5455,.6193
13,"amiens_cathedral",1.0,1.0,1.0,1.0,.975,.98,.16,.36,.52,.64,.76,.84,.2759,.5294,.6842,.7805,.8542,.9046
14,"angkor_wat",1.0,.8,.7,.8,.85,.84,.16,.24,.36,.6,.68,.72,.2759,.3692,.4755,.6857,.7556,.7754
15,"ara_pacis",.8,.8,.6,.6667,.6,.64,.1818,.3182,.4091,.6364,.6818,.6818,.2963,.4553,.4865,.6512,.6383,.6602
16,"arc_de_triomphe",.8,.9,.75,.7667,.725,.72,.125,.25,.3333,.5,.5417,.625,.2162,.3913,.4615,.6053,.6201,.6691
17,"aztec_ruins",.0,.0,.3,.2,.275,.38,.0,.0,.2,.2,.36,.52,.0,.0,.24,.2,.3118,.4391
18,"berlin_cathedral",1.0,.9,.95,.9667,.9,.9,.16,.24,.44,.56,.6,.64,.2759,.3789,.6014,.7092,.72,.7481
19,"bok_tower_gardens",1.0,.7,.85,.8667,.85,.88,.2,.2,.4,.52,.56,.64,.3333,.3111,.544,.65,.6752,.7411
20,"brandenburg_gate",1.0,1.0,1.0,1.0,.975,.92,.16,.2,.36,.48,.6,.68,.2759,.3333,.5294,.6486,.7429,.782
21,"cabrillo",.2,.3,.15,.1,.1,.1,.0769,.2308,.2308,.2308,.3077,.3846,.1111,.2609,.1818,.1395,.1509,.1587
22,"casa_batllo",1.0,1.0,1.0,1.0,.95,.96,.16,.2,.4,.56,.6,.72,.2759,.3333,.5714,.7179,.7355,.8229
23,"casa_rosada",.8,.9,.95,.9333,.95,.92,.16,.2,.4,.52,.6,.68,.2667,.3273,.563,.6679,.7355,.782
24,"castillo_de_san_marcos",1.0,.7,.7,.6,.675,.74,.16,.2,.4,.44,.64,.72,.2759,.3111,.5091,.5077,.657,.7299
25,"chartres_cathedral",1.0,1.0,.95,.9,.925,.88,.2,.28,.52,.64,.68,.8,.3333,.4375,.6721,.7481,.7838,.8381
26,"chichen_itza",.8,.9,.85,.9,.9,.9,.16,.28,.4,.52,.6,.76,.2667,.4271,.544,.6592,.72,.8241
27,"christ_the_redeemer_rio",.6,.8,.45,.4,.4,.44,.087,.2174,.2609,.3478,.4783,.5652,.1519,.3419,.3303,.3721,.4356,.4948
28,"civic_center_san_francisco",.8,.8,.85,.8333,.725,.58,.12,.24,.36,.44,.48,.48,.2087,.3692,.5058,.5759,.5776,.5253
29,"cologne_cathedral",1.0,1.0,.95,.9333,.95,.94,.08,.24,.44,.6,.68,.8,.1481,.3871,.6014,.7304,.7926,.8644
30,"colosseum",1.0,1.0,1.0,.9667,.875,.9,.12,.24,.48,.48,.56,.64,.2143,.3871,.6486,.6415,.6829,.7481
31,"doge_s_palace",.8,.9,.7,.8,.825,.86,.12,.24,.4,.48,.48,.48,.2087,.3789,.5091,.6,.6069,.6161
32,"eiffel_tower",1.0,1.0,1.0,1.0,1.0,.94,.16,.2,.32,.44,.48,.64,.2759,.3333,.4848,.6111,.6486,.7615
33,"golden_gate_bridge",.8,.7,.75,.8,.7,.74,.1739,.3043,.3913,.5217,.5652,.5652,.2857,.4242,.5143,.6316,.6254,.6409
34,"grand_palais",1.0,1.0,.95,.9333,.925,.94,.1364,.2273,.4091,.4545,.5455,.5909,.24,.3704,.5719,.6114,.6862,.7257
35,"guggenheim_museum_bilbao",1.0,1.0,1.0,.9667,.975,.96,.12,.24,.44,.48,.52,.68,.2143,.3871,.6111,.6415,.6783,.7961
36,"hagia_sophia_istanbul",1.0,1.0,1.0,.9667,.975,.98,.2,.32,.48,.64,.64,.76,.3333,.4848,.6486,.7701,.7728,.8561
37,"hoover_dam",1.0,.9,.85,.9,.9,.92,.2,.32,.48,.6,.72,.8,.3333,.4721,.6135,.72,.8,.8558
38,"humayun_tomb",1.0,.9,.8,.8333,.85,.86,.12,.24,.48,.6,.72,.8,.2143,.3789,.6,.6977,.7796,.8289
39,"iguazu_falls",.6,.8,.85,.7,.7,.72,.04,.2,.48,.52,.56,.68,.075,.32,.6135,.5967,.6222,.6994
40,"iolani_palace",.8,.9,.7,.6333,.675,.66,.16,.24,.4,.44,.52,.64,.2667,.3789,.5091,.5193,.5874,.6498
41,"la_mezquita",.8,.8,.8,.7333,.6,.58,.1667,.3333,.4167,.4583,.5417,.6667,.2759,.4706,.5479,.5641,.5693,.6203
42,"la_rambla_barcelona",1.0,1.0,.95,.9667,.95,.94,.16,.28,.44,.48,.52,.6,.2759,.4375,.6014,.6415,.6721,.7325
43,"la_sainte_chapelle",1.0,.9,.95,.9667,.95,.96,.2,.36,.6,.6,.76,.84,.3333,.5143,.7355,.7404,.8444,.896
44,"liberty_memorial",.6,.3,.65,.7,.6,.64,.04,.04,.28,.44,.48,.64,.075,.0706,.3914,.5404,.5333,.64
45,"lincoln_home",1.0,.9,.95,.9667,.9,.72,.2778,.3333,.6667,.7222,.7222,.7222,.4348,.4865,.7835,.8268,.8014,.7211
46,"machu_picchu",1.0,.7,.65,.7,.75,.78,.2,.28,.44,.6,.72,.72,.3333,.4,.5248,.6462,.7347,.7488
47,"marble_arch_london",.6,.5,.4,.3,.325,.3,.25,.25,.3333,.3333,.5,.5833,.3529,.3333,.3636,.3158,.3939,.3962
48,"milan_cathedral",1.0,.9,.75,.8333,.875,.9,.16,.24,.44,.6,.68,.72,.2759,.3789,.5546,.6977,.7653,.8
49,"mole_antonelliana",1.0,.9,.85,.8,.8,.72,.16,.2,.36,.48,.56,.64,.2759,.3273,.5058,.6,.6588,.6776
50,"mont_saint_michel",1.0,1.0,1.0,.9333,.925,.92,.16,.32,.44,.48,.72,.72,.2759,.4848,.6111,.634,.8097,.8078
51,"moulin_rouge",.0,.0,.0,.1333,.125,.1,.0,.0,.0,.375,.5,.5,.0,.0,.0,.1967,.2,.1667
52,"nelson_s_column",.8,.9,.95,.9667,.975,.98,.125,.25,.4167,.4583,.7083,.8333,.2162,.3913,.5793,.6218,.8205,.9007
53,"notre_dame_de_paris",.8,.9,.95,.9333,.9,.88,.16,.24,.44,.56,.64,.72,.2667,.3789,.6014,.7,.7481,.792
54,"obelisco",.4,.2,.1,.0667,.125,.26,.0909,.0909,.0909,.0909,.2727,.6364,.1481,.125,.0952,.0769,.1714,.3692
55,"piccadilly_circus",1.0,.9,.8,.7667,.775,.72,.1739,.3043,.4348,.5217,.6087,.6957,.2963,.4549,.5634,.6209,.6819,.7076
56,"place_de_la_concorde",1.0,1.0,.95,.9667,.975,.98,.12,.2,.4,.56,.64,.68,.2143,.3333,.563,.7092,.7728,.8029
57,"place_de_la_republique",.2,.2,.15,.1333,.125,.1,.125,.125,.25,.375,.375,.375,.1538,.1538,.1875,.1967,.1875,.1579
58,"place_des_vosges",.8,.7,.85,.7667,.725,.74,.12,.12,.32,.44,.64,.68,.2087,.2049,.465,.5591,.6799,.7087
59,"pont_du_gard",.8,.8,.85,.7333,.675,.72,.16,.28,.52,.52,.6,.64,.2667,.4148,.6453,.6085,.6353,.6776
60,"pont_neuf",.8,.8,.9,.7,.725,.66,.08,.2,.44,.48,.56,.6,.1455,.32,.591,.5695,.6319,.6286
61,"ponte_vecchio",.8,.9,.9,.7667,.7,.68,.1667,.25,.4583,.4583,.5417,.6667,.2759,.3913,.6074,.5737,.6107,.6733
62,"puerta_de_alcala",.2,.2,.55,.6333,.65,.64,.0526,.1053,.3158,.5263,.6316,.7368,.0833,.1379,.4012,.5749,.6407,.685
63,"puerta_del_sol",.6,.6,.5,.3333,.275,.22,.15,.25,.3,.3,.3,.3,.24,.3529,.375,.3158,.287,.2538
64,"red_fort",1.0,1.0,1.0,.9667,.975,.98,.2,.32,.56,.6,.68,.72,.3333,.4848,.7179,.7404,.8012,.8301
65,"reims_cathedral",1.0,1.0,1.0,1.0,1.0,.94,.16,.24,.32,.44,.52,.64,.2759,.3871,.4848,.6111,.6842,.7615
66,"rialto_bridge",1.0,1.0,.85,.8,.675,.54,.25,.375,.5625,.6875,.75,.75,.4,.5455,.677,.7395,.7105,.6279
67,"roman_forum_rome",.6,.7,.7,.6667,.575,.64,.12,.24,.36,.48,.48,.6,.2,.3574,.4755,.5581,.5232,.6194
68,"sacre_coeur",.2,.5,.6,.6,.55,.54,.0417,.1667,.2917,.375,.4583,.5417,.069,.25,.3925,.4615,.5,.5408
69,"sagrada_familia",1.0,1.0,.95,.9333,.95,.94,.16,.32,.44,.52,.6,.64,.2759,.4848,.6014,.6679,.7355,.7615
70,"santa_maria_novella",.8,.4,.65,.6,.575,.62,.16,.16,.32,.44,.48,.64,.2667,.2286,.4289,.5077,.5232,.6298
71,"schonbrunn_palace",1.0,1.0,1.0,1.0,1.0,1.0,.2,.4,.48,.6,.72,.72,.3333,.5714,.6486,.75,.8372,.8372
72,"seville_cathedral",.6,.7,.85,.9,.925,.94,.12,.24,.32,.44,.56,.6,.2,.3574,.465,.591,.6976,.7325
73,"spanish_steps",1.0,.8,.65,.6,.55,.56,.1818,.2273,.4091,.5,.5909,.6818,.3077,.354,.5021,.5455,.5697,.6149
74,"st__basil_cathedral",1.0,1.0,.9,.9,.875,.9,.2,.28,.4,.56,.64,.64,.3333,.4375,.5538,.6904,.7393,.7481
75,"statue_of_liberty",1.0,1.0,.8,.8,.85,.8,.16,.24,.36,.44,.52,.6,.2759,.3871,.4966,.5677,.6453,.6857
76,"stonehenge",.8,.6,.6,.4667,.525,.52,.2105,.2632,.4737,.5263,.6316,.6842,.3333,.3659,.5294,.4947,.5734,.5909
77,"summer_palace_beijing",1.0,1.0,.95,.9667,.925,.88,.12,.32,.4,.52,.64,.68,.2143,.4848,.563,.6762,.7565,.7672
78,"sydney_opera_house",1.0,.9,.95,.8,.85,.86,.12,.24,.32,.44,.52,.52,.2143,.3789,.4787,.5677,.6453,.6481
79,"teotihuacan",1.0,.8,.7,.7667,.775,.8,.16,.2,.4,.6,.68,.76,.2759,.32,.5091,.6732,.7244,.7795
80,"terracotta_army",.8,.9,.45,.4667,.55,.6,.15,.3,.3,.35,.6,.7,.2526,.45,.36,.4,.5739,.6462
81,"the_blue_mosque",.8,.9,.95,.9667,.975,.98,.16,.24,.36,.52,.6,.72,.2667,.3789,.5221,.6762,.7429,.8301
82,"the_henry_ford",1.0,1.0,.6,.6,.625,.66,.16,.24,.28,.36,.48,.64,.2759,.3871,.3818,.45,.543,.6498
83,"taj_mahal",1.0,.8,.9,.9,.9,.9,.16,.28,.32,.48,.64,.72,.2759,.4148,.4721,.6261,.7481,.8
84,"tour_montparnasse",.8,.9,.65,.4333,.4,.36,.2,.35,.45,.45,.5,.5,.32,.504,.5318,.4415,.4444,.4186
85,"tower_bridge_london",.8,.8,.7,.6,.575,.56,.08,.24,.44,.48,.52,.56,.1455,.3692,.5404,.5333,.5461,.56
86,"trafalgar_square",.4,.4,.35,.3667,.45,.5,.0909,.1818,.2273,.3182,.4091,.5,.1481,.25,.2756,.3407,.4286,.5
87,"leaning_tower_of_pisa",.8,.6,.5,.5,.575,.62,.12,.16,.24,.36,.48,.52,.2087,.2526,.3243,.4186,.5232,.5656
88,"hermitage_museum_saint_petersburg",1.0,.9,.8,.8667,.9,.9,.2,.2,.32,.56,.68,.68,.3333,.3273,.4571,.6804,.7747,.7747
89,"jantar_mantar_jaipur",.8,.6,.8,.7667,.75,.76,.16,.24,.44,.6,.64,.76,.2667,.3429,.5677,.6732,.6906,.76
90,"lake_titicaca_peru",.8,.7,.45,.4333,.525,.52,.125,.2083,.25,.3333,.5,.625,.2162,.3211,.3214,.3768,.5122,.5677
91,"the_great_wall_of_china",1.0,.9,.9,.9,.775,.76,.16,.24,.44,.52,.56,.68,.2759,.3789,.591,.6592,.6502,.7178
92,"grande_arche_paris",.4,.6,.55,.7,.65,.7,.08,.2,.24,.36,.52,.64,.1333,.3,.3342,.4755,.5778,.6687
93,"el_angel_mexico",.8,.9,.65,.6,.6,.5,.1905,.2857,.381,.5238,.619,.6667,.3077,.4337,.4804,.5593,.6094,.5714
94,"bibliotheque_nationale_de_france",.6,.8,.8,.7333,.775,.78,.08,.12,.32,.4,.52,.6,.1412,.2087,.4571,.5176,.6224,.6783
95,"kronborg_castle",.6,.7,.7,.7,.775,.82,.0833,.2083,.375,.5,.5833,.625,.1463,.3211,.4884,.5833,.6656,.7093
96,"ajanta_caves",1.0,.9,.95,.9667,.975,.92,.1818,.1818,.5,.5455,.6364,.6364,.3077,.3025,.6552,.6974,.7701,.7523
97,"atomium",.8,.9,.95,.9333,.925,.88,.1905,.3333,.381,.4286,.5714,.619,.3077,.4865,.5438,.5874,.7064,.7268
98,"ellora_caves",1.0,1.0,.95,.9667,.975,.98,.1818,.2727,.4091,.5,.5455,.5455,.3077,.4286,.5719,.6591,.6996,.7008
99,"potala_palace",.8,.9,.9,.8667,.8,.8,.1667,.2222,.3333,.5556,.6667,.7222,.2759,.3564,.4865,.6771,.7273,.7591
100,"jokhang",.8,.8,.85,.8,.85,.82,.12,.28,.52,.68,.8,.84,.2087,.4148,.6453,.7351,.8242,.8299
101,"rila_monastery",.6,.7,.85,.9,.925,.94,.12,.2,.36,.36,.4,.48,.2,.3111,.5058,.5143,.5585,.6355
102,"louvre_pyramid",1.0,1.0,.9,.9,.925,.88,.1111,.3889,.5,.5556,.5556,.6111,.2,.56,.6429,.687,.6942,.7213
103,"brooklyn_bridge",1.0,1.0,.85,.9,.9,.86,.1429,.2381,.2857,.4762,.5714,.6667,.25,.3846,.4277,.6228,.699,.7511
104,"tower_of_london",.8,.8,.8,.8,.75,.76,.087,.2174,.2609,.5217,.5217,.6087,.1569,.3419,.3934,.6316,.6154,.676
105,"british_museum_london",1.0,1.0,1.0,.9667,.975,.94,.15,.25,.45,.55,.55,.65,.2609,.4,.6207,.7011,.7033,.7686
106,"buckingham_palace",.6,.6,.55,.4667,.375,.38,.15,.15,.25,.3,.35,.4,.24,.24,.3438,.3652,.3621,.3897
107,"charles_bridge_prague",.6,.8,.6,.5667,.475,.5,.0833,.1667,.25,.3333,.375,.5,.1463,.2759,.3529,.4198,.4191,.5
108,"champs_elysees_paris",.6,.4,.6,.6333,.575,.5,.2,.2667,.4667,.5333,.6667,.6667,.3,.32,.525,.579,.6174,.5714
109,"chrysler_building",1.0,1.0,1.0,1.0,.975,.98,.1429,.3571,.7143,.8571,.9286,.9286,.25,.5263,.8333,.9231,.9512,.9536
110,"moma_new_york",.8,.9,.95,.9,.85,.86,.1579,.2105,.4211,.4211,.5263,.5789,.2637,.3412,.5835,.5737,.6501,.692
111,"grand_central_terminal",1.0,1.0,1.0,.9667,.975,.94,.1429,.1905,.2857,.5238,.5714,.619,.25,.32,.4444,.6794,.7206,.7465
112,"houses_of_parliament",1.0,1.0,1.0,1.0,.925,.88,.2174,.3043,.3478,.4348,.4783,.5217,.3571,.4667,.5161,.6061,.6305,.6551
113,"alexanderplatz_berlin",.2,.2,.55,.6,.65,.62,.04,.08,.32,.4,.44,.48,.0667,.1143,.4046,.48,.5248,.5411
114,"centre_pompidou",1.0,.8,.75,.7,.75,.74,.2778,.2778,.3333,.4444,.7778,.8333,.4348,.4124,.4615,.5437,.7636,.7839
115,"sydney_harbour_bridge",1.0,1.0,1.0,1.0,.975,.98,.25,.375,.5,.5,.625,.6875,.4,.5455,.6667,.6667,.7617,.8081
116,"pier_39",1.0,1.0,1.0,.8667,.875,.9,.2381,.3333,.5238,.619,.6667,.7143,.3846,.5,.6875,.7222,.7568,.7965
117,"coit_tower",.8,.8,.6,.7333,.7,.74,.1333,.2,.3333,.4667,.5333,.6,.2286,.32,.4286,.5704,.6054,.6627
118,"st_paul_s_cathedral_london",1.0,1.0,.9,.8333,.8,.76,.2353,.2941,.5294,.7647,.7647,.8235,.381,.4545,.6667,.7975,.782,.7905
119,"cloud_gate",.6,.8,.45,.5667,.6,.66,.25,.3333,.3333,.5833,.5833,.5833,.3529,.4706,.383,.5749,.5915,.6193
120,"musee_d_orsay",1.0,.9,.85,.8667,.875,.88,.1429,.1905,.3333,.381,.5714,.619,.25,.3144,.4789,.5293,.6914,.7268
121,"pike_place_market",1.0,.9,.85,.7667,.775,.82,.1905,.3333,.5238,.5714,.619,.619,.32,.4865,.6482,.6548,.6883,.7055
122,"royal_palace_madrid",.6,.8,.8,.8,.85,.86,.1364,.2727,.3182,.5,.7273,.7273,.2222,.4068,.4553,.6154,.7839,.7881
123,"sony_center_berlin",.8,.9,.95,.9667,.975,.92,.1429,.2381,.3333,.381,.381,.4762,.2424,.3766,.4935,.5465,.5478,.6276
124,"red_square_moscow",.8,.6,.65,.7667,.725,.7,.0952,.1429,.2857,.5238,.619,.619,.1702,.2308,.3969,.6224,.6678,.657
125,"prague_castle",1.0,.9,.9,.8333,.8,.8,.16,.32,.48,.56,.68,.76,.2759,.4721,.6261,.6699,.7351,.7795
126,"musee_du_louvre",1.0,1.0,1.0,1.0,1.0,.98,.2,.28,.52,.56,.64,.68,.3333,.4375,.6842,.7179,.7805,.8029
127,"millennium_bridge_london",.8,.7,.8,.8,.85,.78,.16,.24,.36,.4,.6,.6,.2667,.3574,.4966,.5333,.7034,.6783
128,"casa_mila",1.0,1.0,.95,.9,.9,.92,.2,.28,.48,.48,.6,.64,.3333,.4375,.6378,.6261,.72,.7549
129,"national_gallery_london",1.0,1.0,.65,.7333,.725,.64,.1364,.2727,.3182,.5,.5909,.5909,.24,.4286,.4272,.5946,.6511,.6145
130,"national_mall",1.0,1.0,1.0,1.0,.975,.88,.2,.28,.48,.68,.84,.92,.3333,.4375,.6486,.8095,.9025,.8996
131,"london_city_hall",1.0,1.0,1.0,.9333,.85,.74,.2,.35,.45,.55,.65,.7,.3333,.5185,.6207,.6921,.7367,.7194
132,"holocaust_memorial",.4,.7,.65,.6333,.6,.48,.0625,.25,.5,.5625,.625,.625,.1081,.3684,.5652,.5958,.6122,.543
133,"columbus_circle",.6,.7,.7,.5667,.525,.54,.12,.24,.48,.52,.52,.56,.2,.3574,.5695,.5423,.5225,.5498
134,"siegessaeule",1.0,1.0,.8,.7,.525,.48,.16,.24,.44,.52,.52,.52,.2759,.3871,.5677,.5967,.5225,.4992
135,"jardin_du_luxembourg",1.0,1.0,1.0,1.0,.95,.96,.2,.36,.52,.68,.72,.8,.3333,.5294,.6842,.8095,.8192,.8727
136,"merlion_singapore",.2,.2,.3,.3333,.375,.46,.0455,.0909,.2727,.3636,.5455,.6818,.0741,.125,.2857,.3478,.4444,.5494
137,"harrods_london",.8,.9,.75,.8333,.825,.86,.12,.28,.44,.56,.64,.72,.2087,.4271,.5546,.6699,.7208,.7838
138,"metropolitan_museum_of_art_new_york",1.0,1.0,.95,.9667,.975,.98,.16,.32,.44,.52,.64,.68,.2759,.4848,.6014,.6762,.7728,.8029
139,"new_york_stock_exchange",.8,.9,.8,.6667,.55,.58,.15,.25,.25,.35,.4,.6,.2526,.3913,.381,.459,.4632,.5898
140,"stephansdom_vienna",1.0,1.0,1.0,.9667,.975,.96,.16,.2,.36,.52,.6,.64,.2759,.3333,.5294,.6762,.7429,.768
141,"hms_belfast",1.0,1.0,1.0,.9,.925,.94,.12,.32,.48,.56,.68,.84,.2143,.4848,.6486,.6904,.7838,.8872
142,"leicester_square",.6,.8,.75,.7333,.725,.7,.08,.12,.28,.48,.52,.6,.1412,.2087,.4078,.5802,.6056,.6462
143,"ciudad_de_las_artes_y_las_ciencias",1.0,.9,.95,.9667,.975,.98,.16,.28,.48,.52,.64,.68,.2759,.4271,.6378,.6762,.7728,.8029
144,"topkapi_palace",1.0,.9,.95,.9333,.925,.92,.2,.28,.48,.52,.6,.68,.3333,.4271,.6378,.6679,.7279,.782
145,"royal_albert_hall",.8,.8,.7,.7,.575,.6,.12,.24,.32,.36,.4,.56,.2087,.3692,.4392,.4755,.4718,.5793
146,"st_vitus_cathedral",1.0,1.0,1.0,1.0,.95,.96,.2,.32,.48,.52,.6,.64,.3333,.4848,.6486,.6842,.7355,.768
147,"castello_sforzesco",1.0,.9,.9,.9333,.9,.92,.12,.24,.4,.52,.64,.64,.2143,.3789,.5538,.6679,.7481,.7549
148,"rijksmuseum_amsterdam",1.0,1.0,1.0,1.0,.95,.96,.2,.2,.36,.44,.48,.72,.3333,.3333,.5294,.6111,.6378,.8229
149,"dam_square",.8,.8,.8,.6667,.55,.6,.08,.24,.32,.4,.44,.56,.1455,.3692,.4571,.5,.4889,.5793
150,"rathaus_vienna",.8,.9,.85,.6667,.6,.58,.12,.12,.2,.28,.4,.44,.2087,.2118,.3238,.3944,.48,.5004
151,"bath_abbey",1.0,1.0,.95,.9667,.95,.9,.16,.28,.4,.52,.52,.64,.2759,.4375,.563,.6762,.6721,.7481
152,"salisbury_cathedral",1.0,1.0,1.0,1.0,1.0,.96,.16,.24,.4,.48,.48,.56,.2759,.3871,.5714,.6486,.6486,.7074
153,"templo_de_debod",.4,.4,.3,.4333,.45,.5,.0909,.1364,.1818,.2273,.3182,.3636,.1481,.2034,.2264,.2982,.3728,.4211
154,"Niagara_Falls",.8,.6,.7,.7,.725,.66,.1364,.1818,.3182,.5,.5909,.6364,.233,.2791,.4375,.5833,.6511,.648
155,"Golden_Gate_Bridge_in_San_Francisco",.8,.8,.9,.9333,.95,.94,.1364,.1818,.3636,.5455,.6364,.7273,.233,.2963,.518,.6885,.7622,.8201
156,"Neuschwanstein_Castle",1.0,1.0,.95,.9333,.925,.92,.12,.32,.52,.52,.64,.64,.2143,.4848,.6721,.6679,.7565,.7549
157,"Christ_Church_Cathedral_Missouri",.8,.9,.95,.9667,.9,.76,.12,.24,.4,.52,.56,.56,.2087,.3789,.563,.6762,.6904,.6448
158,"Mount_Rushmore_in_South_Dakota",.8,.9,.95,.9667,.925,.88,.16,.24,.4,.52,.64,.68,.2667,.3789,.563,.6762,.7565,.7672
159,"Puerta_de_Toledo",.2,.1,.05,.0333,.025,.02,.5,.5,.5,.5,.5,.5,.2857,.1667,.0909,.0625,.0476,.0385
160,"Urquhart_Castle",1.0,.8,.75,.8333,.8,.82,.1667,.2917,.5833,.6667,.7083,.75,.2857,.4275,.6562,.7407,.7514,.7834
161,"Gare_du_Nord_Paris",.6,.7,.8,.8333,.775,.72,.08,.2,.28,.32,.44,.48,.1412,.3111,.4148,.4624,.5613,.576
162,"Newgrange_in_Ireland",.4,.6,.65,.6333,.65,.7,.0833,.2083,.2917,.4167,.5,.5,.1379,.3093,.4027,.5026,.5652,.5833
163,"Windmills_at_Kinderdijk",1.0,1.0,.9,.8667,.825,.86,.16,.32,.48,.52,.56,.64,.2759,.4848,.6261,.65,.6671,.7339
164,"Conciergerie",.8,.9,.95,.9667,.95,.92,.16,.24,.48,.64,.76,.76,.2667,.3789,.6378,.7701,.8444,.8324
165,"Palazzo_Madama",.8,.7,.75,.7,.625,.64,.1818,.2273,.3636,.5455,.5909,.7273,.2963,.3431,.4898,.6131,.6075,.6809
166,"Split_Rock_Lighthouse",1.0,1.0,.85,.8,.825,.82,.16,.2,.32,.4,.52,.56,.2759,.3333,.465,.5333,.6379,.6655
167,"The_Little_Mermaid_Denmark",1.0,1.0,.95,.8,.7,.56,.2857,.4286,.6429,.7143,.7143,.7143,.4444,.6,.7668,.7547,.7071,.6278
168,"Great_Pyramid_of_Giza",.6,.6,.6,.5667,.55,.56,.2,.4,.5333,.5333,.5333,.7333,.3,.48,.5647,.5495,.5415,.6351
169,"Pitti_Palace",.8,.8,.9,.7333,.675,.58,.1818,.3636,.4545,.5,.5455,.5909,.2963,.5,.604,.5946,.6034,.5854
170,"Georgia_State_Capitol",.8,.9,.5,.3333,.25,.2,.1579,.2632,.2632,.2632,.2632,.2632,.2637,.4072,.3448,.2941,.2564,.2273
171,"Dome_des_Invalides",1.0,1.0,1.0,1.0,1.0,.98,.16,.28,.44,.48,.68,.72,.2759,.4375,.6111,.6486,.8095,.8301
172,"Reggia_di_Caserta",.8,.5,.4,.5667,.475,.58,.16,.2,.24,.44,.44,.68,.2667,.2857,.3,.4954,.4568,.626
173,"The_Burj_al_Arab_Hotel",.8,.7,.85,.8,.775,.82,.16,.24,.36,.48,.52,.6,.2667,.3574,.5058,.6,.6224,.693
174,"Elephanta_Caves",1.0,1.0,1.0,.9667,.925,.84,.1667,.3333,.4583,.625,.6667,.7083,.2857,.5,.6286,.7592,.7749,.7686
175,"Basilica_of_Santa_Croce",1.0,1.0,1.0,1.0,1.0,1.0,.08,.12,.48,.56,.6,.68,.1481,.2143,.6486,.7179,.75,.8095
176,"Aachen_Cathedral",1.0,.9,.9,.9333,.925,.94,.16,.2,.36,.4,.56,.56,.2759,.3273,.5143,.56,.6976,.7019
177,"Monument_to_the_Great_Fire_of_London",.8,.6,.4,.5333,.625,.64,.16,.24,.28,.44,.52,.68,.2667,.3429,.3294,.4822,.5677,.6594
178,"Longmen_Grottoes",.6,.8,.5,.6,.65,.66,.12,.32,.36,.52,.64,.76,.2,.4571,.4186,.5571,.645,.7065
179,"Louisiana_State_Capitol",.4,.4,.3,.3,.4,.44,.08,.12,.2,.24,.4,.48,.1333,.1846,.24,.2667,.4,.4591
180,"The_Great_Sphinx_at_Giza",1.0,.9,.85,.8667,.9,.92,.2,.24,.44,.56,.64,.72,.3333,.3789,.5798,.6804,.7481,.8078
181,"Teatro_Real_Madrid",1.0,1.0,.85,.6,.6,.62,.2174,.3478,.5217,.5652,.6957,.7391,.3571,.5161,.6466,.5821,.6443,.6743
182,"Palacio_de_la_Magdalena",.8,.9,.9,.7667,.725,.72,.12,.28,.4,.52,.6,.68,.2087,.4271,.5538,.6197,.6566,.6994
183,"Sowjetisches_Ehrenmal",.4,.4,.6,.6667,.7,.68,.08,.16,.44,.64,.8,.88,.1333,.2286,.5077,.6531,.7467,.7672
184,"Cathedral_of_Trier",1.0,1.0,1.0,.9333,.95,.9,.2,.32,.6,.72,.8,.88,.3333,.4848,.75,.8129,.8686,.8899
185,"Saint_Mary_of_the_Flower",.2,.1,.15,.1667,.35,.42,.04,.04,.12,.2,.4,.48,.0667,.0571,.1333,.1818,.3733,.448
186,"Skellig_Michael",1.0,.8,.8,.7333,.7,.68,.2,.28,.44,.48,.52,.56,.3333,.4148,.5677,.5802,.5967,.6142
187,"Chicago_Board_of_Trade_Building",1.0,1.0,.95,.7667,.575,.58,.2273,.3182,.3636,.4091,.4091,.5455,.3704,.4828,.526,.5335,.4781,.5622
188,"Pont_de_Normandie_France",1.0,1.0,1.0,.9667,.925,.8,.2632,.4737,.6316,.7368,.9474,.9474,.4167,.6429,.7742,.8363,.9361,.8675
189,"Palazzo_Rosso",.0,.0,.05,.0667,.1,.08,.0,.0,.0417,.0833,.1667,.1667,.0,.0,.0455,.0741,.125,.1081
190,"Piazza_Vittorio_Veneto",1.0,.8,.45,.3667,.475,.44,.25,.4375,.4375,.5,.8125,.8125,.4,.5657,.4437,.4231,.5995,.5709
191,"Sforza_Castle",1.0,.9,.95,.9667,.975,.94,.2,.32,.44,.56,.64,.64,.3333,.4721,.6014,.7092,.7728,.7615
192,"Torres_KIO",1.0,.9,.9,.9,.8,.78,.16,.28,.4,.52,.64,.72,.2759,.4271,.5538,.6592,.7111,.7488
193,"Torre_Picasso",1.0,1.0,.9,.7333,.75,.78,.1667,.3333,.4583,.5417,.5833,.6667,.2857,.5,.6074,.6231,.6562,.7189
194,"The_Palace_of_Parliament_in_Bucharest",.8,.9,.95,.9667,.975,.9,.12,.16,.24,.44,.64,.64,.2087,.2717,.3832,.6047,.7728,.7481
195,"Ernest_Hemingway_House",1.0,1.0,1.0,.8667,.85,.86,.2,.2,.36,.52,.56,.68,.3333,.3333,.5294,.65,.6752,.7595
196,"Castel_dellOvo_Napoli",.6,.8,.9,.9,.85,.82,.12,.24,.48,.68,.72,.76,.2,.3692,.6261,.7747,.7796,.7889
197,"Villa_Borghese_gardens",1.0,1.0,1.0,1.0,.975,.98,.2,.32,.56,.72,.76,.8,.3333,.4848,.7179,.8372,.8542,.8809
198,"Saint_Marks_Basilica",1.0,1.0,1.0,1.0,1.0,.9,.16,.24,.24,.28,.4,.48,.2759,.3871,.3871,.4375,.5714,.6261
199,"Mausoleum_of_the_First_Qin_Emperor",.6,.8,.65,.7333,.75,.76,.12,.24,.32,.4,.48,.56,.2,.3692,.4289,.5176,.5854,.6448
200,"Mausoleum_of_Hadrian",1.0,.8,.8,.7333,.625,.5,.1667,.2778,.4444,.5556,.5556,.5556,.2857,.4124,.5714,.6322,.5882,.5263
201,"Piazza_de_Ferrari",1.0,1.0,.95,.9333,.9,.92,.2105,.2632,.3684,.4737,.5789,.6842,.3478,.4167,.5309,.6284,.7046,.7848
202,"George_Washington_Carver",.4,.7,.65,.5667,.55,.58,.125,.1875,.4375,.5,.5625,.6875,.1905,.2958,.523,.5312,.5562,.6292
203,"Cathedral_of_Santiago_de_Compostela",1.0,1.0,.9,.8667,.85,.76,.1765,.2353,.5294,.5882,.5882,.7059,.3,.381,.6667,.7008,.6953,.7319
204,"Saint-Jacques_Tower",1.0,.9,.85,.7667,.725,.72,.1538,.2308,.3077,.3846,.5385,.6923,.2667,.3673,.4518,.5122,.618,.7059
205,"Calakmul_Campeche_Mexico",1.0,.9,.9,.8667,.8,.76,.2143,.2857,.6429,.7857,.7857,.8571,.3529,.4337,.75,.8242,.7928,.8057
206,"Bran_Castle_in_Transylvania",1.0,1.0,.9,.9,.9,.86,.2105,.2632,.3684,.4737,.6316,.6842,.3478,.4167,.5228,.6207,.7423,.7621
207,"Mosteiro_da_Batalha",1.0,1.0,1.0,1.0,1.0,1.0,.2105,.2632,.4737,.5263,.6316,.6842,.3478,.4167,.6429,.6897,.7742,.8125
208,"Wartburg_Castle",1.0,1.0,.9,.9333,.875,.86,.2,.3,.5,.7,.85,.9,.3333,.4615,.6429,.8,.8623,.8795
209,"Fujian_Tulou_Fujian_China",1.0,1.0,1.0,1.0,1.0,.96,.1667,.2778,.5,.6111,.6111,.8333,.2857,.4348,.6667,.7586,.7586,.8922
210,"Alabama_State_Capitol",.6,.6,.8,.8333,.85,.8,.1429,.2857,.5714,.7619,.8571,.8571,.2308,.3871,.6667,.796,.8536,.8276
211,"Palazzo_dAccursio",.8,.9,.8,.7333,.65,.58,.1667,.2222,.2778,.4444,.5556,.6111,.2759,.3564,.4124,.5535,.5991,.5951
212,"Casa_Grande_Ruins",1.0,.9,.85,.8667,.875,.82,.2353,.2941,.4118,.4706,.4706,.4706,.381,.4433,.5548,.61,.612,.598
213,"Stravinsky_Fountain",1.0,1.0,1.0,.9333,.775,.74,.2,.3333,.4667,.5333,.5333,.5333,.3333,.5,.6364,.6788,.6318,.6199
214,"Angel_Falls_Venezuela",.6,.6,.5,.5667,.6,.56,.1176,.1765,.3529,.5882,.6471,.6471,.1967,.2727,.4138,.5772,.6226,.6004
215,"Statue_of_George_IV",.8,.6,.5,.5,.375,.3,.5,.5,.625,.75,.75,.75,.6154,.5455,.5556,.6,.5,.4286
216,"Palacio_Barolo",1.0,.8,.9,.9333,.95,.94,.1765,.2353,.4118,.4706,.7059,.7647,.3,.3636,.565,.6257,.8099,.8433
217,"Bridge_of_Remembrance_Christchurch_New_Zealand",1.0,1.0,1.0,.8,.675,.54,.3333,.5,.8333,.8333,.8333,.8333,.5,.6667,.9091,.8163,.7459,.6553
218,"John_A._Roebling_Suspension_Bridge",.2,.3,.4,.5,.5,.52,.0667,.1333,.4,.5333,.6667,.8,.1,.1846,.4,.5161,.5714,.6303
219,"Blue_Dome_Santorini",1.0,.9,.95,.9667,.875,.9,.3125,.5,.625,.8125,.875,.875,.4762,.6429,.754,.8829,.875,.8873
220,"Fossar_de_les_Moreres",.6,.7,.55,.4,.3,.24,.2143,.4286,.5714,.5714,.5714,.5714,.3158,.5316,.5605,.4706,.3934,.338
221,"Luxor_Obelisk_France",1.0,.7,.7,.6667,.725,.74,.1875,.25,.3125,.375,.375,.4375,.3158,.3684,.4321,.48,.4943,.5499
222,"Valle_de_los_Caidos",1.0,.8,.85,.8667,.875,.9,.25,.35,.55,.65,.7,.8,.4,.487,.6679,.7429,.7778,.8471
--------------------
"--","Avg.",P@5,P@10,P@20,P@30,P@40,P@50,CR@5,CR@10,CR@20,CR@30,CR@40,CR@50,F1@5,F1@10,F1@20,F1@30,F1@40,F1@50
,.,8198,.8081,.784,.7691,.7556,.745,.1567,.2514,.3998,.5026,.5871,.6536,.2581,.3763,.5199,.5966,.6482,.683
