--------------------
"Run name","output_runSCHXBIndex"
--------------------
"Average P@20 = ",.7653
"Average CR@20 = ",.4132
"Average F1@20 = ",.5261
--------------------
"Query Id ","Location name",P@5,P@10,P@20,P@30,P@40,P@50,CR@5,CR@10,CR@20,CR@30,CR@40,CR@50,F1@5,F1@10,F1@20,F1@30,F1@40,F1@50
1,"angel_of_the_north",1.0,1.0,1.0,1.0,.975,.98,.16,.28,.48,.6,.64,.76,.2759,.4375,.6486,.75,.7728,.8561
2,"big_ben",.8,.9,.7,.7,.725,.72,.1364,.2727,.3636,.4545,.5455,.6364,.233,.4186,.4786,.5512,.6225,.6756
3,"hearst_castle",1.0,1.0,.95,.9,.925,.94,.2083,.3333,.5417,.625,.7083,.75,.3448,.5,.6899,.7377,.8023,.8343
4,"la_madeleine",.4,.3,.2,.2667,.25,.24,.1429,.2143,.2857,.4286,.5714,.5714,.2105,.25,.2353,.3288,.3478,.338
5,"pont_alexandre_iii",1.0,.9,.95,.9333,.95,.96,.2,.28,.48,.56,.6,.68,.3333,.4271,.6378,.7,.7355,.7961
6,"neues_museum",.2,.3,.35,.5333,.625,.66,.04,.12,.24,.44,.64,.64,.0667,.1714,.2847,.4822,.6324,.6498
7,"montezuma_castle",.4,.6,.6,.6,.55,.56,.1667,.4167,.4167,.5833,.6667,.75,.2353,.4918,.4918,.5915,.6027,.6412
8,"cn_tower",.6,.6,.5,.6,.6,.56,.125,.25,.3333,.5417,.5833,.625,.2069,.3529,.4,.5693,.5915,.5907
9,"acropolis_athens",1.0,1.0,.95,.9333,.85,.84,.2381,.3333,.4762,.5238,.5238,.6667,.3846,.5,.6344,.671,.6482,.7434
10,"agra_fort",1.0,.9,.85,.8667,.85,.88,.16,.28,.48,.56,.72,.8,.2759,.4271,.6135,.6804,.7796,.8381
11,"albert_memorial",1.0,.7,.75,.8,.8,.82,.1364,.1818,.2727,.5455,.6364,.7273,.24,.2887,.4,.6486,.7089,.7709
12,"altes_museum",.8,.7,.75,.7667,.75,.74,.1667,.2917,.375,.5417,.7083,.75,.2759,.4118,.5,.6348,.7286,.745
13,"amiens_cathedral",.8,.8,.9,.9,.925,.94,.12,.2,.52,.68,.72,.8,.2087,.32,.6592,.7747,.8097,.8644
14,"angkor_wat",.8,.9,.9,.8333,.85,.86,.08,.28,.44,.64,.72,.8,.1455,.4271,.591,.724,.7796,.8289
15,"ara_pacis",1.0,.9,.8,.8,.7,.7,.2273,.2727,.5,.5909,.6364,.7727,.3704,.4186,.6154,.6797,.6667,.7346
16,"arc_de_triomphe",1.0,.9,.95,.8,.75,.78,.2083,.2917,.5,.5417,.625,.7083,.3448,.4406,.6552,.646,.6818,.7424
17,"aztec_ruins",.0,.2,.3,.2667,.3,.28,.0,.08,.2,.28,.36,.36,.0,.1143,.24,.2732,.3273,.315
18,"berlin_cathedral",1.0,.8,.9,.9333,.9,.88,.16,.2,.44,.56,.68,.68,.2759,.32,.591,.7,.7747,.7672
19,"bok_tower_gardens",1.0,1.0,.9,.8,.825,.86,.2,.36,.44,.52,.72,.72,.3333,.5294,.591,.6303,.7689,.7838
20,"brandenburg_gate",1.0,1.0,.85,.8667,.875,.9,.2,.28,.44,.6,.68,.76,.3333,.4375,.5798,.7091,.7653,.8241
21,"cabrillo",.2,.1,.05,.1,.1,.12,.0769,.0769,.0769,.2308,.3077,.3846,.1111,.087,.0606,.1395,.1509,.1829
22,"casa_batllo",1.0,1.0,1.0,1.0,1.0,1.0,.16,.36,.56,.68,.76,.84,.2759,.5294,.7179,.8095,.8636,.913
23,"casa_rosada",1.0,1.0,1.0,.9667,.975,.96,.16,.32,.52,.64,.8,.84,.2759,.4848,.6842,.7701,.8789,.896
24,"castillo_de_san_marcos",.8,.8,.9,.8333,.85,.82,.16,.24,.48,.52,.56,.6,.2667,.3692,.6261,.6404,.6752,.693
25,"chartres_cathedral",.8,.8,.9,.9,.925,.94,.16,.28,.52,.64,.72,.76,.2667,.4148,.6592,.7481,.8097,.8405
26,"chichen_itza",.8,.8,.8,.7667,.775,.8,.08,.2,.4,.44,.64,.72,.1455,.32,.5333,.5591,.7011,.7579
27,"christ_the_redeemer_rio",.6,.8,.65,.6333,.675,.68,.1304,.2609,.3913,.4348,.5652,.6522,.2143,.3934,.4885,.5156,.6152,.6658
28,"civic_center_san_francisco",.6,.7,.65,.5667,.575,.52,.12,.24,.32,.36,.44,.48,.2,.3574,.4289,.4403,.4985,.4992
29,"cologne_cathedral",.8,.9,.95,.9667,.975,.94,.16,.32,.52,.64,.72,.8,.2667,.4721,.6721,.7701,.8283,.8644
30,"colosseum",1.0,1.0,1.0,.9667,.95,.94,.2,.32,.4,.48,.52,.56,.3333,.4848,.5714,.6415,.6721,.7019
31,"doge_s_palace",1.0,.9,.9,.9,.9,.9,.2,.32,.4,.52,.56,.6,.3333,.4721,.5538,.6592,.6904,.72
32,"eiffel_tower",.8,.9,.95,.9,.9,.92,.08,.24,.36,.52,.56,.56,.1455,.3789,.5221,.6592,.6904,.6962
33,"golden_gate_bridge",1.0,.9,.95,.7667,.825,.82,.2174,.3043,.4783,.5652,.6087,.6522,.3571,.4549,.6362,.6507,.7005,.7265
34,"grand_palais",.8,.9,.95,.9333,.925,.9,.1818,.3182,.4545,.5455,.6364,.6818,.2963,.4701,.6149,.6885,.754,.7759
35,"guggenheim_museum_bilbao",1.0,1.0,.95,.9333,.95,.92,.12,.28,.44,.52,.64,.68,.2143,.4375,.6014,.6679,.7648,.782
36,"hagia_sophia_istanbul",1.0,1.0,.95,.9667,.975,.98,.16,.2,.44,.6,.64,.68,.2759,.3333,.6014,.7404,.7728,.8029
37,"hoover_dam",1.0,1.0,.95,.9,.925,.9,.12,.28,.56,.72,.8,.84,.2143,.4375,.7046,.8,.858,.869
38,"humayun_tomb",.8,.7,.7,.7,.7,.74,.12,.24,.36,.52,.6,.72,.2087,.3574,.4755,.5967,.6462,.7299
39,"iguazu_falls",.4,.7,.75,.8,.825,.84,.08,.2,.36,.44,.64,.72,.1333,.3111,.4865,.5677,.7208,.7754
40,"iolani_palace",.8,.9,.85,.8,.775,.78,.16,.32,.56,.68,.72,.76,.2667,.4721,.6752,.7351,.7465,.7699
41,"la_mezquita",.6,.7,.65,.6333,.65,.64,.0833,.1667,.3333,.4583,.5417,.6667,.1463,.2692,.4407,.5318,.5909,.6531
42,"la_rambla_barcelona",1.0,.9,.85,.8667,.9,.92,.12,.16,.36,.52,.6,.6,.2143,.2717,.5058,.65,.72,.7263
43,"la_sainte_chapelle",1.0,1.0,.9,.9333,.95,.96,.2,.32,.48,.56,.68,.72,.3333,.4848,.6261,.7,.7926,.8229
44,"liberty_memorial",.6,.4,.55,.5667,.5,.58,.08,.12,.32,.44,.44,.6,.1412,.1846,.4046,.4954,.4681,.5898
45,"lincoln_home",.8,.8,.7,.7333,.7,.68,.1667,.2778,.3889,.5,.5556,.6667,.2759,.4124,.5,.5946,.6195,.6733
46,"machu_picchu",.8,.8,.75,.7667,.825,.84,.16,.28,.44,.68,.8,.84,.2667,.4148,.5546,.7207,.8123,.84
47,"marble_arch_london",.8,.4,.4,.3333,.325,.3,.25,.25,.5,.5,.5833,.75,.381,.3077,.4444,.4,.4174,.4286
48,"milan_cathedral",1.0,.9,.9,.9333,.875,.88,.2,.28,.44,.52,.6,.72,.3333,.4271,.591,.6679,.7119,.792
49,"mole_antonelliana",.8,.9,.9,.8333,.825,.82,.12,.24,.36,.48,.52,.64,.2087,.3789,.5143,.6091,.6379,.7189
50,"mont_saint_michel",1.0,1.0,1.0,1.0,.975,.94,.16,.28,.52,.76,.76,.8,.2759,.4375,.6842,.8636,.8542,.8644
51,"moulin_rouge",.2,.1,.15,.1,.075,.08,.125,.125,.375,.375,.375,.5,.1538,.1111,.2143,.1579,.125,.1379
52,"nelson_s_column",1.0,1.0,.85,.8667,.9,.88,.1667,.2917,.4583,.5417,.7083,.8333,.2857,.4516,.5955,.6667,.7927,.856
53,"notre_dame_de_paris",1.0,1.0,.95,.9333,.9,.88,.2,.28,.44,.52,.56,.6,.3333,.4375,.6014,.6679,.6904,.7135
54,"obelisco",.2,.3,.25,.2667,.25,.24,.0909,.2727,.4545,.5455,.5455,.6364,.125,.2857,.3226,.3582,.3429,.3485
55,"piccadilly_circus",.8,.9,.85,.9,.775,.76,.1304,.3043,.4783,.6087,.6087,.6087,.2243,.4549,.6121,.7262,.6819,.676
56,"place_de_la_concorde",.8,.9,.95,.9333,.95,.96,.12,.2,.36,.48,.64,.72,.2087,.3273,.5221,.634,.7648,.8229
57,"place_de_la_republique",.6,.4,.2,.1333,.125,.12,.375,.375,.375,.375,.375,.5,.4615,.3871,.2609,.1967,.1875,.1935
58,"place_des_vosges",.8,.8,.8,.8333,.85,.84,.12,.2,.36,.52,.64,.68,.2087,.32,.4966,.6404,.7302,.7516
59,"pont_du_gard",.6,.6,.7,.7,.725,.72,.12,.24,.32,.36,.48,.6,.2,.3429,.4392,.4755,.5776,.6545
60,"pont_neuf",1.0,.9,.8,.8,.775,.7,.16,.28,.4,.52,.64,.68,.2759,.4271,.5333,.6303,.7011,.6899
61,"ponte_vecchio",1.0,.7,.85,.8333,.8,.8,.125,.2083,.375,.5417,.625,.7083,.2222,.3211,.5204,.6566,.7018,.7514
62,"puerta_de_alcala",.6,.6,.5,.5333,.525,.56,.1579,.2632,.4211,.4737,.5263,.6316,.25,.3659,.4571,.5017,.5257,.5936
63,"puerta_del_sol",.6,.6,.6,.5,.45,.46,.15,.25,.3,.45,.55,.6,.24,.3529,.4,.4737,.495,.5208
64,"red_fort",1.0,1.0,.95,.9667,.975,.98,.2,.32,.44,.6,.64,.72,.3333,.4848,.6014,.7404,.7728,.8301
65,"reims_cathedral",1.0,1.0,.9,.8667,.9,.9,.16,.32,.48,.56,.56,.56,.2759,.4848,.6261,.6804,.6904,.6904
66,"rialto_bridge",.6,.6,.55,.6,.6,.58,.1875,.3125,.375,.5,.5,.5625,.2857,.411,.4459,.5455,.5455,.5711
67,"roman_forum_rome",.6,.5,.7,.7667,.775,.76,.12,.16,.4,.56,.72,.76,.2,.2424,.5091,.6472,.7465,.76
68,"sacre_coeur",.4,.6,.5,.5333,.55,.64,.0833,.2083,.2917,.375,.4583,.5417,.1379,.3093,.3684,.4404,.5,.5867
69,"sagrada_familia",1.0,1.0,1.0,.9667,.95,.96,.2,.28,.4,.52,.6,.68,.3333,.4375,.5714,.6762,.7355,.7961
70,"santa_maria_novella",.8,.8,.5,.5,.5,.5,.12,.28,.28,.44,.56,.64,.2087,.4148,.359,.4681,.5283,.5614
71,"schonbrunn_palace",.8,.8,.9,.9333,.95,.92,.12,.28,.44,.52,.64,.76,.2087,.4148,.591,.6679,.7648,.8324
72,"seville_cathedral",.8,.6,.8,.8667,.9,.9,.16,.24,.44,.52,.64,.68,.2667,.3429,.5677,.65,.7481,.7747
73,"spanish_steps",.8,.8,.7,.7,.675,.68,.1818,.2727,.2727,.4545,.5,.5455,.2963,.4068,.3925,.5512,.5745,.6053
74,"st__basil_cathedral",.8,.8,.8,.8,.8,.8,.12,.2,.32,.48,.56,.6,.2087,.32,.4571,.6,.6588,.6857
75,"statue_of_liberty",.8,.8,.7,.7667,.725,.76,.16,.2,.36,.48,.56,.64,.2667,.32,.4755,.5904,.6319,.6949
76,"stonehenge",.6,.6,.55,.4667,.525,.58,.1053,.2105,.3684,.3684,.5789,.6316,.1791,.3117,.4413,.4118,.5507,.6047
77,"summer_palace_beijing",.8,.9,.95,.9333,.95,.96,.16,.24,.44,.44,.56,.6,.2667,.3789,.6014,.5981,.7046,.7385
78,"sydney_opera_house",.8,.9,.9,.8667,.875,.86,.16,.28,.44,.56,.6,.6,.2667,.4271,.591,.6804,.7119,.7068
79,"teotihuacan",.8,.7,.65,.6333,.65,.68,.12,.2,.4,.52,.56,.64,.2087,.3111,.4952,.5711,.6017,.6594
80,"terracotta_army",.8,.7,.75,.8,.75,.64,.15,.3,.5,.55,.7,.7,.2526,.42,.6,.6519,.7241,.6687
81,"the_blue_mosque",.6,.8,.85,.9,.925,.94,.12,.28,.32,.44,.48,.56,.2,.4148,.465,.591,.632,.7019
82,"the_henry_ford",.6,.5,.55,.5333,.575,.52,.12,.16,.28,.48,.6,.64,.2,.2424,.3711,.5053,.5872,.5738
83,"taj_mahal",.8,.9,.9,.9,.925,.88,.12,.28,.44,.6,.76,.76,.2087,.4271,.591,.72,.8344,.8156
84,"tour_montparnasse",.6,.7,.65,.4667,.4,.36,.15,.25,.4,.4,.45,.45,.24,.3684,.4952,.4308,.4235,.4
85,"tower_bridge_london",1.0,.9,.8,.6667,.675,.6,.16,.32,.48,.48,.52,.52,.2759,.4721,.6,.5581,.5874,.5571
86,"trafalgar_square",.6,.5,.55,.5333,.55,.52,.0909,.1364,.2727,.3182,.4545,.4545,.1579,.2143,.3646,.3986,.4977,.4851
87,"leaning_tower_of_pisa",.2,.4,.5,.6333,.575,.64,.04,.16,.32,.52,.56,.64,.0667,.2286,.3902,.5711,.5674,.64
88,"hermitage_museum_saint_petersburg",.8,.8,.8,.8,.775,.8,.12,.2,.36,.48,.56,.6,.2087,.32,.4966,.6,.6502,.6857
89,"jantar_mantar_jaipur",.8,.9,.95,.7667,.675,.68,.16,.32,.52,.6,.68,.72,.2667,.4721,.6721,.6732,.6775,.6994
90,"lake_titicaca_peru",.4,.6,.55,.5333,.5,.5,.0833,.2083,.2917,.4167,.5,.625,.1379,.3093,.3812,.4678,.5,.5556
91,"the_great_wall_of_china",.8,.8,.75,.7667,.775,.78,.16,.28,.4,.56,.6,.64,.2667,.4148,.5217,.6472,.6764,.7031
92,"grande_arche_paris",.6,.7,.8,.7,.7,.62,.12,.24,.28,.32,.32,.4,.2,.3574,.4148,.4392,.4392,.4863
93,"el_angel_mexico",1.0,.9,.9,.7667,.675,.58,.2381,.3333,.6667,.7619,.9048,.9048,.3846,.4865,.766,.7643,.7732,.7069
94,"bibliotheque_nationale_de_france",1.0,.8,.7,.7,.725,.72,.16,.24,.4,.56,.6,.64,.2759,.3692,.5091,.6222,.6566,.6776
95,"kronborg_castle",.6,.6,.7,.7333,.75,.8,.125,.2083,.4167,.4583,.5417,.5833,.2069,.3093,.5224,.5641,.629,.6747
96,"ajanta_caves",1.0,.9,.9,.8667,.8,.84,.1364,.2273,.4545,.5909,.6364,.6364,.24,.3629,.604,.7027,.7089,.7241
97,"atomium",.8,.9,.95,.9,.925,.88,.1905,.2381,.4286,.5238,.5714,.619,.3077,.3766,.5907,.6622,.7064,.7268
98,"ellora_caves",1.0,1.0,.95,.9667,.95,.96,.2273,.3182,.4545,.5455,.5909,.6364,.3704,.4828,.6149,.6974,.7286,.7654
99,"potala_palace",1.0,.9,.9,.8,.775,.74,.2778,.3333,.5,.5556,.6667,.6667,.4348,.4865,.6429,.6557,.7168,.7014
100,"jokhang",.6,.7,.75,.7333,.725,.76,.08,.24,.44,.64,.68,.72,.1412,.3574,.5546,.6835,.7018,.7395
101,"rila_monastery",.6,.7,.85,.7667,.8,.8,.08,.16,.28,.36,.36,.4,.1412,.2605,.4212,.4899,.4966,.5333
102,"louvre_pyramid",.8,.9,.85,.9,.85,.86,.1111,.2222,.5,.6667,.6667,.6667,.1951,.3564,.6296,.766,.7473,.7511
103,"brooklyn_bridge",1.0,.9,.8,.7667,.8,.82,.0952,.2381,.381,.381,.4286,.5238,.1739,.3766,.5161,.509,.5581,.6393
104,"tower_of_london",.8,.7,.65,.7,.7,.66,.087,.1304,.3043,.3478,.5217,.5652,.1569,.2199,.4146,.4647,.5979,.6089
105,"british_museum_london",1.0,1.0,1.0,1.0,.975,.96,.15,.25,.45,.5,.65,.75,.2609,.4,.6207,.6667,.78,.8421
106,"buckingham_palace",.4,.5,.55,.5667,.5,.52,.1,.2,.25,.3,.35,.45,.16,.2857,.3438,.3923,.4118,.4825
107,"charles_bridge_prague",.8,.7,.65,.6667,.625,.64,.125,.1667,.2917,.375,.4167,.4167,.2162,.2692,.4027,.48,.5,.5047
108,"champs_elysees_paris",.2,.1,.3,.3333,.475,.44,.0667,.0667,.2667,.4,.5333,.5333,.1,.08,.2824,.3636,.5025,.4822
109,"chrysler_building",1.0,1.0,1.0,1.0,.975,.94,.2857,.6429,.8571,.8571,.8571,.9286,.4444,.7826,.9231,.9231,.9123,.9343
110,"moma_new_york",.6,.8,.85,.8667,.875,.9,.1053,.1579,.4211,.5263,.6316,.7368,.1791,.2637,.5631,.6549,.7336,.8103
111,"grand_central_terminal",1.0,1.0,1.0,.9667,.95,.94,.1905,.2857,.381,.4762,.619,.7619,.32,.4444,.5517,.6381,.7496,.8416
112,"houses_of_parliament",1.0,.9,.9,.9333,.925,.92,.2174,.2609,.4783,.5652,.6087,.6087,.3571,.4045,.6246,.7041,.7342,.7327
113,"alexanderplatz_berlin",.2,.3,.45,.5333,.55,.6,.04,.12,.32,.44,.44,.48,.0667,.1714,.374,.4822,.4889,.5333
114,"centre_pompidou",.6,.7,.7,.6333,.7,.7,.1667,.3333,.5,.6111,.6667,.7222,.2609,.4516,.5833,.622,.6829,.7109
115,"sydney_harbour_bridge",1.0,1.0,1.0,.9667,.975,.98,.3125,.3125,.5625,.6875,.75,.8125,.4762,.4762,.72,.8035,.8478,.8884
116,"pier_39",.8,.8,.7,.7667,.8,.84,.1905,.3333,.4762,.619,.7143,.7143,.3077,.4706,.5668,.685,.7547,.7721
117,"coit_tower",.8,.7,.7,.7333,.7,.66,.2,.2667,.4,.5333,.6,.6,.32,.3862,.5091,.6175,.6462,.6286
118,"st_paul_s_cathedral_london",1.0,.9,.8,.8667,.8,.76,.2353,.3529,.4706,.5882,.6471,.6471,.381,.507,.5926,.7008,.7154,.699
119,"cloud_gate",.8,.6,.8,.7333,.7,.64,.1667,.25,.5,.5,.5,.5,.2759,.3529,.6154,.5946,.5833,.5614
120,"musee_d_orsay",1.0,.9,.95,.9,.875,.9,.0952,.1429,.381,.381,.5714,.619,.1739,.2466,.5438,.5353,.6914,.7335
121,"pike_place_market",.8,.8,.75,.8333,.8,.82,.1429,.2857,.2857,.5238,.619,.619,.2424,.4211,.4138,.6433,.698,.7055
122,"royal_palace_madrid",1.0,1.0,.8,.8333,.85,.84,.1364,.2727,.4091,.6364,.6364,.6364,.24,.4286,.5414,.7216,.7278,.7241
123,"sony_center_berlin",.8,.9,.9,.8667,.875,.86,.1905,.2381,.381,.4286,.5714,.619,.3077,.3766,.5353,.5735,.6914,.7199
124,"red_square_moscow",.6,.6,.55,.6333,.65,.62,.0952,.1429,.2857,.4286,.5238,.6667,.1644,.2308,.3761,.5112,.5801,.6425
125,"prague_castle",1.0,1.0,.95,.8667,.85,.82,.2,.24,.44,.56,.64,.64,.3333,.3871,.6014,.6804,.7302,.7189
126,"musee_du_louvre",1.0,.9,.95,.9667,.975,.96,.16,.28,.52,.52,.6,.68,.2759,.4271,.6721,.6762,.7429,.7961
127,"millennium_bridge_london",1.0,.7,.7,.7667,.8,.76,.16,.24,.32,.48,.6,.6,.2759,.3574,.4392,.5904,.6857,.6706
128,"casa_mila",1.0,1.0,1.0,.9667,.925,.94,.2,.36,.48,.6,.6,.6,.3333,.5294,.6486,.7404,.7279,.7325
129,"national_gallery_london",.6,.8,.75,.7667,.75,.68,.1364,.2727,.4091,.5455,.5909,.6364,.2222,.4068,.5294,.6374,.661,.6575
130,"national_mall",1.0,.9,.85,.8,.8,.76,.2,.28,.52,.64,.72,.76,.3333,.4271,.6453,.7111,.7579,.76
131,"london_city_hall",.8,.9,.8,.7667,.675,.66,.2,.35,.55,.65,.7,.7,.32,.504,.6519,.7035,.6873,.6794
132,"holocaust_memorial",.6,.6,.55,.5,.575,.54,.125,.3125,.375,.5,.625,.75,.2069,.411,.4459,.5,.599,.6279
133,"columbus_circle",.6,.5,.4,.5,.5,.46,.12,.2,.28,.4,.48,.52,.2,.2857,.3294,.4444,.4898,.4882
134,"siegessaeule",.8,.8,.75,.7333,.7,.7,.12,.2,.44,.6,.64,.72,.2087,.32,.5546,.66,.6687,.7099
135,"jardin_du_luxembourg",1.0,1.0,.95,.9667,.975,.94,.16,.36,.52,.64,.68,.76,.2759,.5294,.6721,.7701,.8012,.8405
136,"merlion_singapore",.0,.2,.45,.4,.425,.4,.0,.0909,.3182,.3182,.4091,.4091,.0,.125,.3728,.3544,.4169,.4045
137,"harrods_london",1.0,1.0,1.0,.9333,.95,.92,.12,.2,.48,.56,.64,.76,.2143,.3333,.6486,.7,.7648,.8324
138,"metropolitan_museum_of_art_new_york",1.0,1.0,1.0,1.0,.975,.96,.16,.28,.4,.6,.64,.72,.2759,.4375,.5714,.75,.7728,.8229
139,"new_york_stock_exchange",.8,.7,.65,.6667,.675,.7,.2,.3,.35,.5,.65,.65,.32,.42,.455,.5714,.6623,.6741
140,"stephansdom_vienna",1.0,1.0,1.0,1.0,.975,.98,.12,.32,.44,.6,.68,.72,.2143,.4848,.6111,.75,.8012,.8301
141,"hms_belfast",1.0,1.0,1.0,1.0,.95,.94,.16,.24,.44,.44,.52,.68,.2759,.3871,.6111,.6111,.6721,.7891
142,"leicester_square",.2,.6,.75,.7667,.75,.74,.04,.16,.32,.4,.56,.64,.0667,.2526,.4486,.5257,.6412,.6864
143,"ciudad_de_las_artes_y_las_ciencias",.8,.9,.95,.9667,.95,.92,.16,.28,.44,.48,.6,.68,.2667,.4271,.6014,.6415,.7355,.782
144,"topkapi_palace",1.0,1.0,1.0,.9667,.975,.94,.2,.32,.48,.64,.68,.68,.3333,.4848,.6486,.7701,.8012,.7891
145,"royal_albert_hall",1.0,.9,.75,.7333,.725,.7,.2,.32,.36,.36,.48,.56,.3333,.4721,.4865,.4829,.5776,.6222
146,"st_vitus_cathedral",1.0,.9,.85,.9,.9,.92,.12,.24,.4,.52,.56,.6,.2143,.3789,.544,.6592,.6904,.7263
147,"castello_sforzesco",1.0,.9,.9,.9333,.925,.94,.12,.24,.4,.48,.6,.6,.2143,.3789,.5538,.634,.7279,.7325
148,"rijksmuseum_amsterdam",1.0,1.0,1.0,1.0,1.0,.98,.12,.28,.48,.52,.6,.68,.2143,.4375,.6486,.6842,.75,.8029
149,"dam_square",.8,.7,.65,.6667,.7,.68,.16,.24,.32,.36,.52,.56,.2667,.3574,.4289,.4675,.5967,.6142
150,"rathaus_vienna",.8,.6,.65,.7333,.75,.72,.16,.16,.24,.24,.28,.36,.2667,.2526,.3506,.3616,.4078,.48
151,"bath_abbey",1.0,.9,.85,.9,.9,.9,.2,.32,.52,.6,.72,.72,.3333,.4721,.6453,.72,.8,.8
152,"salisbury_cathedral",1.0,1.0,1.0,.9667,.925,.9,.12,.28,.4,.52,.6,.6,.2143,.4375,.5714,.6762,.7279,.72
153,"templo_de_debod",.4,.4,.45,.5,.5,.46,.0909,.1818,.2727,.4091,.4545,.5,.1481,.25,.3396,.45,.4762,.4792
154,"Niagara_Falls",.8,.6,.65,.6333,.6,.62,.0909,.0909,.2727,.4545,.5,.5455,.1633,.1579,.3842,.5292,.5455,.5803
155,"Golden_Gate_Bridge_in_San_Francisco",.8,.9,.9,.9,.925,.92,.0455,.2727,.4545,.5455,.7273,.8182,.086,.4186,.604,.6792,.8143,.8661
156,"Neuschwanstein_Castle",1.0,1.0,.95,.9667,.95,.96,.16,.32,.4,.64,.72,.76,.2759,.4848,.563,.7701,.8192,.8484
157,"Christ_Church_Cathedral_Missouri",1.0,1.0,.85,.8667,.9,.88,.12,.32,.52,.6,.68,.76,.2143,.4848,.6453,.7091,.7747,.8156
158,"Mount_Rushmore_in_South_Dakota",.8,.9,.9,.9,.85,.88,.16,.28,.36,.56,.6,.68,.2667,.4271,.5143,.6904,.7034,.7672
159,"Puerta_de_Toledo",.2,.2,.15,.1,.075,.06,.5,1.0,1.0,1.0,1.0,1.0,.2857,.3333,.2609,.1818,.1395,.1132
160,"Urquhart_Castle",1.0,.9,.85,.8333,.875,.88,.1667,.25,.4583,.5833,.5833,.7083,.2857,.3913,.5955,.6863,.7,.7849
161,"Gare_du_Nord_Paris",.8,.9,.9,.8,.8,.78,.16,.28,.4,.48,.56,.64,.2667,.4271,.5538,.6,.6588,.7031
162,"Newgrange_in_Ireland",.8,.8,.7,.7667,.725,.72,.1667,.2917,.4167,.4583,.5,.5417,.2759,.4275,.5224,.5737,.5918,.6182
163,"Windmills_at_Kinderdijk",.8,.9,.85,.9,.9,.9,.16,.24,.36,.48,.56,.6,.2667,.3789,.5058,.6261,.6904,.72
164,"Conciergerie",1.0,1.0,.95,.9667,.975,.98,.2,.32,.52,.64,.64,.68,.3333,.4848,.6721,.7701,.7728,.8029
165,"Palazzo_Madama",1.0,.6,.6,.6333,.625,.64,.2273,.2727,.4545,.6364,.7273,.7727,.3704,.375,.5172,.6348,.6723,.7001
166,"Split_Rock_Lighthouse",.8,.7,.7,.7,.7,.74,.16,.24,.28,.32,.4,.52,.2667,.3574,.4,.4392,.5091,.6108
167,"The_Little_Mermaid_Denmark",1.0,.9,.8,.7667,.65,.56,.2143,.4286,.5714,.7143,.7857,.7857,.3529,.5806,.6667,.7395,.7114,.6539
168,"Great_Pyramid_of_Giza",.4,.5,.45,.5,.55,.56,.1333,.3333,.3333,.4667,.6667,.7333,.2,.4,.383,.4828,.6027,.6351
169,"Pitti_Palace",.8,.7,.75,.8333,.875,.86,.1364,.1818,.2727,.3182,.3636,.5,.233,.2887,.4,.4605,.5138,.6324
170,"Georgia_State_Capitol",.4,.3,.25,.2667,.25,.22,.1053,.1053,.2105,.2632,.2632,.2632,.1667,.1558,.2286,.2649,.2564,.2397
171,"Dome_des_Invalides",1.0,1.0,1.0,1.0,1.0,1.0,.16,.24,.44,.52,.64,.68,.2759,.3871,.6111,.6842,.7805,.8095
172,"Reggia_di_Caserta",.4,.6,.6,.6333,.65,.62,.08,.2,.36,.44,.6,.68,.1333,.3,.45,.5193,.624,.6486
173,"The_Burj_al_Arab_Hotel",.6,.8,.9,.8,.825,.78,.12,.2,.4,.52,.6,.6,.2,.32,.5538,.6303,.6947,.6783
174,"Elephanta_Caves",1.0,.9,.8,.7667,.725,.72,.125,.25,.4167,.5833,.6667,.7083,.2222,.3913,.5479,.6626,.6946,.7141
175,"Basilica_of_Santa_Croce",1.0,1.0,1.0,1.0,1.0,1.0,.12,.2,.24,.44,.56,.64,.2143,.3333,.3871,.6111,.7179,.7805
176,"Aachen_Cathedral",1.0,.8,.9,.9,.925,.88,.16,.24,.4,.52,.56,.68,.2759,.3692,.5538,.6592,.6976,.7672
177,"Monument_to_the_Great_Fire_of_London",.4,.5,.55,.5667,.6,.64,.08,.2,.32,.52,.6,.68,.1333,.2857,.4046,.5423,.6,.6594
178,"Longmen_Grottoes",.6,.6,.5,.5667,.475,.52,.12,.2,.36,.48,.52,.64,.2,.3,.4186,.5197,.4965,.5738
179,"Louisiana_State_Capitol",.2,.3,.4,.5,.475,.46,.04,.12,.28,.52,.6,.64,.0667,.1714,.3294,.5098,.5302,.5353
180,"The_Great_Sphinx_at_Giza",.8,.9,.9,.8667,.85,.8,.16,.24,.32,.44,.6,.68,.2667,.3789,.4721,.5837,.7034,.7351
181,"Teatro_Real_Madrid",1.0,1.0,.8,.7333,.675,.64,.1739,.3043,.4348,.5652,.6087,.6522,.2963,.4667,.5634,.6384,.6401,.646
182,"Palacio_de_la_Magdalena",.8,.7,.65,.7,.7,.72,.16,.24,.32,.4,.52,.6,.2667,.3574,.4289,.5091,.5967,.6545
183,"Sowjetisches_Ehrenmal",.4,.4,.45,.4667,.425,.46,.08,.16,.24,.36,.44,.48,.1333,.2286,.313,.4065,.4324,.4698
184,"Cathedral_of_Trier",1.0,.9,.85,.8,.85,.88,.2,.32,.48,.56,.72,.76,.3333,.4721,.6135,.6588,.7796,.8156
185,"Saint_Mary_of_the_Flower",.2,.2,.35,.2667,.35,.38,.04,.08,.2,.24,.32,.4,.0667,.1143,.2545,.2526,.3343,.3897
186,"Skellig_Michael",.8,.7,.65,.6667,.65,.66,.16,.28,.44,.56,.56,.6,.2667,.4,.5248,.6087,.6017,.6286
187,"Chicago_Board_of_Trade_Building",1.0,.9,.85,.6333,.625,.58,.1818,.3636,.5,.5909,.5909,.6364,.3077,.518,.6296,.6114,.6075,.6069
188,"Pont_de_Normandie_France",1.0,.9,.85,.8333,.8,.8,.2105,.3684,.5263,.5789,.7895,.8421,.3478,.5228,.6501,.6832,.7947,.8205
189,"Palazzo_Rosso",.0,.0,.05,.0333,.05,.04,.0,.0,.0417,.0417,.0833,.0833,.0,.0,.0455,.037,.0625,.0541
190,"Piazza_Vittorio_Veneto",1.0,.7,.5,.4667,.45,.46,.25,.3125,.4375,.5625,.625,.6875,.4,.4321,.4667,.5101,.5233,.5512
191,"Sforza_Castle",1.0,1.0,1.0,.9667,.975,.98,.16,.28,.56,.68,.72,.72,.2759,.4375,.7179,.7984,.8283,.8301
192,"Torres_KIO",1.0,.9,.85,.8,.775,.78,.16,.32,.44,.56,.6,.64,.2759,.4721,.5798,.6588,.6764,.7031
193,"Torre_Picasso",1.0,1.0,.9,.8667,.75,.74,.1667,.375,.4583,.5417,.5833,.5833,.2857,.5455,.6074,.6667,.6562,.6524
194,"The_Palace_of_Parliament_in_Bucharest",1.0,1.0,.95,.9,.925,.9,.16,.28,.4,.48,.6,.6,.2759,.4375,.563,.6261,.7279,.72
195,"Ernest_Hemingway_House",.8,.9,.85,.8333,.8,.82,.12,.28,.44,.6,.72,.8,.2087,.4271,.5798,.6977,.7579,.8099
196,"Castel_dellOvo_Napoli",.6,.7,.85,.8333,.8,.82,.12,.2,.4,.52,.68,.68,.2,.3111,.544,.6404,.7351,.7435
197,"Villa_Borghese_gardens",1.0,1.0,1.0,1.0,1.0,.98,.16,.32,.44,.56,.68,.8,.2759,.4848,.6111,.7179,.8095,.8809
198,"Saint_Marks_Basilica",1.0,1.0,1.0,.9667,.975,.94,.16,.28,.44,.48,.52,.52,.2759,.4375,.6111,.6415,.6783,.6696
199,"Mausoleum_of_the_First_Qin_Emperor",.8,.8,.85,.8333,.775,.76,.16,.32,.4,.6,.72,.76,.2667,.4571,.544,.6977,.7465,.76
200,"Mausoleum_of_Hadrian",1.0,1.0,.85,.8667,.825,.8,.2222,.2222,.5,.6667,.6667,.7778,.3636,.3636,.6296,.7536,.7374,.7887
201,"Piazza_de_Ferrari",1.0,1.0,.95,.9667,.95,.96,.2632,.3158,.4737,.5263,.5263,.5263,.4167,.48,.6322,.6816,.6774,.6799
202,"George_Washington_Carver",.4,.5,.65,.5667,.6,.6,.125,.25,.3125,.4375,.5,.5,.1905,.3333,.4221,.4938,.5455,.5455
203,"Cathedral_of_Santiago_de_Compostela",1.0,.9,.8,.8,.825,.82,.2353,.2941,.4118,.6471,.8235,.8824,.381,.4433,.5437,.7154,.8243,.85
204,"Saint-Jacques_Tower",1.0,.8,.7,.8,.775,.8,.2308,.2308,.3077,.5385,.5385,.6923,.375,.3582,.4275,.6437,.6354,.7423
205,"Calakmul_Campeche_Mexico",1.0,.9,.9,.8333,.825,.84,.2857,.3571,.6429,.6429,.7143,.7857,.4444,.5114,.75,.7258,.7657,.812
206,"Bran_Castle_in_Transylvania",1.0,.9,.8,.8,.825,.84,.2105,.3158,.4211,.5789,.6842,.7895,.3478,.4675,.5517,.6718,.748,.814
207,"Mosteiro_da_Batalha",1.0,1.0,1.0,1.0,1.0,1.0,.2105,.4211,.5263,.6316,.6842,.6842,.3478,.5926,.6897,.7742,.8125,.8125
208,"Wartburg_Castle",1.0,1.0,1.0,.9667,.925,.92,.2,.3,.55,.7,.8,.8,.3333,.4615,.7097,.812,.858,.8558
209,"Fujian_Tulou_Fujian_China",1.0,1.0,.85,.9,.9,.9,.2778,.3889,.4444,.6111,.6667,.6667,.4348,.56,.5837,.7279,.766,.766
210,"Alabama_State_Capitol",.4,.7,.8,.6667,.7,.66,.0952,.2857,.6667,.7143,.8095,.8571,.1538,.4058,.7273,.6897,.7508,.7458
211,"Palazzo_dAccursio",.8,.9,.7,.7,.6,.6,.1667,.2222,.3333,.3889,.4444,.6111,.2759,.3564,.4516,.5,.5106,.6055
212,"Casa_Grande_Ruins",1.0,.9,.85,.8,.775,.8,.2353,.2941,.4118,.4706,.4706,.5294,.381,.4433,.5548,.5926,.5856,.6372
213,"Stravinsky_Fountain",.8,.9,.95,.9,.925,.86,.1333,.1333,.3333,.4667,.4667,.6,.2286,.2323,.4935,.6146,.6204,.7068
214,"Angel_Falls_Venezuela",1.0,.8,.7,.6,.55,.56,.1765,.3529,.5294,.5882,.6471,.7647,.3,.4898,.6029,.5941,.5946,.6465
215,"Statue_of_George_IV",.4,.5,.4,.4667,.45,.42,.25,.625,.625,.625,.75,.75,.3077,.5556,.4878,.5344,.5625,.5385
216,"Palacio_Barolo",.8,.8,.8,.8667,.875,.9,.1765,.2941,.4118,.7059,.8235,.8235,.2892,.4301,.5437,.7781,.8485,.8601
217,"Bridge_of_Remembrance_Christchurch_New_Zealand",1.0,.6,.6,.5667,.5,.52,.25,.3333,.5833,.75,.75,.9167,.4,.4286,.5915,.6456,.6,.6636
218,"John_A._Roebling_Suspension_Bridge",.0,.3,.45,.4667,.475,.52,.0,.2,.4,.6,.7333,.8667,.0,.24,.4235,.525,.5766,.65
219,"Blue_Dome_Santorini",1.0,.9,.9,.8667,.9,.9,.3125,.5,.625,.6875,.875,.875,.4762,.6429,.7377,.7668,.8873,.8873
220,"Fossar_de_les_Moreres",.6,.5,.55,.4667,.45,.4,.1429,.2143,.4286,.5714,.5714,.6429,.2308,.3,.4818,.5138,.5035,.4932
221,"Luxor_Obelisk_France",.6,.7,.65,.7,.725,.74,.125,.1875,.3125,.3125,.4375,.4375,.2069,.2958,.4221,.4321,.5457,.5499
222,"Valle_de_los_Caidos",.8,.8,.9,.9,.9,.92,.2,.35,.45,.65,.8,.8,.32,.487,.6,.7548,.8471,.8558
--------------------
"--","Avg.",P@5,P@10,P@20,P@30,P@40,P@50,CR@5,CR@10,CR@20,CR@30,CR@40,CR@50,F1@5,F1@10,F1@20,F1@30,F1@40,F1@50
,.,7874,.777,.7653,.7584,.7527,.7479,.1537,.2628,.4132,.522,.6015,.6572,.2522,.3831,.5261,.6066,.656,.6859
