--------------------
"Run name","output_runGABORSumSquaredError"
--------------------
"Average P@20 = ",.7921
"Average CR@20 = ",.4011
"Average F1@20 = ",.5216
--------------------
"Query Id ","Location name",P@5,P@10,P@20,P@30,P@40,P@50,CR@5,CR@10,CR@20,CR@30,CR@40,CR@50,F1@5,F1@10,F1@20,F1@30,F1@40,F1@50
1,"angel_of_the_north",1.0,1.0,1.0,1.0,1.0,1.0,.12,.24,.4,.52,.64,.68,.2143,.3871,.5714,.6842,.7805,.8095
2,"big_ben",1.0,1.0,.95,.9667,.95,.94,.2273,.3636,.4545,.4545,.5909,.5909,.3704,.5333,.6149,.6183,.7286,.7257
3,"hearst_castle",1.0,1.0,1.0,.9667,.975,.92,.2083,.3333,.5833,.7083,.75,.75,.3448,.5,.7368,.8176,.8478,.8263
4,"la_madeleine",.2,.5,.45,.4667,.425,.4,.0714,.2857,.5,.6429,.7857,.7857,.1053,.3636,.4737,.5408,.5516,.5301
5,"pont_alexandre_iii",1.0,1.0,1.0,.9667,.975,.98,.16,.32,.52,.56,.64,.76,.2759,.4848,.6842,.7092,.7728,.8561
6,"neues_museum",.0,.3,.2,.3667,.425,.48,.0,.12,.16,.36,.4,.44,.0,.1714,.1778,.3633,.4121,.4591
7,"montezuma_castle",1.0,.9,.75,.6333,.625,.62,.3333,.5,.5833,.6667,.6667,.6667,.5,.6429,.6562,.6496,.6452,.6425
8,"cn_tower",.4,.5,.55,.6,.65,.64,.0833,.2083,.2917,.5,.7083,.75,.1379,.2941,.3812,.5455,.6779,.6906
9,"acropolis_athens",1.0,.8,.9,.8,.8,.82,.2381,.2857,.4286,.4762,.5714,.619,.3846,.4211,.5806,.597,.6667,.7055
10,"agra_fort",.8,.9,.9,.9,.925,.92,.16,.28,.44,.52,.64,.76,.2667,.4271,.591,.6592,.7565,.8324
11,"albert_memorial",.6,.7,.7,.6667,.725,.76,.0909,.1364,.2273,.3182,.4545,.5455,.1579,.2283,.3431,.4308,.5588,.6351
12,"altes_museum",.8,.5,.55,.6667,.675,.64,.125,.1667,.375,.5417,.6667,.7083,.2162,.25,.4459,.5977,.6708,.6724
13,"amiens_cathedral",1.0,.9,.95,.9667,.925,.94,.16,.2,.52,.68,.76,.8,.2759,.3273,.6721,.7984,.8344,.8644
14,"angkor_wat",1.0,1.0,.8,.7667,.725,.76,.16,.2,.4,.48,.56,.68,.2759,.3333,.5333,.5904,.6319,.7178
15,"ara_pacis",.6,.6,.7,.6333,.65,.64,.0909,.2273,.3636,.5,.6364,.7727,.1579,.3297,.4786,.5588,.6431,.7001
16,"arc_de_triomphe",1.0,1.0,.9,.8333,.75,.72,.125,.25,.4167,.5417,.5833,.6667,.2222,.4,.5696,.6566,.6562,.6923
17,"aztec_ruins",.2,.2,.1,.2333,.225,.22,.04,.08,.08,.24,.32,.36,.0667,.1143,.0889,.2366,.2642,.2731
18,"berlin_cathedral",1.0,.9,.9,.9333,.925,.92,.2,.32,.44,.6,.64,.64,.3333,.4721,.591,.7304,.7565,.7549
19,"bok_tower_gardens",.8,.9,.95,.9,.85,.86,.16,.28,.56,.64,.64,.76,.2667,.4271,.7046,.7481,.7302,.8069
20,"brandenburg_gate",1.0,1.0,1.0,1.0,1.0,.98,.12,.28,.44,.56,.64,.68,.2143,.4375,.6111,.7179,.7805,.8029
21,"cabrillo",.0,.1,.2,.2333,.2,.2,.0,.0769,.2308,.4615,.4615,.6154,.0,.087,.2143,.31,.2791,.3019
22,"casa_batllo",1.0,1.0,1.0,1.0,1.0,1.0,.2,.24,.44,.52,.64,.76,.3333,.3871,.6111,.6842,.7805,.8636
23,"casa_rosada",1.0,.8,.9,.9,.9,.92,.12,.2,.36,.56,.6,.76,.2143,.32,.5143,.6904,.72,.8324
24,"castillo_de_san_marcos",1.0,.8,.75,.6,.6,.64,.16,.24,.32,.32,.4,.64,.2759,.3692,.4486,.4174,.48,.64
25,"chartres_cathedral",1.0,.9,.95,.9667,.975,.96,.12,.24,.44,.64,.68,.76,.2143,.3789,.6014,.7701,.8012,.8484
26,"chichen_itza",1.0,.9,.9,.9,.875,.88,.2,.24,.44,.48,.64,.76,.3333,.3789,.591,.6261,.7393,.8156
27,"christ_the_redeemer_rio",.8,.8,.7,.6333,.6,.62,.1739,.2609,.3478,.4348,.5217,.6522,.2857,.3934,.4647,.5156,.5581,.6357
28,"civic_center_san_francisco",.6,.7,.8,.8,.8,.76,.04,.2,.32,.48,.56,.6,.075,.3111,.4571,.6,.6588,.6706
29,"cologne_cathedral",1.0,1.0,1.0,1.0,.975,.94,.2,.24,.4,.56,.6,.64,.3333,.3871,.5714,.7179,.7429,.7615
30,"colosseum",1.0,1.0,1.0,1.0,1.0,1.0,.2,.28,.4,.52,.56,.68,.3333,.4375,.5714,.6842,.7179,.8095
31,"doge_s_palace",1.0,1.0,.85,.8667,.9,.9,.2,.28,.28,.4,.52,.56,.3333,.4375,.4212,.5474,.6592,.6904
32,"eiffel_tower",1.0,1.0,1.0,1.0,.975,.96,.2,.24,.4,.44,.52,.6,.3333,.3871,.5714,.6111,.6783,.7385
33,"golden_gate_bridge",.8,.8,.8,.8667,.85,.84,.1739,.2609,.3913,.5652,.6087,.6522,.2857,.3934,.5255,.6842,.7094,.7343
34,"grand_palais",1.0,.9,.85,.9,.925,.94,.1364,.2273,.3182,.4091,.6364,.6364,.24,.3629,.463,.5625,.754,.7589
35,"guggenheim_museum_bilbao",1.0,1.0,.95,.9333,.95,.94,.16,.24,.36,.44,.52,.6,.2759,.3871,.5221,.5981,.6721,.7325
36,"hagia_sophia_istanbul",1.0,1.0,1.0,1.0,.975,.98,.12,.2,.36,.52,.52,.68,.2143,.3333,.5294,.6842,.6783,.8029
37,"hoover_dam",1.0,1.0,.95,.9667,.925,.94,.16,.24,.32,.44,.64,.72,.2759,.3871,.4787,.6047,.7565,.8154
38,"humayun_tomb",.8,.6,.7,.7,.75,.76,.16,.2,.36,.44,.52,.64,.2667,.3,.4755,.5404,.6142,.6949
39,"iguazu_falls",.6,.7,.75,.8333,.8,.76,.12,.12,.24,.32,.48,.56,.2,.2049,.3636,.4624,.6,.6448
40,"iolani_palace",1.0,.9,.8,.7667,.75,.72,.16,.24,.36,.56,.64,.76,.2759,.3789,.4966,.6472,.6906,.7395
41,"la_mezquita",1.0,.8,.8,.7667,.7,.66,.1667,.25,.5,.5417,.625,.625,.2857,.381,.6154,.6348,.6604,.642
42,"la_rambla_barcelona",1.0,.9,.95,.9667,.925,.94,.16,.28,.4,.52,.56,.56,.2759,.4271,.563,.6762,.6976,.7019
43,"la_sainte_chapelle",1.0,1.0,.9,.9333,.925,.92,.16,.32,.48,.6,.76,.76,.2759,.4848,.6261,.7304,.8344,.8324
44,"liberty_memorial",.4,.5,.5,.5667,.575,.6,.08,.16,.28,.36,.48,.56,.1333,.2424,.359,.4403,.5232,.5793
45,"lincoln_home",1.0,1.0,.8,.7,.7,.7,.2222,.3889,.4444,.5,.6667,.7778,.3636,.56,.5714,.5833,.6829,.7368
46,"machu_picchu",1.0,.8,.85,.7333,.775,.76,.12,.2,.44,.52,.6,.64,.2143,.32,.5798,.6085,.6764,.6949
47,"marble_arch_london",1.0,.8,.6,.5,.45,.38,.25,.4167,.5833,.6667,.8333,.8333,.4,.5479,.5915,.5714,.5844,.522
48,"milan_cathedral",1.0,.9,.95,.9333,.95,.94,.16,.2,.44,.52,.64,.68,.2759,.3273,.6014,.6679,.7648,.7891
49,"mole_antonelliana",1.0,1.0,.85,.7,.65,.68,.16,.28,.36,.36,.44,.56,.2759,.4375,.5058,.4755,.5248,.6142
50,"mont_saint_michel",1.0,1.0,.95,.9,.925,.94,.16,.24,.4,.52,.6,.64,.2759,.3871,.563,.6592,.7279,.7615
51,"moulin_rouge",.0,.0,.05,.1333,.125,.18,.0,.0,.125,.25,.375,.625,.0,.0,.0714,.1739,.1875,.2795
52,"nelson_s_column",.8,.9,.95,.9667,.975,.96,.0417,.2083,.375,.5,.5833,.6667,.0792,.3383,.5377,.6591,.7299,.7869
53,"notre_dame_de_paris",.6,.8,.9,.9,.925,.92,.12,.24,.44,.56,.64,.68,.2,.3692,.591,.6904,.7565,.782
54,"obelisco",.0,.2,.2,.2,.175,.16,.0,.1818,.2727,.3636,.4545,.4545,.0,.1905,.2308,.2581,.2527,.2367
55,"piccadilly_circus",.8,.7,.7,.7,.7,.72,.1739,.2609,.4348,.5652,.6087,.7391,.2857,.3801,.5364,.6254,.6512,.7294
56,"place_de_la_concorde",1.0,1.0,1.0,.9667,.975,.98,.12,.28,.36,.44,.6,.68,.2143,.4375,.5294,.6047,.7429,.8029
57,"place_de_la_republique",.2,.2,.25,.1667,.175,.2,.125,.25,.625,.625,.625,.75,.1538,.2222,.3571,.2632,.2734,.3158
58,"place_des_vosges",.8,.8,.9,.8667,.875,.88,.12,.16,.36,.48,.6,.72,.2087,.2667,.5143,.6178,.7119,.792
59,"pont_du_gard",.8,.8,.85,.8667,.825,.82,.16,.24,.4,.52,.56,.56,.2667,.3692,.544,.65,.6671,.6655
60,"pont_neuf",1.0,.9,.8,.8333,.8,.72,.2,.28,.4,.56,.64,.68,.3333,.4271,.5333,.6699,.7111,.6994
61,"ponte_vecchio",1.0,.9,.85,.8667,.875,.86,.125,.2917,.4167,.5,.5833,.6667,.2222,.4406,.5592,.6341,.7,.7511
62,"puerta_de_alcala",.4,.6,.55,.5667,.575,.62,.1053,.2632,.4211,.5263,.6316,.6842,.1667,.3659,.477,.5457,.602,.6505
63,"puerta_del_sol",1.0,.8,.65,.6,.6,.5,.15,.3,.35,.4,.5,.5,.2609,.4364,.455,.48,.5455,.5
64,"red_fort",1.0,1.0,1.0,1.0,1.0,1.0,.16,.32,.48,.6,.68,.72,.2759,.4848,.6486,.75,.8095,.8372
65,"reims_cathedral",1.0,.9,.95,.9667,.975,.96,.2,.24,.44,.52,.6,.64,.3333,.3789,.6014,.6762,.7429,.768
66,"rialto_bridge",.8,.9,.75,.7,.65,.6,.25,.3125,.375,.5625,.5625,.625,.381,.4639,.5,.6238,.6031,.6122
67,"roman_forum_rome",.4,.6,.7,.7,.675,.68,.08,.24,.32,.48,.6,.64,.1333,.3429,.4392,.5695,.6353,.6594
68,"sacre_coeur",.2,.3,.55,.6,.6,.6,.0417,.0833,.2917,.375,.5417,.5833,.069,.1304,.3812,.4615,.5693,.5915
69,"sagrada_familia",1.0,1.0,.95,.9667,.975,.96,.16,.28,.36,.48,.6,.64,.2759,.4375,.5221,.6415,.7429,.768
70,"santa_maria_novella",.6,.7,.55,.5,.525,.5,.12,.28,.4,.44,.48,.52,.2,.4,.4632,.4681,.5015,.5098
71,"schonbrunn_palace",1.0,.9,.9,.9333,.95,.94,.16,.28,.4,.56,.68,.68,.2759,.4271,.5538,.7,.7926,.7891
72,"seville_cathedral",.6,.8,.85,.8667,.875,.9,.12,.24,.4,.48,.52,.64,.2,.3692,.544,.6178,.6523,.7481
73,"spanish_steps",.8,.8,.85,.7333,.65,.66,.0909,.2273,.4091,.6364,.6818,.7727,.1633,.354,.5523,.6814,.6655,.7119
74,"st__basil_cathedral",1.0,1.0,.9,.9333,.925,.92,.16,.32,.52,.56,.6,.64,.2759,.4848,.6592,.7,.7279,.7549
75,"statue_of_liberty",.8,.9,.9,.8667,.85,.88,.16,.28,.44,.48,.6,.68,.2667,.4271,.591,.6178,.7034,.7672
76,"stonehenge",.8,.8,.75,.7,.55,.56,.1053,.1579,.4211,.6316,.6316,.6316,.186,.2637,.5393,.664,.588,.5936
77,"summer_palace_beijing",1.0,1.0,1.0,1.0,.95,.92,.2,.28,.4,.56,.6,.64,.3333,.4375,.5714,.7179,.7355,.7549
78,"sydney_opera_house",1.0,1.0,.95,.9667,.925,.86,.2,.32,.4,.56,.6,.68,.3333,.4848,.563,.7092,.7279,.7595
79,"teotihuacan",.8,.8,.7,.6667,.65,.66,.16,.28,.48,.56,.64,.68,.2667,.4148,.5695,.6087,.645,.6699
80,"terracotta_army",.6,.7,.65,.5333,.5,.46,.15,.25,.4,.5,.55,.55,.24,.3684,.4952,.5161,.5238,.501
81,"the_blue_mosque",.4,.7,.85,.9,.9,.92,.08,.16,.32,.44,.52,.6,.1333,.2605,.465,.591,.6592,.7263
82,"the_henry_ford",1.0,.9,.75,.6667,.6,.62,.16,.28,.36,.4,.44,.56,.2759,.4271,.4865,.5,.5077,.5885
83,"taj_mahal",.8,.9,.85,.8667,.85,.86,.16,.32,.4,.52,.6,.68,.2667,.4721,.544,.65,.7034,.7595
84,"tour_montparnasse",.6,.5,.5,.4667,.45,.42,.15,.15,.3,.4,.5,.5,.24,.2308,.375,.4308,.4737,.4565
85,"tower_bridge_london",1.0,.7,.7,.6333,.575,.56,.16,.24,.36,.4,.44,.56,.2759,.3574,.4755,.4903,.4985,.56
86,"trafalgar_square",.4,.5,.5,.4667,.425,.42,.0909,.1364,.2727,.3636,.4091,.4545,.1481,.2143,.3529,.4088,.4169,.4366
87,"leaning_tower_of_pisa",.6,.6,.6,.5667,.55,.58,.08,.16,.24,.32,.36,.56,.1412,.2526,.3429,.409,.4352,.5698
88,"hermitage_museum_saint_petersburg",1.0,1.0,.9,.8333,.85,.82,.12,.24,.36,.44,.48,.56,.2143,.3871,.5143,.5759,.6135,.6655
89,"jantar_mantar_jaipur",.4,.7,.85,.8,.85,.84,.08,.24,.52,.64,.76,.88,.1333,.3574,.6453,.7111,.8025,.8595
90,"lake_titicaca_peru",.2,.5,.55,.5667,.575,.54,.0417,.2083,.375,.5,.5833,.5833,.069,.2941,.4459,.5312,.5791,.5608
91,"the_great_wall_of_china",.8,.9,.75,.8333,.775,.72,.12,.28,.44,.52,.56,.56,.2087,.4271,.5546,.6404,.6502,.63
92,"grande_arche_paris",.8,.6,.65,.6333,.6,.64,.12,.2,.28,.4,.4,.44,.2087,.3,.3914,.4903,.48,.5215
93,"el_angel_mexico",.8,.8,.7,.6,.675,.64,.1905,.2857,.4762,.5238,.7619,.8095,.3077,.4211,.5668,.5593,.7158,.7148
94,"bibliotheque_nationale_de_france",.6,.6,.65,.7333,.775,.76,.04,.12,.24,.36,.56,.68,.075,.2,.3506,.4829,.6502,.7178
95,"kronborg_castle",.6,.6,.75,.7333,.725,.76,.0833,.2083,.375,.5,.5417,.5833,.1463,.3093,.5,.5946,.6201,.66
96,"ajanta_caves",.6,.8,.8,.8667,.875,.88,.0909,.2727,.4545,.5455,.6364,.7273,.1579,.4068,.5797,.6695,.7368,.7964
97,"atomium",1.0,.9,.95,.9,.925,.94,.2381,.2857,.381,.5238,.5238,.619,.3846,.4337,.5438,.6622,.6689,.7465
98,"ellora_caves",1.0,1.0,1.0,.9667,.95,.96,.2273,.2727,.4091,.4545,.5455,.5909,.3704,.4286,.5806,.6183,.693,.7315
99,"potala_palace",.6,.7,.85,.8333,.825,.82,.1111,.2222,.5,.6111,.6667,.7222,.1875,.3373,.6296,.7051,.7374,.768
100,"jokhang",.8,.8,.85,.8333,.85,.86,.12,.2,.44,.56,.68,.68,.2087,.32,.5798,.6699,.7556,.7595
101,"rila_monastery",.8,.7,.7,.7667,.8,.84,.16,.28,.32,.44,.48,.48,.2667,.4,.4392,.5591,.6,.6109
102,"louvre_pyramid",1.0,.9,.9,.9333,.9,.86,.1667,.2778,.3889,.3889,.5,.5,.2857,.4245,.5431,.549,.6429,.6324
103,"brooklyn_bridge",1.0,1.0,1.0,.9333,.875,.84,.1429,.2857,.381,.381,.5238,.5714,.25,.4444,.5517,.5411,.6553,.6802
104,"tower_of_london",.8,.9,.75,.7667,.75,.8,.1304,.2609,.3913,.4783,.6522,.7391,.2243,.4045,.5143,.5891,.6977,.7684
105,"british_museum_london",1.0,1.0,1.0,1.0,1.0,1.0,.1,.2,.3,.45,.6,.6,.1818,.3333,.4615,.6207,.75,.75
106,"buckingham_palace",.6,.5,.45,.4333,.4,.42,.15,.2,.2,.3,.3,.3,.24,.2857,.2769,.3545,.3429,.35
107,"charles_bridge_prague",1.0,1.0,.85,.8,.8,.7,.1667,.25,.3333,.375,.4167,.4583,.2857,.4,.4789,.5106,.5479,.554
108,"champs_elysees_paris",.6,.7,.6,.6333,.575,.56,.2,.2,.2667,.3333,.4667,.5333,.3,.3111,.3692,.4368,.5152,.5463
109,"chrysler_building",1.0,1.0,1.0,1.0,1.0,1.0,.1429,.3571,.4286,.6429,.7857,.9286,.25,.5263,.6,.7826,.88,.963
110,"moma_new_york",.8,.8,.85,.9,.9,.92,.1579,.2632,.4737,.5789,.5789,.6316,.2637,.396,.6083,.7046,.7046,.749
111,"grand_central_terminal",1.0,1.0,1.0,1.0,.975,.98,.0952,.1429,.2381,.3333,.4762,.5238,.1739,.25,.3846,.5,.6399,.6827
112,"houses_of_parliament",1.0,1.0,1.0,1.0,.95,.94,.1739,.3043,.3913,.3913,.4348,.4783,.2963,.4667,.5625,.5625,.5965,.634
113,"alexanderplatz_berlin",.2,.3,.4,.4667,.55,.58,.04,.12,.28,.36,.52,.56,.0667,.1714,.3294,.4065,.5346,.5698
114,"centre_pompidou",1.0,.8,.8,.7333,.675,.7,.2778,.3333,.5,.5556,.6667,.7222,.4348,.4706,.6154,.6322,.6708,.7109
115,"sydney_harbour_bridge",1.0,1.0,1.0,1.0,1.0,1.0,.1875,.3125,.4375,.5625,.625,.6875,.3158,.4762,.6087,.72,.7692,.8148
116,"pier_39",1.0,1.0,1.0,.9667,.95,.94,.2381,.3333,.4286,.5714,.619,.7143,.3846,.5,.6,.7183,.7496,.8117
117,"coit_tower",.6,.6,.55,.5667,.55,.58,.2,.2,.3333,.4,.4,.4,.3,.3,.4151,.469,.4632,.4735
118,"st_paul_s_cathedral_london",1.0,.9,.95,.9,.875,.82,.1765,.2941,.5294,.6471,.7059,.7647,.3,.4433,.6799,.7529,.7814,.7914
119,"cloud_gate",.8,.7,.7,.6667,.675,.66,.25,.25,.3333,.4167,.4167,.6667,.381,.3684,.4516,.5128,.5153,.6633
120,"musee_d_orsay",1.0,1.0,.95,.9,.9,.9,.0952,.1905,.4762,.6667,.7143,.8095,.1739,.32,.6344,.766,.7965,.8524
121,"pike_place_market",.8,.9,.95,.9333,.9,.88,.1905,.3333,.4762,.5238,.5714,.5714,.3077,.4865,.6344,.671,.699,.6929
122,"royal_palace_madrid",.6,.7,.7,.7333,.775,.8,.0909,.1818,.3182,.5455,.6818,.7273,.1579,.2887,.4375,.6256,.7254,.7619
123,"sony_center_berlin",1.0,.9,.9,.9333,.95,.96,.1905,.3333,.4286,.5238,.5714,.5714,.32,.4865,.5806,.671,.7136,.7164
124,"red_square_moscow",.8,.7,.65,.6667,.7,.7,.0952,.1429,.3333,.3333,.5714,.6667,.1702,.2373,.4407,.4444,.6292,.6829
125,"prague_castle",1.0,.9,.95,.8333,.85,.84,.16,.32,.48,.52,.6,.64,.2759,.4721,.6378,.6404,.7034,.7265
126,"musee_du_louvre",1.0,1.0,1.0,1.0,.975,.98,.12,.24,.48,.6,.64,.72,.2143,.3871,.6486,.75,.7728,.8301
127,"millennium_bridge_london",.8,.9,.8,.7333,.75,.78,.16,.2,.4,.44,.48,.6,.2667,.3273,.5333,.55,.5854,.6783
128,"casa_mila",1.0,1.0,1.0,.9667,.975,.96,.2,.28,.44,.56,.68,.72,.3333,.4375,.6111,.7092,.8012,.8229
129,"national_gallery_london",1.0,1.0,.8,.7667,.725,.68,.2273,.3182,.4091,.5455,.5909,.6364,.3704,.4828,.5414,.6374,.6511,.6575
130,"national_mall",1.0,1.0,.95,.9,.9,.88,.2,.4,.52,.64,.68,.76,.3333,.5714,.6721,.7481,.7747,.8156
131,"london_city_hall",1.0,1.0,.95,.9667,.85,.8,.25,.35,.45,.55,.55,.55,.4,.5185,.6107,.7011,.6679,.6519
132,"holocaust_memorial",.8,.7,.65,.5667,.6,.56,.1875,.375,.4375,.4375,.625,.625,.3038,.4884,.523,.4938,.6122,.5907
133,"columbus_circle",.4,.5,.6,.5333,.55,.54,.08,.16,.32,.4,.52,.6,.1333,.2424,.4174,.4571,.5346,.5684
134,"siegessaeule",1.0,.9,.85,.7667,.75,.7,.16,.24,.4,.48,.68,.68,.2759,.3789,.544,.5904,.7133,.6899
135,"jardin_du_luxembourg",1.0,1.0,1.0,.9667,.95,.96,.2,.24,.44,.48,.64,.72,.3333,.3871,.6111,.6415,.7648,.8229
136,"merlion_singapore",.0,.2,.2,.1667,.2,.24,.0,.0909,.1818,.2273,.3182,.4091,.0,.125,.1905,.1923,.2456,.3025
137,"harrods_london",1.0,.9,.85,.8,.825,.86,.12,.24,.36,.52,.64,.76,.2143,.3789,.5058,.6303,.7208,.8069
138,"metropolitan_museum_of_art_new_york",1.0,.9,.95,.9333,.95,.94,.2,.32,.52,.56,.64,.72,.3333,.4721,.6721,.7,.7648,.8154
139,"new_york_stock_exchange",1.0,.9,.75,.7333,.675,.66,.15,.3,.4,.45,.45,.5,.2609,.45,.5217,.5577,.54,.569
140,"stephansdom_vienna",1.0,1.0,1.0,1.0,1.0,1.0,.2,.32,.48,.6,.64,.68,.3333,.4848,.6486,.75,.7805,.8095
141,"hms_belfast",1.0,1.0,1.0,.9667,.925,.9,.12,.28,.44,.52,.68,.68,.2143,.4375,.6111,.6762,.7838,.7747
142,"leicester_square",1.0,.9,.85,.8333,.775,.74,.08,.16,.28,.4,.44,.52,.1481,.2717,.4212,.5405,.5613,.6108
143,"ciudad_de_las_artes_y_las_ciencias",1.0,.8,.9,.9333,.95,.94,.16,.28,.44,.52,.6,.68,.2759,.4148,.591,.6679,.7355,.7891
144,"topkapi_palace",1.0,1.0,1.0,.9667,.975,.96,.2,.28,.48,.6,.64,.64,.3333,.4375,.6486,.7404,.7728,.768
145,"royal_albert_hall",1.0,1.0,.85,.8667,.8,.72,.16,.2,.28,.44,.52,.52,.2759,.3333,.4212,.5837,.6303,.6039
146,"st_vitus_cathedral",1.0,.9,.95,.9667,.975,.98,.2,.28,.4,.6,.6,.64,.3333,.4271,.563,.7404,.7429,.7743
147,"castello_sforzesco",1.0,1.0,.95,.9,.9,.92,.08,.2,.44,.52,.6,.72,.1481,.3333,.6014,.6592,.72,.8078
148,"rijksmuseum_amsterdam",1.0,1.0,1.0,1.0,1.0,1.0,.08,.2,.2,.44,.44,.56,.1481,.3333,.3333,.6111,.6111,.7179
149,"dam_square",1.0,.9,.75,.7,.625,.62,.16,.24,.28,.32,.4,.48,.2759,.3789,.4078,.4392,.4878,.5411
150,"rathaus_vienna",1.0,.8,.8,.8333,.775,.78,.16,.16,.2,.24,.28,.4,.2759,.2667,.32,.3727,.4114,.5288
151,"bath_abbey",1.0,1.0,.95,.9667,.975,.96,.2,.28,.44,.44,.56,.6,.3333,.4375,.6014,.6047,.7114,.7385
152,"salisbury_cathedral",1.0,1.0,1.0,.9667,.975,.98,.12,.2,.36,.44,.56,.56,.2143,.3333,.5294,.6047,.7114,.7127
153,"templo_de_debod",.2,.3,.35,.3667,.325,.34,.0455,.0909,.1818,.2727,.2727,.2727,.0741,.1395,.2393,.3128,.2966,.3027
154,"Niagara_Falls",.4,.6,.65,.5667,.625,.6,.0909,.2273,.3636,.4545,.5,.5455,.1481,.3297,.4664,.5045,.5556,.5714
155,"Golden_Gate_Bridge_in_San_Francisco",1.0,.9,.95,.8667,.9,.92,.1364,.2273,.4091,.5909,.6818,.7273,.24,.3629,.5719,.7027,.7759,.8124
156,"Neuschwanstein_Castle",1.0,1.0,.95,.9333,.95,.94,.2,.36,.44,.48,.64,.72,.3333,.5294,.6014,.634,.7648,.8154
157,"Christ_Church_Cathedral_Missouri",1.0,.9,.95,.9333,.95,.9,.16,.28,.48,.48,.52,.56,.2759,.4271,.6378,.634,.6721,.6904
158,"Mount_Rushmore_in_South_Dakota",.6,.8,.85,.8667,.875,.9,.08,.2,.32,.48,.48,.68,.1412,.32,.465,.6178,.6199,.7747
159,"Puerta_de_Toledo",.4,.2,.15,.1,.075,.06,1.0,1.0,1.0,1.0,1.0,1.0,.5714,.3333,.2609,.1818,.1395,.1132
160,"Urquhart_Castle",1.0,.8,.75,.8333,.825,.84,.2083,.2917,.4583,.5417,.6667,.7083,.3448,.4275,.569,.6566,.7374,.7686
161,"Gare_du_Nord_Paris",.6,.7,.7,.7,.675,.6,.12,.24,.28,.32,.36,.36,.2,.3574,.4,.4392,.4696,.45
162,"Newgrange_in_Ireland",.6,.5,.6,.6333,.675,.68,.125,.1667,.3333,.4167,.5833,.5833,.2069,.25,.4286,.5026,.6258,.628
163,"Windmills_at_Kinderdijk",.8,.8,.8,.8333,.875,.88,.16,.28,.4,.4,.6,.6,.2667,.4148,.5333,.5405,.7119,.7135
164,"Conciergerie",.8,.9,.95,.9667,.975,.96,.16,.28,.48,.52,.6,.68,.2667,.4271,.6378,.6762,.7429,.7961
165,"Palazzo_Madama",1.0,.9,.75,.6333,.625,.66,.2273,.3182,.5,.6364,.6818,.6818,.3704,.4701,.6,.6348,.6522,.6707
166,"Split_Rock_Lighthouse",1.0,1.0,.8,.8333,.825,.8,.2,.28,.36,.4,.56,.56,.3333,.4375,.4966,.5405,.6671,.6588
167,"The_Little_Mermaid_Denmark",1.0,1.0,1.0,.8333,.8,.76,.3571,.5,.7143,.7143,.7143,.8571,.5263,.6667,.8333,.7692,.7547,.8057
168,"Great_Pyramid_of_Giza",.8,.7,.65,.6667,.65,.64,.2,.2667,.4667,.7333,.7333,.8,.32,.3862,.5433,.6984,.6892,.7111
169,"Pitti_Palace",.4,.7,.8,.8333,.8,.78,.0909,.2727,.4091,.4545,.5,.5909,.1481,.3925,.5414,.5882,.6154,.6724
170,"Georgia_State_Capitol",.8,.7,.55,.4,.35,.36,.1579,.2105,.2632,.2632,.2632,.2632,.2637,.3237,.356,.3175,.3004,.3041
171,"Dome_des_Invalides",1.0,1.0,.95,.9667,.975,.96,.16,.28,.4,.4,.52,.6,.2759,.4375,.563,.5659,.6783,.7385
172,"Reggia_di_Caserta",.4,.5,.6,.6333,.6,.6,.08,.2,.36,.56,.68,.72,.1333,.2857,.45,.5944,.6375,.6545
173,"The_Burj_al_Arab_Hotel",.6,.7,.85,.8667,.825,.86,.08,.2,.44,.48,.56,.64,.1412,.3111,.5798,.6178,.6671,.7339
174,"Elephanta_Caves",1.0,1.0,1.0,.9667,.875,.88,.1667,.2917,.4583,.5417,.5417,.625,.2857,.4516,.6286,.6943,.6691,.7309
175,"Basilica_of_Santa_Croce",1.0,1.0,1.0,1.0,1.0,1.0,.16,.28,.36,.4,.48,.56,.2759,.4375,.5294,.5714,.6486,.7179
176,"Aachen_Cathedral",1.0,1.0,.95,.9333,.9,.92,.2,.32,.4,.44,.52,.56,.3333,.4848,.563,.5981,.6592,.6962
177,"Monument_to_the_Great_Fire_of_London",.8,.7,.6,.4667,.45,.5,.16,.28,.36,.4,.48,.56,.2667,.4,.45,.4308,.4645,.5283
178,"Longmen_Grottoes",.8,.7,.7,.6667,.625,.58,.16,.24,.44,.56,.6,.68,.2667,.3574,.5404,.6087,.6122,.626
179,"Louisiana_State_Capitol",.0,.1,.3,.3,.325,.36,.0,.04,.24,.28,.36,.44,.0,.0571,.2667,.2897,.3416,.396
180,"The_Great_Sphinx_at_Giza",.8,.9,.8,.8,.825,.84,.16,.24,.36,.56,.72,.72,.2667,.3789,.4966,.6588,.7689,.7754
181,"Teatro_Real_Madrid",1.0,.8,.8,.7667,.725,.74,.2174,.2609,.4348,.6522,.7391,.8696,.3571,.3934,.5634,.7048,.732,.7996
182,"Palacio_de_la_Magdalena",.8,.8,.85,.8667,.85,.84,.16,.28,.48,.6,.68,.8,.2667,.4148,.6135,.7091,.7556,.8195
183,"Sowjetisches_Ehrenmal",.8,.7,.6,.5333,.575,.6,.16,.28,.32,.36,.52,.64,.2667,.4,.4174,.4299,.5461,.6194
184,"Cathedral_of_Trier",1.0,.8,.8,.8,.85,.88,.2,.28,.48,.56,.68,.8,.3333,.4148,.6,.6588,.7556,.8381
185,"Saint_Mary_of_the_Flower",.0,.1,.1,.1667,.175,.2,.0,.04,.04,.08,.16,.2,.0,.0571,.0571,.1081,.1672,.2
186,"Skellig_Michael",1.0,.8,.7,.7333,.725,.72,.2,.32,.44,.6,.64,.64,.3333,.4571,.5404,.66,.6799,.6776
187,"Chicago_Board_of_Trade_Building",1.0,.9,.85,.8,.85,.82,.2273,.3182,.4091,.4091,.5455,.5909,.3704,.4701,.5523,.5414,.6645,.6869
188,"Pont_de_Normandie_France",.8,.9,.95,.9,.85,.82,.1579,.3158,.6316,.7895,.8421,.8421,.2637,.4675,.7587,.8411,.846,.8309
189,"Palazzo_Rosso",.0,.0,.0,.0333,.1,.1,.0,.0,.0,.0417,.125,.1667,.0,.0,.0,.037,.1111,.125
190,"Piazza_Vittorio_Veneto",1.0,.8,.7,.7,.575,.5,.1875,.3125,.5,.5625,.625,.625,.3158,.4494,.5833,.6238,.599,.5556
191,"Sforza_Castle",1.0,1.0,.95,.9667,.925,.94,.2,.36,.48,.56,.56,.68,.3333,.5294,.6378,.7092,.6976,.7891
192,"Torres_KIO",1.0,1.0,1.0,1.0,1.0,.94,.2,.36,.4,.48,.56,.6,.3333,.5294,.5714,.6486,.7179,.7325
193,"Torre_Picasso",1.0,1.0,.9,.8333,.775,.78,.125,.2917,.4167,.5417,.5833,.6667,.2222,.4516,.5696,.6566,.6656,.7189
194,"The_Palace_of_Parliament_in_Bucharest",1.0,1.0,.95,.9333,.925,.92,.2,.28,.44,.52,.6,.64,.3333,.4375,.6014,.6679,.7279,.7549
195,"Ernest_Hemingway_House",1.0,.8,.9,.8667,.85,.84,.12,.2,.44,.56,.68,.76,.2143,.32,.591,.6804,.7556,.798
196,"Castel_dellOvo_Napoli",.8,.8,.75,.7333,.775,.78,.16,.32,.4,.56,.64,.68,.2667,.4571,.5217,.6351,.7011,.7266
197,"Villa_Borghese_gardens",1.0,1.0,1.0,1.0,1.0,.96,.2,.36,.48,.64,.76,.76,.3333,.5294,.6486,.7805,.8636,.8484
198,"Saint_Marks_Basilica",1.0,1.0,1.0,1.0,.975,.98,.12,.28,.36,.4,.44,.52,.2143,.4375,.5294,.5714,.6064,.6795
199,"Mausoleum_of_the_First_Qin_Emperor",.8,.9,.85,.8667,.85,.84,.16,.32,.44,.52,.6,.72,.2667,.4721,.5798,.65,.7034,.7754
200,"Mausoleum_of_Hadrian",1.0,1.0,.95,.8667,.775,.72,.2222,.3889,.5,.5,.6111,.6111,.3636,.56,.6552,.6341,.6834,.6611
201,"Piazza_de_Ferrari",1.0,.9,.9,.9,.9,.9,.2105,.2632,.3684,.4737,.5263,.6316,.3478,.4072,.5228,.6207,.6642,.7423
202,"George_Washington_Carver",.8,.7,.65,.6,.625,.62,.1875,.375,.375,.5,.625,.625,.3038,.4884,.4756,.5455,.625,.6225
203,"Cathedral_of_Santiago_de_Compostela",1.0,.9,.9,.8667,.85,.82,.2353,.2353,.4706,.6471,.7647,.7647,.381,.3731,.618,.7409,.8051,.7914
204,"Saint-Jacques_Tower",.8,.8,.8,.7333,.7,.7,.2308,.3846,.4615,.5385,.6154,.6923,.3582,.5195,.5854,.621,.655,.6961
205,"Calakmul_Campeche_Mexico",1.0,1.0,.9,.8333,.825,.82,.2143,.3571,.4286,.5714,.5714,.7143,.3529,.5263,.5806,.678,.6752,.7635
206,"Bran_Castle_in_Transylvania",.8,.8,.8,.8333,.875,.86,.1053,.3158,.4737,.5789,.6842,.7368,.186,.4528,.595,.6832,.7679,.7937
207,"Mosteiro_da_Batalha",1.0,1.0,1.0,1.0,1.0,1.0,.1579,.2632,.5789,.7368,.7368,.7368,.2727,.4167,.7333,.8485,.8485,.8485
208,"Wartburg_Castle",1.0,1.0,.9,.8667,.875,.9,.25,.4,.55,.7,.8,.8,.4,.5714,.6828,.7745,.8358,.8471
209,"Fujian_Tulou_Fujian_China",1.0,.9,.95,.9667,.975,.98,.2222,.3333,.4444,.6111,.6667,.7222,.3636,.4865,.6056,.7488,.7919,.8316
210,"Alabama_State_Capitol",.8,.7,.7,.7,.725,.76,.1905,.3333,.4762,.619,.6667,.8095,.3077,.4516,.5668,.657,.6946,.784
211,"Palazzo_dAccursio",1.0,.8,.8,.8,.75,.74,.1111,.2778,.4444,.5,.5,.5556,.2,.4124,.5714,.6154,.6,.6346
212,"Casa_Grande_Ruins",.8,.8,.75,.7667,.75,.78,.2353,.2353,.3529,.4118,.4706,.4706,.3636,.3636,.48,.5358,.5783,.587
213,"Stravinsky_Fountain",1.0,.9,.85,.9,.9,.88,.2,.2667,.3333,.4,.5333,.6,.3333,.4114,.4789,.5538,.6698,.7135
214,"Angel_Falls_Venezuela",.6,.6,.55,.5,.575,.52,.1176,.2353,.4118,.4706,.5882,.6471,.1967,.338,.4709,.4848,.5815,.5766
215,"Statue_of_George_IV",.4,.6,.55,.6,.525,.46,.25,.5,.625,1.0,1.0,1.0,.3077,.5455,.5851,.75,.6885,.6301
216,"Palacio_Barolo",1.0,1.0,.95,.9,.925,.94,.2353,.3529,.4118,.5294,.7059,.7647,.381,.5217,.5745,.6667,.8007,.8433
217,"Bridge_of_Remembrance_Christchurch_New_Zealand",1.0,.8,.85,.7667,.7,.66,.25,.4167,.75,.8333,.9167,.9167,.4,.5479,.7969,.7986,.7938,.7674
218,"John_A._Roebling_Suspension_Bridge",.2,.2,.4,.4333,.425,.46,.0667,.1333,.4,.6,.7333,.7333,.1,.16,.4,.5032,.5381,.5654
219,"Blue_Dome_Santorini",.8,.8,.9,.9,.9,.88,.125,.3125,.625,.6875,.6875,.75,.2162,.4494,.7377,.7795,.7795,.8098
220,"Fossar_de_les_Moreres",.8,.7,.65,.5333,.5,.46,.1429,.3571,.5,.5714,.6429,.7143,.2424,.473,.5652,.5517,.5625,.5596
221,"Luxor_Obelisk_France",1.0,1.0,.85,.7333,.725,.68,.1875,.25,.375,.375,.375,.5,.3158,.4,.5204,.4962,.4943,.5763
222,"Valle_de_los_Caidos",.8,.9,.95,.9333,.925,.88,.2,.3,.45,.55,.7,.7,.32,.45,.6107,.6921,.7969,.7797
--------------------
"--","Avg.",P@5,P@10,P@20,P@30,P@40,P@50,CR@5,CR@10,CR@20,CR@30,CR@40,CR@50,F1@5,F1@10,F1@20,F1@30,F1@40,F1@50
,.,8153,.8045,.7921,.7784,.7693,.7634,.1553,.2596,.4011,.5006,.582,.6426,.2541,.384,.5216,.5955,.6483,.6832
