--------------------
"Run name","output_runPHOGSumSquaredError"
--------------------
"Average P@20 = ",.7948
"Average CR@20 = ",.3912
"Average F1@20 = ",.5153
--------------------
"Query Id ","Location name",P@5,P@10,P@20,P@30,P@40,P@50,CR@5,CR@10,CR@20,CR@30,CR@40,CR@50,F1@5,F1@10,F1@20,F1@30,F1@40,F1@50
1,"angel_of_the_north",1.0,1.0,1.0,.9667,.975,.98,.16,.2,.36,.48,.56,.68,.2759,.3333,.5294,.6415,.7114,.8029
2,"big_ben",1.0,.9,.9,.9,.85,.78,.2273,.3182,.4091,.4545,.5,.5455,.3704,.4701,.5625,.604,.6296,.642
3,"hearst_castle",1.0,.9,.9,.8667,.875,.86,.2083,.3333,.5417,.75,.8333,.875,.3448,.4865,.6763,.8041,.8537,.8674
4,"la_madeleine",.2,.2,.15,.3,.425,.44,.0714,.1429,.2143,.4286,.7143,.8571,.1053,.1667,.1765,.3529,.5329,.5815
5,"pont_alexandre_iii",1.0,1.0,1.0,.9333,.925,.94,.2,.28,.44,.48,.6,.64,.3333,.4375,.6111,.634,.7279,.7615
6,"neues_museum",.0,.0,.1,.2,.3,.4,.0,.0,.04,.16,.28,.48,.0,.0,.0571,.1778,.2897,.4364
7,"montezuma_castle",1.0,.7,.55,.5,.45,.5,.25,.4167,.5,.5,.5833,.6667,.4,.5224,.5238,.5,.5081,.5714
8,"cn_tower",.8,.6,.6,.6,.625,.66,.1667,.25,.375,.4583,.5417,.5833,.2759,.3529,.4615,.5197,.5804,.6193
9,"acropolis_athens",.8,.7,.8,.7667,.775,.78,.1905,.2857,.4762,.5238,.5238,.6667,.3077,.4058,.597,.6224,.6251,.7189
10,"agra_fort",1.0,.9,.8,.8,.825,.86,.2,.32,.4,.48,.68,.72,.3333,.4721,.5333,.6,.7455,.7838
11,"albert_memorial",.6,.8,.8,.8333,.75,.74,.0909,.1364,.1364,.4091,.4545,.5909,.1579,.233,.233,.5488,.566,.6571
12,"altes_museum",1.0,.9,.75,.7667,.675,.56,.125,.25,.4167,.5417,.5417,.5833,.2222,.3913,.5357,.6348,.601,.5714
13,"amiens_cathedral",1.0,1.0,1.0,.9667,.95,.94,.16,.32,.56,.64,.72,.84,.2759,.4848,.7179,.7701,.8192,.8872
14,"angkor_wat",1.0,.9,.75,.7667,.725,.76,.2,.24,.36,.52,.6,.72,.3333,.3789,.4865,.6197,.6566,.7395
15,"ara_pacis",1.0,1.0,.9,.8667,.725,.64,.2273,.4091,.5455,.5455,.5455,.5455,.3704,.5806,.6792,.6695,.6225,.589
16,"arc_de_triomphe",.8,.9,.8,.8,.8,.8,.1667,.2917,.4583,.4583,.5417,.6667,.2759,.4406,.5828,.5828,.646,.7273
17,"aztec_ruins",.0,.1,.15,.2667,.25,.26,.0,.04,.12,.24,.28,.32,.0,.0571,.1333,.2526,.2642,.2869
18,"berlin_cathedral",1.0,1.0,1.0,.9667,.925,.88,.16,.2,.56,.56,.6,.68,.2759,.3333,.7179,.7092,.7279,.7672
19,"bok_tower_gardens",1.0,.9,.9,.8333,.85,.84,.2,.32,.48,.52,.6,.68,.3333,.4721,.6261,.6404,.7034,.7516
20,"brandenburg_gate",1.0,1.0,1.0,.9667,.975,.96,.16,.28,.4,.4,.56,.56,.2759,.4375,.5714,.5659,.7114,.7074
21,"cabrillo",.2,.3,.3,.2,.15,.12,.0769,.2308,.3846,.3846,.3846,.3846,.1111,.2609,.3371,.2632,.2158,.1829
22,"casa_batllo",1.0,1.0,1.0,1.0,.975,.98,.12,.28,.48,.6,.76,.8,.2143,.4375,.6486,.75,.8542,.8809
23,"casa_rosada",1.0,.9,.9,.9,.925,.94,.16,.24,.44,.48,.64,.76,.2759,.3789,.591,.6261,.7565,.8405
24,"castillo_de_san_marcos",.8,.9,.55,.5333,.65,.72,.16,.24,.28,.4,.6,.64,.2667,.3789,.3711,.4571,.624,.6776
25,"chartres_cathedral",1.0,1.0,.9,.9333,.9,.9,.16,.32,.36,.52,.64,.72,.2759,.4848,.5143,.6679,.7481,.8
26,"chichen_itza",1.0,.9,.75,.8,.8,.82,.16,.28,.32,.56,.56,.6,.2759,.4271,.4486,.6588,.6588,.693
27,"christ_the_redeemer_rio",.4,.5,.55,.4667,.5,.54,.087,.1739,.3478,.4348,.5652,.6957,.1429,.2581,.4262,.4502,.5306,.608
28,"civic_center_san_francisco",.8,.9,.7,.7333,.675,.68,.16,.32,.44,.56,.6,.64,.2667,.4721,.5404,.6351,.6353,.6594
29,"cologne_cathedral",1.0,1.0,1.0,.9667,.95,.94,.12,.2,.44,.56,.6,.64,.2143,.3333,.6111,.7092,.7355,.7615
30,"colosseum",1.0,1.0,1.0,1.0,1.0,.96,.16,.28,.36,.48,.48,.56,.2759,.4375,.5294,.6486,.6486,.7074
31,"doge_s_palace",1.0,.8,.9,.9333,.925,.8,.16,.2,.32,.36,.44,.52,.2759,.32,.4721,.5196,.5963,.6303
32,"eiffel_tower",1.0,1.0,.95,.9,.925,.94,.16,.24,.4,.4,.44,.64,.2759,.3871,.563,.5538,.5963,.7615
33,"golden_gate_bridge",.8,.8,.85,.8,.8,.8,.1739,.2609,.4348,.4783,.6087,.7391,.2857,.3934,.5753,.5986,.6914,.7684
34,"grand_palais",1.0,.9,.85,.9,.9,.92,.1818,.3636,.5,.5909,.6364,.6364,.3077,.518,.6296,.7134,.7456,.7523
35,"guggenheim_museum_bilbao",1.0,1.0,1.0,1.0,.975,.94,.2,.28,.4,.56,.64,.68,.3333,.4375,.5714,.7179,.7728,.7891
36,"hagia_sophia_istanbul",1.0,1.0,1.0,1.0,.95,.96,.12,.2,.36,.36,.48,.68,.2143,.3333,.5294,.5294,.6378,.7961
37,"hoover_dam",1.0,.9,.95,.8667,.9,.88,.16,.24,.36,.48,.6,.68,.2759,.3789,.5221,.6178,.72,.7672
38,"humayun_tomb",.6,.5,.6,.7,.675,.74,.08,.12,.32,.44,.52,.72,.1412,.1935,.4174,.5404,.5874,.7299
39,"iguazu_falls",.6,.8,.75,.8,.8,.76,.12,.28,.36,.44,.56,.6,.2,.4148,.4865,.5677,.6588,.6706
40,"iolani_palace",.8,.8,.85,.8333,.85,.8,.16,.2,.36,.52,.64,.72,.2667,.32,.5058,.6404,.7302,.7579
41,"la_mezquita",.6,.8,.9,.8,.725,.68,.125,.2917,.4583,.5,.5417,.5833,.2069,.4275,.6074,.6154,.6201,.628
42,"la_rambla_barcelona",1.0,.9,.9,.9,.9,.92,.16,.24,.32,.44,.48,.48,.2759,.3789,.4721,.591,.6261,.6309
43,"la_sainte_chapelle",1.0,1.0,.95,.9333,.95,.96,.16,.36,.52,.64,.64,.76,.2759,.5294,.6721,.7593,.7648,.8484
44,"liberty_memorial",1.0,1.0,.8,.6667,.6,.68,.12,.28,.4,.4,.48,.52,.2143,.4375,.5333,.5,.5333,.5893
45,"lincoln_home",1.0,1.0,.95,.7667,.8,.76,.2222,.4444,.5556,.6667,.8333,.8333,.3636,.6154,.7011,.7132,.8163,.795
46,"machu_picchu",1.0,.9,.75,.6667,.675,.68,.16,.28,.36,.52,.64,.64,.2759,.4271,.4865,.5843,.657,.6594
47,"marble_arch_london",.4,.5,.5,.4333,.4,.36,.1667,.3333,.5,.5833,.6667,.75,.2353,.4,.5,.4973,.5,.4865
48,"milan_cathedral",1.0,1.0,.9,.9,.875,.82,.12,.24,.4,.52,.68,.72,.2143,.3871,.5538,.6592,.7653,.7668
49,"mole_antonelliana",1.0,1.0,.9,.9,.8,.72,.16,.2,.24,.36,.44,.52,.2759,.3333,.3789,.5143,.5677,.6039
50,"mont_saint_michel",1.0,1.0,1.0,.9667,.925,.94,.2,.28,.4,.52,.56,.68,.3333,.4375,.5714,.6762,.6976,.7891
51,"moulin_rouge",.0,.1,.1,.1333,.125,.16,.0,.125,.25,.5,.625,.75,.0,.1111,.1429,.2105,.2083,.2637
52,"nelson_s_column",.8,.9,.95,.9667,.925,.92,.0833,.1667,.3333,.5833,.5833,.5833,.1509,.2812,.4935,.7276,.7155,.714
53,"notre_dame_de_paris",.8,.9,.9,.9,.925,.88,.16,.24,.36,.52,.6,.64,.2667,.3789,.5143,.6592,.7279,.7411
54,"obelisco",.2,.2,.1,.1,.075,.12,.0909,.0909,.0909,.1818,.1818,.2727,.125,.125,.0952,.129,.1062,.1667
55,"piccadilly_circus",1.0,.9,.9,.8333,.825,.76,.1304,.2174,.4348,.5652,.6087,.6522,.2308,.3502,.5863,.6736,.7005,.702
56,"place_de_la_concorde",1.0,1.0,1.0,1.0,1.0,1.0,.12,.2,.36,.52,.56,.64,.2143,.3333,.5294,.6842,.7179,.7805
57,"place_de_la_republique",.4,.2,.2,.2667,.3,.26,.25,.25,.5,.75,.875,.875,.3077,.2222,.2857,.3934,.4468,.4009
58,"place_des_vosges",1.0,.9,.6,.6667,.75,.8,.12,.16,.2,.36,.52,.56,.2143,.2717,.3,.4675,.6142,.6588
59,"pont_du_gard",.8,.9,.85,.7667,.75,.78,.12,.24,.4,.48,.52,.6,.2087,.3789,.544,.5904,.6142,.6783
60,"pont_neuf",1.0,.9,.9,.8333,.75,.74,.16,.24,.4,.44,.6,.68,.2759,.3789,.5538,.5759,.6667,.7087
61,"ponte_vecchio",.8,.9,.95,.9667,.9,.86,.1667,.2083,.375,.5,.5833,.5833,.2759,.3383,.5377,.6591,.7079,.6952
62,"puerta_de_alcala",.2,.4,.45,.5333,.525,.48,.0526,.1053,.3158,.4737,.6316,.6316,.0833,.1667,.3711,.5017,.5734,.5455
63,"puerta_del_sol",.6,.7,.65,.4667,.425,.42,.15,.3,.3,.3,.35,.4,.24,.42,.4105,.3652,.3839,.4098
64,"red_fort",1.0,1.0,1.0,1.0,1.0,1.0,.16,.28,.44,.52,.6,.68,.2759,.4375,.6111,.6842,.75,.8095
65,"reims_cathedral",1.0,1.0,1.0,.9333,.875,.9,.16,.2,.4,.48,.56,.68,.2759,.3333,.5714,.634,.6829,.7747
66,"rialto_bridge",.8,.7,.7,.7,.675,.66,.1875,.25,.375,.5,.5,.625,.3038,.3684,.4884,.5833,.5745,.642
67,"roman_forum_rome",.8,.7,.65,.7333,.75,.76,.16,.24,.28,.48,.6,.72,.2667,.3574,.3914,.5802,.6667,.7395
68,"sacre_coeur",.2,.3,.5,.5333,.575,.6,.0417,.125,.2083,.25,.3333,.4167,.069,.1765,.2941,.3404,.422,.4918
69,"sagrada_familia",1.0,.9,.95,.9,.9,.9,.16,.2,.4,.48,.52,.6,.2759,.3273,.563,.6261,.6592,.72
70,"santa_maria_novella",.6,.5,.45,.5,.5,.54,.12,.16,.28,.36,.4,.44,.2,.2424,.3452,.4186,.4444,.4849
71,"schonbrunn_palace",1.0,1.0,1.0,1.0,.975,.98,.2,.32,.56,.64,.68,.72,.3333,.4848,.7179,.7805,.8012,.8301
72,"seville_cathedral",.6,.7,.75,.8333,.875,.9,.12,.28,.4,.44,.56,.72,.2,.4,.5217,.5759,.6829,.8
73,"spanish_steps",1.0,.9,.8,.7,.7,.72,.0909,.1818,.3636,.4545,.6818,.7273,.1667,.3025,.5,.5512,.6908,.7236
74,"st__basil_cathedral",1.0,1.0,1.0,.9667,.875,.86,.16,.36,.52,.64,.64,.68,.2759,.5294,.6842,.7701,.7393,.7595
75,"statue_of_liberty",1.0,.9,.95,.9333,.875,.88,.12,.16,.36,.48,.52,.68,.2143,.2717,.5221,.634,.6523,.7672
76,"stonehenge",.8,.7,.7,.6,.65,.62,.1579,.2632,.4737,.5263,.6316,.6316,.2637,.3825,.565,.5607,.6407,.6257
77,"summer_palace_beijing",1.0,1.0,.95,.9667,.925,.9,.12,.28,.36,.4,.56,.6,.2143,.4375,.5221,.5659,.6976,.72
78,"sydney_opera_house",1.0,.9,.9,.9,.9,.9,.16,.2,.32,.44,.52,.64,.2759,.3273,.4721,.591,.6592,.7481
79,"teotihuacan",.8,.7,.65,.6667,.625,.62,.16,.28,.4,.56,.6,.6,.2667,.4,.4952,.6087,.6122,.6098
80,"terracotta_army",.4,.4,.5,.4333,.5,.46,.1,.2,.4,.45,.6,.7,.16,.2667,.4444,.4415,.5455,.5552
81,"the_blue_mosque",.6,.7,.75,.8333,.875,.9,.12,.16,.28,.48,.6,.68,.2,.2605,.4078,.6091,.7119,.7747
82,"the_henry_ford",.8,.8,.85,.8333,.65,.7,.12,.2,.4,.44,.48,.56,.2087,.32,.544,.5759,.5522,.6222
83,"taj_mahal",.8,.9,.95,.8667,.9,.9,.12,.24,.44,.48,.52,.68,.2087,.3789,.6014,.6178,.6592,.7747
84,"tour_montparnasse",.8,.9,.85,.7,.625,.52,.2,.25,.4,.5,.55,.6,.32,.3913,.544,.5833,.5851,.5571
85,"tower_bridge_london",.8,.9,.75,.7333,.675,.64,.16,.2,.32,.4,.52,.56,.2667,.3273,.4486,.5176,.5874,.5973
86,"trafalgar_square",.6,.4,.5,.4333,.4,.4,.1364,.1818,.3182,.3182,.3182,.3636,.2222,.25,.3889,.3669,.3544,.381
87,"leaning_tower_of_pisa",.8,.7,.65,.6,.6,.6,.16,.24,.36,.52,.56,.6,.2667,.3574,.4634,.5571,.5793,.6
88,"hermitage_museum_saint_petersburg",1.0,1.0,.95,.9333,.925,.88,.16,.32,.48,.56,.68,.72,.2759,.4848,.6378,.7,.7838,.792
89,"jantar_mantar_jaipur",1.0,1.0,.85,.8,.8,.78,.2,.4,.6,.6,.72,.8,.3333,.5714,.7034,.6857,.7579,.7899
90,"lake_titicaca_peru",.4,.6,.55,.5333,.625,.62,.0417,.2083,.4167,.5417,.5833,.5833,.0755,.3093,.4741,.5375,.6034,.6011
91,"the_great_wall_of_china",.6,.8,.85,.9,.825,.86,.08,.2,.36,.44,.56,.64,.1412,.32,.5058,.591,.6671,.7339
92,"grande_arche_paris",.8,.7,.6,.6667,.675,.66,.16,.2,.28,.44,.52,.56,.2667,.3111,.3818,.5301,.5874,.6059
93,"el_angel_mexico",.8,.7,.65,.6,.625,.62,.1429,.1905,.381,.4762,.619,.7619,.2424,.2995,.4804,.531,.622,.6837
94,"bibliotheque_nationale_de_france",.2,.3,.6,.6667,.65,.72,.04,.12,.24,.44,.48,.52,.0667,.1714,.3429,.5301,.5522,.6039
95,"kronborg_castle",.6,.8,.8,.7,.775,.8,.125,.3333,.4583,.5,.5417,.5833,.2069,.4706,.5828,.5833,.6377,.6747
96,"ajanta_caves",.6,.7,.75,.8333,.875,.9,.1364,.2727,.3636,.5455,.6364,.6818,.2222,.3925,.4898,.6593,.7368,.7759
97,"atomium",.8,.8,.9,.9,.925,.88,.0952,.2857,.381,.4762,.5238,.5714,.1702,.4211,.5353,.6228,.6689,.6929
98,"ellora_caves",1.0,.9,.95,.9667,.975,.98,.1364,.2273,.4091,.5455,.5455,.5455,.24,.3629,.5719,.6974,.6996,.7008
99,"potala_palace",.8,.8,.9,.9,.875,.86,.1667,.2778,.3333,.4444,.5556,.6111,.2759,.4124,.4865,.595,.6796,.7145
100,"jokhang",1.0,1.0,.85,.8333,.85,.84,.2,.32,.52,.6,.64,.76,.3333,.4848,.6453,.6977,.7302,.798
101,"rila_monastery",.6,.7,.75,.8333,.875,.9,.12,.2,.28,.36,.44,.48,.2,.3111,.4078,.5028,.5856,.6261
102,"louvre_pyramid",1.0,1.0,.95,.9,.9,.9,.1111,.2222,.4444,.4444,.5556,.5556,.2,.3636,.6056,.595,.687,.687
103,"brooklyn_bridge",1.0,1.0,.85,.8667,.85,.84,.1429,.2381,.3333,.4286,.4286,.619,.25,.3846,.4789,.5735,.5698,.7128
104,"tower_of_london",.6,.8,.85,.8333,.775,.74,.0435,.1739,.2174,.3478,.3913,.5652,.0811,.2857,.3462,.4908,.52,.6409
105,"british_museum_london",1.0,1.0,1.0,1.0,1.0,1.0,.1,.15,.3,.4,.4,.65,.1818,.2609,.4615,.5714,.5714,.7879
106,"buckingham_palace",.6,.6,.55,.5,.45,.44,.1,.2,.2,.3,.35,.4,.1714,.3,.2933,.375,.3937,.419
107,"charles_bridge_prague",1.0,1.0,1.0,.7667,.7,.64,.125,.125,.2917,.2917,.375,.4167,.2222,.2222,.4516,.4226,.4884,.5047
108,"champs_elysees_paris",.6,.5,.65,.6667,.65,.56,.1333,.2,.3333,.4,.4667,.6,.2182,.2857,.4407,.5,.5433,.5793
109,"chrysler_building",1.0,1.0,1.0,1.0,1.0,.98,.2143,.4286,.6429,.7857,.7857,.7857,.3529,.6,.7826,.88,.88,.8722
110,"moma_new_york",.8,.8,.85,.8,.825,.84,.1579,.2632,.3158,.4737,.6316,.6316,.2637,.396,.4605,.595,.7154,.721
111,"grand_central_terminal",1.0,1.0,.95,.9333,.95,.96,.0952,.1429,.3333,.5238,.5238,.5238,.1739,.25,.4935,.671,.6753,.6778
112,"houses_of_parliament",1.0,1.0,1.0,1.0,1.0,1.0,.1304,.2174,.3478,.3913,.3913,.3913,.2308,.3571,.5161,.5625,.5625,.5625
113,"alexanderplatz_berlin",.4,.5,.45,.5333,.6,.66,.08,.16,.24,.36,.4,.44,.1333,.2424,.313,.4299,.48,.528
114,"centre_pompidou",.8,.9,.8,.7667,.625,.62,.2222,.3889,.4444,.5,.5,.5,.3478,.5431,.5714,.6053,.5556,.5536
115,"sydney_harbour_bridge",1.0,1.0,1.0,1.0,1.0,1.0,.1875,.375,.625,.625,.625,.6875,.3158,.5455,.7692,.7692,.7692,.8148
116,"pier_39",1.0,1.0,1.0,.9667,.925,.88,.1905,.2381,.4286,.4762,.5714,.6667,.32,.3846,.6,.6381,.7064,.7586
117,"coit_tower",.6,.8,.65,.5333,.6,.6,.1333,.2,.2667,.3333,.4667,.5333,.2182,.32,.3782,.4103,.525,.5647
118,"st_paul_s_cathedral_london",1.0,.8,.75,.8333,.85,.8,.1765,.3529,.4706,.7059,.7647,.8235,.3,.4898,.5783,.7643,.8051,.8116
119,"cloud_gate",.8,.9,.7,.6667,.7,.72,.25,.3333,.5,.5,.5,.5,.381,.4865,.5833,.5714,.5833,.5902
120,"musee_d_orsay",1.0,1.0,1.0,.9333,.9,.9,.0952,.2381,.3333,.4762,.5238,.619,.1739,.3846,.5,.6306,.6622,.7335
121,"pike_place_market",1.0,1.0,.95,.9,.875,.86,.1905,.3333,.4286,.4762,.5714,.619,.32,.5,.5907,.6228,.6914,.7199
122,"royal_palace_madrid",.6,.7,.85,.8667,.875,.9,.1364,.2727,.5,.6818,.7727,.7727,.2222,.3925,.6296,.7632,.8207,.8315
123,"sony_center_berlin",.8,.9,.9,.9333,.925,.94,.1905,.2857,.381,.4286,.4286,.4286,.3077,.4337,.5353,.5874,.5858,.5887
124,"red_square_moscow",.6,.6,.55,.6,.65,.66,.0952,.1429,.2381,.4286,.5238,.5714,.1644,.2308,.3323,.5,.5801,.6125
125,"prague_castle",1.0,.9,.85,.8667,.875,.9,.12,.2,.4,.52,.6,.76,.2143,.3273,.544,.65,.7119,.8241
126,"musee_du_louvre",.8,.9,.95,.9667,.975,.98,.12,.24,.48,.52,.68,.72,.2087,.3789,.6378,.6762,.8012,.8301
127,"millennium_bridge_london",1.0,1.0,.85,.8333,.8,.8,.16,.28,.48,.52,.52,.6,.2759,.4375,.6135,.6404,.6303,.6857
128,"casa_mila",1.0,1.0,1.0,1.0,.975,.92,.2,.28,.4,.52,.64,.68,.3333,.4375,.5714,.6842,.7728,.782
129,"national_gallery_london",1.0,.9,.9,.8,.75,.68,.1818,.2727,.4091,.5,.5909,.6364,.3077,.4186,.5625,.6154,.661,.6575
130,"national_mall",1.0,1.0,1.0,.9667,.9,.82,.2,.28,.52,.6,.64,.72,.3333,.4375,.6842,.7404,.7481,.7668
131,"london_city_hall",1.0,1.0,1.0,1.0,.9,.84,.25,.4,.55,.6,.7,.7,.4,.5714,.7097,.75,.7875,.7636
132,"holocaust_memorial",.8,.9,.8,.7333,.75,.7,.1875,.25,.375,.5,.5625,.625,.3038,.3913,.5106,.5946,.6429,.6604
133,"columbus_circle",.8,.7,.6,.6,.575,.52,.16,.24,.28,.48,.56,.6,.2667,.3574,.3818,.5333,.5674,.5571
134,"siegessaeule",.8,.8,.75,.7,.7,.64,.16,.2,.32,.44,.52,.6,.2667,.32,.4486,.5404,.5967,.6194
135,"jardin_du_luxembourg",1.0,1.0,1.0,1.0,1.0,.9,.08,.16,.4,.6,.72,.76,.1481,.2759,.5714,.75,.8372,.8241
136,"merlion_singapore",.0,.0,.15,.2,.3,.36,.0,.0,.1364,.2727,.3636,.4091,.0,.0,.1429,.2308,.3288,.383
137,"harrods_london",1.0,1.0,1.0,.9667,.85,.78,.16,.32,.4,.64,.64,.68,.2759,.4848,.5714,.7701,.7302,.7266
138,"metropolitan_museum_of_art_new_york",1.0,.9,.9,.9333,.95,.96,.16,.28,.36,.48,.6,.68,.2759,.4271,.5143,.634,.7355,.7961
139,"new_york_stock_exchange",.8,.9,.95,.9,.775,.64,.2,.3,.4,.4,.45,.5,.32,.45,.563,.5538,.5694,.5614
140,"stephansdom_vienna",1.0,1.0,1.0,1.0,1.0,1.0,.16,.24,.44,.56,.64,.68,.2759,.3871,.6111,.7179,.7805,.8095
141,"hms_belfast",1.0,1.0,1.0,1.0,1.0,.98,.12,.2,.32,.48,.56,.68,.2143,.3333,.4848,.6486,.7179,.8029
142,"leicester_square",.8,.9,.8,.8333,.75,.72,.12,.16,.28,.44,.52,.52,.2087,.2717,.4148,.5759,.6142,.6039
143,"ciudad_de_las_artes_y_las_ciencias",1.0,1.0,.95,.9333,.95,.92,.2,.36,.52,.6,.68,.76,.3333,.5294,.6721,.7304,.7926,.8324
144,"topkapi_palace",1.0,.9,.9,.9333,.95,.94,.2,.36,.48,.6,.68,.76,.3333,.5143,.6261,.7304,.7926,.8405
145,"royal_albert_hall",.8,.8,.75,.7667,.725,.68,.16,.2,.28,.48,.52,.52,.2667,.32,.4078,.5904,.6056,.5893
146,"st_vitus_cathedral",.8,.9,.9,.9333,.95,.94,.16,.32,.44,.48,.52,.52,.2667,.4721,.591,.634,.6721,.6696
147,"castello_sforzesco",1.0,1.0,.85,.9,.925,.9,.12,.24,.32,.48,.48,.56,.2143,.3871,.465,.6261,.632,.6904
148,"rijksmuseum_amsterdam",1.0,1.0,1.0,1.0,1.0,1.0,.16,.16,.36,.52,.56,.64,.2759,.2759,.5294,.6842,.7179,.7805
149,"dam_square",.8,.5,.65,.7,.75,.68,.12,.16,.32,.44,.52,.52,.2087,.2424,.4289,.5404,.6142,.5893
150,"rathaus_vienna",1.0,.9,.7,.7333,.75,.72,.16,.24,.28,.4,.44,.56,.2759,.3789,.4,.5176,.5546,.63
151,"bath_abbey",1.0,1.0,1.0,1.0,.975,.98,.2,.32,.4,.6,.68,.72,.3333,.4848,.5714,.75,.8012,.8301
152,"salisbury_cathedral",1.0,1.0,1.0,.9667,.975,.98,.16,.24,.32,.36,.44,.56,.2759,.3871,.4848,.5246,.6064,.7127
153,"templo_de_debod",.2,.4,.4,.4333,.5,.5,.0455,.1818,.2273,.2727,.4091,.4091,.0741,.25,.2899,.3348,.45,.45
154,"Niagara_Falls",.6,.7,.65,.6333,.675,.64,.1364,.1818,.3182,.4091,.5,.5,.2222,.2887,.4272,.4971,.5745,.5614
155,"Golden_Gate_Bridge_in_San_Francisco",1.0,1.0,.95,.9333,.925,.94,.0909,.2727,.4091,.5909,.5909,.7273,.1667,.4286,.5719,.7237,.7211,.8201
156,"Neuschwanstein_Castle",1.0,1.0,.95,.9667,.975,.98,.16,.28,.4,.48,.64,.76,.2759,.4375,.563,.6415,.7728,.8561
157,"Christ_Church_Cathedral_Missouri",1.0,1.0,1.0,1.0,.975,.92,.16,.36,.44,.52,.56,.56,.2759,.5294,.6111,.6842,.7114,.6962
158,"Mount_Rushmore_in_South_Dakota",1.0,.9,.9,.9333,.925,.92,.12,.2,.32,.44,.52,.6,.2143,.3273,.4721,.5981,.6657,.7263
159,"Puerta_de_Toledo",.0,.0,.0,.0667,.05,.04,.0,.0,.0,1.0,1.0,1.0,.0,.0,.0,.125,.0952,.0769
160,"Urquhart_Castle",1.0,.8,.8,.8333,.825,.84,.125,.25,.4167,.5,.5417,.6667,.2222,.381,.5479,.625,.654,.7434
161,"Gare_du_Nord_Paris",.8,.9,.95,.9333,.85,.86,.12,.24,.36,.48,.52,.56,.2087,.3789,.5221,.634,.6453,.6783
162,"Newgrange_in_Ireland",.8,.9,.7,.6667,.7,.7,.1667,.25,.375,.4583,.4583,.5,.2759,.3913,.4884,.5432,.554,.5833
163,"Windmills_at_Kinderdijk",.8,.9,.95,.9667,.875,.84,.12,.24,.36,.4,.44,.56,.2087,.3789,.5221,.5659,.5856,.672
164,"Conciergerie",.8,.9,.95,.9333,.95,.96,.16,.2,.52,.64,.68,.72,.2667,.3273,.6721,.7593,.7926,.8229
165,"Palazzo_Madama",1.0,1.0,.85,.8333,.775,.7,.2273,.4545,.5455,.5909,.5909,.5909,.3704,.625,.6645,.6915,.6705,.6408
166,"Split_Rock_Lighthouse",1.0,.9,.85,.9,.825,.82,.2,.24,.4,.44,.48,.48,.3333,.3789,.544,.591,.6069,.6055
167,"The_Little_Mermaid_Denmark",1.0,1.0,.85,.7667,.65,.6,.2143,.5,.7857,.8571,.8571,.8571,.3529,.6667,.8166,.8094,.7393,.7059
168,"Great_Pyramid_of_Giza",.8,.6,.65,.6667,.625,.64,.2,.2,.4667,.5333,.6,.7333,.32,.3,.5433,.5926,.6122,.6835
169,"Pitti_Palace",.8,.7,.7,.6667,.65,.62,.1364,.2727,.4545,.5455,.5455,.5909,.233,.3925,.5512,.6,.5932,.6051
170,"Georgia_State_Capitol",.8,.8,.6,.5,.425,.38,.1579,.2632,.2632,.2632,.2632,.2632,.2637,.396,.3659,.3448,.325,.311
171,"Dome_des_Invalides",1.0,1.0,.95,.9667,.95,.94,.16,.28,.4,.56,.6,.64,.2759,.4375,.563,.7092,.7355,.7615
172,"Reggia_di_Caserta",.8,.7,.6,.6,.575,.52,.16,.24,.4,.48,.52,.6,.2667,.3574,.48,.5333,.5461,.5571
173,"The_Burj_al_Arab_Hotel",.6,.7,.8,.8333,.825,.78,.12,.24,.36,.52,.52,.6,.2,.3574,.4966,.6404,.6379,.6783
174,"Elephanta_Caves",1.0,1.0,1.0,.9667,.975,.98,.125,.25,.4583,.4583,.625,.6667,.2222,.4,.6286,.6218,.7617,.7935
175,"Basilica_of_Santa_Croce",1.0,1.0,1.0,1.0,1.0,1.0,.12,.2,.28,.36,.52,.68,.2143,.3333,.4375,.5294,.6842,.8095
176,"Aachen_Cathedral",1.0,1.0,.95,.9667,.95,.92,.2,.28,.4,.44,.6,.6,.3333,.4375,.563,.6047,.7355,.7263
177,"Monument_to_the_Great_Fire_of_London",.8,.6,.5,.5333,.55,.58,.16,.2,.28,.44,.52,.6,.2667,.3,.359,.4822,.5346,.5898
178,"Longmen_Grottoes",.6,.6,.6,.6667,.65,.66,.12,.2,.36,.56,.68,.76,.2,.3,.45,.6087,.6647,.7065
179,"Louisiana_State_Capitol",.4,.3,.25,.1667,.225,.28,.08,.12,.16,.16,.32,.44,.1333,.1714,.1951,.1633,.2642,.3422
180,"The_Great_Sphinx_at_Giza",1.0,1.0,.9,.8667,.9,.86,.16,.24,.32,.52,.64,.68,.2759,.3871,.4721,.65,.7481,.7595
181,"Teatro_Real_Madrid",1.0,1.0,.95,.8333,.775,.74,.1739,.3478,.4783,.6087,.7826,.7826,.2963,.5161,.6362,.7035,.7788,.7607
182,"Palacio_de_la_Magdalena",.6,.7,.8,.8667,.825,.84,.12,.24,.4,.44,.56,.68,.2,.3574,.5333,.5837,.6671,.7516
183,"Sowjetisches_Ehrenmal",.8,.7,.65,.6333,.625,.64,.12,.24,.36,.52,.6,.68,.2087,.3574,.4634,.5711,.6122,.6594
184,"Cathedral_of_Trier",1.0,.9,.95,.9333,.925,.9,.2,.36,.48,.68,.76,.84,.3333,.5143,.6378,.7868,.8344,.869
185,"Saint_Mary_of_the_Flower",.2,.3,.45,.4667,.45,.46,.04,.08,.24,.36,.36,.36,.0667,.1263,.313,.4065,.4,.4039
186,"Skellig_Michael",.8,.8,.7,.6333,.65,.66,.16,.28,.48,.52,.56,.56,.2667,.4148,.5695,.5711,.6017,.6059
187,"Chicago_Board_of_Trade_Building",1.0,1.0,.8,.7,.7,.72,.1818,.3182,.4091,.4545,.6364,.6364,.3077,.4828,.5414,.5512,.6667,.6756
188,"Pont_de_Normandie_France",.8,.8,.85,.9,.9,.92,.1579,.2632,.5789,.6842,.7895,.8947,.2637,.396,.6888,.7774,.8411,.9072
189,"Palazzo_Rosso",.0,.0,.05,.0667,.075,.08,.0,.0,.0417,.0833,.125,.1667,.0,.0,.0455,.0741,.0937,.1081
190,"Piazza_Vittorio_Veneto",.6,.7,.65,.6333,.475,.4,.1875,.3125,.375,.5625,.5625,.625,.2857,.4321,.4756,.5958,.5151,.4878
191,"Sforza_Castle",1.0,1.0,.95,.9667,.975,.96,.2,.24,.32,.6,.68,.68,.3333,.3871,.4787,.7404,.8012,.7961
192,"Torres_KIO",1.0,1.0,.9,.9333,.925,.94,.16,.24,.36,.44,.48,.56,.2759,.3871,.5143,.5981,.632,.7019
193,"Torre_Picasso",.8,.8,.75,.7667,.75,.76,.1667,.2917,.375,.4583,.625,.6667,.2759,.4275,.5,.5737,.6818,.7103
194,"The_Palace_of_Parliament_in_Bucharest",1.0,.9,.85,.9,.925,.92,.2,.28,.36,.4,.44,.48,.3333,.4271,.5058,.5538,.5963,.6309
195,"Ernest_Hemingway_House",.8,.8,.85,.7667,.825,.76,.16,.28,.44,.48,.72,.72,.2667,.4148,.5798,.5904,.7689,.7395
196,"Castel_dellOvo_Napoli",.8,.9,.85,.8667,.875,.9,.16,.24,.48,.56,.72,.76,.2667,.3789,.6135,.6804,.79,.8241
197,"Villa_Borghese_gardens",1.0,1.0,1.0,1.0,.975,.98,.16,.28,.52,.6,.76,.76,.2759,.4375,.6842,.75,.8542,.8561
198,"Saint_Marks_Basilica",1.0,1.0,1.0,1.0,.975,.98,.2,.32,.4,.44,.48,.52,.3333,.4848,.5714,.6111,.6433,.6795
199,"Mausoleum_of_the_First_Qin_Emperor",.8,.9,.9,.8333,.825,.84,.16,.36,.4,.52,.52,.6,.2667,.5143,.5538,.6404,.6379,.7
200,"Mausoleum_of_Hadrian",1.0,1.0,.85,.8333,.85,.86,.1667,.3889,.5,.5556,.7222,.7222,.2857,.56,.6296,.6667,.7809,.7851
201,"Piazza_de_Ferrari",1.0,1.0,1.0,.9667,.925,.92,.2105,.3158,.3684,.4211,.4737,.5263,.3478,.48,.5385,.5866,.6265,.6696
202,"George_Washington_Carver",.4,.6,.6,.7,.7,.68,.0625,.25,.4375,.5,.625,.6875,.1081,.3529,.506,.5833,.6604,.6837
203,"Cathedral_of_Santiago_de_Compostela",1.0,1.0,.95,.9,.875,.8,.1765,.3529,.5294,.6471,.7647,.8235,.3,.5217,.6799,.7529,.8161,.8116
204,"Saint-Jacques_Tower",.8,.8,.75,.7333,.7,.72,.1538,.3077,.3846,.4615,.4615,.5385,.2581,.4444,.5085,.5665,.5563,.6161
205,"Calakmul_Campeche_Mexico",1.0,1.0,.9,.8333,.8,.82,.2857,.5,.5714,.7143,.7143,.8571,.4444,.6667,.699,.7692,.7547,.8382
206,"Bran_Castle_in_Transylvania",.8,.9,.9,.9,.9,.86,.1579,.2632,.4737,.5789,.6842,.7368,.2637,.4072,.6207,.7046,.7774,.7937
207,"Mosteiro_da_Batalha",1.0,1.0,1.0,1.0,1.0,1.0,.2105,.3684,.4737,.5789,.6316,.6316,.3478,.5385,.6429,.7333,.7742,.7742
208,"Wartburg_Castle",1.0,1.0,.95,.9667,.95,.92,.2,.3,.55,.7,.75,.85,.3333,.4615,.6967,.812,.8382,.8836
209,"Fujian_Tulou_Fujian_China",1.0,1.0,1.0,1.0,1.0,1.0,.1667,.3333,.3889,.6111,.6667,.6667,.2857,.5,.56,.7586,.8,.8
210,"Alabama_State_Capitol",.8,.6,.6,.7,.7,.7,.1905,.2857,.4762,.6667,.8095,.8095,.3077,.3871,.531,.6829,.7508,.7508
211,"Palazzo_dAccursio",1.0,.9,.9,.8667,.875,.88,.1667,.3333,.3889,.4444,.5,.6111,.2857,.4865,.5431,.5876,.6364,.7213
212,"Casa_Grande_Ruins",1.0,.8,.75,.8333,.825,.84,.2353,.2941,.4706,.4706,.5294,.5882,.381,.4301,.5783,.6015,.645,.6919
213,"Stravinsky_Fountain",1.0,1.0,1.0,1.0,1.0,.96,.2,.3333,.4667,.5333,.6,.6,.3333,.5,.6364,.6957,.75,.7385
214,"Angel_Falls_Venezuela",.6,.6,.65,.6333,.6,.64,.1176,.1765,.2941,.5882,.7059,.7059,.1967,.2727,.405,.61,.6486,.6713
215,"Statue_of_George_IV",1.0,.8,.5,.4333,.35,.36,.375,.5,.5,.625,.625,.875,.5455,.6154,.5,.5118,.4487,.5101
216,"Palacio_Barolo",.8,.8,.9,.8667,.85,.88,.1765,.3529,.5882,.5882,.7059,.7647,.2892,.4898,.7115,.7008,.7713,.8183
217,"Bridge_of_Remembrance_Christchurch_New_Zealand",1.0,1.0,.9,.8667,.825,.78,.3333,.5,.75,1.0,1.0,1.0,.5,.6667,.8182,.9286,.9041,.8764
218,"John_A._Roebling_Suspension_Bridge",.0,.2,.4,.3667,.425,.4,.0,.1333,.4,.5333,.7333,.7333,.0,.16,.4,.4346,.5381,.5176
219,"Blue_Dome_Santorini",.8,.7,.8,.8333,.875,.9,.25,.4375,.5625,.625,.75,.8125,.381,.5385,.6606,.7143,.8077,.854
220,"Fossar_de_les_Moreres",.8,.9,.7,.6333,.6,.5,.2143,.3571,.5714,.5714,.7857,.7857,.338,.5114,.6292,.6008,.6804,.6111
221,"Luxor_Obelisk_France",.8,.8,.85,.9,.875,.9,.25,.4375,.4375,.5,.5,.5625,.381,.5657,.5777,.6429,.6364,.6923
222,"Valle_de_los_Caidos",1.0,1.0,1.0,.9667,.95,.94,.2,.25,.5,.5,.55,.75,.3333,.4,.6667,.6591,.6967,.8343
--------------------
"--","Avg.",P@5,P@10,P@20,P@30,P@40,P@50,CR@5,CR@10,CR@20,CR@30,CR@40,CR@50,F1@5,F1@10,F1@20,F1@30,F1@40,F1@50
,.,8189,.8162,.7948,.7859,.775,.7657,.1508,.2552,.3912,.4966,.5726,.635,.252,.3826,.5153,.5947,.6435,.679
