--------------------
"Run name","output_runSCHDtrs"
--------------------
"Average P@20 = ",.7806
"Average CR@20 = ",.4204
"Average F1@20 = ",.536
--------------------
"Query Id ","Location name",P@5,P@10,P@20,P@30,P@40,P@50,CR@5,CR@10,CR@20,CR@30,CR@40,CR@50,F1@5,F1@10,F1@20,F1@30,F1@40,F1@50
1,"angel_of_the_north",1.0,1.0,1.0,.9667,.975,.98,.16,.32,.44,.56,.68,.72,.2759,.4848,.6111,.7092,.8012,.8301
2,"big_ben",1.0,.9,.75,.7,.775,.78,.2273,.2727,.3636,.5,.5909,.5909,.3704,.4186,.4898,.5833,.6705,.6724
3,"hearst_castle",.8,.9,.9,.9333,.9,.92,.1667,.3333,.5833,.6667,.75,.75,.2759,.4865,.7079,.7778,.8182,.8263
4,"la_madeleine",.4,.4,.4,.3667,.3,.32,.1429,.2857,.5,.5,.5714,.6429,.2105,.3333,.4444,.4231,.3934,.4273
5,"pont_alexandre_iii",1.0,.9,.95,.9667,.975,.98,.2,.28,.4,.52,.56,.72,.3333,.4271,.563,.6762,.7114,.8301
6,"neues_museum",.2,.3,.55,.5333,.575,.64,.04,.12,.36,.48,.6,.64,.0667,.1714,.4352,.5053,.5872,.64
7,"montezuma_castle",.4,.5,.55,.5333,.575,.58,.1667,.3333,.5,.5833,.75,.8333,.2353,.4,.5238,.5572,.6509,.684
8,"cn_tower",.2,.6,.55,.5667,.625,.62,.0417,.2083,.375,.4583,.625,.6667,.069,.3093,.4459,.5068,.625,.6425
9,"acropolis_athens",1.0,1.0,.95,.9333,.85,.84,.2381,.3333,.4762,.5238,.5238,.6667,.3846,.5,.6344,.671,.6482,.7434
10,"agra_fort",1.0,1.0,.85,.9,.85,.86,.16,.28,.48,.6,.64,.76,.2759,.4375,.6135,.72,.7302,.8069
11,"albert_memorial",.8,.9,.9,.8667,.825,.82,.0909,.1818,.3182,.5,.6818,.6818,.1633,.3025,.4701,.6341,.7466,.7446
12,"altes_museum",.8,.6,.7,.7333,.775,.64,.125,.2083,.4583,.625,.7083,.7083,.2162,.3093,.554,.6748,.7402,.6724
13,"amiens_cathedral",1.0,.9,.95,.9667,.975,.98,.16,.28,.52,.68,.8,.8,.2759,.4271,.6721,.7984,.8789,.8809
14,"angkor_wat",.8,.8,.8,.8333,.85,.88,.12,.24,.48,.68,.76,.76,.2087,.3692,.6,.7489,.8025,.8156
15,"ara_pacis",.8,.9,.85,.8,.7,.7,.1364,.3182,.4545,.5909,.6364,.7727,.233,.4701,.5923,.6797,.6667,.7346
16,"arc_de_triomphe",1.0,.9,.85,.8333,.8,.78,.2083,.3333,.5417,.625,.7083,.7083,.3448,.4865,.6617,.7143,.7514,.7424
17,"aztec_ruins",.0,.0,.1,.2,.2,.3,.0,.0,.08,.2,.2,.36,.0,.0,.0889,.2,.2,.3273
18,"berlin_cathedral",1.0,1.0,.95,.9667,.95,.94,.2,.36,.52,.6,.64,.68,.3333,.5294,.6721,.7404,.7648,.7891
19,"bok_tower_gardens",.8,.9,.9,.9333,.9,.9,.16,.32,.44,.6,.64,.72,.2667,.4721,.591,.7304,.7481,.8
20,"brandenburg_gate",1.0,1.0,1.0,.9667,.95,.94,.2,.32,.44,.56,.68,.72,.3333,.4848,.6111,.7092,.7926,.8154
21,"cabrillo",.2,.2,.15,.1333,.15,.14,.0769,.1538,.2308,.3077,.4615,.5385,.1111,.1739,.1818,.186,.2264,.2222
22,"casa_batllo",1.0,1.0,1.0,1.0,1.0,1.0,.08,.28,.48,.68,.72,.84,.1481,.4375,.6486,.8095,.8372,.913
23,"casa_rosada",1.0,1.0,1.0,1.0,.95,.96,.16,.32,.48,.56,.68,.76,.2759,.4848,.6486,.7179,.7926,.8484
24,"castillo_de_san_marcos",.8,.7,.8,.7667,.75,.78,.16,.24,.4,.48,.52,.56,.2667,.3574,.5333,.5904,.6142,.6519
25,"chartres_cathedral",1.0,.9,.9,.9333,.9,.92,.2,.36,.52,.68,.68,.72,.3333,.5143,.6592,.7868,.7747,.8078
26,"chichen_itza",.8,.8,.8,.8333,.775,.8,.16,.28,.44,.6,.72,.76,.2667,.4148,.5677,.6977,.7465,.7795
27,"christ_the_redeemer_rio",.6,.7,.75,.6,.625,.58,.1304,.2174,.3913,.3913,.5652,.6087,.2143,.3318,.5143,.4737,.5936,.594
28,"civic_center_san_francisco",.6,.8,.65,.5667,.525,.54,.12,.28,.4,.44,.48,.52,.2,.4148,.4952,.4954,.5015,.5298
29,"cologne_cathedral",.8,.9,.95,.9667,.975,.98,.16,.36,.48,.64,.68,.76,.2667,.5143,.6378,.7701,.8012,.8561
30,"colosseum",1.0,.8,.9,.9333,.9,.92,.16,.24,.44,.52,.52,.56,.2759,.3692,.591,.6679,.6592,.6962
31,"doge_s_palace",1.0,1.0,.95,.9,.85,.88,.16,.28,.44,.48,.52,.52,.2759,.4375,.6014,.6261,.6453,.6537
32,"eiffel_tower",.8,.9,.95,.9333,.9,.92,.08,.24,.4,.56,.64,.64,.1455,.3789,.563,.7,.7481,.7549
33,"golden_gate_bridge",.8,.9,.95,.8667,.875,.88,.1739,.3043,.4783,.5217,.6087,.6522,.2857,.4549,.6362,.6514,.7179,.7491
34,"grand_palais",1.0,1.0,.95,.9333,.925,.94,.1818,.3182,.4091,.4545,.6364,.7273,.3077,.4828,.5719,.6114,.754,.8201
35,"guggenheim_museum_bilbao",1.0,1.0,.95,.9667,.95,.94,.16,.24,.48,.6,.6,.68,.2759,.3871,.6378,.7404,.7355,.7891
36,"hagia_sophia_istanbul",1.0,1.0,1.0,.9667,.975,.98,.16,.2,.4,.52,.56,.64,.2759,.3333,.5714,.6762,.7114,.7743
37,"hoover_dam",1.0,.9,.95,.9,.875,.88,.16,.2,.44,.56,.76,.8,.2759,.3273,.6014,.6904,.8135,.8381
38,"humayun_tomb",.8,.8,.8,.7667,.775,.78,.12,.24,.4,.52,.68,.72,.2087,.3692,.5333,.6197,.7244,.7488
39,"iguazu_falls",.6,.7,.8,.8333,.825,.86,.12,.2,.48,.56,.72,.8,.2,.3111,.6,.6699,.7689,.8289
40,"iolani_palace",1.0,.9,.75,.7,.725,.76,.16,.28,.44,.52,.68,.68,.2759,.4271,.5546,.5967,.7018,.7178
41,"la_mezquita",1.0,.9,.75,.6333,.625,.58,.2083,.3333,.4583,.5,.5833,.6667,.3448,.4865,.569,.5588,.6034,.6203
42,"la_rambla_barcelona",.8,.9,.95,.9,.925,.94,.08,.16,.32,.48,.56,.56,.1455,.2717,.4787,.6261,.6976,.7019
43,"la_sainte_chapelle",1.0,1.0,1.0,.9667,.925,.92,.2,.36,.56,.64,.68,.68,.3333,.5294,.7179,.7701,.7838,.782
44,"liberty_memorial",1.0,1.0,.7,.6333,.675,.68,.12,.28,.4,.44,.52,.6,.2143,.4375,.5091,.5193,.5874,.6375
45,"lincoln_home",1.0,1.0,.9,.7667,.775,.76,.2778,.4444,.6111,.6111,.7222,.7778,.4348,.6154,.7279,.6801,.7477,.7688
46,"machu_picchu",.6,.7,.75,.7333,.775,.78,.12,.24,.4,.52,.6,.76,.2,.3574,.5217,.6085,.6764,.7699
47,"marble_arch_london",.6,.7,.6,.4,.4,.36,.25,.4167,.6667,.6667,.8333,.8333,.3529,.5224,.6316,.5,.5405,.5028
48,"milan_cathedral",1.0,.9,.9,.9,.875,.88,.16,.24,.44,.48,.6,.68,.2759,.3789,.591,.6261,.7119,.7672
49,"mole_antonelliana",.6,.7,.75,.7667,.775,.8,.08,.2,.32,.4,.56,.68,.1412,.3111,.4486,.5257,.6502,.7351
50,"mont_saint_michel",1.0,1.0,1.0,.9333,.925,.9,.2,.36,.56,.64,.76,.8,.3333,.5294,.7179,.7593,.8344,.8471
51,"moulin_rouge",.0,.0,.05,.0667,.05,.04,.0,.0,.125,.25,.25,.25,.0,.0,.0714,.1053,.0833,.069
52,"nelson_s_column",1.0,1.0,.95,.9,.9,.92,.1667,.2917,.4583,.5833,.625,.7917,.2857,.4516,.6183,.7079,.7377,.851
53,"notre_dame_de_paris",1.0,1.0,1.0,.9667,.95,.92,.2,.36,.48,.52,.6,.6,.3333,.5294,.6486,.6762,.7355,.7263
54,"obelisco",.2,.3,.25,.2,.225,.22,.0909,.2727,.4545,.4545,.4545,.5455,.125,.2857,.3226,.2778,.301,.3135
55,"piccadilly_circus",1.0,.9,.8,.8,.825,.8,.1739,.2609,.3913,.5217,.6087,.6957,.2963,.4045,.5255,.6316,.7005,.7442
56,"place_de_la_concorde",1.0,1.0,.95,.9333,.95,.96,.16,.24,.4,.52,.6,.64,.2759,.3871,.563,.6679,.7355,.768
57,"place_de_la_republique",.8,.4,.3,.2,.15,.12,.5,.5,.625,.625,.625,.625,.6154,.4444,.4054,.303,.2419,.2013
58,"place_des_vosges",1.0,.9,.85,.8333,.825,.8,.12,.2,.4,.52,.64,.72,.2143,.3273,.544,.6404,.7208,.7579
59,"pont_du_gard",.6,.6,.65,.7333,.75,.76,.12,.24,.32,.48,.52,.6,.2,.3429,.4289,.5802,.6142,.6706
60,"pont_neuf",.8,.9,.8,.7333,.725,.7,.08,.24,.44,.48,.56,.68,.1455,.3789,.5677,.5802,.6319,.6899
61,"ponte_vecchio",.8,.7,.75,.7667,.775,.78,.125,.2083,.4167,.5,.7083,.75,.2162,.3211,.5357,.6053,.7402,.7647
62,"puerta_de_alcala",.8,.7,.6,.5333,.55,.58,.1579,.2105,.3684,.4737,.5263,.5789,.2637,.3237,.4565,.5017,.5379,.5795
63,"puerta_del_sol",.6,.7,.45,.4,.475,.48,.1,.2,.3,.35,.55,.6,.1714,.3111,.36,.3733,.5098,.5333
64,"red_fort",1.0,1.0,1.0,1.0,1.0,.98,.2,.32,.48,.52,.68,.8,.3333,.4848,.6486,.6842,.8095,.8809
65,"reims_cathedral",1.0,.9,.9,.9,.925,.94,.16,.32,.56,.6,.72,.72,.2759,.4721,.6904,.72,.8097,.8154
66,"rialto_bridge",.8,.6,.55,.6,.575,.56,.1875,.25,.375,.5625,.5625,.625,.3038,.3529,.4459,.5806,.5687,.5907
67,"roman_forum_rome",.6,.6,.7,.7333,.725,.7,.12,.2,.4,.52,.64,.68,.2,.3,.5091,.6085,.6799,.6899
68,"sacre_coeur",.4,.5,.65,.6333,.675,.66,.0833,.2083,.3333,.5,.5417,.5833,.1379,.2941,.4407,.5588,.601,.6193
69,"sagrada_familia",1.0,.8,.9,.9333,.925,.94,.12,.24,.44,.52,.56,.64,.2143,.3692,.591,.6679,.6976,.7615
70,"santa_maria_novella",.6,.6,.55,.5,.5,.44,.12,.24,.32,.4,.56,.6,.2,.3429,.4046,.4444,.5283,.5077
71,"schonbrunn_palace",1.0,1.0,.9,.9,.9,.92,.2,.28,.44,.48,.52,.64,.3333,.4375,.591,.6261,.6592,.7549
72,"seville_cathedral",1.0,.9,.8,.8667,.875,.9,.2,.32,.44,.64,.64,.68,.3333,.4721,.5677,.7363,.7393,.7747
73,"spanish_steps",.8,.6,.75,.7667,.7,.72,.1818,.2273,.4091,.5,.5455,.5909,.2963,.3297,.5294,.6053,.6131,.6491
74,"st__basil_cathedral",1.0,.9,.9,.9333,.9,.9,.2,.32,.56,.64,.68,.76,.3333,.4721,.6904,.7593,.7747,.8241
75,"statue_of_liberty",.8,.9,.75,.7,.775,.8,.08,.24,.4,.44,.6,.68,.1455,.3789,.5217,.5404,.6764,.7351
76,"stonehenge",.8,.6,.65,.5667,.6,.56,.1053,.1579,.3684,.4737,.5263,.5789,.186,.25,.4703,.516,.5607,.5693
77,"summer_palace_beijing",1.0,1.0,.95,.9,.925,.9,.16,.32,.44,.52,.64,.64,.2759,.4848,.6014,.6592,.7565,.7481
78,"sydney_opera_house",1.0,.9,.9,.8667,.875,.9,.2,.36,.56,.56,.56,.64,.3333,.5143,.6904,.6804,.6829,.7481
79,"teotihuacan",.8,.7,.8,.6667,.675,.68,.16,.2,.44,.56,.6,.72,.2667,.3111,.5677,.6087,.6353,.6994
80,"terracotta_army",1.0,.6,.65,.7,.675,.66,.25,.3,.5,.5,.6,.7,.4,.4,.5652,.5833,.6353,.6794
81,"the_blue_mosque",.6,.8,.9,.9333,.925,.94,.12,.28,.4,.44,.52,.6,.2,.4148,.5538,.5981,.6657,.7325
82,"the_henry_ford",1.0,.8,.65,.7333,.7,.62,.2,.32,.44,.56,.6,.64,.3333,.4571,.5248,.6351,.6462,.6298
83,"taj_mahal",.8,.9,.9,.9,.925,.84,.16,.32,.4,.56,.72,.72,.2667,.4721,.5538,.6904,.8097,.7754
84,"tour_montparnasse",.8,.6,.45,.4667,.425,.46,.15,.2,.3,.4,.5,.6,.2526,.3,.36,.4308,.4595,.5208
85,"tower_bridge_london",1.0,.8,.75,.6333,.65,.58,.16,.28,.4,.48,.56,.56,.2759,.4148,.5217,.5461,.6017,.5698
86,"trafalgar_square",1.0,.7,.6,.5333,.5,.56,.1364,.2273,.3182,.3182,.3636,.4091,.24,.3431,.4158,.3986,.4211,.4728
87,"leaning_tower_of_pisa",.6,.3,.45,.6333,.575,.66,.12,.12,.32,.48,.48,.56,.2,.1714,.374,.5461,.5232,.6059
88,"hermitage_museum_saint_petersburg",.8,.8,.8,.8,.775,.8,.16,.2,.36,.52,.6,.64,.2667,.32,.4966,.6303,.6764,.7111
89,"jantar_mantar_jaipur",.6,.7,.75,.8,.825,.82,.08,.24,.56,.68,.76,.76,.1412,.3574,.6412,.7351,.7912,.7889
90,"lake_titicaca_peru",.6,.7,.65,.5667,.575,.52,.0833,.2083,.375,.4167,.5417,.625,.1463,.3211,.4756,.4802,.5578,.5677
91,"the_great_wall_of_china",1.0,1.0,.8,.7667,.775,.74,.2,.32,.4,.4,.52,.64,.3333,.4848,.5333,.5257,.6224,.6864
92,"grande_arche_paris",1.0,.8,.7,.7667,.7,.62,.2,.24,.32,.44,.44,.48,.3333,.3692,.4392,.5591,.5404,.5411
93,"el_angel_mexico",1.0,1.0,.7,.6,.575,.58,.1429,.3333,.4286,.5238,.7143,.8571,.25,.5,.5316,.5593,.6371,.6918
94,"bibliotheque_nationale_de_france",1.0,.9,.8,.7,.725,.74,.2,.28,.4,.44,.52,.64,.3333,.4271,.5333,.5404,.6056,.6864
95,"kronborg_castle",.6,.6,.7,.7333,.75,.8,.125,.2083,.4167,.4583,.5417,.5833,.2069,.3093,.5224,.5641,.629,.6747
96,"ajanta_caves",1.0,.9,.9,.9,.9,.9,.2273,.3636,.5455,.6364,.6364,.6364,.3704,.518,.6792,.7456,.7456,.7456
97,"atomium",.8,.7,.85,.8667,.875,.84,.1905,.2381,.4286,.4286,.5238,.619,.3077,.3553,.5698,.5735,.6553,.7128
98,"ellora_caves",1.0,1.0,1.0,.9667,.975,.96,.1364,.2273,.5,.5909,.5909,.6364,.24,.3704,.6667,.7335,.7358,.7654
99,"potala_palace",.8,.9,.8,.8333,.8,.82,.2222,.3333,.3889,.6111,.6111,.6667,.3478,.4865,.5234,.7051,.6929,.7354
100,"jokhang",.6,.7,.85,.7333,.725,.7,.08,.2,.48,.6,.76,.76,.1412,.3111,.6135,.66,.7421,.7288
101,"rila_monastery",1.0,1.0,.75,.8,.775,.82,.16,.24,.32,.32,.36,.4,.2759,.3871,.4486,.4571,.4916,.5377
102,"louvre_pyramid",.8,.9,.85,.9,.85,.86,.1111,.2222,.5,.6667,.6667,.6667,.1951,.3564,.6296,.766,.7473,.7511
103,"brooklyn_bridge",1.0,1.0,.9,.8667,.85,.82,.1429,.2381,.381,.4762,.5238,.5714,.25,.3846,.5353,.6147,.6482,.6735
104,"tower_of_london",1.0,.8,.7,.7667,.775,.74,.087,.1304,.2609,.4783,.5217,.5652,.16,.2243,.3801,.5891,.6236,.6409
105,"british_museum_london",1.0,1.0,1.0,1.0,.975,.96,.15,.3,.4,.55,.65,.7,.2609,.4615,.5714,.7097,.78,.8096
106,"buckingham_palace",.4,.4,.45,.5333,.525,.54,.1,.15,.2,.3,.3,.4,.16,.2182,.2769,.384,.3818,.4596
107,"charles_bridge_prague",.8,.6,.65,.6,.6,.58,.125,.1667,.375,.375,.375,.5417,.2162,.2609,.4756,.4615,.4615,.5602
108,"champs_elysees_paris",.8,.7,.6,.4667,.4,.46,.2,.3333,.4,.4,.4667,.5333,.32,.4516,.48,.4308,.4308,.494
109,"chrysler_building",1.0,1.0,1.0,.9667,.975,.94,.1429,.5,.7143,.7857,.7857,.7857,.25,.6667,.8333,.8668,.8702,.856
110,"moma_new_york",.6,.8,.85,.8667,.875,.9,.1053,.1579,.4211,.5263,.6316,.7368,.1791,.2637,.5631,.6549,.7336,.8103
111,"grand_central_terminal",1.0,1.0,1.0,1.0,.925,.94,.1429,.1905,.3333,.5238,.619,.619,.25,.32,.5,.6875,.7417,.7465
112,"houses_of_parliament",1.0,.9,.9,.9333,.95,.92,.2174,.3043,.4348,.5652,.6087,.6087,.3571,.4549,.5863,.7041,.742,.7327
113,"alexanderplatz_berlin",.0,.4,.5,.5667,.575,.62,.0,.16,.28,.4,.44,.48,.0,.2286,.359,.469,.4985,.5411
114,"centre_pompidou",.4,.6,.65,.6,.65,.68,.1111,.2778,.5,.5,.6111,.6667,.1739,.3797,.5652,.5455,.63,.6733
115,"sydney_harbour_bridge",1.0,1.0,.95,.9667,.975,.98,.25,.3125,.5,.6875,.8125,.875,.4,.4762,.6552,.8035,.8864,.9245
116,"pier_39",.8,.9,.9,.8333,.85,.86,.1905,.2857,.4762,.5238,.619,.7143,.3077,.4337,.6228,.6433,.7164,.7804
117,"coit_tower",.8,.8,.7,.7667,.725,.7,.2,.3333,.4,.4667,.5333,.5333,.32,.4706,.5091,.5802,.6146,.6054
118,"st_paul_s_cathedral_london",1.0,1.0,.8,.8,.85,.72,.2353,.4118,.5294,.5882,.6471,.6471,.381,.5833,.6372,.678,.7348,.6816
119,"cloud_gate",.4,.6,.6,.6333,.65,.64,.1667,.25,.3333,.5,.5,.5,.2353,.3529,.4286,.5588,.5652,.5614
120,"musee_d_orsay",1.0,1.0,.95,.9333,.9,.92,.1905,.2857,.381,.4762,.5714,.6667,.32,.4444,.5438,.6306,.699,.7731
121,"pike_place_market",1.0,.8,.75,.7667,.825,.84,.1429,.2381,.381,.4286,.5714,.619,.25,.367,.5053,.5498,.6752,.7128
122,"royal_palace_madrid",1.0,1.0,.95,.8667,.875,.86,.1364,.3182,.4545,.5909,.6364,.7273,.24,.4828,.6149,.7027,.7368,.7881
123,"sony_center_berlin",1.0,.9,.85,.9,.925,.9,.1429,.2857,.3333,.4762,.5238,.5714,.25,.4337,.4789,.6228,.6689,.699
124,"red_square_moscow",.8,.9,.8,.7,.675,.7,.1905,.2381,.381,.4286,.5238,.6667,.3077,.3766,.5161,.5316,.5899,.6829
125,"prague_castle",1.0,.9,.85,.8333,.8,.82,.12,.28,.44,.44,.6,.64,.2143,.4271,.5798,.5759,.6857,.7189
126,"musee_du_louvre",1.0,1.0,1.0,.9667,.975,.98,.12,.32,.56,.64,.68,.76,.2143,.4848,.7179,.7701,.8012,.8561
127,"millennium_bridge_london",.8,.8,.8,.7667,.75,.78,.16,.24,.4,.48,.56,.56,.2667,.3692,.5333,.5904,.6412,.6519
128,"casa_mila",1.0,1.0,1.0,1.0,.975,.94,.2,.32,.4,.52,.52,.6,.3333,.4848,.5714,.6842,.6783,.7325
129,"national_gallery_london",.8,.9,.85,.7667,.7,.68,.1818,.3636,.4545,.5455,.6364,.6364,.2963,.518,.5923,.6374,.6667,.6575
130,"national_mall",.8,.9,.85,.7667,.775,.74,.12,.24,.48,.56,.6,.76,.2087,.3789,.6135,.6472,.6764,.7499
131,"london_city_hall",1.0,.8,.65,.6,.675,.64,.2,.25,.4,.5,.55,.6,.3333,.381,.4952,.5455,.6061,.6194
132,"holocaust_memorial",.6,.5,.5,.5333,.525,.54,.125,.1875,.4375,.5625,.625,.625,.2069,.2727,.4667,.5475,.5707,.5794
133,"columbus_circle",.6,.7,.6,.5667,.5,.56,.12,.2,.28,.44,.52,.68,.2,.3111,.3818,.4954,.5098,.6142
134,"siegessaeule",.8,.8,.75,.7,.675,.7,.12,.2,.44,.48,.6,.72,.2087,.32,.5546,.5695,.6353,.7099
135,"jardin_du_luxembourg",1.0,1.0,1.0,1.0,1.0,.98,.16,.32,.48,.6,.72,.84,.2759,.4848,.6486,.75,.8372,.9046
136,"merlion_singapore",.0,.1,.35,.3333,.425,.42,.0,.0455,.2273,.2727,.4091,.4091,.0,.0625,.2756,.3,.4169,.4145
137,"harrods_london",1.0,.9,.9,.8667,.825,.8,.16,.28,.4,.52,.6,.72,.2759,.4271,.5538,.65,.6947,.7579
138,"metropolitan_museum_of_art_new_york",1.0,1.0,1.0,1.0,.975,.98,.12,.24,.44,.6,.64,.72,.2143,.3871,.6111,.75,.7728,.8301
139,"new_york_stock_exchange",.8,.7,.75,.7333,.675,.62,.2,.3,.5,.5,.55,.65,.32,.42,.6,.5946,.6061,.6346
140,"stephansdom_vienna",1.0,1.0,1.0,.9667,.975,.94,.16,.28,.48,.56,.64,.68,.2759,.4375,.6486,.7092,.7728,.7891
141,"hms_belfast",1.0,1.0,1.0,1.0,1.0,.98,.12,.24,.32,.56,.64,.72,.2143,.3871,.4848,.7179,.7805,.8301
142,"leicester_square",1.0,.9,.95,.8667,.825,.82,.2,.28,.48,.6,.6,.6,.3333,.4271,.6378,.7091,.6947,.693
143,"ciudad_de_las_artes_y_las_ciencias",.8,.9,.95,.9667,.975,.96,.12,.24,.44,.52,.6,.68,.2087,.3789,.6014,.6762,.7429,.7961
144,"topkapi_palace",1.0,1.0,.9,.9333,.95,.92,.2,.32,.36,.6,.64,.68,.3333,.4848,.5143,.7304,.7648,.782
145,"royal_albert_hall",.6,.8,.8,.7333,.65,.68,.12,.24,.36,.36,.44,.48,.2,.3692,.4966,.4829,.5248,.5628
146,"st_vitus_cathedral",.8,.8,.9,.9,.925,.92,.16,.24,.4,.52,.6,.68,.2667,.3692,.5538,.6592,.7279,.782
147,"castello_sforzesco",1.0,.9,.95,.9333,.925,.94,.12,.2,.4,.44,.6,.68,.2143,.3273,.563,.5981,.7279,.7891
148,"rijksmuseum_amsterdam",1.0,1.0,1.0,1.0,.975,.98,.16,.24,.44,.6,.68,.68,.2759,.3871,.6111,.75,.8012,.8029
149,"dam_square",.6,.7,.65,.6333,.65,.66,.12,.2,.32,.44,.52,.56,.2,.3111,.4289,.5193,.5778,.6059
150,"rathaus_vienna",1.0,1.0,.9,.8,.725,.76,.12,.2,.24,.32,.4,.44,.2143,.3333,.3789,.4571,.5156,.5573
151,"bath_abbey",1.0,1.0,.95,.9667,.95,.94,.16,.32,.52,.64,.72,.76,.2759,.4848,.6721,.7701,.8192,.8405
152,"salisbury_cathedral",1.0,1.0,1.0,1.0,1.0,.98,.12,.28,.4,.44,.48,.6,.2143,.4375,.5714,.6111,.6486,.7443
153,"templo_de_debod",.4,.4,.3,.3,.3,.36,.0909,.1364,.1818,.2727,.3636,.4545,.1481,.2034,.2264,.2857,.3288,.4018
154,"Niagara_Falls",.2,.4,.4,.5667,.6,.6,.0455,.1818,.1818,.4545,.5,.5455,.0741,.25,.25,.5045,.5455,.5714
155,"Golden_Gate_Bridge_in_San_Francisco",.8,.9,.9,.9,.925,.92,.1364,.2273,.5,.5909,.6818,.8182,.233,.3629,.6429,.7134,.785,.8661
156,"Neuschwanstein_Castle",1.0,1.0,1.0,.9667,.95,.96,.16,.28,.52,.6,.64,.68,.2759,.4375,.6842,.7404,.7648,.7961
157,"Christ_Church_Cathedral_Missouri",1.0,1.0,.9,.8667,.9,.86,.16,.32,.52,.56,.68,.72,.2759,.4848,.6592,.6804,.7747,.7838
158,"Mount_Rushmore_in_South_Dakota",.8,.9,.95,.9333,.925,.86,.16,.24,.44,.48,.68,.72,.2667,.3789,.6014,.634,.7838,.7838
159,"Puerta_de_Toledo",.2,.1,.15,.1,.075,.06,.5,.5,1.0,1.0,1.0,1.0,.2857,.1667,.2609,.1818,.1395,.1132
160,"Urquhart_Castle",1.0,1.0,.95,.9,.9,.88,.1667,.3333,.4167,.5,.5833,.625,.2857,.5,.5793,.6429,.7079,.7309
161,"Gare_du_Nord_Paris",1.0,.9,.9,.8,.8,.76,.16,.32,.44,.48,.52,.56,.2759,.4721,.591,.6,.6303,.6448
162,"Newgrange_in_Ireland",.8,.8,.75,.6667,.7,.72,.1667,.25,.4167,.4583,.4583,.5,.2759,.381,.5357,.5432,.554,.5902
163,"Windmills_at_Kinderdijk",.8,.9,.9,.8667,.85,.84,.16,.2,.36,.44,.56,.64,.2667,.3273,.5143,.5837,.6752,.7265
164,"Conciergerie",1.0,1.0,1.0,.9667,.975,.98,.16,.32,.52,.68,.68,.72,.2759,.4848,.6842,.7984,.8012,.8301
165,"Palazzo_Madama",1.0,.9,.65,.6333,.625,.62,.1818,.3636,.5455,.6818,.6818,.7727,.3077,.518,.5932,.6567,.6522,.688
166,"Split_Rock_Lighthouse",.6,.7,.7,.7333,.775,.78,.12,.24,.28,.36,.44,.48,.2,.3574,.4,.4829,.5613,.5943
167,"The_Little_Mermaid_Denmark",1.0,.8,.8,.6667,.65,.6,.1429,.2857,.5714,.5714,.6429,.7857,.25,.4211,.6667,.6154,.6464,.6804
168,"Great_Pyramid_of_Giza",.4,.5,.45,.5,.55,.56,.1333,.3333,.3333,.4667,.6667,.7333,.2,.4,.383,.4828,.6027,.6351
169,"Pitti_Palace",.6,.6,.5,.5,.625,.66,.1364,.2727,.3182,.3182,.4091,.4545,.2222,.375,.3889,.3889,.4945,.5383
170,"Georgia_State_Capitol",.8,.5,.35,.3333,.3,.28,.1053,.1053,.2105,.2632,.2632,.2632,.186,.1739,.2629,.2941,.2804,.2713
171,"Dome_des_Invalides",1.0,1.0,1.0,1.0,1.0,1.0,.2,.28,.36,.4,.6,.6,.3333,.4375,.5294,.5714,.75,.75
172,"Reggia_di_Caserta",.6,.6,.65,.7,.7,.72,.12,.24,.44,.52,.6,.72,.2,.3429,.5248,.5967,.6462,.72
173,"The_Burj_al_Arab_Hotel",.6,.8,.9,.8333,.825,.8,.12,.24,.36,.48,.56,.64,.2,.3692,.5143,.6091,.6671,.7111
174,"Elephanta_Caves",1.0,.9,.95,.8667,.825,.8,.2083,.2917,.4583,.5833,.6667,.6667,.3448,.4406,.6183,.6973,.7374,.7273
175,"Basilica_of_Santa_Croce",1.0,1.0,1.0,1.0,1.0,1.0,.16,.16,.4,.52,.6,.72,.2759,.2759,.5714,.6842,.75,.8372
176,"Aachen_Cathedral",1.0,1.0,.85,.8667,.9,.9,.2,.24,.32,.48,.6,.6,.3333,.3871,.465,.6178,.72,.72
177,"Monument_to_the_Great_Fire_of_London",.4,.4,.55,.5667,.55,.56,.08,.16,.32,.44,.52,.68,.1333,.2286,.4046,.4954,.5346,.6142
178,"Longmen_Grottoes",.6,.8,.65,.5,.525,.52,.12,.24,.36,.44,.52,.52,.2,.3692,.4634,.4681,.5225,.52
179,"Louisiana_State_Capitol",.2,.2,.35,.4,.425,.42,.04,.08,.28,.48,.56,.6,.0667,.1143,.3111,.4364,.4832,.4941
180,"The_Great_Sphinx_at_Giza",.8,.9,.9,.8667,.85,.8,.16,.24,.32,.44,.6,.68,.2667,.3789,.4721,.5837,.7034,.7351
181,"Teatro_Real_Madrid",1.0,.9,.85,.8333,.75,.7,.1739,.2609,.4783,.6087,.6957,.7391,.2963,.4045,.6121,.7035,.7218,.719
182,"Palacio_de_la_Magdalena",.8,.7,.75,.7333,.75,.72,.16,.24,.36,.4,.56,.6,.2667,.3574,.4865,.5176,.6412,.6545
183,"Sowjetisches_Ehrenmal",.8,.5,.55,.5333,.575,.5,.16,.2,.28,.36,.44,.48,.2667,.2857,.3711,.4299,.4985,.4898
184,"Cathedral_of_Trier",1.0,.9,.8,.8,.8,.8,.2,.32,.48,.6,.64,.68,.3333,.4721,.6,.6857,.7111,.7351
185,"Saint_Mary_of_the_Flower",.0,.1,.15,.3333,.425,.44,.0,.04,.08,.32,.44,.48,.0,.0571,.1043,.3265,.4324,.4591
186,"Skellig_Michael",.8,.7,.7,.7333,.65,.68,.16,.28,.48,.56,.56,.68,.2667,.4,.5695,.6351,.6017,.68
187,"Chicago_Board_of_Trade_Building",.8,.8,.75,.7667,.675,.62,.0909,.1818,.4545,.5455,.6364,.6364,.1633,.2963,.566,.6374,.6551,.6281
188,"Pont_de_Normandie_France",.6,.8,.85,.8333,.825,.76,.1053,.3158,.4737,.5789,.6316,.7895,.1791,.4528,.6083,.6832,.7154,.7745
189,"Palazzo_Rosso",.0,.1,.05,.0333,.05,.04,.0,.0417,.0417,.0417,.0833,.0833,.0,.0588,.0455,.037,.0625,.0541
190,"Piazza_Vittorio_Veneto",.8,.6,.55,.5,.5,.5,.1875,.25,.4375,.5625,.625,.75,.3038,.3529,.4873,.5294,.5556,.6
191,"Sforza_Castle",1.0,1.0,1.0,.9333,.95,.96,.16,.28,.44,.56,.64,.68,.2759,.4375,.6111,.7,.7648,.7961
192,"Torres_KIO",1.0,1.0,.9,.8667,.85,.86,.2,.32,.44,.56,.64,.72,.3333,.4848,.591,.6804,.7302,.7838
193,"Torre_Picasso",.6,.8,.8,.7667,.75,.76,.0833,.2083,.3333,.5,.5833,.625,.1463,.3306,.4706,.6053,.6562,.6859
194,"The_Palace_of_Parliament_in_Bucharest",1.0,1.0,.9,.8667,.875,.88,.2,.32,.4,.52,.56,.56,.3333,.4848,.5538,.65,.6829,.6844
195,"Ernest_Hemingway_House",1.0,.8,.85,.8333,.775,.72,.12,.2,.48,.56,.6,.64,.2143,.32,.6135,.6699,.6764,.6776
196,"Castel_dellOvo_Napoli",.6,.7,.85,.8667,.85,.82,.12,.24,.36,.6,.72,.72,.2,.3574,.5058,.7091,.7796,.7668
197,"Villa_Borghese_gardens",1.0,1.0,1.0,1.0,1.0,1.0,.2,.32,.48,.64,.76,.8,.3333,.4848,.6486,.7805,.8636,.8889
198,"Saint_Marks_Basilica",1.0,1.0,1.0,1.0,.975,.98,.2,.2,.4,.52,.56,.56,.3333,.3333,.5714,.6842,.7114,.7127
199,"Mausoleum_of_the_First_Qin_Emperor",.8,.8,.85,.8667,.825,.8,.16,.28,.4,.6,.72,.76,.2667,.4148,.544,.7091,.7689,.7795
200,"Mausoleum_of_Hadrian",1.0,.9,.95,.8667,.85,.78,.1667,.2222,.4444,.5556,.6667,.7222,.2857,.3564,.6056,.6771,.7473,.75
201,"Piazza_de_Ferrari",1.0,1.0,.95,.9667,.95,.94,.2632,.3684,.4737,.5263,.5789,.5789,.4167,.5385,.6322,.6816,.7194,.7166
202,"George_Washington_Carver",.8,.8,.7,.7,.625,.64,.25,.3125,.375,.5,.5,.625,.381,.4494,.4884,.5833,.5556,.6324
203,"Cathedral_of_Santiago_de_Compostela",1.0,1.0,.85,.8667,.8,.76,.2353,.3529,.5294,.6471,.7647,.8235,.381,.5217,.6525,.7409,.782,.7905
204,"Saint-Jacques_Tower",1.0,.9,.8,.7667,.775,.74,.3077,.3077,.3846,.3846,.6154,.7692,.4706,.4586,.5195,.5122,.686,.7543
205,"Calakmul_Campeche_Mexico",1.0,1.0,.95,.9333,.875,.88,.2857,.2857,.4286,.5,.6429,.7143,.4444,.4444,.5907,.6512,.7412,.7885
206,"Bran_Castle_in_Transylvania",.8,.9,.85,.8667,.875,.88,.1579,.3684,.4737,.4737,.5263,.6842,.2637,.5228,.6083,.6126,.6573,.7699
207,"Mosteiro_da_Batalha",1.0,1.0,1.0,1.0,1.0,1.0,.2105,.3684,.4737,.5789,.5789,.6316,.3478,.5385,.6429,.7333,.7333,.7742
208,"Wartburg_Castle",1.0,.9,.95,.9333,.925,.9,.15,.25,.55,.75,.8,.8,.2609,.3913,.6967,.8317,.858,.8471
209,"Fujian_Tulou_Fujian_China",1.0,1.0,1.0,.9333,.925,.92,.2222,.3889,.5,.6111,.6111,.7222,.3636,.56,.6667,.7386,.736,.8092
210,"Alabama_State_Capitol",.6,.8,.85,.7667,.75,.72,.1429,.3333,.6667,.7619,.8571,.9524,.2308,.4706,.7473,.7643,.8,.82
211,"Palazzo_dAccursio",.8,.8,.85,.7,.7,.68,.1111,.1667,.3333,.3889,.5,.5556,.1951,.2759,.4789,.5,.5833,.6115
212,"Casa_Grande_Ruins",.6,.8,.75,.8,.8,.76,.1176,.2941,.4118,.5294,.5882,.5882,.1967,.4301,.5316,.6372,.678,.6632
213,"Stravinsky_Fountain",1.0,.8,.85,.8667,.875,.88,.2667,.4,.4,.4667,.4667,.4667,.4211,.5333,.544,.6067,.6087,.6099
214,"Angel_Falls_Venezuela",.8,.9,.65,.7,.625,.58,.2353,.2941,.3529,.6471,.7059,.7647,.3636,.4433,.4575,.6725,.663,.6597
215,"Statue_of_George_IV",.8,.7,.5,.5667,.5,.44,.5,.5,.5,.75,.75,.75,.6154,.5833,.5,.6456,.6,.5546
216,"Palacio_Barolo",.8,.8,.8,.8333,.875,.9,.2353,.4118,.5294,.6471,.6471,.8235,.3636,.5437,.6372,.7285,.744,.8601
217,"Bridge_of_Remembrance_Christchurch_New_Zealand",1.0,.9,.8,.6667,.6,.62,.25,.3333,.5833,.75,.8333,.9167,.4,.4865,.6747,.7059,.6977,.7397
218,"John_A._Roebling_Suspension_Bridge",.6,.4,.35,.4,.45,.46,.1333,.2,.4,.4667,.6667,.7333,.2182,.2667,.3733,.4308,.5373,.5654
219,"Blue_Dome_Santorini",1.0,1.0,.9,.8667,.9,.92,.3125,.4375,.625,.6875,.8125,.875,.4762,.6087,.7377,.7668,.854,.8969
220,"Fossar_de_les_Moreres",.4,.4,.45,.4333,.45,.44,.1429,.2143,.3571,.5714,.7143,.7857,.2105,.2791,.3982,.4929,.5521,.5641
221,"Luxor_Obelisk_France",1.0,.9,.9,.8,.8,.76,.125,.1875,.25,.375,.4375,.5,.2222,.3103,.3913,.5106,.5657,.6032
222,"Valle_de_los_Caidos",1.0,.9,.9,.9,.875,.88,.25,.3,.5,.75,.8,.8,.4,.45,.6429,.8182,.8358,.8381
--------------------
"--","Avg.",P@5,P@10,P@20,P@30,P@40,P@50,CR@5,CR@10,CR@20,CR@30,CR@40,CR@50,F1@5,F1@10,F1@20,F1@30,F1@40,F1@50
,.,8108,.7995,.7806,.7655,.7598,.7549,.1577,.2646,.4204,.52,.5984,.6569,.2585,.3905,.536,.6079,.6571,.689
