--------------------
"Run name","output_runDICEXBIndex"
--------------------
"Average P@20 = ",.7385
"Average CR@20 = ",.4243
"Average F1@20 = ",.5288
--------------------
"Query Id ","Location name",P@5,P@10,P@20,P@30,P@40,P@50,CR@5,CR@10,CR@20,CR@30,CR@40,CR@50,F1@5,F1@10,F1@20,F1@30,F1@40,F1@50
1,"angel_of_the_north",1.0,1.0,.95,.9333,.95,.96,.12,.28,.48,.56,.68,.76,.2143,.4375,.6378,.7,.7926,.8484
2,"big_ben",.6,.5,.55,.5333,.525,.48,.1364,.2273,.3636,.3636,.3636,.4545,.2222,.3125,.4378,.4324,.4297,.4669
3,"hearst_castle",1.0,1.0,.9,.9,.925,.94,.1667,.3333,.5417,.6667,.7083,.75,.2857,.5,.6763,.766,.8023,.8343
4,"la_madeleine",.6,.4,.25,.2667,.325,.3,.2143,.2857,.2857,.4286,.5,.5,.3158,.3333,.2667,.3288,.3939,.375
5,"pont_alexandre_iii",1.0,1.0,1.0,.9333,.825,.82,.2,.24,.4,.52,.6,.72,.3333,.3871,.5714,.6679,.6947,.7668
6,"neues_museum",1.0,.8,.65,.7667,.7,.74,.2,.24,.36,.48,.48,.64,.3333,.3692,.4634,.5904,.5695,.6864
7,"montezuma_castle",.6,.7,.8,.7,.7,.74,.25,.5,.5833,.75,.8333,.8333,.3529,.5833,.6747,.7241,.7609,.7839
8,"cn_tower",1.0,.8,.75,.7,.775,.72,.1667,.25,.4583,.5833,.625,.7083,.2857,.381,.569,.6364,.692,.7141
9,"acropolis_athens",1.0,.7,.7,.7,.775,.76,.1905,.2857,.5714,.5714,.6667,.7143,.32,.4058,.6292,.6292,.7168,.7364
10,"agra_fort",1.0,1.0,.95,.8667,.9,.86,.2,.36,.6,.64,.64,.76,.3333,.5294,.7355,.7363,.7481,.8069
11,"albert_memorial",1.0,1.0,.95,.7,.625,.7,.1364,.3182,.4091,.5,.5455,.6364,.24,.4828,.5719,.5833,.5825,.6667
12,"altes_museum",.8,.8,.85,.8333,.8,.8,.1667,.3333,.5417,.5417,.5833,.7083,.2759,.4706,.6617,.6566,.6747,.7514
13,"amiens_cathedral",1.0,1.0,1.0,1.0,1.0,.98,.12,.24,.48,.68,.68,.72,.2143,.3871,.6486,.8095,.8095,.8301
14,"angkor_wat",.8,.9,.75,.7,.75,.76,.12,.28,.48,.56,.64,.72,.2087,.4271,.5854,.6222,.6906,.7395
15,"ara_pacis",.4,.5,.5,.6,.65,.64,.0909,.2273,.3636,.6818,.7727,.7727,.1481,.3125,.4211,.6383,.7061,.7001
16,"arc_de_triomphe",.8,.7,.7,.6,.625,.64,.1667,.2917,.4583,.5,.6667,.7083,.2759,.4118,.554,.5455,.6452,.6724
17,"aztec_ruins",.4,.5,.5,.4667,.45,.46,.04,.16,.32,.36,.52,.52,.0727,.2424,.3902,.4065,.4825,.4882
18,"berlin_cathedral",1.0,1.0,.9,.9,.925,.88,.2,.36,.44,.56,.64,.68,.3333,.5294,.591,.6904,.7565,.7672
19,"bok_tower_gardens",.8,.9,.9,.9333,.925,.94,.16,.36,.52,.56,.6,.76,.2667,.5143,.6592,.7,.7279,.8405
20,"brandenburg_gate",1.0,.9,.9,.8333,.825,.84,.16,.28,.44,.56,.64,.68,.2759,.4271,.591,.6699,.7208,.7516
21,"cabrillo",.4,.5,.35,.3333,.25,.24,.1538,.3077,.3846,.5385,.5385,.6923,.2222,.381,.3665,.4118,.3415,.3564
22,"casa_batllo",1.0,.9,.95,.9333,.95,.96,.16,.24,.36,.48,.64,.72,.2759,.3789,.5221,.634,.7648,.8229
23,"casa_rosada",1.0,1.0,.95,.9333,.875,.88,.2,.28,.52,.64,.68,.88,.3333,.4375,.6721,.7593,.7653,.88
24,"castillo_de_san_marcos",.8,.8,.6,.6667,.675,.7,.16,.24,.4,.6,.68,.72,.2667,.3692,.48,.6316,.6775,.7099
25,"chartres_cathedral",1.0,1.0,.95,.9667,.925,.94,.2,.36,.52,.56,.72,.8,.3333,.5294,.6721,.7092,.8097,.8644
26,"chichen_itza",.8,.9,.75,.8,.8,.82,.16,.36,.56,.6,.64,.72,.2667,.5143,.6412,.6857,.7111,.7668
27,"christ_the_redeemer_rio",.4,.4,.45,.6,.625,.56,.087,.1739,.3478,.4783,.4783,.5652,.1429,.2424,.3924,.5323,.5419,.5626
28,"civic_center_san_francisco",.4,.5,.5,.5,.5,.5,.08,.16,.24,.36,.44,.52,.1333,.2424,.3243,.4186,.4681,.5098
29,"cologne_cathedral",1.0,.9,.9,.8667,.825,.86,.16,.28,.4,.48,.56,.72,.2759,.4271,.5538,.6178,.6671,.7838
30,"colosseum",1.0,1.0,.9,.9,.925,.92,.16,.28,.4,.48,.52,.68,.2759,.4375,.5538,.6261,.6657,.782
31,"doge_s_palace",1.0,.8,.8,.8333,.825,.8,.12,.2,.36,.44,.52,.56,.2143,.32,.4966,.5759,.6379,.6588
32,"eiffel_tower",1.0,1.0,.95,.9333,.925,.9,.12,.28,.52,.68,.72,.76,.2143,.4375,.6721,.7868,.8097,.8241
33,"golden_gate_bridge",.4,.6,.75,.8,.8,.8,.087,.2174,.4348,.4348,.5217,.6087,.1429,.3191,.5505,.5634,.6316,.6914
34,"grand_palais",1.0,1.0,.95,.9667,.975,.98,.2273,.4091,.5909,.6818,.6818,.6818,.3704,.5806,.7286,.7996,.8025,.8042
35,"guggenheim_museum_bilbao",.8,.8,.8,.8333,.85,.88,.08,.2,.32,.4,.56,.64,.1455,.32,.4571,.5405,.6752,.7411
36,"hagia_sophia_istanbul",1.0,.9,.9,.9333,.95,.94,.16,.24,.48,.6,.68,.76,.2759,.3789,.6261,.7304,.7926,.8405
37,"hoover_dam",1.0,1.0,1.0,1.0,.95,.96,.16,.32,.56,.72,.76,.84,.2759,.4848,.7179,.8372,.8444,.896
38,"humayun_tomb",.6,.7,.7,.7667,.75,.76,.12,.28,.44,.56,.64,.68,.2,.4,.5404,.6472,.6906,.7178
39,"iguazu_falls",.8,.6,.6,.7,.75,.76,.16,.24,.4,.56,.72,.72,.2667,.3429,.48,.6222,.7347,.7395
40,"iolani_palace",.8,.8,.8,.6667,.675,.68,.16,.32,.48,.56,.6,.72,.2667,.4571,.6,.6087,.6353,.6994
41,"la_mezquita",.8,.6,.3,.4667,.475,.48,.125,.2083,.2083,.4583,.5,.625,.2162,.3093,.2459,.4625,.4872,.543
42,"la_rambla_barcelona",.8,.8,.8,.8667,.875,.88,.08,.2,.32,.48,.68,.84,.1455,.32,.4571,.6178,.7653,.8595
43,"la_sainte_chapelle",1.0,1.0,1.0,.9333,.95,.94,.16,.28,.52,.64,.72,.76,.2759,.4375,.6842,.7593,.8192,.8405
44,"liberty_memorial",.6,.6,.7,.7667,.75,.78,.12,.2,.32,.52,.72,.76,.2,.3,.4392,.6197,.7347,.7699
45,"lincoln_home",.2,.2,.3,.3667,.4,.4,.0556,.1111,.2222,.3333,.3333,.3889,.087,.1429,.2553,.3492,.3636,.3944
46,"machu_picchu",1.0,.6,.7,.7667,.775,.8,.16,.2,.44,.56,.68,.8,.2759,.3,.5404,.6472,.7244,.8
47,"marble_arch_london",.4,.3,.35,.3,.25,.24,.1667,.25,.5,.6667,.6667,.6667,.2353,.2727,.4118,.4138,.3636,.3529
48,"milan_cathedral",1.0,1.0,.9,.9,.9,.92,.16,.32,.44,.52,.56,.64,.2759,.4848,.591,.6592,.6904,.7549
49,"mole_antonelliana",.2,.5,.65,.7667,.775,.72,.04,.16,.32,.36,.44,.56,.0667,.2424,.4289,.4899,.5613,.63
50,"mont_saint_michel",1.0,1.0,.9,.8333,.85,.84,.2,.32,.6,.68,.76,.8,.3333,.4848,.72,.7489,.8025,.8195
51,"moulin_rouge",.2,.1,.05,.0333,.05,.06,.125,.125,.125,.125,.25,.375,.1538,.1111,.0714,.0526,.0833,.1034
52,"nelson_s_column",.6,.8,.8,.8333,.8,.82,.125,.25,.375,.5833,.6667,.75,.2069,.381,.5106,.6863,.7273,.7834
53,"notre_dame_de_paris",1.0,.9,.75,.8,.8,.76,.16,.28,.4,.48,.52,.56,.2759,.4271,.5217,.6,.6303,.6448
54,"obelisco",.2,.1,.05,.1,.125,.14,.0909,.0909,.0909,.1818,.2727,.4545,.125,.0952,.0645,.129,.1714,.2141
55,"piccadilly_circus",.8,.8,.7,.7333,.725,.72,.1739,.3478,.4348,.6087,.6957,.7391,.2857,.4848,.5364,.6652,.71,.7294
56,"place_de_la_concorde",1.0,1.0,1.0,.9667,.975,.98,.2,.36,.56,.72,.76,.8,.3333,.5294,.7179,.8253,.8542,.8809
57,"place_de_la_republique",.2,.3,.3,.3333,.25,.2,.125,.25,.5,.75,.75,.75,.1538,.2727,.375,.4615,.375,.3158
58,"place_des_vosges",.8,.8,.85,.7667,.725,.72,.16,.24,.4,.52,.52,.56,.2667,.3692,.544,.6197,.6056,.63
59,"pont_du_gard",1.0,.8,.7,.6667,.65,.7,.2,.28,.32,.36,.36,.48,.3333,.4148,.4392,.4675,.4634,.5695
60,"pont_neuf",.4,.5,.65,.6333,.65,.7,.08,.2,.4,.52,.64,.8,.1333,.2857,.4952,.5711,.645,.7467
61,"ponte_vecchio",.8,.6,.7,.7,.725,.72,.1667,.25,.4167,.5833,.625,.75,.2759,.3529,.5224,.6364,.6713,.7347
62,"puerta_de_alcala",.4,.5,.65,.6333,.625,.64,.1053,.2105,.3684,.5789,.5789,.7368,.1667,.2963,.4703,.6049,.6011,.685
63,"puerta_del_sol",.8,.5,.55,.4667,.525,.5,.2,.25,.35,.4,.55,.65,.32,.3333,.4278,.4308,.5372,.5652
64,"red_fort",1.0,1.0,1.0,.9667,.975,.98,.2,.32,.56,.56,.64,.64,.3333,.4848,.7179,.7092,.7728,.7743
65,"reims_cathedral",.8,.7,.85,.8667,.9,.92,.16,.24,.36,.48,.6,.72,.2667,.3574,.5058,.6178,.72,.8078
66,"rialto_bridge",.4,.4,.65,.5667,.525,.48,.125,.25,.5625,.6875,.75,.8125,.1905,.3077,.6031,.6213,.6176,.6035
67,"roman_forum_rome",.8,.7,.7,.7333,.775,.78,.16,.24,.32,.48,.52,.56,.2667,.3574,.4392,.5802,.6224,.6519
68,"sacre_coeur",.6,.6,.6,.7,.625,.62,.125,.2083,.2917,.5833,.625,.7083,.2069,.3093,.3925,.6364,.625,.6612
69,"sagrada_familia",1.0,1.0,.95,.9333,.95,.9,.2,.4,.52,.52,.56,.6,.3333,.5714,.6721,.6679,.7046,.72
70,"santa_maria_novella",.4,.5,.65,.7,.55,.58,.08,.2,.32,.48,.48,.56,.1333,.2857,.4289,.5695,.5126,.5698
71,"schonbrunn_palace",.8,.9,.95,.9667,.95,.94,.16,.28,.52,.64,.68,.72,.2667,.4271,.6721,.7701,.7926,.8154
72,"seville_cathedral",1.0,1.0,.95,.9667,.975,.98,.16,.2,.36,.48,.56,.64,.2759,.3333,.5221,.6415,.7114,.7743
73,"spanish_steps",.8,.6,.6,.6333,.625,.66,.1818,.2727,.4091,.4545,.5455,.6818,.2963,.375,.4865,.5292,.5825,.6707
74,"st__basil_cathedral",1.0,.9,.9,.9,.875,.9,.2,.36,.56,.6,.68,.8,.3333,.5143,.6904,.72,.7653,.8471
75,"statue_of_liberty",1.0,.9,.7,.7667,.775,.78,.16,.28,.4,.48,.6,.64,.2759,.4271,.5091,.5904,.6764,.7031
76,"stonehenge",.8,.6,.4,.3667,.475,.52,.1053,.1579,.2105,.2632,.4211,.5263,.186,.25,.2759,.3064,.4464,.5231
77,"summer_palace_beijing",.8,.8,.85,.8333,.85,.84,.12,.24,.4,.52,.52,.64,.2087,.3692,.544,.6404,.6453,.7265
78,"sydney_opera_house",1.0,.9,.9,.8333,.875,.88,.16,.32,.44,.48,.52,.6,.2759,.4721,.591,.6091,.6523,.7135
79,"teotihuacan",1.0,.9,.85,.8,.8,.8,.2,.24,.44,.52,.56,.64,.3333,.3789,.5798,.6303,.6588,.7111
80,"terracotta_army",.8,.9,.8,.6333,.6,.64,.2,.35,.55,.6,.65,.7,.32,.504,.6519,.6162,.624,.6687
81,"the_blue_mosque",1.0,1.0,.95,.9333,.95,.94,.12,.32,.48,.64,.64,.72,.2143,.4848,.6378,.7593,.7648,.8154
82,"the_henry_ford",1.0,.9,.85,.7333,.675,.6,.16,.24,.4,.44,.48,.48,.2759,.3789,.544,.55,.561,.5333
83,"taj_mahal",1.0,.9,.85,.8667,.875,.86,.2,.32,.44,.68,.68,.76,.3333,.4721,.5798,.7621,.7653,.8069
84,"tour_montparnasse",.4,.4,.4,.5,.5,.5,.1,.15,.35,.55,.7,.75,.16,.2182,.3733,.5238,.5833,.6
85,"tower_bridge_london",.2,.6,.65,.6667,.625,.68,.04,.2,.32,.44,.52,.56,.0667,.3,.4289,.5301,.5677,.6142
86,"trafalgar_square",.4,.4,.3,.3333,.35,.36,.0909,.1818,.2273,.3182,.3182,.4545,.1481,.25,.2586,.3256,.3333,.4018
87,"leaning_tower_of_pisa",.6,.8,.7,.6333,.575,.6,.12,.28,.4,.44,.52,.6,.2,.4148,.5091,.5193,.5461,.6
88,"hermitage_museum_saint_petersburg",.8,.7,.85,.8667,.825,.8,.16,.24,.4,.52,.6,.64,.2667,.3574,.544,.65,.6947,.7111
89,"jantar_mantar_jaipur",1.0,1.0,.85,.8333,.875,.84,.16,.32,.48,.6,.68,.72,.2759,.4848,.6135,.6977,.7653,.7754
90,"lake_titicaca_peru",.6,.6,.55,.6667,.65,.6,.125,.25,.375,.5,.5417,.5833,.2069,.3529,.4459,.5714,.5909,.5915
91,"the_great_wall_of_china",.8,.9,.95,.8667,.775,.8,.12,.28,.48,.64,.72,.72,.2087,.4271,.6378,.7363,.7465,.7579
92,"grande_arche_paris",.2,.4,.45,.5667,.575,.56,.04,.16,.28,.36,.44,.48,.0667,.2286,.3452,.4403,.4985,.5169
93,"el_angel_mexico",1.0,1.0,.8,.7333,.65,.68,.1905,.2381,.381,.5238,.6667,.7143,.32,.3846,.5161,.6111,.6582,.6967
94,"bibliotheque_nationale_de_france",.6,.8,.6,.6333,.7,.7,.12,.24,.4,.44,.56,.6,.2,.3692,.48,.5193,.6222,.6462
95,"kronborg_castle",.8,.8,.75,.7667,.825,.84,.125,.2083,.375,.5,.5,.5833,.2162,.3306,.5,.6053,.6226,.6885
96,"ajanta_caves",1.0,1.0,.95,.9333,.925,.94,.2273,.4091,.5909,.7727,.7727,.7727,.3704,.5806,.7286,.8455,.842,.8482
97,"atomium",1.0,.9,.8,.7667,.75,.8,.0952,.1905,.4286,.5238,.5238,.6667,.1739,.3144,.5581,.6224,.6168,.7273
98,"ellora_caves",1.0,1.0,1.0,.8667,.9,.92,.1818,.3182,.4545,.5455,.6818,.7273,.3077,.4828,.625,.6695,.7759,.8124
99,"potala_palace",1.0,.9,.85,.8333,.725,.78,.2222,.3333,.5556,.5556,.5556,.6667,.3636,.4865,.6719,.6667,.6291,.7189
100,"jokhang",.8,.8,.7,.6333,.65,.7,.16,.28,.44,.56,.64,.72,.2667,.4148,.5404,.5944,.645,.7099
101,"rila_monastery",.8,.9,.95,.8667,.875,.9,.12,.28,.36,.36,.36,.36,.2087,.4271,.5221,.5087,.5101,.5143
102,"louvre_pyramid",.6,.8,.75,.8,.8,.82,.1667,.2778,.3333,.5,.5,.6111,.2609,.4124,.4615,.6154,.6154,.7003
103,"brooklyn_bridge",1.0,.8,.8,.8667,.775,.8,.1429,.1905,.381,.4286,.4286,.5238,.25,.3077,.5161,.5735,.5519,.6331
104,"tower_of_london",.8,.7,.65,.6667,.625,.56,.1739,.2174,.3478,.4348,.4783,.5217,.2857,.3318,.4532,.5263,.5419,.5402
105,"british_museum_london",1.0,1.0,1.0,1.0,1.0,1.0,.2,.3,.4,.55,.6,.65,.3333,.4615,.5714,.7097,.75,.7879
106,"buckingham_palace",.4,.4,.55,.5333,.5,.46,.1,.15,.3,.35,.5,.55,.16,.2182,.3882,.4226,.5,.501
107,"charles_bridge_prague",1.0,.7,.75,.7333,.675,.68,.1667,.25,.2917,.375,.4167,.5,.2857,.3684,.42,.4962,.5153,.5763
108,"champs_elysees_paris",.8,.7,.6,.6,.55,.52,.2667,.3333,.4667,.6667,.6667,.6667,.4,.4516,.525,.6316,.6027,.5843
109,"chrysler_building",.6,.7,.85,.9,.925,.94,.0714,.1429,.4286,.5,.6429,.9286,.1277,.2373,.5698,.6429,.7585,.9343
110,"moma_new_york",.8,.7,.8,.8333,.8,.76,.1579,.2105,.4211,.4211,.4737,.5263,.2637,.3237,.5517,.5594,.595,.6219
111,"grand_central_terminal",1.0,.9,.85,.8667,.85,.88,.1905,.2857,.381,.5238,.5238,.619,.32,.4337,.5261,.653,.6482,.7268
112,"houses_of_parliament",.8,.7,.8,.8333,.85,.82,.1304,.1739,.3913,.4348,.4783,.4783,.2243,.2786,.5255,.5714,.6121,.6042
113,"alexanderplatz_berlin",.2,.1,.3,.5333,.6,.6,.04,.04,.16,.36,.44,.48,.0667,.0571,.2087,.4299,.5077,.5333
114,"centre_pompidou",.6,.8,.75,.6667,.65,.66,.1667,.2778,.3889,.5556,.6111,.6667,.2609,.4124,.5122,.6061,.63,.6633
115,"sydney_harbour_bridge",1.0,1.0,1.0,1.0,1.0,1.0,.1875,.375,.5,.5625,.5625,.5625,.3158,.5455,.6667,.72,.72,.72
116,"pier_39",.8,.8,.7,.7333,.775,.8,.1905,.381,.4762,.5714,.5714,.7143,.3077,.5161,.5668,.6423,.6578,.7547
117,"coit_tower",.8,.6,.6,.5333,.625,.56,.2,.2,.4667,.5333,.6,.6,.32,.3,.525,.5333,.6122,.5793
118,"st_paul_s_cathedral_london",.6,.6,.6,.7,.675,.64,.1765,.3529,.3529,.4706,.6471,.6471,.2727,.4444,.4444,.5628,.6607,.6435
119,"cloud_gate",.6,.7,.75,.8333,.825,.78,.25,.3333,.5,.5833,.6667,.6667,.3529,.4516,.6,.6863,.7374,.7189
120,"musee_d_orsay",1.0,1.0,.9,.9333,.95,.94,.1905,.2857,.4286,.5714,.619,.619,.32,.4444,.5806,.7089,.7496,.7465
121,"pike_place_market",1.0,.7,.75,.8,.825,.8,.2381,.3333,.4286,.5238,.6667,.7143,.3846,.4516,.5455,.6331,.7374,.7547
122,"royal_palace_madrid",1.0,.9,.85,.8333,.775,.82,.2273,.3636,.5455,.7273,.7273,.7727,.3704,.518,.6645,.7767,.7504,.7957
123,"sony_center_berlin",1.0,1.0,.85,.8333,.875,.86,.0952,.1905,.381,.5238,.619,.619,.1739,.32,.5261,.6433,.7251,.7199
124,"red_square_moscow",.4,.7,.75,.7667,.8,.78,.0952,.2857,.5238,.619,.7143,.7619,.1538,.4058,.6168,.685,.7547,.7708
125,"prague_castle",.8,.8,.7,.7333,.75,.74,.16,.28,.4,.52,.72,.76,.2667,.4148,.5091,.6085,.7347,.7499
126,"musee_du_louvre",1.0,1.0,1.0,.9667,.975,.98,.2,.28,.4,.52,.56,.64,.3333,.4375,.5714,.6762,.7114,.7743
127,"millennium_bridge_london",1.0,1.0,.9,.9,.875,.86,.2,.36,.52,.56,.6,.64,.3333,.5294,.6592,.6904,.7119,.7339
128,"casa_mila",1.0,1.0,.95,.9667,.95,.92,.2,.36,.52,.6,.64,.68,.3333,.5294,.6721,.7404,.7648,.782
129,"national_gallery_london",.4,.6,.8,.7667,.6,.56,.0909,.2273,.5455,.5909,.5909,.5909,.1481,.3297,.6486,.6674,.5954,.575
130,"national_mall",.8,.7,.65,.6333,.65,.64,.16,.28,.48,.56,.64,.72,.2667,.4,.5522,.5944,.645,.6776
131,"london_city_hall",.4,.5,.6,.6667,.725,.68,.05,.2,.4,.6,.65,.65,.0889,.2857,.48,.6316,.6855,.6647
132,"holocaust_memorial",.6,.6,.55,.4,.45,.4,.1875,.3125,.4375,.4375,.5625,.5625,.2857,.411,.4873,.4179,.5,.4675
133,"columbus_circle",.4,.6,.7,.6667,.6,.6,.08,.2,.4,.56,.6,.72,.1333,.3,.5091,.6087,.6,.6545
134,"siegessaeule",.8,.6,.75,.6,.5,.48,.16,.2,.4,.48,.48,.56,.2667,.3,.5217,.5333,.4898,.5169
135,"jardin_du_luxembourg",1.0,1.0,.95,.9333,.95,.96,.2,.32,.6,.6,.72,.76,.3333,.4848,.7355,.7304,.8192,.8484
136,"merlion_singapore",.4,.5,.6,.5667,.525,.56,.0909,.2273,.5,.5455,.5909,.7727,.1481,.3125,.5455,.5559,.556,.6494
137,"harrods_london",.8,.7,.85,.8,.825,.8,.16,.28,.44,.6,.68,.76,.2667,.4,.5798,.6857,.7455,.7795
138,"metropolitan_museum_of_art_new_york",1.0,1.0,1.0,1.0,.975,.96,.12,.28,.48,.56,.64,.68,.2143,.4375,.6486,.7179,.7728,.7961
139,"new_york_stock_exchange",.8,.7,.6,.5333,.575,.62,.2,.3,.4,.45,.45,.55,.32,.42,.48,.4881,.5049,.5829
140,"stephansdom_vienna",1.0,.9,.85,.9,.925,.88,.2,.28,.48,.52,.68,.68,.3333,.4271,.6135,.6592,.7838,.7672
141,"hms_belfast",1.0,1.0,.85,.8,.85,.86,.2,.24,.36,.52,.56,.6,.3333,.3871,.5058,.6303,.6752,.7068
142,"leicester_square",1.0,.9,.9,.8333,.825,.82,.16,.28,.48,.52,.6,.6,.2759,.4271,.6261,.6404,.6947,.693
143,"ciudad_de_las_artes_y_las_ciencias",1.0,1.0,1.0,.9333,.95,.94,.16,.36,.6,.72,.8,.84,.2759,.5294,.75,.8129,.8686,.8872
144,"topkapi_palace",1.0,.9,.95,.9333,.95,.94,.2,.32,.44,.48,.6,.72,.3333,.4721,.6014,.634,.7355,.8154
145,"royal_albert_hall",.6,.5,.6,.7,.7,.66,.12,.2,.36,.48,.56,.6,.2,.2857,.45,.5695,.6222,.6286
146,"st_vitus_cathedral",.8,.9,.9,.9,.925,.94,.16,.32,.52,.6,.68,.76,.2667,.4721,.6592,.72,.7838,.8405
147,"castello_sforzesco",.8,.8,.9,.9333,.95,.94,.12,.24,.36,.52,.68,.72,.2087,.3692,.5143,.6679,.7926,.8154
148,"rijksmuseum_amsterdam",1.0,1.0,1.0,1.0,1.0,.98,.2,.32,.44,.52,.6,.64,.3333,.4848,.6111,.6842,.75,.7743
149,"dam_square",.8,.7,.65,.6333,.65,.62,.12,.2,.4,.4,.44,.56,.2087,.3111,.4952,.4903,.5248,.5885
150,"rathaus_vienna",.2,.5,.75,.7333,.7,.7,.04,.16,.44,.56,.56,.6,.0667,.2424,.5546,.6351,.6222,.6462
151,"bath_abbey",.8,.8,.85,.8667,.9,.9,.12,.2,.36,.48,.56,.6,.2087,.32,.5058,.6178,.6904,.72
152,"salisbury_cathedral",1.0,1.0,1.0,1.0,1.0,1.0,.16,.28,.48,.56,.68,.76,.2759,.4375,.6486,.7179,.8095,.8636
153,"templo_de_debod",.2,.4,.45,.5,.475,.46,.0455,.1364,.2727,.5,.5,.5,.0741,.2034,.3396,.5,.4872,.4792
154,"Niagara_Falls",.2,.5,.65,.6667,.725,.72,.0455,.2273,.4091,.4545,.5455,.5455,.0741,.3125,.5021,.5405,.6225,.6207
155,"Golden_Gate_Bridge_in_San_Francisco",1.0,1.0,.9,.8667,.9,.9,.2273,.2727,.5455,.5909,.7727,.8636,.3704,.4286,.6792,.7027,.8315,.8814
156,"Neuschwanstein_Castle",1.0,1.0,.9,.9,.925,.92,.2,.32,.52,.64,.64,.76,.3333,.4848,.6592,.7481,.7565,.8324
157,"Christ_Church_Cathedral_Missouri",.6,.7,.85,.9,.9,.9,.12,.24,.52,.56,.6,.76,.2,.3574,.6453,.6904,.72,.8241
158,"Mount_Rushmore_in_South_Dakota",1.0,.9,.85,.9,.9,.9,.16,.28,.48,.6,.72,.76,.2759,.4271,.6135,.72,.8,.8241
159,"Puerta_de_Toledo",.2,.1,.1,.0667,.075,.06,.5,.5,1.0,1.0,1.0,1.0,.2857,.1667,.1818,.125,.1395,.1132
160,"Urquhart_Castle",.8,.9,.9,.9,.925,.92,.1667,.2917,.5,.5833,.5833,.5833,.2759,.4406,.6429,.7079,.7155,.714
161,"Gare_du_Nord_Paris",.6,.7,.75,.7333,.775,.78,.12,.24,.36,.48,.68,.76,.2,.3574,.4865,.5802,.7244,.7699
162,"Newgrange_in_Ireland",.4,.4,.5,.6,.55,.6,.0833,.1667,.25,.4583,.4583,.5833,.1379,.2353,.3333,.5197,.5,.5915
163,"Windmills_at_Kinderdijk",.8,.8,.8,.8,.825,.84,.16,.32,.4,.52,.56,.64,.2667,.4571,.5333,.6303,.6671,.7265
164,"Conciergerie",1.0,1.0,1.0,1.0,.975,.98,.2,.24,.48,.6,.64,.72,.3333,.3871,.6486,.75,.7728,.8301
165,"Palazzo_Madama",.4,.3,.5,.5333,.575,.48,.0909,.1364,.3182,.4091,.4545,.5455,.1481,.1875,.3889,.463,.5077,.5106
166,"Split_Rock_Lighthouse",.8,.8,.7,.7667,.775,.8,.08,.16,.28,.44,.44,.6,.1455,.2667,.4,.5591,.5613,.6857
167,"The_Little_Mermaid_Denmark",.6,.6,.65,.6667,.675,.68,.2143,.3571,.5714,.7143,.8571,.9286,.3158,.4478,.6082,.6897,.7552,.7851
168,"Great_Pyramid_of_Giza",.2,.4,.65,.6667,.65,.68,.0667,.2667,.4,.6,.6667,.7333,.1,.32,.4952,.6316,.6582,.7057
169,"Pitti_Palace",.4,.5,.6,.7333,.775,.78,.0909,.1818,.4091,.4091,.5,.5455,.1481,.2667,.4865,.5252,.6078,.642
170,"Georgia_State_Capitol",1.0,.9,.5,.3333,.25,.22,.2105,.2632,.2632,.2632,.2632,.2632,.3478,.4072,.3448,.2941,.2564,.2397
171,"Dome_des_Invalides",1.0,1.0,.95,.9333,.925,.94,.2,.4,.56,.6,.68,.76,.3333,.5714,.7046,.7304,.7838,.8405
172,"Reggia_di_Caserta",.8,.9,.85,.8667,.825,.82,.16,.32,.4,.44,.56,.64,.2667,.4721,.544,.5837,.6671,.7189
173,"The_Burj_al_Arab_Hotel",.6,.8,.85,.8333,.85,.86,.12,.28,.4,.48,.56,.56,.2,.4148,.544,.6091,.6752,.6783
174,"Elephanta_Caves",.8,.9,.85,.7667,.775,.76,.1667,.25,.4167,.5,.5417,.5833,.2759,.3913,.5592,.6053,.6377,.66
175,"Basilica_of_Santa_Croce",.8,.9,.9,.9333,.95,.94,.12,.28,.36,.48,.64,.72,.2087,.4271,.5143,.634,.7648,.8154
176,"Aachen_Cathedral",.8,.9,.9,.9,.925,.92,.16,.28,.4,.6,.68,.76,.2667,.4271,.5538,.72,.7838,.8324
177,"Monument_to_the_Great_Fire_of_London",.6,.7,.7,.7333,.725,.74,.12,.28,.48,.52,.6,.72,.2,.4,.5695,.6085,.6566,.7299
178,"Longmen_Grottoes",.6,.5,.55,.6333,.675,.64,.08,.16,.32,.48,.64,.72,.1412,.2424,.4046,.5461,.657,.6776
179,"Louisiana_State_Capitol",.2,.2,.4,.5,.5,.48,.04,.08,.24,.44,.6,.64,.0667,.1143,.3,.4681,.5455,.5486
180,"The_Great_Sphinx_at_Giza",.8,.8,.85,.8333,.85,.86,.16,.24,.44,.56,.64,.76,.2667,.3692,.5798,.6699,.7302,.8069
181,"Teatro_Real_Madrid",.2,.6,.75,.7333,.675,.68,.0435,.2609,.4783,.6087,.6957,.6957,.0714,.3636,.5841,.6652,.6852,.6877
182,"Palacio_de_la_Magdalena",1.0,.9,.9,.8333,.75,.68,.2,.28,.4,.52,.56,.6,.3333,.4271,.5538,.6404,.6412,.6375
183,"Sowjetisches_Ehrenmal",.6,.5,.5,.5,.55,.6,.12,.2,.32,.44,.64,.84,.2,.2857,.3902,.4681,.5916,.7
184,"Cathedral_of_Trier",.8,.7,.75,.8,.825,.84,.16,.28,.44,.68,.84,.88,.2667,.4,.5546,.7351,.8324,.8595
185,"Saint_Mary_of_the_Flower",.2,.1,.15,.2667,.325,.38,.04,.04,.12,.28,.4,.44,.0667,.0571,.1333,.2732,.3586,.4078
186,"Skellig_Michael",1.0,.9,.8,.8,.8,.78,.2,.28,.4,.44,.48,.56,.3333,.4271,.5333,.5677,.6,.6519
187,"Chicago_Board_of_Trade_Building",.2,.6,.75,.8,.825,.82,.0455,.2273,.5,.5909,.6818,.8182,.0741,.3297,.6,.6797,.7466,.8191
188,"Pont_de_Normandie_France",.8,.6,.6,.6,.65,.64,.1579,.2632,.4737,.6842,.8421,.8421,.2637,.3659,.5294,.6393,.7337,.7273
189,"Palazzo_Rosso",.0,.2,.1,.1,.15,.12,.0,.0833,.0833,.125,.25,.25,.0,.1176,.0909,.1111,.1875,.1622
190,"Piazza_Vittorio_Veneto",.2,.2,.45,.4667,.5,.42,.0625,.125,.4375,.5625,.625,.6875,.0952,.1538,.4437,.5101,.5556,.5214
191,"Sforza_Castle",1.0,1.0,.9,.9,.9,.9,.16,.28,.36,.48,.56,.6,.2759,.4375,.5143,.6261,.6904,.72
192,"Torres_KIO",1.0,.7,.75,.7,.725,.74,.16,.24,.28,.44,.44,.56,.2759,.3574,.4078,.5404,.5476,.6375
193,"Torre_Picasso",.8,.8,.85,.7667,.8,.8,.1667,.2917,.4167,.4583,.5833,.5833,.2759,.4275,.5592,.5737,.6747,.6747
194,"The_Palace_of_Parliament_in_Bucharest",.8,.6,.6,.6,.7,.72,.16,.24,.36,.36,.44,.52,.2667,.3429,.45,.45,.5404,.6039
195,"Ernest_Hemingway_House",1.0,.9,.85,.8,.825,.78,.2,.28,.48,.52,.68,.68,.3333,.4271,.6135,.6303,.7455,.7266
196,"Castel_dellOvo_Napoli",.8,.9,.85,.8333,.825,.8,.16,.24,.44,.56,.6,.68,.2667,.3789,.5798,.6699,.6947,.7351
197,"Villa_Borghese_gardens",1.0,1.0,.95,.9667,.95,.96,.12,.32,.44,.6,.68,.76,.2143,.4848,.6014,.7404,.7926,.8484
198,"Saint_Marks_Basilica",.8,.9,.85,.9,.925,.92,.12,.16,.36,.48,.52,.72,.2087,.2717,.5058,.6261,.6657,.8078
199,"Mausoleum_of_the_First_Qin_Emperor",.8,.9,.85,.8667,.85,.88,.16,.28,.44,.56,.6,.76,.2667,.4271,.5798,.6804,.7034,.8156
200,"Mausoleum_of_Hadrian",.8,.8,.6,.6,.525,.54,.2222,.4444,.5556,.6667,.6667,.7222,.3478,.5714,.5769,.6316,.5874,.618
201,"Piazza_de_Ferrari",1.0,.9,.95,.9667,.925,.92,.2632,.3684,.4737,.5789,.5789,.5789,.4167,.5228,.6322,.7242,.7122,.7107
202,"George_Washington_Carver",.8,.7,.6,.6333,.525,.48,.25,.375,.5,.5,.5625,.625,.381,.4884,.5455,.5588,.5431,.543
203,"Cathedral_of_Santiago_de_Compostela",.8,.8,.85,.8667,.9,.84,.1176,.2941,.4118,.5882,.8235,.9412,.2051,.4301,.5548,.7008,.8601,.8877
204,"Saint-Jacques_Tower",.8,.6,.55,.5333,.55,.6,.2308,.3077,.6154,.7692,.7692,.8462,.3582,.4068,.5809,.6299,.6414,.7021
205,"Calakmul_Campeche_Mexico",1.0,.8,.65,.6333,.65,.6,.2143,.4286,.5,.6429,.7143,.7857,.3529,.5581,.5652,.6381,.6806,.6804
206,"Bran_Castle_in_Transylvania",1.0,1.0,.9,.9,.85,.86,.2105,.3684,.4737,.5263,.6316,.7368,.3478,.5385,.6207,.6642,.7247,.7937
207,"Mosteiro_da_Batalha",1.0,1.0,1.0,1.0,1.0,1.0,.2105,.3684,.4737,.6316,.6316,.7368,.3478,.5385,.6429,.7742,.7742,.8485
208,"Wartburg_Castle",.8,.9,.85,.9,.925,.94,.2,.35,.45,.6,.8,.85,.32,.504,.5885,.72,.858,.8927
209,"Fujian_Tulou_Fujian_China",.8,.9,.85,.8333,.825,.82,.1667,.2222,.4444,.6111,.6667,.7778,.2759,.3564,.5837,.7051,.7374,.7983
210,"Alabama_State_Capitol",.8,.6,.7,.7333,.725,.66,.1905,.2381,.381,.4762,.5238,.619,.3077,.3409,.4934,.5774,.6082,.6389
211,"Palazzo_dAccursio",.2,.4,.6,.5,.575,.54,.0556,.1111,.3889,.4444,.6111,.6111,.087,.1739,.4719,.4706,.5925,.5734
212,"Casa_Grande_Ruins",.8,.8,.75,.8,.775,.74,.1765,.2941,.3529,.3529,.4118,.4706,.2892,.4301,.48,.4898,.5378,.5753
213,"Stravinsky_Fountain",1.0,1.0,.95,.9333,.9,.82,.2667,.3333,.4667,.4667,.5333,.6,.4211,.5,.6259,.6222,.6698,.693
214,"Angel_Falls_Venezuela",.2,.3,.55,.7,.725,.66,.0588,.1765,.4118,.6471,.7059,.7647,.0909,.2222,.4709,.6725,.7153,.7085
215,"Statue_of_George_IV",.0,.1,.35,.3,.275,.22,.0,.125,.5,.5,.625,.625,.0,.1111,.4118,.375,.3819,.3254
216,"Palacio_Barolo",.8,.9,.7,.8,.8,.82,.2353,.4706,.5294,.7059,.8824,.8824,.3636,.618,.6029,.75,.8392,.85
217,"Bridge_of_Remembrance_Christchurch_New_Zealand",.6,.5,.5,.5,.5,.5,.1667,.3333,.3333,.5833,.75,.9167,.2609,.4,.4,.5385,.6,.6471
218,"John_A._Roebling_Suspension_Bridge",.2,.1,.4,.4667,.4,.4,.0667,.0667,.4,.6667,.6667,.6667,.1,.08,.4,.549,.5,.5
219,"Blue_Dome_Santorini",.8,.9,.8,.8667,.85,.88,.1875,.375,.5625,.75,.8125,.875,.3038,.5294,.6606,.8041,.8308,.8775
220,"Fossar_de_les_Moreres",.2,.5,.45,.5333,.55,.52,.0714,.3571,.6429,.7857,.7857,.7857,.1053,.4167,.5294,.6354,.6471,.6258
221,"Luxor_Obelisk_France",1.0,1.0,.8,.7333,.725,.74,.1875,.3125,.375,.375,.375,.375,.3158,.4762,.5106,.4962,.4943,.4978
222,"Valle_de_los_Caidos",.8,.9,.95,.9333,.95,.94,.15,.35,.5,.6,.75,.8,.2526,.504,.6552,.7304,.8382,.8644
--------------------
"--","Avg.",P@5,P@10,P@20,P@30,P@40,P@50,CR@5,CR@10,CR@20,CR@30,CR@40,CR@50,F1@5,F1@10,F1@20,F1@30,F1@40,F1@50
,.,7459,.7414,.7385,.7413,.7403,.7368,.1503,.2644,.4243,.5312,.602,.6694,.2458,.3829,.5288,.6065,.6504,.6872
