--------------------
"Run name","output_runLUMSumSquaredError"
--------------------
"Average P@20 = ",.7687
"Average CR@20 = ",.4054
"Average F1@20 = ",.5203
--------------------
"Query Id ","Location name",P@5,P@10,P@20,P@30,P@40,P@50,CR@5,CR@10,CR@20,CR@30,CR@40,CR@50,F1@5,F1@10,F1@20,F1@30,F1@40,F1@50
1,"angel_of_the_north",1.0,1.0,1.0,1.0,1.0,1.0,.2,.28,.44,.56,.72,.76,.3333,.4375,.6111,.7179,.8372,.8636
2,"big_ben",.8,.8,.85,.7667,.725,.72,.1364,.1364,.2727,.4091,.5,.5455,.233,.233,.413,.5335,.5918,.6207
3,"hearst_castle",.8,.8,.85,.8333,.875,.9,.1667,.2917,.5417,.6667,.75,.8333,.2759,.4275,.6617,.7407,.8077,.8654
4,"la_madeleine",.2,.1,.15,.2667,.4,.44,.0714,.0714,.2143,.3571,.5714,.6429,.1053,.0833,.1765,.3053,.4706,.5224
5,"pont_alexandre_iii",1.0,1.0,.95,.9,.875,.88,.16,.28,.48,.6,.72,.76,.2759,.4375,.6378,.72,.79,.8156
6,"neues_museum",.2,.1,.25,.5,.625,.7,.04,.04,.16,.48,.72,.72,.0667,.0571,.1951,.4898,.6691,.7099
7,"montezuma_castle",.6,.7,.45,.5667,.6,.62,.25,.3333,.4167,.5,.6667,.6667,.3529,.4516,.4327,.5312,.6316,.6425
8,"cn_tower",.6,.7,.8,.6667,.725,.66,.125,.2083,.4167,.5,.625,.6667,.2069,.3211,.5479,.5714,.6713,.6633
9,"acropolis_athens",1.0,.9,.85,.8,.85,.86,.1429,.2381,.381,.5238,.5714,.5714,.25,.3766,.5261,.6331,.6834,.6866
10,"agra_fort",.6,.7,.8,.8667,.85,.86,.12,.2,.32,.44,.56,.64,.2,.3111,.4571,.5837,.6752,.7339
11,"albert_memorial",.8,.8,.75,.8,.775,.82,.1818,.2727,.4091,.6364,.6364,.6818,.2963,.4068,.5294,.7089,.6989,.7446
12,"altes_museum",1.0,1.0,.55,.6,.675,.72,.1667,.375,.4167,.5833,.6667,.7917,.2857,.5455,.4741,.5915,.6708,.7541
13,"amiens_cathedral",.8,.9,.95,.9667,.95,.94,.12,.28,.52,.68,.76,.76,.2087,.4271,.6721,.7984,.8444,.8405
14,"angkor_wat",1.0,.7,.75,.8333,.875,.88,.16,.2,.36,.6,.76,.76,.2759,.3111,.4865,.6977,.8135,.8156
15,"ara_pacis",.6,.8,.65,.6667,.65,.64,.1364,.3182,.4545,.5455,.5909,.6364,.2222,.4553,.535,.6,.619,.6382
16,"arc_de_triomphe",1.0,.8,.7,.8,.725,.74,.2083,.2917,.4583,.7083,.75,.7917,.3448,.4275,.554,.7514,.7373,.765
17,"aztec_ruins",.0,.0,.2,.2333,.3,.3,.0,.0,.16,.28,.4,.48,.0,.0,.1778,.2545,.3429,.3692
18,"berlin_cathedral",.8,.9,.95,.9,.85,.88,.12,.28,.44,.48,.56,.64,.2087,.4271,.6014,.6261,.6752,.7411
19,"bok_tower_gardens",1.0,.7,.8,.8667,.9,.9,.2,.28,.44,.6,.64,.72,.3333,.4,.5677,.7091,.7481,.8
20,"brandenburg_gate",.8,.9,.95,.9667,.975,.94,.16,.24,.36,.52,.6,.68,.2667,.3789,.5221,.6762,.7429,.7891
21,"cabrillo",.2,.1,.15,.1333,.125,.1,.0769,.0769,.2308,.3077,.3077,.3077,.1111,.087,.1818,.186,.1778,.1509
22,"casa_batllo",1.0,1.0,.95,.9667,.975,.98,.12,.28,.52,.68,.68,.76,.2143,.4375,.6721,.7984,.8012,.8561
23,"casa_rosada",1.0,1.0,.9,.9,.875,.9,.12,.2,.36,.56,.6,.8,.2143,.3333,.5143,.6904,.7119,.8471
24,"castillo_de_san_marcos",.6,.6,.65,.7667,.825,.84,.08,.16,.32,.48,.56,.68,.1412,.2526,.4289,.5904,.6671,.7516
25,"chartres_cathedral",1.0,1.0,1.0,.9667,.925,.92,.16,.24,.48,.56,.68,.8,.2759,.3871,.6486,.7092,.7838,.8558
26,"chichen_itza",.8,.8,.9,.9333,.95,.94,.16,.24,.4,.64,.76,.76,.2667,.3692,.5538,.7593,.8444,.8405
27,"christ_the_redeemer_rio",.6,.6,.6,.7,.675,.64,.1304,.2174,.3478,.6087,.7391,.7826,.2143,.3191,.4404,.6512,.7056,.7042
28,"civic_center_san_francisco",.6,.5,.55,.4667,.525,.5,.12,.16,.36,.4,.52,.52,.2,.2424,.4352,.4308,.5225,.5098
29,"cologne_cathedral",1.0,1.0,1.0,1.0,1.0,.98,.16,.28,.48,.56,.68,.68,.2759,.4375,.6486,.7179,.8095,.8029
30,"colosseum",1.0,1.0,.95,.9333,.825,.78,.2,.36,.6,.64,.68,.76,.3333,.5294,.7355,.7593,.7455,.7699
31,"doge_s_palace",.6,.8,.9,.9333,.925,.8,.08,.24,.4,.48,.52,.56,.1412,.3692,.5538,.634,.6657,.6588
32,"eiffel_tower",1.0,1.0,.95,.9,.85,.88,.16,.24,.36,.48,.6,.68,.2759,.3871,.5221,.6261,.7034,.7672
33,"golden_gate_bridge",1.0,.7,.6,.6333,.675,.68,.1304,.1739,.2174,.3478,.4348,.5217,.2308,.2786,.3191,.449,.5289,.5904
34,"grand_palais",1.0,1.0,.95,.9667,.95,.96,.1364,.2273,.3636,.4545,.5909,.7273,.24,.3704,.526,.6183,.7286,.8276
35,"guggenheim_museum_bilbao",1.0,1.0,1.0,.9333,.95,.96,.08,.24,.44,.56,.64,.72,.1481,.3871,.6111,.7,.7648,.8229
36,"hagia_sophia_istanbul",1.0,1.0,.95,.9667,.975,.96,.2,.24,.36,.56,.72,.76,.3333,.3871,.5221,.7092,.8283,.8484
37,"hoover_dam",1.0,1.0,.95,.9667,.975,.94,.12,.28,.36,.56,.6,.64,.2143,.4375,.5221,.7092,.7429,.7615
38,"humayun_tomb",.8,.9,.9,.9333,.875,.86,.12,.24,.4,.6,.68,.76,.2087,.3789,.5538,.7304,.7653,.8069
39,"iguazu_falls",.6,.7,.7,.7667,.825,.82,.08,.16,.4,.48,.68,.8,.1412,.2605,.5091,.5904,.7455,.8099
40,"iolani_palace",1.0,1.0,.6,.6333,.7,.68,.16,.28,.36,.6,.76,.8,.2759,.4375,.45,.6162,.7288,.7351
41,"la_mezquita",.6,.8,.75,.6667,.6,.54,.125,.3333,.5,.5,.625,.6667,.2069,.4706,.6,.5714,.6122,.5967
42,"la_rambla_barcelona",1.0,.8,.9,.9,.925,.92,.2,.24,.44,.56,.64,.68,.3333,.3692,.591,.6904,.7565,.782
43,"la_sainte_chapelle",1.0,.9,.95,.9333,.95,.96,.2,.36,.52,.64,.8,.84,.3333,.5143,.6721,.7593,.8686,.896
44,"liberty_memorial",.8,.5,.75,.7,.725,.7,.12,.16,.32,.44,.52,.56,.2087,.2424,.4486,.5404,.6056,.6222
45,"lincoln_home",1.0,.8,.7,.6667,.675,.6,.2778,.3889,.5556,.6667,.8333,.8333,.4348,.5234,.6195,.6667,.7459,.6977
46,"machu_picchu",1.0,1.0,.75,.7667,.825,.82,.2,.36,.44,.52,.52,.56,.3333,.5294,.5546,.6197,.6379,.6655
47,"marble_arch_london",1.0,.8,.7,.4667,.4,.36,.4167,.5,.75,.75,.75,.75,.5882,.6154,.7241,.5753,.5217,.4865
48,"milan_cathedral",1.0,1.0,.9,.9333,.95,.92,.2,.24,.44,.56,.68,.72,.3333,.3871,.591,.7,.7926,.8078
49,"mole_antonelliana",1.0,.8,.65,.7333,.7,.74,.12,.12,.28,.36,.52,.64,.2143,.2087,.3914,.4829,.5967,.6864
50,"mont_saint_michel",1.0,1.0,.95,.9667,.925,.94,.16,.24,.36,.52,.64,.68,.2759,.3871,.5221,.6762,.7565,.7891
51,"moulin_rouge",.0,.0,.0,.1,.1,.08,.0,.0,.0,.375,.5,.5,.0,.0,.0,.1579,.1667,.1379
52,"nelson_s_column",1.0,1.0,1.0,1.0,.975,.96,.0833,.2083,.4167,.4583,.5833,.7083,.1538,.3448,.5882,.6286,.7299,.8152
53,"notre_dame_de_paris",.6,.8,.9,.9,.9,.86,.12,.28,.48,.52,.52,.6,.2,.4148,.6261,.6592,.6592,.7068
54,"obelisco",.4,.2,.15,.1333,.225,.2,.0909,.0909,.1818,.1818,.5455,.5455,.1481,.125,.1644,.1538,.3186,.2927
55,"piccadilly_circus",1.0,.9,.85,.8,.8,.74,.1739,.2609,.4348,.5217,.6087,.7391,.2963,.4045,.5753,.6316,.6914,.7396
56,"place_de_la_concorde",1.0,1.0,1.0,1.0,1.0,.96,.12,.2,.48,.64,.68,.72,.2143,.3333,.6486,.7805,.8095,.8229
57,"place_de_la_republique",.2,.2,.15,.1,.1,.08,.125,.25,.375,.375,.375,.375,.1538,.2222,.2143,.1579,.1579,.1319
58,"place_des_vosges",.8,.8,.75,.6667,.625,.62,.16,.28,.36,.4,.44,.48,.2667,.4148,.4865,.5,.5164,.5411
59,"pont_du_gard",.8,.8,.7,.6667,.625,.6,.12,.2,.24,.28,.4,.44,.2087,.32,.3574,.3944,.4878,.5077
60,"pont_neuf",1.0,.9,.85,.6667,.675,.62,.16,.24,.4,.44,.56,.56,.2759,.3789,.544,.5301,.6121,.5885
61,"ponte_vecchio",.8,.9,.85,.7333,.625,.66,.1667,.2917,.5417,.5833,.6667,.7083,.2759,.4406,.6617,.6498,.6452,.6833
62,"puerta_de_alcala",.2,.1,.45,.6,.65,.62,.0526,.0526,.2105,.4737,.6316,.7895,.0833,.069,.2869,.5294,.6407,.6945
63,"puerta_del_sol",1.0,.7,.5,.4667,.475,.48,.15,.25,.3,.4,.55,.55,.2609,.3684,.375,.4308,.5098,.5126
64,"red_fort",1.0,1.0,1.0,.9667,.975,.98,.2,.36,.6,.68,.68,.84,.3333,.5294,.75,.7984,.8012,.9046
65,"reims_cathedral",1.0,1.0,1.0,1.0,.925,.92,.16,.24,.44,.56,.68,.76,.2759,.3871,.6111,.7179,.7838,.8324
66,"rialto_bridge",.6,.6,.55,.5,.525,.58,.125,.25,.375,.375,.375,.5625,.2069,.3529,.4459,.4286,.4375,.5711
67,"roman_forum_rome",.4,.6,.75,.7667,.8,.68,.08,.24,.44,.52,.6,.6,.1333,.3429,.5546,.6197,.6857,.6375
68,"sacre_coeur",.4,.4,.5,.5333,.525,.52,.0833,.1667,.375,.5833,.6667,.6667,.1379,.2353,.4286,.5572,.5874,.5843
69,"sagrada_familia",1.0,1.0,1.0,.9667,.95,.94,.2,.32,.48,.6,.72,.76,.3333,.4848,.6486,.7404,.8192,.8405
70,"santa_maria_novella",.6,.6,.45,.4667,.425,.4,.12,.2,.24,.32,.4,.52,.2,.3,.313,.3797,.4121,.4522
71,"schonbrunn_palace",1.0,1.0,.95,.9667,.975,.96,.16,.24,.44,.56,.64,.76,.2759,.3871,.6014,.7092,.7728,.8484
72,"seville_cathedral",.4,.7,.8,.8667,.9,.9,.08,.24,.28,.44,.6,.64,.1333,.3574,.4148,.5837,.72,.7481
73,"spanish_steps",.8,.7,.7,.7333,.675,.68,.0909,.1364,.3636,.5455,.5455,.6364,.1633,.2283,.4786,.6256,.6034,.6575
74,"st__basil_cathedral",.8,.9,.85,.8333,.825,.82,.16,.36,.48,.6,.68,.76,.2667,.5143,.6135,.6977,.7455,.7889
75,"statue_of_liberty",1.0,.9,.95,.9,.9,.9,.2,.36,.52,.6,.6,.6,.3333,.5143,.6721,.72,.72,.72
76,"stonehenge",1.0,.7,.65,.5333,.5,.46,.1579,.2105,.4211,.4737,.5263,.5263,.2727,.3237,.5111,.5017,.5128,.4909
77,"summer_palace_beijing",1.0,1.0,.95,.9,.85,.76,.16,.28,.44,.6,.64,.64,.2759,.4375,.6014,.72,.7302,.6949
78,"sydney_opera_house",1.0,.9,.9,.8667,.9,.9,.2,.32,.48,.6,.64,.68,.3333,.4721,.6261,.7091,.7481,.7747
79,"teotihuacan",1.0,.7,.6,.6667,.725,.76,.16,.24,.32,.44,.56,.64,.2759,.3574,.4174,.5301,.6319,.6949
80,"terracotta_army",.6,.6,.6,.7,.75,.66,.15,.3,.55,.65,.7,.7,.24,.4,.5739,.6741,.7241,.6794
81,"the_blue_mosque",.8,.9,.9,.9333,.95,.94,.16,.24,.4,.6,.64,.72,.2667,.3789,.5538,.7304,.7648,.8154
82,"the_henry_ford",.8,.8,.7,.6333,.575,.6,.16,.24,.44,.52,.56,.64,.2667,.3692,.5404,.5711,.5674,.6194
83,"taj_mahal",1.0,.9,.95,.8667,.9,.9,.16,.28,.36,.52,.68,.72,.2759,.4271,.5221,.65,.7747,.8
84,"tour_montparnasse",.8,.8,.6,.4333,.4,.4,.15,.25,.4,.4,.45,.5,.2526,.381,.48,.416,.4235,.4444
85,"tower_bridge_london",.6,.7,.65,.5333,.55,.54,.08,.2,.4,.44,.6,.64,.1412,.3111,.4952,.4822,.5739,.5858
86,"trafalgar_square",.4,.5,.5,.5333,.525,.48,.0909,.1818,.2727,.3636,.4091,.4545,.1481,.2667,.3529,.4324,.4599,.4669
87,"leaning_tower_of_pisa",.8,.6,.4,.5,.575,.66,.16,.2,.24,.48,.56,.68,.2667,.3,.3,.4898,.5674,.6699
88,"hermitage_museum_saint_petersburg",1.0,.9,.85,.9,.9,.9,.2,.24,.4,.6,.68,.72,.3333,.3789,.544,.72,.7747,.8
89,"jantar_mantar_jaipur",.8,.7,.85,.8,.85,.86,.12,.24,.52,.64,.68,.76,.2087,.3574,.6453,.7111,.7556,.8069
90,"lake_titicaca_peru",.4,.6,.7,.7,.625,.58,.0833,.2083,.4583,.5833,.625,.7083,.1379,.3093,.554,.6364,.625,.6378
91,"the_great_wall_of_china",.8,.8,.85,.9,.85,.88,.16,.24,.4,.44,.6,.72,.2667,.3692,.544,.591,.7034,.792
92,"grande_arche_paris",.4,.4,.55,.6,.575,.64,.08,.12,.28,.32,.48,.56,.1333,.1846,.3711,.4174,.5232,.5973
93,"el_angel_mexico",.6,.8,.6,.5667,.55,.46,.1429,.2857,.381,.4762,.619,.6667,.2308,.4211,.466,.5175,.5825,.5444
94,"bibliotheque_nationale_de_france",.6,.7,.75,.8,.825,.8,.12,.2,.32,.52,.56,.6,.2,.3111,.4486,.6303,.6671,.6857
95,"kronborg_castle",.6,.7,.65,.7,.775,.82,.125,.2917,.4583,.5,.5833,.625,.2069,.4118,.5376,.5833,.6656,.7093
96,"ajanta_caves",.8,.8,.9,.8667,.9,.88,.1818,.2727,.5909,.6364,.6818,.7273,.2963,.4068,.7134,.7339,.7759,.7964
97,"atomium",.8,.9,.95,.9667,.975,.98,.1905,.3333,.381,.4286,.5714,.5714,.3077,.4865,.5438,.5939,.7206,.7219
98,"ellora_caves",1.0,1.0,.95,.9667,.95,.96,.1818,.2727,.4545,.5455,.5455,.6364,.3077,.4286,.6149,.6974,.693,.7654
99,"potala_palace",1.0,1.0,1.0,.8667,.8,.78,.2778,.3333,.3889,.5,.5556,.6667,.4348,.5,.56,.6341,.6557,.7189
100,"jokhang",1.0,.9,.85,.8333,.825,.84,.12,.2,.36,.48,.64,.64,.2143,.3273,.5058,.6091,.7208,.7265
101,"rila_monastery",.8,.9,.8,.8,.8,.82,.12,.24,.4,.4,.4,.52,.2087,.3789,.5333,.5333,.5333,.6364
102,"louvre_pyramid",.8,.9,.85,.8667,.9,.84,.0556,.3333,.4444,.5556,.6667,.6667,.1039,.4865,.5837,.6771,.766,.7434
103,"brooklyn_bridge",1.0,1.0,.95,.8667,.85,.88,.1429,.2857,.4286,.5238,.6667,.7143,.25,.4444,.5907,.653,.7473,.7885
104,"tower_of_london",.8,.8,.8,.8,.825,.76,.087,.1304,.2174,.3478,.4348,.5217,.1569,.2243,.3419,.4848,.5695,.6187
105,"british_museum_london",1.0,.9,.9,.9,.925,.94,.15,.3,.45,.6,.7,.75,.2609,.45,.6,.72,.7969,.8343
106,"buckingham_palace",.4,.6,.35,.3667,.325,.34,.1,.15,.15,.25,.3,.35,.16,.24,.21,.2973,.312,.3449
107,"charles_bridge_prague",.8,.9,.55,.5333,.475,.5,.125,.2083,.25,.2917,.375,.4583,.2162,.3383,.3438,.3771,.4191,.4783
108,"champs_elysees_paris",.2,.6,.45,.6,.575,.56,.0667,.2,.2667,.3333,.4,.5333,.1,.3,.3349,.4286,.4718,.5463
109,"chrysler_building",1.0,1.0,1.0,.9333,.95,.96,.1429,.4286,.6429,.8571,.9286,.9286,.25,.6,.7826,.8936,.9392,.944
110,"moma_new_york",.8,.8,.9,.9,.85,.86,.2105,.2105,.4211,.4737,.4737,.4737,.3333,.3333,.5737,.6207,.6083,.6109
111,"grand_central_terminal",1.0,1.0,1.0,1.0,.975,.92,.2381,.2381,.381,.4762,.5238,.619,.3846,.3846,.5517,.6452,.6815,.7401
112,"houses_of_parliament",1.0,1.0,1.0,1.0,.975,.98,.1304,.2609,.3043,.4348,.5217,.5217,.2308,.4138,.4667,.6061,.6797,.6809
113,"alexanderplatz_berlin",.2,.5,.55,.5,.55,.56,.04,.2,.4,.52,.56,.64,.0667,.2857,.4632,.5098,.555,.5973
114,"centre_pompidou",1.0,1.0,.9,.8667,.8,.76,.2222,.3889,.5556,.6667,.7778,.8333,.3636,.56,.687,.7536,.7887,.795
115,"sydney_harbour_bridge",1.0,1.0,1.0,1.0,1.0,.98,.1875,.25,.375,.5625,.75,.75,.3158,.4,.5455,.72,.8571,.8497
116,"pier_39",1.0,1.0,.85,.8333,.8,.82,.2381,.3333,.4286,.4762,.5714,.5714,.3846,.5,.5698,.6061,.6667,.6735
117,"coit_tower",.8,.8,.6,.6333,.5,.5,.2,.4,.4667,.5333,.6,.6,.32,.5333,.525,.579,.5455,.5455
118,"st_paul_s_cathedral_london",1.0,1.0,.9,.9,.9,.88,.2353,.4118,.4706,.5294,.5882,.7059,.381,.5833,.618,.6667,.7115,.7834
119,"cloud_gate",.6,.8,.5,.6333,.625,.7,.1667,.3333,.3333,.5,.5833,.5833,.2609,.4706,.4,.5588,.6034,.6364
120,"musee_d_orsay",1.0,1.0,.95,.9667,.95,.94,.0952,.1905,.381,.4762,.5714,.619,.1739,.32,.5438,.6381,.7136,.7465
121,"pike_place_market",1.0,.9,.9,.8,.825,.84,.1905,.3333,.4286,.4762,.5238,.619,.32,.4865,.5806,.597,.6408,.7128
122,"royal_palace_madrid",.8,.9,.85,.8667,.9,.9,.1818,.2727,.3182,.5909,.6818,.8182,.2963,.4186,.463,.7027,.7759,.8571
123,"sony_center_berlin",1.0,.9,.8,.8333,.85,.84,.1429,.2857,.4286,.5238,.619,.619,.25,.4337,.5581,.6433,.7164,.7128
124,"red_square_moscow",.6,.7,.7,.8,.775,.72,.1429,.1905,.381,.5238,.619,.7143,.2308,.2995,.4934,.6331,.6883,.7171
125,"prague_castle",1.0,1.0,1.0,.9,.9,.9,.2,.2,.4,.48,.64,.76,.3333,.3333,.5714,.6261,.7481,.8241
126,"musee_du_louvre",.8,.9,.95,.9667,.975,.96,.12,.28,.52,.64,.68,.76,.2087,.4271,.6721,.7701,.8012,.8484
127,"millennium_bridge_london",.6,.8,.85,.8667,.825,.78,.12,.28,.4,.48,.56,.68,.2,.4148,.544,.6178,.6671,.7266
128,"casa_mila",1.0,1.0,.95,.9333,.925,.9,.2,.28,.36,.48,.6,.72,.3333,.4375,.5221,.634,.7279,.8
129,"national_gallery_london",1.0,.9,.65,.7667,.675,.62,.1818,.3182,.4545,.5909,.6364,.6818,.3077,.4701,.535,.6674,.6551,.6494
130,"national_mall",1.0,1.0,.95,.9667,.9,.86,.2,.32,.44,.68,.72,.8,.3333,.4848,.6014,.7984,.8,.8289
131,"london_city_hall",1.0,1.0,.85,.7667,.7,.64,.2,.3,.5,.6,.6,.6,.3333,.4615,.6296,.6732,.6462,.6194
132,"holocaust_memorial",.6,.8,.6,.5333,.5,.52,.125,.3125,.4375,.5,.6875,.75,.2069,.4494,.506,.5161,.5789,.6142
133,"columbus_circle",.4,.4,.5,.4,.45,.48,.08,.16,.36,.44,.52,.6,.1333,.2286,.4186,.419,.4825,.5333
134,"siegessaeule",.6,.8,.85,.6667,.525,.52,.12,.2,.48,.56,.56,.6,.2,.32,.6135,.6087,.5419,.5571
135,"jardin_du_luxembourg",1.0,1.0,1.0,1.0,.95,.96,.12,.32,.52,.64,.76,.8,.2143,.4848,.6842,.7805,.8444,.8727
136,"merlion_singapore",.0,.2,.25,.4333,.5,.56,.0,.0909,.2273,.4545,.5909,.7727,.0,.125,.2381,.4437,.5417,.6494
137,"harrods_london",.8,.9,.75,.8,.85,.88,.12,.24,.4,.48,.56,.68,.2087,.3789,.5217,.6,.6752,.7672
138,"metropolitan_museum_of_art_new_york",1.0,1.0,.9,.9333,.95,.96,.16,.24,.36,.56,.64,.72,.2759,.3871,.5143,.7,.7648,.8229
139,"new_york_stock_exchange",1.0,1.0,.8,.6333,.5,.56,.2,.25,.3,.4,.4,.55,.3333,.4,.4364,.4903,.4444,.555
140,"stephansdom_vienna",1.0,1.0,1.0,1.0,.975,.94,.2,.36,.52,.64,.72,.72,.3333,.5294,.6842,.7805,.8283,.8154
141,"hms_belfast",1.0,.9,.85,.9,.9,.9,.16,.32,.48,.56,.64,.68,.2759,.4721,.6135,.6904,.7481,.7747
142,"leicester_square",.8,.9,.9,.8667,.875,.88,.16,.2,.32,.52,.56,.64,.2667,.3273,.4721,.65,.6829,.7411
143,"ciudad_de_las_artes_y_las_ciencias",1.0,1.0,1.0,.9667,.975,.98,.16,.24,.48,.56,.6,.64,.2759,.3871,.6486,.7092,.7429,.7743
144,"topkapi_palace",1.0,1.0,1.0,.9667,.975,.96,.16,.32,.44,.6,.76,.8,.2759,.4848,.6111,.7404,.8542,.8727
145,"royal_albert_hall",1.0,.8,.75,.6667,.6,.6,.12,.2,.24,.36,.48,.52,.2143,.32,.3636,.4675,.5333,.5571
146,"st_vitus_cathedral",.8,.9,.95,.9,.925,.94,.12,.16,.28,.44,.6,.68,.2087,.2717,.4325,.591,.7279,.7891
147,"castello_sforzesco",.8,.9,.9,.9333,.9,.88,.12,.28,.44,.6,.64,.64,.2087,.4271,.591,.7304,.7481,.7411
148,"rijksmuseum_amsterdam",1.0,1.0,1.0,1.0,.975,.98,.16,.16,.4,.56,.72,.8,.2759,.2759,.5714,.7179,.8283,.8809
149,"dam_square",1.0,.9,.75,.6667,.65,.7,.16,.32,.4,.44,.52,.56,.2759,.4721,.5217,.5301,.5778,.6222
150,"rathaus_vienna",.8,.7,.65,.5667,.575,.58,.12,.12,.2,.28,.4,.48,.2087,.2049,.3059,.3748,.4718,.5253
151,"bath_abbey",1.0,1.0,1.0,1.0,.95,.94,.16,.32,.48,.56,.6,.72,.2759,.4848,.6486,.7179,.7355,.8154
152,"salisbury_cathedral",1.0,1.0,.95,.9333,.95,.96,.2,.32,.44,.56,.64,.76,.3333,.4848,.6014,.7,.7648,.8484
153,"templo_de_debod",.2,.4,.4,.4333,.425,.4,.0455,.1364,.2273,.4091,.5,.5455,.0741,.2034,.2899,.4209,.4595,.4615
154,"Niagara_Falls",.6,.6,.6,.6667,.7,.7,.0909,.1818,.3636,.5455,.5909,.5909,.1579,.2791,.4528,.6,.6408,.6408
155,"Golden_Gate_Bridge_in_San_Francisco",.8,.9,.9,.9,.925,.92,.0909,.2727,.4545,.5,.5455,.6818,.1633,.4186,.604,.6429,.6862,.7832
156,"Neuschwanstein_Castle",1.0,.9,.95,.9667,.975,.98,.16,.28,.52,.52,.68,.72,.2759,.4271,.6721,.6762,.8012,.8301
157,"Christ_Church_Cathedral_Missouri",1.0,1.0,1.0,.9667,.8,.8,.12,.28,.32,.44,.44,.56,.2143,.4375,.4848,.6047,.5677,.6588
158,"Mount_Rushmore_in_South_Dakota",.8,.9,.85,.9,.925,.92,.12,.2,.36,.4,.44,.48,.2087,.3273,.5058,.5538,.5963,.6309
159,"Puerta_de_Toledo",.2,.1,.1,.0667,.05,.06,.5,.5,.5,.5,.5,1.0,.2857,.1667,.1667,.1176,.0909,.1132
160,"Urquhart_Castle",.8,.9,.9,.9333,.95,.92,.125,.25,.4583,.625,.75,.875,.2162,.3913,.6074,.7487,.8382,.8969
161,"Gare_du_Nord_Paris",.8,.7,.7,.7,.65,.66,.08,.2,.36,.48,.56,.64,.1455,.3111,.4755,.5695,.6017,.6498
162,"Newgrange_in_Ireland",.6,.7,.75,.6667,.675,.72,.125,.25,.4167,.4583,.5417,.5417,.2069,.3684,.5357,.5432,.601,.6182
163,"Windmills_at_Kinderdijk",1.0,1.0,.95,.9,.85,.86,.16,.2,.36,.4,.48,.52,.2759,.3333,.5221,.5538,.6135,.6481
164,"Conciergerie",1.0,.9,.95,.9333,.925,.92,.2,.28,.48,.52,.64,.64,.3333,.4271,.6378,.6679,.7565,.7549
165,"Palazzo_Madama",.8,.9,.7,.6667,.625,.64,.1818,.3182,.4091,.5455,.6818,.8182,.2963,.4701,.5164,.6,.6522,.7182
166,"Split_Rock_Lighthouse",1.0,1.0,.85,.8,.825,.82,.16,.2,.32,.48,.56,.6,.2759,.3333,.465,.6,.6671,.693
167,"The_Little_Mermaid_Denmark",1.0,1.0,.85,.8333,.775,.82,.1429,.3571,.5,.6429,.6429,.8571,.25,.5263,.6296,.7258,.7028,.8382
168,"Great_Pyramid_of_Giza",.6,.6,.65,.6333,.55,.56,.2,.4,.5333,.6,.6667,.7333,.3,.48,.5859,.6162,.6027,.6351
169,"Pitti_Palace",.8,.8,.85,.6333,.525,.5,.1818,.3636,.4545,.4545,.5,.5909,.2963,.5,.5923,.5292,.5122,.5417
170,"Georgia_State_Capitol",1.0,.9,.45,.3,.225,.2,.2105,.2632,.2632,.2632,.2632,.2632,.3478,.4072,.3321,.2804,.2426,.2273
171,"Dome_des_Invalides",1.0,1.0,1.0,1.0,1.0,.96,.12,.12,.36,.44,.52,.6,.2143,.2143,.5294,.6111,.6842,.7385
172,"Reggia_di_Caserta",1.0,.6,.5,.5667,.55,.64,.2,.24,.36,.48,.52,.6,.3333,.3429,.4186,.5197,.5346,.6194
173,"The_Burj_al_Arab_Hotel",.6,.7,.8,.8,.8,.76,.12,.24,.32,.44,.52,.56,.2,.3574,.4571,.5677,.6303,.6448
174,"Elephanta_Caves",1.0,1.0,1.0,1.0,.85,.72,.1667,.2083,.4583,.7083,.7083,.75,.2857,.3448,.6286,.8293,.7727,.7347
175,"Basilica_of_Santa_Croce",1.0,1.0,1.0,1.0,1.0,.98,.16,.2,.36,.4,.52,.64,.2759,.3333,.5294,.5714,.6842,.7743
176,"Aachen_Cathedral",.8,.8,.9,.9333,.95,.96,.12,.16,.36,.44,.64,.68,.2087,.2667,.5143,.5981,.7648,.7961
177,"Monument_to_the_Great_Fire_of_London",1.0,.7,.6,.5667,.55,.6,.2,.24,.4,.6,.64,.72,.3333,.3574,.48,.5829,.5916,.6545
178,"Longmen_Grottoes",1.0,.9,.55,.6,.675,.68,.2,.36,.44,.52,.64,.72,.3333,.5143,.4889,.5571,.657,.6994
179,"Louisiana_State_Capitol",.2,.4,.3,.2667,.375,.4,.04,.12,.16,.24,.44,.52,.0667,.1846,.2087,.2526,.4049,.4522
180,"The_Great_Sphinx_at_Giza",.6,.8,.75,.8333,.8,.78,.12,.24,.36,.52,.6,.68,.2,.3692,.4865,.6404,.6857,.7266
181,"Teatro_Real_Madrid",1.0,.9,.85,.7333,.7,.7,.1739,.3043,.4783,.5652,.6957,.8261,.2963,.4549,.6121,.6384,.6978,.7578
182,"Palacio_de_la_Magdalena",.8,.8,.85,.8333,.725,.68,.16,.32,.44,.6,.64,.72,.2667,.4571,.5798,.6977,.6799,.6994
183,"Sowjetisches_Ehrenmal",.8,.5,.6,.7333,.75,.7,.12,.16,.4,.68,.84,.88,.2087,.2424,.48,.7057,.7925,.7797
184,"Cathedral_of_Trier",1.0,.9,.9,.9,.925,.94,.12,.28,.48,.6,.76,.84,.2143,.4271,.6261,.72,.8344,.8872
185,"Saint_Mary_of_the_Flower",.0,.2,.3,.3,.275,.26,.0,.08,.16,.16,.16,.2,.0,.1143,.2087,.2087,.2023,.2261
186,"Skellig_Michael",.8,.7,.65,.7,.7,.72,.12,.24,.4,.52,.6,.68,.2087,.3574,.4952,.5967,.6462,.6994
187,"Chicago_Board_of_Trade_Building",.8,.7,.65,.7667,.75,.78,.1818,.2727,.3182,.4091,.5455,.5909,.2963,.3925,.4272,.5335,.6316,.6724
188,"Pont_de_Normandie_France",1.0,1.0,1.0,1.0,.925,.82,.2632,.4737,.6316,.7368,.8947,.8947,.4167,.6429,.7742,.8485,.9096,.8557
189,"Palazzo_Rosso",.2,.1,.15,.2,.175,.14,.0417,.0417,.125,.25,.2917,.2917,.069,.0588,.1364,.2222,.2188,.1892
190,"Piazza_Vittorio_Veneto",1.0,.6,.35,.4,.475,.42,.25,.3125,.375,.5,.8125,.875,.4,.411,.3621,.4444,.5995,.5676
191,"Sforza_Castle",1.0,1.0,1.0,1.0,.95,.9,.16,.28,.44,.56,.6,.68,.2759,.4375,.6111,.7179,.7355,.7747
192,"Torres_KIO",.8,.9,.9,.9,.8,.76,.12,.28,.36,.52,.64,.64,.2087,.4271,.5143,.6592,.7111,.6949
193,"Torre_Picasso",1.0,1.0,.65,.6333,.65,.72,.1667,.25,.375,.4167,.5,.625,.2857,.4,.4756,.5026,.5652,.6691
194,"The_Palace_of_Parliament_in_Bucharest",.8,.9,.95,.9667,.925,.84,.12,.16,.36,.56,.6,.68,.2087,.2717,.5221,.7092,.7279,.7516
195,"Ernest_Hemingway_House",.8,.6,.7,.7667,.775,.8,.12,.2,.44,.56,.64,.72,.2087,.3,.5404,.6472,.7011,.7579
196,"Castel_dellOvo_Napoli",.8,.9,.85,.8333,.775,.8,.16,.32,.52,.6,.64,.68,.2667,.4721,.6453,.6977,.7011,.7351
197,"Villa_Borghese_gardens",1.0,1.0,1.0,.9667,.975,.98,.2,.32,.48,.56,.56,.72,.3333,.4848,.6486,.7092,.7114,.8301
198,"Saint_Marks_Basilica",1.0,1.0,1.0,1.0,.975,.9,.12,.24,.32,.36,.48,.52,.2143,.3871,.4848,.5294,.6433,.6592
199,"Mausoleum_of_the_First_Qin_Emperor",.8,.9,.7,.8,.775,.8,.12,.28,.4,.48,.52,.72,.2087,.4271,.5091,.6,.6224,.7579
200,"Mausoleum_of_Hadrian",1.0,1.0,.9,.6667,.525,.56,.2222,.2778,.5,.5,.5,.7222,.3636,.4348,.6429,.5714,.5122,.6308
201,"Piazza_de_Ferrari",1.0,1.0,1.0,.9333,.925,.88,.1579,.3158,.4211,.4211,.4737,.5263,.2727,.48,.5926,.5803,.6265,.6587
202,"George_Washington_Carver",.2,.3,.35,.4333,.475,.44,.0625,.1875,.25,.5,.625,.625,.0952,.2308,.2917,.4643,.5398,.5164
203,"Cathedral_of_Santiago_de_Compostela",.6,.8,.85,.8667,.85,.88,.1765,.2941,.5882,.6471,.7059,.7647,.2727,.4301,.6953,.7409,.7713,.8183
204,"Saint-Jacques_Tower",.8,.9,.8,.7667,.775,.78,.2308,.3077,.3077,.4615,.7692,.8462,.3582,.4586,.4444,.5762,.7721,.8117
205,"Calakmul_Campeche_Mexico",.6,.8,.75,.6667,.7,.68,.1429,.3571,.4286,.6429,.7143,.8571,.2308,.4938,.5455,.6545,.7071,.7584
206,"Bran_Castle_in_Transylvania",1.0,.9,.9,.9333,.825,.84,.2632,.3684,.5263,.7368,.7368,.7895,.4167,.5228,.6642,.8235,.7784,.814
207,"Mosteiro_da_Batalha",1.0,1.0,1.0,1.0,1.0,1.0,.2105,.3684,.5263,.6316,.7368,.7895,.3478,.5385,.6897,.7742,.8485,.8824
208,"Wartburg_Castle",1.0,1.0,.9,.9333,.95,.96,.15,.25,.45,.65,.75,.85,.2609,.4,.6,.7663,.8382,.9017
209,"Fujian_Tulou_Fujian_China",1.0,1.0,1.0,.9667,.975,.94,.2222,.3889,.6111,.7222,.8333,.8333,.3636,.56,.7586,.8268,.8986,.8835
210,"Alabama_State_Capitol",1.0,1.0,.9,.8667,.85,.78,.1905,.381,.5238,.619,.8095,.8571,.32,.5517,.6622,.7222,.8293,.8168
211,"Palazzo_dAccursio",1.0,.9,.8,.8,.8,.82,.1111,.2222,.3889,.4444,.4444,.5556,.2,.3564,.5234,.5714,.5714,.6624
212,"Casa_Grande_Ruins",.8,.8,.85,.8,.85,.86,.1765,.2941,.4118,.4706,.4706,.4706,.2892,.4301,.5548,.5926,.6058,.6083
213,"Stravinsky_Fountain",1.0,1.0,1.0,.9667,.9,.88,.2667,.4,.4667,.4667,.4667,.5333,.4211,.5714,.6364,.6295,.6146,.6642
214,"Angel_Falls_Venezuela",.6,.6,.55,.5333,.525,.48,.1765,.2353,.4706,.5882,.6471,.7647,.2727,.338,.5072,.5594,.5797,.5898
215,"Statue_of_George_IV",.8,.6,.55,.5333,.4,.32,.5,.5,.75,1.0,1.0,1.0,.6154,.5455,.6346,.6957,.5714,.4848
216,"Palacio_Barolo",.8,.9,.95,.9667,.95,.92,.1765,.2353,.3529,.5294,.6471,.6471,.2892,.3731,.5147,.6841,.7698,.7598
217,"Bridge_of_Remembrance_Christchurch_New_Zealand",1.0,1.0,.85,.7333,.575,.46,.25,.5,.9167,1.0,1.0,1.0,.4,.6667,.8821,.8462,.7302,.6301
218,"John_A._Roebling_Suspension_Bridge",.2,.2,.35,.4,.4,.38,.0667,.1333,.4667,.6,.7333,.7333,.1,.16,.4,.48,.5176,.5006
219,"Blue_Dome_Santorini",1.0,.9,.95,.8667,.9,.9,.3125,.5,.6875,.8125,.875,.9375,.4762,.6429,.7977,.8387,.8873,.9184
220,"Fossar_de_les_Moreres",.4,.7,.5,.4333,.325,.34,.1429,.4286,.5,.5714,.5714,.6429,.2105,.5316,.5,.4929,.4143,.4448
221,"Luxor_Obelisk_France",.8,.8,.65,.7333,.725,.74,.25,.3125,.3125,.375,.4375,.5625,.381,.4494,.4221,.4962,.5457,.6392
222,"Valle_de_los_Caidos",1.0,1.0,1.0,.9333,.925,.94,.2,.4,.55,.6,.75,.85,.3333,.5714,.7097,.7304,.8284,.8927
--------------------
"--","Avg.",P@5,P@10,P@20,P@30,P@40,P@50,CR@5,CR@10,CR@20,CR@30,CR@40,CR@50,F1@5,F1@10,F1@20,F1@30,F1@40,F1@50
,.,8018,.8009,.7687,.764,.7538,.7463,.1527,.2577,.4054,.5195,.6058,.6702,.2514,.3823,.5203,.606,.6579,.6909
