--------------------
"Run name","output_runFCTHDunnIndex"
--------------------
"Average P@20 = ",.8023
"Average CR@20 = ",.383
"Average F1@20 = ",.5069
--------------------
"Query Id ","Location name",P@5,P@10,P@20,P@30,P@40,P@50,CR@5,CR@10,CR@20,CR@30,CR@40,CR@50,F1@5,F1@10,F1@20,F1@30,F1@40,F1@50
1,"angel_of_the_north",1.0,1.0,1.0,1.0,1.0,1.0,.16,.24,.36,.52,.68,.76,.2759,.3871,.5294,.6842,.8095,.8636
2,"big_ben",1.0,1.0,1.0,.9,.875,.82,.2273,.3182,.4091,.4545,.5909,.6364,.3704,.4828,.5806,.604,.7054,.7166
3,"hearst_castle",1.0,.9,.95,.9333,.9,.92,.2083,.3333,.5417,.75,.875,.9167,.3448,.4865,.6899,.8317,.8873,.9183
4,"la_madeleine",.0,.0,.2,.4,.45,.46,.0,.0,.2143,.4286,.6429,.7857,.0,.0,.2069,.4138,.5294,.5803
5,"pont_alexandre_iii",1.0,.9,.95,.9667,.975,.98,.2,.28,.32,.4,.48,.64,.3333,.4271,.4787,.5659,.6433,.7743
6,"neues_museum",.0,.0,.05,.2,.35,.4,.0,.0,.04,.24,.4,.48,.0,.0,.0444,.2182,.3733,.4364
7,"montezuma_castle",1.0,.9,.7,.6333,.575,.54,.25,.4167,.5833,.6667,.75,.75,.4,.5696,.6364,.6496,.6509,.6279
8,"cn_tower",.4,.4,.45,.6333,.625,.6,.0833,.125,.2917,.5,.5,.5833,.1379,.1905,.3539,.5588,.5556,.5915
9,"acropolis_athens",.6,.7,.85,.8667,.9,.88,.0952,.2381,.4286,.4762,.5238,.5238,.1644,.3553,.5698,.6147,.6622,.6567
10,"agra_fort",1.0,.9,.85,.9,.925,.9,.16,.28,.48,.64,.68,.72,.2759,.4271,.6135,.7481,.7838,.8
11,"albert_memorial",.6,.8,.85,.6667,.675,.74,.0909,.0909,.2273,.3182,.4545,.5,.1579,.1633,.3586,.4308,.5433,.5968
12,"altes_museum",.8,.9,.9,.7333,.625,.68,.0833,.1667,.375,.4583,.5,.5833,.1509,.2812,.5294,.5641,.5556,.628
13,"amiens_cathedral",1.0,1.0,.95,.9667,.975,.92,.16,.28,.56,.64,.72,.76,.2759,.4375,.7046,.7701,.8283,.8324
14,"angkor_wat",.4,.6,.65,.7667,.825,.84,.08,.24,.32,.56,.72,.76,.1333,.3429,.4289,.6472,.7689,.798
15,"ara_pacis",1.0,.8,.8,.7,.625,.62,.2273,.3636,.5,.5909,.6364,.6364,.3704,.5,.6154,.6408,.6306,.6281
16,"arc_de_triomphe",1.0,1.0,.9,.9,.85,.76,.125,.2083,.3333,.5,.625,.6667,.2222,.3448,.4865,.6429,.7203,.7103
17,"aztec_ruins",.0,.0,.1,.1333,.125,.2,.0,.0,.08,.16,.2,.32,.0,.0,.0889,.1455,.1538,.2462
18,"berlin_cathedral",1.0,1.0,.95,.9667,.975,.98,.16,.32,.44,.56,.6,.64,.2759,.4848,.6014,.7092,.7429,.7743
19,"bok_tower_gardens",1.0,.9,.75,.8,.825,.84,.2,.32,.48,.64,.68,.76,.3333,.4721,.5854,.7111,.7455,.798
20,"brandenburg_gate",1.0,1.0,1.0,1.0,.975,.98,.12,.24,.32,.44,.44,.52,.2143,.3871,.4848,.6111,.6064,.6795
21,"cabrillo",.2,.3,.3,.2,.175,.14,.0769,.2308,.3846,.3846,.4615,.4615,.1111,.2609,.3371,.2632,.2538,.2148
22,"casa_batllo",1.0,1.0,1.0,1.0,1.0,1.0,.16,.24,.36,.52,.72,.72,.2759,.3871,.5294,.6842,.8372,.8372
23,"casa_rosada",.8,.7,.85,.9,.925,.94,.12,.24,.32,.44,.6,.76,.2087,.3574,.465,.591,.7279,.8405
24,"castillo_de_san_marcos",1.0,.9,.55,.5667,.65,.62,.16,.24,.28,.36,.48,.56,.2759,.3789,.3711,.4403,.5522,.5885
25,"chartres_cathedral",.8,.9,.95,.9333,.9,.92,.12,.24,.44,.56,.68,.76,.2087,.3789,.6014,.7,.7747,.8324
26,"chichen_itza",.8,.9,.75,.8,.775,.82,.16,.2,.28,.36,.48,.6,.2667,.3273,.4078,.4966,.5928,.693
27,"christ_the_redeemer_rio",.4,.6,.65,.6,.55,.48,.087,.1739,.2609,.3043,.4348,.5217,.1429,.2697,.3723,.4038,.4857,.5
28,"civic_center_san_francisco",.8,.9,.8,.7667,.65,.64,.16,.32,.44,.56,.6,.64,.2667,.4721,.5677,.6472,.624,.64
29,"cologne_cathedral",1.0,1.0,1.0,.9667,.975,.96,.12,.24,.4,.44,.52,.6,.2143,.3871,.5714,.6047,.6783,.7385
30,"colosseum",1.0,1.0,1.0,1.0,1.0,.96,.12,.2,.44,.56,.6,.64,.2143,.3333,.6111,.7179,.75,.768
31,"doge_s_palace",1.0,1.0,.95,.8333,.75,.78,.12,.2,.36,.4,.48,.52,.2143,.3333,.5221,.5405,.5854,.624
32,"eiffel_tower",.8,.9,.95,.9333,.9,.88,.16,.24,.4,.44,.48,.68,.2667,.3789,.563,.5981,.6261,.7672
33,"golden_gate_bridge",1.0,.8,.8,.8,.775,.8,.1739,.2609,.4783,.4783,.4783,.5217,.2963,.3934,.5986,.5986,.5915,.6316
34,"grand_palais",1.0,.9,.9,.8667,.9,.92,.0909,.1818,.3636,.4091,.5,.5455,.1667,.3025,.518,.5558,.6429,.6849
35,"guggenheim_museum_bilbao",1.0,1.0,1.0,1.0,1.0,1.0,.12,.16,.36,.44,.52,.56,.2143,.2759,.5294,.6111,.6842,.7179
36,"hagia_sophia_istanbul",1.0,1.0,1.0,1.0,1.0,1.0,.16,.24,.32,.44,.6,.6,.2759,.3871,.4848,.6111,.75,.75
37,"hoover_dam",1.0,.9,.95,.9333,.95,.94,.16,.2,.4,.52,.52,.64,.2759,.3273,.563,.6679,.6721,.7615
38,"humayun_tomb",1.0,.6,.65,.6667,.65,.72,.12,.12,.32,.48,.6,.64,.2143,.2,.4289,.5581,.624,.6776
39,"iguazu_falls",1.0,.9,.85,.9,.825,.82,.16,.28,.48,.68,.72,.8,.2759,.4271,.6135,.7747,.7689,.8099
40,"iolani_palace",1.0,1.0,.9,.8333,.825,.8,.12,.28,.32,.52,.68,.68,.2143,.4375,.4721,.6404,.7455,.7351
41,"la_mezquita",.6,.8,.85,.7333,.775,.7,.125,.2917,.4583,.5,.5,.5833,.2069,.4275,.5955,.5946,.6078,.6364
42,"la_rambla_barcelona",.8,.9,.95,.9333,.925,.92,.12,.2,.36,.44,.56,.56,.2087,.3273,.5221,.5981,.6976,.6962
43,"la_sainte_chapelle",1.0,1.0,.95,.9333,.95,.96,.16,.32,.48,.52,.68,.72,.2759,.4848,.6378,.6679,.7926,.8229
44,"liberty_memorial",1.0,.6,.45,.6,.7,.72,.12,.12,.2,.28,.48,.56,.2143,.2,.2769,.3818,.5695,.63
45,"lincoln_home",1.0,1.0,.95,.9333,.95,.92,.2778,.3333,.4444,.7222,.7778,.8333,.4348,.5,.6056,.8143,.8553,.8745
46,"machu_picchu",1.0,.9,.7,.6667,.675,.68,.16,.24,.4,.44,.48,.6,.2759,.3789,.5091,.5301,.561,.6375
47,"marble_arch_london",.8,.7,.7,.5667,.5,.4,.3333,.4167,.6667,.6667,.75,.75,.4706,.5224,.6829,.6126,.6,.5217
48,"milan_cathedral",1.0,1.0,.9,.8667,.85,.88,.16,.24,.32,.52,.6,.72,.2759,.3871,.4721,.65,.7034,.792
49,"mole_antonelliana",1.0,1.0,.9,.8667,.725,.72,.12,.2,.24,.32,.4,.48,.2143,.3333,.3789,.4674,.5156,.576
50,"mont_saint_michel",1.0,1.0,1.0,1.0,.975,.98,.12,.2,.4,.44,.48,.6,.2143,.3333,.5714,.6111,.6433,.7443
51,"moulin_rouge",.0,.0,.0,.0667,.125,.1,.0,.0,.0,.25,.5,.5,.0,.0,.0,.1053,.2,.1667
52,"nelson_s_column",.8,.9,.95,.9667,.975,.98,.0417,.1667,.2917,.4583,.5833,.5833,.0792,.2812,.4463,.6218,.7299,.7313
53,"notre_dame_de_paris",.8,.9,.9,.9333,.925,.9,.16,.24,.4,.56,.64,.68,.2667,.3789,.5538,.7,.7565,.7747
54,"obelisco",.2,.1,.1,.1,.075,.14,.0909,.0909,.0909,.1818,.1818,.4545,.125,.0952,.0952,.129,.1062,.2141
55,"piccadilly_circus",1.0,.9,.9,.8333,.75,.8,.1304,.1739,.4348,.4348,.5652,.6087,.2308,.2915,.5863,.5714,.6446,.6914
56,"place_de_la_concorde",1.0,1.0,1.0,.9667,.975,.98,.12,.16,.36,.52,.52,.6,.2143,.2759,.5294,.6762,.6783,.7443
57,"place_de_la_republique",.2,.3,.4,.3,.25,.2,.125,.25,.625,.625,.75,.75,.1538,.2727,.4878,.4054,.375,.3158
58,"place_des_vosges",1.0,.8,.75,.8333,.8,.78,.08,.12,.28,.36,.44,.56,.1481,.2087,.4078,.5028,.5677,.6519
59,"pont_du_gard",.8,.9,.95,.8,.725,.76,.16,.24,.44,.52,.56,.64,.2667,.3789,.6014,.6303,.6319,.6949
60,"pont_neuf",1.0,1.0,.95,.8667,.825,.74,.16,.24,.4,.52,.64,.68,.2759,.3871,.563,.65,.7208,.7087
61,"ponte_vecchio",.8,.9,.9,.9,.925,.88,.125,.2083,.375,.5,.5417,.5833,.2162,.3383,.5294,.6429,.6832,.7016
62,"puerta_de_alcala",.2,.1,.35,.4667,.55,.62,.0526,.0526,.2632,.3684,.4737,.6316,.0833,.069,.3004,.4118,.509,.6257
63,"puerta_del_sol",.8,.9,.6,.5667,.5,.4,.1,.25,.3,.35,.4,.4,.1778,.3913,.4,.4327,.4444,.4
64,"red_fort",1.0,1.0,1.0,1.0,1.0,1.0,.2,.28,.52,.6,.68,.72,.3333,.4375,.6842,.75,.8095,.8372
65,"reims_cathedral",1.0,1.0,1.0,1.0,1.0,.96,.16,.28,.44,.52,.68,.68,.2759,.4375,.6111,.6842,.8095,.7961
66,"rialto_bridge",1.0,1.0,.9,.7667,.725,.66,.125,.25,.375,.5,.625,.6875,.2222,.4,.5294,.6053,.6713,.6735
67,"roman_forum_rome",.6,.8,.75,.7333,.725,.72,.12,.24,.4,.52,.56,.64,.2,.3692,.5217,.6085,.6319,.6776
68,"sacre_coeur",.6,.3,.5,.6,.55,.58,.0833,.0833,.25,.375,.4583,.5417,.1463,.1304,.3333,.4615,.5,.5602
69,"sagrada_familia",.8,.9,.95,.9333,.95,.96,.12,.2,.4,.52,.6,.64,.2087,.3273,.563,.6679,.7355,.768
70,"santa_maria_novella",.8,.5,.45,.5333,.6,.54,.12,.16,.28,.4,.48,.48,.2087,.2424,.3452,.4571,.5333,.5082
71,"schonbrunn_palace",1.0,1.0,1.0,1.0,.975,.98,.16,.24,.48,.52,.52,.64,.2759,.3871,.6486,.6842,.6783,.7743
72,"seville_cathedral",.8,.7,.8,.8333,.875,.9,.16,.24,.36,.48,.56,.56,.2667,.3574,.4966,.6091,.6829,.6904
73,"spanish_steps",1.0,.9,.8,.7333,.65,.66,.1364,.1818,.3636,.5,.5455,.6818,.24,.3025,.5,.5946,.5932,.6707
74,"st__basil_cathedral",1.0,1.0,.9,.8667,.825,.86,.16,.32,.48,.48,.52,.6,.2759,.4848,.6261,.6178,.6379,.7068
75,"statue_of_liberty",1.0,1.0,.95,.8667,.825,.82,.12,.16,.32,.48,.48,.6,.2143,.2759,.4787,.6178,.6069,.693
76,"stonehenge",1.0,.8,.8,.6333,.5,.54,.2105,.2105,.3158,.3684,.3684,.4211,.3478,.3333,.4528,.4658,.4242,.4732
77,"summer_palace_beijing",.6,.8,.85,.8667,.825,.78,.12,.24,.4,.56,.64,.72,.2,.3692,.544,.6804,.7208,.7488
78,"sydney_opera_house",.8,.9,.9,.9,.875,.88,.16,.32,.44,.56,.6,.6,.2667,.4721,.591,.6904,.7119,.7135
79,"teotihuacan",1.0,.9,.65,.6,.65,.7,.16,.28,.36,.44,.64,.68,.2759,.4271,.4634,.5077,.645,.6899
80,"terracotta_army",.2,.6,.45,.4,.525,.6,.05,.25,.3,.35,.65,.8,.08,.3529,.36,.3733,.5809,.6857
81,"the_blue_mosque",.6,.8,.8,.8667,.875,.9,.08,.2,.36,.52,.56,.64,.1412,.32,.4966,.65,.6829,.7481
82,"the_henry_ford",.8,.9,.65,.7,.7,.72,.16,.28,.28,.44,.52,.64,.2667,.4271,.3914,.5404,.5967,.6776
83,"taj_mahal",1.0,.8,.8,.8667,.9,.92,.16,.2,.36,.48,.56,.56,.2759,.32,.4966,.6178,.6904,.6962
84,"tour_montparnasse",.6,.7,.75,.6667,.6,.48,.15,.25,.4,.5,.55,.55,.24,.3684,.5217,.5714,.5739,.5126
85,"tower_bridge_london",1.0,1.0,.7,.6333,.675,.62,.12,.2,.32,.48,.52,.52,.2143,.3333,.4392,.5461,.5874,.5656
86,"trafalgar_square",.4,.4,.5,.4333,.4,.44,.0909,.1818,.2727,.3182,.4091,.4545,.1481,.25,.3529,.3669,.4045,.4472
87,"leaning_tower_of_pisa",.6,.5,.6,.5667,.625,.62,.12,.16,.36,.44,.64,.64,.2,.2424,.45,.4954,.6324,.6298
88,"hermitage_museum_saint_petersburg",1.0,1.0,.9,.7,.775,.82,.12,.24,.32,.36,.56,.6,.2143,.3871,.4721,.4755,.6502,.693
89,"jantar_mantar_jaipur",1.0,1.0,.95,.8667,.8,.8,.2,.32,.44,.52,.68,.72,.3333,.4848,.6014,.65,.7351,.7579
90,"lake_titicaca_peru",1.0,.7,.55,.5333,.525,.52,.0833,.1667,.2917,.4583,.5,.5833,.1538,.2692,.3812,.493,.5122,.5498
91,"the_great_wall_of_china",1.0,1.0,.9,.9,.875,.8,.2,.36,.44,.52,.56,.6,.3333,.5294,.591,.6592,.6829,.6857
92,"grande_arche_paris",.8,.7,.65,.6,.6,.68,.12,.2,.28,.32,.36,.44,.2087,.3111,.3914,.4174,.45,.5343
93,"el_angel_mexico",1.0,.9,.85,.7333,.7,.6,.1905,.2857,.4762,.5714,.6667,.7143,.32,.4337,.6104,.6423,.6829,.6522
94,"bibliotheque_nationale_de_france",.4,.6,.75,.7333,.75,.7,.08,.12,.24,.28,.44,.56,.1333,.2,.3636,.4053,.5546,.6222
95,"kronborg_castle",.8,.5,.65,.6667,.675,.68,.1667,.2083,.375,.5,.5417,.5833,.2759,.2941,.4756,.5714,.601,.628
96,"ajanta_caves",.6,.8,.8,.8667,.875,.88,.0909,.2273,.4091,.5,.6364,.6364,.1579,.354,.5414,.6341,.7368,.7386
97,"atomium",.8,.9,.95,.9667,.975,.96,.1429,.381,.381,.4286,.4286,.4286,.2424,.5353,.5438,.5939,.5954,.5926
98,"ellora_caves",1.0,1.0,1.0,1.0,1.0,.96,.1364,.2273,.4091,.4545,.5,.5909,.24,.3704,.5806,.625,.6667,.7315
99,"potala_palace",.8,.9,.95,.9,.85,.86,.1667,.2222,.2778,.3889,.5,.5556,.2759,.3564,.4299,.5431,.6296,.675
100,"jokhang",.8,.8,.8,.8333,.875,.86,.12,.16,.4,.52,.64,.68,.2087,.2667,.5333,.6404,.7393,.7595
101,"rila_monastery",.6,.7,.75,.8333,.875,.9,.12,.2,.24,.4,.48,.48,.2,.3111,.3636,.5405,.6199,.6261
102,"louvre_pyramid",1.0,1.0,.9,.9,.925,.88,.1111,.3333,.4444,.5,.5,.5556,.2,.5,.595,.6429,.6491,.6811
103,"brooklyn_bridge",1.0,.9,.9,.9333,.875,.86,.0476,.2381,.381,.4286,.5238,.5714,.0909,.3766,.5353,.5874,.6553,.6866
104,"tower_of_london",.6,.7,.8,.7333,.775,.74,.0435,.1304,.3043,.3913,.4348,.4783,.0811,.2199,.4409,.5103,.5571,.581
105,"british_museum_london",1.0,1.0,1.0,1.0,.975,.98,.1,.15,.35,.45,.55,.6,.1818,.2609,.5185,.6207,.7033,.7443
106,"buckingham_palace",.6,.6,.7,.6,.525,.46,.15,.2,.3,.3,.35,.35,.24,.3,.42,.4,.42,.3975
107,"charles_bridge_prague",1.0,1.0,.9,.8,.65,.6,.0833,.1667,.25,.2917,.3333,.4167,.1538,.2857,.3913,.4275,.4407,.4918
108,"champs_elysees_paris",.6,.6,.6,.5333,.6,.6,.1333,.2,.2667,.3333,.4,.5333,.2182,.3,.3692,.4103,.48,.5647
109,"chrysler_building",1.0,1.0,1.0,1.0,1.0,1.0,.2143,.3571,.4286,.5714,.7143,.9286,.3529,.5263,.6,.7273,.8333,.963
110,"moma_new_york",.8,.8,.85,.9,.925,.92,.1579,.2105,.2632,.4211,.5789,.5789,.2637,.3333,.4019,.5737,.7122,.7107
111,"grand_central_terminal",1.0,1.0,1.0,.9667,.975,.94,.0952,.1905,.2857,.5238,.5714,.5714,.1739,.32,.4444,.6794,.7206,.7108
112,"houses_of_parliament",1.0,1.0,.95,.9333,.925,.94,.1304,.2609,.3913,.4348,.4783,.5217,.2308,.4138,.5543,.5932,.6305,.671
113,"alexanderplatz_berlin",.0,.0,.35,.5333,.575,.64,.0,.0,.16,.4,.44,.6,.0,.0,.2196,.4571,.4985,.6194
114,"centre_pompidou",.8,.8,.65,.7333,.675,.64,.2222,.2778,.4444,.5,.5,.6111,.3478,.4124,.5279,.5946,.5745,.6252
115,"sydney_harbour_bridge",1.0,1.0,1.0,1.0,1.0,1.0,.25,.3125,.5,.5625,.5625,.6875,.4,.4762,.6667,.72,.72,.8148
116,"pier_39",1.0,1.0,.95,.9667,.95,.94,.1905,.2381,.381,.5714,.6667,.6667,.32,.3846,.5438,.7183,.7835,.7801
117,"coit_tower",.8,.6,.65,.7333,.6,.52,.1333,.2667,.2667,.3333,.4667,.5333,.2286,.3692,.3782,.4583,.525,.5266
118,"st_paul_s_cathedral_london",1.0,1.0,1.0,1.0,.875,.84,.1765,.2941,.5294,.6471,.6471,.7647,.3,.4545,.6923,.7857,.744,.8006
119,"cloud_gate",.4,.7,.75,.6,.5,.56,.1667,.25,.3333,.3333,.4167,.5,.2353,.3684,.4615,.4286,.4545,.5283
120,"musee_d_orsay",1.0,.9,.95,.9667,.95,.94,.1905,.2381,.4286,.5238,.5714,.619,.32,.3766,.5907,.6794,.7136,.7465
121,"pike_place_market",1.0,.9,.85,.8667,.9,.84,.1905,.2381,.4286,.4762,.5238,.5238,.32,.3766,.5698,.6147,.6622,.6453
122,"royal_palace_madrid",.6,.8,.85,.8333,.8,.8,.1364,.2273,.4091,.4545,.5909,.7273,.2222,.354,.5523,.5882,.6797,.7619
123,"sony_center_berlin",.8,.9,.95,.9333,.95,.96,.1429,.1429,.3333,.4286,.4762,.4762,.2424,.2466,.4935,.5874,.6344,.6366
124,"red_square_moscow",.8,.7,.7,.7,.675,.7,.0952,.1905,.3333,.4286,.5714,.5714,.1702,.2995,.4516,.5316,.6189,.6292
125,"prague_castle",.8,.9,.9,.8667,.825,.82,.12,.24,.44,.6,.6,.76,.2087,.3789,.591,.7091,.6947,.7889
126,"musee_du_louvre",1.0,.9,.95,.9667,.975,.98,.12,.24,.32,.48,.56,.64,.2143,.3789,.4787,.6415,.7114,.7743
127,"millennium_bridge_london",1.0,.6,.75,.7333,.775,.76,.2,.24,.4,.4,.48,.52,.3333,.3429,.5217,.5176,.5928,.6175
128,"casa_mila",1.0,1.0,1.0,.9333,.925,.94,.16,.32,.48,.52,.56,.64,.2759,.4848,.6486,.6679,.6976,.7615
129,"national_gallery_london",1.0,.9,.85,.8333,.675,.6,.1818,.2273,.4545,.5455,.5455,.5909,.3077,.3629,.5923,.6593,.6034,.5954
130,"national_mall",1.0,1.0,1.0,1.0,.95,.9,.2,.28,.48,.6,.6,.68,.3333,.4375,.6486,.75,.7355,.7747
131,"london_city_hall",1.0,1.0,1.0,.9667,.925,.92,.2,.4,.5,.5,.55,.65,.3333,.5714,.6667,.6591,.6898,.7618
132,"holocaust_memorial",.8,.9,.75,.7,.675,.68,.125,.3125,.4375,.5,.5625,.625,.2162,.4639,.5526,.5833,.6136,.6513
133,"columbus_circle",.4,.7,.8,.7,.7,.64,.08,.24,.48,.56,.64,.68,.1333,.3574,.6,.6222,.6687,.6594
134,"siegessaeule",1.0,1.0,.9,.8667,.775,.74,.16,.28,.44,.56,.6,.76,.2759,.4375,.591,.6804,.6764,.7499
135,"jardin_du_luxembourg",1.0,1.0,1.0,1.0,1.0,1.0,.16,.28,.44,.56,.68,.8,.2759,.4375,.6111,.7179,.8095,.8889
136,"merlion_singapore",.6,.4,.25,.2,.375,.46,.1364,.1818,.2273,.2727,.4545,.5909,.2222,.25,.2381,.2308,.411,.5173
137,"harrods_london",.8,.9,.8,.8333,.85,.88,.12,.28,.44,.56,.64,.72,.2087,.4271,.5677,.6699,.7302,.792
138,"metropolitan_museum_of_art_new_york",1.0,1.0,.95,.9,.925,.94,.2,.28,.4,.44,.52,.68,.3333,.4375,.563,.591,.6657,.7891
139,"new_york_stock_exchange",.8,.9,.9,.8,.725,.62,.2,.25,.35,.4,.4,.45,.32,.3913,.504,.5333,.5156,.5215
140,"stephansdom_vienna",1.0,1.0,1.0,1.0,1.0,.98,.12,.28,.48,.56,.6,.64,.2143,.4375,.6486,.7179,.75,.7743
141,"hms_belfast",1.0,1.0,1.0,.9667,.975,.98,.12,.16,.44,.48,.48,.56,.2143,.2759,.6111,.6415,.6433,.7127
142,"leicester_square",1.0,1.0,.9,.7667,.775,.78,.12,.16,.28,.4,.48,.52,.2143,.2759,.4271,.5257,.5928,.624
143,"ciudad_de_las_artes_y_las_ciencias",1.0,.9,.9,.9,.9,.92,.16,.28,.36,.48,.56,.64,.2759,.4271,.5143,.6261,.6904,.7549
144,"topkapi_palace",1.0,1.0,.95,.9667,.975,.98,.16,.28,.44,.6,.68,.68,.2759,.4375,.6014,.7404,.8012,.8029
145,"royal_albert_hall",1.0,.6,.7,.7667,.675,.58,.16,.2,.36,.48,.56,.6,.2759,.3,.4755,.5904,.6121,.5898
146,"st_vitus_cathedral",.8,.9,.95,.9667,.975,.96,.16,.32,.4,.52,.56,.6,.2667,.4721,.563,.6762,.7114,.7385
147,"castello_sforzesco",1.0,1.0,.9,.9,.875,.84,.12,.2,.36,.36,.4,.52,.2143,.3333,.5143,.5143,.549,.6424
148,"rijksmuseum_amsterdam",1.0,1.0,1.0,1.0,1.0,1.0,.12,.12,.16,.36,.52,.56,.2143,.2143,.2759,.5294,.6842,.7179
149,"dam_square",.6,.5,.7,.6333,.55,.56,.12,.16,.28,.32,.36,.44,.2,.2424,.4,.4252,.4352,.4928
150,"rathaus_vienna",1.0,1.0,.95,.9,.825,.78,.16,.16,.16,.24,.36,.4,.2759,.2759,.2739,.3789,.5013,.5288
151,"bath_abbey",1.0,1.0,.95,.9667,.95,.9,.2,.32,.48,.6,.6,.68,.3333,.4848,.6378,.7404,.7355,.7747
152,"salisbury_cathedral",1.0,1.0,1.0,1.0,1.0,1.0,.16,.2,.28,.32,.52,.52,.2759,.3333,.4375,.4848,.6842,.6842
153,"templo_de_debod",.4,.2,.35,.2333,.35,.46,.0455,.0455,.1818,.1818,.2727,.3182,.0816,.0741,.2393,.2044,.3066,.3762
154,"Niagara_Falls",.6,.8,.55,.6,.625,.56,.1364,.2273,.2727,.3636,.4091,.5,.2222,.354,.3646,.4528,.4945,.5283
155,"Golden_Gate_Bridge_in_San_Francisco",1.0,.8,.9,.9333,.95,.96,.0909,.1818,.4091,.4545,.6364,.7273,.1667,.2963,.5625,.6114,.7622,.8276
156,"Neuschwanstein_Castle",1.0,1.0,1.0,.9667,.975,.98,.16,.24,.48,.64,.72,.76,.2759,.3871,.6486,.7701,.8283,.8561
157,"Christ_Church_Cathedral_Missouri",1.0,1.0,1.0,1.0,1.0,.98,.16,.36,.48,.56,.6,.64,.2759,.5294,.6486,.7179,.75,.7743
158,"Mount_Rushmore_in_South_Dakota",.8,.8,.9,.9333,.95,.96,.12,.24,.28,.4,.6,.6,.2087,.3692,.4271,.56,.7355,.7385
159,"Puerta_de_Toledo",.4,.3,.15,.1,.075,.06,1.0,1.0,1.0,1.0,1.0,1.0,.5714,.4615,.2609,.1818,.1395,.1132
160,"Urquhart_Castle",1.0,.9,.8,.8333,.825,.82,.2083,.25,.375,.5417,.5833,.75,.3448,.3913,.5106,.6566,.6834,.7834
161,"Gare_du_Nord_Paris",.8,.8,.65,.7667,.825,.86,.16,.2,.28,.32,.32,.44,.2667,.32,.3914,.4515,.4611,.5822
162,"Newgrange_in_Ireland",.6,.4,.6,.6,.575,.64,.125,.1667,.3333,.375,.4167,.5,.2069,.2353,.4286,.4615,.4832,.5614
163,"Windmills_at_Kinderdijk",1.0,1.0,.95,.8333,.875,.84,.16,.24,.36,.4,.52,.56,.2759,.3871,.5221,.5405,.6523,.672
164,"Conciergerie",1.0,1.0,1.0,1.0,1.0,1.0,.16,.24,.4,.52,.68,.8,.2759,.3871,.5714,.6842,.8095,.8889
165,"Palazzo_Madama",1.0,1.0,.9,.8,.825,.78,.2273,.3636,.5455,.5909,.6364,.7273,.3704,.5333,.6792,.6797,.7185,.7527
166,"Split_Rock_Lighthouse",1.0,1.0,.95,.9667,.925,.94,.12,.2,.28,.4,.44,.6,.2143,.3333,.4325,.5659,.5963,.7325
167,"The_Little_Mermaid_Denmark",1.0,1.0,.9,.8,.775,.72,.2143,.4286,.5714,.7143,.7857,.8571,.3529,.6,.699,.7547,.7803,.7826
168,"Great_Pyramid_of_Giza",.8,.6,.6,.6,.55,.6,.2,.2667,.5333,.6,.6667,.8,.32,.3692,.5647,.6,.6027,.6857
169,"Pitti_Palace",.8,.8,.85,.9,.85,.8,.1364,.2273,.4545,.5455,.5455,.5909,.233,.354,.5923,.6792,.6645,.6797
170,"Georgia_State_Capitol",1.0,1.0,.8,.6,.45,.38,.1579,.2105,.2632,.2632,.2632,.2632,.2727,.3478,.396,.3659,.3321,.311
171,"Dome_des_Invalides",1.0,1.0,1.0,.9667,.975,.98,.16,.24,.4,.44,.44,.44,.2759,.3871,.5714,.6047,.6064,.6073
172,"Reggia_di_Caserta",1.0,.7,.55,.5333,.525,.56,.16,.24,.32,.48,.56,.6,.2759,.3574,.4046,.5053,.5419,.5793
173,"The_Burj_al_Arab_Hotel",.8,.7,.85,.8333,.85,.86,.16,.2,.4,.44,.52,.52,.2667,.3111,.544,.5759,.6453,.6481
174,"Elephanta_Caves",1.0,1.0,1.0,1.0,.975,.96,.1667,.25,.4583,.5833,.6667,.7083,.2857,.4,.6286,.7368,.7919,.8152
175,"Basilica_of_Santa_Croce",1.0,1.0,1.0,1.0,1.0,1.0,.16,.2,.32,.48,.6,.68,.2759,.3333,.4848,.6486,.75,.8095
176,"Aachen_Cathedral",1.0,1.0,.9,.8667,.9,.92,.2,.24,.36,.44,.56,.56,.3333,.3871,.5143,.5837,.6904,.6962
177,"Monument_to_the_Great_Fire_of_London",1.0,.7,.55,.5,.45,.5,.2,.2,.28,.36,.44,.56,.3333,.3111,.3711,.4186,.4449,.5283
178,"Longmen_Grottoes",.8,.6,.65,.6667,.575,.58,.12,.2,.4,.6,.64,.68,.2087,.3,.4952,.6316,.6058,.626
179,"Louisiana_State_Capitol",.4,.3,.25,.2333,.2,.26,.08,.12,.16,.2,.24,.36,.1333,.1714,.1951,.2154,.2182,.3019
180,"The_Great_Sphinx_at_Giza",1.0,1.0,.85,.9,.9,.92,.16,.24,.44,.6,.68,.72,.2759,.3871,.5798,.72,.7747,.8078
181,"Teatro_Real_Madrid",1.0,1.0,1.0,.8333,.75,.72,.1739,.3043,.5652,.6957,.6957,.8261,.2963,.4667,.7222,.7583,.7218,.7694
182,"Palacio_de_la_Magdalena",.4,.7,.8,.7667,.8,.78,.08,.28,.4,.48,.64,.68,.1333,.4,.5333,.5904,.7111,.7266
183,"Sowjetisches_Ehrenmal",.4,.3,.55,.6333,.65,.7,.08,.12,.32,.44,.6,.68,.1333,.1714,.4046,.5193,.624,.6899
184,"Cathedral_of_Trier",1.0,1.0,1.0,.9333,.95,.96,.2,.32,.56,.64,.76,.84,.3333,.4848,.7179,.7593,.8444,.896
185,"Saint_Mary_of_the_Flower",.2,.1,.1,.1667,.275,.32,.04,.04,.08,.2,.36,.4,.0667,.0571,.0889,.1818,.3118,.3556
186,"Skellig_Michael",.8,.9,.7,.7333,.7,.72,.16,.28,.36,.52,.64,.64,.2667,.4271,.4755,.6085,.6687,.6776
187,"Chicago_Board_of_Trade_Building",1.0,.9,.7,.7667,.8,.8,.2273,.3636,.3636,.4545,.6364,.6364,.3704,.518,.4786,.5707,.7089,.7089
188,"Pont_de_Normandie_France",1.0,1.0,1.0,.9667,.975,.96,.2105,.3684,.5789,.6842,.7895,.8421,.3478,.5385,.7333,.8013,.8725,.8972
189,"Palazzo_Rosso",.0,.0,.0,.0667,.075,.1,.0,.0,.0,.0833,.0833,.125,.0,.0,.0,.0741,.0789,.1111
190,"Piazza_Vittorio_Veneto",1.0,1.0,.7,.5333,.45,.44,.1875,.375,.4375,.5,.5,.6875,.3158,.5455,.5385,.5161,.4737,.5366
191,"Sforza_Castle",1.0,1.0,.95,.9667,.975,.94,.12,.28,.36,.44,.56,.6,.2143,.4375,.5221,.6047,.7114,.7325
192,"Torres_KIO",1.0,1.0,.9,.9333,.925,.94,.16,.28,.4,.44,.52,.56,.2759,.4375,.5538,.5981,.6657,.7019
193,"Torre_Picasso",1.0,1.0,1.0,.9,.775,.78,.2083,.3333,.4583,.6667,.7083,.75,.3448,.5,.6286,.766,.7402,.7647
194,"The_Palace_of_Parliament_in_Bucharest",1.0,.9,.95,.9667,.95,.96,.2,.2,.24,.28,.44,.68,.3333,.3273,.3832,.4342,.6014,.7961
195,"Ernest_Hemingway_House",.8,.9,.9,.8333,.8,.8,.16,.28,.48,.56,.6,.6,.2667,.4271,.6261,.6699,.6857,.6857
196,"Castel_dellOvo_Napoli",.8,.8,.9,.9,.875,.88,.16,.28,.48,.64,.72,.76,.2667,.4148,.6261,.7481,.79,.8156
197,"Villa_Borghese_gardens",1.0,1.0,1.0,1.0,1.0,1.0,.16,.28,.48,.64,.72,.84,.2759,.4375,.6486,.7805,.8372,.913
198,"Saint_Marks_Basilica",1.0,1.0,1.0,1.0,1.0,1.0,.16,.24,.4,.4,.4,.4,.2759,.3871,.5714,.5714,.5714,.5714
199,"Mausoleum_of_the_First_Qin_Emperor",.8,.9,.75,.8333,.8,.82,.08,.24,.32,.48,.52,.64,.1455,.3789,.4486,.6091,.6303,.7189
200,"Mausoleum_of_Hadrian",1.0,1.0,.9,.9,.875,.86,.1667,.2778,.4444,.4444,.5556,.6111,.2857,.4348,.595,.595,.6796,.7145
201,"Piazza_de_Ferrari",1.0,1.0,1.0,1.0,.975,.94,.1579,.2632,.4737,.5263,.6316,.6316,.2727,.4167,.6429,.6897,.7666,.7555
202,"George_Washington_Carver",.2,.6,.8,.7333,.7,.64,.0625,.25,.4375,.5,.5,.5625,.0952,.3529,.5657,.5946,.5833,.5988
203,"Cathedral_of_Santiago_de_Compostela",1.0,1.0,.9,.9333,.925,.9,.1176,.2941,.5294,.5882,.7059,.8824,.2105,.4545,.6667,.7216,.8007,.8911
204,"Saint-Jacques_Tower",.8,.9,.8,.8333,.75,.74,.2308,.3077,.3077,.3846,.3846,.5385,.3582,.4586,.4444,.5263,.5085,.6233
205,"Calakmul_Campeche_Mexico",1.0,1.0,.9,.9333,.9,.88,.2143,.2857,.3571,.5714,.6429,.7857,.3529,.4444,.5114,.7089,.75,.8302
206,"Bran_Castle_in_Transylvania",1.0,1.0,.85,.9,.875,.9,.1579,.2632,.3158,.4211,.4737,.6842,.2727,.4167,.4605,.5737,.6146,.7774
207,"Mosteiro_da_Batalha",1.0,1.0,1.0,1.0,1.0,1.0,.2105,.3158,.5263,.6316,.6842,.7368,.3478,.48,.6897,.7742,.8125,.8485
208,"Wartburg_Castle",.8,.9,.95,.9333,.925,.92,.15,.25,.5,.55,.65,.8,.2526,.3913,.6552,.6921,.7635,.8558
209,"Fujian_Tulou_Fujian_China",1.0,1.0,1.0,.9667,.95,.96,.1667,.3333,.5,.5,.6111,.6111,.2857,.5,.6667,.6591,.7438,.7468
210,"Alabama_State_Capitol",.4,.4,.55,.7,.75,.74,.0952,.1905,.4762,.619,.8095,.8095,.1538,.2581,.5104,.657,.7786,.7732
211,"Palazzo_dAccursio",1.0,1.0,.95,.8333,.8,.8,.1667,.2778,.3889,.4444,.5,.5556,.2857,.4348,.5519,.5797,.6154,.6557
212,"Casa_Grande_Ruins",.8,.9,.75,.7667,.775,.82,.1765,.2941,.4118,.4706,.4706,.5294,.2892,.4433,.5316,.5832,.5856,.6434
213,"Stravinsky_Fountain",1.0,1.0,1.0,1.0,1.0,1.0,.2,.2667,.4667,.5333,.6,.6,.3333,.4211,.6364,.6957,.75,.75
214,"Angel_Falls_Venezuela",.8,.7,.65,.5667,.525,.5,.2353,.2941,.4118,.5294,.5882,.6471,.3636,.4142,.5042,.5474,.5548,.5641
215,"Statue_of_George_IV",1.0,.9,.6,.5667,.575,.52,.5,.5,.625,.75,.875,.875,.6667,.6429,.6122,.6456,.694,.6523
216,"Palacio_Barolo",.6,.7,.8,.8667,.9,.92,.1765,.2353,.4706,.4706,.5882,.6471,.2727,.3522,.5926,.61,.7115,.7598
217,"Bridge_of_Remembrance_Christchurch_New_Zealand",1.0,1.0,1.0,.8,.7,.56,.3333,.5,.9167,.9167,.9167,.9167,.5,.6667,.9565,.8544,.7938,.6953
218,"John_A._Roebling_Suspension_Bridge",.0,.1,.35,.3667,.4,.4,.0,.0667,.3333,.5333,.6667,.7333,.0,.08,.3415,.4346,.5,.5176
219,"Blue_Dome_Santorini",1.0,.9,.9,.9333,.95,.92,.3125,.375,.5625,.625,.75,.75,.4762,.5294,.6923,.7487,.8382,.8263
220,"Fossar_de_les_Moreres",.8,.9,.8,.6667,.55,.46,.2143,.4286,.6429,.7143,.7143,.7143,.338,.5806,.7129,.6897,.6215,.5596
221,"Luxor_Obelisk_France",1.0,.9,.8,.8,.675,.7,.1875,.25,.3125,.375,.375,.375,.3158,.3913,.4494,.5106,.4821,.4884
222,"Valle_de_los_Caidos",1.0,.9,.9,.8333,.875,.88,.25,.3,.55,.55,.65,.7,.4,.45,.6828,.6627,.7459,.7797
--------------------
"--","Avg.",P@5,P@10,P@20,P@30,P@40,P@50,CR@5,CR@10,CR@20,CR@30,CR@40,CR@50,F1@5,F1@10,F1@20,F1@30,F1@40,F1@50
,.,8288,.818,.8023,.7889,.7767,.7708,.1501,.2402,.383,.4785,.5578,.6217,.2469,.3629,.5069,.5824,.6346,.6723
