--------------------
"Run name","output_runBM25XBIndex"
--------------------
"Average P@20 = ",.7599
"Average CR@20 = ",.4272
"Average F1@20 = ",.534
--------------------
"Query Id ","Location name",P@5,P@10,P@20,P@30,P@40,P@50,CR@5,CR@10,CR@20,CR@30,CR@40,CR@50,F1@5,F1@10,F1@20,F1@30,F1@40,F1@50
1,"angel_of_the_north",1.0,1.0,1.0,1.0,1.0,.96,.16,.24,.4,.52,.64,.68,.2759,.3871,.5714,.6842,.7805,.7961
2,"big_ben",.4,.7,.85,.7667,.825,.84,.0909,.2273,.4091,.4545,.5,.5909,.1481,.3431,.5523,.5707,.6226,.6938
3,"hearst_castle",1.0,1.0,.95,.9333,.95,.94,.125,.3333,.625,.7917,.7917,.7917,.2222,.5,.754,.8567,.8636,.8595
4,"la_madeleine",.6,.3,.4,.4,.375,.36,.2143,.2143,.5,.5714,.5714,.7143,.3158,.25,.4444,.4706,.4528,.4787
5,"pont_alexandre_iii",1.0,1.0,1.0,.9667,.95,.96,.2,.36,.52,.64,.68,.76,.3333,.5294,.6842,.7701,.7926,.8484
6,"neues_museum",1.0,.8,.8,.7667,.75,.74,.2,.24,.48,.56,.64,.68,.3333,.3692,.6,.6472,.6906,.7087
7,"montezuma_castle",1.0,.9,.65,.6,.6,.56,.3333,.4167,.6667,.75,.8333,.8333,.5,.5696,.6582,.6667,.6977,.6699
8,"cn_tower",1.0,1.0,.75,.8333,.775,.72,.1667,.3333,.4167,.5,.5417,.625,.2857,.5,.5357,.625,.6377,.6691
9,"acropolis_athens",.6,.7,.75,.8333,.825,.78,.1429,.2381,.3333,.381,.5714,.5714,.2308,.3553,.4615,.5229,.6752,.6596
10,"agra_fort",1.0,.9,.9,.9,.875,.88,.2,.32,.48,.56,.64,.68,.3333,.4721,.6261,.6904,.7393,.7672
11,"albert_memorial",.8,.8,.7,.7,.65,.66,.0909,.0909,.3636,.3636,.4545,.5455,.1633,.1633,.4786,.4786,.535,.5973
12,"altes_museum",1.0,.9,.85,.8,.75,.68,.1667,.2917,.4167,.5833,.625,.625,.2857,.4406,.5592,.6747,.6818,.6513
13,"amiens_cathedral",1.0,1.0,1.0,1.0,.95,.94,.12,.24,.52,.68,.68,.72,.2143,.3871,.6842,.8095,.7926,.8154
14,"angkor_wat",.8,.7,.7,.7333,.775,.8,.12,.2,.32,.48,.56,.64,.2087,.3111,.4392,.5802,.6502,.7111
15,"ara_pacis",.2,.5,.65,.7,.725,.7,.0455,.2273,.5,.5909,.6364,.6818,.0741,.3125,.5652,.6408,.6778,.6908
16,"arc_de_triomphe",.8,.8,.75,.6667,.65,.64,.1667,.2917,.4583,.5,.5,.5833,.2759,.4275,.569,.5714,.5652,.6104
17,"aztec_ruins",.4,.6,.45,.3,.275,.36,.08,.24,.32,.32,.36,.52,.1333,.3429,.374,.3097,.3118,.4255
18,"berlin_cathedral",1.0,.9,.85,.8333,.825,.84,.16,.28,.4,.64,.72,.72,.2759,.4271,.544,.724,.7689,.7754
19,"bok_tower_gardens",.8,.7,.75,.8,.85,.84,.16,.28,.44,.52,.6,.68,.2667,.4,.5546,.6303,.7034,.7516
20,"brandenburg_gate",1.0,.9,.95,.9333,.925,.9,.2,.24,.4,.52,.56,.64,.3333,.3789,.563,.6679,.6976,.7481
21,"cabrillo",.0,.0,.1,.1667,.175,.14,.0,.0,.0769,.3077,.4615,.4615,.0,.0,.087,.2162,.2538,.2148
22,"casa_batllo",1.0,1.0,1.0,.9667,.95,.92,.16,.2,.4,.52,.6,.64,.2759,.3333,.5714,.6762,.7355,.7549
23,"casa_rosada",1.0,1.0,.95,.9333,.95,.94,.16,.32,.48,.6,.64,.72,.2759,.4848,.6378,.7304,.7648,.8154
24,"castillo_de_san_marcos",.6,.6,.65,.6667,.675,.68,.12,.2,.36,.48,.64,.68,.2,.3,.4634,.5581,.657,.68
25,"chartres_cathedral",1.0,1.0,.9,.9333,.95,.94,.2,.36,.56,.64,.76,.76,.3333,.5294,.6904,.7593,.8444,.8405
26,"chichen_itza",.8,.7,.7,.8,.825,.84,.16,.2,.32,.44,.56,.64,.2667,.3111,.4392,.5677,.6671,.7265
27,"christ_the_redeemer_rio",.6,.4,.4,.4333,.45,.44,.087,.1304,.2609,.3478,.3913,.4348,.1519,.1967,.3158,.3859,.4186,.4374
28,"civic_center_san_francisco",.2,.4,.65,.6333,.675,.64,.04,.12,.32,.48,.52,.56,.0667,.1846,.4289,.5461,.5874,.5973
29,"cologne_cathedral",1.0,1.0,.9,.9,.875,.9,.16,.32,.4,.56,.64,.72,.2759,.4848,.5538,.6904,.7393,.8
30,"colosseum",1.0,1.0,.9,.8333,.85,.88,.12,.16,.32,.4,.48,.6,.2143,.2759,.4721,.5405,.6135,.7135
31,"doge_s_palace",.8,.9,.95,.9,.925,.92,.16,.32,.44,.48,.52,.52,.2667,.4721,.6014,.6261,.6657,.6644
32,"eiffel_tower",1.0,.9,.85,.8333,.85,.84,.16,.28,.36,.44,.48,.6,.2759,.4271,.5058,.5759,.6135,.7
33,"golden_gate_bridge",.6,.7,.85,.8667,.875,.86,.1304,.2174,.3913,.4783,.6522,.6522,.2143,.3318,.5359,.6164,.7473,.7418
34,"grand_palais",1.0,1.0,.95,.9667,.925,.94,.2273,.3636,.5,.6364,.6818,.7273,.3704,.5333,.6552,.7675,.785,.8201
35,"guggenheim_museum_bilbao",1.0,1.0,1.0,1.0,1.0,1.0,.12,.16,.36,.44,.52,.56,.2143,.2759,.5294,.6111,.6842,.7179
36,"hagia_sophia_istanbul",.8,.9,.95,.9667,.975,.96,.16,.32,.4,.48,.56,.6,.2667,.4721,.563,.6415,.7114,.7385
37,"hoover_dam",1.0,1.0,1.0,.9667,.975,.98,.16,.28,.6,.68,.72,.84,.2759,.4375,.75,.7984,.8283,.9046
38,"humayun_tomb",.6,.7,.75,.7667,.725,.74,.08,.2,.48,.56,.6,.6,.1412,.3111,.5854,.6472,.6566,.6627
39,"iguazu_falls",.8,.8,.65,.6333,.675,.68,.16,.28,.44,.52,.6,.6,.2667,.4148,.5248,.5711,.6353,.6375
40,"iolani_palace",.8,.9,.75,.5667,.675,.62,.16,.32,.52,.52,.56,.64,.2667,.4721,.6142,.5423,.6121,.6298
41,"la_mezquita",.6,.3,.45,.4333,.35,.38,.0833,.0833,.25,.375,.375,.5,.1463,.1304,.3214,.4021,.3621,.4318
42,"la_rambla_barcelona",.8,.9,.85,.8667,.85,.86,.12,.24,.4,.56,.64,.76,.2087,.3789,.544,.6804,.7302,.8069
43,"la_sainte_chapelle",1.0,.9,.95,.9,.9,.92,.2,.36,.64,.72,.76,.84,.3333,.5143,.7648,.8,.8241,.8782
44,"liberty_memorial",.6,.8,.75,.7,.675,.66,.04,.16,.28,.36,.44,.56,.075,.2667,.4078,.4755,.5327,.6059
45,"lincoln_home",.8,.6,.4,.4333,.425,.44,.2222,.3333,.3889,.4444,.5556,.6667,.3478,.4286,.3944,.4388,.4816,.5301
46,"machu_picchu",.8,.9,.85,.8333,.85,.84,.16,.32,.44,.52,.72,.8,.2667,.4721,.5798,.6404,.7796,.8195
47,"marble_arch_london",.2,.3,.45,.4333,.375,.36,.0833,.25,.5833,.5833,.6667,.8333,.1176,.2727,.5081,.4973,.48,.5028
48,"milan_cathedral",1.0,1.0,.85,.9,.825,.82,.16,.28,.48,.6,.64,.68,.2759,.4375,.6135,.72,.7208,.7435
49,"mole_antonelliana",.4,.6,.65,.7667,.75,.72,.08,.2,.32,.48,.52,.56,.1333,.3,.4289,.5904,.6142,.63
50,"mont_saint_michel",1.0,1.0,.9,.9333,.925,.9,.2,.32,.44,.56,.56,.68,.3333,.4848,.591,.7,.6976,.7747
51,"moulin_rouge",.2,.3,.2,.2,.225,.22,.125,.375,.5,.625,.75,.875,.1538,.3333,.2857,.303,.3462,.3516
52,"nelson_s_column",.8,.8,.9,.9333,.95,.94,.1667,.2917,.5,.7083,.75,.7917,.2759,.4275,.6429,.8054,.8382,.8595
53,"notre_dame_de_paris",1.0,1.0,.9,.9,.85,.84,.2,.36,.44,.44,.48,.56,.3333,.5294,.591,.591,.6135,.672
54,"obelisco",.2,.3,.25,.2,.2,.18,.0909,.2727,.4545,.5455,.5455,.5455,.125,.2857,.3226,.2927,.2927,.2707
55,"piccadilly_circus",.8,.8,.7,.7,.675,.74,.1739,.3043,.5217,.6087,.6957,.7391,.2857,.4409,.5979,.6512,.6852,.7396
56,"place_de_la_concorde",1.0,1.0,1.0,.9667,.975,.98,.2,.28,.4,.52,.56,.68,.3333,.4375,.5714,.6762,.7114,.8029
57,"place_de_la_republique",.2,.1,.2,.2333,.225,.22,.125,.125,.375,.625,.625,.75,.1538,.1111,.2609,.3398,.3309,.3402
58,"place_des_vosges",.8,.8,.75,.8,.85,.82,.12,.2,.32,.44,.56,.68,.2087,.32,.4486,.5677,.6752,.7435
59,"pont_du_gard",.8,.6,.55,.6333,.65,.64,.12,.2,.28,.32,.44,.48,.2087,.3,.3711,.4252,.5248,.5486
60,"pont_neuf",.8,.9,.9,.8333,.825,.76,.16,.32,.48,.56,.68,.72,.2667,.4721,.6261,.6699,.7455,.7395
61,"ponte_vecchio",.6,.7,.8,.8333,.775,.82,.125,.2917,.5417,.625,.625,.6667,.2069,.4118,.646,.7143,.692,.7354
62,"puerta_de_alcala",.6,.5,.4,.5,.5,.52,.1579,.2632,.3158,.4737,.4737,.5789,.25,.3448,.3529,.4865,.4865,.5479
63,"puerta_del_sol",.6,.7,.6,.6667,.65,.64,.15,.3,.4,.6,.6,.65,.24,.42,.48,.6316,.624,.645
64,"red_fort",1.0,1.0,1.0,1.0,1.0,1.0,.2,.32,.48,.6,.68,.8,.3333,.4848,.6486,.75,.8095,.8889
65,"reims_cathedral",1.0,1.0,1.0,1.0,1.0,1.0,.16,.24,.4,.56,.56,.68,.2759,.3871,.5714,.7179,.7179,.8095
66,"rialto_bridge",1.0,.7,.8,.7667,.7,.7,.25,.375,.5,.6875,.6875,.6875,.4,.4884,.6154,.7249,.6937,.6937
67,"roman_forum_rome",.8,.6,.6,.7,.75,.74,.16,.2,.32,.48,.64,.68,.2667,.3,.4174,.5695,.6906,.7087
68,"sacre_coeur",.8,.8,.65,.7,.65,.62,.1667,.25,.2917,.5,.5417,.625,.2759,.381,.4027,.5833,.5909,.6225
69,"sagrada_familia",1.0,1.0,.95,.9667,.925,.94,.2,.36,.48,.52,.56,.6,.3333,.5294,.6378,.6762,.6976,.7325
70,"santa_maria_novella",.4,.5,.65,.6667,.675,.68,.08,.16,.4,.52,.56,.6,.1333,.2424,.4952,.5843,.6121,.6375
71,"schonbrunn_palace",1.0,1.0,1.0,.9667,.975,.98,.2,.28,.48,.48,.52,.56,.3333,.4375,.6486,.6415,.6783,.7127
72,"seville_cathedral",1.0,1.0,.9,.9,.925,.94,.16,.2,.36,.52,.64,.72,.2759,.3333,.5143,.6592,.7565,.8154
73,"spanish_steps",.8,.9,.9,.8,.75,.76,.1818,.2273,.3636,.4091,.5909,.7273,.2963,.3629,.518,.5414,.661,.7433
74,"st__basil_cathedral",1.0,.9,.95,.9667,.95,.94,.16,.24,.52,.6,.64,.64,.2759,.3789,.6721,.7404,.7648,.7615
75,"statue_of_liberty",1.0,.8,.85,.8333,.85,.86,.2,.32,.44,.56,.6,.76,.3333,.4571,.5798,.6699,.7034,.8069
76,"stonehenge",.6,.6,.75,.7333,.675,.68,.1053,.1579,.3684,.4737,.4737,.5263,.1791,.25,.4941,.5756,.5567,.5934
77,"summer_palace_beijing",.8,.8,.8,.8,.8,.8,.16,.28,.4,.56,.6,.64,.2667,.4148,.5333,.6588,.6857,.7111
78,"sydney_opera_house",.6,.7,.85,.9,.875,.84,.12,.2,.4,.52,.56,.6,.2,.3111,.544,.6592,.6829,.7
79,"teotihuacan",1.0,1.0,.9,.8,.8,.74,.16,.28,.44,.48,.56,.6,.2759,.4375,.591,.6,.6588,.6627
80,"terracotta_army",.8,.7,.6,.6,.575,.58,.2,.3,.5,.5,.55,.65,.32,.42,.5455,.5455,.5622,.613
81,"the_blue_mosque",1.0,1.0,.95,.9667,.975,.96,.16,.28,.44,.52,.56,.6,.2759,.4375,.6014,.6762,.7114,.7385
82,"the_henry_ford",.4,.6,.75,.7333,.7,.7,.08,.2,.32,.4,.48,.56,.1333,.3,.4486,.5176,.5695,.6222
83,"taj_mahal",1.0,1.0,.95,.9,.9,.92,.2,.36,.56,.56,.68,.8,.3333,.5294,.7046,.6904,.7747,.8558
84,"tour_montparnasse",.6,.7,.8,.7,.625,.58,.1,.3,.55,.6,.65,.7,.1714,.42,.6519,.6462,.6373,.6344
85,"tower_bridge_london",.6,.6,.8,.7667,.75,.72,.08,.2,.44,.52,.56,.68,.1412,.3,.5677,.6197,.6412,.6994
86,"trafalgar_square",.4,.5,.6,.4333,.45,.44,.0909,.1818,.3636,.3636,.4545,.4545,.1481,.2667,.4528,.3954,.4523,.4472
87,"leaning_tower_of_pisa",.8,.7,.65,.6,.575,.6,.12,.24,.4,.56,.56,.56,.2087,.3574,.4952,.5793,.5674,.5793
88,"hermitage_museum_saint_petersburg",1.0,1.0,1.0,.9667,.9,.9,.16,.28,.44,.52,.56,.68,.2759,.4375,.6111,.6762,.6904,.7747
89,"jantar_mantar_jaipur",1.0,.8,.7,.7667,.75,.76,.2,.32,.48,.64,.68,.76,.3333,.4571,.5695,.6976,.7133,.76
90,"lake_titicaca_peru",.6,.5,.45,.5,.5,.5,.0833,.125,.25,.4167,.5,.5417,.1463,.2,.3214,.4545,.5,.52
91,"the_great_wall_of_china",.8,.9,.9,.9,.875,.86,.12,.28,.44,.56,.68,.72,.2087,.4271,.591,.6904,.7653,.7838
92,"grande_arche_paris",.2,.5,.45,.5667,.6,.6,.04,.2,.32,.36,.4,.48,.0667,.2857,.374,.4403,.48,.5333
93,"el_angel_mexico",.2,.3,.4,.4667,.45,.46,.0476,.1429,.3333,.5714,.6667,.7143,.0769,.1935,.3636,.5138,.5373,.5596
94,"bibliotheque_nationale_de_france",.8,.7,.8,.8,.775,.82,.16,.24,.32,.52,.6,.64,.2667,.3574,.4571,.6303,.6764,.7189
95,"kronborg_castle",.8,.8,.85,.8667,.85,.88,.125,.25,.5,.5,.5417,.625,.2162,.381,.6296,.6341,.6617,.7309
96,"ajanta_caves",1.0,.9,.9,.8667,.875,.88,.2273,.2727,.4091,.5909,.6364,.6364,.3704,.4186,.5625,.7027,.7368,.7386
97,"atomium",1.0,1.0,.85,.9,.9,.9,.1429,.2857,.381,.4286,.5238,.5714,.25,.4444,.5261,.5806,.6622,.699
98,"ellora_caves",1.0,.9,.95,.9333,.95,.94,.2273,.3182,.4545,.5909,.6364,.7273,.3704,.4701,.6149,.7237,.7622,.8201
99,"potala_palace",1.0,.9,.8,.7,.725,.74,.2778,.3333,.3889,.3889,.5556,.6111,.4348,.4865,.5234,.5,.6291,.6694
100,"jokhang",.6,.7,.85,.8,.75,.76,.12,.28,.52,.6,.68,.76,.2,.4,.6453,.6857,.7133,.76
101,"rila_monastery",.6,.7,.8,.8333,.85,.88,.12,.28,.36,.4,.44,.48,.2,.4,.4966,.5405,.5798,.6212
102,"louvre_pyramid",1.0,1.0,.9,.9333,.925,.92,.1667,.2778,.3889,.4444,.5556,.6111,.2857,.4348,.5431,.6022,.6942,.7344
103,"brooklyn_bridge",1.0,.9,.8,.8333,.85,.84,.2381,.381,.5714,.619,.7619,.8095,.3846,.5353,.6667,.7104,.8035,.8245
104,"tower_of_london",.8,.6,.55,.6,.575,.54,.1739,.2609,.3913,.4783,.5652,.6087,.2857,.3636,.4573,.5323,.5701,.5723
105,"british_museum_london",1.0,1.0,1.0,1.0,1.0,.98,.2,.35,.45,.45,.55,.6,.3333,.5185,.6207,.6207,.7097,.7443
106,"buckingham_palace",.6,.5,.5,.5667,.5,.48,.15,.25,.4,.45,.45,.45,.24,.3333,.4444,.5016,.4737,.4645
107,"charles_bridge_prague",.6,.6,.75,.7333,.775,.78,.0833,.1667,.25,.3333,.4583,.5417,.1463,.2609,.375,.4583,.576,.6393
108,"champs_elysees_paris",.8,.7,.65,.5333,.5,.48,.2667,.4667,.5333,.6667,.6667,.6667,.4,.56,.5859,.5926,.5714,.5581
109,"chrysler_building",1.0,1.0,.95,.9667,.95,.94,.2143,.3571,.5,.7857,.8571,.9286,.3529,.5263,.6552,.8668,.9012,.9343
110,"moma_new_york",1.0,.9,.95,.9,.825,.84,.2632,.3158,.4737,.5263,.5789,.5789,.4167,.4675,.6322,.6642,.6804,.6855
111,"grand_central_terminal",1.0,.9,.9,.9,.925,.92,.1429,.1905,.3333,.5238,.5714,.619,.25,.3144,.4865,.6622,.7064,.7401
112,"houses_of_parliament",.8,.8,.85,.8333,.875,.86,.1739,.2609,.4348,.4348,.5217,.5652,.2857,.3934,.5753,.5714,.6537,.6821
113,"alexanderplatz_berlin",.8,.7,.8,.8,.75,.8,.16,.24,.4,.4,.44,.52,.2667,.3574,.5333,.5333,.5546,.6303
114,"centre_pompidou",.6,.7,.8,.7667,.75,.78,.1667,.1667,.3889,.4444,.6111,.7778,.2609,.2692,.5234,.5627,.6735,.7789
115,"sydney_harbour_bridge",1.0,1.0,1.0,1.0,.975,.96,.25,.375,.5625,.6875,.75,.8125,.4,.5455,.72,.8148,.8478,.8801
116,"pier_39",.8,.8,.75,.8333,.85,.84,.1905,.381,.5238,.7143,.7619,.7619,.3077,.5161,.6168,.7692,.8035,.799
117,"coit_tower",.6,.7,.65,.6333,.575,.58,.1333,.2,.3333,.4,.4667,.5333,.2182,.3111,.4407,.4903,.5152,.5557
118,"st_paul_s_cathedral_london",.8,.9,.9,.8667,.825,.82,.1765,.2941,.4706,.4706,.5294,.6471,.2892,.4433,.618,.61,.645,.7233
119,"cloud_gate",.8,.8,.7,.7,.7,.68,.3333,.4167,.4167,.5833,.5833,.5833,.4706,.5479,.5224,.6364,.6364,.628
120,"musee_d_orsay",1.0,1.0,.95,.9333,.925,.92,.1905,.2381,.4762,.5714,.6667,.7143,.32,.3846,.6344,.7089,.7749,.8042
121,"pike_place_market",1.0,1.0,.9,.9,.85,.86,.1905,.2857,.4286,.5238,.5714,.5714,.32,.4444,.5806,.6622,.6834,.6866
122,"royal_palace_madrid",.8,.9,.85,.8333,.85,.86,.1818,.3182,.3636,.5,.5909,.7273,.2963,.4701,.5094,.625,.6972,.7881
123,"sony_center_berlin",1.0,.9,.9,.9333,.925,.94,.1429,.2381,.3333,.4286,.4286,.5238,.25,.3766,.4865,.5874,.5858,.6727
124,"red_square_moscow",.6,.7,.75,.8333,.775,.74,.1429,.2857,.4286,.5714,.619,.7143,.2308,.4058,.5455,.678,.6883,.7269
125,"prague_castle",.6,.8,.7,.8,.775,.8,.08,.2,.4,.52,.56,.6,.1412,.32,.5091,.6303,.6502,.6857
126,"musee_du_louvre",1.0,.9,.95,.9667,.975,.98,.2,.28,.48,.56,.68,.72,.3333,.4271,.6378,.7092,.8012,.8301
127,"millennium_bridge_london",1.0,1.0,.85,.8,.775,.76,.16,.32,.48,.56,.56,.6,.2759,.4848,.6135,.6588,.6502,.6706
128,"casa_mila",1.0,.9,.95,.9333,.925,.92,.16,.24,.44,.52,.6,.6,.2759,.3789,.6014,.6679,.7279,.7263
129,"national_gallery_london",.2,.5,.65,.6667,.65,.68,.0455,.1818,.4545,.5,.5909,.6364,.0741,.2667,.535,.5714,.619,.6575
130,"national_mall",.4,.6,.7,.7667,.75,.7,.08,.24,.52,.64,.76,.8,.1333,.3429,.5967,.6976,.755,.7467
131,"london_city_hall",.6,.7,.7,.7333,.775,.8,.15,.25,.5,.65,.75,.75,.24,.3684,.5833,.6892,.7623,.7742
132,"holocaust_memorial",.6,.5,.5,.4667,.45,.46,.1875,.25,.375,.375,.4375,.5625,.2857,.3333,.4286,.4158,.4437,.5061
133,"columbus_circle",.4,.3,.55,.6,.575,.56,.08,.08,.36,.52,.56,.68,.1333,.1263,.4352,.5571,.5674,.6142
134,"siegessaeule",.6,.8,.85,.8667,.825,.82,.12,.32,.4,.56,.6,.64,.2,.4571,.544,.6804,.6947,.7189
135,"jardin_du_luxembourg",1.0,1.0,1.0,1.0,1.0,1.0,.16,.24,.4,.48,.56,.64,.2759,.3871,.5714,.6486,.7179,.7805
136,"merlion_singapore",.6,.7,.5,.5,.45,.48,.1364,.3182,.4545,.5909,.6818,.8182,.2222,.4375,.4762,.5417,.5422,.605
137,"harrods_london",.8,.7,.75,.8333,.8,.78,.16,.28,.48,.56,.6,.64,.2667,.4,.5854,.6699,.6857,.7031
138,"metropolitan_museum_of_art_new_york",1.0,1.0,.95,.9333,.925,.94,.16,.24,.4,.44,.52,.6,.2759,.3871,.563,.5981,.6657,.7325
139,"new_york_stock_exchange",.8,.8,.85,.8333,.775,.72,.2,.4,.6,.7,.75,.75,.32,.5333,.7034,.7609,.7623,.7347
140,"stephansdom_vienna",1.0,1.0,1.0,1.0,1.0,.96,.2,.4,.52,.56,.64,.64,.3333,.5714,.6842,.7179,.7805,.768
141,"hms_belfast",1.0,1.0,1.0,.9667,.975,.94,.16,.24,.44,.52,.64,.68,.2759,.3871,.6111,.6762,.7728,.7891
142,"leicester_square",.8,.9,.85,.7667,.725,.74,.16,.24,.36,.4,.44,.48,.2667,.3789,.5058,.5257,.5476,.5823
143,"ciudad_de_las_artes_y_las_ciencias",1.0,1.0,1.0,.9667,.975,.98,.2,.32,.52,.68,.72,.72,.3333,.4848,.6842,.7984,.8283,.8301
144,"topkapi_palace",1.0,1.0,.95,.9667,.925,.94,.2,.24,.44,.6,.6,.68,.3333,.3871,.6014,.7404,.7279,.7891
145,"royal_albert_hall",.6,.8,.8,.8,.8,.82,.12,.28,.48,.48,.52,.64,.2,.4148,.6,.6,.6303,.7189
146,"st_vitus_cathedral",1.0,.8,.85,.8667,.9,.9,.16,.2,.4,.56,.56,.68,.2759,.32,.544,.6804,.6904,.7747
147,"castello_sforzesco",.6,.7,.85,.8667,.875,.9,.12,.28,.44,.56,.64,.64,.2,.4,.5798,.6804,.7393,.7481
148,"rijksmuseum_amsterdam",1.0,1.0,.95,.9667,.975,.98,.16,.32,.36,.48,.52,.68,.2759,.4848,.5221,.6415,.6783,.8029
149,"dam_square",.2,.5,.65,.6,.6,.66,.04,.16,.4,.44,.52,.64,.0667,.2424,.4952,.5077,.5571,.6498
150,"rathaus_vienna",.4,.7,.65,.5667,.55,.48,.04,.16,.2,.24,.24,.24,.0727,.2605,.3059,.3372,.3342,.32
151,"bath_abbey",1.0,.9,.9,.9333,.9,.9,.16,.28,.44,.6,.64,.68,.2759,.4271,.591,.7304,.7481,.7747
152,"salisbury_cathedral",.8,.9,.95,.9667,.975,.96,.16,.32,.44,.52,.64,.64,.2667,.4721,.6014,.6762,.7728,.768
153,"templo_de_debod",.6,.4,.5,.5667,.55,.58,.1364,.1364,.2727,.3636,.5,.5,.2222,.2034,.3529,.443,.5238,.537
154,"Niagara_Falls",.2,.5,.55,.5667,.65,.64,.0455,.2273,.3636,.4091,.5909,.5909,.0741,.3125,.4378,.4752,.619,.6145
155,"Golden_Gate_Bridge_in_San_Francisco",1.0,1.0,1.0,.9667,.95,.96,.2273,.2727,.4545,.5909,.7727,.8636,.3704,.4286,.625,.7335,.8522,.9093
156,"Neuschwanstein_Castle",1.0,1.0,.95,.9667,.975,.96,.2,.36,.48,.56,.64,.72,.3333,.5294,.6378,.7092,.7728,.8229
157,"Christ_Church_Cathedral_Missouri",.8,.9,.95,.9667,.975,.96,.16,.32,.48,.72,.76,.8,.2667,.4721,.6378,.8253,.8542,.8727
158,"Mount_Rushmore_in_South_Dakota",1.0,.9,.95,.9333,.95,.94,.2,.28,.4,.52,.64,.68,.3333,.4271,.563,.6679,.7648,.7891
159,"Puerta_de_Toledo",.0,.1,.1,.0667,.075,.06,.0,.5,1.0,1.0,1.0,1.0,.0,.1667,.1818,.125,.1395,.1132
160,"Urquhart_Castle",1.0,.8,.85,.8,.825,.86,.2083,.3333,.5,.5417,.625,.7083,.3448,.4706,.6296,.646,.7112,.7768
161,"Gare_du_Nord_Paris",.8,.9,.85,.6667,.725,.76,.16,.36,.44,.48,.6,.68,.2667,.5143,.5798,.5581,.6566,.7178
162,"Newgrange_in_Ireland",.6,.7,.75,.6667,.625,.66,.0833,.25,.3333,.4167,.4583,.5,.1463,.3684,.4615,.5128,.5288,.569
163,"Windmills_at_Kinderdijk",.6,.8,.8,.7667,.775,.78,.12,.24,.4,.4,.56,.56,.2,.3692,.5333,.5257,.6502,.6519
164,"Conciergerie",1.0,1.0,.95,.9667,.975,.98,.2,.32,.48,.56,.64,.68,.3333,.4848,.6378,.7092,.7728,.8029
165,"Palazzo_Madama",.4,.5,.45,.5,.575,.56,.0909,.1818,.3636,.5,.5455,.5909,.1481,.2667,.4022,.5,.5598,.575
166,"Split_Rock_Lighthouse",.8,.7,.85,.8333,.825,.76,.08,.16,.24,.36,.36,.44,.1455,.2605,.3743,.5028,.5013,.5573
167,"The_Little_Mermaid_Denmark",.6,.7,.55,.5667,.575,.58,.2143,.4286,.5714,.7143,.7857,.8571,.3158,.5316,.5605,.632,.664,.6918
168,"Great_Pyramid_of_Giza",.4,.5,.55,.6,.65,.68,.1333,.2,.4,.6,.6667,.7333,.2,.2857,.4632,.6,.6582,.7057
169,"Pitti_Palace",.4,.6,.7,.8,.775,.74,.0909,.2273,.5,.5455,.5909,.6818,.1481,.3297,.5833,.6486,.6705,.7097
170,"Georgia_State_Capitol",.6,.8,.9,.6333,.5,.4,.1579,.2105,.2632,.2632,.2632,.2632,.25,.3333,.4072,.3718,.3448,.3175
171,"Dome_des_Invalides",1.0,1.0,1.0,.9667,.975,.98,.2,.32,.52,.52,.56,.56,.3333,.4848,.6842,.6762,.7114,.7127
172,"Reggia_di_Caserta",.8,.8,.8,.7333,.75,.74,.12,.24,.44,.48,.56,.64,.2087,.3692,.5677,.5802,.6412,.6864
173,"The_Burj_al_Arab_Hotel",1.0,.8,.6,.6667,.7,.7,.2,.32,.36,.36,.48,.52,.3333,.4571,.45,.4675,.5695,.5967
174,"Elephanta_Caves",.8,.7,.6,.7333,.8,.76,.125,.25,.375,.5417,.6667,.7083,.2162,.3684,.4615,.6231,.7273,.7333
175,"Basilica_of_Santa_Croce",.8,.9,.95,.9667,.925,.94,.12,.28,.4,.52,.64,.72,.2087,.4271,.563,.6762,.7565,.8154
176,"Aachen_Cathedral",.6,.8,.75,.8333,.85,.82,.12,.28,.36,.6,.76,.76,.2,.4148,.4865,.6977,.8025,.7889
177,"Monument_to_the_Great_Fire_of_London",.4,.7,.7,.7667,.775,.78,.08,.24,.4,.56,.64,.72,.1333,.3574,.5091,.6472,.7011,.7488
178,"Longmen_Grottoes",.6,.6,.5,.6333,.65,.62,.08,.2,.28,.48,.6,.68,.1412,.3,.359,.5461,.624,.6486
179,"Louisiana_State_Capitol",.4,.4,.45,.4,.475,.46,.08,.12,.28,.4,.52,.6,.1333,.1846,.3452,.4,.4965,.5208
180,"The_Great_Sphinx_at_Giza",.6,.8,.85,.8333,.825,.82,.12,.32,.48,.56,.68,.72,.2,.4571,.6135,.6699,.7455,.7668
181,"Teatro_Real_Madrid",.8,.7,.75,.8333,.625,.62,.1304,.1739,.4348,.6087,.6087,.7391,.2243,.2786,.5505,.7035,.6167,.6743
182,"Palacio_de_la_Magdalena",.6,.5,.55,.6,.6,.6,.12,.16,.36,.56,.64,.68,.2,.2424,.4352,.5793,.6194,.6375
183,"Sowjetisches_Ehrenmal",.2,.4,.35,.3667,.325,.36,.04,.16,.28,.36,.36,.48,.0667,.2286,.3111,.3633,.3416,.4114
184,"Cathedral_of_Trier",.8,.7,.8,.8333,.825,.8,.16,.28,.52,.72,.88,.92,.2667,.4,.6303,.7725,.8516,.8558
185,"Saint_Mary_of_the_Flower",.2,.1,.05,.1333,.3,.4,.04,.04,.04,.16,.32,.36,.0667,.0571,.0444,.1455,.3097,.3789
186,"Skellig_Michael",.8,.8,.65,.6667,.7,.74,.16,.32,.44,.44,.48,.56,.2667,.4571,.5248,.5301,.5695,.6375
187,"Chicago_Board_of_Trade_Building",.0,.4,.7,.8,.825,.84,.0,.1818,.5,.5455,.5455,.7273,.0,.25,.5833,.6486,.6567,.7796
188,"Pont_de_Normandie_France",.8,.5,.65,.7,.7,.66,.2105,.2632,.5789,.8947,.8947,.8947,.3333,.3448,.6124,.7855,.7855,.7596
189,"Palazzo_Rosso",.0,.1,.1,.0667,.075,.06,.0,.0417,.0833,.0833,.125,.125,.0,.0588,.0909,.0741,.0937,.0811
190,"Piazza_Vittorio_Veneto",.2,.2,.3,.4667,.55,.46,.0625,.125,.3125,.5,.75,.8125,.0952,.1538,.3061,.4828,.6346,.5874
191,"Sforza_Castle",1.0,1.0,.95,.9333,.95,.92,.16,.28,.36,.44,.56,.56,.2759,.4375,.5221,.5981,.7046,.6962
192,"Torres_KIO",.8,.9,.9,.9333,.9,.92,.16,.24,.32,.52,.52,.56,.2667,.3789,.4721,.6679,.6592,.6962
193,"Torre_Picasso",.8,.9,.9,.8333,.85,.84,.0833,.2083,.4167,.5,.5417,.5833,.1509,.3383,.5696,.625,.6617,.6885
194,"The_Palace_of_Parliament_in_Bucharest",1.0,.6,.75,.8,.775,.76,.12,.16,.32,.36,.44,.48,.2143,.2526,.4486,.4966,.5613,.5884
195,"Ernest_Hemingway_House",1.0,.8,.75,.7667,.725,.66,.12,.16,.4,.48,.6,.6,.2143,.2667,.5217,.5904,.6566,.6286
196,"Castel_dellOvo_Napoli",.8,.9,.85,.8333,.825,.84,.16,.36,.56,.64,.68,.72,.2667,.5143,.6752,.724,.7455,.7754
197,"Villa_Borghese_gardens",1.0,.9,.95,.9667,.975,.98,.16,.28,.48,.6,.76,.8,.2759,.4271,.6378,.7404,.8542,.8809
198,"Saint_Marks_Basilica",.6,.8,.9,.9333,.95,.96,.08,.2,.32,.44,.44,.44,.1412,.32,.4721,.5981,.6014,.6034
199,"Mausoleum_of_the_First_Qin_Emperor",1.0,.9,.85,.9,.925,.9,.2,.32,.4,.56,.76,.8,.3333,.4721,.544,.6904,.8344,.8471
200,"Mausoleum_of_Hadrian",.2,.4,.5,.6333,.675,.74,.0556,.2222,.3333,.5,.6111,.7778,.087,.2857,.4,.5588,.6415,.7584
201,"Piazza_de_Ferrari",1.0,1.0,.95,.9333,.925,.9,.2632,.3684,.5263,.5789,.5789,.6316,.4167,.5385,.6774,.7146,.7122,.7423
202,"George_Washington_Carver",.4,.5,.35,.4333,.5,.44,.125,.25,.375,.5,.6875,.75,.1905,.3333,.3621,.4643,.5789,.5546
203,"Cathedral_of_Santiago_de_Compostela",.6,.5,.7,.7,.725,.68,.1765,.2941,.6471,.7059,.7647,.7647,.2727,.3704,.6725,.7029,.7443,.7199
204,"Saint-Jacques_Tower",.8,.6,.7,.6,.575,.6,.1538,.2308,.3077,.3846,.3846,.4615,.2581,.3333,.4275,.4688,.4609,.5217
205,"Calakmul_Campeche_Mexico",.6,.6,.7,.7333,.7,.72,.1429,.2857,.5,.5714,.7857,.7857,.2308,.3871,.5833,.6423,.7404,.7514
206,"Bran_Castle_in_Transylvania",1.0,.9,.85,.8667,.875,.9,.2105,.2632,.4737,.5263,.6842,.6842,.3478,.4072,.6083,.6549,.7679,.7774
207,"Mosteiro_da_Batalha",1.0,1.0,1.0,1.0,1.0,1.0,.2632,.4211,.6842,.7895,.7895,.7895,.4167,.5926,.8125,.8824,.8824,.8824
208,"Wartburg_Castle",.8,.9,.95,.9333,.95,.94,.2,.25,.45,.55,.6,.75,.32,.3913,.6107,.6921,.7355,.8343
209,"Fujian_Tulou_Fujian_China",1.0,.9,.95,.9333,.875,.88,.2222,.2778,.5556,.7222,.7222,.7778,.3636,.4245,.7011,.8143,.7913,.8257
210,"Alabama_State_Capitol",.8,.6,.65,.7,.7,.68,.1429,.1905,.381,.5714,.6667,.7619,.2424,.2892,.4804,.6292,.6829,.7186
211,"Palazzo_dAccursio",.2,.5,.75,.6333,.7,.68,.0556,.1667,.4444,.5556,.6111,.6111,.087,.25,.5581,.5919,.6525,.6437
212,"Casa_Grande_Ruins",1.0,.7,.6,.6333,.65,.7,.1765,.2941,.4118,.4118,.5882,.5882,.3,.4142,.4884,.4991,.6176,.6393
213,"Stravinsky_Fountain",.8,.8,.8,.8333,.825,.82,.2,.2667,.4667,.4667,.4667,.5333,.32,.4,.5895,.5983,.5961,.6463
214,"Angel_Falls_Venezuela",.4,.5,.55,.5333,.55,.5,.0588,.1765,.3529,.4706,.6471,.7059,.1026,.2609,.43,.5,.5946,.5854
215,"Statue_of_George_IV",.2,.1,.35,.3667,.35,.3,.125,.125,.625,.625,.625,.625,.1538,.1111,.4487,.4622,.4487,.4054
216,"Palacio_Barolo",1.0,1.0,.85,.8667,.9,.92,.2941,.4118,.5294,.6471,.7059,.8235,.4545,.5833,.6525,.7409,.7912,.8691
217,"Bridge_of_Remembrance_Christchurch_New_Zealand",1.0,1.0,.95,.7,.625,.5,.3333,.5,.9167,.9167,.9167,.9167,.5,.6667,.933,.7938,.7432,.6471
218,"John_A._Roebling_Suspension_Bridge",.0,.2,.4,.4,.45,.46,.0,.1333,.4,.6,.6667,.6667,.0,.16,.4,.48,.5373,.5444
219,"Blue_Dome_Santorini",1.0,.8,.85,.8667,.875,.88,.25,.375,.625,.625,.6875,.75,.4,.5106,.7203,.7263,.77,.8098
220,"Fossar_de_les_Moreres",.6,.8,.7,.6,.575,.58,.2143,.3571,.4286,.5714,.6429,.7143,.3158,.4938,.5316,.5854,.607,.6402
221,"Luxor_Obelisk_France",.8,.9,.85,.8333,.825,.84,.1875,.375,.4375,.4375,.4375,.5,.3038,.5294,.5777,.5738,.5718,.6269
222,"Valle_de_los_Caidos",1.0,1.0,.9,.8667,.9,.92,.15,.25,.45,.65,.7,.8,.2609,.4,.6,.7429,.7875,.8558
--------------------
"--","Avg.",P@5,P@10,P@20,P@30,P@40,P@50,CR@5,CR@10,CR@20,CR@30,CR@40,CR@50,F1@5,F1@10,F1@20,F1@30,F1@40,F1@50
,.,745,.7545,.7599,.7611,.7568,.7526,.149,.2611,.4272,.527,.5965,.6543,.2458,.3805,.534,.6082,.6525,.6844
