--------------------
"Run name","output_runGABORXBIndex"
--------------------
"Average P@20 = ",.7959
"Average CR@20 = ",.398
"Average F1@20 = ",.5197
--------------------
"Query Id ","Location name",P@5,P@10,P@20,P@30,P@40,P@50,CR@5,CR@10,CR@20,CR@30,CR@40,CR@50,F1@5,F1@10,F1@20,F1@30,F1@40,F1@50
1,"angel_of_the_north",1.0,1.0,1.0,1.0,1.0,1.0,.16,.24,.48,.6,.6,.64,.2759,.3871,.6486,.75,.75,.7805
2,"big_ben",1.0,1.0,.95,.9667,.875,.84,.2273,.3182,.4091,.5,.5909,.5909,.3704,.4828,.5719,.6591,.7054,.6938
3,"hearst_castle",1.0,1.0,.95,.9667,.925,.92,.2083,.3333,.5,.6667,.7083,.75,.3448,.5,.6552,.7891,.8023,.8263
4,"la_madeleine",.2,.3,.25,.3333,.325,.4,.0714,.1429,.2857,.4286,.5714,.7143,.1053,.1935,.2667,.375,.4143,.5128
5,"pont_alexandre_iii",1.0,1.0,1.0,.9667,.975,.98,.2,.36,.48,.56,.64,.68,.3333,.5294,.6486,.7092,.7728,.8029
6,"neues_museum",.0,.0,.2,.2667,.35,.46,.0,.0,.16,.24,.44,.48,.0,.0,.1778,.2526,.3899,.4698
7,"montezuma_castle",1.0,1.0,.65,.6,.575,.56,.4167,.5,.5833,.5833,.5833,.5833,.5882,.6667,.6149,.5915,.5791,.5714
8,"cn_tower",.4,.5,.55,.6,.625,.64,.0833,.2083,.2917,.4167,.5833,.7083,.1379,.2941,.3812,.4918,.6034,.6724
9,"acropolis_athens",.8,.8,.85,.8667,.85,.86,.0952,.2857,.4762,.5714,.5714,.5714,.1702,.4211,.6104,.6887,.6834,.6866
10,"agra_fort",.8,.9,.9,.9333,.925,.92,.16,.2,.4,.56,.68,.76,.2667,.3273,.5538,.7,.7838,.8324
11,"albert_memorial",.8,.8,.8,.8,.75,.76,.0909,.1818,.2727,.3182,.5,.5909,.1633,.2963,.4068,.4553,.6,.6649
12,"altes_museum",.8,.6,.55,.6667,.725,.68,.125,.1667,.3333,.5417,.625,.7083,.2162,.2609,.4151,.5977,.6713,.6939
13,"amiens_cathedral",1.0,.9,.95,.9333,.925,.94,.12,.2,.56,.68,.76,.8,.2143,.3273,.7046,.7868,.8344,.8644
14,"angkor_wat",1.0,1.0,.85,.7333,.725,.76,.12,.28,.4,.52,.64,.72,.2143,.4375,.544,.6085,.6799,.7395
15,"ara_pacis",.8,.7,.65,.6,.575,.62,.1818,.3182,.4545,.5455,.6364,.7273,.2963,.4375,.535,.5714,.6041,.6694
16,"arc_de_triomphe",1.0,1.0,.95,.8667,.825,.8,.125,.2083,.4167,.5417,.6667,.7083,.2222,.3448,.5793,.6667,.7374,.7514
17,"aztec_ruins",.0,.0,.15,.1667,.125,.18,.0,.0,.12,.16,.16,.24,.0,.0,.1333,.1633,.1404,.2057
18,"berlin_cathedral",.8,.8,.9,.9333,.925,.92,.16,.28,.48,.52,.6,.72,.2667,.4148,.6261,.6679,.7279,.8078
19,"bok_tower_gardens",1.0,.9,.9,.8667,.85,.86,.2,.32,.52,.64,.76,.92,.3333,.4721,.6592,.7363,.8025,.889
20,"brandenburg_gate",1.0,1.0,1.0,1.0,1.0,.98,.16,.28,.44,.6,.68,.68,.2759,.4375,.6111,.75,.8095,.8029
21,"cabrillo",.0,.0,.2,.2,.175,.16,.0,.0,.3077,.3846,.3846,.4615,.0,.0,.2424,.2632,.2405,.2376
22,"casa_batllo",1.0,1.0,1.0,1.0,1.0,1.0,.2,.28,.4,.52,.64,.8,.3333,.4375,.5714,.6842,.7805,.8889
23,"casa_rosada",.6,.8,.85,.9,.925,.94,.12,.24,.4,.52,.72,.8,.2,.3692,.544,.6592,.8097,.8644
24,"castillo_de_san_marcos",1.0,.8,.7,.7,.65,.66,.2,.28,.32,.4,.52,.6,.3333,.4148,.4392,.5091,.5778,.6286
25,"chartres_cathedral",1.0,.9,.95,.9667,.975,.98,.12,.2,.44,.64,.72,.8,.2143,.3273,.6014,.7701,.8283,.8809
26,"chichen_itza",1.0,.9,.85,.8,.85,.88,.16,.24,.4,.48,.52,.72,.2759,.3789,.544,.6,.6453,.792
27,"christ_the_redeemer_rio",.6,.7,.7,.7333,.675,.62,.1304,.2609,.3913,.6087,.6087,.6522,.2143,.3801,.502,.6652,.6401,.6357
28,"civic_center_san_francisco",.4,.7,.8,.8333,.75,.76,.08,.2,.44,.52,.52,.6,.1333,.3111,.5677,.6404,.6142,.6706
29,"cologne_cathedral",1.0,1.0,1.0,1.0,.975,.94,.2,.24,.4,.56,.6,.64,.3333,.3871,.5714,.7179,.7429,.7615
30,"colosseum",1.0,1.0,1.0,1.0,.975,.98,.2,.28,.44,.48,.52,.64,.3333,.4375,.6111,.6486,.6783,.7743
31,"doge_s_palace",1.0,.9,.95,.9,.9,.9,.16,.24,.36,.48,.52,.52,.2759,.3789,.5221,.6261,.6592,.6592
32,"eiffel_tower",1.0,1.0,1.0,1.0,.975,.96,.16,.28,.36,.48,.52,.56,.2759,.4375,.5294,.6486,.6783,.7074
33,"golden_gate_bridge",1.0,.8,.9,.9,.9,.88,.2174,.2609,.4348,.4783,.4783,.5217,.3571,.3934,.5863,.6246,.6246,.6551
34,"grand_palais",.8,.9,.9,.9,.9,.92,.1364,.2273,.3636,.5455,.6364,.6364,.233,.3629,.518,.6792,.7456,.7523
35,"guggenheim_museum_bilbao",1.0,1.0,1.0,.9667,.95,.94,.12,.2,.32,.44,.56,.64,.2143,.3333,.4848,.6047,.7046,.7615
36,"hagia_sophia_istanbul",1.0,1.0,1.0,1.0,1.0,1.0,.12,.2,.4,.52,.64,.72,.2143,.3333,.5714,.6842,.7805,.8372
37,"hoover_dam",1.0,1.0,.95,.9667,.925,.94,.12,.2,.36,.48,.56,.6,.2143,.3333,.5221,.6415,.6976,.7325
38,"humayun_tomb",.8,.7,.55,.6667,.7,.76,.08,.2,.32,.48,.56,.64,.1455,.3111,.4046,.5581,.6222,.6949
39,"iguazu_falls",.6,.7,.75,.7667,.775,.78,.08,.16,.24,.36,.44,.56,.1412,.2605,.3636,.4899,.5613,.6519
40,"iolani_palace",1.0,1.0,.95,.9,.775,.7,.16,.28,.44,.52,.64,.64,.2759,.4375,.6014,.6592,.7011,.6687
41,"la_mezquita",.8,.8,.85,.8,.725,.7,.125,.25,.4583,.5417,.5833,.5833,.2162,.381,.5955,.646,.6465,.6364
42,"la_rambla_barcelona",.8,.9,.95,.9667,.95,.92,.08,.24,.44,.48,.48,.56,.1455,.3789,.6014,.6415,.6378,.6962
43,"la_sainte_chapelle",1.0,.9,.9,.9333,.925,.94,.2,.28,.52,.72,.72,.8,.3333,.4271,.6592,.8129,.8097,.8644
44,"liberty_memorial",.6,.5,.75,.6667,.625,.6,.08,.08,.32,.4,.44,.48,.1412,.1379,.4486,.5,.5164,.5333
45,"lincoln_home",.8,.8,.85,.8667,.85,.8,.2222,.3333,.5556,.6667,.7222,.7778,.3478,.4706,.6719,.7536,.7809,.7887
46,"machu_picchu",.8,.9,.8,.7667,.75,.7,.16,.28,.44,.52,.6,.64,.2667,.4271,.5677,.6197,.6667,.6687
47,"marble_arch_london",.8,.8,.65,.6,.45,.38,.3333,.4167,.5833,.8333,.8333,.8333,.4706,.5479,.6149,.6977,.5844,.522
48,"milan_cathedral",1.0,1.0,.95,.9333,.95,.94,.2,.28,.44,.52,.6,.68,.3333,.4375,.6014,.6679,.7355,.7891
49,"mole_antonelliana",1.0,1.0,.9,.8,.725,.72,.16,.32,.36,.4,.48,.6,.2759,.4848,.5143,.5333,.5776,.6545
50,"mont_saint_michel",1.0,1.0,.95,.9333,.95,.94,.16,.32,.44,.52,.6,.64,.2759,.4848,.6014,.6679,.7355,.7615
51,"moulin_rouge",.0,.1,.1,.1,.15,.16,.0,.125,.125,.125,.375,.5,.0,.1111,.1111,.1111,.2143,.2424
52,"nelson_s_column",.8,.9,.95,.9667,.95,.96,.0417,.1667,.25,.4167,.5833,.5833,.0792,.2812,.3958,.5823,.7228,.7257
53,"notre_dame_de_paris",.8,.9,.9,.9333,.95,.94,.12,.24,.4,.56,.6,.64,.2087,.3789,.5538,.7,.7355,.7615
54,"obelisco",.2,.2,.1,.1,.125,.14,.0909,.1818,.1818,.2727,.3636,.4545,.125,.1905,.129,.1463,.186,.2141
55,"piccadilly_circus",.8,.7,.7,.6667,.75,.76,.1739,.3043,.3913,.5217,.6522,.6522,.2857,.4242,.502,.5854,.6977,.702
56,"place_de_la_concorde",1.0,1.0,1.0,.9667,.95,.96,.16,.2,.32,.44,.56,.64,.2759,.3333,.4848,.6047,.7046,.768
57,"place_de_la_republique",.4,.2,.25,.2333,.2,.24,.25,.25,.5,.625,.625,.875,.3077,.2222,.3333,.3398,.303,.3767
58,"place_des_vosges",1.0,1.0,1.0,.9333,.8,.8,.12,.24,.36,.52,.52,.6,.2143,.3871,.5294,.6679,.6303,.6857
59,"pont_du_gard",.8,.8,.85,.8,.85,.84,.12,.24,.36,.44,.56,.6,.2087,.3692,.5058,.5677,.6752,.7
60,"pont_neuf",1.0,1.0,.9,.8333,.775,.7,.16,.28,.4,.56,.6,.72,.2759,.4375,.5538,.6699,.6764,.7099
61,"ponte_vecchio",1.0,.9,.85,.8667,.875,.86,.125,.2917,.4167,.5,.5833,.6667,.2222,.4406,.5592,.6341,.7,.7511
62,"puerta_de_alcala",.2,.4,.35,.5667,.55,.6,.0526,.1579,.2632,.4211,.4737,.5263,.0833,.2264,.3004,.4831,.509,.5607
63,"puerta_del_sol",1.0,.8,.55,.5,.45,.44,.2,.25,.4,.4,.45,.5,.3333,.381,.4632,.4444,.45,.4681
64,"red_fort",1.0,1.0,1.0,1.0,1.0,1.0,.16,.32,.52,.6,.68,.8,.2759,.4848,.6842,.75,.8095,.8889
65,"reims_cathedral",1.0,.9,.95,.9667,.95,.94,.2,.24,.44,.48,.6,.68,.3333,.3789,.6014,.6415,.7355,.7891
66,"rialto_bridge",1.0,.9,.75,.6667,.625,.66,.1875,.3125,.5,.5625,.5625,.625,.3158,.4639,.6,.6102,.5921,.642
67,"roman_forum_rome",.8,.8,.65,.6333,.625,.62,.16,.24,.32,.4,.48,.6,.2667,.3692,.4289,.4903,.543,.6098
68,"sacre_coeur",.6,.5,.55,.6,.625,.6,.125,.1667,.25,.375,.5,.625,.2069,.25,.3438,.4615,.5556,.6122
69,"sagrada_familia",1.0,.9,.95,.9667,.95,.96,.12,.28,.36,.52,.6,.68,.2143,.4271,.5221,.6762,.7355,.7961
70,"santa_maria_novella",.8,.8,.6,.5333,.525,.54,.16,.28,.4,.48,.52,.6,.2667,.4148,.48,.5053,.5225,.5684
71,"schonbrunn_palace",.8,.9,.95,.8667,.9,.92,.12,.24,.44,.56,.68,.68,.2087,.3789,.6014,.6804,.7747,.782
72,"seville_cathedral",.8,.9,.8,.8667,.9,.92,.16,.32,.44,.52,.6,.68,.2667,.4721,.5677,.65,.72,.782
73,"spanish_steps",1.0,1.0,.85,.7,.675,.64,.1364,.2273,.4545,.5909,.6364,.6818,.24,.3704,.5923,.6408,.6551,.6602
74,"st__basil_cathedral",1.0,1.0,.85,.8667,.85,.88,.16,.32,.44,.52,.64,.64,.2759,.4848,.5798,.65,.7302,.7411
75,"statue_of_liberty",1.0,.9,.95,.8667,.85,.82,.16,.24,.28,.48,.56,.64,.2759,.3789,.4325,.6178,.6752,.7189
76,"stonehenge",.8,.8,.7,.6,.6,.64,.1579,.2105,.4211,.5263,.5789,.6316,.2637,.3333,.5258,.5607,.5893,.6358
77,"summer_palace_beijing",1.0,1.0,1.0,.9667,.95,.9,.16,.28,.36,.44,.6,.6,.2759,.4375,.5294,.6047,.7355,.72
78,"sydney_opera_house",1.0,1.0,.95,.9333,.925,.92,.16,.28,.4,.48,.56,.6,.2759,.4375,.563,.634,.6976,.7263
79,"teotihuacan",.8,.8,.7,.6667,.65,.66,.16,.28,.48,.56,.64,.68,.2667,.4148,.5695,.6087,.645,.6699
80,"terracotta_army",.6,.6,.6,.5667,.45,.44,.15,.25,.4,.45,.5,.5,.24,.3529,.48,.5016,.4737,.4681
81,"the_blue_mosque",.8,.8,.9,.9,.925,.94,.08,.16,.4,.44,.64,.64,.1455,.2667,.5538,.591,.7565,.7615
82,"the_henry_ford",.8,.8,.75,.6667,.6,.64,.08,.2,.28,.36,.44,.56,.1455,.32,.4078,.4675,.5077,.5973
83,"taj_mahal",.8,.9,.9,.8667,.85,.82,.16,.24,.4,.52,.68,.72,.2667,.3789,.5538,.65,.7556,.7668
84,"tour_montparnasse",.6,.3,.5,.4333,.45,.38,.15,.15,.3,.35,.45,.45,.24,.2,.375,.3872,.45,.412
85,"tower_bridge_london",.8,.6,.65,.6333,.625,.6,.12,.16,.32,.4,.56,.6,.2087,.2526,.4289,.4903,.5907,.6
86,"trafalgar_square",.6,.7,.55,.5333,.55,.5,.0909,.2273,.2273,.3182,.4091,.4091,.1579,.3431,.3216,.3986,.4692,.45
87,"leaning_tower_of_pisa",.4,.5,.5,.5667,.65,.66,.08,.12,.2,.28,.36,.56,.1333,.1935,.2857,.3748,.4634,.6059
88,"hermitage_museum_saint_petersburg",1.0,1.0,.9,.8333,.85,.82,.12,.24,.36,.44,.48,.56,.2143,.3871,.5143,.5759,.6135,.6655
89,"jantar_mantar_jaipur",.6,.8,.8,.8333,.825,.84,.08,.24,.44,.64,.76,.88,.1412,.3692,.5677,.724,.7912,.8595
90,"lake_titicaca_peru",.4,.4,.5,.5667,.55,.52,.0833,.125,.2917,.4583,.5417,.5833,.1379,.1905,.3684,.5068,.5458,.5498
91,"the_great_wall_of_china",.8,.8,.85,.8,.75,.74,.16,.32,.44,.52,.6,.6,.2667,.4571,.5798,.6303,.6667,.6627
92,"grande_arche_paris",.8,.6,.65,.6333,.6,.64,.12,.2,.28,.4,.4,.44,.2087,.3,.3914,.4903,.48,.5215
93,"el_angel_mexico",1.0,.9,.95,.8,.7,.66,.1905,.381,.619,.7143,.7143,.7143,.32,.5353,.7496,.7547,.7071,.6861
94,"bibliotheque_nationale_de_france",.4,.6,.65,.7,.775,.82,.08,.16,.28,.52,.64,.72,.1333,.2526,.3914,.5967,.7011,.7668
95,"kronborg_castle",.4,.7,.75,.7333,.725,.72,.0833,.25,.4583,.4583,.5,.5417,.1379,.3684,.569,.5641,.5918,.6182
96,"ajanta_caves",.6,.6,.8,.8667,.9,.92,.1364,.2273,.4091,.5,.5909,.6818,.2222,.3297,.5414,.6341,.7134,.7832
97,"atomium",.8,.9,.95,.9667,.975,.96,.1905,.3333,.381,.4286,.4286,.4286,.3077,.4865,.5438,.5939,.5954,.5926
98,"ellora_caves",1.0,1.0,.95,.9333,.95,.96,.1364,.2727,.3182,.4091,.5909,.6818,.24,.4286,.4767,.5688,.7286,.7973
99,"potala_palace",1.0,.8,.9,.8667,.875,.9,.1111,.2222,.4444,.6111,.6111,.6667,.2,.3478,.595,.7168,.7196,.766
100,"jokhang",.8,.8,.8,.8333,.825,.8,.08,.24,.4,.52,.56,.68,.1455,.3692,.5333,.6404,.6671,.7351
101,"rila_monastery",.8,.7,.7,.8,.825,.86,.16,.24,.32,.36,.44,.48,.2667,.3574,.4392,.4966,.5739,.6161
102,"louvre_pyramid",.8,.8,.9,.8667,.85,.84,.1111,.1667,.3889,.3889,.5,.5556,.1951,.2759,.5431,.5369,.6296,.6688
103,"brooklyn_bridge",1.0,.9,.9,.9333,.9,.88,.0952,.1905,.4286,.4286,.4762,.5714,.1739,.3144,.5806,.5874,.6228,.6929
104,"tower_of_london",.6,.7,.7,.7333,.75,.74,.0435,.1739,.3478,.5652,.6087,.6957,.0811,.2786,.4647,.6384,.672,.7171
105,"british_museum_london",1.0,1.0,1.0,1.0,1.0,1.0,.1,.2,.3,.45,.6,.6,.1818,.3333,.4615,.6207,.75,.75
106,"buckingham_palace",.6,.6,.45,.4667,.425,.44,.15,.2,.2,.3,.3,.35,.24,.3,.2769,.3652,.3517,.3899
107,"charles_bridge_prague",1.0,1.0,.85,.8333,.775,.68,.125,.1667,.2917,.4167,.4167,.4167,.2222,.2857,.4343,.5556,.542,.5167
108,"champs_elysees_paris",.4,.5,.6,.6333,.55,.54,.0667,.1333,.2667,.4,.4,.5333,.1143,.2105,.3692,.4903,.4632,.5366
109,"chrysler_building",1.0,1.0,1.0,1.0,1.0,1.0,.2143,.2143,.4286,.6429,.9286,.9286,.3529,.3529,.6,.7826,.963,.963
110,"moma_new_york",.8,.8,.9,.9,.925,.94,.1579,.3158,.4737,.5263,.6316,.6842,.2637,.4528,.6207,.6642,.7506,.792
111,"grand_central_terminal",1.0,1.0,1.0,.9667,.975,.96,.0952,.1429,.2381,.3333,.4286,.5714,.1739,.25,.3846,.4957,.5954,.7164
112,"houses_of_parliament",1.0,1.0,1.0,.9,.875,.9,.1739,.2609,.3478,.3478,.4348,.4783,.2963,.4138,.5161,.5017,.5809,.6246
113,"alexanderplatz_berlin",.0,.4,.45,.4667,.525,.58,.0,.16,.32,.36,.52,.52,.0,.2286,.374,.4065,.5225,.5484
114,"centre_pompidou",.6,.6,.7,.6667,.625,.64,.1667,.2222,.3889,.5556,.5556,.6667,.2609,.3243,.5,.6061,.5882,.6531
115,"sydney_harbour_bridge",1.0,1.0,1.0,1.0,1.0,1.0,.1875,.3125,.375,.5625,.5625,.625,.3158,.4762,.5455,.72,.72,.7692
116,"pier_39",1.0,1.0,1.0,1.0,.95,.96,.2381,.3333,.4286,.4762,.619,.619,.3846,.5,.6,.6452,.7496,.7527
117,"coit_tower",.6,.6,.5,.5333,.525,.58,.1333,.1333,.4,.4,.4,.5333,.2182,.2182,.4444,.4571,.4541,.5557
118,"st_paul_s_cathedral_london",1.0,1.0,.95,.9,.875,.8,.2353,.3529,.5294,.5882,.6471,.7059,.381,.5217,.6799,.7115,.744,.75
119,"cloud_gate",.8,.5,.65,.7667,.725,.6,.25,.25,.3333,.4167,.4167,.4167,.381,.3333,.4407,.5399,.5292,.4918
120,"musee_d_orsay",1.0,1.0,.9,.9,.925,.9,.0952,.1905,.4286,.5714,.7143,.7143,.1739,.32,.5806,.699,.8061,.7965
121,"pike_place_market",1.0,1.0,.95,.9,.825,.8,.1905,.2857,.381,.4762,.5238,.5238,.32,.4444,.5438,.6228,.6408,.6331
122,"royal_palace_madrid",.8,.6,.8,.7333,.775,.78,.0909,.1364,.4545,.5455,.6364,.6818,.1633,.2222,.5797,.6256,.6989,.7276
123,"sony_center_berlin",.8,.8,.9,.9333,.95,.96,.1905,.2381,.4286,.4762,.5238,.5238,.3077,.367,.5806,.6306,.6753,.6778
124,"red_square_moscow",.8,.5,.7,.7,.7,.66,.0476,.0952,.381,.5238,.5714,.6667,.0899,.16,.4934,.5992,.6292,.6633
125,"prague_castle",.8,.9,.9,.8333,.85,.86,.12,.24,.4,.48,.64,.76,.2087,.3789,.5538,.6091,.7302,.8069
126,"musee_du_louvre",1.0,1.0,1.0,.9667,.975,.98,.16,.24,.44,.56,.6,.68,.2759,.3871,.6111,.7092,.7429,.8029
127,"millennium_bridge_london",.8,.9,.75,.7667,.8,.8,.16,.28,.36,.48,.52,.6,.2667,.4271,.4865,.5904,.6303,.6857
128,"casa_mila",1.0,1.0,1.0,.9667,.95,.94,.2,.28,.48,.48,.52,.6,.3333,.4375,.6486,.6415,.6721,.7325
129,"national_gallery_london",1.0,1.0,.95,.9,.75,.68,.2273,.3636,.5,.5909,.5909,.5909,.3704,.5333,.6552,.7134,.661,.6323
130,"national_mall",1.0,1.0,.95,.8667,.875,.86,.2,.36,.52,.6,.68,.72,.3333,.5294,.6721,.7091,.7653,.7838
131,"london_city_hall",1.0,1.0,1.0,.8333,.825,.78,.2,.35,.5,.55,.55,.55,.3333,.5185,.6667,.6627,.66,.6451
132,"holocaust_memorial",.4,.5,.7,.6,.6,.54,.0625,.25,.375,.4375,.5,.5,.1081,.3333,.4884,.506,.5455,.5192
133,"columbus_circle",.4,.5,.6,.6,.55,.52,.04,.12,.36,.48,.56,.64,.0727,.1935,.45,.5333,.555,.5738
134,"siegessaeule",1.0,.9,.95,.9333,.875,.78,.2,.32,.4,.52,.64,.76,.3333,.4721,.563,.6679,.7393,.7699
135,"jardin_du_luxembourg",1.0,1.0,1.0,1.0,1.0,.98,.12,.24,.44,.56,.64,.72,.2143,.3871,.6111,.7179,.7805,.8301
136,"merlion_singapore",.0,.2,.15,.1667,.2,.22,.0,.0909,.1364,.2273,.3636,.4091,.0,.125,.1429,.1923,.2581,.2861
137,"harrods_london",.8,.9,.95,.9333,.925,.9,.12,.28,.44,.56,.68,.76,.2087,.4271,.6014,.7,.7838,.8241
138,"metropolitan_museum_of_art_new_york",1.0,1.0,1.0,1.0,1.0,.98,.16,.32,.48,.56,.68,.8,.2759,.4848,.6486,.7179,.8095,.8809
139,"new_york_stock_exchange",1.0,.7,.7,.6333,.675,.68,.2,.2,.4,.55,.55,.6,.3333,.3111,.5091,.5887,.6061,.6375
140,"stephansdom_vienna",1.0,1.0,1.0,1.0,1.0,1.0,.16,.28,.52,.56,.64,.68,.2759,.4375,.6842,.7179,.7805,.8095
141,"hms_belfast",1.0,1.0,.95,.9333,.9,.9,.16,.32,.44,.52,.6,.68,.2759,.4848,.6014,.6679,.72,.7747
142,"leicester_square",1.0,.9,.9,.8,.75,.76,.12,.2,.32,.4,.52,.56,.2143,.3273,.4721,.5333,.6142,.6448
143,"ciudad_de_las_artes_y_las_ciencias",1.0,1.0,.9,.9333,.9,.92,.2,.28,.4,.6,.64,.64,.3333,.4375,.5538,.7304,.7481,.7549
144,"topkapi_palace",1.0,1.0,1.0,.9333,.95,.96,.16,.28,.56,.6,.68,.72,.2759,.4375,.7179,.7304,.7926,.8229
145,"royal_albert_hall",1.0,.7,.85,.8,.75,.66,.12,.16,.28,.36,.52,.52,.2143,.2605,.4212,.4966,.6142,.5817
146,"st_vitus_cathedral",1.0,1.0,.95,.9333,.925,.94,.16,.28,.44,.52,.56,.64,.2759,.4375,.6014,.6679,.6976,.7615
147,"castello_sforzesco",1.0,.9,.95,.9333,.925,.92,.08,.2,.36,.48,.6,.64,.1481,.3273,.5221,.634,.7279,.7549
148,"rijksmuseum_amsterdam",1.0,1.0,1.0,1.0,1.0,1.0,.16,.2,.28,.36,.56,.6,.2759,.3333,.4375,.5294,.7179,.75
149,"dam_square",.8,.7,.7,.7,.7,.64,.12,.2,.32,.36,.44,.44,.2087,.3111,.4392,.4755,.5404,.5215
150,"rathaus_vienna",.8,.9,.8,.8,.8,.78,.08,.16,.2,.24,.32,.4,.1455,.2717,.32,.3692,.4571,.5288
151,"bath_abbey",1.0,1.0,.95,.9667,.975,.96,.2,.28,.44,.44,.56,.6,.3333,.4375,.6014,.6047,.7114,.7385
152,"salisbury_cathedral",1.0,1.0,1.0,.9667,.975,.98,.12,.2,.36,.44,.56,.56,.2143,.3333,.5294,.6047,.7114,.7127
153,"templo_de_debod",.2,.2,.4,.3333,.35,.36,.0455,.0909,.2273,.2273,.2727,.3182,.0741,.125,.2899,.2703,.3066,.3378
154,"Niagara_Falls",.6,.6,.55,.5667,.575,.6,.1364,.1818,.3182,.4091,.5,.5455,.2222,.2791,.4031,.4752,.5349,.5714
155,"Golden_Gate_Bridge_in_San_Francisco",1.0,.9,.85,.9,.925,.94,.0909,.1818,.4091,.5,.5909,.6364,.1667,.3025,.5523,.6429,.7211,.7589
156,"Neuschwanstein_Castle",1.0,.9,.9,.9333,.95,.94,.16,.28,.4,.52,.64,.68,.2759,.4271,.5538,.6679,.7648,.7891
157,"Christ_Church_Cathedral_Missouri",1.0,1.0,1.0,1.0,1.0,.96,.16,.32,.48,.52,.56,.6,.2759,.4848,.6486,.6842,.7179,.7385
158,"Mount_Rushmore_in_South_Dakota",.8,.8,.9,.9333,.925,.92,.12,.2,.32,.48,.6,.6,.2087,.32,.4721,.634,.7279,.7263
159,"Puerta_de_Toledo",.4,.3,.15,.1,.075,.06,1.0,1.0,1.0,1.0,1.0,1.0,.5714,.4615,.2609,.1818,.1395,.1132
160,"Urquhart_Castle",.6,.5,.75,.8,.825,.76,.125,.2083,.5,.5833,.625,.7083,.2069,.2941,.6,.6747,.7112,.7333
161,"Gare_du_Nord_Paris",1.0,.8,.8,.7333,.65,.62,.16,.2,.36,.36,.36,.4,.2759,.32,.4966,.4829,.4634,.4863
162,"Newgrange_in_Ireland",.8,.8,.7,.7333,.7,.66,.125,.1667,.3333,.5,.5417,.5417,.2162,.2759,.4516,.5946,.6107,.595
163,"Windmills_at_Kinderdijk",.8,.8,.8,.8333,.85,.86,.16,.28,.32,.48,.56,.56,.2667,.4148,.4571,.6091,.6752,.6783
164,"Conciergerie",.8,.9,.95,.9667,.975,.98,.16,.28,.44,.48,.64,.72,.2667,.4271,.6014,.6415,.7728,.8301
165,"Palazzo_Madama",1.0,.8,.8,.7333,.675,.68,.2273,.3636,.4545,.5909,.6364,.6818,.3704,.5,.5797,.6545,.6551,.6809
166,"Split_Rock_Lighthouse",1.0,1.0,.8,.8333,.85,.84,.2,.28,.32,.44,.56,.56,.3333,.4375,.4571,.5759,.6752,.672
167,"The_Little_Mermaid_Denmark",1.0,.9,.85,.9,.825,.74,.2857,.4286,.6429,.7857,.7857,.8571,.4444,.5806,.7321,.839,.8049,.7943
168,"Great_Pyramid_of_Giza",.6,.5,.6,.6,.6,.62,.2,.2,.3333,.5333,.6,.6,.3,.2857,.4286,.5647,.6,.6098
169,"Pitti_Palace",.4,.7,.85,.8667,.85,.78,.0909,.2273,.4545,.5,.5909,.5909,.1481,.3431,.5923,.6341,.6972,.6724
170,"Georgia_State_Capitol",.8,.7,.55,.4333,.4,.36,.1579,.2105,.2632,.2632,.2632,.2632,.2637,.3237,.356,.3275,.3175,.3041
171,"Dome_des_Invalides",1.0,.9,.95,.9333,.95,.96,.16,.24,.36,.44,.52,.56,.2759,.3789,.5221,.5981,.6721,.7074
172,"Reggia_di_Caserta",.6,.7,.5,.5333,.6,.6,.12,.24,.36,.48,.52,.6,.2,.3574,.4186,.5053,.5571,.6
173,"The_Burj_al_Arab_Hotel",.8,.8,.8,.8333,.85,.84,.16,.24,.44,.52,.56,.56,.2667,.3692,.5677,.6404,.6752,.672
174,"Elephanta_Caves",1.0,1.0,1.0,.9333,.925,.88,.1667,.2917,.4583,.5,.5417,.7083,.2857,.4516,.6286,.6512,.6832,.7849
175,"Basilica_of_Santa_Croce",1.0,1.0,1.0,1.0,1.0,1.0,.2,.24,.32,.36,.48,.64,.3333,.3871,.4848,.5294,.6486,.7805
176,"Aachen_Cathedral",1.0,1.0,.95,.9333,.9,.92,.2,.32,.4,.44,.52,.56,.3333,.4848,.563,.5981,.6592,.6962
177,"Monument_to_the_Great_Fire_of_London",1.0,1.0,.65,.6,.6,.58,.2,.32,.36,.48,.52,.56,.3333,.4848,.4634,.5333,.5571,.5698
178,"Longmen_Grottoes",.8,.6,.7,.5667,.575,.56,.12,.2,.44,.48,.6,.64,.2087,.3,.5404,.5197,.5872,.5973
179,"Louisiana_State_Capitol",.4,.4,.25,.2,.275,.3,.08,.16,.16,.2,.32,.4,.1333,.2286,.1951,.2,.2958,.3429
180,"The_Great_Sphinx_at_Giza",1.0,.9,.85,.8333,.8,.8,.16,.24,.32,.44,.64,.72,.2759,.3789,.465,.5759,.7111,.7579
181,"Teatro_Real_Madrid",1.0,1.0,.9,.8,.775,.74,.1739,.2609,.4783,.6087,.7391,.8261,.2963,.4138,.6246,.6914,.7566,.7807
182,"Palacio_de_la_Magdalena",.4,.7,.85,.8333,.775,.8,.08,.24,.44,.6,.68,.72,.1333,.3574,.5798,.6977,.7244,.7579
183,"Sowjetisches_Ehrenmal",.6,.4,.55,.5333,.575,.58,.08,.12,.28,.4,.56,.68,.1412,.1846,.3711,.4571,.5674,.626
184,"Cathedral_of_Trier",.8,.9,.9,.9,.9,.84,.16,.36,.48,.6,.72,.72,.2667,.5143,.6261,.72,.8,.7754
185,"Saint_Mary_of_the_Flower",.2,.1,.25,.2333,.25,.26,.04,.04,.12,.16,.24,.36,.0667,.0571,.1622,.1898,.2449,.3019
186,"Skellig_Michael",.8,.8,.8,.7333,.775,.76,.16,.28,.44,.52,.6,.72,.2667,.4148,.5677,.6085,.6764,.7395
187,"Chicago_Board_of_Trade_Building",1.0,.9,.8,.8,.75,.76,.1818,.2727,.3182,.4091,.5,.6364,.3077,.4186,.4553,.5414,.6,.6927
188,"Pont_de_Normandie_France",1.0,1.0,.95,.8,.85,.86,.2105,.4737,.6316,.7368,.7895,.9474,.3478,.6429,.7587,.7671,.8186,.9016
189,"Palazzo_Rosso",.0,.0,.05,.1333,.125,.1,.0,.0,.0417,.125,.1667,.1667,.0,.0,.0455,.129,.1429,.125
190,"Piazza_Vittorio_Veneto",1.0,.9,.75,.6333,.475,.44,.25,.375,.5,.5625,.5625,.5625,.4,.5294,.6,.5958,.5151,.4938
191,"Sforza_Castle",1.0,1.0,.95,.9333,.95,.96,.2,.32,.52,.56,.68,.68,.3333,.4848,.6721,.7,.7926,.7961
192,"Torres_KIO",1.0,1.0,1.0,1.0,.925,.88,.16,.24,.52,.56,.64,.64,.2759,.3871,.6842,.7179,.7565,.7411
193,"Torre_Picasso",1.0,1.0,.95,.9667,.9,.84,.1667,.2917,.5,.5833,.6667,.7083,.2857,.4516,.6552,.7276,.766,.7686
194,"The_Palace_of_Parliament_in_Bucharest",.8,.9,.95,.9667,.95,.96,.16,.28,.44,.56,.6,.68,.2667,.4271,.6014,.7092,.7355,.7961
195,"Ernest_Hemingway_House",.8,.8,.8,.8333,.875,.86,.12,.24,.4,.48,.64,.72,.2087,.3692,.5333,.6091,.7393,.7838
196,"Castel_dellOvo_Napoli",.6,.8,.8,.8333,.825,.78,.12,.32,.44,.56,.64,.72,.2,.4571,.5677,.6699,.7208,.7488
197,"Villa_Borghese_gardens",1.0,1.0,1.0,1.0,.975,.98,.16,.28,.48,.64,.68,.8,.2759,.4375,.6486,.7805,.8012,.8809
198,"Saint_Marks_Basilica",1.0,1.0,1.0,1.0,1.0,1.0,.2,.32,.36,.44,.44,.56,.3333,.4848,.5294,.6111,.6111,.7179
199,"Mausoleum_of_the_First_Qin_Emperor",.8,.9,.85,.8667,.85,.84,.16,.32,.44,.52,.6,.72,.2667,.4721,.5798,.65,.7034,.7754
200,"Mausoleum_of_Hadrian",1.0,1.0,.95,.9,.8,.74,.2222,.3889,.5,.5556,.6111,.6111,.3636,.56,.6552,.687,.6929,.6694
201,"Piazza_de_Ferrari",1.0,.9,.95,.9,.9,.92,.2105,.2632,.3684,.3684,.4737,.5789,.3478,.4072,.5309,.5228,.6207,.7107
202,"George_Washington_Carver",.6,.7,.65,.6333,.625,.66,.1875,.25,.3125,.4375,.5625,.6875,.2857,.3684,.4221,.5175,.5921,.6735
203,"Cathedral_of_Santiago_de_Compostela",1.0,1.0,.9,.8667,.875,.88,.1176,.2941,.5294,.6471,.8235,.8235,.2105,.4545,.6667,.7409,.8485,.8508
204,"Saint-Jacques_Tower",.8,.8,.9,.8667,.8,.82,.2308,.3077,.3846,.5385,.5385,.6923,.3582,.4444,.5389,.6642,.6437,.7508
205,"Calakmul_Campeche_Mexico",1.0,1.0,.9,.9,.85,.8,.2143,.4286,.5714,.6429,.7143,.7857,.3529,.6,.699,.75,.7763,.7928
206,"Bran_Castle_in_Transylvania",.8,.9,.85,.8333,.8,.84,.1579,.3158,.4737,.5789,.5789,.5789,.2637,.4675,.6083,.6832,.6718,.6855
207,"Mosteiro_da_Batalha",1.0,1.0,1.0,1.0,1.0,1.0,.2632,.3684,.5263,.6842,.7895,.7895,.4167,.5385,.6897,.8125,.8824,.8824
208,"Wartburg_Castle",1.0,1.0,.95,.9,.9,.9,.2,.35,.55,.6,.7,.8,.3333,.5185,.6967,.72,.7875,.8471
209,"Fujian_Tulou_Fujian_China",1.0,1.0,1.0,.9667,.975,.98,.2222,.3333,.4444,.5,.6667,.7222,.3636,.5,.6154,.6591,.7919,.8316
210,"Alabama_State_Capitol",.6,.7,.55,.6667,.75,.76,.1429,.3333,.4286,.619,.7619,.7619,.2308,.4516,.4818,.642,.7559,.761
211,"Palazzo_dAccursio",1.0,1.0,.8,.7667,.8,.78,.1667,.3333,.3889,.4444,.4444,.5,.2857,.5,.5234,.5627,.5714,.6094
212,"Casa_Grande_Ruins",.8,.8,.85,.8,.825,.8,.2353,.2353,.3529,.4118,.4706,.5294,.3636,.3636,.4988,.5437,.5993,.6372
213,"Stravinsky_Fountain",1.0,1.0,.95,.9333,.925,.86,.2,.2667,.3333,.3333,.5333,.6,.3333,.4211,.4935,.4912,.6766,.7068
214,"Angel_Falls_Venezuela",.8,.9,.65,.6667,.6,.58,.1765,.3529,.4706,.5882,.6471,.7647,.2892,.507,.5459,.625,.6226,.6597
215,"Statue_of_George_IV",.8,.7,.55,.5333,.45,.48,.375,.5,.625,.75,.75,.875,.5106,.5833,.5851,.6234,.5625,.6199
216,"Palacio_Barolo",1.0,.9,.95,.9,.9,.9,.1765,.2353,.5294,.5294,.6471,.6471,.3,.3731,.6799,.6667,.7529,.7529
217,"Bridge_of_Remembrance_Christchurch_New_Zealand",.8,.9,.85,.8333,.775,.78,.3333,.4167,.75,.8333,.9167,1.0,.4706,.5696,.7969,.8333,.8399,.8764
218,"John_A._Roebling_Suspension_Bridge",.0,.3,.3,.3667,.375,.42,.0,.2,.3333,.5333,.6,.7333,.0,.24,.3158,.4346,.4615,.5341
219,"Blue_Dome_Santorini",.8,.9,.9,.8667,.9,.9,.25,.3125,.5625,.625,.75,.8125,.381,.4639,.6923,.7263,.8182,.854
220,"Fossar_de_les_Moreres",.6,.7,.6,.5333,.55,.5,.1429,.3571,.4286,.5714,.7143,.7857,.2308,.473,.5,.5517,.6215,.6111
221,"Luxor_Obelisk_France",.8,.8,.7,.6667,.725,.74,.1875,.1875,.3125,.3125,.375,.4375,.3038,.3038,.4321,.4255,.4943,.5499
222,"Valle_de_los_Caidos",1.0,1.0,.95,.9,.875,.86,.2,.35,.45,.6,.65,.75,.3333,.5185,.6107,.72,.7459,.8012
--------------------
"--","Avg.",P@5,P@10,P@20,P@30,P@40,P@50,CR@5,CR@10,CR@20,CR@30,CR@40,CR@50,F1@5,F1@10,F1@20,F1@30,F1@40,F1@50
,.,8099,.805,.7959,.7835,.7724,.7655,.1526,.2526,.398,.4946,.5738,.6339,.2492,.3762,.5197,.5937,.6455,.6794
