--------------------
"Run name","output_runDICEDunnIndex"
--------------------
"Average P@20 = ",.7417
"Average CR@20 = ",.4212
"Average F1@20 = ",.5262
--------------------
"Query Id ","Location name",P@5,P@10,P@20,P@30,P@40,P@50,CR@5,CR@10,CR@20,CR@30,CR@40,CR@50,F1@5,F1@10,F1@20,F1@30,F1@40,F1@50
1,"angel_of_the_north",1.0,1.0,1.0,.9667,.975,.98,.16,.28,.56,.68,.68,.72,.2759,.4375,.7179,.7984,.8012,.8301
2,"big_ben",.4,.7,.7,.6667,.7,.7,.0909,.2727,.4091,.5,.6364,.6364,.1481,.3925,.5164,.5714,.6667,.6667
3,"hearst_castle",1.0,1.0,1.0,.9667,.925,.94,.2083,.2917,.4583,.5833,.6667,.8333,.3448,.4516,.6286,.7276,.7749,.8835
4,"la_madeleine",.4,.3,.35,.3,.3,.3,.1429,.1429,.2857,.2857,.5,.5714,.2105,.1935,.3146,.2927,.375,.3934
5,"pont_alexandre_iii",.8,.8,.9,.9,.9,.86,.12,.2,.44,.56,.6,.68,.2087,.32,.591,.6904,.72,.7595
6,"neues_museum",.8,.7,.7,.7333,.75,.76,.12,.2,.36,.44,.52,.72,.2087,.3111,.4755,.55,.6142,.7395
7,"montezuma_castle",.6,.7,.75,.7,.7,.74,.25,.5,.5833,.75,.8333,.8333,.3529,.5833,.6562,.7241,.7609,.7839
8,"cn_tower",.8,.9,.85,.7333,.675,.64,.125,.2917,.4167,.5,.5417,.625,.2162,.4406,.5592,.5946,.601,.6324
9,"acropolis_athens",.8,.8,.65,.6667,.7,.68,.1905,.3333,.4286,.4286,.5238,.619,.3077,.4706,.5166,.5217,.5992,.6481
10,"agra_fort",1.0,.8,.75,.8,.8,.84,.2,.28,.44,.6,.64,.76,.3333,.4148,.5546,.6857,.7111,.798
11,"albert_memorial",.6,.6,.6,.6333,.6,.6,.0909,.1818,.3182,.5,.5,.5909,.1579,.2791,.4158,.5588,.5455,.5954
12,"altes_museum",.8,.9,.8,.8333,.8,.78,.1667,.375,.5417,.5417,.6667,.7083,.2759,.5294,.646,.6566,.7273,.7424
13,"amiens_cathedral",1.0,1.0,.95,.9333,.95,.96,.2,.36,.48,.52,.68,.72,.3333,.5294,.6378,.6679,.7926,.8229
14,"angkor_wat",1.0,.8,.8,.8,.775,.78,.2,.32,.36,.44,.6,.64,.3333,.4571,.4966,.5677,.6764,.7031
15,"ara_pacis",.4,.5,.5,.6,.65,.64,.0909,.1818,.3636,.7273,.7273,.7727,.1481,.2667,.4211,.6575,.6865,.7001
16,"arc_de_triomphe",.8,.8,.65,.6,.6,.62,.1667,.25,.4583,.5,.5833,.7083,.2759,.381,.5376,.5455,.5915,.6612
17,"aztec_ruins",.2,.2,.4,.4,.4,.4,.04,.04,.24,.36,.44,.44,.0667,.0667,.3,.3789,.419,.419
18,"berlin_cathedral",.8,.8,.75,.7667,.825,.86,.16,.24,.44,.56,.56,.68,.2667,.3692,.5546,.6472,.6671,.7595
19,"bok_tower_gardens",.8,.9,.9,.9333,.925,.92,.16,.36,.48,.56,.64,.76,.2667,.5143,.6261,.7,.7565,.8324
20,"brandenburg_gate",1.0,.9,.85,.8,.8,.84,.2,.28,.44,.48,.56,.68,.3333,.4271,.5798,.6,.6588,.7516
21,"cabrillo",.4,.3,.25,.2333,.175,.16,.1538,.1538,.3077,.3846,.3846,.3846,.2222,.2034,.2759,.2905,.2405,.226
22,"casa_batllo",1.0,.9,.9,.9333,.95,.96,.16,.28,.48,.64,.64,.64,.2759,.4271,.6261,.7593,.7648,.768
23,"casa_rosada",1.0,1.0,.9,.9,.85,.84,.2,.32,.4,.56,.68,.68,.3333,.4848,.5538,.6904,.7556,.7516
24,"castillo_de_san_marcos",.8,.7,.7,.7333,.725,.76,.16,.24,.44,.6,.64,.72,.2667,.3574,.5404,.66,.6799,.7395
25,"chartres_cathedral",1.0,.8,.85,.8667,.9,.9,.2,.32,.44,.52,.64,.72,.3333,.4571,.5798,.65,.7481,.8
26,"chichen_itza",.8,.8,.8,.8,.85,.88,.16,.32,.4,.48,.64,.68,.2667,.4571,.5333,.6,.7302,.7672
27,"christ_the_redeemer_rio",.4,.4,.45,.5667,.6,.58,.087,.1739,.3043,.4783,.4783,.5652,.1429,.2424,.3631,.5187,.5323,.5725
28,"civic_center_san_francisco",.4,.5,.55,.5,.5,.54,.08,.16,.28,.36,.44,.56,.1333,.2424,.3711,.4186,.4681,.5498
29,"cologne_cathedral",.8,.9,.95,.9667,.95,.96,.16,.28,.48,.6,.68,.68,.2667,.4271,.6378,.7404,.7926,.7961
30,"colosseum",1.0,.9,.9,.9,.875,.86,.12,.24,.32,.48,.56,.64,.2143,.3789,.4721,.6261,.6829,.7339
31,"doge_s_palace",.8,.8,.75,.8,.8,.8,.12,.2,.32,.4,.48,.48,.2087,.32,.4486,.5333,.6,.6
32,"eiffel_tower",1.0,1.0,.95,.9,.8,.82,.16,.32,.52,.64,.68,.72,.2759,.4848,.6721,.7481,.7351,.7668
33,"golden_gate_bridge",.8,.7,.75,.7667,.825,.82,.1739,.3043,.4783,.5652,.6087,.6957,.2857,.4242,.5841,.6507,.7005,.7527
34,"grand_palais",1.0,1.0,.95,.9667,.975,.98,.2273,.3636,.6364,.6818,.6818,.7727,.3704,.5333,.7622,.7996,.8025,.8641
35,"guggenheim_museum_bilbao",.8,.8,.8,.8333,.85,.88,.08,.2,.36,.44,.56,.6,.1455,.32,.4966,.5759,.6752,.7135
36,"hagia_sophia_istanbul",1.0,.9,.9,.9333,.925,.94,.16,.28,.52,.64,.72,.76,.2759,.4271,.6592,.7593,.8097,.8405
37,"hoover_dam",1.0,1.0,.95,.9333,.925,.92,.2,.24,.4,.56,.64,.72,.3333,.3871,.563,.7,.7565,.8078
38,"humayun_tomb",.6,.8,.75,.8,.775,.78,.12,.28,.36,.44,.48,.52,.2,.4148,.4865,.5677,.5928,.624
39,"iguazu_falls",.8,.7,.7,.6667,.75,.76,.16,.28,.44,.52,.72,.72,.2667,.4,.5404,.5843,.7347,.7395
40,"iolani_palace",.8,.7,.75,.7,.65,.64,.16,.24,.44,.6,.64,.72,.2667,.3574,.5546,.6462,.645,.6776
41,"la_mezquita",.4,.4,.35,.3667,.3,.32,.0833,.1667,.2083,.3333,.3333,.4583,.1379,.2353,.2612,.3492,.3158,.3769
42,"la_rambla_barcelona",.8,.9,.85,.8333,.825,.84,.16,.28,.48,.56,.64,.64,.2667,.4271,.6135,.6699,.7208,.7265
43,"la_sainte_chapelle",1.0,.9,.9,.9,.925,.92,.2,.32,.56,.68,.8,.84,.3333,.4721,.6904,.7747,.858,.8782
44,"liberty_memorial",.6,.8,.85,.7667,.8,.78,.12,.28,.44,.48,.52,.6,.2,.4148,.5798,.5904,.6303,.6783
45,"lincoln_home",.6,.5,.5,.5,.45,.46,.1667,.2778,.3333,.3333,.5,.6667,.2609,.3571,.4,.4,.4737,.5444
46,"machu_picchu",1.0,.8,.9,.9,.825,.84,.2,.28,.4,.56,.56,.68,.3333,.4148,.5538,.6904,.6671,.7516
47,"marble_arch_london",.4,.4,.45,.4,.375,.3,.1667,.3333,.5833,.75,.75,.75,.2353,.3636,.5081,.5217,.5,.4286
48,"milan_cathedral",1.0,.9,.9,.9,.875,.88,.16,.28,.48,.56,.6,.64,.2759,.4271,.6261,.6904,.7119,.7411
49,"mole_antonelliana",.8,.6,.55,.6,.6,.6,.16,.16,.24,.36,.48,.48,.2667,.2526,.3342,.45,.5333,.5333
50,"mont_saint_michel",1.0,.9,.9,.8667,.9,.9,.2,.28,.56,.64,.68,.72,.3333,.4271,.6904,.7363,.7747,.8
51,"moulin_rouge",.2,.1,.05,.0333,.05,.06,.125,.125,.125,.125,.25,.375,.1538,.1111,.0714,.0526,.0833,.1034
52,"nelson_s_column",.8,.8,.85,.8333,.875,.86,.1667,.2917,.5417,.7083,.75,.7917,.2759,.4275,.6617,.7658,.8077,.8244
53,"notre_dame_de_paris",1.0,.9,.85,.8667,.825,.82,.16,.28,.44,.48,.56,.64,.2759,.4271,.5798,.6178,.6671,.7189
54,"obelisco",.4,.2,.15,.1333,.125,.16,.1818,.1818,.2727,.2727,.3636,.5455,.25,.1905,.1935,.1791,.186,.2474
55,"piccadilly_circus",1.0,.9,.8,.7333,.75,.7,.2174,.3478,.4783,.5652,.6522,.6957,.3571,.5017,.5986,.6384,.6977,.6978
56,"place_de_la_concorde",1.0,.9,.95,.9667,.975,.96,.2,.36,.48,.64,.68,.72,.3333,.5143,.6378,.7701,.8012,.8229
57,"place_de_la_republique",.2,.2,.25,.2667,.225,.22,.125,.25,.5,.625,.625,.625,.1538,.2222,.3333,.3738,.3309,.3254
58,"place_des_vosges",1.0,.9,.75,.7,.65,.62,.2,.28,.4,.48,.48,.52,.3333,.4271,.5217,.5695,.5522,.5656
59,"pont_du_gard",.6,.6,.65,.6333,.625,.66,.08,.16,.28,.32,.44,.44,.1412,.2526,.3914,.4252,.5164,.528
60,"pont_neuf",.4,.7,.8,.8,.725,.76,.08,.2,.44,.6,.68,.76,.1333,.3111,.5677,.6857,.7018,.76
61,"ponte_vecchio",.6,.6,.65,.6667,.675,.66,.125,.2083,.3333,.375,.4583,.5417,.2069,.3093,.4407,.48,.546,.595
62,"puerta_de_alcala",.4,.5,.55,.5333,.525,.54,.0526,.2105,.3158,.4737,.6316,.6316,.093,.2963,.4012,.5017,.5734,.5822
63,"puerta_del_sol",.2,.6,.55,.5667,.55,.52,.05,.2,.4,.5,.5,.6,.08,.3,.4632,.5312,.5238,.5571
64,"red_fort",1.0,.9,.95,.9667,.975,.98,.2,.28,.4,.6,.8,.8,.3333,.4271,.563,.7404,.8789,.8809
65,"reims_cathedral",1.0,1.0,1.0,.9667,.95,.92,.16,.32,.44,.48,.56,.68,.2759,.4848,.6111,.6415,.7046,.782
66,"rialto_bridge",.4,.5,.5,.4333,.45,.5,.125,.3125,.375,.4375,.5625,.6875,.1905,.3846,.4286,.4354,.5,.5789
67,"roman_forum_rome",.6,.7,.7,.8,.775,.78,.12,.24,.36,.48,.52,.6,.2,.3574,.4755,.6,.6224,.6783
68,"sacre_coeur",.6,.7,.75,.6667,.675,.64,.125,.25,.375,.4167,.5,.5417,.2069,.3684,.5,.5128,.5745,.5867
69,"sagrada_familia",1.0,.9,.9,.8667,.875,.9,.2,.32,.44,.56,.64,.64,.3333,.4721,.591,.6804,.7393,.7481
70,"santa_maria_novella",.4,.5,.75,.5667,.575,.64,.08,.16,.36,.4,.48,.56,.1333,.2424,.4865,.469,.5232,.5973
71,"schonbrunn_palace",.8,.9,.95,.9333,.9,.9,.16,.24,.48,.6,.68,.72,.2667,.3789,.6378,.7304,.7747,.8
72,"seville_cathedral",.8,.9,.95,.9667,.95,.94,.12,.24,.44,.6,.68,.76,.2087,.3789,.6014,.7404,.7926,.8405
73,"spanish_steps",.8,.9,.6,.6333,.675,.66,.1818,.3182,.3636,.4545,.5455,.5909,.2963,.4701,.4528,.5292,.6034,.6235
74,"st__basil_cathedral",1.0,.9,.95,.9,.9,.86,.2,.28,.48,.56,.72,.72,.3333,.4271,.6378,.6904,.8,.7838
75,"statue_of_liberty",1.0,1.0,.7,.7333,.775,.78,.16,.32,.4,.48,.64,.64,.2759,.4848,.5091,.5802,.7011,.7031
76,"stonehenge",.6,.8,.75,.7333,.725,.72,.1579,.2105,.3158,.4211,.5263,.5789,.25,.3333,.4444,.535,.6099,.6418
77,"summer_palace_beijing",.8,.8,.85,.8333,.8,.78,.12,.24,.32,.48,.56,.6,.2087,.3692,.465,.6091,.6588,.6783
78,"sydney_opera_house",.8,.7,.85,.8333,.8,.8,.16,.2,.28,.48,.56,.64,.2667,.3111,.4212,.6091,.6588,.7111
79,"teotihuacan",1.0,1.0,.95,.8667,.775,.76,.16,.32,.44,.52,.56,.64,.2759,.4848,.6014,.65,.6502,.6949
80,"terracotta_army",.8,.5,.4,.4,.4,.42,.2,.25,.3,.45,.45,.55,.32,.3333,.3429,.4235,.4235,.4763
81,"the_blue_mosque",1.0,1.0,.9,.9333,.9,.92,.2,.32,.6,.64,.64,.68,.3333,.4848,.72,.7593,.7481,.782
82,"the_henry_ford",.4,.6,.65,.6,.6,.6,.08,.2,.4,.52,.56,.56,.1333,.3,.4952,.5571,.5793,.5793
83,"taj_mahal",1.0,1.0,.85,.8667,.85,.86,.2,.4,.56,.64,.76,.8,.3333,.5714,.6752,.7363,.8025,.8289
84,"tour_montparnasse",.8,.6,.55,.5333,.475,.46,.15,.25,.4,.5,.55,.65,.2526,.3529,.4632,.5161,.5098,.5387
85,"tower_bridge_london",1.0,.7,.6,.5333,.45,.52,.12,.16,.2,.32,.4,.52,.2143,.2605,.3,.4,.4235,.52
86,"trafalgar_square",.6,.6,.55,.4667,.5,.52,.1364,.2273,.3182,.4091,.4545,.5455,.2222,.3297,.4031,.436,.4762,.5324
87,"leaning_tower_of_pisa",.4,.4,.55,.5333,.55,.6,.08,.16,.4,.52,.6,.6,.1333,.2286,.4632,.5266,.5739,.6
88,"hermitage_museum_saint_petersburg",1.0,1.0,.95,.9667,.9,.82,.16,.24,.36,.36,.44,.52,.2759,.3871,.5221,.5246,.591,.6364
89,"jantar_mantar_jaipur",1.0,1.0,.9,.8667,.875,.88,.2,.36,.52,.56,.72,.76,.3333,.5294,.6592,.6804,.79,.8156
90,"lake_titicaca_peru",.6,.6,.55,.5,.525,.52,.125,.25,.4167,.4583,.5417,.5417,.2069,.3529,.4741,.4783,.5332,.5306
91,"the_great_wall_of_china",.8,.9,.75,.7667,.825,.84,.16,.32,.48,.6,.68,.76,.2667,.4721,.5854,.6732,.7455,.798
92,"grande_arche_paris",.2,.5,.55,.5333,.625,.62,.04,.2,.36,.44,.52,.56,.0667,.2857,.4352,.4822,.5677,.5885
93,"el_angel_mexico",1.0,1.0,.8,.7333,.65,.68,.1905,.2381,.381,.5238,.6667,.7143,.32,.3846,.5161,.6111,.6582,.6967
94,"bibliotheque_nationale_de_france",.8,.9,.9,.9,.875,.84,.16,.32,.48,.56,.64,.68,.2667,.4721,.6261,.6904,.7393,.7516
95,"kronborg_castle",1.0,1.0,.95,.9333,.875,.88,.1667,.375,.4583,.5417,.625,.625,.2857,.5455,.6183,.6855,.7292,.7309
96,"ajanta_caves",1.0,1.0,.95,.9333,.925,.94,.2273,.4091,.5909,.6818,.7727,.8182,.3704,.5806,.7286,.788,.842,.8749
97,"atomium",1.0,.9,.85,.8667,.875,.86,.0952,.1905,.2857,.5238,.6667,.6667,.1739,.3144,.4277,.653,.7568,.7511
98,"ellora_caves",1.0,1.0,.95,.8667,.9,.92,.1818,.3182,.4545,.5909,.6818,.7727,.3077,.4828,.6149,.7027,.7759,.84
99,"potala_palace",1.0,1.0,.75,.8,.775,.78,.2222,.3889,.5,.5556,.5556,.6111,.3636,.56,.6,.6557,.6472,.6853
100,"jokhang",1.0,.7,.65,.7333,.775,.76,.16,.24,.36,.6,.68,.72,.2759,.3574,.4634,.66,.7244,.7395
101,"rila_monastery",.8,.8,.7,.7667,.825,.84,.12,.2,.28,.4,.44,.48,.2087,.32,.4,.5257,.5739,.6109
102,"louvre_pyramid",.6,.7,.75,.7667,.775,.8,.1111,.2222,.4444,.5556,.6111,.6667,.1875,.3373,.5581,.6443,.6834,.7273
103,"brooklyn_bridge",.6,.8,.8,.7667,.775,.8,.0952,.2381,.381,.4286,.5714,.6667,.1644,.367,.5161,.5498,.6578,.7273
104,"tower_of_london",.6,.6,.55,.4,.45,.46,.1304,.2609,.3043,.3478,.4348,.5652,.2143,.3636,.3919,.3721,.4423,.5072
105,"british_museum_london",1.0,1.0,.95,.9667,.95,.96,.15,.25,.35,.45,.45,.6,.2609,.4,.5115,.6141,.6107,.7385
106,"buckingham_palace",.4,.4,.55,.5,.45,.46,.1,.15,.25,.35,.45,.55,.16,.2182,.3438,.4118,.45,.501
107,"charles_bridge_prague",1.0,.7,.8,.7,.7,.7,.1667,.25,.2917,.3333,.4167,.4583,.2857,.3684,.4275,.4516,.5224,.554
108,"champs_elysees_paris",.6,.6,.65,.6,.5,.44,.2,.3333,.6,.6,.6,.6,.3,.4286,.624,.6,.5455,.5077
109,"chrysler_building",1.0,1.0,.9,.9,.9,.88,.2143,.3571,.5,.5,.5714,.7143,.3529,.5263,.6429,.6429,.699,.7885
110,"moma_new_york",.8,.8,.75,.8,.825,.78,.2105,.2632,.4211,.4211,.5263,.5789,.3333,.396,.5393,.5517,.6426,.6646
111,"grand_central_terminal",1.0,.9,.85,.8667,.85,.88,.1905,.2857,.381,.5238,.5238,.619,.32,.4337,.5261,.653,.6482,.7268
112,"houses_of_parliament",.8,.7,.85,.8333,.825,.8,.1304,.2609,.3913,.4348,.4348,.4348,.2243,.3801,.5359,.5714,.5695,.5634
113,"alexanderplatz_berlin",.8,.7,.75,.7,.7,.68,.16,.24,.32,.36,.4,.44,.2667,.3574,.4486,.4755,.5091,.5343
114,"centre_pompidou",.6,.7,.75,.7667,.825,.8,.1667,.3333,.6111,.7778,.7778,.7778,.2609,.4516,.6735,.7722,.8007,.7887
115,"sydney_harbour_bridge",1.0,1.0,.95,.9333,.95,.92,.3125,.375,.5625,.6875,.75,.75,.4762,.5455,.7066,.7918,.8382,.8263
116,"pier_39",.8,.7,.65,.7,.775,.74,.1905,.3333,.5238,.5238,.6667,.6667,.3077,.4516,.5801,.5992,.7168,.7014
117,"coit_tower",.8,.8,.65,.6667,.625,.64,.1333,.2667,.4,.5333,.6,.6,.2286,.4,.4952,.5926,.6122,.6194
118,"st_paul_s_cathedral_london",.6,.6,.6,.7,.65,.64,.1765,.2941,.4118,.5294,.6471,.6471,.2727,.3947,.4884,.6029,.6485,.6435
119,"cloud_gate",.6,.7,.85,.8,.825,.82,.25,.3333,.5833,.6667,.6667,.75,.3529,.4516,.6919,.7273,.7374,.7834
120,"musee_d_orsay",1.0,1.0,.95,.9333,.925,.94,.1905,.2381,.4286,.5238,.5714,.7143,.32,.3846,.5907,.671,.7064,.8117
121,"pike_place_market",.8,.9,.85,.8,.8,.8,.1905,.3333,.4762,.5238,.5238,.5238,.3077,.4865,.6104,.6331,.6331,.6331
122,"royal_palace_madrid",.6,.7,.65,.6667,.65,.68,.0909,.2727,.3182,.4545,.5909,.6364,.1579,.3925,.4272,.5405,.619,.6575
123,"sony_center_berlin",.8,.9,.7,.8,.8,.8,.1429,.2381,.3333,.4286,.5238,.5238,.2424,.3766,.4516,.5581,.6331,.6331
124,"red_square_moscow",.6,.7,.7,.7,.7,.68,.1429,.1905,.2857,.4286,.4762,.619,.2308,.2995,.4058,.5316,.5668,.6481
125,"prague_castle",.8,.9,.95,.9667,.975,.92,.12,.28,.52,.6,.6,.72,.2087,.4271,.6721,.7404,.7429,.8078
126,"musee_du_louvre",1.0,.9,.95,.9667,.95,.96,.16,.28,.48,.52,.56,.68,.2759,.4271,.6378,.6762,.7046,.7961
127,"millennium_bridge_london",1.0,1.0,.95,.9,.9,.9,.16,.24,.36,.48,.52,.6,.2759,.3871,.5221,.6261,.6592,.72
128,"casa_mila",1.0,.9,.95,.9,.925,.94,.2,.24,.44,.44,.64,.72,.3333,.3789,.6014,.591,.7565,.8154
129,"national_gallery_london",.4,.6,.6,.6,.6,.66,.0909,.2727,.4545,.5455,.6364,.6364,.1481,.375,.5172,.5714,.6176,.648
130,"national_mall",.6,.6,.7,.7667,.725,.7,.12,.24,.44,.68,.76,.84,.2,.3429,.5404,.7207,.7421,.7636
131,"london_city_hall",.6,.6,.6,.6333,.65,.62,.15,.2,.45,.7,.7,.75,.24,.3,.5143,.665,.6741,.6788
132,"holocaust_memorial",.4,.6,.35,.4,.375,.4,.125,.25,.25,.375,.375,.4375,.1905,.3529,.2917,.3871,.375,.4179
133,"columbus_circle",.6,.5,.65,.5333,.55,.58,.08,.16,.44,.48,.56,.72,.1412,.2424,.5248,.5053,.555,.6425
134,"siegessaeule",.4,.7,.75,.7333,.675,.64,.08,.24,.52,.6,.68,.76,.1333,.3574,.6142,.66,.6775,.6949
135,"jardin_du_luxembourg",1.0,1.0,1.0,1.0,1.0,1.0,.2,.36,.6,.64,.72,.8,.3333,.5294,.75,.7805,.8372,.8889
136,"merlion_singapore",.6,.6,.55,.5667,.55,.6,.1364,.2273,.3636,.5,.5909,.7273,.2222,.3297,.4378,.5312,.5697,.6575
137,"harrods_london",.6,.6,.65,.7333,.7,.72,.12,.24,.4,.48,.52,.6,.2,.3429,.4952,.5802,.5967,.6545
138,"metropolitan_museum_of_art_new_york",1.0,1.0,1.0,1.0,.975,.98,.16,.32,.48,.52,.52,.6,.2759,.4848,.6486,.6842,.6783,.7443
139,"new_york_stock_exchange",1.0,.8,.75,.7333,.625,.56,.25,.4,.5,.65,.7,.7,.4,.5333,.6,.6892,.6604,.6222
140,"stephansdom_vienna",1.0,.8,.9,.8667,.9,.9,.2,.28,.32,.48,.68,.68,.3333,.4148,.4721,.6178,.7747,.7747
141,"hms_belfast",1.0,1.0,.85,.8667,.875,.9,.2,.24,.44,.48,.52,.56,.3333,.3871,.5798,.6178,.6523,.6904
142,"leicester_square",1.0,.9,.85,.8,.825,.76,.2,.28,.48,.6,.6,.64,.3333,.4271,.6135,.6857,.6947,.6949
143,"ciudad_de_las_artes_y_las_ciencias",1.0,1.0,1.0,1.0,.975,.96,.12,.28,.56,.64,.68,.76,.2143,.4375,.7179,.7805,.8012,.8484
144,"topkapi_palace",1.0,1.0,1.0,1.0,.975,.94,.2,.36,.44,.56,.6,.64,.3333,.5294,.6111,.7179,.7429,.7615
145,"royal_albert_hall",.6,.7,.7,.7,.725,.72,.12,.24,.36,.4,.52,.56,.2,.3574,.4755,.5091,.6056,.63
146,"st_vitus_cathedral",.8,.9,.95,.9333,.9,.9,.16,.32,.4,.48,.56,.6,.2667,.4721,.563,.634,.6904,.72
147,"castello_sforzesco",1.0,1.0,1.0,.9667,.95,.96,.2,.32,.56,.64,.68,.68,.3333,.4848,.7179,.7701,.7926,.7961
148,"rijksmuseum_amsterdam",1.0,1.0,1.0,1.0,1.0,1.0,.2,.28,.48,.56,.64,.68,.3333,.4375,.6486,.7179,.7805,.8095
149,"dam_square",.6,.6,.65,.6333,.6,.6,.12,.24,.36,.4,.52,.64,.2,.3429,.4634,.4903,.5571,.6194
150,"rathaus_vienna",.6,.5,.7,.6,.575,.58,.12,.2,.4,.48,.52,.56,.2,.2857,.5091,.5333,.5461,.5698
151,"bath_abbey",1.0,.8,.8,.8333,.825,.84,.16,.2,.28,.52,.6,.64,.2759,.32,.4148,.6404,.6947,.7265
152,"salisbury_cathedral",.8,.9,.95,.9667,.975,.96,.16,.32,.44,.52,.52,.56,.2667,.4721,.6014,.6762,.6783,.7074
153,"templo_de_debod",.2,.4,.5,.5,.5,.48,.0455,.1364,.3182,.4545,.4545,.5455,.0741,.2034,.3889,.4762,.4762,.5106
154,"Niagara_Falls",.2,.5,.6,.5667,.6,.62,.0455,.2273,.2727,.3636,.5,.5909,.0741,.3125,.375,.443,.5455,.6051
155,"Golden_Gate_Bridge_in_San_Francisco",1.0,.9,.9,.9333,.95,.96,.1818,.3182,.5455,.5909,.7273,.7273,.3077,.4701,.6792,.7237,.8238,.8276
156,"Neuschwanstein_Castle",1.0,.9,.95,.9333,.925,.88,.16,.28,.4,.52,.56,.56,.2759,.4271,.563,.6679,.6976,.6844
157,"Christ_Church_Cathedral_Missouri",.8,.9,.85,.8333,.875,.9,.16,.36,.52,.56,.64,.68,.2667,.5143,.6453,.6699,.7393,.7747
158,"Mount_Rushmore_in_South_Dakota",.8,.8,.8,.8667,.875,.88,.16,.28,.44,.56,.6,.64,.2667,.4148,.5677,.6804,.7119,.7411
159,"Puerta_de_Toledo",.2,.1,.1,.0667,.075,.06,.5,.5,1.0,1.0,1.0,1.0,.2857,.1667,.1818,.125,.1395,.1132
160,"Urquhart_Castle",1.0,1.0,.95,.9667,.975,.98,.1667,.2917,.375,.5,.6667,.7917,.2857,.4516,.5377,.6591,.7919,.8758
161,"Gare_du_Nord_Paris",1.0,.9,.9,.9,.85,.82,.2,.32,.52,.64,.64,.64,.3333,.4721,.6592,.7481,.7302,.7189
162,"Newgrange_in_Ireland",.2,.4,.55,.5,.6,.64,.0417,.125,.375,.4167,.5833,.5833,.069,.1905,.4459,.4545,.5915,.6104
163,"Windmills_at_Kinderdijk",.8,.8,.8,.8,.825,.84,.16,.32,.44,.56,.64,.68,.2667,.4571,.5677,.6588,.7208,.7516
164,"Conciergerie",1.0,1.0,.95,.9667,.975,.96,.16,.32,.48,.64,.64,.64,.2759,.4848,.6378,.7701,.7728,.768
165,"Palazzo_Madama",.8,.6,.6,.5667,.525,.52,.1818,.2727,.4545,.5909,.6818,.7273,.2963,.375,.5172,.5785,.5932,.6064
166,"Split_Rock_Lighthouse",.8,.8,.8,.7667,.775,.8,.08,.2,.28,.32,.4,.56,.1455,.32,.4148,.4515,.5277,.6588
167,"The_Little_Mermaid_Denmark",.6,.6,.65,.6667,.675,.68,.2143,.3571,.5714,.7143,.8571,.9286,.3158,.4478,.6082,.6897,.7552,.7851
168,"Great_Pyramid_of_Giza",.8,.7,.7,.7333,.725,.66,.2667,.4,.5333,.6,.7333,.7333,.4,.5091,.6054,.66,.7291,.6947
169,"Pitti_Palace",.6,.5,.6,.7333,.775,.78,.0909,.1818,.3636,.3636,.5,.5455,.1579,.2667,.4528,.4862,.6078,.642
170,"Georgia_State_Capitol",.2,.4,.55,.5667,.525,.48,.0526,.2105,.3158,.3158,.3158,.3158,.0833,.2759,.4012,.4056,.3944,.381
171,"Dome_des_Invalides",1.0,1.0,1.0,.9667,.975,.96,.12,.2,.32,.48,.56,.6,.2143,.3333,.4848,.6415,.7114,.7385
172,"Reggia_di_Caserta",.8,.9,.85,.8333,.85,.84,.16,.32,.4,.44,.56,.64,.2667,.4721,.544,.5759,.6752,.7265
173,"The_Burj_al_Arab_Hotel",.6,.8,.85,.8,.85,.86,.12,.32,.4,.52,.56,.6,.2,.4571,.544,.6303,.6752,.7068
174,"Elephanta_Caves",.8,.8,.85,.8,.725,.72,.1667,.25,.4167,.4583,.5,.5417,.2759,.381,.5592,.5828,.5918,.6182
175,"Basilica_of_Santa_Croce",.8,.9,.9,.9333,.95,.94,.12,.28,.36,.48,.64,.72,.2087,.4271,.5143,.634,.7648,.8154
176,"Aachen_Cathedral",.8,.8,.75,.8333,.825,.84,.08,.16,.32,.4,.48,.56,.1455,.2667,.4486,.5405,.6069,.672
177,"Monument_to_the_Great_Fire_of_London",.8,.6,.75,.7333,.75,.74,.12,.2,.4,.56,.72,.8,.2087,.3,.5217,.6351,.7347,.7688
178,"Longmen_Grottoes",.6,.5,.55,.6333,.675,.64,.08,.16,.32,.48,.64,.72,.1412,.2424,.4046,.5461,.657,.6776
179,"Louisiana_State_Capitol",.4,.6,.45,.4667,.45,.44,.08,.24,.32,.4,.52,.6,.1333,.3429,.374,.4308,.4825,.5077
180,"The_Great_Sphinx_at_Giza",.8,.8,.85,.8333,.8,.82,.16,.32,.52,.56,.64,.64,.2667,.4571,.6453,.6699,.7111,.7189
181,"Teatro_Real_Madrid",.8,.8,.8,.8,.775,.78,.1739,.2609,.5217,.5652,.6522,.8261,.2857,.3934,.6316,.6624,.7083,.8024
182,"Palacio_de_la_Magdalena",.8,.7,.65,.5667,.55,.5,.16,.28,.36,.48,.6,.6,.2667,.4,.4634,.5197,.5739,.5455
183,"Sowjetisches_Ehrenmal",.8,.4,.45,.4,.375,.42,.16,.16,.32,.4,.44,.52,.2667,.2286,.374,.4,.4049,.4647
184,"Cathedral_of_Trier",.6,.7,.75,.7667,.75,.78,.12,.28,.56,.72,.8,.8,.2,.4,.6412,.7426,.7742,.7899
185,"Saint_Mary_of_the_Flower",.8,.4,.4,.2667,.275,.3,.16,.16,.16,.16,.2,.32,.2667,.2286,.2286,.2,.2316,.3097
186,"Skellig_Michael",1.0,.9,.8,.8,.775,.78,.2,.32,.4,.44,.52,.6,.3333,.4721,.5333,.5677,.6224,.6783
187,"Chicago_Board_of_Trade_Building",.8,.8,.7,.7333,.725,.72,.1818,.3636,.4091,.5455,.5909,.5909,.2963,.5,.5164,.6256,.6511,.6491
188,"Pont_de_Normandie_France",.6,.6,.65,.6,.65,.62,.1579,.2632,.5263,.6842,.6842,.7368,.25,.3659,.5817,.6393,.6667,.6734
189,"Palazzo_Rosso",.0,.0,.0,.0333,.025,.04,.0,.0,.0,.0417,.0417,.0833,.0,.0,.0,.037,.0312,.0541
190,"Piazza_Vittorio_Veneto",.4,.5,.5,.4333,.4,.4,.125,.1875,.4375,.5,.5625,.75,.1905,.2727,.4667,.4643,.4675,.5217
191,"Sforza_Castle",1.0,1.0,.9,.8667,.9,.9,.16,.24,.4,.56,.6,.6,.2759,.3871,.5538,.6804,.72,.72
192,"Torres_KIO",.8,.8,.8,.8667,.9,.9,.12,.2,.4,.52,.68,.76,.2087,.32,.5333,.65,.7747,.8241
193,"Torre_Picasso",.8,.7,.75,.8,.8,.82,.1667,.2083,.3333,.5,.5417,.5833,.2759,.3211,.4615,.6154,.646,.6817
194,"The_Palace_of_Parliament_in_Bucharest",1.0,.9,.85,.8667,.9,.9,.16,.32,.36,.44,.52,.52,.2759,.4721,.5058,.5837,.6592,.6592
195,"Ernest_Hemingway_House",1.0,.9,.75,.7,.7,.7,.16,.24,.4,.52,.6,.6,.2759,.3789,.5217,.5967,.6462,.6462
196,"Castel_dellOvo_Napoli",.4,.7,.7,.7,.75,.8,.08,.28,.44,.6,.68,.76,.1333,.4,.5404,.6462,.7133,.7795
197,"Villa_Borghese_gardens",1.0,.9,.9,.9,.925,.94,.2,.32,.36,.52,.64,.76,.3333,.4721,.5143,.6592,.7565,.8405
198,"Saint_Marks_Basilica",.6,.8,.85,.8333,.8,.78,.12,.32,.4,.56,.68,.72,.2,.4571,.544,.6699,.7351,.7488
199,"Mausoleum_of_the_First_Qin_Emperor",1.0,.9,.85,.8333,.825,.86,.2,.32,.44,.52,.56,.64,.3333,.4721,.5798,.6404,.6671,.7339
200,"Mausoleum_of_Hadrian",.6,.6,.6,.5667,.55,.6,.1667,.3333,.5556,.6111,.6111,.6111,.2609,.4286,.5769,.5881,.5789,.6055
201,"Piazza_de_Ferrari",1.0,1.0,.9,.9,.875,.88,.2105,.3684,.4737,.4737,.5789,.5789,.3478,.5385,.6207,.6207,.6968,.6984
202,"George_Washington_Carver",.4,.3,.25,.2667,.25,.26,.125,.1875,.1875,.375,.375,.375,.1905,.2308,.2143,.3117,.3,.3071
203,"Cathedral_of_Santiago_de_Compostela",.8,.7,.7,.6,.625,.62,.1765,.3529,.5294,.6471,.7647,.8235,.2892,.4693,.6029,.6226,.6878,.7074
204,"Saint-Jacques_Tower",1.0,.9,.55,.6,.625,.62,.3077,.3846,.4615,.6923,.7692,.8462,.4706,.5389,.5019,.6429,.6897,.7156
205,"Calakmul_Campeche_Mexico",1.0,.7,.55,.5667,.625,.62,.3571,.5,.5714,.7857,.7857,.8571,.5263,.5833,.5605,.6585,.6962,.7195
206,"Bran_Castle_in_Transylvania",1.0,.9,.85,.8667,.825,.86,.2105,.3158,.4737,.6842,.6842,.7368,.3478,.4675,.6083,.7647,.748,.7937
207,"Mosteiro_da_Batalha",1.0,1.0,1.0,1.0,1.0,1.0,.2105,.3158,.5263,.6316,.6316,.7368,.3478,.48,.6897,.7742,.7742,.8485
208,"Wartburg_Castle",1.0,1.0,1.0,.9,.9,.92,.2,.3,.55,.6,.65,.65,.3333,.4615,.7097,.72,.7548,.7618
209,"Fujian_Tulou_Fujian_China",1.0,.9,.9,.9,.925,.9,.2222,.2778,.4444,.5556,.6667,.7222,.3636,.4245,.595,.687,.7749,.8014
210,"Alabama_State_Capitol",.6,.6,.6,.6667,.625,.58,.0952,.2381,.381,.5238,.619,.619,.1644,.3409,.466,.5867,.622,.5989
211,"Palazzo_dAccursio",.2,.5,.5,.4667,.475,.48,.0556,.2222,.3333,.4444,.5556,.5556,.087,.3077,.4,.4553,.5121,.515
212,"Casa_Grande_Ruins",1.0,.9,.75,.7667,.675,.68,.1765,.3529,.4118,.4706,.5294,.5882,.3,.507,.5316,.5832,.5934,.6308
213,"Stravinsky_Fountain",.8,.9,.9,.8667,.875,.86,.1333,.2667,.4,.4667,.4667,.5333,.2286,.4114,.5538,.6067,.6087,.6584
214,"Angel_Falls_Venezuela",.4,.7,.55,.6333,.65,.64,.1176,.4118,.5294,.5882,.6471,.6471,.1818,.5185,.5395,.61,.6485,.6435
215,"Statue_of_George_IV",.8,.7,.8,.7,.7,.6,.25,.5,.75,.875,1.0,1.0,.381,.5833,.7742,.7778,.8235,.75
216,"Palacio_Barolo",1.0,.9,.95,.9,.9,.9,.2353,.2941,.5294,.7059,.7059,.7059,.381,.4433,.6799,.7912,.7912,.7912
217,"Bridge_of_Remembrance_Christchurch_New_Zealand",.4,.2,.25,.4,.35,.36,.1667,.1667,.3333,.4167,.5,.5833,.2353,.1818,.2857,.4082,.4118,.4452
218,"John_A._Roebling_Suspension_Bridge",.4,.2,.3,.3667,.4,.4,.1333,.1333,.3333,.5333,.6667,.7333,.2,.16,.3158,.4346,.5,.5176
219,"Blue_Dome_Santorini",1.0,.9,.85,.9,.875,.88,.3125,.375,.75,.8125,.875,.9375,.4762,.5294,.7969,.854,.875,.9078
220,"Fossar_de_les_Moreres",.4,.7,.7,.6333,.65,.68,.1429,.3571,.5714,.5714,.7143,.7143,.2105,.473,.6292,.6008,.6806,.6967
221,"Luxor_Obelisk_France",1.0,.8,.75,.7333,.725,.74,.125,.1875,.375,.375,.375,.4375,.2222,.3038,.5,.4962,.4943,.5499
222,"Valle_de_los_Caidos",1.0,1.0,.95,.8667,.9,.92,.2,.35,.55,.6,.7,.8,.3333,.5185,.6967,.7091,.7875,.8558
--------------------
"--","Avg.",P@5,P@10,P@20,P@30,P@40,P@50,CR@5,CR@10,CR@20,CR@30,CR@40,CR@50,F1@5,F1@10,F1@20,F1@30,F1@40,F1@50
,.,7595,.7514,.7417,.7357,.7322,.7325,.1562,.2698,.4212,.52,.5925,.6488,.2546,.3902,.5262,.597,.6422,.6746
